video_id,channel_id,published_at,view_5d,like_5d,comment_5d,h_before,h_after,max_gap,is_shorts
-eS5SvbCsJA,UCV6mNrW8CrmWtcxWfQXy11g,2026-08-31 13:00:23,1373629,41713,1353,119.76,120.01,0.01,1
-eSAKUFxTOU,UCZ6mNZTiTUrUSbSYPlclI4A,2026-08-26 02:23:56,5768,147,11,119.86,120.11,0.11,1
-f3SVo4OYQc,UCXVVG5ZM3SJJCh94xatR8Dg,2026-07-20 03:00:17,26239,13,3,120.0,120.0,0.0,1
-f5ZJr9IWYA,UCzDyC6JMEXEufozffWzI9Mg,2026-08-13 04:00:06,73890,1101,72,120.0,120.0,0.0,1
-f6YBRMXfFU,UC3ozN5tHi449NhCDE6Xtmwg,2026-08-03 06:41:40,23414,262,44,119.81,120.06,0.06,0
-f925bc0Rmw,UCTNyl3P7q6PNhPddh6d7WJQ,2026-07-15 22:00:16,1813,5,0,120.0,120.0,0.0,1
-fMEWuv8Yv4,UCZNTsLA6t6bRoj-5QRmqt_w,2026-07-24 14:00:15,48486,1573,306,120.0,120.0,0.0,0
-fPbWikgHaM,UCNNR1-x2NhZARsNGnQlh2sQ,2026-08-21 08:15:03,105939,204,43,119.76,120.01,0.01,1
-fXSbFUiI1w,UCrD6viwK0DHbQuZSOZBbofg,2026-08-22 15:57:52,7385,70,23,119.8,120.05,0.05,0
-f_Vl8qwhYM,UCI3DTtB-a3fJPjKtQ5kYHfA,2026-08-28 01:28:01,4693,6,0,119.79,120.04,0.04,0
-fi62cyY2Pc,UCKYqtXYbSqaEwBmX43Q13Tw,2026-08-29 22:24:47,27502,21,4,119.85,120.1,0.1,0
-g14QM0abY8,UCjBPx2oip2bKnnfqKyas0ew,2026-08-06 09:00:10,3824,169,15,120.0,120.0,0.0,1
-gEj2k9FNMk,UCuWDza8A_ntbjwBZgW0ZSNw,2026-08-25 08:30:21,143108,2709,33,119.76,120.01,0.01,1
-gGLcGYbR6E,UCZFGZ_LhwgiTxaJzJ0QGdFw,2026-08-02 06:43:44,11814,30,0,119.77,120.02,0.02,0
-gNEutYTrLk,UCoH2pCzAr6zWDG-LtUiLWRw,2026-08-30 22:30:35,166587,1260,237,120.0,120.0,0.0,0
-gNd-j27Q_M,UCNRnCc0hg3ZcKdOGXKKv5Ww,2026-07-28 09:15:13,35345,225,9,120.0,120.0,0.0,1
-gQWQIUsoGc,UC9JlObZnbOirT4_iyPGrdcw,2026-07-19 13:00:01,33038,253,83,120.0,120.0,0.0,0
-gulE3sFq3I,UC-aXNBQ6nwMNeW2V8XB7sBg,2026-08-06 09:00:05,79882,772,41,120.0,120.0,0.0,1
-gvfCzku84U,UCSgvQDek_7CQj08fu7kp1Iw,2026-07-17 08:12:50,142454,2855,572,119.79,120.04,0.04,0
-h332_F1iUM,UCV7WE8I_UiAN0fa6Arezx_w,2026-08-11 10:00:18,34,0,0,120.0,120.0,0.0,0
-h602FwE0DI,UCYGF_xk5RDpltyZDSx040uw,2026-08-01 09:43:12,125648,1178,44,119.78,120.03,0.03,1
-hE2f53oG1A,UC24GgPBq5W3v34z0p0uk1Ow,2026-08-15 10:37:34,635,2,0,119.88,120.13,0.12,0
-hGBodHI8HY,UChHxLcNi7e0zu-e33HM6v6A,2026-08-11 03:00:21,18805,185,46,120.0,120.0,0.0,0
-hHdbNswKhc,UC0uQYROl6H_8-Lb2bFz6yyg,2026-07-23 10:00:03,39902,268,24,120.0,120.0,0.0,0
-hY5_7tGBKk,UCKHx_yf3dI2ajWAjXRJ_9Rw,2026-08-18 20:58:08,8347,152,24,119.79,120.04,0.04,0
-hY9ID4d7aI,UCms8Ge7H1ZGgw6nV94fUhUQ,2026-07-31 03:00:02,21388,261,66,120.0,120.0,0.0,1
-hb6NwHZyCk,UC_9W6Z5Y3lDpLk47Y_y5ITQ,2026-07-24 20:03:22,37526,503,60,119.95,120.2,0.05,0
-hqxPm3oTZ8,UC_9W6Z5Y3lDpLk47Y_y5ITQ,2026-07-30 23:15:31,9482,96,13,119.99,120.24,0.01,0
-hsNx2k_RO4,UCrKSaegnzewdj9-YLsUhoZw,2026-08-08 00:24:45,10605,71,17,119.84,120.09,0.09,0
-hsd5Xritcc,UCAl4HWznMn7KhKBRFO5eiFA,2026-08-22 09:00:16,7074,34,5,119.76,120.01,0.01,1
-hxyxVKCGcY,UCuWDza8A_ntbjwBZgW0ZSNw,2026-08-15 03:00:27,82788,714,24,120.0,120.0,0.0,1
-i-Abg53nu0,UCUt2AEhC-OOC2EPCzj4DkCw,2026-08-03 23:00:10,33210,596,12,120.0,120.0,0.0,1
-i-xLoHva-Y,UCPv0av3PfTUeTnHGgcXkk8w,2026-08-06 00:00:09,11,0,0,120.0,120.0,0.0,0
-i2UPybJifc,UCAl4HWznMn7KhKBRFO5eiFA,2026-08-21 07:56:47,10968,92,4,119.82,120.07,0.07,0
-i4eMP4qpzE,UC_9W6Z5Y3lDpLk47Y_y5ITQ,2026-08-09 22:51:40,20293,215,16,119.89,120.14,0.11,0
-iHDap3R8go,UCq0fwcojiA7ztN0FgTEgfXA,2026-08-30 01:18:54,127,2,0,119.95,120.2,0.05,0
-iYyMycjWls,UCUR5w0E-jQTOO8Q0FZ4ilYQ,2026-08-30 09:00:28,512124,1048,474,119.76,120.01,0.01,0
-ibbjHFgxd8,UC8CZL4cvFiKwKKDNCuM2lTA,2026-07-12 20:06:11,9047,61,2,119.9,120.15,0.1,0
-igbQSokHxs,UCIKORyfTZ0cN-u0hrxHcgUw,2026-08-20 12:46:28,16,2,0,119.98,120.23,0.02,0
-ihOukoo9Do,UCNZiNM2pP6uhIlTQVS2Q5fA,2026-07-28 09:00:36,203473,2639,224,119.99,120.24,0.01,1
-ilTqzZQYfk,UCWVS5IJOkNnkKS5rjiAt9rw,2026-08-23 18:37:44,18008,105,1,119.88,120.13,0.12,0
-io2-fEcgWA,UCZCZHg_oJiHcrcj2vaPRCag,2026-07-30 16:10:26,57,2,0,119.83,120.08,0.08,0
-ipbDlT0ml0,UCi1Tln5CFg1yExpz8djyxjA,2026-08-27 18:19:22,1752663,63142,263,119.94,120.19,0.06,1
-ipnDdzXMQ8,UCQJuZxeDv2P05YHcC-tIEVQ,2026-08-09 08:00:29,122503,3065,72,120.0,120.0,0.0,1
-ir-tRySAik,UCg7rkxrTnIhiHEpXY1ec9NA,2026-07-19 07:00:19,185977,11395,944,120.0,120.0,0.0,0
-ir_3ErGvOg,UC-yb5eNBQyXBE9nZnht9u-g,2026-08-07 09:00:15,8925,232,6,120.0,120.0,0.0,1
-j0VhZ00HSI,UCifCesg-EUkjKyQedaB3hRg,2026-07-25 22:43:57,5385,61,1,119.77,120.02,0.02,0
-jXYJ2dFxsg,UCxin7Nr69HWFKjeaoWlL8xQ,2026-07-27 09:00:30,433,1,0,119.99,120.24,0.01,1
-jtn_Uzl7Ds,UCarBV0zWlC2k-HteyeKqfag,2026-07-31 15:39:53,259,27,1,119.84,120.09,0.09,0
-k-kfnq1SPc,UC5H8Wt-1q_tnn-m4tDTqbUw,2026-08-03 06:55:02,1212,15,1,119.84,120.09,0.09,0
-k8YpQ8S7jY,UCWZqSCSNZT3X8e_HyCJoXMg,2026-08-02 11:35:45,36927,901,8,119.91,120.16,0.09,1
-kBmdeGwD70,UCCd3jyJmOFzkJEMj5Bp89rw,2026-07-13 14:11:07,14858,716,24,119.82,120.07,0.07,0
-kSpuOwZoss,UCJYdIDfGkqXTsQq5aW4md0Q,2026-07-13 22:31:49,112,4,0,119.97,120.22,0.03,0
-kXpL3OgTqs,UC9nWoDbRAl3-fvreBNeStKQ,2026-08-03 14:01:14,4762,86,10,119.98,120.23,0.02,0
-kf3lrTbMb8,UCZCZHg_oJiHcrcj2vaPRCag,2026-07-22 15:53:55,119,3,0,119.86,120.11,0.11,0
-kldqG0fsck,UCAgZP6qUjcVjZsGWtW-l6lw,2026-08-20 11:06:56,929,15,7,119.89,120.14,0.11,0
-krGXgkTfqY,UCkoszQp0YiJa9lGm_wK0xGQ,2026-07-28 01:31:36,187,4,2,119.98,120.23,0.02,0
-kzeX3GcX4I,UCgLFbrC7-g0ihBKB0obVPTg,2026-08-26 13:30:11,140,3,0,119.76,120.01,0.01,0
-l2YS8raGNs,UCpI-AhCT02iQRGLC2ZcY0Jw,2026-07-12 01:00:34,35078,362,255,119.99,120.24,0.01,0
-lDVwyXWy1k,UCPsZX-D7LW99PjZLA-UysPQ,2026-08-26 15:00:19,4824,18,11,119.76,120.01,0.01,0
-lMj32wT-LM,UCMF3M48BakI-ptofqoUqdAA,2026-08-11 20:57:28,1826,46,24,119.79,120.05,0.05,1
-lQnVeMxcro,UCX11f6rIVaoWGvFnKKyPBNQ,2026-08-25 23:27:28,2547,151,0,119.8,120.05,0.05,0
-lh5kS2B7xw,UCmwZePdbUmncnpQptdPH2Jg,2026-08-09 08:44:57,25,1,0,120.0,120.0,0.0,0
-lj_9uFNBX0,UCElXDMEQqlUnuyDbChjARWQ,2026-08-06 10:52:20,2556,1,0,119.88,120.13,0.12,1
-lum5jcW8Fo,UCMgTCM5mGx3y4Hg0aMOXrbw,2026-08-22 11:30:10,7006,66,3,119.76,120.01,0.01,0
-lvHwsXMBGE,UCCoU5ViXgoK-_2neelNhQaA,2026-08-18 07:00:15,81865,782,124,119.76,120.01,0.01,0
-lxC3VaJVt8,UCAVR6Q0YgYa8xwz8rdg9Mrg,2026-08-23 10:00:00,97695,5093,323,119.76,120.01,0.01,0
-lzfBdAuXwc,UCJDXc9JWCZo-nLNKr_-L2Ng,2026-07-30 13:00:28,4324,165,11,119.99,120.24,0.01,0
-mKMft2dSgc,UCpX86JOUhnrzG7MK8e8Gjbw,2026-08-26 06:47:19,41873,208,192,119.97,120.22,0.03,0
-mPEqlX79Cw,UCc5LaJlWqlQ6d2whZa5bjYQ,2026-08-22 06:07:29,36602,1057,13,119.89,120.14,0.11,1
-mPjRt8XTY0,UCZ6mNZTiTUrUSbSYPlclI4A,2026-07-28 05:02:31,12947,688,10,119.96,120.21,0.04,1
-mX6mwxi7HM,UC8E29ANOC3_OuB7_5EPY2xw,2026-07-28 03:02:33,1457,3,0,119.96,120.21,0.04,1
-mZtU2RFGNg,UCXAXCxTCCYYKsLJNzEvjqfw,2026-07-14 23:22:20,87306,1072,620,119.88,120.13,0.12,0
-m_GpP-wJoI,UC3gl4CHfNtAqNjju1goB0_w,2026-08-23 01:59:49,33433,473,14,119.76,120.01,0.01,1
-mbZfQa7_f0,UCBtJuwDt6LlXp2YASC-ZMdA,2026-08-11 10:00:08,1725,25,2,120.0,120.0,0.0,1
-mupWoOHvGw,UCpcTrCXblq78GZrTUTLWeBw,2026-07-10 17:45:00,55277,997,216,120.0,120.0,0.0,0
-mvKxMgmiQ8,UCksGX0hODm1Ev6mysrToMqg,2026-08-13 08:00:35,16115,324,39,119.99,120.24,0.01,0
-n8feCnGAKg,UCSzHok6X5qXEO7cjvVnE62g,2026-08-20 08:00:33,125618,603,134,120.0,120.0,0.0,0
-nQjZbGdNuE,UCrwOSKEMgNGb1SIWqiYaulA,2026-08-15 07:06:29,3830,70,3,119.9,120.15,0.1,1
-nSSH6az9bw,UCPGl9DV2WUgaqGVXtVrhJWQ,2026-07-26 15:00:11,7,0,0,120.0,120.0,0.0,0
-nZTbfcxhng,UC8aCmG_y4DqqVI9Xlcym1Jg,2026-08-15 23:00:17,677,45,1,120.0,120.0,0.0,0
--3pzC5hF-E,UCc1VJX_5Z2RdGi58XU4IfbA,2026-08-06 14:23:03,56725,333,1,119.87,120.12,0.12,0
--8UFcdEBfI,UCcJliZnsRbNw4I4uWSGq_wA,2026-08-13 16:50:40,377,2,0,119.91,120.16,0.09,0
--VUDdAMhk4,UCBY9rOZPo0fLE45mOV0s0cw,2026-08-20 23:32:35,301,5,0,119.97,120.22,0.03,0
--aLJLGrFts,UCpcTrCXblq78GZrTUTLWeBw,2026-07-20 21:15:39,981521,13415,1605,119.99,120.24,0.01,0
--dKy9iItWQ,UCAl4HWznMn7KhKBRFO5eiFA,2026-08-15 11:25:50,6619,34,2,119.82,120.07,0.07,1
--kJqeA5D_U,UCLHwMFguUxHVSk91vzicEJw,2026-07-15 05:28:54,65194,609,40,119.77,120.02,0.02,0
--qkqnHC0UE,UC4cKHOBS-nRfKFTwf1n8HGA,2026-07-31 14:50:59,32,,0,119.9,120.15,0.1,0
--sgEQXAC4c,UC1dG3vI9FfHnH3YgyeKUz_A,2026-08-11 14:51:22,227584,1435,180,119.9,120.15,0.1,0
--ymU8JiDSA,UCyEIUlSKbzCt3ElAsPFb7EQ,2026-07-24 22:39:08,10199,31,27,119.85,120.1,0.1,0
-04SxmV7_Jo,UCoSniqkitCpxlHrQd5L8A1w,2026-07-13 12:18:57,1329,12,4,119.94,120.19,0.06,0
-04xqnY2bbA,UCCvEN8bTeF8Z2jcN513T1Gg,2026-07-26 02:19:36,1838,14,0,119.92,120.17,0.08,0
-0UiOflP3oE,UCd9oeoY-jLSkhd-J5y_1aYg,2026-08-23 02:18:29,915,6,0,119.95,120.2,0.05,0
-0VWsuHlDjQ,UCcHVk5SFxfYhCbbX8pWWuVg,2026-08-01 11:00:10,7742,94,21,120.0,120.0,0.0,0
-0gqp7AFBBg,UC2U8C7lmbQpfBeAW8fTP_jg,2026-08-04 05:14:28,19953,430,13,119.76,120.01,0.01,0
-0uCnYp6HIk,UCKY2DOkLOyPLlvGHI3XQw0Q,2026-07-29 23:41:02,1816,4,1,119.82,120.07,0.07,1
-1396-LoqpA,UCJJZkVUNIxq8XNDzHiAD-eQ,2026-08-25 08:02:35,67034,463,118,119.97,120.22,0.03,0
-18GwAbtiw4,UCEg24oF81p-THPtp3otdmTA,2026-08-16 09:30:14,80674,2443,67,120.0,120.0,0.0,1
-1E3AzDa7so,UCZ_xE8U6MVnpwefrYvl2uvA,2026-07-27 09:00:10,52,0,1,120.0,120.0,0.0,0
-1HZbzZgH5k,UC14G5tdSndPhP47RTVgMXcg,2026-08-15 08:14:29,727,25,1,119.76,120.01,0.01,0
-1RXMSjNjwQ,UCwBkHOTyu57NQi0syf5MLig,2026-07-30 18:27:01,4746,41,11,119.8,120.05,0.05,0
-1X3Tr2M2xM,UCDHGqgpiHQAsE0UiltRqhfQ,2026-07-21 09:30:13,30331,95,48,120.0,120.0,0.0,0
-1jAGbFd25g,UCBo7GIv99qTzHaa6ip09YLA,2026-08-03 12:45:00,160,3,0,120.0,120.0,0.0,0
-1yl1_Ltavs,UCTNyl3P7q6PNhPddh6d7WJQ,2026-08-25 22:00:26,1827,10,5,120.0,120.0,0.0,1
-25GooW-ed8,UC3pTpoDKt17IrCDH60kSNPA,2026-07-30 02:00:19,5389,138,33,120.0,120.0,0.0,0
-28J6LJo3f4,UCABvetlXpdOwFz10fCpJkwQ,2026-08-30 09:00:34,103798,610,344,119.75,120.01,0.01,0
-2AppUoF79Q,UCS-X1uBDTNwAYyydiXjcX9A,2026-08-04 03:00:14,2798,24,0,120.0,120.0,0.0,1
-2JitnQkEeA,UCSl8TBqqflby-ymdEQVfRNQ,2026-08-06 01:53:33,25905,223,5,119.86,120.11,0.11,0
-2LoO2BQZOQ,UC1aBdmKvC6yAiq4xgPLOzKA,2026-07-12 08:56:50,19799,299,123,119.8,120.05,0.05,0
-2MnfEGyobE,UCpwGBltfwjd_fIzp5cb5R0w,2026-08-12 00:30:05,578240,8858,150,120.0,120.0,0.0,1
-2WFgFkTv6I,UCNu00qhYj4nPeMNdxuwV6sg,2026-08-11 12:50:29,1030,27,0,119.91,120.16,0.09,0
-2alzBNFVnM,UCta3D5-EYqO-pduQLxQ8mNQ,2026-08-09 01:56:42,2808,16,2,119.81,120.06,0.06,0
-2jumRvfnP0,UC-2JsFNClcIesgd7UmtGnpw,2026-07-13 08:30:20,29442,731,29,120.0,120.0,0.0,1
-2mJFxpqRQg,UCpcTrCXblq78GZrTUTLWeBw,2026-07-19 23:47:20,1205427,21784,375,119.96,120.21,0.04,1
-2rj9Bq6rRY,UC4oe-OVZ2Ho-03yrMkrXomQ,2026-08-05 23:00:09,164255,2908,131,120.0,120.0,0.0,1
-2tIZG0N1Zk,UCifCesg-EUkjKyQedaB3hRg,2026-08-16 00:37:22,74142,3897,66,119.88,120.13,0.12,1
-2uGFwVclc4,UCQJuZxeDv2P05YHcC-tIEVQ,2026-07-14 08:00:26,32071,484,31,119.99,120.24,0.01,0
-37Igs36MYg,UCHeg3ApmuXQbqqszaD1fR9g,2026-08-01 09:03:12,33179,344,14,119.95,120.2,0.05,1
-39cfzwbrOk,UCBA9XaL5wCdHnC5EmEzwrqw,2026-08-14 09:00:31,189250,783,87,120.0,120.0,0.0,0
-3BTD7xXRUw,UCNZ87V1E_2h_Nyh-zVTRFWA,2026-07-10 22:04:21,330,1,0,119.93,120.18,0.07,1
-3Cj9FaJ24k,UCuXE-MdbuaZcPt_2J2kSsSQ,2026-07-18 10:20:51,408,5,0,119.9,120.15,0.1,0
-3DZjJ4zST0,UCzVXdulvpgEoI8yuFMmhxJw,2026-07-28 13:53:34,56644,2541,140,119.86,120.11,0.11,0
-3F_xiaVIyo,UCBidluUUxzT_5jVOI_2x2MQ,2026-08-11 03:00:33,2700,11,0,119.99,120.24,0.01,1
-3Lc-AeGrQk,UCOTJtP0Z9DjpPU43B5m1V6A,2026-08-05 12:00:39,784453,3513,117,119.99,120.24,0.01,1
-3VFpmCJw5k,UCSGKRGHGqP8W11G-SxsMaOw,2026-07-23 04:17:29,26823,2452,656,119.96,120.21,0.04,1
-3W7uzGobpA,UCWH9vqm4yM9MHiSUPTfdJYg,2026-08-26 09:30:14,30060,632,34,119.76,120.01,0.01,0
-3_J6a97t60,UCBtJuwDt6LlXp2YASC-ZMdA,2026-07-26 21:29:23,777,10,1,119.76,120.01,0.01,0
-3tQYNZVoVg,UCC1LvVTX2ySKYjeIXkAtvsQ,2026-07-25 11:00:03,41503,593,111,120.0,120.0,0.0,0
-3tfxdbJnx0,UCS2OAdHoLt-9T6cG9A2H49Q,2026-08-09 09:00:40,23551,157,28,119.99,120.24,0.01,1
-47z2vNjNxc,UCms8Ge7H1ZGgw6nV94fUhUQ,2026-08-08 09:00:24,33023,406,7,120.0,120.0,0.0,1
-4QWBcaPQtI,UCab17MxxnFtAhGsJVTkSkCg,2026-08-24 11:18:56,781,13,1,119.94,120.19,0.06,0
-4WgE2VgzeI,UCPGl9DV2WUgaqGVXtVrhJWQ,2026-08-08 15:00:34,16,0,0,119.99,120.24,0.01,0
-4yYmCFQkVw,UCO8ToDSM2Gvt3EZdOdosxTw,2026-07-11 14:05:23,76833,1072,63,119.91,120.16,0.09,1
-52FdiVSueI,UCvPGGL-OTEAQlwAUxbcJO8g,2026-08-21 08:06:11,172546,2200,118,119.91,120.16,0.09,0
-57va-a0nbw,UCuCmLrNT5MbpqfrSSKHqTug,2026-07-21 14:46:23,10455,122,17,119.98,120.23,0.02,0
-5Rm43_TBOw,UCCd3jyJmOFzkJEMj5Bp89rw,2026-08-03 16:04:44,12442,603,15,119.92,120.17,0.08,0
-5lhd0trW5g,UCI3DTtB-a3fJPjKtQ5kYHfA,2026-08-27 18:48:44,4425,27,3,119.95,120.2,0.05,0
-5pVM9H1dyA,UC-FiQR2gg8oiNw98ZdsSX6Q,2026-07-28 18:00:20,1222,3,1,120.0,120.0,0.0,0
-694PL6rLCs,UCTDBdmaY4m3ipZaLiYA6FWg,2026-08-13 10:30:08,11045,86,36,120.0,120.0,0.0,0
-69U5H2f8MM,UCcstDLbuhxEbFKkPZ6wST2A,2026-08-10 03:00:01,20852,86,29,120.0,120.0,0.0,0
-6AcWtqz1_A,UCk3w4CQ_SlLH4V0-V6WjFZg,2026-08-28 16:08:35,415465,4650,237,119.87,120.12,0.12,0
-6KjCX0o9k0,UCPGl9DV2WUgaqGVXtVrhJWQ,2026-08-13 15:00:35,11,0,0,119.99,120.24,0.01,0
-6P2I1dCYNc,UCpcTrCXblq78GZrTUTLWeBw,2026-07-17 20:30:11,56942,870,131,120.0,120.0,0.0,0
-6UNhmTESBo,UC7bcRlidTERRb_MKRHPVSnw,2026-08-03 12:03:33,223483,3832,194,119.94,120.19,0.06,0
-6_5rpa13DU,UC8CZL4cvFiKwKKDNCuM2lTA,2026-07-23 23:33:26,6778,57,1,119.94,120.19,0.06,0
-6baQiftDp4,UC3DYSay178fMMPaf3zHwECA,2026-08-14 08:00:06,121704,2079,37,120.0,120.0,0.0,1
-6hoFTO_nFM,UCUt2AEhC-OOC2EPCzj4DkCw,2026-07-16 08:00:39,7765,119,12,119.99,120.24,0.01,0
-7FcCnNYtMs,UC3RzmV2LX3AmWhZVx0A7u0A,2026-08-13 07:00:15,146090,2380,298,120.0,120.0,0.0,1
-7Ha74INYG4,UCKHx_yf3dI2ajWAjXRJ_9Rw,2026-07-28 16:50:31,4323,76,9,119.91,120.16,0.09,0
-7KYCA3t96U,UCPGl9DV2WUgaqGVXtVrhJWQ,2026-08-19 15:00:01,14,0,0,119.76,120.01,0.01,0
-7TZMIoD0K4,UCV6mNrW8CrmWtcxWfQXy11g,2026-07-30 00:00:03,144805,6594,185,120.0,120.0,0.0,1
-7YYoJgDFIE,UC6JTm9ObvQFuTEOxOsbmYwA,2026-08-29 09:09:51,77534,713,54,119.85,120.1,0.1,0
-7dMPExWY7M,UCdK9h1ILxS49c2LguBUY3rw,2026-07-29 21:43:45,12,4,0,119.77,120.02,0.02,0
-7mwGIAwA6w,UCi5yzN6jpdz2akGTm-mJSKQ,2026-07-12 13:33:46,4161,57,9,119.94,120.19,0.06,1
-7uFyCKmYPM,UCIxcZWLQpP-mUZC6_Uljc_Q,2026-07-27 15:15:09,5902,41,31,120.0,120.0,0.0,0
-7ulfUPJ7J4,UCZ-UuK86Bk5sGzQQ2cEglJQ,2026-07-12 08:22:59,225950,2271,54,119.87,120.12,0.12,1
-866GPW2npE,UCbIQGH_oFu0yfTWNPyquvpw,2026-08-06 09:00:14,8178,83,3,120.0,120.0,0.0,1
-89xpBqrgps,UCGi94VU356EAvQLgODywyrA,2026-08-23 22:47:42,5023,66,0,119.97,120.22,0.03,0
-8DH5ADw2IE,UCQhIdo5nRQY9DB3uo7vawtw,2026-08-27 04:59:02,3945,31,3,119.78,120.03,0.03,0
-8LqtBIvqnM,UCoSniqkitCpxlHrQd5L8A1w,2026-08-08 00:25:11,2168,22,8,119.84,120.08,0.08,0
-8OB5-pPtkk,UCV6mNrW8CrmWtcxWfQXy11g,2026-08-16 11:00:11,87088,3466,105,120.0,120.0,0.0,1
-8PfA-duLXc,UCV6mNrW8CrmWtcxWfQXy11g,2026-08-28 11:30:17,1310895,42488,1264,119.76,120.01,0.01,1
-8dzkTfu9Vc,UCUt2AEhC-OOC2EPCzj4DkCw,2026-08-07 23:00:36,49378,925,13,119.99,120.24,0.01,1
-8kOsgN9qNY,UCT-UsvGz4gm7lezXvCEex9A,2026-08-06 10:00:16,12058,313,10,119.75,120.25,0.25,1
-8q5Pme8BdI,UC4VWaR3R17Ruc7j1Cy1-PKQ,2026-08-03 06:26:29,466,1,0,119.81,120.06,0.06,1
-8rDgCWfu30,UC8x8GQmlxAIhHxzU61z0uLQ,2026-08-29 05:11:14,44902,366,29,119.83,120.08,0.08,0
-8w5YT1PfV4,UC6JB_a6rD1lZ_aZgQvORfrQ,2026-08-12 21:16:06,914,26,2,119.98,120.23,0.02,0
-8y_FYIC598,UC-FiQR2gg8oiNw98ZdsSX6Q,2026-08-23 11:09:45,3350,20,2,119.85,120.1,0.1,0
-98OCUKzjm8,UChHxLcNi7e0zu-e33HM6v6A,2026-08-14 23:00:34,27639,142,17,119.99,120.24,0.01,0
-9B9y0Se9ps,UCZRH94I89Ps7giJYeK6DlWA,2026-08-20 14:30:03,226304,5270,123,120.0,120.0,0.0,1
-9DyeBr3BxQ,UCYM01qjjE_hmqFQAmOo-lNg,2026-08-21 10:00:40,8353,49,7,120.0,120.0,0.0,0
-9fcyHG2pg4,UCSGKRGHGqP8W11G-SxsMaOw,2026-07-23 05:49:02,7593,,9,119.94,120.19,0.06,1
-A969DcbX8I,UCPv0av3PfTUeTnHGgcXkk8w,2026-07-15 02:44:37,3,0,0,119.76,120.01,0.01,0
-AHK8obqKLk,UClHTjLVog7CkRF8tYJuNXXQ,2026-08-23 12:34:08,852,21,1,119.94,120.19,0.06,0
-AIfeP8FIOw,UCab17MxxnFtAhGsJVTkSkCg,2026-08-29 01:20:38,3141,27,5,119.92,120.17,0.08,0
-AKPL_Sa1zY,UCnhGcri8x6xhehanhAe9ipw,2026-07-26 10:57:10,26529,519,25,119.8,120.05,0.05,1
-B1O0HAu5sU,UCzSODDx0zQF3nxXOZISCm_w,2026-07-24 09:30:01,145,5,0,120.0,120.0,0.0,1
-BA2PDXOXbA,UCPuD5ZRQWa_JCaY5NokNhtg,2026-07-27 11:16:56,505,9,3,119.97,120.22,0.03,0
-BFUX5oZe2Q,UCXYNuWjnQRSAXCGl9gv8Ncw,2026-07-19 01:00:36,83821,1254,168,119.99,120.24,0.01,0
-BLhs1uXwVY,UCeAsj1O73pcqd-xQ4AZbJeQ,2026-08-27 09:40:43,1756,2,2,119.83,120.08,0.08,0
-BOct7lc7mk,UCYGF_xk5RDpltyZDSx040uw,2026-08-25 08:09:45,124006,2043,168,119.85,120.1,0.1,1
-BWJpjZC070,UCGi94VU356EAvQLgODywyrA,2026-08-12 23:21:13,3679,66,1,119.9,120.15,0.1,0
-BioJ6NDZ9E,UCgRJPSNPfkne9kBdy7TBgHw,2026-08-16 14:15:44,0,0,0,119.99,120.24,0.01,0
-BqFeUEDE8Y,UCB4gIGaPUiLtpPreFSf8fKQ,2026-08-06 15:30:02,3642,41,43,120.0,120.0,0.0,0
-Bsg3rp0isg,UCdVIcHpdbEQc65xwAxc_owQ,2026-07-23 08:58:33,39,2,1,119.78,120.03,0.03,0
-BvKpzq55NQ,UCei_ecYpQqFjYhjLaDPr2Lw,2026-08-22 02:04:56,22,9,0,119.93,120.18,0.07,0
-BzU7-lyHyY,UC0aKwoKNeqBaUwiEXmkQaGQ,2026-08-02 10:30:12,40782,611,204,120.0,120.0,0.0,0
-C5hULggEAA,UCoqMTw0yGmjIjNayukuOg5Q,2026-08-27 10:00:29,25651,177,21,120.0,120.0,0.0,0
-C7L16kCO2Q,UCEcRvF_6IRSux8FO-ogFZug,2026-07-29 16:54:25,18339,647,31,119.85,120.1,0.1,0
-CES_Ox4gBs,UCJDXc9JWCZo-nLNKr_-L2Ng,2026-08-04 20:30:29,2662,116,12,119.99,120.24,0.01,0
-CNNPOPF1sw,UCCdcpCa4yiDcCPhFErd7TXA,2026-07-12 00:30:07,557727,25233,91,120.0,120.0,0.0,1
-CRE4jzq_Ww,UCAl4HWznMn7KhKBRFO5eiFA,2026-08-23 11:18:48,8838,44,1,119.95,120.2,0.05,1
-CSNSMCcoEI,UCPuD5ZRQWa_JCaY5NokNhtg,2026-07-28 11:24:10,382,4,5,119.85,120.1,0.1,0
-CWQLt0zYtY,UCD8r5Jgns2V64-NcUmXclpg,2026-08-28 03:15:07,149925,436,78,119.76,120.01,0.01,0
-CYp82zDD1s,UCFHUplScMiWTjJrtv4hxWmg,2026-08-26 11:48:48,68897,455,32,119.95,120.2,0.05,0
-CtsuZHEiqo,UCPGl9DV2WUgaqGVXtVrhJWQ,2026-08-01 15:00:31,113,1,0,119.99,120.24,0.01,0
-DEbu1ONdw0,UCtt0Hg9MhraTkzWwNQpplHg,2026-07-19 09:00:15,81278,862,200,120.0,120.0,0.0,0
-DF_B1XoMVc,UCjnghZoZuL_U3AByO_oq7CQ,2026-08-10 10:26:36,54,5,1,119.81,120.06,0.06,0
-DQo4vbF1BY,UCBtJuwDt6LlXp2YASC-ZMdA,2026-08-27 11:00:31,1128,4,0,120.0,120.0,0.0,1
-DUPiSDVCeg,UCNu00qhYj4nPeMNdxuwV6sg,2026-08-31 10:39:44,2646,49,0,119.85,120.1,0.1,0
-DvUwKxKIFw,UCpcTrCXblq78GZrTUTLWeBw,2026-07-12 03:00:25,7117011,120182,1161,120.0,120.0,0.0,1
-DwBU6h1ZZM,UC7wtTnMorJi_d93lb_P2Xow,2026-08-17 09:00:36,48169,467,53,120.0,120.0,0.0,0
-EIpj57xjYU,UCZ6mNZTiTUrUSbSYPlclI4A,2026-08-30 02:30:36,479,5,1,120.0,120.0,0.0,0
-ELcNWwH7vs,UCqyzJW0VRYRP_sFELZYdxGg,2026-08-27 08:00:37,9881,110,10,120.0,120.0,0.0,1
-ESPhQmK5zw,UCsYhDrv21N78Yt5wCQL_soA,2026-08-17 14:45:26,20062,208,3,120.0,120.0,0.0,1
-ESvHRY4-_M,UCaMV-CjrWYh2Aefg_8iLwJQ,2026-07-20 04:00:33,441095,2555,181,119.99,120.24,0.01,1
-EW3x-P5jnk,UCkavlo6q2XfO_MA9Q24wRvw,2026-07-31 03:13:18,115,1,0,119.78,120.03,0.03,0
-EYzVScHjPw,UCKUUL3fMVvYVZdGkKhhjP0A,2026-08-14 05:38:42,42073,585,24,119.86,120.11,0.11,1
-EbIx1iHLus,UCjOtzpfj5lF9erwTEQYkxtQ,2026-08-15 03:00:10,23904,580,20,120.0,120.0,0.0,1
-EiVVdjjKDw,UCgLFbrC7-g0ihBKB0obVPTg,2026-08-28 10:05:32,723,16,2,119.92,120.17,0.08,0
-Ej12hp0qSo,UCNZ87V1E_2h_Nyh-zVTRFWA,2026-08-10 01:43:28,316,2,1,119.78,120.03,0.03,1
-EmJGuSDgwM,UCPGl9DV2WUgaqGVXtVrhJWQ,2026-08-30 22:23:26,1187,5,0,119.87,120.12,0.12,1
-EouD87hoNY,UCGVy07wZs8W-EpKAGchrmCQ,2026-08-08 18:50:54,19218,54,7,119.9,120.15,0.1,1
-F384KRva3s,UCB4YEVYp6LynBpz7bXyZsTg,2026-07-25 12:00:24,11816,142,19,119.99,120.25,0.01,0
-F8ECMoO5Oc,UCmvMUe1GqpZFkj1e-V532LA,2026-08-28 04:38:51,169138,589,110,119.86,120.11,0.11,0
-Fd9B6Fm0Ys,UC9vI-9WYQLXKI6n9XdXXo3g,2026-08-18 03:00:35,38659,202,67,119.99,120.24,0.01,0
-FxMrAMd3qk,UC6YqXiwCBfPvPTs3wXgWElQ,2026-08-25 04:12:15,907,7,1,119.81,120.06,0.06,0
-FymKRDqGGs,UC_m_uqd_9s0hZvlgfvCzqbQ,2026-08-13 01:22:45,1432,4,0,119.87,120.12,0.12,1
-FzPJiATgbg,UC4VWaR3R17Ruc7j1Cy1-PKQ,2026-07-29 02:20:27,88,2,0,119.91,120.16,0.09,0
-G68SGwzc30,UCk5C4AR3uvmKwZYkIlSobbg,2026-07-25 06:14:52,109223,606,210,119.76,120.01,0.01,0
-G7pPgS4NN4,UCHJv9xBR9lkzGSIepie-T_A,2026-08-08 22:00:03,3728,52,1,120.0,120.0,0.0,0
-G88QRxf230,UCEg24oF81p-THPtp3otdmTA,2026-08-14 09:00:28,161298,3035,56,120.0,120.0,0.0,1
-GDZXddvsxw,UCZNTsLA6t6bRoj-5QRmqt_w,2026-07-29 17:00:28,23256,937,12,119.99,120.24,0.01,0
-GExqI2lqpk,UC3gl4CHfNtAqNjju1goB0_w,2026-07-24 14:16:53,2372,55,2,119.97,120.22,0.03,0
-GX08Q9X5pQ,UCuZ862fZel1gq9RAf_OkvqA,2026-08-18 02:00:11,34564,446,175,120.0,120.0,0.0,0
-GXUl3OrIgk,UC_E_qYfGKM3C0kqrp1p8z7Q,2026-08-23 15:00:09,72,7,0,119.76,120.01,0.01,0
-GYxIaTdgvY,UCYooECrv-fIXlPaDwEIaveA,2026-07-16 09:01:09,42187,541,159,119.98,120.23,0.02,0
-GfQ0uorLUI,UC3RzmV2LX3AmWhZVx0A7u0A,2026-08-28 07:00:38,81252,745,159,120.0,120.0,0.0,0
-Gj-PUIk8qA,UC3hCAmwyYNgRuOOSFV7evVA,2026-08-29 10:00:37,62836,150,27,119.76,120.01,0.01,0
-Gv2IHu005A,UCwlUB3goOsh4tpqZKIzUAbA,2026-08-31 12:57:13,36637,188,36,119.81,120.06,0.06,0
-GyEpspy7Es,UCtt0Hg9MhraTkzWwNQpplHg,2026-07-14 09:00:29,82461,870,93,119.99,120.24,0.01,1
-H42QxqHFvg,UCHeg3ApmuXQbqqszaD1fR9g,2026-08-28 12:48:18,890,8,0,119.96,120.21,0.04,0
-Hbf6Cycqpw,UCEu_YKdz0lMz1NkB3vlUyyw,2026-07-29 13:00:07,436626,5838,404,120.0,120.0,0.0,0
-HpNCofm-Q4,UC2t5bjwHdUX4vM2g8TRDq5g,2026-08-25 15:00:05,57682,1727,57,119.76,120.01,0.01,0
-HqJZ5i6T2E,UC43hOVGChFuQRV47vxc_c-g,2026-07-30 15:18:29,100,,0,119.94,120.19,0.06,0
-Hson8Ym7Dc,UCIXQkaLrM7_t87SEM_pmHpA,2026-07-30 02:05:41,1890,12,8,119.91,120.16,0.09,0
-Ht--c1H0ys,UCYGF_xk5RDpltyZDSx040uw,2026-08-04 11:24:08,250375,2597,94,119.85,120.1,0.1,1
-I2QO_xlSII,UC9M8GGVwPqc9ubNruArCNPg,2026-08-29 08:00:17,29447,767,30,119.76,120.01,0.01,1
-IFrwMY4zFE,UCzVXdulvpgEoI8yuFMmhxJw,2026-08-30 03:20:41,287039,7079,542,119.92,120.17,0.08,0
-INvnmp4y9w,UC3hqiw3lZAXaMwhQvMGZkdw,2026-08-17 13:15:33,4309,53,20,119.99,120.24,0.01,0
-IpErmLKxNc,UCAl4HWznMn7KhKBRFO5eiFA,2026-07-17 10:00:24,10516,133,47,119.99,120.24,0.01,0
-IthBuaqheM,UCV6mNrW8CrmWtcxWfQXy11g,2026-08-20 00:00:32,167343,7607,282,120.0,120.0,0.0,1
-Itmc9tQxGo,UCFrKhWvZ8oeJQTNP5ZabgJw,2026-08-11 05:36:45,160800,1561,273,119.89,120.14,0.11,1
-JKnRmblLI8,UCGi94VU356EAvQLgODywyrA,2026-07-23 06:24:18,3037,82,1,119.85,120.11,0.11,0
-JLw4or2Euw,UCrY2B2XX41ReYh9DIWrFfCg,2026-07-22 11:16:03,5800,,7,119.98,120.23,0.02,0
-JWWFx34Gmk,UCU0-6z_KU9AShyR9J6gcFGw,2026-08-21 00:51:24,313,3,0,119.9,120.16,0.1,0
-JfvpV0iB2g,UCBtJuwDt6LlXp2YASC-ZMdA,2026-08-02 05:00:17,2039,6,0,120.0,120.0,0.0,1
-Jkkoyfi-tc,UCV7WE8I_UiAN0fa6Arezx_w,2026-08-21 02:00:35,32,0,0,120.0,120.0,0.0,0
-K-d5mQmdg4,UCV7WE8I_UiAN0fa6Arezx_w,2026-07-28 13:00:12,64,0,0,120.0,120.0,0.0,0
-K-rdz91GF4,UCTK7GGeH0c9INAEnV2EfD0Q,2026-08-14 14:00:16,8908,487,15,120.0,120.0,0.0,1
-K2R__eeNso,UCO8ToDSM2Gvt3EZdOdosxTw,2026-07-21 05:30:18,10926,91,63,120.0,120.0,0.0,0
-K5NIxvGfPE,UC9qwDE50UcXvdplRNZKEoPA,2026-08-30 02:00:36,14271,291,15,119.75,120.01,0.01,1
-K5i2czZX1Q,UCZPfs7xIjGmOGs9kvgGhUKQ,2026-08-17 09:51:50,28,2,0,119.89,120.14,0.11,0
-KC9ph1RgRU,UCKrprPfevcAZpPuRnCO6xOA,2026-08-13 15:52:07,31,0,2,119.88,120.13,0.12,0
-KEfsNe0cdM,UCyZXLzORHoh9QMwA7IwS0pA,2026-08-19 13:13:29,527,6,0,119.79,120.04,0.04,0
-KRez-fROgM,UCFiHjGyrJux8Rt4e6mUPU-w,2026-08-22 17:00:33,5213,112,26,120.0,120.0,0.0,1
-KnaOLsF6lU,UCNRnCc0hg3ZcKdOGXKKv5Ww,2026-07-22 03:15:02,89161,338,38,120.0,120.0,0.0,1
-Kvbxbt_wvs,UCTNyl3P7q6PNhPddh6d7WJQ,2026-07-10 22:00:10,2015,15,2,120.0,120.0,0.0,1
-L6SNLqyRaI,UCSl8TBqqflby-ymdEQVfRNQ,2026-07-30 15:08:48,21852,325,28,119.86,120.11,0.11,1
-LDTppbIbVI,UCei_ecYpQqFjYhjLaDPr2Lw,2026-08-31 13:53:37,39,2,0,119.87,120.12,0.12,0
-LDy0IiKNFQ,UCkd3KAYGnTNPJZZrPOFeWhA,2026-08-27 23:30:30,47154,115,113,120.0,120.0,0.0,1
-LJ_wn5wH5c,UCUt2AEhC-OOC2EPCzj4DkCw,2026-07-23 08:00:40,12055,213,23,119.99,120.24,0.01,0
-LVk75l5RoM,UCaN1Qp37sHiCdQuSaXa3fVw,2026-08-04 06:19:27,1580685,22116,382,119.93,120.18,0.07,1
-LXHuxq4vqk,UCrGNa63AQ-rcINIoE_UqdxA,2026-08-11 00:26:00,48,1,0,119.82,120.07,0.07,0
-LinWApTGXA,UCifCesg-EUkjKyQedaB3hRg,2026-08-29 00:35:09,20761,144,6,119.93,120.17,0.07,0
-Lvjx79TSCc,UCHbz27HAkCIQNw_G2Pa7XVg,2026-08-07 06:00:01,41207,486,40,120.0,120.0,0.0,1
-M8znFxjg6M,UCO8ToDSM2Gvt3EZdOdosxTw,2026-08-11 10:05:08,73705,769,25,119.92,120.17,0.08,1
-MRSxJjmdME,UCZ-UuK86Bk5sGzQQ2cEglJQ,2026-07-15 10:00:30,44820,425,86,120.0,120.0,0.0,0
-MwacBSDr7s,UCN5789pKaFwqjVBvg6yws_w,2026-08-20 09:00:28,3,0,0,120.0,120.0,0.0,0
-Mxp8BWDQMY,UCT_AS9Vfdi1RLtP4MIeIZow,2026-08-22 23:12:33,89,3,0,119.8,120.05,0.05,0
-N2AV4T65Ag,UC3Z9lUjG5BU60sce2-Axbjw,2026-07-23 10:41:00,1320,4,7,119.82,120.07,0.07,0
-N71Yaup01M,UCawK5EIfr66Z7fjAlZgfB2g,2026-08-09 08:00:01,36827,,66,120.0,120.0,0.0,0
-NBj50d_RBU,UCdoTrHNHnoRbaQenxK5PEUg,2026-07-17 15:27:09,61,1,0,119.8,120.05,0.05,0
-NGVM0hgDQ8,UCei_ecYpQqFjYhjLaDPr2Lw,2026-07-25 18:37:48,52,3,0,119.87,120.12,0.12,0
-NHT99HjoNM,UCN5oT4zGJX-_H6pE5isAEeg,2026-08-16 08:00:11,1477177,15040,1282,120.0,120.0,0.0,1
-NQ3B8aUoRo,UCZRH94I89Ps7giJYeK6DlWA,2026-08-07 03:20:21,45948,688,69,119.91,120.16,0.09,0
-NZ5YbpjVFI,UCGa52d8Qlv3THghuCAt_nXA,2026-07-11 08:30:29,12446,143,11,119.99,120.24,0.01,1
-NZR_QZGDOo,UC4VWaR3R17Ruc7j1Cy1-PKQ,2026-07-17 21:43:24,46,2,0,119.78,120.03,0.03,0
-NfHRIlhQ4Y,UCpcTrCXblq78GZrTUTLWeBw,2026-07-15 14:00:08,92464,2925,171,120.0,120.0,0.0,0
-OBb9qqB3Mw,UCkd3KAYGnTNPJZZrPOFeWhA,2026-08-11 09:00:05,72920,189,64,120.0,120.0,0.0,1
-ODLPUZwHeE,UCYooECrv-fIXlPaDwEIaveA,2026-08-27 09:00:27,29440,418,7,120.0,120.0,0.0,1
-OMiQsm0cNA,UCV7WE8I_UiAN0fa6Arezx_w,2026-08-05 11:00:14,40,0,0,120.0,120.0,0.0,0
-OOSFHfxIzs,UCpI-AhCT02iQRGLC2ZcY0Jw,2026-07-23 11:31:44,48076,439,372,119.97,120.22,0.03,0
-OP-aJ9NCP4,UCqVZTizoA2wQKOj_xaDt10Q,2026-07-22 04:45:16,394,5,0,120.0,120.0,0.0,1
-OQ5rNSslso,UC-FiQR2gg8oiNw98ZdsSX6Q,2026-08-12 12:45:04,904,7,0,120.0,120.0,0.0,0
-OXxqta7xsA,UCZuT6NXrfZzYbqCG_RWgSgA,2026-08-13 15:55:29,57,5,2,119.83,120.08,0.08,0
-OspBbwsD7M,UCbeQg95cAxVRsxxh6FyilxA,2026-07-17 05:33:20,3338,27,2,119.95,120.2,0.05,0
-OtczbFMKr8,UCJDXc9JWCZo-nLNKr_-L2Ng,2026-07-27 15:15:23,14232,236,8,120.0,120.0,0.0,0
-OygqB4V7E8,UCPGl9DV2WUgaqGVXtVrhJWQ,2026-08-27 15:00:24,3,0,0,120.0,120.0,0.0,0
-PD-oLsInkw,UCeiDuGZqWT4iiIXRTfhM3qQ,2026-08-27 06:19:51,7527,87,0,119.93,120.18,0.07,0
-PaQH0o0MhY,UCPqqyxHmSvJygac5TH52qJw,2026-08-24 07:27:40,159923,2485,82,119.8,120.05,0.05,1
-Pd2izR_9iQ,UCIKORyfTZ0cN-u0hrxHcgUw,2026-07-31 02:31:23,31,0,0,119.98,120.23,0.02,0
-PgAqoBNdrk,UCXAXCxTCCYYKsLJNzEvjqfw,2026-08-12 01:27:24,30139,430,62,119.8,120.05,0.05,0
-PpJQb__53E,UCfjMjhfjRRy8B0mfqbO_43w,2026-08-20 08:55:04,57047,748,95,119.84,120.09,0.09,0
-Ptu2UJvsxM,UCPv0av3PfTUeTnHGgcXkk8w,2026-07-28 23:59:22,4,1,0,119.76,120.01,0.01,0
-Q3PXStyRzQ,UCF-rFAdN7dzd-SI2T3rkCaQ,2026-08-05 07:30:36,11639,103,26,119.99,120.24,0.01,0
-Q7drL84BjM,UCnV5tUnOVGyT-Ncj0s0tPTw,2026-08-30 06:28:09,13477,138,168,119.79,120.04,0.04,0
-QALhop777Q,UCTK7GGeH0c9INAEnV2EfD0Q,2026-08-15 03:00:18,6397,283,17,120.0,120.0,0.0,0
-QPQWHPG_ew,UCYJDUekoQz0-bo8al1diLWQ,2026-08-31 05:08:04,163302,2622,120,119.88,120.13,0.12,1
-QSk0p1oY-I,UCAl4HWznMn7KhKBRFO5eiFA,2026-08-22 10:46:12,1944,7,0,119.99,120.24,0.01,1
-QaNv9a9CmA,UCZ_xE8U6MVnpwefrYvl2uvA,2026-07-22 09:00:15,11,1,0,120.0,120.0,0.0,0
-QeoGvy8408,UCms8Ge7H1ZGgw6nV94fUhUQ,2026-08-22 09:00:34,9552,158,7,120.0,120.0,0.0,1
-QheuuTYfcE,UC4VWaR3R17Ruc7j1Cy1-PKQ,2026-08-31 00:35:06,1042,7,1,119.93,120.18,0.07,0
-QoxFaxi_QY,UCvjzWMh2bihwlIN-WRtddkg,2026-07-15 09:00:11,1185,20,6,120.0,120.0,0.0,0
-QpM6gA3hPE,UCzps05UZ7XpX3SFoFyYIDow,2026-07-26 08:11:29,17591,179,65,119.81,120.06,0.06,0
-QsA-OerRAw,UCPN9TrChCye1s97iEUOsIeA,2026-08-04 06:54:20,1552,5,0,119.85,120.1,0.1,1
-QtpC0pJ0_s,UCV7WE8I_UiAN0fa6Arezx_w,2026-08-27 23:00:38,252,0,0,120.0,120.0,0.0,0
-QvI-2nXeiw,UCt8CJiye87FMbEwt0npPMuQ,2026-08-27 15:30:50,18613,423,11,120.0,120.0,0.0,0
-QxTp_w5pDk,UCabScupufwcOzAdcVXZrmlg,2026-08-15 09:49:29,16481,589,109,119.93,120.18,0.07,0
-R6kDp6oW7k,UC5ScPjbt-a97AJO7SBj6nAg,2026-08-03 08:30:04,91184,2588,456,120.0,120.0,0.0,0
-RTbIcGrmnM,UC9qwDE50UcXvdplRNZKEoPA,2026-08-07 07:00:02,36476,1074,55,120.0,120.0,0.0,1
-RgovB003U0,UCrR_fhiJjoW8OJFzUcmlMMA,2026-08-25 07:30:02,4261,42,26,119.76,120.01,0.01,0
-RuNYcQyiPI,UCBexUDlBSJM2h4xZB3ch53g,2026-07-27 09:33:26,35875,710,34,119.95,120.19,0.05,1
-RuU-Af60NM,UC5pdoCANExIVI4yf6DVoxew,2026-08-07 09:36:27,2067,,3,119.9,120.15,0.1,1
-S4VvlN_thg,UClFxbDnu3-z8B002ns6JnBQ,2026-08-19 21:00:16,0,0,0,120.0,120.0,0.0,1
-SQAmUawMh4,UC6fx3aU3i3C51oXwXm8idTQ,2026-07-22 15:04:48,3,0,0,119.92,120.17,0.08,0
-SlCFYDOulA,UCNmN3W2H0r5_hV2drzbEn7Q,2026-08-04 09:57:26,76775,179,1,119.79,120.05,0.05,0
-SmAZ5x8Tro,UCmwZePdbUmncnpQptdPH2Jg,2026-07-26 10:49:31,33,1,0,119.93,120.18,0.07,0
-T02w5XxNk0,UCM81CAJ2_Y42-bvK1OQnAAA,2026-08-27 12:44:34,103377,513,221,119.77,120.02,0.02,0
-T27rRzDFIQ,UCoSniqkitCpxlHrQd5L8A1w,2026-08-06 23:38:51,15713,123,6,119.86,120.11,0.11,1
-TD3KbOcamw,UCV7WE8I_UiAN0fa6Arezx_w,2026-08-31 13:00:27,474,0,0,120.0,120.0,0.0,0
-TnFf89n9gk,UC027x98NgUBw9K4aPT8k0mg,2026-08-20 12:00:37,10239,58,38,119.99,120.24,0.01,0
-Tp1akeRGew,UC3BUvshHmW_-ReQX1B_EeOA,2026-07-12 05:11:12,54697,564,113,119.81,120.06,0.06,0
-U1zzsEg2bg,UCw1DsweY9b2AKGjV4kGJP1A,2026-08-02 14:19:47,62109,485,110,119.92,120.17,0.08,0
-U4HofSRSMg,UCBo7GIv99qTzHaa6ip09YLA,2026-08-12 14:30:09,12,0,0,120.0,120.0,0.0,0
-UFLHODS-Y0,UCt8CJiye87FMbEwt0npPMuQ,2026-08-13 13:09:48,3977,144,20,119.84,120.09,0.09,1
-UKpq4WuUTo,UCJmnOEp1-OITEU0mk4icM5A,2026-08-27 03:00:02,9708,130,6,119.76,120.01,0.01,0
-UMcO7RMchE,UCOTJtP0Z9DjpPU43B5m1V6A,2026-08-23 12:00:14,260557,1819,63,119.76,120.01,0.01,1
-UQTJnoGck0,UCvrxJgD0T_TFvgsO2nA-fDQ,2026-07-31 18:27:46,108122,883,357,119.79,120.04,0.04,0
-UXXzxY-VxI,UCPuD5ZRQWa_JCaY5NokNhtg,2026-08-16 03:01:57,588,8,6,119.97,120.22,0.03,0
-UtRINBLYqY,UCfq-5-0b5Lzj7cKCrp6-flA,2026-08-28 08:00:05,8509,62,46,119.76,120.01,0.01,0
-Ux0K2K_3e8,UC7SIaeUWuuIrWTIOBpayDVQ,2026-08-08 03:40:32,10682,122,22,119.83,120.08,0.08,0
-Uzr2YULg-w,UC5ThQKdocwo_9UurfT5P_ww,2026-08-30 02:01:47,237663,4019,251,119.99,120.24,0.01,1
-V1XP8BQGIA,UCp9skQ2mP_DfVL8c3gZQUzg,2026-08-07 20:55:30,38196,191,27,119.83,120.08,0.08,1
-V5sE0heLH4,UCt8CJiye87FMbEwt0npPMuQ,2026-07-11 15:45:29,3609,79,38,119.99,120.24,0.01,1
-V8LUihV-y0,UCgWwo8FJL3MCxfd66ip7nFg,2026-07-25 10:28:22,84832,,122,119.78,120.03,0.03,0
-VJXkjUsId4,UCDnIK80iouL_rb_J6GybOlg,2026-08-17 23:00:25,3,0,0,120.0,120.0,0.0,0
-VZjW0J7Z_g,UCKHx_yf3dI2ajWAjXRJ_9Rw,2026-07-28 16:50:39,1355,54,4,119.91,120.16,0.09,0
-Vi4myGHVEo,UCZ-B_El841ME7qGXvYinGmw,2026-08-28 12:52:50,12831,47,3,119.88,120.13,0.12,1
-Vs0UWO6_UM,UCZ6mNZTiTUrUSbSYPlclI4A,2026-08-20 13:00:01,8181,251,16,120.0,120.0,0.0,1
-W9T9sk81mY,UC2WBkFH1nHcO6aFLWo6sZQg,2026-08-04 16:00:55,174687,2577,15,119.99,120.24,0.01,1
-WA1M-5gIC4,UCAl4HWznMn7KhKBRFO5eiFA,2026-07-23 14:51:09,31430,257,14,119.9,120.15,0.1,0
-WHH0tkmJy8,UCgvtwZJPhSfbKOxh3EoVXng,2026-08-31 11:21:02,128,2,0,119.91,120.16,0.09,0
-WP16VH6SKs,UCjiPEaapiHbJMoAdi_L8fNA,2026-08-04 17:00:41,72914,1152,485,119.99,120.24,0.01,1
-WZePMN39uo,UCpTNtH8yc1Kdl_YFfsQsTYA,2026-07-26 09:00:35,26660,99,12,119.99,120.24,0.01,1
-WaxOSDwawM,UC6NXJtCn3p-actkvBUlHwDA,2026-08-22 23:36:01,21959,104,0,119.91,120.16,0.09,0
-Wp-mL9bxNg,UCJDXc9JWCZo-nLNKr_-L2Ng,2026-08-11 12:00:21,1973,96,8,120.0,120.0,0.0,0
-WwvmWgHcwI,UCtGMgPWJNU2Aj-SNK0zg0Sg,2026-08-03 15:57:02,5223,39,0,119.8,120.05,0.05,0
-XBsJ33Jop4,UCkd3KAYGnTNPJZZrPOFeWhA,2026-08-20 14:05:17,25023,90,48,119.92,120.17,0.08,1
-XIZ6znRv_I,UC4cKHOBS-nRfKFTwf1n8HGA,2026-08-03 09:03:44,2023,,1,119.94,120.19,0.06,1
-XL5tMNTQVo,UCEcRvF_6IRSux8FO-ogFZug,2026-07-28 16:37:56,11454,529,23,119.87,120.12,0.12,0
-XLEj0lSbog,UCuWDza8A_ntbjwBZgW0ZSNw,2026-08-14 03:00:39,118324,1719,21,119.99,120.24,0.01,1
-XiGu62ZAP8,UCybn_0S0Ec6Il1ZhiQM1Vww,2026-08-07 07:00:19,25584,222,55,120.0,120.0,0.0,0
-XiueqJ9OU8,UCzps05UZ7XpX3SFoFyYIDow,2026-08-01 07:43:04,29199,157,171,119.79,120.04,0.04,0
-Y0QeaXhYM4,UCQDGJQe8X9tbk_i8Na3VVXg,2026-08-17 09:17:48,506,10,2,119.96,120.21,0.04,0
-Y1e69Tjkpg,UCpcTrCXblq78GZrTUTLWeBw,2026-07-19 01:15:14,696296,2639,536,120.0,120.0,0.0,0
-Y6xQ2nhyUU,UC0FUMakBJHsRrfKCGQuWnRA,2026-08-19 13:52:45,27238,303,75,119.88,120.13,0.12,0
-Y9fnYbmVxU,UC2yOBpLVwB7kzt9C5ZPbB7w,2026-08-20 10:00:11,117368,1637,238,120.0,120.0,0.0,1
-YCgynskAlo,UCpn9dP1b5BhBsU9SduEz1hA,2026-08-22 16:30:15,21497,163,8,119.76,120.01,0.01,1
-YayhPX0ZFA,UCKYdD83f363lIzcAwwhB-_A,2026-08-09 13:11:22,4244,11,0,119.81,120.06,0.06,0
-Ygq47UvXgg,UCJYdIDfGkqXTsQq5aW4md0Q,2026-08-22 03:16:08,141,2,0,119.99,120.24,0.01,0
-Z2xWu-koLM,UCgsKeCRaBGH6JlnH6VO_7OA,2026-08-14 17:29:45,144,4,0,119.76,120.01,0.01,0
-ZDFwa85yLo,UCuWDza8A_ntbjwBZgW0ZSNw,2026-08-05 08:00:35,29957,456,12,119.99,120.25,0.01,1
-ZNqCs5BFcA,UCk3w4CQ_SlLH4V0-V6WjFZg,2026-07-26 15:24:04,72156,3323,205,119.85,120.1,0.1,0
-ZSuCNoioHk,UCby0vMKcLR05ZdS90aZd5og,2026-08-28 05:49:23,16532,28,12,119.94,120.19,0.06,1
-ZanpHm72Es,UCjsqgRBvkn8XadWraSQxTKQ,2026-08-05 16:19:11,153,4,0,119.93,120.18,0.07,0
-ZoMxEFjolk,UCEebX3m88Arwc91LPmEmTYQ,2026-08-09 22:50:56,98326,710,4,119.9,120.15,0.1,0
-_D8gn7M2mk,UCby0vMKcLR05ZdS90aZd5og,2026-08-11 02:58:43,1944,5,0,119.77,120.02,0.02,1
-_MZvZVuULk,UC3DYSay178fMMPaf3zHwECA,2026-07-12 08:00:10,112400,2707,28,120.0,120.0,0.0,1
-_Nyvk1WPzA,UC9qwDE50UcXvdplRNZKEoPA,2026-08-20 13:29:07,7707,95,29,119.77,120.02,0.02,0
-_SBGONI16o,UCBtJuwDt6LlXp2YASC-ZMdA,2026-08-29 03:00:39,1060,4,2,120.0,120.0,0.0,1
-_UrYHcvJyM,UC4VWaR3R17Ruc7j1Cy1-PKQ,2026-07-13 21:23:25,39,4,0,119.86,120.11,0.11,0
-_XbfJ-qaE8,UCAl4HWznMn7KhKBRFO5eiFA,2026-07-19 06:32:30,5894,42,0,119.96,120.21,0.04,0
-_b1Iey7c0U,UCYxwKnNRv4FurQxeKcuR0Sw,2026-08-18 03:00:28,11,1,0,120.0,120.0,0.0,0
-_ejYB9BzPw,UC5H8Wt-1q_tnn-m4tDTqbUw,2026-07-30 03:19:57,2312,25,8,119.92,120.17,0.08,0
-_rxe8VhuDo,UCmcBe97VA2LqVEQUeeZl6Ew,2026-07-29 09:00:03,143251,932,311,120.0,120.0,0.0,0
-a8Z2DIhFQ8,UC46X_E7jxvJ1O_3gnaeCxeg,2026-07-24 23:56:17,52627,392,53,119.81,120.06,0.06,0
-aUm9gaEvqg,UCHeg3ApmuXQbqqszaD1fR9g,2026-07-18 15:40:15,35,3,0,119.83,120.08,0.08,0
-aZ-CyIPRnA,UCcvKf8NxAw9i09hZw1MQPBQ,2026-08-16 10:00:11,49314,733,256,120.0,120.0,0.0,0
-adBFZxpgB8,UCBS4sjbGJIcclT-Y6i_Jzkg,2026-08-01 21:21:39,21952,648,7,119.89,120.14,0.11,1
-ae1caRQX4E,UCSfhr4gDPFsKuwdmTOWp2jw,2026-08-30 09:30:18,170,2,0,119.76,120.01,0.01,0
-aqRxg6eQhA,UCBvKuSAkXERBnGSQOH0Sarw,2026-08-01 18:24:14,10715,102,1,119.85,120.1,0.1,0
-azqivcz6t8,UCxPMcxq7WJ32M3lnFn58Cpg,2026-08-31 09:27:35,12589,8,5,119.8,120.05,0.05,1
-b5A2Bm_Acc,UCPGl9DV2WUgaqGVXtVrhJWQ,2026-07-27 02:01:25,17,0,0,119.98,120.23,0.02,0
-b9KOVFm6Mk,UC8Xz3BKjDvQk7lKhH7Hi9nA,2026-07-28 08:55:19,6501,63,45,119.83,120.08,0.08,0
-bNr2whGj8A,UCcHVk5SFxfYhCbbX8pWWuVg,2026-08-07 09:00:15,9817,153,110,120.0,120.0,0.0,0
-bUXBjDoXNI,UCCd3jyJmOFzkJEMj5Bp89rw,2026-07-17 23:00:06,2786,89,3,120.0,120.0,0.0,1
-bV_enCxjpY,UCcZLS3cRPf6ObjvKuPM7KDw,2026-08-02 06:23:56,12740,69,7,119.85,120.1,0.1,1
-baFOCSye0k,UCarBV0zWlC2k-HteyeKqfag,2026-08-06 16:02:28,9054,63,0,119.96,120.21,0.04,0
-c-7QFcmtI4,UCPGl9DV2WUgaqGVXtVrhJWQ,2026-07-23 15:00:05,6,0,0,120.0,120.0,0.0,0
-c-yoMmlh_4,UCg5Ew4lj74r_ohbc4AeQj1w,2026-08-01 04:58:29,32794,584,27,119.78,120.03,0.03,1
-c7wPnCm5gk,UCzps05UZ7XpX3SFoFyYIDow,2026-08-20 06:03:23,11282,214,152,119.95,120.2,0.05,0
-c7wh_vEk9A,UCIXQkaLrM7_t87SEM_pmHpA,2026-08-26 11:50:38,5125,32,18,119.92,120.17,0.08,0
-cRfYVN74uE,UCJoWNCiFuiN4eZnB80WUf4Q,2026-07-23 03:30:13,61555,1314,14,120.0,120.0,0.0,1
-cWbCltbw78,UCRE-9quk3OT2OKgZFAgdN_g,2026-08-16 12:54:58,18770,126,146,119.84,120.09,0.09,0
-cqXfXCS1K0,UCBA9XaL5wCdHnC5EmEzwrqw,2026-08-19 13:32:32,189358,1307,94,119.97,120.22,0.03,0
-dDeBTb0KJk,UCifCesg-EUkjKyQedaB3hRg,2026-07-31 23:48:26,23263,548,4,119.94,120.19,0.06,1
-da80TyKtXI,UC2yOBpLVwB7kzt9C5ZPbB7w,2026-08-25 07:00:17,83801,1304,62,119.76,120.01,0.01,1
-dftPsxEOPo,UC1Ns07Rw0lQK-KuaPHfRRTw,2026-07-17 20:06:05,5,0,0,119.9,120.15,0.1,0
-dibUL5lsEM,UCyoKcrOcBEY4rmLYkDuXErA,2026-08-01 09:00:00,48234,603,22,120.0,120.0,0.0,1
-e-e0c8Zisc,UCbItyvYa6cqvqtwlU2E9-wA,2026-08-20 18:00:29,8566,450,34,120.0,120.0,0.0,0
-e0dQWXx5Uc,UC1Il94cQwl93Zun8ax1Qjlw,2026-08-19 17:57:43,547,4,0,119.8,120.05,0.05,0
-e0e0AgmKJU,UC9DNu8JRIcE-rpo9eBx1ffw,2026-08-18 07:36:40,1689,5,0,119.9,120.15,0.1,0
-e31KYnEFc8,UCyz5WVrb-cz3myY04x_kVYw,2026-08-19 10:10:56,615,7,0,119.83,120.08,0.08,0
-e3kKbNa7_w,UCxe_WKNMrOgvNtgz02oLTjQ,2026-08-20 11:15:34,6134,45,2,120.0,120.0,0.0,1
-eQx9JtVWpE,UCdoTrHNHnoRbaQenxK5PEUg,2026-08-18 02:06:12,73,1,0,119.9,120.15,0.1,0
068UydCuTZM,UC9vz3TBChrJmYbzUo-rqfSg,2026-08-11 23:34:16,22382,198,100,119.93,120.18,0.07,0
06TFYinihfw,UCW_Ptq0v8ck67w9oKiwXz2g,2026-08-09 12:52:46,206,2,1,119.87,120.12,0.12,1
06pCEykCoWA,UCS-X1uBDTNwAYyydiXjcX9A,2026-08-28 07:00:19,39428,236,53,119.76,120.01,0.01,0
06pTYHsg2XM,UCPqqyxHmSvJygac5TH52qJw,2026-08-29 13:26:43,107200,1522,90,119.82,120.07,0.07,1
06wkLQdelFk,UC2yOBpLVwB7kzt9C5ZPbB7w,2026-08-16 07:00:28,36987,569,20,120.0,120.0,0.0,1
06xQo8_dgp0,UCBS4sjbGJIcclT-Y6i_Jzkg,2026-08-10 18:15:12,27638,439,2,120.0,120.0,0.0,1
06yeteqOfTQ,UC2yOBpLVwB7kzt9C5ZPbB7w,2026-08-27 04:00:29,71958,1237,51,120.0,120.0,0.0,1
07-kmnR83ek,UC_O4_e0nbsMoU1rg7JU_nwQ,2026-08-23 01:30:11,86384,1445,262,119.76,120.01,0.01,0
071sPzu3Rl8,UCw1DsweY9b2AKGjV4kGJP1A,2026-08-29 08:01:33,13695,16,1,119.99,120.24,0.01,0
07A-LNoSiK0,UC8aCmG_y4DqqVI9Xlcym1Jg,2026-08-16 22:42:19,3419,169,7,119.8,120.05,0.05,0
07JmsxduGus,UCl402YYy7RcH7PBI3npmGPQ,2026-08-30 03:00:14,366131,1148,517,119.76,120.01,0.01,0
07omkVVXIaU,UC5WN-znPsJK0BbA8aHxZHWQ,2026-07-17 11:03:10,10622,159,10,119.95,120.2,0.05,1
07qL23LXAFo,UCg7rkxrTnIhiHEpXY1ec9NA,2026-07-12 08:00:14,269305,9606,585,120.0,120.0,0.0,0
07tQAtAazlc,UCuXE-MdbuaZcPt_2J2kSsSQ,2026-08-22 08:01:50,15,1,1,119.98,120.23,0.02,0
07vY5kLZEnU,UC24GgPBq5W3v34z0p0uk1Ow,2026-08-29 10:04:33,1819,2,0,119.94,120.19,0.06,0
081QeieYSoE,UCpcTrCXblq78GZrTUTLWeBw,2026-07-18 14:30:08,364269,1179,91,120.0,120.0,0.0,1
08MYZIjIoxA,UCPsZX-D7LW99PjZLA-UysPQ,2026-08-04 03:00:08,623,6,1,120.0,120.0,0.0,0
08XqTbiFKRM,UC1Il94cQwl93Zun8ax1Qjlw,2026-07-23 11:38:51,94,0,0,119.85,120.1,0.1,0
08hl0eGStD0,UCuXE-MdbuaZcPt_2J2kSsSQ,2026-07-12 12:49:30,168,1,1,119.93,120.18,0.07,1
08tSlJykHUE,UCifCesg-EUkjKyQedaB3hRg,2026-08-31 02:39:49,218988,178,0,119.85,120.1,0.1,0
08xwElu0ij8,UC_E_qYfGKM3C0kqrp1p8z7Q,2026-08-19 15:00:16,71,7,0,119.76,120.01,0.01,0
08zlxp_lU8c,UCN5oT4zGJX-_H6pE5isAEeg,2026-08-23 08:00:18,554506,9087,276,119.76,120.01,0.01,1
094PPi4Zhac,UCcgkgKhXT6QwdGj9Nr8PBcg,2026-08-24 11:45:07,192819,1038,77,119.76,120.01,0.01,0
099PYrUdoRE,UCpwGBltfwjd_fIzp5cb5R0w,2026-07-27 07:34:04,75952,452,17,119.93,120.18,0.07,0
09AuXxRruVo,UCwBkHOTyu57NQi0syf5MLig,2026-08-20 12:11:35,55240,284,94,119.81,120.06,0.06,0
09Cb54eelj0,UCEuP8zMn3ln3ZqJa85dp9JQ,2026-07-21 08:45:12,23213,1138,22,120.0,120.0,0.0,1
09LrRvDlxQs,UCwfbSsZ7_sccxcibe60mWlQ,2026-08-22 15:11:47,12528,46,9,119.82,120.06,0.06,0
09SsgcB5xbw,UCO94iFhOhtdGb4Ze5DUAtbw,2026-07-30 06:00:21,5055,51,8,120.0,120.0,0.0,0
09UKs4Lg66M,UCN9VGDvz2M3vdR0czEUp6lQ,2026-07-23 02:00:32,2375,19,10,119.99,120.24,0.01,0
09XHW6VtAi8,UCQfISxq5legTqOt1h1us6lg,2026-08-25 15:43:38,140960,715,73,119.78,120.03,0.03,0
09bCMm9CRPo,UCDHGqgpiHQAsE0UiltRqhfQ,2026-07-25 04:42:53,17577,51,39,119.79,120.04,0.04,0
09hA7jZagZY,UCS2OAdHoLt-9T6cG9A2H49Q,2026-08-19 09:21:09,21955,115,81,119.91,120.16,0.09,1
09nax9UsAVo,UCt8CJiye87FMbEwt0npPMuQ,2026-07-19 12:45:21,2822,173,13,120.0,120.0,0.0,1
09rWv79SZaE,UCt8CJiye87FMbEwt0npPMuQ,2026-07-25 13:30:25,2927,157,13,119.99,120.24,0.01,0
09vPnNcVahQ,UCYGF_xk5RDpltyZDSx040uw,2026-08-06 03:06:41,92827,1584,141,119.89,120.14,0.11,1
0A1EVi21oKo,UCnkytUgy0CtWd06up9CjNxg,2026-08-30 11:00:23,98578,2256,224,119.76,120.01,0.01,1
0AKDHwjZ5Kg,UCNZ87V1E_2h_Nyh-zVTRFWA,2026-07-10 22:14:35,365,2,0,119.76,120.01,0.01,1
0AnincmoPJc,UC59jWhPazXYi8Ny4vake45A,2026-08-21 09:28:13,29953,1163,38,119.79,120.04,0.04,1
0BDrvSGLy2c,UCHYMpkGhNIr8A0m2H3lIjUA,2026-07-29 13:00:16,58072,359,67,120.0,120.0,0.0,0
0BG9qB14-sc,UCJNEIbzzpRl-l1iGdD2BxGg,2026-08-03 04:01:44,663,3,,119.97,120.22,0.03,0
0BaEXF3pdcs,UC_E_qYfGKM3C0kqrp1p8z7Q,2026-08-13 15:00:27,55,4,0,120.0,120.0,0.0,0
0BkcK3lcBco,UC2NFRq9s2neD_Ml0tPhNC2Q,2026-07-18 02:30:22,110951,2253,46,120.0,120.0,0.0,0
0BmGrZJOIZ4,UC8chC5rneP-LHm43q-jF3oQ,2026-08-15 03:23:09,1944300,30708,604,119.87,120.12,0.12,1
0BwbnnS7klI,UCoSniqkitCpxlHrQd5L8A1w,2026-07-20 12:46:27,1738,12,6,119.98,120.23,0.02,0
0ByiM8Q-lfQ,UC-FiQR2gg8oiNw98ZdsSX6Q,2026-08-25 08:52:19,1037,8,3,119.89,120.14,0.11,0
0C32SKaUJ-4,UCfq-5-0b5Lzj7cKCrp6-flA,2026-07-30 08:00:13,49169,1206,94,120.0,120.0,0.0,1
0C3bPHlUnWo,UCO94iFhOhtdGb4Ze5DUAtbw,2026-07-28 09:00:36,940,57,18,119.99,120.24,0.01,0
0C7clCY-Ooc,UCv1tOT645xHOJrwdGlzjMaA,2026-07-29 09:30:08,9927,209,7,120.0,120.0,0.0,0
0CT5Vm1FaYk,UCL2ZLyAV0H9Pvi46W7TGdHQ,2026-08-11 11:00:13,30286,186,57,120.0,120.0,0.0,0
0CaNDfDFK-M,UCBtJuwDt6LlXp2YASC-ZMdA,2026-08-28 10:00:14,1463,9,0,119.76,120.01,0.01,1
0CeYab0KNG4,UCXAXCxTCCYYKsLJNzEvjqfw,2026-07-16 05:12:51,51584,584,631,119.79,120.04,0.04,0
0Cr0XkFEFRM,UCksGX0hODm1Ev6mysrToMqg,2026-08-04 10:00:25,7142,218,25,120.0,120.0,0.0,0
0D4RvbekNgU,UC6JB_a6rD1lZ_aZgQvORfrQ,2026-07-22 15:30:14,2479,57,0,120.0,120.0,0.0,0
0D5eAG32P_k,UCms8Ge7H1ZGgw6nV94fUhUQ,2026-08-29 09:00:31,17744,137,10,119.76,120.01,0.01,1
0DRSABvjHi4,UCta3D5-EYqO-pduQLxQ8mNQ,2026-07-30 06:34:42,8009,56,0,119.93,120.17,0.07,1
0DWu2iFbJjY,UCby0vMKcLR05ZdS90aZd5og,2026-08-11 07:00:34,8246,15,4,119.99,120.24,0.01,1
0DZWSOOSBk0,UCIKORyfTZ0cN-u0hrxHcgUw,2026-07-23 07:00:12,37,0,2,120.0,120.0,0.0,0
0DbwjL0bAtA,UCt8CJiye87FMbEwt0npPMuQ,2026-08-11 14:30:17,42599,2022,102,120.0,120.0,0.0,0
0Dumdqd1Vyw,UCaN1Qp37sHiCdQuSaXa3fVw,2026-08-02 07:00:38,144336,1965,133,119.99,120.24,0.01,1
0E2EA7jAmxA,UCI4wEWWBEElIbp9jHcFllTw,2026-08-25 13:22:45,28953,203,17,119.88,120.13,0.12,0
0E4mqYsQyQ8,UCqVZTizoA2wQKOj_xaDt10Q,2026-08-14 04:26:24,329,4,0,119.81,120.06,0.06,1
0E7c3WWZ9mo,UC1dG3vI9FfHnH3YgyeKUz_A,2026-08-18 03:00:34,302408,1806,207,119.99,120.24,0.01,0
0EBF4RoXdxM,UCXVVG5ZM3SJJCh94xatR8Dg,2026-07-31 03:00:28,14052,34,6,119.99,120.24,0.01,0
0ETTy276jaU,UCJpAwvQaZyCI5spAz7tipGA,2026-07-15 08:30:34,352957,1923,224,119.99,120.24,0.01,0
0EVjZf4vaoE,UCJj2vuQIpFnk5pbTAtCi3yw,2026-08-07 12:00:27,16539,312,46,119.99,120.24,0.01,0
0FBDCAcHSTE,UCMswODzU1ZjjrLyUk7NfwPA,2026-08-10 11:38:39,21972,577,19,119.86,120.11,0.11,0
0FBetDImRqY,UCcJliZnsRbNw4I4uWSGq_wA,2026-08-27 03:41:59,18186,29,36,119.81,120.06,0.06,0
0FEKnwGAejE,UCifCesg-EUkjKyQedaB3hRg,2026-08-01 01:27:17,16770,520,19,119.8,120.05,0.05,1
0FHKe1wvsnI,UCLHwMFguUxHVSk91vzicEJw,2026-08-04 13:00:25,68970,789,121,120.0,120.0,0.0,0
0FMgD0aodIE,UCEcRvF_6IRSux8FO-ogFZug,2026-08-03 03:00:01,30132,1065,139,120.0,120.0,0.0,0
0FesSyIa3Fs,UCix5yCKpPr18CWrGOSCKCLA,2026-08-29 05:00:37,3838,,2,119.75,120.01,0.01,1
0FgkOaWN5oc,UC4cKHOBS-nRfKFTwf1n8HGA,2026-08-09 15:14:45,37,,0,119.76,120.01,0.01,0
0Fosc0GpQK0,UCqIwPYLfMd3EoWYwvyTjPnA,2026-07-20 23:00:34,76488,682,120,119.99,120.24,0.01,0
0Ft3XgWckXM,UC8FErYSi74YwGUAoTpjvgzQ,2026-08-02 15:59:49,12530,355,31,120.0,120.0,0.0,1
0Fxd5n_rjkM,UCQyZh4b4TLaSVldnDWnh7fA,2026-07-23 11:51:23,1,0,0,119.9,120.15,0.1,0
0G1eUzMSb28,UCYjNEoVziojh1ZCum1q0PNQ,2026-08-16 01:15:20,9939,221,49,120.0,120.0,0.0,0
0GI8jz3jrCI,UCDbOXmGL7EkmOcnUb5Kki4A,2026-08-03 07:30:11,32967,399,223,120.0,120.0,0.0,0
0GXaR6CmPig,UCPuD5ZRQWa_JCaY5NokNhtg,2026-07-23 10:17:29,560,14,3,119.96,120.21,0.04,0
0Gg6cx5r_RU,UCKiCT33Gmj3mlJ5xh-9ZUqw,2026-07-23 14:15:00,8778,45,24,120.0,120.0,0.0,0
0GpycRhdxG4,UC0-sEWFXIymAxx0InClynUA,2026-07-25 02:00:07,174780,11917,160,120.0,120.0,0.0,1
0H22CtasLzc,UC5RxNUZ9_c94ZEfJGnJZmTw,2026-08-07 12:00:12,8342,362,144,120.0,120.0,0.0,0
0HYeuWW_WWk,UCJJZkVUNIxq8XNDzHiAD-eQ,2026-08-02 00:00:03,89015,652,283,120.0,120.0,0.0,0
0H_iDhp_p9s,UCbItyvYa6cqvqtwlU2E9-wA,2026-08-07 18:26:38,20843,894,53,119.81,120.06,0.06,0
0Hd5gr8KD3I,UCJmnOEp1-OITEU0mk4icM5A,2026-07-27 10:00:28,28659,848,44,119.99,120.25,0.01,0
0Hm0VENBUBk,UC_Cp4dXpd94km5Syq2x-xig,2026-08-31 09:01:23,893,1,0,119.99,120.24,0.01,0
0Ho_80Csadc,UC_m_uqd_9s0hZvlgfvCzqbQ,2026-07-26 11:55:26,444,16,4,119.83,120.08,0.08,0
0HqGuNo6E6w,UCO8ToDSM2Gvt3EZdOdosxTw,2026-08-17 09:00:16,23379,472,48,120.0,120.0,0.0,1
0I3p9jxx5rs,UCifCesg-EUkjKyQedaB3hRg,2026-08-20 23:17:59,14002,195,11,119.96,120.21,0.04,0
0I7XfgDEjjE,UCuWDza8A_ntbjwBZgW0ZSNw,2026-08-16 03:30:18,9614,45,8,120.0,120.0,0.0,0
0IBDmbm89RY,UCeB_ZeSo0xDL62wWlkTEtjA,2026-08-17 17:23:46,24691,175,101,119.86,120.11,0.11,0
0IC9WyR_Kms,UCElXDMEQqlUnuyDbChjARWQ,2026-08-28 10:00:32,271,2,0,120.0,120.0,0.0,0
0IHiOruSkyk,UC5ScPjbt-a97AJO7SBj6nAg,2026-08-11 08:30:24,131545,4053,649,120.0,120.0,0.0,0
0INL-OIu3Wg,UCpX86JOUhnrzG7MK8e8Gjbw,2026-07-28 09:40:04,83017,551,440,119.84,120.09,0.09,0
0IUOXS_45j4,UCYooECrv-fIXlPaDwEIaveA,2026-08-15 09:01:16,50509,551,71,119.98,120.23,0.02,0
0IbsHj56e5E,UC9DNu8JRIcE-rpo9eBx1ffw,2026-08-15 13:03:05,1771,5,4,119.95,120.2,0.05,0
0IkZHamjA7k,UCKttwyzsHvW7bCo7YfTacVQ,2026-08-03 18:24:43,1867,19,0,119.84,120.09,0.09,0
0Im5C6q9Svo,UCnju7ULBic4VgkCfDvVXCnA,2026-07-22 20:52:40,10637,158,1,119.88,120.13,0.12,0
0Ito-ZJTRac,UCPGl9DV2WUgaqGVXtVrhJWQ,2026-08-23 02:56:29,38,0,0,119.82,120.07,0.07,0
0J-6BT9XmOA,UCifCesg-EUkjKyQedaB3hRg,2026-08-15 01:44:30,142354,4447,20,119.76,120.01,0.01,1
0J1ZdjetYLA,UCaY7wcqhFb_c2eQ1eRB8rOQ,2026-07-26 10:30:20,41350,898,122,120.0,120.0,0.0,0
0J3HKKO_cuk,UCN7FA8FwikP2p5Vrs5kiivw,2026-08-01 13:00:32,7019,277,6,119.99,120.24,0.01,1
0JAKwqvws6s,UCp6n8d8Y8r3MwKNw_MMaouQ,2026-08-22 18:54:52,11414,288,4,119.85,120.1,0.1,1
0JOQU_VOnO0,UCrwOSKEMgNGb1SIWqiYaulA,2026-07-31 14:59:17,10337,187,2,119.76,120.01,0.01,1
0JPfwDyBFms,UCulcJNJPF25ncT7GvJm6iEg,2026-08-24 10:13:27,50863,2550,116,119.79,120.04,0.04,0
0J_UhTlg2AU,UC-okJdotaXPlzivRzHFqzuA,2026-08-10 18:48:19,128103,2753,1,119.95,120.2,0.05,0
0JlVvBb3nbk,UC_m_uqd_9s0hZvlgfvCzqbQ,2026-07-25 14:29:05,187,1,0,119.77,120.02,0.02,1
0JlucnjokfM,UCnju7ULBic4VgkCfDvVXCnA,2026-08-09 07:13:49,85373,154,3,119.77,120.02,0.02,1
0JtjG5JBEak,UCQfISxq5legTqOt1h1us6lg,2026-07-28 18:01:03,2219,8,2,119.98,120.23,0.02,0
0K3sWQ1TK3E,UCcHVk5SFxfYhCbbX8pWWuVg,2026-07-29 09:00:29,13209,134,31,119.99,120.24,0.01,0
0KB-eRfhroQ,UCNRnCc0hg3ZcKdOGXKKv5Ww,2026-08-25 17:46:39,28606,90,2,119.98,120.23,0.02,0
0KBCteE3qc8,UCqIwPYLfMd3EoWYwvyTjPnA,2026-07-22 03:00:35,110686,476,57,119.99,120.24,0.01,0
0KGDoum3yng,UCPsZX-D7LW99PjZLA-UysPQ,2026-08-06 06:00:35,199,0,0,119.99,120.24,0.01,0
0KHtgyCfYeY,UCw1DsweY9b2AKGjV4kGJP1A,2026-08-25 15:27:14,87257,803,187,119.81,120.06,0.06,1
0KLf_H_bZTs,UC43hOVGChFuQRV47vxc_c-g,2026-07-25 17:51:19,151,,0,119.9,120.15,0.1,0
0KN8_Hp4QgQ,UCJYdIDfGkqXTsQq5aW4md0Q,2026-07-23 16:49:32,664,8,2,119.93,120.18,0.07,0
0KNU-0tv2Pw,UCZaNYFjF_SRRJPVuGX7yMjQ,2026-07-22 13:09:48,9,0,0,119.84,120.09,0.09,0
0KuJGYGWmq4,UCkrNv6xF8j7QZmWb3UeAH8A,2026-07-30 10:35:06,3078,26,5,119.92,120.17,0.08,0
0KyrRXXnDbg,UCE8JC9RAVSudDT_8Ji1fuPQ,2026-08-13 08:45:03,246266,2576,332,120.0,120.0,0.0,1
0L00z8nU60k,UCdGiRd1dTixfQxQrb2pbn5Q,2026-08-21 10:44:06,4029,65,14,119.78,120.03,0.03,1
0L4LAxmJZV0,UC4oe-OVZ2Ho-03yrMkrXomQ,2026-08-19 07:00:13,235366,3493,114,119.76,120.01,0.01,1
0LLMIc3RT3A,UCBtJuwDt6LlXp2YASC-ZMdA,2026-08-24 10:00:31,951,7,0,120.0,120.0,0.0,1
0LMawkR4ljI,UC78d2aaqdrt02RfmtRLmlAw,2026-08-22 21:41:21,2078,24,1,119.82,120.07,0.07,0
0LblGkmttqA,UCnCFD3met1Ip7OngdF9TRDg,2026-08-03 03:34:40,29213,491,103,119.93,120.18,0.07,0
0LdnbgGUowc,UCrKSaegnzewdj9-YLsUhoZw,2026-08-15 23:48:08,6054,41,6,119.95,120.2,0.05,0
0LfmNFM1m8Y,UC5ThQKdocwo_9UurfT5P_ww,2026-08-10 04:08:48,259309,3053,58,119.86,120.11,0.11,1
0LhRPHeKTsU,UC-yb5eNBQyXBE9nZnht9u-g,2026-07-24 10:40:03,5594,212,2,119.83,120.08,0.08,1
0LyhbtTSbxM,UCJDXc9JWCZo-nLNKr_-L2Ng,2026-08-30 14:00:21,13855,227,6,119.76,120.01,0.01,0
0M2_U4ollbQ,UCrY2B2XX41ReYh9DIWrFfCg,2026-08-26 09:52:36,2620,,4,119.88,120.13,0.12,0
0M8sYH266tg,UCKrprPfevcAZpPuRnCO6xOA,2026-07-28 09:00:35,1186,11,2,119.99,120.24,0.01,0
0MBntc-WRPo,UCV7WE8I_UiAN0fa6Arezx_w,2026-07-19 07:00:29,148,2,0,119.99,120.24,0.01,0
0MDx4E7oh3c,UCxpXguPL_B5pz7Gq8ozfwlA,2026-07-22 13:40:28,9412,34,1,119.83,120.08,0.08,0
0MFBLAytOcc,UC7bcRlidTERRb_MKRHPVSnw,2026-08-21 11:08:37,112402,3422,455,119.87,120.12,0.12,0
0MHou2oqBlM,UCpI-AhCT02iQRGLC2ZcY0Jw,2026-08-03 01:00:31,24387,304,379,119.99,120.24,0.01,0
0MlqoD63-NU,UCbvvdVOF0teLO-U6GWh1RKg,2026-08-16 04:07:17,2330,39,9,119.88,120.13,0.12,0
0Mnt8H4iPBQ,UCOgXOOKbZRtfQvlggBpN6zw,2026-08-12 13:36:57,159,14,23,119.89,120.14,0.11,0
0MrAm8HoOQ0,UCPGl9DV2WUgaqGVXtVrhJWQ,2026-07-16 15:00:33,143,0,0,119.99,120.24,0.01,0
0N-k--zZu9U,UCV6mNrW8CrmWtcxWfQXy11g,2026-07-24 06:00:04,1633497,57318,208,120.0,120.0,0.0,1
0NBZPL05A_I,UCL2ZLyAV0H9Pvi46W7TGdHQ,2026-08-09 11:00:20,29924,220,45,120.0,120.0,0.0,0
0NVXe2nd2u4,UCZ-UuK86Bk5sGzQQ2cEglJQ,2026-08-02 10:30:20,187619,2119,112,120.0,120.0,0.0,0
0NWqyM016zs,UCs0LzOveQMLImmmTrMmP2sg,2026-08-24 11:00:03,97693,443,53,119.76,120.01,0.01,0
0NeCvKl_Bvw,UCUPa-gJcbYG9Ql8b9H9FBbg,2026-08-23 00:00:14,4698,58,10,119.76,120.01,0.01,0
0Np5AKekIHM,UCKttwyzsHvW7bCo7YfTacVQ,2026-07-26 11:26:58,25451,498,47,119.8,120.05,0.05,0
0NpzuTNzNBw,UCJENagCOfjMxdQUDxO4kq2Q,2026-08-03 04:22:04,703,6,3,119.88,120.13,0.12,0
0NyCgTr8LtM,UCS-X1uBDTNwAYyydiXjcX9A,2026-08-26 03:13:13,2559,37,3,119.79,120.04,0.04,1
0O-5FiZmf2w,UCnju7ULBic4VgkCfDvVXCnA,2026-07-30 07:22:56,177534,273,70,119.87,120.12,0.12,1
0O6BXtT2v1E,UC-okJdotaXPlzivRzHFqzuA,2026-08-22 08:59:28,49307,994,28,119.77,120.02,0.02,0
0OGdVtHLDPg,UCV7WE8I_UiAN0fa6Arezx_w,2026-07-26 12:00:29,184,0,0,119.99,120.24,0.01,0
0OU63z-EHro,UCBexUDlBSJM2h4xZB3ch53g,2026-08-04 07:30:34,21811,291,31,119.99,120.24,0.01,1
0OY3StS8wXY,UCLbehOwlIi6QrfZNhC39t4Q,2026-07-27 11:54:29,465063,7366,117,119.84,120.09,0.09,1
0O_CNEiUbWs,UCz4b1O9sT73P8DWwx6OvQwg,2026-07-20 07:03:39,47299,747,66,119.94,120.19,0.06,0
0OaASBiGzlw,UCooLkG0FfrkPBQsSuC95L6w,2026-07-31 17:00:14,14334,293,13,120.0,120.0,0.0,0
0OdXCvuSZJ4,UCZ6mNZTiTUrUSbSYPlclI4A,2026-08-15 02:30:05,2221,37,6,120.0,120.0,0.0,0
0OpYsaK4SGM,UCV7WE8I_UiAN0fa6Arezx_w,2026-08-03 04:00:23,140,0,0,120.0,120.0,0.0,0
0OxXSEaMgkI,UCB4gIGaPUiLtpPreFSf8fKQ,2026-08-01 16:48:13,3730,45,12,119.95,120.2,0.05,0
0P-1KXK0r6Q,UCpI-AhCT02iQRGLC2ZcY0Jw,2026-08-07 01:10:05,41426,414,338,119.83,120.08,0.08,0
0P6e6Ym0Yw0,UCKrprPfevcAZpPuRnCO6xOA,2026-07-28 09:30:04,533,2,6,120.0,120.0,0.0,0
0PDxRrJ7EJI,UCbItyvYa6cqvqtwlU2E9-wA,2026-08-16 18:00:32,12005,583,35,119.99,120.24,0.01,0
0PJbI-mF374,UCZFGZ_LhwgiTxaJzJ0QGdFw,2026-08-23 22:09:47,3622,16,0,119.85,120.1,0.1,0
0PQSvTWyCPo,UCTmniSiCVyG_UKVCEa9PNKA,2026-07-31 15:36:30,7793,143,14,119.89,120.14,0.11,0
0PW-7m9Njkg,UCIvLQ5lZ2kebqnLaGv_FP4w,2026-08-15 17:51:03,3188,13,0,119.9,120.15,0.1,0
0PdZGYQuZmI,UC9nWoDbRAl3-fvreBNeStKQ,2026-08-04 11:09:11,8955,146,13,119.85,120.1,0.1,1
0lKDKdWcdbI,UCqVZTizoA2wQKOj_xaDt10Q,2026-08-07 03:45:56,256,4,0,119.99,120.24,0.01,1
0lL6FXVtUxQ,UC8aCmG_y4DqqVI9Xlcym1Jg,2026-08-20 19:30:23,483,41,0,120.0,120.0,0.0,0
0lRY1bm_9S8,UCt8CJiye87FMbEwt0npPMuQ,2026-08-21 12:30:40,25815,1122,95,120.0,120.0,0.0,0
0lcwkJgiQ80,UCAaLhok91QDrweyuDRsmjqQ,2026-08-07 11:21:33,120078,930,102,119.89,120.14,0.11,0
0lhH3xi1v8w,UCTVkjiEiaiSbEq0Qwd5XTPA,2026-08-04 15:23:46,269,8,3,119.86,120.11,0.11,0
0luttggpC3Q,UCkpKYfb8wM67QnKxBj9bZXA,2026-08-12 03:00:13,9374,57,5,120.0,120.0,0.0,1
0lwjlFNQyG0,UCp9skQ2mP_DfVL8c3gZQUzg,2026-08-20 09:00:02,58852,203,21,119.76,120.01,0.01,1
0ly02udU1hg,UC60HSePkZwGFzRj6VSDa6Ew,2026-08-13 17:42:26,8616,107,15,119.8,120.05,0.05,0
0m6vhl7-Htw,UCnV5tUnOVGyT-Ncj0s0tPTw,2026-08-12 11:23:38,6470,55,2,119.86,120.11,0.11,0
0mIF7wzixzE,UCBmPfbqvGwTTfrV-H_UOfdw,2026-08-05 01:28:47,12005301,123010,2368,119.77,120.02,0.02,1
0mSFvr2eaco,UCDHGqgpiHQAsE0UiltRqhfQ,2026-08-12 14:27:34,2395,9,1,119.79,120.04,0.04,0
0mVBk2RVITc,UCZPfs7xIjGmOGs9kvgGhUKQ,2026-07-24 09:46:53,180,3,0,119.97,120.22,0.03,0
0m_8AjiMLng,UCQ9eDVhFn_jq7eTpjf21ouA,2026-08-01 03:35:04,253840,3427,345,119.92,120.17,0.08,0
0mcK9dyfCxo,UCPJGXrPIVKBR8PJY7w33WZw,2026-08-20 06:00:06,28786,459,98,120.0,120.0,0.0,0
0mjiALQrWrA,UCabScupufwcOzAdcVXZrmlg,2026-07-25 01:47:06,9353,212,56,119.97,120.22,0.03,0
0mrvMDpy44w,UC543-TDm6IvHHZXwdSFioMw,2026-08-25 12:30:35,9752,51,3,120.0,120.0,0.0,1
0n7EG4PkNxk,UCby0vMKcLR05ZdS90aZd5og,2026-07-12 10:20:24,4866,7,0,119.91,120.16,0.09,1
0nDU3dzvefg,UCHK-FRuAjk8g798dD7L7xqA,2026-08-02 02:30:10,90352,1540,16,120.0,120.0,0.0,1
0nRk6YeUdHk,UCSrQnB-Ip9hc0biFQ3HoKzg,2026-08-27 11:00:05,4107,265,8,119.76,120.01,0.01,0
0n_OdcCZHsw,UC1Ns07Rw0lQK-KuaPHfRRTw,2026-08-08 12:21:25,120,0,0,119.9,120.15,0.1,0
0nk8ZxOPZjs,UCpcTrCXblq78GZrTUTLWeBw,2026-07-10 12:30:14,50340,314,50,116.26,120.12,0.12,0
0nmmLiu2pLU,UCwM82cUqM87k4tnCTZxbTqA,2026-08-24 10:00:00,21614,192,57,119.76,120.01,0.01,0
0npM2orK1FE,UCPGl9DV2WUgaqGVXtVrhJWQ,2026-08-01 15:00:21,12,0,0,120.0,120.0,0.0,0
0ntrPlIZspY,UCB4gIGaPUiLtpPreFSf8fKQ,2026-08-10 11:00:03,1676,26,8,120.0,120.0,0.0,0
0nujMBI6sOU,UCkphwoGMBs2_0raLOqu9aQw,2026-08-19 12:00:23,93,2,1,120.0,120.0,0.0,0
0nx7Y5SkJEc,UC2yOBpLVwB7kzt9C5ZPbB7w,2026-07-25 04:00:07,32541,571,19,120.0,120.0,0.0,1
0oYQl-8LG2k,UCSgvQDek_7CQj08fu7kp1Iw,2026-08-10 09:00:01,121921,1285,163,120.0,120.0,0.0,0
0ohDinmH9DY,UCHK-FRuAjk8g798dD7L7xqA,2026-07-30 03:40:40,133321,2497,72,119.83,120.08,0.08,1
0otoNhMx060,UCCMQyaKDjQJY79VimTdaYYQ,2026-07-18 02:53:51,149430,820,774,119.85,120.1,0.1,0
0oz0TQtVlTM,UCPuD5ZRQWa_JCaY5NokNhtg,2026-07-26 12:52:19,744,16,8,119.88,120.13,0.12,0
0p7ei_vIQyg,UC-8S20Ll1gzPiu_YY8BgyaQ,2026-07-21 09:36:17,139766,707,15,119.9,120.15,0.1,1
0pDlJqWI-as,UCkphwoGMBs2_0raLOqu9aQw,2026-07-31 12:00:11,74,4,5,120.0,120.0,0.0,0
0pL3Lw_OSGs,UCKmOaDLQpgbsmGsHpV9688g,2026-08-17 12:27:27,2306,100,50,119.8,120.05,0.05,0
0pOCKlgjLKo,UCCW6uYIUP4YKKe50k-ktVAw,2026-07-24 08:00:33,48643,1026,69,119.99,120.24,0.01,0
0pQvT44VAjU,UCBo7GIv99qTzHaa6ip09YLA,2026-07-30 08:00:01,20155,57,11,120.0,120.0,0.0,1
0pYJNzRLg0Y,UCzDmGDR5RdahQkLCBoWlTEg,2026-08-30 12:03:02,31486,179,1,119.96,120.21,0.04,0
0pacvZ_zVHc,UCd6CX2LiQE2dEAPXwk2N0jg,2026-08-18 11:50:13,81516,766,119,119.92,120.18,0.08,0
0pkgylyN-bU,UCYGF_xk5RDpltyZDSx040uw,2026-08-22 03:07:43,41998,385,43,119.88,120.13,0.12,0
0pn_wfX7PM4,UCjsqgRBvkn8XadWraSQxTKQ,2026-08-20 05:54:35,4090,75,8,119.85,120.1,0.1,0
0pvKqIEFsIE,UCgjaQlejpAnIu0q-xtVfTEw,2026-08-13 12:00:22,248715,3843,235,120.0,120.0,0.0,1
0pyY1vnMK0k,UCNpcMizRJ73OJm48LszuytQ,2026-08-03 08:00:35,40373,1048,34,119.99,120.24,0.01,1
0q0IqEMVmPg,UCab17MxxnFtAhGsJVTkSkCg,2026-08-13 08:32:04,508,10,0,119.97,120.22,0.03,0
0q0xrn73fB0,UCpcTrCXblq78GZrTUTLWeBw,2026-07-20 01:51:35,6771671,52669,3391,119.89,120.14,0.11,0
0q7xiamtqws,UCt8CJiye87FMbEwt0npPMuQ,2026-07-10 16:00:09,7687,321,36,120.0,120.0,0.0,0
0qJyjqfuyo0,UC46X_E7jxvJ1O_3gnaeCxeg,2026-07-17 00:45:29,94248,671,92,119.99,120.24,0.01,0
0qfsBjlTwNg,UCab17MxxnFtAhGsJVTkSkCg,2026-07-29 11:33:13,616,10,2,119.95,120.2,0.05,0
0qhtt2KhEPE,UCgjaQlejpAnIu0q-xtVfTEw,2026-07-23 00:24:02,86226,1534,49,119.85,120.1,0.1,1
0qiykLdWXMI,UCoIEwIHhW-1_roLnb5nK_UA,2026-07-29 15:15:29,3299,28,18,119.99,120.24,0.01,0
0qjCzbJCguY,UCM81CAJ2_Y42-bvK1OQnAAA,2026-08-14 12:41:55,88928,1042,821,119.8,120.05,0.05,0
0qp03X8Ldmk,UC4VWaR3R17Ruc7j1Cy1-PKQ,2026-08-19 01:50:29,308,1,0,119.92,120.17,0.08,1
0qw2uFcG14U,UCPPuXI31ybWYB560T2uAeMg,2026-07-18 07:31:30,8437,55,13,119.98,120.23,0.02,0
0r078iWlCCQ,UCuWDza8A_ntbjwBZgW0ZSNw,2026-08-22 05:00:21,210596,3809,74,119.75,120.01,0.01,1
0r4bACEAEMs,UCgT-gb3favw2jQgwxbbwwaA,2026-08-23 23:09:45,137257,957,6,119.85,120.1,0.1,1
0r98CVHRWNg,UCkvz_CZlthtVo7E2sGa43cg,2026-08-27 08:08:07,251945,1681,131,119.88,120.13,0.12,0
0r9ITXGUp7o,UCAaLhok91QDrweyuDRsmjqQ,2026-07-21 11:24:11,180824,1250,133,119.85,120.1,0.1,0
0rDgxLic_lA,UC-FiQR2gg8oiNw98ZdsSX6Q,2026-07-29 18:00:05,1209,8,2,120.0,120.0,0.0,0
0rKEePT4Cuw,UCeB_ZeSo0xDL62wWlkTEtjA,2026-07-26 23:00:40,22279,154,58,119.99,120.24,0.01,0
0rMcYmfuwTY,UCt8CJiye87FMbEwt0npPMuQ,2026-08-26 17:52:07,25786,727,33,119.89,120.14,0.11,1
0roiqEhKTvA,UCyfvCj_x8SzzSbhqr--dhvg,2026-07-27 03:38:05,518,0,0,119.87,120.12,0.12,1
0rolNECIoGg,UCQJuZxeDv2P05YHcC-tIEVQ,2026-07-21 08:00:04,17900,330,23,120.0,120.0,0.0,0
0s1-H1skO9I,UCt8CJiye87FMbEwt0npPMuQ,2026-08-04 15:00:39,96374,5779,339,119.99,120.25,0.01,0
0s4FGcoQnfE,UCSOeJWyByeoBHpmrm0NnlLw,2026-08-07 07:00:08,30812,367,82,120.0,120.0,0.0,0
0sANkungDQ8,UCei_ecYpQqFjYhjLaDPr2Lw,2026-08-22 13:32:55,148,23,1,119.96,120.21,0.04,0
0sBafIXzfKs,UC2WBkFH1nHcO6aFLWo6sZQg,2026-08-01 15:37:25,12564,715,9,119.88,120.13,0.12,0
0sF1tdFFoPE,UCZ6mNZTiTUrUSbSYPlclI4A,2026-07-23 04:30:47,69155,1095,29,119.99,120.24,0.01,1
0sjW7xgzbV0,UC2ja61Zku_rw3ZBfDZi8cuQ,2026-07-28 01:00:38,29194,116,7,120.0,120.0,0.0,1
0sk9RnXWC5k,UC08-hQbwh7eyr8PlaYG2-sQ,2026-08-14 10:00:17,7804,225,24,120.0,120.0,0.0,0
0t0RsrMeu24,UCa2liSwjQST4AGcg6LFQakQ,2026-08-05 04:00:12,1296,5,0,120.0,120.0,0.0,1
0t4DfTNgfUE,UC-pobd8lZE33BSDz-iyHfJQ,2026-07-31 03:02:35,834,6,0,119.96,120.21,0.04,0
0tCgkiTvYQ4,UCV6mNrW8CrmWtcxWfQXy11g,2026-08-08 16:00:02,30896,1200,37,120.0,120.0,0.0,1
0tCnLtllkVQ,UCdb5lyq0tWbY3jqH35SufmA,2026-07-24 22:30:10,32482,150,40,120.0,120.0,0.0,0
0tJGK10ms10,UC3BUvshHmW_-ReQX1B_EeOA,2026-08-29 04:01:11,87741,414,117,120.0,120.0,0.0,0
0tMzpDq-xeo,UCz5UFGucIyJGH0nf_8d0ghA,2026-07-26 02:36:28,1444,44,17,119.9,120.15,0.1,0
0tVZXKRqMB4,UC2NFRq9s2neD_Ml0tPhNC2Q,2026-07-27 02:30:25,191920,3690,29,119.99,120.24,0.01,1
0tcUe9ju6c0,UCKttwyzsHvW7bCo7YfTacVQ,2026-08-25 18:45:44,1197,15,0,120.0,120.0,0.0,0
0tcedD43j2g,UCTNyl3P7q6PNhPddh6d7WJQ,2026-07-12 21:13:32,19,1,0,119.78,120.03,0.03,0
0tvlvLwf6zk,UCBS4sjbGJIcclT-Y6i_Jzkg,2026-07-27 17:04:06,28943,822,10,119.93,120.18,0.07,1
0uEdx_EVUX4,UC2yOBpLVwB7kzt9C5ZPbB7w,2026-08-17 10:00:25,59343,925,75,120.0,120.0,0.0,1
0uWZiYudVbo,UC2k1bSUZ4X02jMs_sTS9jiQ,2026-08-09 12:15:06,10824,200,11,120.0,120.0,0.0,0
0uX-4JUUwRE,UCYooECrv-fIXlPaDwEIaveA,2026-07-23 09:01:40,32543,344,24,119.97,120.22,0.03,0
0u_AHcY-SYs,UCJmnOEp1-OITEU0mk4icM5A,2026-08-06 07:00:10,26870,425,88,120.0,120.0,0.0,0
0ufP3cCVbQ0,UCLbehOwlIi6QrfZNhC39t4Q,2026-07-13 08:00:22,29178,583,55,119.99,120.25,0.01,0
0vGush1J0Hg,UCl402YYy7RcH7PBI3npmGPQ,2026-08-28 03:00:30,256170,683,382,119.75,120.01,0.01,0
0vbWGspGwSk,UCdb5lyq0tWbY3jqH35SufmA,2026-08-26 22:30:09,90482,170,28,119.76,120.01,0.01,1
0vcPkLt1Ejc,UCY_vDlvG-BTDRIOk_I9QQ6g,2026-08-29 06:00:17,7222,40,14,119.76,120.01,0.01,1
0vhJwWbVJug,UC4VWaR3R17Ruc7j1Cy1-PKQ,2026-08-08 03:21:56,1511,4,0,119.89,120.14,0.11,1
0vnXtTbL6zc,UCt15X5eHLwyP8PpNtQTkuDQ,2026-07-17 12:59:17,716465,9425,698,119.76,120.01,0.01,0
0vrWXX-HSJ8,UCD8r5Jgns2V64-NcUmXclpg,2026-07-29 03:15:36,58499,318,47,119.99,120.24,0.01,0
0wsjrgrpCoY,UCab17MxxnFtAhGsJVTkSkCg,2026-08-19 08:18:14,1535,30,1,119.96,120.21,0.04,0
0xDu9HztQe0,UC8a9-ubjMyQkDH9Jr8EX0JQ,2026-07-17 02:40:29,86,3,0,119.83,120.08,0.08,0
0xJCC1NXnHo,UC08-hQbwh7eyr8PlaYG2-sQ,2026-07-20 10:00:18,18451,295,155,120.0,120.0,0.0,0
0xLn-luQ1Q4,UCE8JC9RAVSudDT_8Ji1fuPQ,2026-07-13 08:45:16,27212,602,49,120.0,120.0,0.0,1
0xcuEEv_0WI,UCrKSaegnzewdj9-YLsUhoZw,2026-07-10 23:50:32,6408,42,18,119.91,120.16,0.09,0
0xho5l6w-2Q,UC5ThQKdocwo_9UurfT5P_ww,2026-08-21 07:00:25,190490,3197,86,119.76,120.01,0.01,1
0xo5vRgm6as,UCPsZX-D7LW99PjZLA-UysPQ,2026-07-24 03:00:30,486,6,1,120.0,120.0,0.0,0
0xyD2b09eIE,UCNZiNM2pP6uhIlTQVS2Q5fA,2026-07-22 09:00:10,248406,3527,132,120.0,120.0,0.0,1
0y-NZZvbqbo,UCPsZX-D7LW99PjZLA-UysPQ,2026-08-31 03:00:12,1330,7,2,119.76,120.01,0.01,0
0y3M0VqUnAs,UCYG8tuvbQzWsDeoADyJFU8Q,2026-08-04 19:55:37,3703,71,3,119.82,120.08,0.08,0
0yBkyzjGM8g,UCnhGcri8x6xhehanhAe9ipw,2026-08-06 11:30:26,25880,426,26,120.0,120.0,0.0,1
0yByY756Xwk,UCYGF_xk5RDpltyZDSx040uw,2026-08-10 11:03:53,214541,3132,43,119.94,120.19,0.06,1
0yFfPyyCt8A,UCpcTrCXblq78GZrTUTLWeBw,2026-07-12 01:45:28,187778,1229,239,119.99,120.24,0.01,0
0yOiYiv3OTs,UCt8CJiye87FMbEwt0npPMuQ,2026-08-13 14:00:04,17658,840,60,120.0,120.0,0.0,0
0yY6yfV6nZY,UChUNd9Dt96PzfB24BtVviHg,2026-08-18 09:00:21,20325,279,7,120.0,120.0,0.0,1
0ybYQq1mxcA,UCeB_ZeSo0xDL62wWlkTEtjA,2026-07-22 10:39:32,0,1,0,119.85,120.1,0.1,0
0ykVry8GanA,UCvagJYsZ_uvB3jJoNwuimZQ,2026-08-08 13:40:10,20362,45,0,119.83,120.08,0.08,0
0zCILKFMYmo,UCyiKngyUPUb1bka4yFrn65g,2026-08-16 10:37:44,35768,90,10,119.87,120.12,0.12,1
0zCMgdR7PoU,UC5ScPjbt-a97AJO7SBj6nAg,2026-08-27 09:30:01,115944,3027,92,119.76,120.01,0.01,1
0zEorAXaPJw,UCBidluUUxzT_5jVOI_2x2MQ,2026-08-04 03:00:12,1396,10,0,120.0,120.0,0.0,1
0zRv31vv_yU,UCwUdsbSoKjC9FDcpihDeXSg,2026-08-11 12:15:32,45913,21,11,119.99,120.24,0.01,1
0zehXXJ0OCE,UCNOj6xtKWCtPbjJV8XPlbLg,2026-08-06 15:20:00,66964,742,69,119.92,120.17,0.08,0
0zgIOBT0VrA,UCPGl9DV2WUgaqGVXtVrhJWQ,2026-08-26 15:00:09,12,1,0,119.76,120.01,0.01,0
0zpv3sdDOtM,UCN9VGDvz2M3vdR0czEUp6lQ,2026-08-31 04:00:10,9166,72,56,119.76,120.01,0.01,0
0zsfcNt8asM,UCJmnOEp1-OITEU0mk4icM5A,2026-08-13 02:00:29,78398,876,245,119.99,120.24,0.01,0
1--QDwwnUJg,UCv1tOT645xHOJrwdGlzjMaA,2026-07-30 09:25:34,122750,3105,44,119.83,120.08,0.08,1
1-3l9ItPI8A,UCv1tOT645xHOJrwdGlzjMaA,2026-07-23 11:41:13,59551,1223,60,119.81,120.06,0.06,1
1-6FqrTDPoY,UCt8CJiye87FMbEwt0npPMuQ,2026-07-28 13:00:24,6432,302,34,120.0,120.0,0.0,1
1-6zXvPijm4,UCw-JzmPsjRcbzJLncr4pIIA,2026-08-10 12:57:31,171553,2774,237,119.79,120.05,0.05,0
1-7WydGG98s,UCV6mNrW8CrmWtcxWfQXy11g,2026-08-23 17:23:49,59694,1987,264,119.86,120.11,0.11,0
1-DLPM1FWjA,UCPuD5ZRQWa_JCaY5NokNhtg,2026-07-25 10:36:34,633,12,4,119.89,120.14,0.11,0
1-Fub46Z61s,UCC1LvVTX2ySKYjeIXkAtvsQ,2026-08-23 09:00:26,2387371,17035,322,119.76,120.01,0.01,1
1-O9_tcN7f4,UCBexUDlBSJM2h4xZB3ch53g,2026-08-26 07:30:06,6981,181,16,119.76,120.01,0.01,1
1-UgHt4jqTM,UCS3_H_feQRm4QbXipKTvSrw,2026-07-22 13:53:51,76892,1159,21,119.85,120.1,0.1,1
1-aAeJ-lS9g,UC0PMQXAwF6O6aeTpv962miA,2026-07-29 16:15:11,26364,748,99,120.0,120.0,0.0,0
1-bqJRQ3XTs,UC1dHu9GhbHH7RcHKyJdaOvA,2026-07-24 01:25:10,72183,230,169,119.83,120.08,0.08,0
1-mi3kOAffg,UCHbz27HAkCIQNw_G2Pa7XVg,2026-08-03 06:00:30,9512,141,12,120.0,120.0,0.0,1
10-No1aJxgk,UCPGl9DV2WUgaqGVXtVrhJWQ,2026-07-28 15:00:19,15,0,0,120.0,120.0,0.0,0
105GVF5uTfk,UCPGl9DV2WUgaqGVXtVrhJWQ,2026-08-10 13:12:54,5,0,0,119.79,120.04,0.04,0
1089ZcNBPCc,UCZaNYFjF_SRRJPVuGX7yMjQ,2026-07-11 08:21:37,2,2,0,119.89,120.14,0.11,0
109g3XTN9As,UCPGl9DV2WUgaqGVXtVrhJWQ,2026-08-12 11:43:20,6,0,0,119.78,120.03,0.03,0
10IP5EliP6I,UCZ6mNZTiTUrUSbSYPlclI4A,2026-07-29 12:33:03,4674,82,5,119.95,120.2,0.05,1
10TCBTXLZzs,UCw1DsweY9b2AKGjV4kGJP1A,2026-08-02 09:50:12,171870,536,33,119.92,120.17,0.08,1
10gU7_pFjyY,UCV6mNrW8CrmWtcxWfQXy11g,2026-08-31 15:00:25,559988,21903,430,119.76,120.01,0.01,1
10nacjK9R0o,UC8aCmG_y4DqqVI9Xlcym1Jg,2026-08-19 19:12:30,21800,669,39,119.8,120.05,0.05,0
10tc9LBDdBo,UCHJv9xBR9lkzGSIepie-T_A,2026-07-22 21:30:12,3551,50,2,120.0,120.0,0.0,0
10u4CR59IYM,UCNpcMizRJ73OJm48LszuytQ,2026-07-27 08:00:02,15584,751,31,120.0,120.0,0.0,1
113am0fvpyE,UC_2x8h1QrTHOO0i4Yiss-ww,2026-07-29 10:00:06,156624,1664,40,120.0,120.0,0.0,1
11FR1kbIZAY,UCnju7ULBic4VgkCfDvVXCnA,2026-07-25 02:31:21,35746,273,52,119.98,120.23,0.02,1
11fjfr_3h7w,UCYJ0Ucu9jPX5kn6SeDcNaIQ,2026-08-30 01:48:57,476613,2373,166,119.95,120.2,0.05,0
11mkH84v1PY,UC8E29ANOC3_OuB7_5EPY2xw,2026-08-21 13:50:08,1627,6,0,119.93,120.18,0.07,1
11mztt3w13Q,UCPGl9DV2WUgaqGVXtVrhJWQ,2026-07-30 14:40:56,7,0,0,119.82,120.07,0.07,0
11niYyhu7mQ,UCU0-6z_KU9AShyR9J6gcFGw,2026-07-30 00:45:59,435,6,0,119.99,120.24,0.01,0
11p8cshtJeI,UCdoTrHNHnoRbaQenxK5PEUg,2026-07-27 01:37:10,66,0,0,119.88,120.13,0.12,0
11pUvKAytGQ,UCpcTrCXblq78GZrTUTLWeBw,2026-08-27 08:30:30,36123,256,15,120.0,120.0,0.0,0
11tYQ29Z1ms,UC2yOBpLVwB7kzt9C5ZPbB7w,2026-08-20 07:00:04,88097,1319,60,120.0,120.0,0.0,1
120z8DRmY8k,UCFHUplScMiWTjJrtv4hxWmg,2026-08-17 12:21:52,66379,510,,119.89,120.14,0.11,0
121v9FRIAKU,UCnCeDIkExSpULGqmpj5oafg,2026-08-15 15:00:39,8634,46,10,119.74,120.24,0.24,1
129jkZEWZCQ,UCt8CJiye87FMbEwt0npPMuQ,2026-08-13 04:00:36,2235,80,4,119.99,120.24,0.01,0
12F_Swh2hBc,UCJmnOEp1-OITEU0mk4icM5A,2026-07-28 12:00:25,13267,188,15,120.0,120.0,0.0,1
12PeX3XAn0o,UC3hCAmwyYNgRuOOSFV7evVA,2026-08-17 10:00:27,27225,220,28,120.0,120.0,0.0,0
12Ptx_6691s,UC24GgPBq5W3v34z0p0uk1Ow,2026-08-09 03:00:31,2691,23,11,120.0,120.0,0.0,0
12zjywR2CTw,UCPuD5ZRQWa_JCaY5NokNhtg,2026-07-30 16:56:15,695,15,10,119.81,120.06,0.06,0
130AlwQHyaQ,UCt8CJiye87FMbEwt0npPMuQ,2026-08-20 15:30:32,3877,146,29,120.0,120.0,0.0,0
136jEaZ7e6c,UC8aCmG_y4DqqVI9Xlcym1Jg,2026-08-24 00:30:36,217,19,0,120.0,120.0,0.0,0
137NzbVwTA0,UCeiDuGZqWT4iiIXRTfhM3qQ,2026-08-31 07:32:29,7029,79,0,119.97,120.22,0.03,0
13NQjSQYBZE,UCPGl9DV2WUgaqGVXtVrhJWQ,2026-08-31 14:16:31,7,0,0,119.99,120.24,0.01,0
13oaFy2NxH8,UCcstDLbuhxEbFKkPZ6wST2A,2026-08-27 09:00:21,58753,73,42,119.75,120.01,0.01,0
13pdVrTxIQY,UCoIEwIHhW-1_roLnb5nK_UA,2026-07-28 14:15:28,293,8,0,120.0,120.0,0.0,0
13yL6DOD5Jc,UCqIwPYLfMd3EoWYwvyTjPnA,2026-08-25 03:00:11,10729,111,17,119.76,120.01,0.01,0
14C-3B4rNKA,UCDBAVzfX3yZ1hah0FHnOoaA,2026-08-08 13:00:02,490428,2019,405,120.0,120.0,0.0,0
14sL3CyBno4,UC43hOVGChFuQRV47vxc_c-g,2026-08-16 19:02:44,192,3,0,119.96,120.21,0.04,0
14vvMh59o9s,UCt8CJiye87FMbEwt0npPMuQ,2026-08-22 12:30:13,15975,892,56,119.76,120.01,0.01,0
15-mkvW7F1s,UCV7WE8I_UiAN0fa6Arezx_w,2026-08-27 16:00:34,113,0,0,120.0,120.0,0.0,0
0Pfjzf_Vpe0,UCnhGcri8x6xhehanhAe9ipw,2026-07-27 12:50:07,10058,462,24,119.92,120.17,0.08,0
0Pj3akEUZVM,UCcstDLbuhxEbFKkPZ6wST2A,2026-08-14 09:00:01,7765,28,7,120.0,120.0,0.0,0
0PzwE1KxGtI,UCYsRymb9vAsOOLBy-Wo1kRg,2026-08-07 07:00:06,2845,105,27,120.0,120.0,0.0,0
0Qdsq-VOar8,UCaZv-jDn5Mq5KJ1buXDRd4w,2026-08-11 11:00:12,22350,308,98,120.0,120.0,0.0,0
0QrjWgguSZU,UCL_IvtOZo6sONpiydbzzHpA,2026-07-23 09:28:20,41135,631,86,119.78,120.03,0.03,0
0R-P4OdlEMk,UC1IUMdwaJ22A6FkPiI8dcig,2026-08-07 13:31:30,92681,2375,145,119.98,120.23,0.02,1
0RGbEwxZu1c,UCw1DsweY9b2AKGjV4kGJP1A,2026-08-14 09:45:29,94158,212,19,120.0,120.0,0.0,1
0RMcB0Mba6A,UCV7WE8I_UiAN0fa6Arezx_w,2026-08-08 07:00:37,31,0,0,119.99,120.24,0.01,0
0RkmpfgESe0,UCby0vMKcLR05ZdS90aZd5og,2026-08-28 08:07:42,4491,8,0,119.88,120.13,0.12,1
0RtXxPu9eIg,UC3RzmV2LX3AmWhZVx0A7u0A,2026-07-19 08:00:17,96850,2179,92,120.0,120.0,0.0,1
0RvYON-7KYY,UCkoszQp0YiJa9lGm_wK0xGQ,2026-07-25 13:01:07,721,6,0,119.99,120.23,0.01,0
0S7Z6GqYQCM,UCV7WE8I_UiAN0fa6Arezx_w,2026-07-15 10:00:39,96,1,0,119.99,120.24,0.01,0
0SFYXlxQJhc,UCE-6-bWkikwoP4_ooZNep3g,2026-08-23 22:00:09,20028,746,26,119.76,120.01,0.01,1
0SJm7Uvyts0,UCV7WE8I_UiAN0fa6Arezx_w,2026-07-24 12:00:01,183,0,0,120.0,120.0,0.0,0
0SWdmAFfVbM,UCaMV-CjrWYh2Aefg_8iLwJQ,2026-07-26 12:00:00,74722,361,77,120.0,120.0,0.0,0
0SddzxHZ0Qo,UCN5oT4zGJX-_H6pE5isAEeg,2026-08-11 22:00:26,446484,6448,254,120.0,120.0,0.0,1
0SidAgNhbcI,UCw55Gv3z7xgtG34fOP1-Aiw,2026-08-14 12:45:58,4681,56,18,119.99,120.24,0.01,0
0Suiqp8cRxI,UCI3DTtB-a3fJPjKtQ5kYHfA,2026-08-27 18:57:23,6642,21,1,119.81,120.06,0.06,0
0T5d3gaM5XE,UCeiDuGZqWT4iiIXRTfhM3qQ,2026-08-28 09:15:46,5545,64,0,120.0,120.0,0.0,0
0T7QIj3JYHQ,UCNu00qhYj4nPeMNdxuwV6sg,2026-08-29 13:18:17,1520,30,0,119.96,120.21,0.04,0
0T94-cuZpAs,UC699Y51pMl0wWLPA4atcZjQ,2026-08-24 07:49:40,15215,300,37,119.93,120.19,0.07,1
0TAfcbIe1Bk,UCQfISxq5legTqOt1h1us6lg,2026-08-03 12:23:06,2421,4,0,119.87,120.12,0.12,0
0TGwdwPTlrU,UCpcTrCXblq78GZrTUTLWeBw,2026-07-31 11:30:19,121842,1817,131,120.0,120.0,0.0,0
0TLlGmGvoUI,UCbYO4SBywZ2oWv1u309oWmQ,2026-08-22 10:38:30,35544,538,10,119.87,120.12,0.12,1
0TMBpk4i5Vo,UCuaizlkqA5hZ_Dt3kAQkW3g,2026-07-26 02:22:08,18574,101,68,119.88,120.13,0.12,0
0TMjvGqbcFk,UC8FErYSi74YwGUAoTpjvgzQ,2026-08-26 13:30:08,20165,155,15,119.76,120.01,0.01,1
0TOO19lOK28,UCZ6mNZTiTUrUSbSYPlclI4A,2026-08-21 11:43:17,7442,192,5,119.79,120.04,0.04,1
0TRvJ-K5pas,UCV7WE8I_UiAN0fa6Arezx_w,2026-08-18 11:00:12,61,1,0,119.76,120.01,0.01,0
0TTgFsGySSY,UCKVt3arMXfa6XZezR1UnjqQ,2026-08-13 09:00:30,3637,69,1,120.0,120.0,0.0,0
0TeWhiQSYNY,UCZX4g_FvyOfyTIKxbMfKfIg,2026-07-15 15:10:41,6876,212,6,119.82,120.07,0.07,0
0U6od_ryVrs,UCpcTrCXblq78GZrTUTLWeBw,2026-07-21 16:30:04,384334,6117,393,120.0,120.0,0.0,0
0UAgRr5kF9M,UC5WN-znPsJK0BbA8aHxZHWQ,2026-07-31 13:50:16,8016,124,5,119.91,120.16,0.09,0
0UFngyNFrmY,UCta3D5-EYqO-pduQLxQ8mNQ,2026-08-04 13:51:23,2443,13,5,119.9,120.15,0.1,0
0UJuJryxX4g,UCgLFbrC7-g0ihBKB0obVPTg,2026-07-24 11:36:06,511,14,3,119.9,120.15,0.1,0
0UUq9okxD9k,UCKY2DOkLOyPLlvGHI3XQw0Q,2026-07-16 04:18:13,554,2,0,119.95,120.2,0.05,1
0UiZv83eZ3Q,UCoovEJW0dyTWwHiblWDWvyQ,2026-07-29 02:45:26,26744,254,31,120.0,120.0,0.0,1
0UlJq5XX2KA,UCiEMsnnzti6PDNi8TAlSnFw,2026-08-09 22:13:26,37,,0,119.78,120.03,0.03,0
0UlcdQ_uXKM,UCV7WE8I_UiAN0fa6Arezx_w,2026-07-29 03:00:22,111,1,0,120.0,120.0,0.0,0
0UlwaRr5b-M,UCifCesg-EUkjKyQedaB3hRg,2026-08-29 22:12:30,25083,431,5,119.8,120.05,0.05,1
0UrqjuJf83c,UCc1VJX_5Z2RdGi58XU4IfbA,2026-08-17 06:30:02,576,11,0,120.0,120.0,0.0,0
0Uyk9NaXlVg,UCkavlo6q2XfO_MA9Q24wRvw,2026-07-24 05:35:21,2914,7,2,119.92,120.16,0.08,0
0V4KjJHB72s,UCtLWxhEMKOio-GzdVJ1CVhg,2026-08-12 02:42:16,226,5,1,119.8,120.05,0.05,0
0VOex3GkHU8,UCooLkG0FfrkPBQsSuC95L6w,2026-07-16 08:00:06,126833,2738,84,120.0,120.0,0.0,1
0VQVfIUaFiM,UCi8fe6P0_tLeZ1r31wOydvw,2026-08-05 04:00:17,7730,61,9,120.0,120.0,0.0,0
0VcQmiB0IXE,UC9JlObZnbOirT4_iyPGrdcw,2026-07-24 14:42:07,59029,380,105,119.8,120.05,0.05,0
0VqvXdzlwhM,UC-2JsFNClcIesgd7UmtGnpw,2026-08-01 02:00:31,11425,415,34,119.99,120.24,0.01,0
0VyNX5_KB6k,UCOTJtP0Z9DjpPU43B5m1V6A,2026-08-30 05:00:17,269798,1837,86,119.76,120.01,0.01,1
0VywtT1XB0c,UC5ThQKdocwo_9UurfT5P_ww,2026-08-31 11:02:25,218753,3816,84,119.97,120.22,0.03,1
0W6PRN0LflM,UC-FiQR2gg8oiNw98ZdsSX6Q,2026-08-07 12:00:08,750,4,0,120.0,120.0,0.0,0
0W8Va40Fjis,UC0aKwoKNeqBaUwiEXmkQaGQ,2026-07-27 03:00:15,59836,2084,126,120.0,120.0,0.0,1
0W9whkD-4Mo,UCksGX0hODm1Ev6mysrToMqg,2026-08-06 03:00:07,18720,437,17,120.0,120.0,0.0,1
0WXfLc_YC0U,UCQfISxq5legTqOt1h1us6lg,2026-07-30 10:28:36,3718,7,0,119.78,120.03,0.03,0
0Wjwrxr6PJc,UCYxwKnNRv4FurQxeKcuR0Sw,2026-08-28 17:24:34,113,4,0,119.85,120.1,0.1,0
0Wy1FOK17Dw,UCPsZX-D7LW99PjZLA-UysPQ,2026-08-19 15:00:26,575,8,0,120.0,120.0,0.0,0
0XFvsbTIOW4,UCmcBe97VA2LqVEQUeeZl6Ew,2026-08-01 09:00:15,130092,723,119,120.0,120.0,0.0,0
0XWKfPDGBSQ,UCuCmLrNT5MbpqfrSSKHqTug,2026-08-17 10:23:08,23106,122,12,119.87,120.12,0.12,1
0XZhOpIvvtk,UC8C0Yd20ke5XqOiZvMVgM9w,2026-08-14 09:00:31,28663,921,16,120.0,120.0,0.0,1
0Xc4OSqUfp4,UC8chC5rneP-LHm43q-jF3oQ,2026-08-05 12:43:00,501067,7368,109,119.79,120.04,0.04,1
0XmnUEa3NgY,UCirJgPv8RtFaFMj39b6cD8Q,2026-08-17 03:00:18,20085,106,3,120.0,120.0,0.0,1
0XoULXKF1jg,UCpI-AhCT02iQRGLC2ZcY0Jw,2026-08-10 09:00:30,36429,369,300,120.0,120.0,0.0,0
0XvvSvHh_68,UC-2JsFNClcIesgd7UmtGnpw,2026-07-20 08:00:23,51802,1190,30,120.0,120.0,0.0,1
0Y6IFHfRxm0,UCNrQ0VbdprXAur6OZKexjEw,2026-07-22 08:00:02,43455,627,49,120.0,120.0,0.0,0
0YPyz1FwFzw,UCV7WE8I_UiAN0fa6Arezx_w,2026-08-02 05:00:32,14,0,0,119.99,120.24,0.01,0
0YQVHzXoahU,UCXVVG5ZM3SJJCh94xatR8Dg,2026-08-02 04:00:28,93675,125,7,120.0,120.0,0.0,0
0YZSW5DbAEM,UCBtJuwDt6LlXp2YASC-ZMdA,2026-07-25 20:21:05,1706,33,5,119.9,120.15,0.1,0
0Ysd3FarDRU,UCgvtwZJPhSfbKOxh3EoVXng,2026-08-30 00:55:00,133,1,0,119.84,120.1,0.1,0
0ZDzZIWi50o,UCAl4HWznMn7KhKBRFO5eiFA,2026-08-21 13:32:06,56683,335,18,119.98,120.23,0.02,0
0ZHmCMt97t0,UCbFLnCfOet-u_kFyA7uX-9Q,2026-08-24 07:05:00,76881,847,157,119.93,120.18,0.07,1
0ZQrSzbWsRo,UC2yOBpLVwB7kzt9C5ZPbB7w,2026-08-22 07:00:37,33994,645,39,120.0,120.0,0.0,1
0Zc8gx0HlFQ,UCqIwPYLfMd3EoWYwvyTjPnA,2026-08-07 07:12:55,30535,279,29,119.79,120.04,0.04,0
0Zp0HYXZOhU,UCAGfDVBYmUlAxUYYLvtrvyA,2026-08-09 09:00:37,51,6,4,119.99,120.24,0.01,0
0_BYePnC7m0,UCSzHok6X5qXEO7cjvVnE62g,2026-08-01 06:00:21,84835,283,50,120.0,120.0,0.0,0
0_DpbKQt4BY,UCt8CJiye87FMbEwt0npPMuQ,2026-07-24 15:00:03,9523,328,57,120.0,120.0,0.0,0
0_KunvMi0_k,UCBidluUUxzT_5jVOI_2x2MQ,2026-08-14 03:00:23,1579,6,0,120.0,120.0,0.0,1
0_RJCzh7eWk,UC9M8GGVwPqc9ubNruArCNPg,2026-08-09 10:00:04,24530,508,54,120.0,120.0,0.0,1
0_bFqOwnWKc,UCbvvdVOF0teLO-U6GWh1RKg,2026-08-16 04:24:17,3793,53,14,119.85,120.1,0.1,0
0_hDtnm5P94,UCS2OAdHoLt-9T6cG9A2H49Q,2026-08-20 03:00:24,11739,150,50,120.0,120.0,0.0,0
0_pNMK_YFXc,UCbeQg95cAxVRsxxh6FyilxA,2026-08-02 01:26:03,19737,48,8,119.82,120.07,0.07,0
0a7zfofm-ck,UC_9W6Z5Y3lDpLk47Y_y5ITQ,2026-08-16 09:44:33,16918,152,22,119.76,120.01,0.01,0
0aB7mvp7F6A,UCpn9dP1b5BhBsU9SduEz1hA,2026-08-25 01:30:18,40197,511,94,119.76,120.01,0.01,0
0aXTQ4Bwn1g,UCGVy07wZs8W-EpKAGchrmCQ,2026-08-27 14:03:25,28183,90,20,119.96,120.21,0.04,0
0anh6_TPja4,UCw1DsweY9b2AKGjV4kGJP1A,2026-08-02 09:45:16,66121,228,20,120.0,120.0,0.0,1
0ao5IyGrfhE,UCeiDuGZqWT4iiIXRTfhM3qQ,2026-07-25 07:32:43,3563,89,0,119.96,120.21,0.04,0
0atxFny_rHI,UCePy6AqRuTfKDC4aTrqcAqQ,2026-07-21 04:45:28,561,46,7,119.99,120.24,0.01,0
0b6khBdVvdM,UC2t5bjwHdUX4vM2g8TRDq5g,2026-07-12 06:03:14,98399,2119,194,119.95,120.2,0.05,1
0bDYesGVe3Q,UCJDXc9JWCZo-nLNKr_-L2Ng,2026-08-18 12:00:12,2292,99,4,119.76,120.01,0.01,0
0bJJF9E3y6c,UC2U8C7lmbQpfBeAW8fTP_jg,2026-07-17 06:57:27,50845,714,28,119.79,120.04,0.04,0
0bNUmc3uRM4,UCYJDUekoQz0-bo8al1diLWQ,2026-08-14 09:00:17,1203117,12397,1125,120.0,120.0,0.0,0
0b_1ePQPG7k,UCz5LAkkX66OAW-y_WiWf9vA,2026-08-03 02:11:06,179,4,6,119.82,120.07,0.07,0
0baDJ2KkHJU,UCZCZHg_oJiHcrcj2vaPRCag,2026-07-26 09:00:13,26,0,0,120.0,120.0,0.0,0
0baq29sdwJM,UC4ncZM9bnBknxPkJbq4miHQ,2026-08-12 10:00:11,31049,584,49,120.0,120.0,0.0,1
0bocOYJR8j0,UC5ThQKdocwo_9UurfT5P_ww,2026-08-07 07:17:18,229992,2959,73,119.96,120.21,0.04,1
0busBfZP7Uc,UCHCeN9BUgogMGrHBC6zKYvA,2026-08-18 04:15:12,8711,147,26,120.0,120.0,0.0,0
0by546PPV9w,UC-okJdotaXPlzivRzHFqzuA,2026-08-02 16:45:20,136978,2904,1,120.0,120.0,0.0,0
0byrc2Qlvzk,UCrxzkAOXEbflxcTbRYnCoTw,2026-08-15 00:00:13,28402,138,24,120.0,120.0,0.0,0
0cD-93PRMoE,UC8IxyKkhu4YUYK_c76AdcDw,2026-08-02 14:50:53,24169,69,14,119.9,120.15,0.1,1
0cEcDEJyGF8,UCKUUL3fMVvYVZdGkKhhjP0A,2026-08-05 03:54:02,116364,4830,79,119.85,120.1,0.1,1
0cLlExbRCLc,UC-pobd8lZE33BSDz-iyHfJQ,2026-08-01 06:39:10,9763,173,36,119.85,120.1,0.1,0
0cNg4ArYzS8,UCV7WE8I_UiAN0fa6Arezx_w,2026-08-06 01:00:25,43,1,0,119.99,120.24,0.01,0
0cRk2piJq00,UC8aCmG_y4DqqVI9Xlcym1Jg,2026-08-07 19:46:51,4564,171,9,119.97,120.22,0.03,0
0coJU_NbunA,UCK8iWEZupSV2pmDMxtwdAmA,2026-07-25 13:01:53,3010,18,0,119.97,120.22,0.03,0
0d2Zm12Pqrg,UCAGUSx1hbPKDqzBZH7bTjiA,2026-08-27 10:00:22,69500,334,28,119.76,120.01,0.01,0
0d5Wky93_ew,UCt8CJiye87FMbEwt0npPMuQ,2026-07-17 01:44:14,3422,115,5,119.76,120.01,0.01,0
0dRe0xtKaQQ,UC_E_qYfGKM3C0kqrp1p8z7Q,2026-08-18 19:00:32,780,8,1,120.0,120.0,0.0,1
0dXZnd1VuVM,UCYooECrv-fIXlPaDwEIaveA,2026-07-30 09:00:34,61944,1766,41,119.99,120.24,0.01,1
0dba83vD_As,UCnV5tUnOVGyT-Ncj0s0tPTw,2026-08-06 02:56:56,3685,67,18,119.8,120.06,0.06,0
0dhWGs1m8q4,UC3hqiw3lZAXaMwhQvMGZkdw,2026-07-11 13:15:21,4029,30,19,120.0,120.0,0.0,0
0dizbXDPt24,UCa4clnMsHg6uJPpxKbxCEmA,2026-08-25 07:00:26,26361,497,16,119.75,120.01,0.01,1
0do9C60PCYE,UCTDBdmaY4m3ipZaLiYA6FWg,2026-08-27 03:29:28,16698,126,11,119.77,120.02,0.02,1
0e0mgMZ_YyI,UCBA9XaL5wCdHnC5EmEzwrqw,2026-07-19 10:34:18,233197,1005,92,119.93,120.18,0.07,0
0eCVXCXVBJk,UCms8Ge7H1ZGgw6nV94fUhUQ,2026-07-30 03:00:28,9926,207,73,120.0,120.0,0.0,1
0eFmNjzuOSM,UCcstDLbuhxEbFKkPZ6wST2A,2026-08-08 09:00:16,15258,74,34,120.0,120.0,0.0,0
0eH5Fv5S9GM,UC8CZL4cvFiKwKKDNCuM2lTA,2026-07-23 10:16:48,129936,809,43,119.97,120.22,0.03,1
0eQTECL-GhE,UCdQHEqTxcFzjFCrq0o4V7dg,2026-07-25 23:45:06,34815,1990,210,120.0,120.0,0.0,0
0ejYcT72LzM,UCV7WE8I_UiAN0fa6Arezx_w,2026-08-08 06:00:15,20,1,0,120.0,120.0,0.0,0
0f2KqpGar-k,UCNNR1-x2NhZARsNGnQlh2sQ,2026-07-26 07:15:03,146214,447,98,120.0,120.0,0.0,1
0fDwnTmx_JA,UCmiTZyj9GwMjyznZxrgCH4Q,2026-07-10 23:03:46,67473,574,107,119.94,120.19,0.06,0
0fKUxilhBvQ,UCgeazIBHz3JS7ft7_nyj-0A,2026-07-31 08:00:21,19285,67,14,120.0,120.0,0.0,0
0fQWKGGn8uk,UCIvLQ5lZ2kebqnLaGv_FP4w,2026-08-20 15:36:55,2733,12,0,119.89,120.14,0.11,0
0fWKYtaj1vg,UCdXpKf3aIenvWkMbF3EvcQg,2026-08-01 09:00:03,5684,106,79,120.0,120.0,0.0,0
0fY70uY1bRo,UC9vI-9WYQLXKI6n9XdXXo3g,2026-08-25 03:00:29,16590,111,12,120.0,120.0,0.0,0
0fZRYhPSZ8A,UCBA9XaL5wCdHnC5EmEzwrqw,2026-07-20 03:00:23,228911,927,128,120.0,120.0,0.0,0
0f_EMDw8dnQ,UCOTJtP0Z9DjpPU43B5m1V6A,2026-07-23 09:33:15,155708,1152,142,119.95,120.2,0.05,0
0fiQBmCP3XY,UChUNd9Dt96PzfB24BtVviHg,2026-08-06 09:00:09,13224,185,8,120.0,120.0,0.0,1
0fk4vrUXlFE,UC9M8GGVwPqc9ubNruArCNPg,2026-07-28 15:00:19,26799,592,64,120.0,120.0,0.0,1
0fo-eeDeSBI,UCtIbfg_6gjbdFqCqAiUcqyQ,2026-08-12 08:00:19,9752,179,5,120.0,120.0,0.0,1
0fqFTHgcFtY,UCbItyvYa6cqvqtwlU2E9-wA,2026-08-12 23:28:36,9514,470,22,119.78,120.03,0.03,0
0g5yDFTmN7s,UCJoWNCiFuiN4eZnB80WUf4Q,2026-07-29 05:30:31,58085,1170,89,119.99,120.24,0.01,0
0gQ0kmF7OiA,UCqIwPYLfMd3EoWYwvyTjPnA,2026-08-07 23:00:12,36322,351,100,120.0,120.0,0.0,0
0gUW3QMbhYM,UCL2ZLyAV0H9Pvi46W7TGdHQ,2026-08-15 14:00:11,496415,4817,128,120.0,120.0,0.0,1
0gWhfRQKd2A,UCPsZX-D7LW99PjZLA-UysPQ,2026-07-31 09:00:07,587,6,1,120.0,120.0,0.0,0
0gcIqGxcJqE,UCV6mNrW8CrmWtcxWfQXy11g,2026-08-13 14:00:02,283159,10371,141,120.0,120.0,0.0,1
0geiV0hoOBk,UCV6mNrW8CrmWtcxWfQXy11g,2026-08-21 11:00:07,218326,6334,103,119.76,120.01,0.01,1
0gqGMA2rIYc,UCM81CAJ2_Y42-bvK1OQnAAA,2026-07-31 12:26:17,242316,3042,201,119.81,120.06,0.06,0
0gshbLBgmZc,UCj5Y6sl23ln9PL6OiDTL7Gg,2026-08-22 18:44:18,304,16,5,119.77,120.02,0.02,0
0hCgKtm1Nyk,UCYxwKnNRv4FurQxeKcuR0Sw,2026-08-20 03:00:19,10,2,0,120.0,120.0,0.0,0
0hDBYZpZ2OE,UCE8JC9RAVSudDT_8Ji1fuPQ,2026-08-21 08:45:07,47035,749,45,119.76,120.01,0.01,0
0hIXW38WNac,UCNNR1-x2NhZARsNGnQlh2sQ,2026-08-12 13:30:29,29671,384,84,119.99,120.24,0.01,0
0hJqef-YN5o,UCDHGqgpiHQAsE0UiltRqhfQ,2026-08-11 09:30:32,23851,38,23,119.99,120.24,0.01,0
0hTm8dA81UE,UCEqUCm2j9Na3y_ebrEIjBRw,2026-08-12 16:37:59,885,29,2,119.87,120.12,0.12,0
0hdHaWbF_Fo,UCgLFbrC7-g0ihBKB0obVPTg,2026-08-03 19:34:49,200,4,3,119.92,120.17,0.08,0
0hrpT5gvjYY,UCLbehOwlIi6QrfZNhC39t4Q,2026-07-21 09:43:14,29095,488,61,119.78,120.03,0.03,0
0iFQFfQ_E7Q,UCBtJuwDt6LlXp2YASC-ZMdA,2026-07-26 02:36:32,543,26,0,119.89,120.14,0.11,0
0iHMe9m2TsY,UC2yOBpLVwB7kzt9C5ZPbB7w,2026-08-06 12:00:07,39198,569,23,120.0,120.0,0.0,1
0iQDVC1qUVE,UC1Ns07Rw0lQK-KuaPHfRRTw,2026-07-21 14:18:52,7,0,0,119.94,120.19,0.06,0
0iW78P38QnE,UCxPMcxq7WJ32M3lnFn58Cpg,2026-07-16 10:28:08,7532,19,2,119.78,120.03,0.03,1
0iYLoV8ghiU,UCi8fe6P0_tLeZ1r31wOydvw,2026-08-17 04:00:02,1356,19,0,120.0,120.0,0.0,0
0ine-E_wGEI,UCgvtwZJPhSfbKOxh3EoVXng,2026-08-22 10:14:56,27,1,0,119.76,120.01,0.01,0
0j3OWDe6-XI,UCPGl9DV2WUgaqGVXtVrhJWQ,2026-08-08 15:00:40,59,1,0,119.99,120.24,0.01,0
0jAtC2F0wYo,UCOTJtP0Z9DjpPU43B5m1V6A,2026-08-29 02:30:35,222567,1119,65,120.0,120.0,0.0,0
0jELqeftoYw,UC2k1bSUZ4X02jMs_sTS9jiQ,2026-08-23 09:00:06,25411,386,59,119.76,120.01,0.01,0
0jIu0fphtAQ,UCEcRvF_6IRSux8FO-ogFZug,2026-08-01 17:18:14,21970,716,26,119.95,120.2,0.05,0
0j_IVJVwq8U,UCvfEv6nBnL0QlKqyGmL0orQ,2026-08-07 01:07:44,21718,131,40,119.87,120.12,0.12,0
0jdUoALyja4,UCnDcpS7XLQ9KFPqULb9TH8g,2026-08-29 14:42:05,151763,2815,50,119.81,120.06,0.06,1
0jmCgMDijm8,UCAGUSx1hbPKDqzBZH7bTjiA,2026-08-14 05:00:35,39083,579,61,119.99,120.24,0.01,1
0jtkKI-jBs4,UCQfd-b9GRBrUP0-wCqabLTA,2026-07-25 21:00:07,1340,20,4,120.0,120.0,0.0,0
0k1EtiYUOOM,UCdoTrHNHnoRbaQenxK5PEUg,2026-07-20 02:18:37,145,1,0,119.94,120.19,0.06,0
0kXMk7KRCCI,UCrY2B2XX41ReYh9DIWrFfCg,2026-07-28 10:04:01,5944,,10,119.94,120.19,0.06,0
0kXsvFED5IU,UC8aCmG_y4DqqVI9Xlcym1Jg,2026-08-21 20:57:37,10966,358,31,119.8,120.05,0.05,0
0kZX23i-fws,UCZ_xE8U6MVnpwefrYvl2uvA,2026-08-22 03:00:28,1315,3,0,120.0,120.0,0.0,1
0kwXG9TK5_Q,UCL2ZLyAV0H9Pvi46W7TGdHQ,2026-08-14 10:00:38,31692,211,31,119.99,120.24,0.01,0
0kyBtJfOgjA,UCcum1rCJ5GJeQ_xv0xrohqg,2026-08-22 04:00:32,25274,962,202,120.0,120.0,0.0,0
-nkiryFveB0,UCJDXc9JWCZo-nLNKr_-L2Ng,2026-08-27 12:00:02,2106,58,3,119.76,120.01,0.01,0
-nmC79mFEHQ,UChHxLcNi7e0zu-e33HM6v6A,2026-08-16 03:00:17,15336,79,17,120.0,120.0,0.0,0
-nq8BjuWazU,UCt8CJiye87FMbEwt0npPMuQ,2026-08-20 12:30:30,1347,44,3,120.0,120.0,0.0,1
-ntr1R2JvAM,UCnju7ULBic4VgkCfDvVXCnA,2026-08-22 20:50:48,2925,80,0,119.91,120.17,0.09,0
-nv6CpJb9wg,UCb08r5yPoH-AqM7_XCL4Uhg,2026-07-22 16:33:29,5253,276,24,119.95,120.2,0.05,0
-nxszg2-XsE,UC8CZL4cvFiKwKKDNCuM2lTA,2026-07-29 09:21:11,10708,84,0,119.9,120.15,0.1,0
-o2kqYNBdVw,UC8Xz3BKjDvQk7lKhH7Hi9nA,2026-08-03 18:33:05,32852,313,43,119.95,120.2,0.05,0
-oFe2iPjTb8,UCBY9rOZPo0fLE45mOV0s0cw,2026-07-31 03:45:06,1690,10,2,120.0,120.0,0.0,1
-oOJ3etmY_g,UCV6mNrW8CrmWtcxWfQXy11g,2026-07-26 10:00:08,755189,29703,243,120.0,120.0,0.0,1
-oppIcix7GU,UCnV5tUnOVGyT-Ncj0s0tPTw,2026-08-26 15:13:16,17332,37,39,119.79,120.04,0.04,0
-oritRUtHto,UCQhIdo5nRQY9DB3uo7vawtw,2026-08-17 13:25:43,902,33,9,119.82,120.07,0.07,0
-oyc3KBeY5c,UC027x98NgUBw9K4aPT8k0mg,2026-07-12 12:00:13,73367,698,244,120.0,120.0,0.0,0
-p-BJozwHiQ,UCt8CJiye87FMbEwt0npPMuQ,2026-07-28 14:30:34,24061,922,131,119.99,120.24,0.01,0
-p1KPtf4LZE,UCyAA-Vj4ORjXl5Ui2m6_Llw,2026-07-28 09:00:24,1686,18,6,120.0,120.0,0.0,0
-p5vWmME3Aw,UC9M8GGVwPqc9ubNruArCNPg,2026-08-26 10:00:23,53041,901,90,120.0,120.0,0.0,0
-pAPOd7Cr8w,UCBA9XaL5wCdHnC5EmEzwrqw,2026-07-13 10:55:54,233990,2405,468,119.82,120.07,0.07,0
-pAUa409vSM,UChHxLcNi7e0zu-e33HM6v6A,2026-08-10 01:00:02,60511,405,157,120.0,120.0,0.0,0
-pI_jpfGqSY,UCw1DsweY9b2AKGjV4kGJP1A,2026-08-21 15:00:13,6263,42,15,119.76,120.01,0.01,1
-pJoJT1ZV2M,UCrKSaegnzewdj9-YLsUhoZw,2026-08-21 23:40:28,5798,42,9,119.84,120.09,0.09,0
-pNWqEvXoLA,UC3hCAmwyYNgRuOOSFV7evVA,2026-08-21 09:15:26,72542,1087,38,119.76,120.01,0.01,0
-p_RTDe1AN0,UCuWDza8A_ntbjwBZgW0ZSNw,2026-08-18 13:16:59,148874,2204,170,119.98,120.23,0.02,1
-puy4xYEsNg,UCkd3KAYGnTNPJZZrPOFeWhA,2026-08-08 08:00:20,13891,20,1,120.0,120.0,0.0,1
-pveskGnHcc,UCsrLyevZL_AEZY0LaYVCYzA,2026-08-23 23:00:00,60,6,2,119.76,120.02,0.02,0
-pvvAorgU90,UCpI-AhCT02iQRGLC2ZcY0Jw,2026-08-15 01:00:21,32070,394,288,120.0,120.0,0.0,0
-pxz2Si8F3g,UClvMduw1MDMQ0PuH753-XSA,2026-07-30 01:24:54,5570,107,1,119.84,120.09,0.09,0
-q-Ay5cJ5CU,UCpTNtH8yc1Kdl_YFfsQsTYA,2026-07-22 09:00:03,4812,48,13,119.76,120.01,0.01,0
-qIeiKSNn3s,UCZaNYFjF_SRRJPVuGX7yMjQ,2026-08-02 11:00:15,9,2,0,120.0,120.0,0.0,0
-qIjN7873Qg,UC1Ns07Rw0lQK-KuaPHfRRTw,2026-08-12 15:32:46,13,0,0,119.96,120.21,0.04,0
-qPjxmMw9iM,UC699Y51pMl0wWLPA4atcZjQ,2026-08-27 16:37:21,14238,280,248,119.89,120.14,0.11,0
-qdbO27HBJA,UCV7WE8I_UiAN0fa6Arezx_w,2026-07-28 16:00:15,52,0,0,120.0,120.0,0.0,0
-r62RgCOV9c,UCV6mNrW8CrmWtcxWfQXy11g,2026-08-25 10:00:37,486185,14012,64,120.0,120.0,0.0,1
-rBcjmuS4pg,UCZCZHg_oJiHcrcj2vaPRCag,2026-08-12 16:08:12,95,1,0,119.87,120.12,0.12,0
-rGYJELNDjE,UCqFmG6ofirSWvI9B8mwzvyA,2026-08-31 00:00:36,3577,19,3,119.75,120.01,0.01,0
-rQb9DntRzk,UCNNR1-x2NhZARsNGnQlh2sQ,2026-08-16 08:00:22,16706,73,8,120.0,120.0,0.0,0
-rRJO2eDqOA,UCim7oePrB5hdfhcYwgUY6Jw,2026-07-30 13:00:34,16205,85,21,119.99,120.24,0.01,0
-rS3hCULYNE,UCKmOaDLQpgbsmGsHpV9688g,2026-08-05 14:01:25,4568,186,86,119.98,120.23,0.02,0
-rjJeG7T6H8,UC08-hQbwh7eyr8PlaYG2-sQ,2026-08-01 10:00:28,15882,196,101,119.99,120.24,0.01,0
-rl_XFnEELE,UCKUUL3fMVvYVZdGkKhhjP0A,2026-07-27 08:45:15,22253,220,69,120.0,120.0,0.0,0
-ro57ghVai8,UCOaUTqrtz1yBBiwziVJEAmQ,2026-08-31 09:00:36,2070,24,4,120.0,120.0,0.0,0
-rofVTM9amY,UCKrprPfevcAZpPuRnCO6xOA,2026-08-28 07:17:50,158,0,0,119.96,120.21,0.04,0
-rzPW2G5cj0,UCpwGBltfwjd_fIzp5cb5R0w,2026-08-14 12:30:02,610930,4867,392,120.0,120.0,0.0,1
-s12rQH4qss,UC-yb5eNBQyXBE9nZnht9u-g,2026-08-02 16:20:26,17327,606,31,119.91,120.16,0.09,1
-sDpNvBHWls,UCuWDza8A_ntbjwBZgW0ZSNw,2026-08-30 05:00:19,174773,2466,47,119.76,120.01,0.01,1
-sIJ3g8Wiys,UCvagJYsZ_uvB3jJoNwuimZQ,2026-08-16 08:51:15,992,2,0,119.9,120.15,0.1,0
-sUe567Kek4,UCKrprPfevcAZpPuRnCO6xOA,2026-08-13 09:00:12,995,5,6,120.0,120.0,0.0,0
-swSGiwwHZU,UC8FErYSi74YwGUAoTpjvgzQ,2026-08-24 09:00:00,5095,167,10,119.76,120.01,0.01,1
-sz-yKkG0s0,UCAl4HWznMn7KhKBRFO5eiFA,2026-08-26 10:00:23,36382,162,14,120.0,120.0,0.0,1
-t7CnJUCaEs,UCrY2B2XX41ReYh9DIWrFfCg,2026-07-13 11:01:40,1814,,2,119.97,120.22,0.03,1
-tAwV7EFIbU,UCAl4HWznMn7KhKBRFO5eiFA,2026-07-18 11:15:30,19846,52,3,119.99,120.24,0.01,1
-tAzCYyaZiU,UCwfbSsZ7_sccxcibe60mWlQ,2026-08-19 03:00:22,12434,67,12,119.75,120.01,0.01,0
-tGfu5o-YsI,UCCd3jyJmOFzkJEMj5Bp89rw,2026-07-20 19:00:31,2007,85,2,119.99,120.24,0.01,1
-tMEZU6YKTU,UC-okJdotaXPlzivRzHFqzuA,2026-08-19 05:05:36,233951,875,22,119.92,120.17,0.08,1
-tPZ6oAj5s4,UCN9VGDvz2M3vdR0czEUp6lQ,2026-07-31 12:00:48,18133,233,218,119.99,120.24,0.01,0
-tay9qYQU1c,UCi5yzN6jpdz2akGTm-mJSKQ,2026-08-21 02:00:09,312,21,7,119.76,120.01,0.01,0
-tjQqyHG62k,UCGW76VChAJKee9kYzvyoycQ,2026-08-27 07:00:32,8412,80,32,119.75,120.01,0.01,0
-tq_vNtVuTE,UCg5-nd3qoNnz5dzkX-O0b8A,2026-08-05 06:20:29,224682,4294,244,119.91,120.16,0.09,1
-tvh9Qa9DJI,UCv1tOT645xHOJrwdGlzjMaA,2026-07-14 08:42:48,28473,527,79,119.79,120.04,0.04,0
-uDx3Qe32Lc,UC3DYSay178fMMPaf3zHwECA,2026-07-18 08:00:23,50642,1561,28,119.99,120.24,0.01,1
-uHUJQSDti8,UCF5RrlbsxJjAVLWgOCoNHMg,2026-08-20 17:53:08,270393,6863,277,119.87,120.12,0.12,0
-ub-rzVEb4I,UCAhmOb9JWkI2HV_KIe9X_3A,2026-08-03 22:00:31,4952,79,7,119.99,120.24,0.01,1
-ulBOrzOkJc,UCOaUTqrtz1yBBiwziVJEAmQ,2026-08-22 08:00:04,7152,98,16,119.76,120.01,0.01,0
-uwxzvDDk_Y,UCJDXc9JWCZo-nLNKr_-L2Ng,2026-08-06 21:38:22,1951,91,9,119.86,120.11,0.11,0
-vA2pgfZNOI,UC4VWaR3R17Ruc7j1Cy1-PKQ,2026-07-10 21:02:57,168,3,1,119.95,120.2,0.05,0
-vCe2jGFrdQ,UCv1tOT645xHOJrwdGlzjMaA,2026-07-22 11:46:43,10470,76,13,119.97,120.22,0.03,0
-vEsn4eGJUE,UCJpAwvQaZyCI5spAz7tipGA,2026-07-28 08:30:34,388077,1970,242,119.99,120.24,0.01,0
-vFzFuUmzmk,UCcgkgKhXT6QwdGj9Nr8PBcg,2026-08-26 11:11:10,382556,1793,220,119.83,120.08,0.08,0
-vQax6Zglz0,UCpcTrCXblq78GZrTUTLWeBw,2026-08-20 15:00:03,32412,664,83,119.76,120.01,0.01,0
-vithu__TtQ,UCNZiNM2pP6uhIlTQVS2Q5fA,2026-07-24 09:00:29,267021,3468,107,119.99,120.24,0.01,1
-vly_YDYbeI,UCV7WE8I_UiAN0fa6Arezx_w,2026-07-19 22:00:20,61,0,0,120.0,120.0,0.0,0
-vs7_fr6aZ8,UCr7h47xV4lizW1QR0fV_3kg,2026-07-11 09:00:14,1412,15,11,120.0,120.0,0.0,1
-w1dhZZPWPc,UCvagJYsZ_uvB3jJoNwuimZQ,2026-07-25 16:07:39,19074,40,0,119.88,120.13,0.12,0
-wDIn01CoIM,UCBTsPtRCh6ln3IRQFjhjh1A,2026-08-30 12:00:01,80687,462,21,119.76,120.01,0.01,0
-wEfsomrsTc,UCab17MxxnFtAhGsJVTkSkCg,2026-08-16 14:07:22,426,13,0,119.88,120.13,0.12,0
-wQTF3S0tUk,UCRq3CDTZ2qe3HiHrZdQKBvQ,2026-07-29 09:09:18,1195,5,1,119.85,120.1,0.1,1
-wSzlMdP-Yc,UCv1tOT645xHOJrwdGlzjMaA,2026-08-20 11:40:56,14981,106,25,119.82,120.07,0.07,0
-wiAktXjtyA,UCoSniqkitCpxlHrQd5L8A1w,2026-08-18 02:35:02,23083,167,33,119.92,120.17,0.08,1
-wqJMvl7xV4,UCamHctB9_ZaFO9vZElnl_Yw,2026-08-07 13:11:51,450,2,0,119.81,120.06,0.06,1
-xJjpnrxxRU,UC-FiQR2gg8oiNw98ZdsSX6Q,2026-08-08 10:00:06,1024,9,0,120.0,120.0,0.0,0
-xPxuk1PyiQ,UCyU5JQ8KVRD9jE4E_xLsHxw,2026-07-11 08:52:08,36,,0,119.88,120.13,0.12,0
-xRn61dsaKI,UCN5oT4zGJX-_H6pE5isAEeg,2026-08-20 09:00:02,64550,835,43,119.75,120.01,0.01,0
-xzPg7YnYzA,UC5bjQxLK_3XVzIOTQ04sYeg,2026-08-12 00:05:22,636,5,0,119.91,120.16,0.09,0
-yFZptslP_4,UC9M8GGVwPqc9ubNruArCNPg,2026-08-11 10:00:19,25438,650,19,120.0,120.0,0.0,1
-yaxjmcGbqs,UCJd2uIrg_ZrSOaaQQr30XoA,2026-08-06 14:03:57,401,4,0,119.94,120.19,0.06,1
-yazLziar6o,UCQhIdo5nRQY9DB3uo7vawtw,2026-08-18 17:16:34,899,28,10,119.98,120.23,0.02,0
-ykdfZ0ySD8,UClSuqiIAACDUJrH3gb4JcLQ,2026-07-13 12:23:23,82358,1148,149,119.86,120.11,0.11,0
-z5ILqgTndY,UCtVBI7YLJyDvrx7iWAukx_Q,2026-07-31 02:00:04,482967,17508,449,120.0,120.0,0.0,0
-zE6o7tPoSA,UCt8CJiye87FMbEwt0npPMuQ,2026-07-16 20:26:52,35157,1476,60,119.8,120.05,0.05,1
-zFOGtZDDHw,UCnCH3Uhv_ynhTNKEH6ekRtg,2026-07-14 03:43:31,9471,141,10,119.78,120.03,0.03,0
-zOnVGyJZEo,UCbItyvYa6cqvqtwlU2E9-wA,2026-08-11 22:27:44,7914,460,24,119.79,120.04,0.04,0
-zVEps_c8dE,UCL2ZLyAV0H9Pvi46W7TGdHQ,2026-08-23 11:00:03,42150,227,149,119.76,120.01,0.01,0
-zVOHgVVOXQ,UCzDmGDR5RdahQkLCBoWlTEg,2026-08-30 09:33:00,56354,116,7,119.96,120.21,0.04,0
-z_87bL_KKM,UCL_IvtOZo6sONpiydbzzHpA,2026-08-23 05:54:40,37236,576,71,119.85,120.1,0.1,0
-zbSyV9ZwkQ,UCJA6MZLzTeljmGNFaugdoWQ,2026-08-08 07:00:26,1501,7,6,120.0,120.0,0.0,1
-zd0IX8_5PQ,UCMF3M48BakI-ptofqoUqdAA,2026-08-18 21:32:21,13661,316,81,119.97,120.22,0.03,0
-zkBHTCgW9E,UCSOeJWyByeoBHpmrm0NnlLw,2026-08-27 08:45:27,393723,5475,100,120.0,120.0,0.0,1
-zs3M__Cf28,UCV7WE8I_UiAN0fa6Arezx_w,2026-07-12 04:00:03,31,1,0,120.0,120.0,0.0,0
-zwx33yHcQA,UCIxcZWLQpP-mUZC6_Uljc_Q,2026-08-01 13:30:20,12396,55,62,120.0,120.0,0.0,0
-zyAw0_XQ_w,UCwBkHOTyu57NQi0syf5MLig,2026-08-14 14:25:13,287399,2814,128,119.83,120.08,0.08,1
0-3GuIPXRmo,UCq0fwcojiA7ztN0FgTEgfXA,2026-08-05 05:59:31,88,4,0,119.76,120.01,0.01,0
0-3k-DSGjeA,UCgLFbrC7-g0ihBKB0obVPTg,2026-07-22 16:06:50,0,0,0,119.89,120.14,0.11,0
0-GcpSnlfUU,UC9JlObZnbOirT4_iyPGrdcw,2026-07-28 14:00:04,39597,283,82,120.0,120.0,0.0,0
0-HMqzfexco,UCPsZX-D7LW99PjZLA-UysPQ,2026-08-14 09:00:27,237,5,0,120.0,120.0,0.0,0
0-S8yhkuv9o,UCV7WE8I_UiAN0fa6Arezx_w,2026-08-01 14:00:23,31,0,0,120.0,120.0,0.0,0
0-XKXDohFTY,UCuCmLrNT5MbpqfrSSKHqTug,2026-08-26 15:07:06,16648,149,29,119.89,120.14,0.11,0
0-al6jOqAj4,UCYGF_xk5RDpltyZDSx040uw,2026-08-09 11:07:22,247261,3383,32,119.88,120.13,0.12,1
00-LVEdOyLY,UCaN3tSrrzIrXSDonEe7LK9A,2026-08-31 08:00:29,9750,43,13,119.75,120.01,0.01,0
00-jmDmFCr4,UCJDXc9JWCZo-nLNKr_-L2Ng,2026-08-07 18:00:25,1890,69,7,120.0,120.0,0.0,0
00AGQUpyRu0,UCqFmG6ofirSWvI9B8mwzvyA,2026-08-19 08:00:16,1126,23,10,119.76,120.01,0.01,0
00_uKladpKw,UCby0vMKcLR05ZdS90aZd5og,2026-08-01 10:05:38,699,8,0,119.91,120.16,0.09,0
00akA050-6Y,UCYG8tuvbQzWsDeoADyJFU8Q,2026-08-29 20:43:39,11734,74,4,119.78,120.03,0.03,0
00qYPOmR6h8,UCt8CJiye87FMbEwt0npPMuQ,2026-08-14 10:30:16,7593,207,17,120.0,120.0,0.0,0
00rq48fmI_Y,UCE-6-bWkikwoP4_ooZNep3g,2026-07-25 02:45:08,33168,696,47,120.0,120.0,0.0,0
00tD7tU45T0,UCcstDLbuhxEbFKkPZ6wST2A,2026-08-26 03:00:03,39783,103,28,119.76,120.01,0.01,0
00wA01tWvCw,UC60HSePkZwGFzRj6VSDa6Ew,2026-08-30 05:32:24,106059,756,162,119.97,120.22,0.03,0
01Ccoo9V5xI,UCV7WE8I_UiAN0fa6Arezx_w,2026-08-30 05:00:33,83,0,0,119.75,120.01,0.01,0
01IKpCH0NWM,UCATlfGN7EDjXS_2ofklb3bw,2026-08-03 00:55:09,15749,328,1,119.83,120.08,0.08,0
01MSbIguAhE,UC7wosSPUA3os3b3-RMZZe6g,2026-07-13 14:56:56,89,3,0,119.8,120.05,0.05,0
01Madr1-Sm4,UCN8YcyYvYIrtLcwyT-KqbNg,2026-08-20 08:00:12,23980,61,44,120.0,120.0,0.0,0
01Rh4yiyF9g,UCt8CJiye87FMbEwt0npPMuQ,2026-07-16 15:00:21,3181,57,43,120.0,120.0,0.0,0
01_tN5hGSX8,UCby0vMKcLR05ZdS90aZd5og,2026-08-04 07:16:04,5034,4,0,119.98,120.23,0.02,1
01cJWIdE260,UC2yOBpLVwB7kzt9C5ZPbB7w,2026-08-02 04:00:04,81585,1126,45,120.0,120.0,0.0,1
01hFva8CJEs,UCZ6mNZTiTUrUSbSYPlclI4A,2026-08-11 08:27:28,1822,30,8,119.8,120.05,0.05,0
01x4Zb6JYXM,UCN8YcyYvYIrtLcwyT-KqbNg,2026-07-29 08:00:05,10626,64,58,120.0,120.0,0.0,0
021viHKjK7o,UCkavlo6q2XfO_MA9Q24wRvw,2026-08-29 03:23:09,8545,11,1,119.88,120.13,0.12,0
029VWXYGz2I,UCpI-AhCT02iQRGLC2ZcY0Jw,2026-08-02 01:00:25,21888,324,330,120.0,120.0,0.0,0
02GSubiov2Y,UCJYdIDfGkqXTsQq5aW4md0Q,2026-08-19 00:49:27,70,1,0,119.94,120.19,0.06,0
02N47Te56BA,UCms8Ge7H1ZGgw6nV94fUhUQ,2026-08-01 09:00:12,30912,274,22,120.0,120.0,0.0,1
02ZDEtHs0kA,UCYJDUekoQz0-bo8al1diLWQ,2026-07-11 08:51:11,466249,5514,742,119.9,120.15,0.1,0
02er_Qg0bPo,UCYGF_xk5RDpltyZDSx040uw,2026-08-21 05:15:30,70743,736,27,120.0,120.0,0.0,1
02fjyuevKmg,UCV7WE8I_UiAN0fa6Arezx_w,2026-08-31 14:00:08,357,0,0,119.76,120.01,0.01,0
02itLmksia4,UC-FiQR2gg8oiNw98ZdsSX6Q,2026-07-22 18:00:08,1062,4,0,120.0,120.0,0.0,0
02p7PUuVZpY,UCIvLQ5lZ2kebqnLaGv_FP4w,2026-08-13 10:22:28,19362,161,103,119.88,120.13,0.12,0
02q7vZQ8IcQ,UCt8CJiye87FMbEwt0npPMuQ,2026-08-19 13:00:17,2744,146,17,119.76,120.01,0.01,0
02sbtc0V0kY,UCJDXc9JWCZo-nLNKr_-L2Ng,2026-08-09 14:06:21,1653,87,6,119.9,120.15,0.1,0
034ULrFX6Tc,UCgLFbrC7-g0ihBKB0obVPTg,2026-08-11 12:18:04,66,2,0,119.95,120.2,0.05,0
036CQCVKjRk,UCBTsPtRCh6ln3IRQFjhjh1A,2026-07-27 12:00:06,69769,386,15,120.0,120.0,0.0,1
03FzRMGkpIE,UC5ThQKdocwo_9UurfT5P_ww,2026-08-27 10:03:08,108313,2168,68,119.96,120.21,0.04,1
03HnI_OwU04,UCyz5WVrb-cz3myY04x_kVYw,2026-07-25 17:59:48,5872,77,0,119.76,120.01,0.01,0
03IXrlRDIPM,UCYM01qjjE_hmqFQAmOo-lNg,2026-07-25 03:00:16,16617,52,11,120.0,120.0,0.0,1
03YMIhhzrKQ,UCV7WE8I_UiAN0fa6Arezx_w,2026-08-25 14:00:38,16,0,0,120.0,120.0,0.0,0
03dTEG8pi7E,UCqIwPYLfMd3EoWYwvyTjPnA,2026-07-12 03:00:09,31770,105,9,120.0,120.0,0.0,0
03iD9VKChfc,UCPGl9DV2WUgaqGVXtVrhJWQ,2026-08-03 15:00:11,235,0,0,120.0,120.0,0.0,0
03oHbGrDFPQ,UCEuP8zMn3ln3ZqJa85dp9JQ,2026-08-27 08:58:02,13372,1064,18,119.79,120.05,0.05,1
044p4gntbww,UCqPN9LAkx20aBWOafwvQB-Q,2026-08-31 23:00:35,276559,5913,393,119.75,120.01,0.01,0
04ITXqmu6U4,UCl402YYy7RcH7PBI3npmGPQ,2026-08-22 06:00:35,216558,1254,322,120.0,120.0,0.0,0
04THTwGF2oY,UCPuD5ZRQWa_JCaY5NokNhtg,2026-08-08 15:34:36,761,11,4,119.93,120.18,0.07,0
04UUKqU1gOs,UCNmN3W2H0r5_hV2drzbEn7Q,2026-07-30 15:20:16,82857,302,0,119.91,120.16,0.09,0
04YC6OJ3igU,UCs7mzshFv0PbUMUM0x1Waug,2026-07-15 02:24:35,1475,4,0,119.84,120.09,0.09,0
04Yjt9D0lFE,UCE8JC9RAVSudDT_8Ji1fuPQ,2026-08-02 08:45:32,97952,1247,138,119.99,120.24,0.01,1
053oHia2g50,UCaova9Q4UZLPqFnSvq8VxzA,2026-07-24 13:21:16,78866,560,123,119.9,120.15,0.1,0
057E6oQ7Xx0,UCC1LvVTX2ySKYjeIXkAtvsQ,2026-08-28 09:00:05,204841,1383,61,119.76,120.01,0.01,1
05AL8b9bhP8,UCp6n8d8Y8r3MwKNw_MMaouQ,2026-07-24 20:22:54,271916,2921,20,119.87,120.12,0.12,0
05OfQ6-y0jo,UC4oe-OVZ2Ho-03yrMkrXomQ,2026-07-17 04:30:26,220637,4404,102,119.99,120.24,0.01,1
05dHUw2qDB4,UCKrprPfevcAZpPuRnCO6xOA,2026-07-22 09:00:39,1019,7,0,119.99,120.24,0.01,0
05k-_j-RgAI,UCwBkHOTyu57NQi0syf5MLig,2026-08-09 12:57:11,77969,568,91,119.8,120.05,0.05,0
05kn2iovFo4,UCxe_WKNMrOgvNtgz02oLTjQ,2026-08-24 12:15:40,21056,256,18,120.0,120.0,0.0,1
05mP1Gi2jhU,UCPoEVLrQMMXICwULGDwfvug,2026-08-01 07:55:50,21394,329,31,119.82,120.07,0.07,1
05sWSLJsaOc,UC7bcRlidTERRb_MKRHPVSnw,2026-08-15 12:03:13,142374,2286,94,119.95,120.2,0.05,0
05wlVju2tRg,UCab17MxxnFtAhGsJVTkSkCg,2026-08-25 00:25:51,603,12,0,119.83,120.08,0.08,0
05xwzFsi_a4,UCDYAog4sNhwQ5pXtAZiT0Og,2026-07-17 12:15:23,33317,105,20,119.99,120.24,0.01,0
06--CZc1TNY,UCQDGJQe8X9tbk_i8Na3VVXg,2026-08-25 10:17:53,2590,13,4,119.96,120.21,0.04,0
061ggpLsvM0,UCB4gIGaPUiLtpPreFSf8fKQ,2026-08-08 02:59:28,2719,30,2,119.76,120.01,0.01,0
1oz6KJA4kV0,UCAVR6Q0YgYa8xwz8rdg9Mrg,2026-08-09 12:00:05,176760,8461,94,120.0,120.0,0.0,1
1p0EwxYB3nQ,UCt8CJiye87FMbEwt0npPMuQ,2026-07-24 16:00:03,2245,44,14,120.0,120.0,0.0,1
1p9fXSq5SPc,UCPJGXrPIVKBR8PJY7w33WZw,2026-07-23 01:00:22,87714,650,108,120.0,120.0,0.0,0
1pHw9p0CiuA,UC5ThQKdocwo_9UurfT5P_ww,2026-08-09 00:43:06,128331,1908,36,119.78,120.03,0.03,1
1pNMgiV8IvM,UCBvKuSAkXERBnGSQOH0Sarw,2026-08-11 17:50:19,6721,90,0,119.91,120.16,0.09,0
1pUi_eKRAuk,UCWwbZhw5M-Q5dZtTK4nDWNw,2026-08-08 03:00:21,41310,635,14,120.0,120.0,0.0,0
1pXrhILxwZA,UCS3_H_feQRm4QbXipKTvSrw,2026-08-09 12:00:21,16493,334,47,120.0,120.0,0.0,0
1phSRRD6P3c,UCw-JzmPsjRcbzJLncr4pIIA,2026-08-14 12:45:05,280267,3699,204,120.0,120.0,0.0,0
1pjgOOQUTcI,UCfQOeRevRI14uNqluiJ7TeQ,2026-08-15 05:24:19,41,1,0,119.85,120.1,0.1,0
1pskY1zg2Qw,UCAl4HWznMn7KhKBRFO5eiFA,2026-07-23 08:00:24,13204,99,20,119.99,120.24,0.01,1
1pvoUK5rETU,UCyoKcrOcBEY4rmLYkDuXErA,2026-08-12 09:00:29,52895,719,14,120.0,120.0,0.0,1
1q2q1a53FSc,UCzDmGDR5RdahQkLCBoWlTEg,2026-07-21 14:30:10,24103,88,2,120.0,120.0,0.0,0
1q4XKwyF-ow,UCt8CJiye87FMbEwt0npPMuQ,2026-07-18 14:15:22,101902,8875,328,120.0,120.0,0.0,1
1qAIWzdmFIc,UCvPDPTxTLitVEyGu4Xt6m8g,2026-07-20 09:41:15,68834,376,17,119.81,120.06,0.06,0
1qEp1sWmuvk,UCzSODDx0zQF3nxXOZISCm_w,2026-08-28 09:30:21,857,5,0,119.76,120.01,0.01,1
1qGq2HqcY3E,UC3ozN5tHi449NhCDE6Xtmwg,2026-08-25 12:36:46,182728,956,24,119.9,120.15,0.1,1
1qMsjmDzZdw,UCZ6mNZTiTUrUSbSYPlclI4A,2026-08-02 10:00:12,30993,653,14,120.0,120.0,0.0,1
1qZ9_L5RIC4,UCxn8csYeZg6awRnZS-aqg0g,2026-08-14 17:00:18,21651,566,38,120.0,120.0,0.0,1
1qb0NuqbEtU,UC_m_uqd_9s0hZvlgfvCzqbQ,2026-07-24 07:50:14,413,1,0,119.92,120.17,0.08,1
1qbV2PY3-9w,UCvPDPTxTLitVEyGu4Xt6m8g,2026-07-27 09:19:15,18083,68,2,119.93,120.18,0.07,1
1qeifIyITOI,UCKVt3arMXfa6XZezR1UnjqQ,2026-08-31 22:00:05,19964,73,6,119.76,120.01,0.01,0
1qsNSI_sTSU,UC3Z9lUjG5BU60sce2-Axbjw,2026-08-23 10:36:18,7925,12,0,119.91,120.16,0.09,1
1qti9uwmltI,UCPGl9DV2WUgaqGVXtVrhJWQ,2026-07-25 15:00:15,9,0,0,120.0,120.0,0.0,0
1qutcc7CcD8,UCfIUuMA7U_jImP7oWfTe4Pw,2026-08-15 13:01:23,1241878,11710,155,119.98,120.23,0.02,1
1qvFuQdCgpU,UC8chC5rneP-LHm43q-jF3oQ,2026-07-13 08:13:15,531721,11431,546,119.78,120.03,0.03,1
1r4KLLipYv4,UCJDXc9JWCZo-nLNKr_-L2Ng,2026-08-04 22:30:17,3990,95,4,120.0,120.0,0.0,0
1r4kqUMpK08,UCp6n8d8Y8r3MwKNw_MMaouQ,2026-08-29 19:36:10,20271,294,2,119.91,120.16,0.09,1
1r7-OsQ6wW8,UCV7WE8I_UiAN0fa6Arezx_w,2026-07-20 03:00:02,184,1,0,120.0,120.0,0.0,0
1rQFdvW9dNM,UCWXQEzwzcvDryogN2e5XuDw,2026-07-30 06:06:40,76,0,0,119.89,120.14,0.11,0
1rRPWGvwIxM,UCPuD5ZRQWa_JCaY5NokNhtg,2026-08-13 10:53:40,420,4,2,119.86,120.11,0.11,0
1raA3xGCpl4,UCV6mNrW8CrmWtcxWfQXy11g,2026-08-01 22:00:21,95356,3992,57,120.0,120.0,0.0,1
1rbMUH-nqFE,UCikKJvpU0Ylua4hRW6faQRg,2026-07-24 03:47:59,2845,73,0,119.95,120.2,0.05,0
1sH-sS2sguI,UCJDXc9JWCZo-nLNKr_-L2Ng,2026-08-29 18:00:35,90437,1119,27,120.0,120.0,0.0,0
1sSk5gFeTAs,UCqIwPYLfMd3EoWYwvyTjPnA,2026-08-30 19:06:05,119715,374,11,119.92,120.16,0.08,0
1snQi5gh-1E,UC2yOBpLVwB7kzt9C5ZPbB7w,2026-08-30 10:00:14,139010,1897,76,119.76,120.01,0.01,1
1t0262Cp32Q,UCyiKhng8Mr3xlm-rgec6mWQ,2026-08-30 23:00:20,202,2,0,119.76,120.01,0.01,0
1t2aUkeMD_4,UCpn9dP1b5BhBsU9SduEz1hA,2026-08-15 17:30:35,85170,303,11,119.99,120.24,0.01,1
1t4krYfZOO4,UCNZiNM2pP6uhIlTQVS2Q5fA,2026-07-29 09:00:38,304904,5603,103,119.99,120.24,0.01,1
1tWCPWBf1RU,UCIvLQ5lZ2kebqnLaGv_FP4w,2026-07-23 16:45:03,1778,10,0,120.0,120.0,0.0,0
1tosXVfioXI,UCT_AS9Vfdi1RLtP4MIeIZow,2026-08-06 00:58:41,417,7,5,119.77,120.02,0.02,1
1tyMQI-nT7k,UCBY9rOZPo0fLE45mOV0s0cw,2026-07-19 11:33:49,384,0,0,119.94,120.19,0.06,0
1u9s9uzy8Xc,UCz5LAkkX66OAW-y_WiWf9vA,2026-07-24 10:15:27,22781,44,3,120.0,120.0,0.0,1
1uL3Uofvd_0,UC8CIM3d3zDYMk-3T5aAz0yw,2026-08-16 10:20:50,323013,14277,1009,119.91,120.16,0.09,0
1uVufp9Rc1w,UCPGl9DV2WUgaqGVXtVrhJWQ,2026-07-21 15:00:01,6,0,0,120.0,120.0,0.0,0
1ue88Z7XSqM,UCaMV-CjrWYh2Aefg_8iLwJQ,2026-08-04 09:00:14,39476,179,63,120.0,120.0,0.0,0
1vTv_JMfghw,UCzDmGDR5RdahQkLCBoWlTEg,2026-08-27 11:00:16,34616,266,13,119.76,120.01,0.01,1
1v_owTXNCRA,UCAl4HWznMn7KhKBRFO5eiFA,2026-07-23 14:27:00,9981,69,3,119.8,120.05,0.05,1
1vfYEVV4OuI,UCN8YcyYvYIrtLcwyT-KqbNg,2026-07-15 11:30:13,21827,258,16,120.0,120.0,0.0,1
1vi4SoJ3wXM,UCgsKeCRaBGH6JlnH6VO_7OA,2026-08-22 19:32:57,50,1,1,119.96,120.21,0.04,0
1vrFpiUjhww,UC699Y51pMl0wWLPA4atcZjQ,2026-08-23 02:00:51,49491,651,167,120.0,120.0,0.0,0
1w5vIOuQg_Q,UCab17MxxnFtAhGsJVTkSkCg,2026-08-11 15:18:25,486,12,0,119.95,120.2,0.05,0
1wIoM4kqYt8,UCPGl9DV2WUgaqGVXtVrhJWQ,2026-08-26 15:00:19,13,1,0,119.76,120.01,0.01,0
1wWIYU4hpvw,UCjSNmS8qcD1jEdQhU5h-zKQ,2026-08-25 09:48:30,883,,0,119.95,120.2,0.05,0
1wYE6R3EGs8,UC-S8JFhLkQ5enhB70c2CYIw,2026-08-07 11:00:38,98639,2031,85,119.99,120.24,0.01,0
1x8gvVAwuFc,UCzVXdulvpgEoI8yuFMmhxJw,2026-08-06 13:47:47,121083,9204,131,119.96,120.21,0.04,1
1xAQDaoCJOM,UCL_IvtOZo6sONpiydbzzHpA,2026-08-28 01:21:44,43415,767,7,119.9,120.15,0.1,0
1xE7S7dk50U,UCRq3CDTZ2qe3HiHrZdQKBvQ,2026-08-13 12:31:09,2496,16,13,119.98,120.23,0.02,1
1xGAsmlmNdc,UC08-hQbwh7eyr8PlaYG2-sQ,2026-08-18 10:00:18,18839,251,204,120.0,120.0,0.0,0
1xZVtreKwbo,UC5ThQKdocwo_9UurfT5P_ww,2026-08-06 07:00:31,722469,10615,226,119.99,120.24,0.01,0
1xbb5Wh-1bk,UCJENagCOfjMxdQUDxO4kq2Q,2026-07-24 07:38:06,1937,8,12,119.87,120.12,0.12,0
1xhWbOodu48,UC9nWoDbRAl3-fvreBNeStKQ,2026-07-30 05:21:08,38442,345,54,119.9,120.15,0.1,0
1xlWGfyLnGc,UCZ_xE8U6MVnpwefrYvl2uvA,2026-07-20 09:00:38,84,7,0,119.99,120.24,0.01,0
1xo20P-O7BE,UCEuP8zMn3ln3ZqJa85dp9JQ,2026-07-19 07:10:08,1722,78,19,119.83,120.08,0.08,0
1xo2nbT_zx0,UC5N-HougDAqvdGy3MKqhGAw,2026-07-30 20:37:32,27118,845,142,119.88,120.13,0.12,0
1xqB3thjbB0,UC3gl4CHfNtAqNjju1goB0_w,2026-08-23 00:56:08,2011,50,4,119.83,120.08,0.08,0
1y7Mve2wAig,UCPv0av3PfTUeTnHGgcXkk8w,2026-07-27 00:00:20,4,0,0,120.0,120.0,0.0,0
1yDCxumRNg0,UC783XWULPW-nDGv_0EYlB6Q,2026-08-13 09:30:27,30015,725,32,120.0,120.0,0.0,1
1yMWf2S-04U,UCZFGZ_LhwgiTxaJzJ0QGdFw,2026-07-23 06:08:03,3859,19,0,119.87,120.12,0.12,0
1yiFzuJpSfY,UCei_ecYpQqFjYhjLaDPr2Lw,2026-07-11 19:53:40,77,4,0,119.86,120.11,0.11,0
1yrgiVxNIso,UCKHx_yf3dI2ajWAjXRJ_9Rw,2026-08-18 20:58:01,1192,31,2,119.79,120.04,0.04,0
1yvvhDybohY,UCT807kAu6fmwES8B5698e2w,2026-07-27 10:00:22,38592,1718,201,120.0,120.0,0.0,0
1ywMhezCM2A,UCab17MxxnFtAhGsJVTkSkCg,2026-07-30 14:17:05,2404,42,2,119.97,120.22,0.03,0
1z6QB0k731I,UCPGl9DV2WUgaqGVXtVrhJWQ,2026-08-24 09:55:33,5,0,0,119.83,120.08,0.08,0
1z9W7co4dJo,UCV6mNrW8CrmWtcxWfQXy11g,2026-08-13 00:50:48,13711,834,61,119.91,120.16,0.09,0
1zUb8P06h-Y,UCYJ0Ucu9jPX5kn6SeDcNaIQ,2026-07-30 15:00:32,11318,62,2,119.99,120.24,0.01,1
1zYJlWB-ZdI,UCzRPPKLkNxjD2of-0Xxfnjw,2026-08-30 08:01:38,33227,305,49,119.99,120.24,0.01,0
1zme0uup3I4,UCbvvdVOF0teLO-U6GWh1RKg,2026-08-21 08:25:59,2202,19,10,119.83,120.08,0.08,0
1zrehx5mAtk,UCby0vMKcLR05ZdS90aZd5og,2026-07-10 08:50:49,5988,9,12,119.92,123.77,0.08,1
1zyAPX4NZ9E,UCcum1rCJ5GJeQ_xv0xrohqg,2026-08-18 10:00:07,35776,1050,47,119.76,120.01,0.01,1
2-0dQu1G-RM,UC6JB_a6rD1lZ_aZgQvORfrQ,2026-08-10 21:03:08,765,27,5,119.95,120.2,0.05,0
2-0k5hHdIS8,UCV7WE8I_UiAN0fa6Arezx_w,2026-08-01 21:00:26,23,0,0,120.0,120.0,0.0,0
2-BYUykgzkQ,UCkcaRxpTcisadUeCbHOYTFw,2026-07-25 08:31:51,29941,584,19,119.97,120.22,0.03,0
2-K8tXx3PNk,UCJDXc9JWCZo-nLNKr_-L2Ng,2026-08-21 09:52:15,1042,66,2,119.89,120.14,0.11,0
2-M-ZETFsgY,UCzSODDx0zQF3nxXOZISCm_w,2026-08-22 07:30:13,945,2,0,119.76,120.01,0.01,1
2-O_IC2PLcg,UCZ6mNZTiTUrUSbSYPlclI4A,2026-08-14 13:06:03,9208,439,14,119.9,120.15,0.1,1
206PJjWarM8,UC7wosSPUA3os3b3-RMZZe6g,2026-07-30 08:00:04,1994,21,4,120.0,120.0,0.0,1
2073qQDrBmg,UCAAtd2dSVf8urfwovnEIYaw,2026-07-30 09:06:17,1379,1,0,119.9,120.15,0.1,1
20B15jjQ8sY,UCzps05UZ7XpX3SFoFyYIDow,2026-08-26 07:21:51,12261,167,47,119.9,120.15,0.1,0
20DNTa3aGco,UCrGNa63AQ-rcINIoE_UqdxA,2026-08-13 02:56:54,18,2,0,119.8,120.06,0.06,0
20TSySmXYt8,UC-ntxe7eU_afJWEpcTNlVFA,2026-08-01 08:53:14,23155,463,38,119.86,120.12,0.12,0
20XJw8qnnkg,UC-aXNBQ6nwMNeW2V8XB7sBg,2026-08-24 02:00:10,81189,743,33,119.76,120.01,0.01,1
20d8Rv7OkG0,UCqIwPYLfMd3EoWYwvyTjPnA,2026-07-28 10:00:17,58409,209,29,120.0,120.0,0.0,0
20vIu_Rn690,UCd9oeoY-jLSkhd-J5y_1aYg,2026-08-10 01:47:16,326,4,0,119.96,120.22,0.04,0
218KPaanCvo,UCcvKf8NxAw9i09hZw1MQPBQ,2026-07-29 09:00:06,36128,932,1676,120.0,120.0,0.0,0
21JLtBRLask,UCV7WE8I_UiAN0fa6Arezx_w,2026-08-14 09:00:15,28,0,0,120.0,120.0,0.0,0
21SW-KY27d4,UC78d2aaqdrt02RfmtRLmlAw,2026-08-31 22:39:02,9768,25,1,119.86,120.11,0.11,0
21X4WjNJwcw,UCNXOyEi6xJy4GQSau495wGA,2026-07-19 11:00:25,102,7,2,119.99,120.24,0.01,0
21ZeG1xMVSg,UCNRnCc0hg3ZcKdOGXKKv5Ww,2026-08-24 18:02:14,15879,99,3,119.97,120.22,0.03,0
21_dCDVxT6I,UCby0vMKcLR05ZdS90aZd5og,2026-08-10 17:04:35,438,3,0,119.93,120.18,0.07,0
21b6USl7v3A,UCikKJvpU0Ylua4hRW6faQRg,2026-08-27 00:50:20,3067,75,1,119.92,120.17,0.08,0
22RrOnegq3c,UCTUnpbuKoOODvhLhCO_kO_A,2026-08-12 08:00:05,938,11,12,120.0,120.0,0.0,0
22WrND9voNs,UCwBkHOTyu57NQi0syf5MLig,2026-07-31 12:08:57,59826,500,66,119.85,120.1,0.1,0
22ZiaSqKxW8,UCEg24oF81p-THPtp3otdmTA,2026-08-09 08:00:11,15557,468,37,120.0,120.0,0.0,0
22_p6x7yXBc,UCBtJuwDt6LlXp2YASC-ZMdA,2026-07-26 06:29:37,507,11,4,119.76,120.01,0.01,0
22dsMLK-eE0,UCNZiNM2pP6uhIlTQVS2Q5fA,2026-08-29 09:00:13,238181,2932,415,119.76,120.01,0.01,1
22mFuSLOEzQ,UCBo7GIv99qTzHaa6ip09YLA,2026-08-26 05:53:38,43438,74,40,119.87,120.12,0.12,1
22pUo2KM2WA,UCjBPx2oip2bKnnfqKyas0ew,2026-08-19 07:15:17,3113,158,51,119.76,120.01,0.01,0
23RKoacAjyg,UC_2x8h1QrTHOO0i4Yiss-ww,2026-08-09 10:00:40,67729,1274,23,119.99,120.24,0.01,1
23kE9XVdZSA,UC60HSePkZwGFzRj6VSDa6Ew,2026-08-30 15:09:01,26129,105,3,119.86,120.11,0.11,0
247mv1YD7CM,UCBS4sjbGJIcclT-Y6i_Jzkg,2026-08-09 17:42:11,24342,512,4,119.8,120.05,0.05,1
24CxZsJJAzo,UCXAXCxTCCYYKsLJNzEvjqfw,2026-08-18 02:42:11,51573,477,20,119.8,120.05,0.05,0
24LKwx182sI,UCNu00qhYj4nPeMNdxuwV6sg,2026-08-17 13:06:56,1123,30,0,119.89,120.14,0.11,0
24YChLb2KTo,UCYG8tuvbQzWsDeoADyJFU8Q,2026-07-22 16:49:33,2982,52,3,119.93,120.18,0.07,0
24_5KlT-Le0,UCTizVc_OD9jdhWZOnrQnUeQ,2026-08-21 01:00:35,2707,31,5,120.0,120.0,0.0,0
24lK3FvXM3Y,UCrR_fhiJjoW8OJFzUcmlMMA,2026-07-27 10:00:12,7795,67,20,120.0,120.0,0.0,0
255fu3eE1qk,UCpcTrCXblq78GZrTUTLWeBw,2026-07-19 19:49:15,2927457,31733,2624,119.93,120.18,0.07,0
257ro5cvT0c,UCYGF_xk5RDpltyZDSx040uw,2026-07-14 12:50:08,82868,1212,24,119.92,120.17,0.08,1
25BTiFamDIQ,UCq0fwcojiA7ztN0FgTEgfXA,2026-07-12 08:37:35,58,1,0,119.88,120.13,0.12,0
25O9I1qjA54,UCPsZX-D7LW99PjZLA-UysPQ,2026-08-28 03:00:13,3457,4,4,119.76,120.01,0.01,0
25X_gYjsOUg,UCS3_H_feQRm4QbXipKTvSrw,2026-07-15 12:00:07,26884,736,24,120.0,120.0,0.0,1
25aOnecCSug,UCSl8TBqqflby-ymdEQVfRNQ,2026-08-16 15:57:04,29359,690,231,119.8,120.05,0.05,0
25h4o_nl40Y,UCHCeN9BUgogMGrHBC6zKYvA,2026-08-14 00:21:06,15356,223,79,119.9,120.15,0.1,0
25j5G7RZNm8,UCrfB1-zWijAYkgfZW7Ehc8Q,2026-07-11 15:20:05,113246,4761,1057,119.92,120.17,0.08,0
25pNI67obPg,UCyfvCj_x8SzzSbhqr--dhvg,2026-08-13 02:05:04,7,1,1,119.92,120.17,0.08,1
26a_bYkkPYI,UCNu00qhYj4nPeMNdxuwV6sg,2026-07-27 09:19:11,1100,41,0,119.93,120.18,0.07,0
26b7705f3Vw,UCS3_H_feQRm4QbXipKTvSrw,2026-08-17 13:00:29,20353,326,76,119.99,120.24,0.01,0
26j2eFR-JhE,UCPGl9DV2WUgaqGVXtVrhJWQ,2026-07-20 13:51:29,8,0,0,119.89,120.14,0.11,0
26wfYTd6EVs,UC3ozN5tHi449NhCDE6Xtmwg,2026-08-08 03:52:06,112370,673,39,119.89,120.14,0.11,1
27KYS5peQug,UCfQOeRevRI14uNqluiJ7TeQ,2026-07-29 08:00:25,134,3,1,120.0,120.0,0.0,0
27_m0LLbBXc,UCY_vDlvG-BTDRIOk_I9QQ6g,2026-08-23 15:21:53,3469,36,5,119.9,120.15,0.1,0
27rzTS5NxRo,UC9jOsXFn3RwXEW3qUyySjAQ,2026-08-30 00:46:48,1377,12,0,119.98,120.24,0.02,0
27watatM1iU,UCJDXc9JWCZo-nLNKr_-L2Ng,2026-08-24 11:30:19,846,44,1,120.0,120.0,0.0,0
282SU9PWnfo,UCqIwPYLfMd3EoWYwvyTjPnA,2026-07-17 08:00:33,11443,113,5,119.99,120.24,0.01,0
28DZQkbzrYI,UC3DYSay178fMMPaf3zHwECA,2026-08-26 04:15:06,9258,331,50,119.76,120.01,0.01,0
28Ez6nX3m_w,UChUNd9Dt96PzfB24BtVviHg,2026-08-04 09:00:24,46103,431,9,120.0,120.0,0.0,1
28YuOKsNMxo,UCdK9h1ILxS49c2LguBUY3rw,2026-07-29 11:15:07,2,0,0,120.0,120.0,0.0,0
28dypQiv8Ts,UCdZrsVZ3QolU1TWFaDgN2ww,2026-08-28 21:40:57,75265,609,50,119.83,120.08,0.08,0
28lHJAUFUKk,UCYJ0Ucu9jPX5kn6SeDcNaIQ,2026-08-03 04:21:53,114783,646,93,119.89,120.14,0.11,0
28lM2CCxe_8,UCkd3KAYGnTNPJZZrPOFeWhA,2026-07-22 12:00:10,49966,195,40,120.0,120.0,0.0,1
28p03Of9xbY,UCpwGBltfwjd_fIzp5cb5R0w,2026-08-20 00:30:10,71605,711,107,120.0,120.0,0.0,1
28r4xMjX5gs,UCiEMsnnzti6PDNi8TAlSnFw,2026-07-24 09:00:00,144,3,0,120.0,120.0,0.0,0
28uqCGE5Gjc,UCg5Ew4lj74r_ohbc4AeQj1w,2026-08-29 04:26:50,101042,2159,100,119.81,120.06,0.06,1
28yGFTN6dEY,UCrR_fhiJjoW8OJFzUcmlMMA,2026-07-19 02:00:27,15817,111,17,119.99,120.24,0.01,0
29Dqt77-maI,UCJENagCOfjMxdQUDxO4kq2Q,2026-07-22 05:58:47,788,2,3,119.77,120.02,0.02,0
29F4Gx6sMTI,UCpI-AhCT02iQRGLC2ZcY0Jw,2026-08-30 01:12:31,46092,318,304,119.81,120.06,0.06,0
29TP7LiFAeU,UCi5yzN6jpdz2akGTm-mJSKQ,2026-07-23 02:00:16,1190,22,4,120.0,120.0,0.0,0
29Ux3TH7D94,UCtGMgPWJNU2Aj-SNK0zg0Sg,2026-07-26 15:44:16,2340,14,0,119.76,120.01,0.01,0
29_inyrgY2A,UC9vI-9WYQLXKI6n9XdXXo3g,2026-07-23 03:00:02,17590,873,914,119.75,120.01,0.01,0
29bBieBwbco,UCz5LAkkX66OAW-y_WiWf9vA,2026-08-26 07:34:06,135,1,0,119.94,120.19,0.06,0
29hg2piWJZc,UCSrQnB-Ip9hc0biFQ3HoKzg,2026-08-23 08:16:24,31504,1236,70,119.99,120.24,0.01,0
29p8nNOEvGU,UC-S8JFhLkQ5enhB70c2CYIw,2026-08-08 11:00:10,216881,5522,581,120.0,120.0,0.0,0
29x2gMEiy6E,UC7SIaeUWuuIrWTIOBpayDVQ,2026-08-01 07:26:55,27109,385,62,119.8,120.05,0.05,0
2A8CdNe_Z5Y,UCrR_fhiJjoW8OJFzUcmlMMA,2026-08-19 07:00:26,16492,226,11,120.0,120.0,0.0,0
2AM7pXW4kPc,UCE8JC9RAVSudDT_8Ji1fuPQ,2026-08-08 08:45:07,169440,2162,99,120.0,120.0,0.0,0
2AZfGM6i8KM,UC4VWaR3R17Ruc7j1Cy1-PKQ,2026-08-15 10:07:54,143,3,3,119.87,120.12,0.12,0
2AxLNBHZJQ8,UC6YqXiwCBfPvPTs3wXgWElQ,2026-08-11 12:53:53,83342,363,229,119.85,120.1,0.1,0
2BAQ744t3_c,UCe-7GwWL1XNlCJyfqBhgrHA,2026-08-24 08:02:51,14857,514,8,119.97,120.21,0.03,1
2BGWUNsEoug,UC7lwS-aSDzYHZJ9uWuzySwQ,2026-08-26 10:00:23,1499,5,5,120.0,120.0,0.0,1
2BUldJ6Bwfo,UC9qwDE50UcXvdplRNZKEoPA,2026-07-31 07:00:38,31726,526,66,119.99,120.24,0.01,1
2BZjYNiWHbk,UC-2JsFNClcIesgd7UmtGnpw,2026-08-21 06:49:37,22837,789,73,119.93,120.19,0.07,1
2B_LWNxNHOo,UC78d2aaqdrt02RfmtRLmlAw,2026-08-08 12:50:03,33342,1135,640,119.92,120.17,0.08,0
2B_M_9OKf10,UCElXDMEQqlUnuyDbChjARWQ,2026-08-29 03:30:25,934,3,0,119.76,120.01,0.01,0
2BqTWVbzwFc,UCl-VnCUwSxDr5zPu-YlDUYw,2026-07-19 08:00:11,49537,459,14,120.0,120.0,0.0,1
2ByK5yO-gPw,UCO8ToDSM2Gvt3EZdOdosxTw,2026-07-24 04:15:39,12235,183,99,119.99,120.24,0.01,0
2C7mKxPzWgY,UCp6n8d8Y8r3MwKNw_MMaouQ,2026-08-16 17:17:25,307733,2796,2,119.97,120.22,0.03,0
2CHyhFO4AzE,UCZ6mNZTiTUrUSbSYPlclI4A,2026-08-27 06:30:38,62399,1227,31,120.0,120.0,0.0,1
2CuTTyp9kEw,UCzDmGDR5RdahQkLCBoWlTEg,2026-08-23 03:00:02,8045,54,0,119.76,120.01,0.01,0
2D4FZSoBClI,UCcJliZnsRbNw4I4uWSGq_wA,2026-08-30 20:06:18,9130,9,0,119.91,120.16,0.09,0
2DCpAJAyNQw,UCN8L7Z-dyzu9FzT39RM0fvw,2026-07-22 12:45:56,12547,128,42,119.99,120.24,0.01,0
2DFwUBZw_8w,UCtjlhCmFXYFXC4uqg1flTBg,2026-07-23 14:20:49,94,2,0,119.91,120.16,0.09,0
2DJx55zUQF4,UCoSniqkitCpxlHrQd5L8A1w,2026-08-03 19:19:25,980,7,0,119.93,120.18,0.07,0
2DO_iWsi0ec,UC4oe-OVZ2Ho-03yrMkrXomQ,2026-08-19 23:00:17,198566,3011,164,120.0,120.0,0.0,1
2DVYWdEG9_M,UCUbOogiD-4PKDqaJfSOTC0g,2026-07-24 12:01:55,795116,8586,610,119.97,120.22,0.03,0
2Dju62SFsU8,UCt8CJiye87FMbEwt0npPMuQ,2026-07-10 12:00:06,3887,230,24,116.76,120.62,0.62,1
2DqRpv4v3AI,UCgLFbrC7-g0ihBKB0obVPTg,2026-08-11 12:33:35,112,3,0,119.94,120.19,0.06,0
2DuM6x2z69o,UCgLFbrC7-g0ihBKB0obVPTg,2026-07-23 12:08:47,79,2,0,119.86,120.11,0.11,0
2E10fufbYlg,UCCiKOocVSjyb2rsbL_Aanhw,2026-07-25 14:57:07,47095,248,199,119.8,120.05,0.05,0
2E15Tcsat3g,UC-yb5eNBQyXBE9nZnht9u-g,2026-07-29 09:00:29,18265,407,7,119.99,120.24,0.01,1
2E3S10Q-PqY,UCtGMgPWJNU2Aj-SNK0zg0Sg,2026-08-31 09:30:26,28870,262,16,119.76,120.01,0.01,1
2E71c-aTDZE,UCd6CX2LiQE2dEAPXwk2N0jg,2026-08-09 10:00:21,148228,2154,56,120.0,120.0,0.0,0
2EPL2gEz1fA,UCVZ0SJNurJAv-6hV5VEGB2A,2026-07-26 01:15:22,478767,20351,127,120.0,120.0,0.0,1
2Ek37Mtz1aA,UCCTw9N950kEoELFv3dRcWJQ,2026-08-19 10:49:42,3350,140,6,119.93,120.18,0.07,0
2EnXhay9IHw,UCPuD5ZRQWa_JCaY5NokNhtg,2026-08-11 14:30:39,810,15,5,119.99,120.24,0.01,0
2Eqjvfy-2Ms,UCTmniSiCVyG_UKVCEa9PNKA,2026-08-06 10:26:58,1077,25,5,119.8,120.05,0.05,0
2EwkeCBgY28,UC9M8GGVwPqc9ubNruArCNPg,2026-07-27 12:00:25,71769,1615,189,120.0,120.0,0.0,1
2F9jxQt6gXc,UCpTNtH8yc1Kdl_YFfsQsTYA,2026-08-17 11:02:29,33262,62,0,119.96,120.21,0.04,0
2FN7fCIKqlg,UCifCesg-EUkjKyQedaB3hRg,2026-08-31 02:35:56,9714,55,1,119.92,120.16,0.08,0
2FOEtjKqESc,UCBA9XaL5wCdHnC5EmEzwrqw,2026-07-24 12:15:49,261163,1137,607,119.99,120.24,0.01,0
2FOU-XUIPKo,UCCiKOocVSjyb2rsbL_Aanhw,2026-08-19 13:15:03,13297,30,26,119.76,120.01,0.01,0
2FSlQX1pIBA,UCIvLQ5lZ2kebqnLaGv_FP4w,2026-08-20 02:09:04,3258,17,3,119.85,120.1,0.1,0
2FVooAoD8bo,UCrR_fhiJjoW8OJFzUcmlMMA,2026-08-31 10:00:18,7579,93,105,119.76,120.01,0.01,0
2FiAnAxXNpM,UCqlcSsDNMYxEsem7bWY-66Q,2026-07-28 09:02:29,9835,274,17,119.96,120.21,0.04,0
2Fmilduxbng,UCVZ0SJNurJAv-6hV5VEGB2A,2026-07-25 02:00:24,115467,1087,276,120.0,120.0,0.0,0
2FtP4ZT2B_s,UCQzgMwT5Q6x-Mtq65HRS_0Q,2026-07-29 11:54:22,3763,67,7,119.85,120.1,0.1,0
2Fw0V88ZX1g,UCBmPfbqvGwTTfrV-H_UOfdw,2026-08-15 23:43:43,2498032,15465,178,119.77,120.02,0.02,1
2GGBZ4aXX0U,UCX11f6rIVaoWGvFnKKyPBNQ,2026-07-30 13:57:12,47645,642,45,119.8,120.05,0.05,1
2GNIgiza-m0,UC8E29ANOC3_OuB7_5EPY2xw,2026-08-22 12:15:38,1089,33,9,120.0,120.0,0.0,0
2GrFyc6jygw,UCYGF_xk5RDpltyZDSx040uw,2026-07-14 05:02:14,35521,331,61,119.96,120.21,0.04,0
2GtU0Ps-MQc,UCt8CJiye87FMbEwt0npPMuQ,2026-07-16 19:36:17,7054,183,15,119.9,120.15,0.1,1
2GxVzcgV1CM,UC_m_uqd_9s0hZvlgfvCzqbQ,2026-08-13 01:22:38,1439,3,0,119.88,120.13,0.12,1
2H2COWgf7Jg,UCZ-UuK86Bk5sGzQQ2cEglJQ,2026-07-19 08:10:38,56657,864,14,119.82,120.07,0.07,1
2H7XUFBS_SI,UCab17MxxnFtAhGsJVTkSkCg,2026-08-26 14:39:02,1815,20,1,119.86,120.11,0.11,0
2HEx-k9cQy0,UCAVR6Q0YgYa8xwz8rdg9Mrg,2026-08-12 02:00:13,1443104,6365,151,120.0,120.0,0.0,1
2HIPlFYaick,UCaMV-CjrWYh2Aefg_8iLwJQ,2026-08-11 04:00:18,125991,616,25,120.0,120.0,0.0,1
2HQzPxFwKBI,UCOaUTqrtz1yBBiwziVJEAmQ,2026-08-13 16:00:16,4285,60,7,120.0,120.0,0.0,0
2HXWGZdxK6s,UCu1S4-orXOb_L8EmhnbEKyg,2026-08-16 08:10:40,778,31,1,119.83,120.08,0.08,0
2Hc4qs2bhZY,UCAl4HWznMn7KhKBRFO5eiFA,2026-07-24 11:31:18,4377,43,1,119.98,120.23,0.02,0
2Hi-3ewiTvY,UCfIUuMA7U_jImP7oWfTe4Pw,2026-07-19 13:50:04,178718,944,76,119.92,120.17,0.08,0
2I-SzWisfUs,UCnCH3Uhv_ynhTNKEH6ekRtg,2026-07-19 08:17:17,9043,140,23,119.96,120.21,0.04,0
2I3UxekOkbA,UCBtJuwDt6LlXp2YASC-ZMdA,2026-08-18 03:00:33,377,3,0,120.0,120.0,0.0,1
2ICWrSH8pmM,UCtt0Hg9MhraTkzWwNQpplHg,2026-07-22 09:00:33,79216,832,637,119.99,120.24,0.01,0
2IQZHFWtUg0,UC8chC5rneP-LHm43q-jF3oQ,2026-07-15 08:03:48,1399334,23037,572,119.94,120.19,0.06,1
2ISKHlHQsNk,UCz1Gc37nWsdF_jbJ_SvMl4g,2026-07-23 10:18:24,29447,258,22,119.95,120.2,0.05,0
2Iuf3welL20,UCbaRH9U2BEFwhJiodE3qTpQ,2026-08-22 02:53:52,7872,286,23,119.86,120.11,0.11,0
2J7ph9sy_Ek,UCIiwlFqKiJiULzRMgILMlcA,2026-07-31 01:58:55,2022,15,1,119.77,120.02,0.02,0
2JA8jULp9iE,UC9otskL_kd-0CDib_5Lj-mQ,2026-07-23 10:00:28,32008,1929,192,119.99,120.24,0.01,0
2JCF9LdPoXs,UCOaUTqrtz1yBBiwziVJEAmQ,2026-07-27 18:00:01,9606,74,10,120.0,120.0,0.0,1
2J_LrnMmGs0,UCMAfHuocszM6UTORPwUmeNw,2026-08-26 02:45:39,16262,284,0,120.0,120.0,0.0,0
2Ji94LvinKk,UC9qwDE50UcXvdplRNZKEoPA,2026-07-30 04:31:07,2882,43,6,119.98,120.23,0.02,0
2JzaA5jNy78,UCPGl9DV2WUgaqGVXtVrhJWQ,2026-07-18 10:49:08,69,1,0,119.93,120.18,0.07,0
2KHD2_bl3MY,UCAl4HWznMn7KhKBRFO5eiFA,2026-07-12 07:00:08,5248,20,0,120.0,120.0,0.0,0
2KLxJsYqXNI,UCtVBI7YLJyDvrx7iWAukx_Q,2026-08-15 01:00:06,2201,51,19,120.0,120.0,0.0,0
2KMTUT2R-I8,UCZNTsLA6t6bRoj-5QRmqt_w,2026-08-26 17:00:19,83035,1904,40,119.76,120.01,0.01,0
2KUL558CkuE,UC9jOsXFn3RwXEW3qUyySjAQ,2026-08-22 00:34:26,509,7,0,119.94,120.19,0.06,0
2KUnqs-p-Bk,UCOLDn9gw0yegXRgjoi5MzNQ,2026-08-30 07:34:53,217,4,3,119.93,120.18,0.07,1
2KX8sISy568,UC-2wa6jvprl7hfCpvw0ULzg,2026-08-28 03:15:28,126093,1339,549,120.0,120.0,0.0,0
2Kxn-XihCFM,UC1Il94cQwl93Zun8ax1Qjlw,2026-07-27 14:47:03,2876,7,3,119.97,120.22,0.03,1
2LKBqHQz-_g,UCRq3CDTZ2qe3HiHrZdQKBvQ,2026-07-31 09:52:26,1776,9,2,119.88,120.13,0.12,1
2LTyZ6vY7Kk,UCeKjmFzU-Jlqg7diwzf2Udw,2026-08-22 23:41:26,1,0,0,119.82,120.07,0.07,0
2MBZLGr-gVY,UCc1VJX_5Z2RdGi58XU4IfbA,2026-08-05 06:32:45,367,15,1,119.96,120.21,0.04,0
2MC1V-RTXGI,UCBexUDlBSJM2h4xZB3ch53g,2026-07-13 09:30:02,18152,673,47,120.0,120.0,0.0,1
2MNY_ecWG58,UCYGK33LxFlgh9QtmvCYMR3A,2026-08-23 03:00:30,18140,418,67,120.0,120.0,0.0,0
2MQKiWeY4Xg,UCDnIK80iouL_rb_J6GybOlg,2026-08-01 08:58:23,1,0,,119.78,120.03,0.03,0
2MWLVtcn9vM,UCAhmOb9JWkI2HV_KIe9X_3A,2026-08-18 13:00:16,3957,47,25,119.76,120.01,0.01,0
2Mj2-ICk9X8,UCcvKf8NxAw9i09hZw1MQPBQ,2026-07-31 11:00:06,305065,11391,1997,120.0,120.0,0.0,0
2NFNm9X1ILA,UC2U8C7lmbQpfBeAW8fTP_jg,2026-07-15 03:30:43,37451,653,34,119.99,120.24,0.01,0
2NJIorGSeso,UCAhmOb9JWkI2HV_KIe9X_3A,2026-08-30 03:40:07,19757,67,0,119.85,120.1,0.1,0
2NJVROC8Zx8,UCyZXLzORHoh9QMwA7IwS0pA,2026-08-19 11:00:12,2170,46,5,119.76,120.01,0.01,1
2NQClGlpabI,UCQhIdo5nRQY9DB3uo7vawtw,2026-07-29 16:07:56,2157,34,12,119.87,120.12,0.12,0
2OCMiwpTNr8,UCOTJtP0Z9DjpPU43B5m1V6A,2026-07-28 05:15:23,354434,1803,34,120.0,120.0,0.0,1
2OHeNIRpn0Q,UCuwnt_REmD4YsCtFJRoqjFw,2026-08-24 04:00:03,322627,4027,141,119.76,120.01,0.01,1
2Ono_zvylm8,UCkavlo6q2XfO_MA9Q24wRvw,2026-08-19 08:30:48,963,3,1,120.0,120.0,0.0,0
2OqSPffCdpg,UCZ-UuK86Bk5sGzQQ2cEglJQ,2026-07-23 10:41:36,145813,1542,85,119.81,120.06,0.06,0
15S9jLJcqCA,UCw1DsweY9b2AKGjV4kGJP1A,2026-08-03 03:55:57,364272,,99,119.82,120.07,0.07,0
15hMOsACXNI,UC8chC5rneP-LHm43q-jF3oQ,2026-07-30 06:00:12,483006,7380,89,120.0,120.0,0.0,1
15mTFxZCVcc,UCzSODDx0zQF3nxXOZISCm_w,2026-08-29 13:30:25,217,0,0,119.76,120.01,0.01,1
15q20RZfgLE,UCzps05UZ7XpX3SFoFyYIDow,2026-07-25 22:35:43,37696,242,230,119.91,120.16,0.09,0
15zbAMkGHk8,UCAl4HWznMn7KhKBRFO5eiFA,2026-08-20 10:39:15,18533,120,6,119.85,120.1,0.1,1
164zptOAAuc,UCwlUB3goOsh4tpqZKIzUAbA,2026-07-19 08:51:58,24625,266,105,119.89,120.14,0.11,0
168Ch3zcTIw,UCpcTrCXblq78GZrTUTLWeBw,2026-08-21 17:30:14,143665,714,47,119.76,120.01,0.01,0
16R6TtZPMAg,UCCW6uYIUP4YKKe50k-ktVAw,2026-08-29 00:00:02,88179,1424,115,119.76,120.01,0.01,0
16ijz1hD35c,UCO94iFhOhtdGb4Ze5DUAtbw,2026-08-03 09:00:37,5447,106,5,119.99,120.24,0.01,0
16jNtQRW4tw,UC-8S20Ll1gzPiu_YY8BgyaQ,2026-07-24 09:49:58,137133,833,30,119.92,120.17,0.08,1
16mwYta-isM,UC4ncZM9bnBknxPkJbq4miHQ,2026-08-16 10:00:29,81644,1613,88,120.0,120.0,0.0,1
17OFkHF4H-U,UCaN1Qp37sHiCdQuSaXa3fVw,2026-07-26 13:41:10,90673,1434,115,119.82,120.07,0.07,1
17shozH57to,UCoH2pCzAr6zWDG-LtUiLWRw,2026-08-18 07:00:28,36914,681,71,120.0,120.0,0.0,1
18HbC39mkUA,UCV6mNrW8CrmWtcxWfQXy11g,2026-08-25 14:34:35,70086,1897,302,119.93,120.18,0.07,0
18LwaDr6OnQ,UC2yOBpLVwB7kzt9C5ZPbB7w,2026-08-27 20:00:36,271544,3317,125,120.0,120.0,0.0,1
18N-ZWQttnE,UCPGl9DV2WUgaqGVXtVrhJWQ,2026-08-20 15:00:16,2,0,0,120.0,120.0,0.0,0
18iGX8aM95I,UCIKORyfTZ0cN-u0hrxHcgUw,2026-08-28 01:35:08,72,1,0,119.93,120.18,0.07,0
199P6DfdOg4,UCEg24oF81p-THPtp3otdmTA,2026-08-02 09:00:02,111034,2266,25,120.0,120.0,0.0,1
19Lf9heIglk,UCby0vMKcLR05ZdS90aZd5og,2026-07-24 09:02:10,6015,10,15,119.97,120.22,0.03,1
19pxgi-vNOw,UCt8CJiye87FMbEwt0npPMuQ,2026-08-31 14:30:18,5802,51,1,119.76,120.01,0.01,0
19ti1Q60WWs,UCPGl9DV2WUgaqGVXtVrhJWQ,2026-08-08 15:00:35,9,0,0,119.99,120.24,0.01,0
1A6va4g-xW0,UCV6mNrW8CrmWtcxWfQXy11g,2026-08-22 18:30:05,226389,7979,63,119.76,120.01,0.01,1
1A8qDhDmAHU,UCQzgMwT5Q6x-Mtq65HRS_0Q,2026-07-23 12:25:24,3746,67,14,119.83,120.08,0.08,0
1AH35k4dL8M,UCO94iFhOhtdGb4Ze5DUAtbw,2026-07-20 12:00:02,16058,255,6,120.0,120.0,0.0,0
1ASv6riGpUU,UCcsC1X0SyiWcxBTbnjoZ9Ag,2026-08-13 07:26:33,1046,31,13,119.81,120.06,0.06,0
1ATFP-P-DzY,UCz4b1O9sT73P8DWwx6OvQwg,2026-08-20 07:42:39,145174,2682,105,119.79,120.05,0.05,1
1AUIagQbY1A,UCp6n8d8Y8r3MwKNw_MMaouQ,2026-07-30 11:45:54,17091,318,7,119.99,120.24,0.01,1
1B5aEDqPxGk,UCV6mNrW8CrmWtcxWfQXy11g,2026-07-30 08:00:25,109159,4006,118,120.0,120.0,0.0,1
1B94MQIPnAY,UCeiDuGZqWT4iiIXRTfhM3qQ,2026-08-06 09:07:20,3509,77,0,119.88,120.13,0.12,0
1BFQt9cE8pc,UCwfbSsZ7_sccxcibe60mWlQ,2026-07-29 03:00:19,12261,56,5,120.0,120.0,0.0,0
1BGUxzml1UE,UCZ6mNZTiTUrUSbSYPlclI4A,2026-08-08 09:00:04,8065,290,5,120.0,120.0,0.0,1
1BHfUbpB65s,UCKVt3arMXfa6XZezR1UnjqQ,2026-07-22 03:00:19,10591,62,10,120.0,120.0,0.0,0
1BXngY4GhdM,UC_8GOc5dWX2Kpb74_nQ7vSQ,2026-08-06 09:00:03,124229,3531,227,120.0,120.0,0.0,0
1Bn3BF_19h4,UCgjaQlejpAnIu0q-xtVfTEw,2026-08-21 07:45:03,34262,331,56,119.76,120.01,0.01,0
1BrVSfc2tW0,UCdGiRd1dTixfQxQrb2pbn5Q,2026-07-23 07:50:34,8360,199,17,119.91,120.16,0.09,1
1BzkyJCRc0I,UCjOtzpfj5lF9erwTEQYkxtQ,2026-08-11 03:00:29,53931,1169,50,119.99,120.24,0.01,0
1C-uhO_QcZs,UC-FiQR2gg8oiNw98ZdsSX6Q,2026-08-07 06:56:42,1180,3,0,119.81,120.06,0.06,0
1C0WSQ9B_lU,UCuWcjpKbIDAbZfHoru1toFg,2026-08-28 01:34:36,76123,2460,330,119.93,120.18,0.07,0
1CCziUhHKWE,UCSOeJWyByeoBHpmrm0NnlLw,2026-08-18 07:00:18,99992,2131,122,119.75,120.01,0.01,1
1CMc01tNHF0,UC5ScPjbt-a97AJO7SBj6nAg,2026-08-30 07:44:30,116445,2920,88,119.77,120.02,0.02,1
1CNSGhW4tG4,UCDHGqgpiHQAsE0UiltRqhfQ,2026-08-10 11:53:16,11475,67,0,119.86,120.12,0.12,1
1CXbQueVS4Y,UCw-JzmPsjRcbzJLncr4pIIA,2026-07-11 12:03:59,186895,2872,525,119.94,120.19,0.06,0
1CY_LkZbGyk,UClWTMxooQefOLUV0TRcJ1Eg,2026-08-13 08:30:12,1623,91,11,120.0,120.0,0.0,0
1C_3gTXcpMQ,UCyZtdaxIiGb4wp5AmkEMrwQ,2026-07-23 03:04:11,55452,1443,19,119.93,120.18,0.07,1
1CnLkiM7nCs,UCYGF_xk5RDpltyZDSx040uw,2026-08-14 09:44:45,123812,1374,39,119.76,120.01,0.01,1
1Cz3jeoV5vk,UCt8CJiye87FMbEwt0npPMuQ,2026-07-10 15:00:24,74972,3799,306,120.0,120.0,0.0,0
1D4fMxVRkZk,UClmc4bkKkQy2cjn3lKjRGbg,2026-08-16 05:22:32,9,1,0,119.88,120.13,0.12,1
1D86IVB_1eY,UCdb5lyq0tWbY3jqH35SufmA,2026-08-30 22:30:38,56622,288,15,120.0,120.0,0.0,1
1DOqah0r2GY,UCw1DsweY9b2AKGjV4kGJP1A,2026-08-31 08:00:00,45677,152,14,119.76,120.02,0.02,0
1DehboIcFy8,UCV7WE8I_UiAN0fa6Arezx_w,2026-08-19 13:00:32,61,1,0,120.0,120.0,0.0,0
1DkMph9WcJQ,UC7SIaeUWuuIrWTIOBpayDVQ,2026-08-03 01:58:13,21536,299,105,119.78,120.03,0.03,0
1DlEwqWlkDI,UCifCesg-EUkjKyQedaB3hRg,2026-07-27 01:27:51,176635,1880,16,119.79,120.04,0.04,0
1DwbHX7vV0w,UC_E_qYfGKM3C0kqrp1p8z7Q,2026-07-22 19:00:01,408,17,1,120.0,120.0,0.0,1
1DxG9sravTU,UCJmnOEp1-OITEU0mk4icM5A,2026-08-05 07:00:29,66854,1108,355,119.99,120.24,0.01,0
1E-9iFFXm0o,UCI3DTtB-a3fJPjKtQ5kYHfA,2026-08-29 22:00:31,9249,35,1,119.76,120.01,0.01,0
1E4XgSn8gBU,UCWwbZhw5M-Q5dZtTK4nDWNw,2026-08-29 09:00:36,15536,98,14,120.0,120.0,0.0,0
1E7aAz6qRL0,UCZ8QkhF9gSHi8IL8I4rFrOA,2026-07-31 13:15:35,8502,113,4,119.99,120.24,0.01,1
1EHbcmARjec,UCV7WE8I_UiAN0fa6Arezx_w,2026-07-26 11:00:06,89,1,0,120.0,120.0,0.0,0
1EaYsRICr-Q,UCQzgMwT5Q6x-Mtq65HRS_0Q,2026-08-10 14:21:48,14645,80,2,119.89,120.14,0.11,0
1EfEh-UlCBU,UC0PMQXAwF6O6aeTpv962miA,2026-07-27 18:30:17,30465,959,192,120.0,120.0,0.0,0
1EtP-zbFVHc,UCK1aVlIbEBrdhv-gbSgGIkQ,2026-08-25 14:07:35,1527,3,0,119.88,120.13,0.12,1
1Ev5appFdpE,UCp6n8d8Y8r3MwKNw_MMaouQ,2026-07-24 20:23:43,2077,37,5,119.86,120.11,0.11,0
1EyoddeT2dg,UCqVkQsNin4MdGFrWvzFVOKw,2026-07-23 01:50:16,3925,133,4,119.92,120.17,0.08,0
1FLD77BWZVc,UCHK-FRuAjk8g798dD7L7xqA,2026-07-16 02:55:02,6389,41,17,119.83,120.09,0.09,0
1FdseawVty4,UC8x8GQmlxAIhHxzU61z0uLQ,2026-08-12 07:42:23,11544,98,0,119.8,120.05,0.05,0
1FgytIKJoaw,UC-DpK48x4bltMjHHChZ4zBg,2026-08-16 14:47:46,6133,54,10,119.96,120.21,0.04,0
1Fu4fU28Ono,UCJDXc9JWCZo-nLNKr_-L2Ng,2026-08-17 15:00:38,3182,120,6,119.99,120.24,0.01,0
1G03VBqhXnw,UCZ49HaU_D0Tlf1aDA2jU_Vg,2026-08-30 13:19:05,106947,378,175,119.94,120.2,0.06,0
1G7Izn_38fM,UCBY9rOZPo0fLE45mOV0s0cw,2026-08-13 22:50:08,189,2,0,119.92,120.17,0.08,0
1GAqRpf6ZQQ,UCS-X1uBDTNwAYyydiXjcX9A,2026-08-31 07:00:30,66331,398,44,119.75,120.01,0.01,0
1GC76tLVcXQ,UCXu_CcxBZA5S_iG33OzA9PQ,2026-08-16 11:15:08,6043,34,20,120.0,120.0,0.0,0
1GHjR82dizI,UCUbOogiD-4PKDqaJfSOTC0g,2026-08-16 11:58:20,272761,1282,374,119.78,120.03,0.03,0
1GOKO6LszDk,UCzDmGDR5RdahQkLCBoWlTEg,2026-08-12 13:55:04,18357,136,4,119.84,120.09,0.09,1
1GRIoxdQuLo,UC8C0Yd20ke5XqOiZvMVgM9w,2026-08-26 00:00:04,371055,107,4,119.76,120.01,0.01,1
1GWYmRYo0Vo,UCWZqSCSNZT3X8e_HyCJoXMg,2026-08-16 13:08:05,79890,2069,53,119.87,120.12,0.12,1
1GX858LAIhM,UCAAtd2dSVf8urfwovnEIYaw,2026-07-23 22:42:44,2822,6,1,119.79,120.04,0.04,1
1GaNmHPL_EQ,UC_9W6Z5Y3lDpLk47Y_y5ITQ,2026-08-22 19:43:43,20049,217,46,119.78,120.03,0.03,0
1Ggd04enfXY,UCp_jHNjcoiXC7SlElrBmzBA,2026-08-22 02:33:19,3441,202,15,119.95,120.2,0.05,0
1H03yX8Xs3U,UCAtGPbK4AWmeoaREsNLLZhg,2026-08-08 06:09:12,23899,541,123,119.85,120.1,0.1,0
1H0xr6xdvbk,UCMAfHuocszM6UTORPwUmeNw,2026-08-18 10:58:05,15281,315,0,119.79,120.04,0.04,0
1H3e1siW8Jc,UCbeQg95cAxVRsxxh6FyilxA,2026-08-07 05:27:42,11356,55,5,119.79,120.04,0.04,0
1HC1A81fP1k,UC1IUMdwaJ22A6FkPiI8dcig,2026-07-12 06:30:04,211466,3437,56,120.0,120.0,0.0,1
1HNNQp9sxsI,UCEg24oF81p-THPtp3otdmTA,2026-07-11 10:00:01,39251,1441,39,120.0,120.0,0.0,0
1HUHaR46d5c,UCwlUB3goOsh4tpqZKIzUAbA,2026-08-29 15:46:39,29390,161,57,119.99,120.24,0.01,0
1Hh5Vx2YwbI,UC-okJdotaXPlzivRzHFqzuA,2026-08-28 09:15:27,202778,1602,30,120.0,120.0,0.0,0
1HluTsQDe3s,UC_9W6Z5Y3lDpLk47Y_y5ITQ,2026-07-31 02:43:08,41812,566,62,119.78,120.03,0.03,0
1HoWkMwnCrQ,UC-okJdotaXPlzivRzHFqzuA,2026-08-30 02:59:10,301904,1600,103,119.78,120.03,0.03,0
1I0ypEN6GP0,UCHeg3ApmuXQbqqszaD1fR9g,2026-07-31 02:00:36,22127,277,25,119.99,120.24,0.01,1
1I3NLeH-8Mk,UCt8CJiye87FMbEwt0npPMuQ,2026-08-26 15:00:28,5413,154,14,120.0,120.0,0.0,0
1IAoNrbdlso,UC8Xz3BKjDvQk7lKhH7Hi9nA,2026-07-23 03:31:04,4330,20,23,119.99,120.24,0.01,1
1IJAog4s90Y,UC_Cp4dXpd94km5Syq2x-xig,2026-08-06 03:05:47,207,0,0,119.91,120.16,0.09,0
1IQIQbUbXdI,UC4oe-OVZ2Ho-03yrMkrXomQ,2026-08-03 07:00:10,466089,9919,221,120.0,120.0,0.0,1
1IaL7lqiWD0,UCmZeuRfHYowZhf6odtoaNdg,2026-07-31 11:39:36,21460,102,24,119.84,120.09,0.09,1
1IvkB6OaIH4,UCCd3jyJmOFzkJEMj5Bp89rw,2026-08-05 15:26:03,11388,485,23,119.82,120.07,0.07,0
1Iz3z2sw_Kw,UCX11f6rIVaoWGvFnKKyPBNQ,2026-08-26 21:21:07,4122,239,2,119.91,120.16,0.09,0
1J9_x_2GmfU,UC2f8VfmEF2_0-rFN4RNHaNg,2026-07-24 22:01:01,32904,930,512,119.98,120.23,0.02,0
1JFwFZMz7yw,UC_9W6Z5Y3lDpLk47Y_y5ITQ,2026-08-20 20:11:39,16902,192,11,119.82,120.07,0.07,0
1JXUDgNYX0c,UCSzHok6X5qXEO7cjvVnE62g,2026-08-26 12:00:25,108498,1016,29,119.75,120.01,0.01,0
1JXZGQRy6tE,UCEcRvF_6IRSux8FO-ogFZug,2026-07-26 17:08:02,20315,725,29,119.87,120.12,0.12,0
1Ja5dWU0YjI,UCCd3jyJmOFzkJEMj5Bp89rw,2026-07-24 19:00:23,4308,170,6,120.0,120.0,0.0,1
1Jef1poq474,UCPGl9DV2WUgaqGVXtVrhJWQ,2026-08-10 15:00:04,1,0,0,120.0,120.0,0.0,0
1JwjRW-OTkY,UC4VWaR3R17Ruc7j1Cy1-PKQ,2026-07-11 08:55:31,134,9,2,119.83,120.08,0.08,0
1K2X0fm5abM,UCt8CJiye87FMbEwt0npPMuQ,2026-07-20 12:00:25,9638,267,53,119.99,120.24,0.01,0
1KNEiTvlchw,UCt8CJiye87FMbEwt0npPMuQ,2026-07-16 12:00:06,3970,102,77,120.0,120.0,0.0,1
1KTCXUkf1x0,UChLqHuZV0PENIBYxDgXyPLQ,2026-07-21 13:51:20,168765,2966,45,119.9,120.15,0.1,1
1KY80rPB_cs,UCV7WE8I_UiAN0fa6Arezx_w,2026-07-15 02:00:19,52,0,0,120.0,120.0,0.0,0
1KcKpucgTSQ,UCbaRH9U2BEFwhJiodE3qTpQ,2026-08-30 08:59:50,15512,536,20,119.77,120.02,0.02,1
1KjyyUWzM4c,UC-aXNBQ6nwMNeW2V8XB7sBg,2026-07-27 03:00:05,852344,9098,173,120.0,120.0,0.0,1
1Kl4wrW16h4,UCifCesg-EUkjKyQedaB3hRg,2026-08-23 00:25:58,26762,607,6,119.83,120.08,0.08,1
1L9bAG_PL4c,UC3RzmV2LX3AmWhZVx0A7u0A,2026-07-17 07:00:38,44683,843,173,119.99,120.24,0.01,0
1L9s9XzZw5U,UCElXDMEQqlUnuyDbChjARWQ,2026-07-31 11:21:50,440,0,0,119.89,120.14,0.11,0
1LAQZ8Q0cyA,UCS2OAdHoLt-9T6cG9A2H49Q,2026-08-30 09:00:38,49292,226,32,119.75,120.01,0.01,1
1LJbIfQreGQ,UCF-rFAdN7dzd-SI2T3rkCaQ,2026-08-02 11:38:28,71661,428,30,119.86,120.11,0.11,1
1L_vcxlMBMo,UCb5NLtXAsTBrmaZVhyFa-Wg,2026-07-27 13:30:05,52947,201,42,120.0,120.0,0.0,1
1Llpbgo8GYM,UCksGX0hODm1Ev6mysrToMqg,2026-08-07 12:44:52,24452,450,14,119.76,120.01,0.01,1
1LtdCPzZ-ac,UCi1Tln5CFg1yExpz8djyxjA,2026-08-30 20:48:09,640407,31370,165,119.96,120.21,0.04,1
1M5E0ZsNV7g,UCsrLyevZL_AEZY0LaYVCYzA,2026-08-26 23:00:33,86,5,5,120.0,120.0,0.0,0
1MAe7hCLQ_Q,UCnCFD3met1Ip7OngdF9TRDg,2026-08-25 08:56:50,52259,434,50,119.81,120.07,0.07,0
1MEfxkqbtHg,UCE3q8VKqIT_vOL4b9Nl8chA,2026-08-22 03:30:32,17249,820,24,120.0,120.0,0.0,0
1MHM7whWzLI,UC8aCmG_y4DqqVI9Xlcym1Jg,2026-08-28 01:29:08,280,12,0,119.78,120.03,0.03,1
1MKKXh_YK98,UC-Av9SmAuRmyaEdwZKnT58g,2026-08-04 11:20:04,23010,324,15,119.92,120.17,0.08,1
1MLelI9QOtM,UCQJuZxeDv2P05YHcC-tIEVQ,2026-08-24 08:30:19,43674,729,24,119.76,120.01,0.01,1
1MO974HJoi0,UC6JB_a6rD1lZ_aZgQvORfrQ,2026-07-30 15:49:42,742,29,0,119.92,120.17,0.08,0
1MQzT6VB2Jc,UCab17MxxnFtAhGsJVTkSkCg,2026-07-28 09:29:04,620,8,0,119.77,120.02,0.02,0
1MSuM2jn0mQ,UC-8S20Ll1gzPiu_YY8BgyaQ,2026-08-31 13:00:20,148859,531,52,119.76,120.01,0.01,0
1Ma6u30O1Zw,UCab17MxxnFtAhGsJVTkSkCg,2026-08-17 10:16:40,1619,24,3,119.98,120.23,0.02,0
1MwXL6ftrHs,UC_9W6Z5Y3lDpLk47Y_y5ITQ,2026-07-25 12:29:14,15416,107,24,119.77,120.02,0.02,0
1N1MveI5a8w,UCIH7bdyhaJ0nD7jIcgqmQbQ,2026-08-22 12:52:33,24072,314,10,119.89,120.14,0.11,1
1N1ivWN_nKg,UCkpKYfb8wM67QnKxBj9bZXA,2026-08-13 03:00:08,10235,57,6,120.0,120.0,0.0,0
1N9S8ZQQr84,UC0PMQXAwF6O6aeTpv962miA,2026-08-28 18:32:12,63117,742,117,119.97,120.22,0.03,0
1NAtY4znDK4,UCeiQKedLZob9Cb797XfsrRw,2026-07-17 11:00:06,31603,459,326,120.0,120.0,0.0,0
1NEVm6T6Bx0,UCifCesg-EUkjKyQedaB3hRg,2026-08-14 01:57:20,2578,18,0,119.8,120.05,0.05,0
1NMgskdBiqk,UC3_QWAvQRhPW4CDoQU8acKw,2026-08-03 07:00:31,148155,2573,226,119.99,120.24,0.01,0
1NZ1J3xQC-4,UCpcTrCXblq78GZrTUTLWeBw,2026-07-31 21:30:01,170813,3818,185,120.0,120.0,0.0,0
1Ng2srUum1I,UC5ThQKdocwo_9UurfT5P_ww,2026-08-15 00:00:27,422537,5133,46,120.0,120.0,0.0,1
1NjTAHoYvfo,UC78d2aaqdrt02RfmtRLmlAw,2026-08-26 18:06:53,21845,473,143,119.9,120.15,0.1,0
1Nwe-7-2y5w,UCpwGBltfwjd_fIzp5cb5R0w,2026-08-25 00:30:39,103545,1855,94,120.0,120.0,0.0,1
1O2CRWAZcMg,UCos3GN2gX0wLcfuhOAiMotQ,2026-07-20 13:25:32,69238,1022,61,119.83,120.08,0.08,0
1O4mVK-FDCk,UCuwnt_REmD4YsCtFJRoqjFw,2026-07-20 12:24:35,27020,248,24,119.84,120.09,0.09,0
1OUaLc4XF1M,UCYooECrv-fIXlPaDwEIaveA,2026-08-22 09:00:35,20216,309,32,120.0,120.0,0.0,0
1O_7c5gTvto,UCFCt5RYu41HTg4eX1jdHNxw,2026-08-24 19:26:31,683,16,0,119.82,120.07,0.07,0
1O_t4hq-2iE,UCN5oT4zGJX-_H6pE5isAEeg,2026-07-23 03:00:29,393245,4826,343,120.0,120.0,0.0,1
1OjXcZgK2Ko,UCYGF_xk5RDpltyZDSx040uw,2026-08-20 06:07:32,50362,649,30,119.88,120.13,0.12,1
1Ou7rdY10n4,UCwBkHOTyu57NQi0syf5MLig,2026-08-29 12:30:28,133291,574,41,119.76,120.01,0.01,1
1OxNCPeUMMU,UC4cKHOBS-nRfKFTwf1n8HGA,2026-07-25 00:47:11,1691,,1,119.97,120.22,0.03,1
1P38KnT-LZE,UCDBAVzfX3yZ1hah0FHnOoaA,2026-08-11 13:03:02,524489,2961,408,119.95,120.2,0.05,0
1P4PkrI1p8c,UCbaRH9U2BEFwhJiodE3qTpQ,2026-08-26 09:00:16,56341,1340,44,119.76,120.01,0.01,1
1P5tgIM-rK4,UCifCesg-EUkjKyQedaB3hRg,2026-07-25 01:30:12,2289,56,2,120.0,120.0,0.0,0
1PN1G42BGb0,UCZCZHg_oJiHcrcj2vaPRCag,2026-08-28 17:35:39,147,1,0,119.92,120.17,0.08,0
1PfoXsebk7Y,UCdK9h1ILxS49c2LguBUY3rw,2026-08-13 10:45:34,16,0,0,119.99,120.24,0.01,1
1Pi24xL19aA,UCDmmbxGg8g-EBkC_ku6vybg,2026-07-13 12:00:18,8385,476,56,120.0,120.0,0.0,1
1PpwVHw6zQE,UC9qwDE50UcXvdplRNZKEoPA,2026-08-15 12:16:54,1390,13,5,119.97,120.22,0.03,0
1PqdZpFUv3E,UCarBV0zWlC2k-HteyeKqfag,2026-08-16 17:52:30,14480,146,1,119.88,120.13,0.12,0
1PwLStj9Ht0,UCby0vMKcLR05ZdS90aZd5og,2026-07-30 02:53:39,2238,4,2,119.86,120.11,0.11,1
1Q65V37sOug,UCAl4HWznMn7KhKBRFO5eiFA,2026-07-22 12:15:32,10481,38,0,119.99,120.24,0.01,0
1QC8eQ_uHpw,UCPGl9DV2WUgaqGVXtVrhJWQ,2026-07-17 15:00:23,3,0,0,120.0,120.0,0.0,0
1Qei7u48EIU,UCvfEv6nBnL0QlKqyGmL0orQ,2026-07-23 07:17:22,10387,54,24,119.97,120.22,0.03,0
1QqrusTkFq0,UCzVXdulvpgEoI8yuFMmhxJw,2026-08-27 13:01:41,202018,4344,308,119.98,120.23,0.02,0
1QwN3TZwTpM,UCpn9dP1b5BhBsU9SduEz1hA,2026-07-16 17:15:51,11396,114,9,119.99,120.24,0.01,1
1RD4kNMQFws,UCJDXc9JWCZo-nLNKr_-L2Ng,2026-08-24 11:00:10,1014,40,7,119.76,120.01,0.01,0
1RM71LKX7d8,UCikKJvpU0Ylua4hRW6faQRg,2026-08-19 14:36:24,2456,74,0,119.9,120.15,0.1,0
1RQlSMQnI9I,UC8CZL4cvFiKwKKDNCuM2lTA,2026-08-05 09:44:44,35940,388,40,119.76,120.01,0.01,0
1Ru1jNF9OuA,UCaHIZAKows704_gk6bjdAog,2026-08-24 06:50:04,31167,339,62,119.93,120.18,0.07,0
1RxEjAHADKM,UCJDXc9JWCZo-nLNKr_-L2Ng,2026-08-15 15:45:02,1579,104,3,120.0,120.0,0.0,0
1SF6WGK6I4c,UCz4b1O9sT73P8DWwx6OvQwg,2026-08-26 03:26:09,117723,2030,32,119.83,120.08,0.08,1
1SIiB1o3Bec,UCkd3KAYGnTNPJZZrPOFeWhA,2026-08-24 07:29:56,44247,419,71,119.76,120.01,0.01,1
1SWuOk53eqI,UCYGF_xk5RDpltyZDSx040uw,2026-07-22 12:40:03,90389,1093,27,119.83,120.08,0.08,1
1Sbl9g9qKCU,UC4ncZM9bnBknxPkJbq4miHQ,2026-08-04 09:14:05,24434,466,79,119.77,120.02,0.02,0
1SjgJp8KHt4,UCzDmGDR5RdahQkLCBoWlTEg,2026-07-15 03:00:35,28174,166,2,119.99,120.24,0.01,1
1SmjPtLQCuM,UCSh__r5HS4Y1xBkccWnV0TA,2026-08-27 19:30:24,215478,5252,189,120.0,120.0,0.0,0
1SsToJ9OqVs,UCPN9TrChCye1s97iEUOsIeA,2026-08-12 14:17:28,68,3,3,119.96,120.21,0.04,0
1SsxqV6kXN8,UCYG8tuvbQzWsDeoADyJFU8Q,2026-08-08 19:57:36,4174,87,7,119.79,120.04,0.04,0
1TAdj-ATHIE,UCzRPPKLkNxjD2of-0Xxfnjw,2026-07-21 12:04:28,12385,339,69,119.93,120.18,0.07,0
1TFK4hf1wsE,UCYG8tuvbQzWsDeoADyJFU8Q,2026-08-11 18:45:05,3064,63,7,120.0,120.0,0.0,0
1TML58_Cetg,UCN5oT4zGJX-_H6pE5isAEeg,2026-08-18 08:00:27,245741,3721,303,120.0,120.0,0.0,1
1TTO5LBkJjY,UCeB_ZeSo0xDL62wWlkTEtjA,2026-08-22 03:18:16,20174,124,83,119.96,120.21,0.04,0
1TfmSJ2cfpw,UCpX86JOUhnrzG7MK8e8Gjbw,2026-08-04 05:04:01,63668,397,203,119.94,120.19,0.06,0
1ToSmIkj2Bo,UC1Il94cQwl93Zun8ax1Qjlw,2026-07-30 17:13:25,325,7,0,119.78,120.03,0.03,0
1TpMDcZLaBA,UCpn9dP1b5BhBsU9SduEz1hA,2026-07-19 06:45:25,3327,59,8,119.99,120.25,0.01,1
1TzyIrnY78s,UCYooECrv-fIXlPaDwEIaveA,2026-08-11 09:00:20,67334,1329,14,120.0,120.0,0.0,1
1U03ryrtNVY,UCgwFckIyCAj4Znu3c8A1dOQ,2026-07-28 14:07:27,60,2,1,119.88,120.13,0.12,1
1U7ctFwM_o0,UCv1tOT645xHOJrwdGlzjMaA,2026-08-01 03:37:34,0,22,0,119.88,120.13,0.12,0
1UOCEoa0sWs,UCHCeN9BUgogMGrHBC6zKYvA,2026-08-23 05:46:28,4597,104,29,119.99,120.24,0.01,0
1U_sdE1zV7I,UCV7WE8I_UiAN0fa6Arezx_w,2026-08-29 09:00:04,188,0,0,119.76,120.01,0.01,0
1V_Ifqs-Hrk,UCifCesg-EUkjKyQedaB3hRg,2026-07-23 23:59:31,26129,375,20,119.76,120.01,0.01,1
1VgTyGbbxrc,UCg7rkxrTnIhiHEpXY1ec9NA,2026-07-22 07:00:21,438858,16144,852,120.0,120.0,0.0,0
1W5Yvzta4b0,UCaY7wcqhFb_c2eQ1eRB8rOQ,2026-08-18 04:00:03,13722,258,57,120.0,120.0,0.0,0
1W8_aHXx3qo,UCDmmbxGg8g-EBkC_ku6vybg,2026-08-31 10:00:32,110097,873,297,120.0,120.0,0.0,0
1WPedSS2VCE,UC543-TDm6IvHHZXwdSFioMw,2026-08-05 11:30:39,16926,30,1,120.0,120.0,0.0,1
1WZeYNm1O1s,UC8FErYSi74YwGUAoTpjvgzQ,2026-08-26 14:00:02,22183,250,38,119.76,120.01,0.01,1
1Wftdop9JOM,UC4oe-OVZ2Ho-03yrMkrXomQ,2026-07-21 04:30:10,134959,3726,104,120.0,120.0,0.0,1
1WmSRABHAbU,UCab17MxxnFtAhGsJVTkSkCg,2026-08-19 15:27:55,22032,131,1,119.8,120.05,0.05,1
1Wo1mTq54ds,UC6JTm9ObvQFuTEOxOsbmYwA,2026-08-22 10:49:49,20718,417,45,119.93,120.18,0.07,0
1Wxw1NVi2Jo,UCkavlo6q2XfO_MA9Q24wRvw,2026-07-27 08:59:11,4547,14,3,119.77,120.02,0.02,0
1X0bSV3hSa0,UCeG0ONJtjwE20ThR5iSYdsA,2026-08-09 10:00:06,89940,1045,192,120.0,120.0,0.0,0
1X1Ncqs1QHg,UCaHIZAKows704_gk6bjdAog,2026-07-24 23:00:10,19065,232,186,120.0,120.0,0.0,0
1X7bBL_jDYE,UCab17MxxnFtAhGsJVTkSkCg,2026-08-29 12:31:52,6529,39,4,119.99,120.23,0.01,0
1XC2HqNbtyU,UCmZeuRfHYowZhf6odtoaNdg,2026-08-09 09:27:13,14956,209,87,119.8,120.05,0.05,0
1XK8JSM0QuA,UCraf4ugZTyvFY6AJ0VjIxFA,2026-08-20 09:57:04,1567,,0,119.8,120.05,0.05,0
1XNMrWPivEo,UC7bcRlidTERRb_MKRHPVSnw,2026-08-22 12:03:23,97071,1620,238,119.96,120.21,0.04,0
1XkECz_Iwu4,UC8CIM3d3zDYMk-3T5aAz0yw,2026-07-21 11:49:43,506014,16174,275,119.92,120.17,0.08,0
1XziXAaGjfI,UCifCesg-EUkjKyQedaB3hRg,2026-08-07 23:19:06,15036,434,11,119.93,120.18,0.07,1
1Y8V7yLjGxo,UCkrJBQAut47U8xMUuv8D_3g,2026-07-14 08:13:05,11596,372,28,119.78,120.03,0.03,1
1YCqGc2PfXQ,UCybn_0S0Ec6Il1ZhiQM1Vww,2026-08-12 09:20:50,42037,152,161,119.91,120.16,0.09,0
1YEWsM7u58E,UC3ozN5tHi449NhCDE6Xtmwg,2026-08-30 06:20:35,404195,2139,38,119.92,120.17,0.08,1
1Yf6GwYuOxU,UCY_vDlvG-BTDRIOk_I9QQ6g,2026-08-09 19:23:50,757,12,3,119.85,120.11,0.11,0
1YiYXwjtfhs,UC-okJdotaXPlzivRzHFqzuA,2026-08-21 08:59:36,93247,1323,45,119.77,120.02,0.02,0
1Yvl3he8BgM,UCb08r5yPoH-AqM7_XCL4Uhg,2026-07-23 05:33:20,29647,1436,93,119.95,120.2,0.05,1
1YxFaqrNn5c,UCeRn_02zEifLqXxZkTpiXzA,2026-08-11 00:00:27,12555,102,17,120.0,120.0,0.0,0
1Yxs84nN5dM,UCU0-6z_KU9AShyR9J6gcFGw,2026-08-23 11:13:41,153,5,0,119.78,120.03,0.03,0
1ZIEXtc7C7k,UCI3DTtB-a3fJPjKtQ5kYHfA,2026-08-27 18:29:34,4797,11,2,119.77,120.02,0.02,0
1ZOUms4hBSk,UCjsqgRBvkn8XadWraSQxTKQ,2026-07-25 18:37:46,172,1,0,119.87,120.12,0.12,0
1ZUwUKTYmJ0,UCPI40-XQA9-GBGj2k8PPqfg,2026-07-15 08:48:38,69745,1369,65,119.94,120.19,0.06,0
1ZV78eAgCQ4,UCt8CJiye87FMbEwt0npPMuQ,2026-07-31 12:00:27,5726,220,12,120.0,120.0,0.0,0
1ZW6DXhlVO8,UC5ThQKdocwo_9UurfT5P_ww,2026-08-09 10:32:22,473902,6436,368,119.96,120.21,0.04,1
1ZbmK9MmFWI,UCnhGcri8x6xhehanhAe9ipw,2026-08-20 10:09:42,24306,205,23,119.84,120.09,0.09,1
1ZdE1NasX-s,UCqVkQsNin4MdGFrWvzFVOKw,2026-08-19 02:00:03,7583,208,6,119.76,120.01,0.01,0
1ZddCGF9AT8,UCElXDMEQqlUnuyDbChjARWQ,2026-08-08 13:09:06,829,1,0,119.85,120.1,0.1,1
1Zdn336xMoU,UCWZqSCSNZT3X8e_HyCJoXMg,2026-08-08 23:15:03,8771,436,28,120.0,120.0,0.0,0
1Zseq54Fw38,UC7bcRlidTERRb_MKRHPVSnw,2026-07-24 12:03:09,153936,2183,43,119.95,120.2,0.05,1
1_QPjHPOJ7I,UCdK9h1ILxS49c2LguBUY3rw,2026-08-22 11:15:14,3,0,0,119.76,120.01,0.01,1
1_U2UqRK7yI,UCiVO_mThS9B3tNc_kzpn-3g,2026-07-27 17:00:01,65116,1239,35,120.0,120.0,0.0,1
1_YmZriigZ4,UC0tmAwhgk_1ATJtFyVHrFxg,2026-08-19 20:20:50,53858,1361,399,119.91,120.16,0.09,0
1_a1cF2ditg,UC9vI-9WYQLXKI6n9XdXXo3g,2026-08-17 03:00:27,13691,103,18,120.0,120.0,0.0,0
1_evOQUj0Bs,UCV6mNrW8CrmWtcxWfQXy11g,2026-08-14 12:59:23,139058,9085,260,119.76,120.01,0.01,0
1_i9aWZcLEc,UCZ6mNZTiTUrUSbSYPlclI4A,2026-08-17 04:44:26,7582,188,4,119.76,120.01,0.01,1
1_jeR4YHvww,UCK8iWEZupSV2pmDMxtwdAmA,2026-08-28 12:56:14,481,2,6,119.82,120.07,0.07,1
1_lXpPka7WU,UCnMshUhBxDsKFPnxBGmGEpg,2026-08-30 02:41:28,7621,28,18,119.83,120.07,0.07,0
1_rEDX8V7o0,UC3hqiw3lZAXaMwhQvMGZkdw,2026-08-17 13:15:16,18732,77,5,120.0,120.0,0.0,0
1_wXBcUdhE4,UCV6mNrW8CrmWtcxWfQXy11g,2026-08-21 01:00:39,86030,3223,72,120.0,120.0,0.0,1
1a8FM5CEhWE,UCPuD5ZRQWa_JCaY5NokNhtg,2026-08-22 07:47:05,384,4,2,119.98,120.23,0.02,0
1aJMJp3EpI4,UC6JB_a6rD1lZ_aZgQvORfrQ,2026-08-22 12:15:19,2463,18,16,119.76,120.01,0.01,0
1adVIwGgyGE,UC6YqXiwCBfPvPTs3wXgWElQ,2026-07-27 11:15:08,61286,571,225,120.0,120.0,0.0,0
1ag6BiOtf2Q,UCv1tOT645xHOJrwdGlzjMaA,2026-08-02 10:34:12,24305,414,20,119.93,120.18,0.07,1
1awamvY4lB0,UC6oq8RPEH1BmtyldQgXVbJw,2026-08-27 07:03:31,40327,208,86,119.96,120.2,0.04,0
1bfySUMtl8o,UCt8CJiye87FMbEwt0npPMuQ,2026-07-21 14:30:04,5934,164,33,120.0,120.0,0.0,0
1bgVnjf2VGs,UCSfhr4gDPFsKuwdmTOWp2jw,2026-08-15 09:30:18,135,4,0,120.0,120.0,0.0,0
1bzwpYZa8ZQ,UCdb5lyq0tWbY3jqH35SufmA,2026-08-05 00:08:11,9364,40,1,119.87,120.12,0.12,0
1c8otIB0oB4,UC0aKwoKNeqBaUwiEXmkQaGQ,2026-08-19 03:00:34,51454,1959,133,120.0,120.0,0.0,1
1cLOUYZ-lTE,UC3DYSay178fMMPaf3zHwECA,2026-08-22 04:15:06,14573,451,42,119.76,120.01,0.01,0
1cRRU3ROgww,UCw1DsweY9b2AKGjV4kGJP1A,2026-08-31 09:00:24,94390,271,25,119.76,120.01,0.01,1
1cWGG1ry8k4,UCz5LAkkX66OAW-y_WiWf9vA,2026-07-30 10:15:12,5232,8,10,120.0,120.0,0.0,1
1cZJ7y_QdPI,UC5pdoCANExIVI4yf6DVoxew,2026-08-12 01:29:22,323,6,0,119.76,120.01,0.01,0
1cZjiKStslo,UCPuD5ZRQWa_JCaY5NokNhtg,2026-08-01 06:11:09,616,14,2,119.82,120.07,0.07,0
1cljEsT6jck,UC1dHu9GhbHH7RcHKyJdaOvA,2026-07-23 01:05:11,256105,1307,174,119.92,120.17,0.08,0
1cm0eUxpMJg,UCJENagCOfjMxdQUDxO4kq2Q,2026-08-19 00:25:58,935,8,4,119.83,120.08,0.08,0
1crK6ZJseBM,UC1p5kp09LAS3kpQB3O8YQJw,2026-08-27 09:00:07,1604,13,4,119.76,120.01,0.01,0
1dCDDcQ2FVs,UCybfHuHkJRzGDymek2Dsqvw,2026-07-14 22:00:03,39580,766,168,120.0,120.0,0.0,0
1dIbEObAdG4,UCwUdsbSoKjC9FDcpihDeXSg,2026-07-31 13:30:03,15549,26,5,120.0,120.0,0.0,1
1dJzRuSzQk8,UCt8CJiye87FMbEwt0npPMuQ,2026-08-07 14:30:13,5794,322,20,120.0,120.0,0.0,1
1dNrQXWZjLs,UC0aKwoKNeqBaUwiEXmkQaGQ,2026-08-05 05:00:27,124737,2585,191,120.0,120.0,0.0,1
1dfuF5tOHx4,UCV7WE8I_UiAN0fa6Arezx_w,2026-08-26 11:00:07,103,2,1,119.76,120.01,0.01,0
1drGTakTjVk,UCcp8n8YZXg5qko87BgVwg1A,2026-07-29 12:40:29,4605,66,34,119.83,120.08,0.08,0
1dyi_rCOgik,UCE-6-bWkikwoP4_ooZNep3g,2026-08-22 02:30:18,50608,1252,73,119.76,120.01,0.01,0
1e8pMag9jS4,UCN7FA8FwikP2p5Vrs5kiivw,2026-08-09 21:00:07,1880,76,3,120.0,120.0,0.0,1
1e9eNgqSiSQ,UCrKSaegnzewdj9-YLsUhoZw,2026-08-02 04:33:14,47858,296,179,119.95,120.2,0.05,0
1eCpC0mRWFY,UC6JB_a6rD1lZ_aZgQvORfrQ,2026-08-11 15:06:54,1957,45,0,119.89,120.14,0.11,0
1ecVI5uRes8,UChfs1dQ5phBDBWZJ1hHLbUA,2026-08-21 10:00:02,39645,497,39,119.76,120.01,0.01,0
1edNJ739wMk,UCsmsw8102lekPyVYwKMHxmA,2026-08-11 02:00:19,3718,56,38,120.0,120.0,0.0,0
1ehLqfZftTw,UCzRPPKLkNxjD2of-0Xxfnjw,2026-07-26 13:21:54,12814,329,46,119.89,120.14,0.11,0
1f00Ys3I52s,UCAl4HWznMn7KhKBRFO5eiFA,2026-07-12 10:00:08,12813,156,13,120.0,120.0,0.0,1
1f1cCH8cn3A,UCNmN3W2H0r5_hV2drzbEn7Q,2026-07-14 16:04:05,54533,152,0,119.93,120.18,0.07,0
1f7QxMaYaSc,UCV7WE8I_UiAN0fa6Arezx_w,2026-07-22 23:00:02,58,0,0,120.0,120.0,0.0,0
1f8N1Krl30o,UCoqMTw0yGmjIjNayukuOg5Q,2026-07-30 10:00:21,27517,234,27,120.0,120.0,0.0,0
1fCMdZNitI4,UCnkytUgy0CtWd06up9CjNxg,2026-08-01 11:00:32,984127,17428,175,119.99,120.24,0.01,0
1fHm2Gp-teM,UCifCesg-EUkjKyQedaB3hRg,2026-08-23 01:48:17,780,7,3,119.96,120.21,0.04,0
1fN_8lQGI1k,UC_m_uqd_9s0hZvlgfvCzqbQ,2026-08-11 13:46:29,985,2,0,119.98,120.23,0.02,1
1f_1h5h5rVA,UCrD6viwK0DHbQuZSOZBbofg,2026-08-01 15:34:56,42160,287,46,119.92,120.17,0.08,0
1feMDD1hauI,UCnCeDIkExSpULGqmpj5oafg,2026-08-04 13:06:49,960,43,9,119.89,120.14,0.11,0
1fhtjMwtJcQ,UCZ6mNZTiTUrUSbSYPlclI4A,2026-08-05 10:48:50,31516,837,37,119.94,120.19,0.06,1
1g3gAi_1VTk,UC4cKHOBS-nRfKFTwf1n8HGA,2026-08-11 08:30:22,73,,15,120.0,120.0,0.0,0
1gLsY26D3NU,UCkrNv6xF8j7QZmWb3UeAH8A,2026-08-13 11:26:29,3674,29,1,119.81,120.06,0.06,0
1gUhM1b1krg,UCqyzJW0VRYRP_sFELZYdxGg,2026-08-31 00:31:58,5998,30,2,119.98,120.23,0.02,0
1gepzZhnmw0,UCPuD5ZRQWa_JCaY5NokNhtg,2026-08-31 05:48:39,884,5,2,119.95,120.21,0.05,0
1glYPESOMrY,UCV7WE8I_UiAN0fa6Arezx_w,2026-07-28 20:00:06,49,1,0,120.0,120.0,0.0,0
1h5hVmQTmrI,UCXu_CcxBZA5S_iG33OzA9PQ,2026-08-06 14:58:37,454,7,0,119.78,120.02,0.02,0
1hBjK6dSFm8,UCpcTrCXblq78GZrTUTLWeBw,2026-08-20 18:00:34,29838,713,61,120.0,120.0,0.0,0
1h_opjj6Ywo,UCgT-gb3favw2jQgwxbbwwaA,2026-08-16 11:00:05,98396,597,20,120.0,120.0,0.0,0
1hbXC3MZDfU,UChfA8Yu8dk5k78UzaM6tsRw,2026-08-01 05:30:25,32927,726,19,120.0,120.0,0.0,1
1hwITxWPOlc,UC-DpK48x4bltMjHHChZ4zBg,2026-08-27 09:38:01,8819,27,1,119.88,120.13,0.12,1
1i35YCcnAcQ,UCp6n8d8Y8r3MwKNw_MMaouQ,2026-08-29 17:50:21,14172,283,2,119.92,120.18,0.08,1
1ilK_IjQynM,UCSzHok6X5qXEO7cjvVnE62g,2026-08-17 12:00:03,303120,2980,44,120.0,120.0,0.0,0
1ipSKvmHsM0,UCJN5mgLqkPCTVC5v-12gKjQ,2026-07-18 04:00:16,2485,110,17,120.0,120.0,0.0,0
1j0pWhWUFyw,UClHTjLVog7CkRF8tYJuNXXQ,2026-08-29 14:37:24,847,14,1,119.89,120.14,0.11,0
1j65RWd6rD0,UCvAetSOU_4lyjM5hVMNzN0Q,2026-08-14 07:50:26,7097,54,10,119.91,120.16,0.09,0
1jHI6tPEBfY,UCPGl9DV2WUgaqGVXtVrhJWQ,2026-07-15 15:00:38,11,0,0,119.99,120.24,0.01,0
1jIytCTGk5Y,UCt8CJiye87FMbEwt0npPMuQ,2026-08-26 19:55:17,729735,14133,903,119.84,120.09,0.09,0
1jtx0s6eBRs,UCgLFbrC7-g0ihBKB0obVPTg,2026-08-31 13:31:31,247,2,0,119.99,120.24,0.01,0
1k6_wo_COSE,UCXyR5IAVMaId9kpuCrQWpPg,2026-07-26 19:00:38,26016,600,135,119.99,120.24,0.01,1
1kKKQh4MGOg,UCV7WE8I_UiAN0fa6Arezx_w,2026-08-28 18:00:09,315,1,0,119.76,120.01,0.01,0
1lAYZdHeWlw,UC1IUMdwaJ22A6FkPiI8dcig,2026-07-15 09:50:32,93156,2043,115,119.91,120.16,0.09,1
1lBdYeO7x2g,UCUt2AEhC-OOC2EPCzj4DkCw,2026-08-02 23:00:22,36906,670,13,120.0,120.0,0.0,1
1lIXAdCFNM0,UCV7WE8I_UiAN0fa6Arezx_w,2026-07-12 03:00:12,53,1,0,120.0,120.0,0.0,0
1lLFNkSA9cQ,UCBS4sjbGJIcclT-Y6i_Jzkg,2026-08-26 18:50:12,29976,527,4,119.92,120.18,0.08,1
1lUVy7-o6yY,UCRCK5FCJtomQT3b88jXI_DA,2026-08-26 01:00:32,18100,,,119.75,120.01,0.01,1
1lcd6C3zFSA,UCrfB1-zWijAYkgfZW7Ehc8Q,2026-07-20 10:00:32,93861,5406,236,119.99,120.24,0.01,1
1lezvL4Dik0,UCp6n8d8Y8r3MwKNw_MMaouQ,2026-08-28 11:33:03,4671,269,6,119.96,120.21,0.04,1
1lnh3gkxEOk,UC7loyhgCm1NRTtyF36hO-jA,2026-08-06 09:30:20,5850,190,158,120.0,120.0,0.0,0
1lxLM4QRSnQ,UCUt2AEhC-OOC2EPCzj4DkCw,2026-07-28 23:00:02,53894,585,24,120.0,120.0,0.0,1
1lyl0v-q_90,UCV7WE8I_UiAN0fa6Arezx_w,2026-08-19 10:00:31,15,0,0,120.0,120.0,0.0,0
1m4sHXXYpfc,UCdcjduaR6hyGHVNmpbJzSsw,2026-08-26 19:43:19,1782,23,1,119.79,120.04,0.04,0
1mWBMBOvTeE,UC7nIK3KpkhbGee5K_sVBscQ,2026-08-24 08:00:17,14086,191,27,119.76,120.01,0.01,0
1mWHWpF58SA,UCYxwKnNRv4FurQxeKcuR0Sw,2026-07-30 13:59:03,21,5,0,119.77,120.02,0.02,0
1mXZg2T3BZI,UCdK9h1ILxS49c2LguBUY3rw,2026-08-05 23:48:55,33,2,0,119.94,120.19,0.06,0
1meLEueKlV0,UCyoSQyaCrZHro6F_nBiXIYg,2026-07-30 17:01:57,142432,637,183,119.97,120.22,0.03,0
1mfpQc-gnsQ,UCab17MxxnFtAhGsJVTkSkCg,2026-08-07 08:29:22,255,6,1,119.76,120.01,0.01,0
1mx5Atlc07s,UCoqMTw0yGmjIjNayukuOg5Q,2026-08-28 12:13:24,104706,304,132,119.79,120.04,0.04,0
1n4STFs5WIc,UCxPMcxq7WJ32M3lnFn58Cpg,2026-08-11 11:47:15,4061,16,4,119.97,120.22,0.03,1
1nPmpC5BJuE,UC3gl4CHfNtAqNjju1goB0_w,2026-08-16 13:48:08,3102,66,24,119.95,120.2,0.05,0
1nRvnwkOdRA,UC8aCmG_y4DqqVI9Xlcym1Jg,2026-08-27 12:00:29,152,8,0,120.0,120.0,0.0,1
1nfg-xZNBd8,UCV7WE8I_UiAN0fa6Arezx_w,2026-08-25 11:00:01,51,0,0,119.76,120.01,0.01,0
1nm23eea5FE,UC5ScPjbt-a97AJO7SBj6nAg,2026-08-22 09:30:25,226815,5323,189,120.0,120.0,0.0,1
1o-wbpxdPk8,UCPuD5ZRQWa_JCaY5NokNhtg,2026-08-21 16:24:20,777,12,6,119.86,120.11,0.11,0
1o1U22AuRmo,UCA9f2-9fUklMMOaz8vKW7Jw,2026-07-22 13:43:46,0,0,0,119.78,120.02,0.02,0
1o8FWGEszsQ,UC8E29ANOC3_OuB7_5EPY2xw,2026-07-18 07:01:05,719,2,0,119.98,120.23,0.02,1
1oAh8GrKlns,UCV6mNrW8CrmWtcxWfQXy11g,2026-08-01 16:00:19,126856,3705,26,120.0,120.0,0.0,1
1oBvGJ1OY4g,UCsrLyevZL_AEZY0LaYVCYzA,2026-08-24 23:00:33,107,7,7,120.0,120.0,0.0,0
1oSVdqz-vt4,UC7bcRlidTERRb_MKRHPVSnw,2026-08-13 12:03:19,88916,959,58,119.95,120.2,0.05,0
1oT59w-poSU,UCl402YYy7RcH7PBI3npmGPQ,2026-08-21 03:00:09,243336,1325,264,119.76,120.01,0.01,0
1ooEH0QyaMw,UCAl4HWznMn7KhKBRFO5eiFA,2026-07-15 07:00:39,5390,67,4,119.99,120.24,0.01,1
1oyFK_XCyJs,UCV7WE8I_UiAN0fa6Arezx_w,2026-07-26 09:00:13,388,0,0,120.0,120.0,0.0,0
2hLNzE1dGYM,UCt8CJiye87FMbEwt0npPMuQ,2026-08-30 15:00:09,23070,245,20,119.76,120.01,0.01,0
2hLcNAiNNIQ,UCdm06VHBWF5Mg5kYxffzikw,2026-08-07 09:00:24,13719,109,27,120.0,120.0,0.0,0
2hPfHH4rzNo,UCE8JC9RAVSudDT_8Ji1fuPQ,2026-08-27 08:45:17,161415,2002,97,119.76,120.01,0.01,1
2hbcv1BzSjA,UCaY7wcqhFb_c2eQ1eRB8rOQ,2026-07-31 14:00:27,17226,312,83,120.0,120.0,0.0,0
2heFRYm8hy0,UCqIwPYLfMd3EoWYwvyTjPnA,2026-07-19 23:00:13,12015,57,4,120.0,120.0,0.0,0
2hqlLUcPKFU,UCPGl9DV2WUgaqGVXtVrhJWQ,2026-07-15 13:19:16,3,0,0,119.93,120.18,0.07,0
2hqy4R_y6ow,UCkavlo6q2XfO_MA9Q24wRvw,2026-08-04 01:51:41,69,0,0,119.89,120.14,0.11,0
2i04M5shJB4,UCTmniSiCVyG_UKVCEa9PNKA,2026-07-23 13:25:16,2957,89,25,119.83,120.08,0.08,0
2i1SEbOFn2w,UCZ6mNZTiTUrUSbSYPlclI4A,2026-08-07 04:07:11,30404,1109,32,119.89,120.13,0.11,1
2i1bWJ_zQZQ,UCyoKcrOcBEY4rmLYkDuXErA,2026-07-18 09:00:35,21618,294,11,119.99,120.24,0.01,1
2i5UXsrRRKU,UCV7WE8I_UiAN0fa6Arezx_w,2026-08-30 10:00:13,98,0,0,119.76,120.01,0.01,0
2i7qED73UmI,UC2yOBpLVwB7kzt9C5ZPbB7w,2026-08-26 07:00:22,174653,2398,45,120.0,120.0,0.0,1
2iBPqRlrYyo,UCpcTrCXblq78GZrTUTLWeBw,2026-07-14 01:30:33,563350,4558,429,119.99,120.24,0.01,0
2iCYdAAZPX4,UCgvtwZJPhSfbKOxh3EoVXng,2026-07-26 09:40:31,7,0,0,119.83,120.08,0.08,0
2iTtXpc2gvs,UCM81CAJ2_Y42-bvK1OQnAAA,2026-08-23 11:01:35,155823,1715,391,119.99,120.24,0.01,0
2iWpoCcDZ6k,UCl402YYy7RcH7PBI3npmGPQ,2026-08-27 06:00:09,256717,769,155,119.76,120.01,0.01,0
2i_EeiaW9Zo,UCz5UFGucIyJGH0nf_8d0ghA,2026-08-20 23:21:13,954,27,13,119.91,120.16,0.09,0
2ic2tFDa2-I,UCifCesg-EUkjKyQedaB3hRg,2026-08-16 23:25:36,20097,563,7,119.83,120.08,0.08,1
2ioqZRSV3Io,UCyU5JQ8KVRD9jE4E_xLsHxw,2026-08-12 09:00:36,74,0,2,119.99,120.24,0.01,0
2iq0DDRJDAs,UCYGF_xk5RDpltyZDSx040uw,2026-07-12 05:34:08,198230,1942,63,119.93,120.18,0.07,1
2iuAUNG4zz8,UCz5LAkkX66OAW-y_WiWf9vA,2026-08-29 11:54:03,583,5,0,119.86,120.11,0.11,0
2j-CWKY_6Qo,UCI3DTtB-a3fJPjKtQ5kYHfA,2026-08-03 03:15:39,8058,123,3,119.99,120.24,0.01,0
2j16FvJQb3o,UCqIwPYLfMd3EoWYwvyTjPnA,2026-08-01 23:00:32,35842,233,18,119.99,120.24,0.01,0
2j7KsN-5Is8,UCcHVk5SFxfYhCbbX8pWWuVg,2026-08-24 09:00:26,6257,72,13,120.0,120.0,0.0,0
2jAO3l9JvVo,UCPp6kLLWggTuACsQwFibg8A,2026-07-21 12:44:58,62697,391,18,120.0,120.0,0.0,0
2jEaJJTVE1k,UCJGww2K__Q3y-MtDi0XWH2w,2026-08-24 06:09:39,95440,1542,42,119.85,120.1,0.1,0
2jJ42rIHuNA,UCGa52d8Qlv3THghuCAt_nXA,2026-08-03 08:30:35,29148,190,9,119.99,120.24,0.01,1
2jcTXexwjL8,UCBTsPtRCh6ln3IRQFjhjh1A,2026-08-03 09:00:15,178621,1091,101,120.0,120.0,0.0,0
2jnyJ45xbsE,UCGi94VU356EAvQLgODywyrA,2026-08-30 19:07:14,21567,179,2,119.9,120.14,0.1,0
2jr27soagqo,UCarBV0zWlC2k-HteyeKqfag,2026-07-23 17:49:38,15224,82,1,119.93,120.18,0.07,0
2ju1z5AqBnM,UCAVR6Q0YgYa8xwz8rdg9Mrg,2026-07-31 13:12:32,183012,7658,139,119.79,120.04,0.04,1
2jvMY66cEb8,UCifCesg-EUkjKyQedaB3hRg,2026-08-16 01:25:40,4237,21,3,119.82,120.07,0.07,0
2k4BGsNmd-M,UC_9W6Z5Y3lDpLk47Y_y5ITQ,2026-08-15 17:20:16,5629,74,5,119.91,120.16,0.09,0
2kMiVZlEWAQ,UCBTsPtRCh6ln3IRQFjhjh1A,2026-08-22 11:11:27,69540,277,9,119.82,120.07,0.07,1
2kzLB-BX2_c,UCz1Gc37nWsdF_jbJ_SvMl4g,2026-08-16 10:55:13,11198,104,12,119.83,120.08,0.08,0
2lBOwcblZlE,UC7SIaeUWuuIrWTIOBpayDVQ,2026-07-29 12:31:03,10009,112,34,119.99,120.24,0.01,0
2lCXA8I5mHc,UCqIwPYLfMd3EoWYwvyTjPnA,2026-08-29 07:00:24,8277,89,6,119.76,120.01,0.01,0
2lLP_hIenIg,UCV6mNrW8CrmWtcxWfQXy11g,2026-08-06 16:00:17,19178,786,17,120.0,120.0,0.0,1
2lOuTBBRIGA,UCy8OX8RrstkjRrnM5hND_ug,2026-08-30 16:04:55,7732,83,13,119.93,120.18,0.07,0
2lPNjuUPJig,UCt8CJiye87FMbEwt0npPMuQ,2026-08-11 12:00:11,1899,100,6,120.0,120.0,0.0,1
2lTb7cVDlfg,UC3DYSay178fMMPaf3zHwECA,2026-08-12 04:15:07,18058,405,13,120.0,120.0,0.0,0
2lX6r3pMlfk,UC59jWhPazXYi8Ny4vake45A,2026-08-20 09:35:56,100648,3578,47,119.91,120.16,0.09,0
2lhvFNMsYAw,UCSfhr4gDPFsKuwdmTOWp2jw,2026-08-19 09:30:26,277,1,0,120.0,120.0,0.0,0
2llre4c0mZk,UC8aCmG_y4DqqVI9Xlcym1Jg,2026-08-19 21:30:02,389,24,0,120.0,120.0,0.0,1
2lz8iKVzFlk,UC3ozN5tHi449NhCDE6Xtmwg,2026-07-24 06:41:20,146936,1313,51,119.81,120.06,0.06,1
2m09l_X2mm4,UCt8CJiye87FMbEwt0npPMuQ,2026-08-18 14:00:36,78658,5153,188,120.0,120.0,0.0,0
2mBUuEbVtP4,UC_m_uqd_9s0hZvlgfvCzqbQ,2026-08-11 13:46:04,513,6,2,119.98,120.23,0.02,1
2mKHt8yKJII,UCN5789pKaFwqjVBvg6yws_w,2026-07-13 02:57:48,13,0,0,119.79,120.04,0.04,0
2mTTNL4SX8s,UCp9skQ2mP_DfVL8c3gZQUzg,2026-07-22 08:49:43,64292,398,73,119.93,120.18,0.07,1
2mVj_uM3avs,UCv1tOT645xHOJrwdGlzjMaA,2026-07-18 10:45:46,14153,90,34,119.99,120.24,0.01,0
2mjqgB-qNvE,UCElXDMEQqlUnuyDbChjARWQ,2026-08-23 08:36:04,331,0,0,119.91,120.16,0.09,1
2mmVGAn0W5s,UCAl4HWznMn7KhKBRFO5eiFA,2026-08-05 13:12:25,4478,20,0,119.8,120.05,0.05,1
2muptA2Ukfs,UCt8CJiye87FMbEwt0npPMuQ,2026-08-24 16:30:01,2910,90,13,119.76,120.01,0.01,0
2n0l5wb3Gik,UCb08r5yPoH-AqM7_XCL4Uhg,2026-08-09 20:03:28,3498,79,11,119.95,120.2,0.05,0
2n3Rp3KADf4,UC5ScPjbt-a97AJO7SBj6nAg,2026-08-13 08:30:30,64889,1803,521,120.0,120.0,0.0,0
2nEtVOWOmtM,UCIQEX0V3QxP-tY_jpRT-waQ,2026-07-31 11:42:45,3780,115,11,119.79,120.04,0.04,0
2nXbn4fplf4,UCKYdD83f363lIzcAwwhB-_A,2026-08-08 15:25:23,4516,27,0,119.83,120.08,0.08,0
2o6KX2T6Fi4,UC8FErYSi74YwGUAoTpjvgzQ,2026-07-11 07:00:03,13527,614,160,120.0,120.0,0.0,0
2oJCirdh9Vk,UCADf92tisOOh90hrZee4-LA,2026-08-12 10:55:04,277224,1769,154,119.83,120.09,0.09,1
2oLt2_h9SOM,UCF5RrlbsxJjAVLWgOCoNHMg,2026-07-25 02:11:16,13852,267,1,119.82,120.07,0.07,0
2oNeOnMbnNQ,UCBidluUUxzT_5jVOI_2x2MQ,2026-08-13 03:00:03,565,8,0,120.0,120.0,0.0,1
2oPcVJ33xP0,UCei_ecYpQqFjYhjLaDPr2Lw,2026-07-17 11:28:59,1833,5,2,119.77,120.02,0.02,1
2oqlO-EGdcw,UCYMXFMiaGBnZ08-wBHS2MPQ,2026-08-23 17:48:43,1426,9,0,119.95,120.2,0.05,0
2ozdQP7MJ2M,UC6LLMkdyses2ugPRNEXutMQ,2026-08-19 10:15:23,4977,88,14,120.0,120.0,0.0,1
2p-CiWTsLqw,UCJDXc9JWCZo-nLNKr_-L2Ng,2026-08-17 14:00:10,1893,72,3,120.0,120.0,0.0,0
2p96PtNNhFY,UCSOeJWyByeoBHpmrm0NnlLw,2026-08-10 07:00:33,118373,1346,205,119.99,120.24,0.01,0
2pE3mUYxguA,UCw1DsweY9b2AKGjV4kGJP1A,2026-07-31 08:01:37,6014,25,11,119.98,120.23,0.02,0
2pKcqGe-wy8,UC3RzmV2LX3AmWhZVx0A7u0A,2026-08-08 07:00:04,161954,3311,284,120.0,120.0,0.0,1
2pKhym0CNFE,UC9DNu8JRIcE-rpo9eBx1ffw,2026-08-11 06:03:20,14285,84,10,119.95,120.2,0.05,0
2pMNDefOFBI,UCBTsPtRCh6ln3IRQFjhjh1A,2026-07-25 09:00:35,25044,123,14,119.99,120.24,0.01,0
2pNH5Z_0TsE,UCpcTrCXblq78GZrTUTLWeBw,2026-07-13 16:07:00,20337514,555817,1745,119.89,120.13,0.11,1
2pOlpA5L1Ok,UCYJ0Ucu9jPX5kn6SeDcNaIQ,2026-08-31 13:34:25,38705,181,2,119.94,120.19,0.06,1
2pTUjIRQpBI,UCV7WE8I_UiAN0fa6Arezx_w,2026-08-13 19:00:04,28,0,0,120.0,120.0,0.0,0
2pWPjCDeFUc,UCoqMTw0yGmjIjNayukuOg5Q,2026-08-05 10:00:35,11032,198,58,119.99,120.24,0.01,0
2p_yPl_DS6I,UC7lwS-aSDzYHZJ9uWuzySwQ,2026-08-15 10:30:08,2076,2,0,120.0,120.0,0.0,1
2pfkX1-lqGQ,UC0PMQXAwF6O6aeTpv962miA,2026-08-26 16:09:24,16331,500,76,119.85,120.1,0.1,0
2q-UjwdgNkI,UCsrLyevZL_AEZY0LaYVCYzA,2026-08-06 23:00:27,83,1,2,119.99,120.24,0.01,0
2qC0xafL4tg,UCNrQ0VbdprXAur6OZKexjEw,2026-08-01 08:00:03,43792,644,62,120.0,120.0,0.0,0
2qHU1hBQ7Xs,UCt8CJiye87FMbEwt0npPMuQ,2026-08-25 20:00:39,6256,275,53,120.0,120.0,0.0,0
2qM-LiS8F3c,UCCd3jyJmOFzkJEMj5Bp89rw,2026-07-13 15:00:27,2165,124,2,119.99,120.24,0.01,1
2qY_pzxeptQ,UCI3DTtB-a3fJPjKtQ5kYHfA,2026-08-30 14:45:07,63713,782,26,119.76,120.01,0.01,0
2qse4vuDNTM,UCJ_skdHPp19J9qGsgXxjMnA,2026-08-18 07:31:43,26001,275,14,119.98,120.23,0.02,1
2r1MvU3kFAk,UCJN5mgLqkPCTVC5v-12gKjQ,2026-08-21 14:30:30,3827,162,29,120.0,120.0,0.0,0
2r9UQZQ5chg,UCKUUL3fMVvYVZdGkKhhjP0A,2026-08-07 05:32:01,70539,1641,46,119.97,120.22,0.03,1
2rUWUpOb3js,UCQyZh4b4TLaSVldnDWnh7fA,2026-07-27 07:14:15,3,0,0,119.77,120.02,0.02,0
2reOqrn5ncE,UCw1DsweY9b2AKGjV4kGJP1A,2026-08-14 09:55:24,156780,331,16,119.83,120.08,0.08,1
2rhE3lJJXso,UCpcTrCXblq78GZrTUTLWeBw,2026-07-12 20:44:59,398914,3930,51,120.0,120.0,0.0,1
2s63G8zUbww,UCJN5mgLqkPCTVC5v-12gKjQ,2026-08-13 13:00:31,5358,146,10,119.99,120.24,0.01,1
2s99zj08yRU,UCPuD5ZRQWa_JCaY5NokNhtg,2026-08-10 15:26:52,534,8,7,119.8,120.06,0.06,0
2sNaSL3_el0,UCeKjmFzU-Jlqg7diwzf2Udw,2026-08-16 02:49:17,10,0,0,119.93,120.18,0.07,0
2sP-TT9nIfU,UC2t5bjwHdUX4vM2g8TRDq5g,2026-08-05 17:00:37,29855,797,28,119.99,120.24,0.01,0
2sRHQ234lLE,UCV6mNrW8CrmWtcxWfQXy11g,2026-08-30 14:18:37,343090,11727,510,119.95,120.2,0.05,0
2sTNPl5LoDE,UCHeg3ApmuXQbqqszaD1fR9g,2026-07-11 02:00:32,12447,187,13,119.99,120.24,0.01,1
2sU1dTe54hc,UCjSNmS8qcD1jEdQhU5h-zKQ,2026-07-24 10:00:19,216,,1,120.0,120.0,0.0,0
2sgGEgyUZLk,UCfIUuMA7U_jImP7oWfTe4Pw,2026-08-21 12:27:07,579350,8806,1678,119.81,120.06,0.06,0
2silJcSppbc,UCHCeN9BUgogMGrHBC6zKYvA,2026-08-19 01:42:26,4632,86,19,119.8,120.05,0.05,0
2t0ufuqcvoM,UC_2x8h1QrTHOO0i4Yiss-ww,2026-08-20 10:00:18,125440,1907,24,120.0,120.0,0.0,1
2t2_c8xbDvg,UCms8Ge7H1ZGgw6nV94fUhUQ,2026-08-26 09:00:27,53552,381,305,120.0,120.0,0.0,0
2tIX1RYX78c,UCjUnlBpn0Z1L450g79fniRg,2026-07-30 08:58:58,1366,,0,119.77,120.02,0.02,0
2tWXSfO65qo,UCyU5JQ8KVRD9jE4E_xLsHxw,2026-08-14 09:00:39,18,0,0,119.99,120.24,0.01,0
2taUlqF9vcQ,UCbFzvzDu17eDZ3RIeaLRswQ,2026-08-25 09:10:41,88835,1519,64,119.83,120.08,0.08,0
2tlCA4Wyr6I,UCDnIK80iouL_rb_J6GybOlg,2026-07-21 02:12:43,5,0,0,119.79,120.04,0.04,0
2u2x2La2as8,UCdb5lyq0tWbY3jqH35SufmA,2026-08-17 22:30:31,9904,63,11,119.99,120.24,0.01,0
2ugVcim4GCw,UC3gl4CHfNtAqNjju1goB0_w,2026-07-27 14:20:41,2671,78,3,119.91,120.16,0.09,0
2v5APu-l3ac,UC1sELGmy5jp5fQUugmuYlXQ,2026-08-12 00:34:18,127393,3385,501,119.93,120.18,0.07,1
2vL0WOcMdaI,UCZPfs7xIjGmOGs9kvgGhUKQ,2026-08-09 09:36:14,218,3,0,119.9,120.15,0.1,0
2vbEmwmQ5gk,UC7hwQp3F6P_OwyRM14p88iQ,2026-07-27 09:21:21,96265,429,100,119.9,120.15,0.1,1
2viPUX4JfuY,UCJmnOEp1-OITEU0mk4icM5A,2026-08-12 07:00:36,941539,7467,919,119.99,120.24,0.01,0
2vsWa8UCfM0,UC8CZL4cvFiKwKKDNCuM2lTA,2026-07-26 08:52:19,31424,303,39,119.88,120.13,0.12,0
2w6og5BbRmc,UCpcTrCXblq78GZrTUTLWeBw,2026-07-18 22:46:24,311298,2818,146,119.98,120.23,0.02,0
2wA9HPUup8k,UCzVXdulvpgEoI8yuFMmhxJw,2026-07-23 14:50:15,59076,3518,24,119.92,120.17,0.08,1
2wLSHRwS_wE,UCO94iFhOhtdGb4Ze5DUAtbw,2026-07-30 12:00:24,136327,782,7,120.0,120.0,0.0,0
2wQ_2yvdcUE,UCM7ccuD_XdAXSTuhVrLUo9A,2026-08-22 05:09:22,53,2,0,119.86,120.1,0.1,0
2w_qa9iy2yg,UCfIFEUxDE0kRkZh4yfEBEvA,2026-08-12 09:16:03,1447,11,1,119.99,120.24,0.01,1
2wvGx3uHHuc,UCOaUTqrtz1yBBiwziVJEAmQ,2026-08-03 18:00:00,8000,78,17,120.0,120.0,0.0,1
2x-y_wMSNes,UCaY7wcqhFb_c2eQ1eRB8rOQ,2026-08-15 04:00:05,23850,554,115,120.0,120.0,0.0,0
2x3DEBnovYA,UCYM01qjjE_hmqFQAmOo-lNg,2026-07-25 14:00:41,2226,14,0,119.99,120.24,0.01,0
2x3ylNbCK3Y,UCwlUB3goOsh4tpqZKIzUAbA,2026-08-11 10:45:32,22184,276,79,119.99,120.24,0.01,0
2x6b27TDe1M,UCcoJiq6MyAqJeo3urxjDqrg,2026-08-17 12:56:22,0,0,0,119.81,120.06,0.06,0
2xCVq3ynk9g,UCaZv-jDn5Mq5KJ1buXDRd4w,2026-08-25 08:01:03,22278,264,79,120.0,120.0,0.0,0
2xE6x_u4MZo,UC5bjQxLK_3XVzIOTQ04sYeg,2026-08-19 00:47:09,687,13,0,119.98,120.23,0.02,0
2xQsBmYiWs4,UCADf92tisOOh90hrZee4-LA,2026-08-26 16:09:32,7481,22,5,119.85,120.1,0.1,1
2xfdwLnH4DA,UCnhGcri8x6xhehanhAe9ipw,2026-08-24 14:30:34,34978,241,37,120.0,120.0,0.0,0
2xvsK4kDjCU,UCSrQnB-Ip9hc0biFQ3HoKzg,2026-08-17 04:22:04,8095,466,21,119.89,120.14,0.11,1
2xxV3kK5xqE,UCeG0ONJtjwE20ThR5iSYdsA,2026-08-04 08:00:06,40876,593,60,120.0,120.0,0.0,0
2y5N2kwmeyU,UCYMXFMiaGBnZ08-wBHS2MPQ,2026-08-18 01:12:02,7722,62,29,119.8,120.05,0.05,0
2yMiSsAQC2s,UCYJDUekoQz0-bo8al1diLWQ,2026-07-25 03:38:15,489564,7268,957,119.86,120.11,0.11,0
2yWuW46dOaI,UCw1DsweY9b2AKGjV4kGJP1A,2026-07-31 08:02:07,8811,20,8,119.97,120.22,0.03,0
2ylorogCiqU,UC9vI-9WYQLXKI6n9XdXXo3g,2026-08-31 03:00:35,54238,511,455,119.75,120.01,0.01,0
2ysmWCS2gHw,UC6JB_a6rD1lZ_aZgQvORfrQ,2026-08-21 18:00:06,1018,32,2,119.76,120.01,0.01,0
2zGSnGbOt2A,UCEg24oF81p-THPtp3otdmTA,2026-08-10 09:00:39,62610,2346,165,119.99,120.24,0.01,0
2zaumj6wdPg,UCs0LzOveQMLImmmTrMmP2sg,2026-08-08 07:58:51,96349,615,51,119.77,120.02,0.02,0
2zia8z-mu9E,UC0FUMakBJHsRrfKCGQuWnRA,2026-08-27 11:53:52,42938,181,53,119.86,120.12,0.12,0
2zqVUfTYNdQ,UC1sELGmy5jp5fQUugmuYlXQ,2026-07-26 15:00:00,1111884,59710,1741,120.0,120.0,0.0,1
2zz_3qeBCZI,UC5Yx9RlmznXDUEIrfoSqheA,2026-08-14 04:56:50,11,3,0,119.81,120.06,0.06,0
3-95Ubz_AWM,UCLHwMFguUxHVSk91vzicEJw,2026-07-23 10:44:11,38553,658,73,119.76,120.01,0.01,0
3-cadPmjemA,UCgyDKBTgkBfa8jWrBb8Npig,2026-08-03 07:26:11,1385,2,1,119.82,120.07,0.07,1
3-fzJy90hSY,UCaN1Qp37sHiCdQuSaXa3fVw,2026-08-30 01:00:06,67179,,37,119.76,120.02,0.02,1
3-x578Wt7xc,UCuWDza8A_ntbjwBZgW0ZSNw,2026-07-17 01:00:26,16458,226,7,119.99,120.24,0.01,1
301tuoDO6xU,UCPsZX-D7LW99PjZLA-UysPQ,2026-08-30 09:00:35,1285,1,1,119.75,120.01,0.01,0
305emklG47w,UCMswODzU1ZjjrLyUk7NfwPA,2026-08-15 04:00:21,27729,611,17,120.0,120.0,0.0,0
305wQhUc7Pw,UCZRH94I89Ps7giJYeK6DlWA,2026-08-02 03:00:24,38703,559,50,120.0,120.0,0.0,0
30ShVZdydZg,UCjUnlBpn0Z1L450g79fniRg,2026-07-23 05:04:54,1496,6,0,119.92,120.17,0.08,0
30SugwDAmo0,UC2U8C7lmbQpfBeAW8fTP_jg,2026-07-13 10:01:33,11267,222,35,119.98,120.23,0.02,0
30YCfaddI4c,UC7lwS-aSDzYHZJ9uWuzySwQ,2026-08-12 13:45:31,386,0,2,119.99,120.24,0.01,1
30bkd-BygN4,UC3DYSay178fMMPaf3zHwECA,2026-07-17 08:00:14,35160,994,29,120.0,120.0,0.0,1
313ethUtMWI,UCD8r5Jgns2V64-NcUmXclpg,2026-08-18 03:15:33,70753,384,48,119.99,120.24,0.01,0
31Mdioy0OAY,UCz5LAkkX66OAW-y_WiWf9vA,2026-08-19 11:42:36,62,2,0,119.8,120.05,0.05,0
31VkV8zE5j8,UCgLFbrC7-g0ihBKB0obVPTg,2026-08-28 09:54:13,2593,18,1,119.86,120.11,0.11,0
31eSQ9_a77Q,UCjOtzpfj5lF9erwTEQYkxtQ,2026-08-18 03:00:09,33894,769,32,120.0,120.0,0.0,0
31jQkNFOBKk,UCpcTrCXblq78GZrTUTLWeBw,2026-08-26 04:30:33,15273,427,39,120.0,120.0,0.0,0
31ngxZ1-d1A,UC_Cp4dXpd94km5Syq2x-xig,2026-08-02 09:32:54,173,0,0,119.95,120.2,0.05,0
31rRxfQd1zw,UCcJliZnsRbNw4I4uWSGq_wA,2026-08-19 17:25:02,490,2,2,119.84,120.09,0.09,0
31rsRN1fmF4,UCBY9rOZPo0fLE45mOV0s0cw,2026-08-18 08:13:46,119,2,0,119.78,120.03,0.03,0
31u58W_91nY,UCxPMcxq7WJ32M3lnFn58Cpg,2026-07-22 11:26:30,2250,7,3,119.81,120.06,0.06,1
31vb38sSy0M,UCFrKhWvZ8oeJQTNP5ZabgJw,2026-08-21 07:00:39,269214,2214,223,120.0,120.0,0.0,1
324aDBzWcNg,UCXu_CcxBZA5S_iG33OzA9PQ,2026-08-28 01:37:45,848,5,0,119.88,120.13,0.12,0
32PZxFbItec,UC3hqiw3lZAXaMwhQvMGZkdw,2026-08-24 00:15:21,6218,24,0,119.76,120.01,0.01,0
32PwBvV859M,UC783XWULPW-nDGv_0EYlB6Q,2026-07-30 10:00:20,37688,598,99,120.0,120.0,0.0,0
32WqZ6psCl8,UC46X_E7jxvJ1O_3gnaeCxeg,2026-08-10 11:23:43,94830,829,60,119.86,120.11,0.11,0
32ZgbxlYa9g,UCcdlIcleb4oIK6of1ugSJ7w,2026-07-19 00:04:49,195079,710,145,119.92,120.17,0.08,0
33-AUClPIGI,UC_Xb6sEXAdNv9nHU4988vmg,2026-08-12 10:15:23,772517,,1,120.0,120.0,0.0,1
3KML2GztNRQ,UC1aBdmKvC6yAiq4xgPLOzKA,2026-08-19 05:05:25,11209,166,30,119.92,120.17,0.08,0
3KP70NWdxtQ,UCSzHok6X5qXEO7cjvVnE62g,2026-08-11 10:00:19,65606,302,25,120.0,120.0,0.0,0
3KeBKZNXgYk,UC86GXx7Ap-Cahlb0r0xT-ZQ,2026-07-29 12:00:09,20904,188,14,120.0,120.0,0.0,0
3Kj9Dnj52xc,UCzDmGDR5RdahQkLCBoWlTEg,2026-07-10 09:00:34,14496,104,8,119.76,123.61,0.24,1
3Kjiekqh5Js,UC-StHq1pWM-t4XS9ycZpn9w,2026-08-12 07:18:15,17301,280,68,119.95,120.2,0.05,0
3Kz3K3fPIi0,UCzDmGDR5RdahQkLCBoWlTEg,2026-07-20 15:08:05,25291,232,3,119.87,120.12,0.12,0
3L0pUqxmwJY,UCpn9dP1b5BhBsU9SduEz1hA,2026-08-30 01:30:32,15424,256,13,119.76,120.01,0.01,1
3LG6zGM48uE,UCHK-FRuAjk8g798dD7L7xqA,2026-08-27 10:15:03,68690,1190,37,119.76,120.01,0.01,1
3LRzVhrX538,UCnCFD3met1Ip7OngdF9TRDg,2026-08-05 03:31:45,15562,165,16,119.97,120.22,0.03,0
3LSTEO3_brc,UCdK9h1ILxS49c2LguBUY3rw,2026-08-04 12:00:25,5,2,0,120.0,120.0,0.0,0
3Lh2d-agQzo,UC7wosSPUA3os3b3-RMZZe6g,2026-07-17 11:40:20,0,0,0,119.83,120.08,0.08,0
3LltLhHZNA0,UCAl4HWznMn7KhKBRFO5eiFA,2026-08-09 10:41:55,17076,90,3,119.8,120.05,0.05,1
3M9a9796oS0,UCw1DsweY9b2AKGjV4kGJP1A,2026-08-04 09:00:39,28049,146,9,119.99,120.24,0.01,1
3MAXgvFrtw4,UCgLFbrC7-g0ihBKB0obVPTg,2026-08-07 15:57:02,611,10,1,119.8,120.05,0.05,0
3MCS_DPqM6w,UCd9oeoY-jLSkhd-J5y_1aYg,2026-07-29 15:36:57,427,3,0,119.89,120.14,0.11,0
3MN2cVQrGyA,UCqlcSsDNMYxEsem7bWY-66Q,2026-08-28 09:01:26,27334,308,21,119.99,120.24,0.01,0
3MRY3B97sL4,UCYM01qjjE_hmqFQAmOo-lNg,2026-08-06 08:00:04,7073,56,13,120.0,120.0,0.0,0
3Mbg3b-dWnE,UCN8L7Z-dyzu9FzT39RM0fvw,2026-08-06 03:26:05,15735,138,22,119.82,120.07,0.07,0
3MbhWyeTirQ,UCJpAwvQaZyCI5spAz7tipGA,2026-08-29 08:30:01,678836,2012,211,119.76,120.01,0.01,0
3MnENhxlKHs,UCoH2pCzAr6zWDG-LtUiLWRw,2026-08-09 10:00:36,29724,865,44,119.99,120.24,0.01,0
3MuLBjQFdU0,UCKY2DOkLOyPLlvGHI3XQw0Q,2026-07-28 23:39:32,425,0,0,119.84,120.09,0.09,1
3N8AKK2xodw,UCby0vMKcLR05ZdS90aZd5og,2026-08-18 06:55:51,2720,7,2,119.83,120.08,0.08,1
3NAuwVCoah0,UCB4YEVYp6LynBpz7bXyZsTg,2026-08-08 11:30:03,129443,909,36,120.0,120.0,0.0,1
3NFEHI6_DDE,UCIvLQ5lZ2kebqnLaGv_FP4w,2026-07-30 16:48:38,1255,8,0,119.94,120.19,0.06,0
3NIkYtaMJ64,UCv1tOT645xHOJrwdGlzjMaA,2026-08-18 09:00:30,4412,100,4,120.0,120.0,0.0,0
3NPamrKyzL0,UC783XWULPW-nDGv_0EYlB6Q,2026-07-18 08:30:38,37431,623,74,119.99,120.24,0.01,0
3NPhBl1TtQg,UCgT-gb3favw2jQgwxbbwwaA,2026-08-05 11:01:40,191859,1225,56,119.98,120.22,0.02,0
3NVtY0v7ECs,UCarBV0zWlC2k-HteyeKqfag,2026-08-18 16:31:07,25890,194,0,119.99,120.24,0.01,0
3NX0qpO-xHc,UCqVkQsNin4MdGFrWvzFVOKw,2026-08-24 02:00:31,7714,57,2,119.75,120.01,0.01,1
3NZYrZDPYxE,UCpwGBltfwjd_fIzp5cb5R0w,2026-08-14 00:30:17,432408,5386,608,120.0,120.0,0.0,1
3NbC3citvkg,UCPsZX-D7LW99PjZLA-UysPQ,2026-08-05 09:00:06,412,5,0,120.0,120.0,0.0,0
3NkbQQa1OIM,UCYGF_xk5RDpltyZDSx040uw,2026-08-30 03:00:57,72208,324,30,120.0,120.0,0.0,0
3NmFrYwJVCI,UCab17MxxnFtAhGsJVTkSkCg,2026-08-11 09:16:30,2166,49,11,119.98,120.23,0.02,0
3Nq-3V2ENAg,UCoovEJW0dyTWwHiblWDWvyQ,2026-07-27 10:30:29,21036,260,27,120.0,120.0,0.0,0
3NvH83ATwiw,UCikKJvpU0Ylua4hRW6faQRg,2026-08-02 01:54:50,4015,84,1,119.84,120.09,0.09,0
3NwFV4iGfQg,UCXNh3eUHXEkL7h1w1KYQRKQ,2026-08-13 04:03:40,117,6,2,119.94,120.19,0.06,0
3OHMcsC_VVg,UCkavlo6q2XfO_MA9Q24wRvw,2026-08-31 03:01:41,214,0,0,119.99,120.23,0.01,0
3OIDE2y8rEQ,UCVipGmBXqbYKNODNzVCN86w,2026-07-24 01:00:28,26349,661,11,119.99,120.24,0.01,1
3OV71xoOp78,UCfq-5-0b5Lzj7cKCrp6-flA,2026-08-28 10:00:14,27990,877,41,119.76,120.01,0.01,1
3OWkpYVWi7M,UC_9W6Z5Y3lDpLk47Y_y5ITQ,2026-08-01 02:20:17,26072,346,39,119.91,120.16,0.09,0
3OrF3yvc9Zk,UCby0vMKcLR05ZdS90aZd5og,2026-08-12 13:44:48,130,2,0,119.76,120.01,0.01,0
3OtKXHdBRUE,UCdK9h1ILxS49c2LguBUY3rw,2026-08-10 12:00:07,4,2,0,120.0,120.0,0.0,0
3Ow21miOvik,UCOTJtP0Z9DjpPU43B5m1V6A,2026-08-05 02:30:20,205287,1696,182,120.0,120.0,0.0,0
3OxxnrLsmCs,UCP8Q-Ku5_RkANynqDFzDWnQ,2026-08-30 14:27:27,15433,76,26,119.81,120.06,0.06,0
3P1y6xvOn2g,UCV6mNrW8CrmWtcxWfQXy11g,2026-08-05 10:00:00,165552,6574,147,120.0,120.0,0.0,1
3PG0SQ8qLTE,UCAaLhok91QDrweyuDRsmjqQ,2026-07-14 14:52:07,168537,952,102,119.88,120.13,0.12,0
3PGy-B4Hsi4,UCY_vDlvG-BTDRIOk_I9QQ6g,2026-08-29 11:00:18,15078,77,21,119.76,120.01,0.01,1
3PJu9sv44oc,UC8rbhIem-3aAsNXhTDI-nSA,2026-08-10 22:00:18,136092,2806,200,120.0,120.0,0.0,0
3PceWpm_3kI,UCT-UsvGz4gm7lezXvCEex9A,2026-07-31 08:00:28,233,14,10,120.0,120.0,0.0,0
3Pn_ZI_ITOg,UC-8S20Ll1gzPiu_YY8BgyaQ,2026-07-19 12:36:46,59094,317,131,119.89,120.14,0.11,0
3PsCzFVxNPU,UCeTQ7hfxE5P0b5Jksps7EYQ,2026-07-28 04:54:27,296,4,6,119.85,120.09,0.09,0
3Q3asKQUTAE,UCzDyC6JMEXEufozffWzI9Mg,2026-08-12 04:00:13,164681,1425,70,120.0,120.0,0.0,1
3QAkf3M0uyU,UCnV5tUnOVGyT-Ncj0s0tPTw,2026-07-23 12:22:14,3811,67,57,119.88,120.13,0.12,0
3QG8koWObHk,UC2NFRq9s2neD_Ml0tPhNC2Q,2026-07-12 01:30:30,302812,2418,45,119.99,120.24,0.01,1
3QK_5LOIfnc,UC_O4_e0nbsMoU1rg7JU_nwQ,2026-08-26 01:33:52,115045,1704,240,119.95,120.2,0.05,0
3QLyw9bjOz0,UCBY9rOZPo0fLE45mOV0s0cw,2026-08-25 11:26:03,319,2,0,119.83,120.08,0.08,0
3QV0aZqIfqU,UCVZI7eLie2UlZph6aiBRNrw,2026-08-26 10:00:38,226405,1504,710,120.0,120.0,0.0,0
3Qeh3kD61Y8,UCAl4HWznMn7KhKBRFO5eiFA,2026-08-17 02:00:25,11610,281,21,120.0,120.0,0.0,1
3QjQm8LoGns,UCS3_H_feQRm4QbXipKTvSrw,2026-07-31 11:30:17,23955,755,2040,120.0,120.0,0.0,0
3R0tAnRoN7k,UCYooECrv-fIXlPaDwEIaveA,2026-07-20 09:00:24,47842,522,11,119.99,120.25,0.01,1
3RB3fdb9uf4,UCwfbSsZ7_sccxcibe60mWlQ,2026-08-08 15:08:19,18215,76,17,119.86,120.11,0.11,0
3RGHRW9RR3U,UCEeib6HEHy95EGWUevS4RcA,2026-08-21 14:48:27,590,0,0,119.95,120.21,0.05,1
3RPSfRP_V7g,UCw1DsweY9b2AKGjV4kGJP1A,2026-07-11 13:07:55,70807,1222,361,119.87,120.12,0.12,0
3RZNzm7TILM,UC0aKwoKNeqBaUwiEXmkQaGQ,2026-07-24 10:30:23,42033,486,147,120.0,120.0,0.0,0
3RnELF6Bw-M,UCPGl9DV2WUgaqGVXtVrhJWQ,2026-08-10 15:00:19,8,0,0,120.0,120.0,0.0,0
3RrpVUozkGQ,UCApYlKNymyHZ9dlOCImFVBg,2026-08-04 15:09:17,1839,93,3,119.85,120.1,0.1,0
3RtWG5Mgwu0,UCTUnpbuKoOODvhLhCO_kO_A,2026-08-03 08:00:15,238,8,0,120.0,120.0,0.0,0
3RyEc_eKn2I,UCgyDKBTgkBfa8jWrBb8Npig,2026-07-23 17:09:28,30,0,1,119.84,120.09,0.09,0
3RyJ4gYg37c,UC4P7F8qenDo1O_5NvgBb_cg,2026-08-03 02:30:29,122473,1118,186,119.99,120.24,0.01,0
3S5HB30v8xk,UCdm06VHBWF5Mg5kYxffzikw,2026-07-30 03:40:18,8802,57,20,119.83,120.08,0.08,0
3ScS3YK5GjU,UCPqqyxHmSvJygac5TH52qJw,2026-07-15 09:13:02,68560,1106,59,119.78,120.03,0.03,1
3SfW4j-tV7Q,UC5H8Wt-1q_tnn-m4tDTqbUw,2026-08-30 06:09:50,4512,14,6,119.85,120.1,0.1,0
3Sfp-D7iYv8,UCJmnOEp1-OITEU0mk4icM5A,2026-08-15 05:00:28,18968,303,28,120.0,120.0,0.0,1
3SqUcWfJVHU,UCgsKeCRaBGH6JlnH6VO_7OA,2026-08-01 17:09:14,140,3,0,119.85,120.1,0.1,0
3Srsj6-Cuv0,UCpn9dP1b5BhBsU9SduEz1hA,2026-08-01 11:51:21,2459,68,14,119.9,120.15,0.1,0
3Sy2ZaDGCAU,UCifCesg-EUkjKyQedaB3hRg,2026-08-28 21:47:30,15207,545,4,119.97,120.22,0.03,1
3TLxp8nUlRw,UCJmnOEp1-OITEU0mk4icM5A,2026-07-27 12:00:12,37666,742,92,120.0,120.0,0.0,1
3TMbRL0m234,UC5RxNUZ9_c94ZEfJGnJZmTw,2026-08-24 21:26:42,2041,55,4,119.81,120.06,0.06,0
3TZXMypfwc4,UC2YA1b6qKO2YteKYFuMiYPg,2026-08-21 00:20:44,212,8,1,119.91,120.17,0.09,0
3TdflveqlLw,UCV6mNrW8CrmWtcxWfQXy11g,2026-08-02 10:00:13,33057,913,22,120.0,120.0,0.0,1
3TyW6lXM0Wo,UCPsZX-D7LW99PjZLA-UysPQ,2026-08-03 12:00:18,476,5,1,120.0,120.0,0.0,0
3U8EeGlGdes,UCKHx_yf3dI2ajWAjXRJ_9Rw,2026-07-25 18:22:48,151807,1866,46,119.87,120.12,0.12,0
3U9-W23NBxM,UCJA6MZLzTeljmGNFaugdoWQ,2026-08-30 01:00:40,2649,14,13,120.0,120.0,0.0,1
3UH07RTplAg,UC5WN-znPsJK0BbA8aHxZHWQ,2026-07-31 14:02:43,10417,133,1,119.96,120.21,0.04,1
3UM4YehQLHQ,UCpAZLM9XMzIbqFucUBD8Jtg,2026-08-22 04:59:58,27357,199,20,119.76,120.01,0.01,1
3UQgbbqDmPo,UC1sELGmy5jp5fQUugmuYlXQ,2026-08-08 15:00:14,2153200,60270,733,120.0,120.0,0.0,1
3U_PLJJy6A0,UCZCZHg_oJiHcrcj2vaPRCag,2026-08-18 09:00:05,65,0,0,119.76,120.01,0.01,0
3UazzrWSC2M,UCYooECrv-fIXlPaDwEIaveA,2026-08-30 09:00:22,50603,687,18,119.76,120.01,0.01,1
3UbCqoiJF9Q,UC-S8JFhLkQ5enhB70c2CYIw,2026-08-24 11:15:11,166408,5014,703,119.76,120.01,0.01,0
3UqKM_gdNys,UCpcTrCXblq78GZrTUTLWeBw,2026-08-12 19:30:07,36621,340,47,120.0,120.0,0.0,0
3UysMmrom5U,UC_8GOc5dWX2Kpb74_nQ7vSQ,2026-08-29 04:01:01,148806,1768,150,120.0,120.0,0.0,0
3V0-HfNgnkk,UCg5-nd3qoNnz5dzkX-O0b8A,2026-07-25 06:42:17,30570,760,19,119.8,120.05,0.05,0
3V9CBuzk6eU,UCtIbfg_6gjbdFqCqAiUcqyQ,2026-07-15 09:00:29,15173,337,15,119.99,120.24,0.01,1
3VH0zeHM8gY,UCeB_ZeSo0xDL62wWlkTEtjA,2026-08-20 16:30:44,5062,17,1,119.99,120.24,0.01,0
3VLCbatZHLA,UCjhRgb1NpnlRs01s9rAhuug,2026-08-22 00:38:20,102,1,0,119.87,120.12,0.12,0
3VTHYnOugSo,UC4VWaR3R17Ruc7j1Cy1-PKQ,2026-08-15 02:36:59,32,3,0,119.89,120.14,0.11,0
3VXxHXr6kXg,UCikKJvpU0Ylua4hRW6faQRg,2026-08-21 09:43:53,1482,38,0,119.78,120.03,0.03,0
3VdJuQpuW40,UCaMV-CjrWYh2Aefg_8iLwJQ,2026-08-09 10:00:37,82957,381,34,119.99,120.24,0.01,0
3VdlAkxKRyQ,UCab17MxxnFtAhGsJVTkSkCg,2026-08-27 09:23:33,4579,7,1,119.87,120.12,0.12,0
3VeEkxSYeRA,UCXNh3eUHXEkL7h1w1KYQRKQ,2026-08-11 11:43:08,0,0,0,119.78,120.03,0.03,0
3VeFh9ffqJc,UCCTw9N950kEoELFv3dRcWJQ,2026-08-27 22:54:00,7735,109,8,119.86,120.11,0.11,0
3Vhs6r4_3Yo,UCnhGcri8x6xhehanhAe9ipw,2026-07-20 12:08:52,14916,365,16,119.85,120.1,0.1,1
3Vi5eSIlCW0,UCcJ_oPUSkS_h96_PuizxMGA,2026-07-25 16:14:04,135,7,0,119.77,120.02,0.02,0
3VzZ1JR3lOE,UCeB_ZeSo0xDL62wWlkTEtjA,2026-07-24 23:00:03,12786,133,40,120.0,120.0,0.0,0
3W5RhjgpWTA,UCUae69frfqpKOB3BUMdX5Qw,2026-08-15 03:30:31,20900,589,62,120.0,120.0,0.0,1
3WN4BozJeNg,UC_9W6Z5Y3lDpLk47Y_y5ITQ,2026-08-30 03:39:41,73853,415,45,119.85,120.1,0.1,0
3WmLENJ5NmQ,UCQfISxq5legTqOt1h1us6lg,2026-08-07 17:03:58,2570,2,0,119.94,120.19,0.06,0
3WpHWl1WhRQ,UCNpcMizRJ73OJm48LszuytQ,2026-08-21 10:00:01,3963,236,15,119.76,120.01,0.01,0
3WtaAKKU65A,UCikKJvpU0Ylua4hRW6faQRg,2026-08-09 22:24:12,2532,56,0,119.85,120.1,0.1,0
3WxJhguw0m0,UCqjUPx-UAFHVvthd71bY7_g,2026-08-23 06:16:16,7626,51,12,119.99,120.24,0.01,0
3XCWxXJV2sA,UCt8CJiye87FMbEwt0npPMuQ,2026-08-25 17:00:04,3966,131,16,119.76,120.01,0.01,0
3XJBgiMz1O8,UC6NXJtCn3p-actkvBUlHwDA,2026-08-20 08:51:27,12427,73,7,119.9,120.15,0.1,0
3XPQ9QYNkrQ,UCzSODDx0zQF3nxXOZISCm_w,2026-08-28 13:30:01,1020,3,0,119.76,120.01,0.01,1
3XSA5OhfhDA,UCBidluUUxzT_5jVOI_2x2MQ,2026-08-27 15:07:48,875,5,1,119.88,120.13,0.12,0
3XcWwq_DToQ,UCuWDza8A_ntbjwBZgW0ZSNw,2026-08-07 03:30:21,184802,2533,51,120.0,120.0,0.0,1
3XeiILAjiIQ,UCaova9Q4UZLPqFnSvq8VxzA,2026-08-21 13:46:50,15366,69,56,119.98,120.23,0.02,0
3Xg2RZJ8CHY,UCQzgMwT5Q6x-Mtq65HRS_0Q,2026-08-11 10:49:29,3846,59,23,119.93,120.18,0.07,0
3XvqtqqgZKU,UCyz5WVrb-cz3myY04x_kVYw,2026-07-26 19:44:21,5426,92,0,119.76,120.01,0.01,0
3YAZKcXVWx0,UCV7WE8I_UiAN0fa6Arezx_w,2026-08-27 18:00:24,203,0,0,119.75,120.01,0.01,0
3YFC_RLr7Lk,UCoSniqkitCpxlHrQd5L8A1w,2026-07-10 12:59:09,755,8,2,119.77,120.02,0.02,0
3YGh3t3okVg,UCifCesg-EUkjKyQedaB3hRg,2026-08-24 03:42:24,8333,112,26,119.81,120.06,0.06,0
3YcvULIStsc,UC543-TDm6IvHHZXwdSFioMw,2026-08-10 11:30:03,4957,24,0,120.0,120.0,0.0,0
3YgHhuZT8mc,UCH29Gz8a6veRLqUxzjBXHrQ,2026-08-07 11:09:21,18579,675,71,119.85,120.1,0.1,0
3YmVlotC9xY,UCGW76VChAJKee9kYzvyoycQ,2026-08-04 06:00:17,1024,34,16,120.0,120.0,0.0,0
3Z1_EhQWEUk,UCPuD5ZRQWa_JCaY5NokNhtg,2026-08-09 03:40:25,472,6,3,119.83,120.08,0.08,0
3Z2z5ZsXjb8,UC1Ns07Rw0lQK-KuaPHfRRTw,2026-08-17 01:32:24,37,0,0,119.96,120.21,0.04,0
3Z8m3gtEw1c,UCw1DsweY9b2AKGjV4kGJP1A,2026-08-13 08:00:31,5161,30,3,119.99,120.25,0.01,0
3Z8mUzuCGKY,UCuWcjpKbIDAbZfHoru1toFg,2026-08-30 13:19:40,108354,3355,284,119.93,120.18,0.07,0
3ZIDTJZgB-g,UCzDmGDR5RdahQkLCBoWlTEg,2026-07-12 14:40:22,22664,119,26,119.83,120.08,0.08,0
3ZJszEU0tSg,UCQfISxq5legTqOt1h1us6lg,2026-07-27 19:09:03,5129,7,1,119.85,120.1,0.1,0
3ZTLLZmv0Js,UCpcTrCXblq78GZrTUTLWeBw,2026-08-25 20:00:38,25095,465,21,120.0,120.0,0.0,1
3Z_mihshcPc,UCrD6viwK0DHbQuZSOZBbofg,2026-08-12 14:46:07,42799,746,50,119.99,120.24,0.01,0
3ZnNzGFxXNU,UCN7FA8FwikP2p5Vrs5kiivw,2026-07-25 13:17:18,15514,131,5,119.96,120.21,0.04,1
3ZwyUTuNTlY,UCgLFbrC7-g0ihBKB0obVPTg,2026-07-22 15:07:43,44,7,0,119.88,120.13,0.12,0
3ZxvRnnJurg,UCab17MxxnFtAhGsJVTkSkCg,2026-08-26 11:21:28,1747,21,0,119.9,120.15,0.1,0
3_7uUuHMJac,UCKrprPfevcAZpPuRnCO6xOA,2026-08-07 09:00:31,1107,6,2,120.0,120.0,0.0,0
3_QeeOjKf3k,UCt8CJiye87FMbEwt0npPMuQ,2026-08-12 13:30:37,1112,32,2,119.99,120.24,0.01,1
3_Z9tCz5Mig,UCikKJvpU0Ylua4hRW6faQRg,2026-08-12 05:59:33,1922,54,2,119.76,120.01,0.01,0
3_kRywWlz8o,UCpAZLM9XMzIbqFucUBD8Jtg,2026-08-08 04:05:51,85402,565,102,119.91,120.16,0.09,1
3aNuNklmOtU,UC-8S20Ll1gzPiu_YY8BgyaQ,2026-08-20 13:39:52,84068,596,87,119.84,120.09,0.09,0
3aNzyDGDcRo,UCPsZX-D7LW99PjZLA-UysPQ,2026-08-12 00:00:36,1085,7,10,119.99,120.24,0.01,0
3aSgX0Gl4U4,UC4P7F8qenDo1O_5NvgBb_cg,2026-07-30 02:30:06,81477,796,53,120.0,120.0,0.0,0
3aWra-mq-4o,UCJDXc9JWCZo-nLNKr_-L2Ng,2026-08-20 12:00:32,2432,112,7,120.0,120.0,0.0,0
3aYkpNpP7eM,UCq6bX1rAJqwt3LmYuHrDPqg,2026-08-17 21:51:40,16249,14,2,119.89,120.14,0.11,0
3aZfxwYcyjw,UC14G5tdSndPhP47RTVgMXcg,2026-08-16 02:50:59,741,25,1,119.9,120.15,0.1,0
3a_xOkpd72s,UCeiDuGZqWT4iiIXRTfhM3qQ,2026-08-13 08:35:18,3354,92,0,119.91,120.16,0.09,0
3ag42KfrAJY,UCE3q8VKqIT_vOL4b9Nl8chA,2026-08-18 23:38:51,4424,62,1,119.86,120.11,0.11,0
3agFNSCexow,UCElXDMEQqlUnuyDbChjARWQ,2026-08-30 22:38:32,912,1,0,119.87,120.12,0.12,0
3ajPtSbWfw4,UCkd3KAYGnTNPJZZrPOFeWhA,2026-08-09 09:00:08,42557,87,23,120.0,120.0,0.0,1
3alUIOz7L8c,UCdK9h1ILxS49c2LguBUY3rw,2026-08-18 11:45:20,9,2,0,119.76,120.01,0.01,0
3bCifAFY40U,UCdK9h1ILxS49c2LguBUY3rw,2026-08-24 10:45:12,889,2,4,119.76,120.01,0.01,1
3bOt4B-7pfM,UCKVt3arMXfa6XZezR1UnjqQ,2026-07-15 22:00:25,4897,67,3,119.99,120.24,0.01,0
3berBhsF9us,UCulcJNJPF25ncT7GvJm6iEg,2026-08-15 11:59:53,61799,2060,47,119.76,120.01,0.01,1
3bgtib1yrrI,UCpcTrCXblq78GZrTUTLWeBw,2026-07-26 16:30:21,124255,1605,111,120.0,120.0,0.0,0
3bltJa7TeR8,UCPuD5ZRQWa_JCaY5NokNhtg,2026-07-25 04:33:45,512,8,3,119.94,120.19,0.06,0
3bn4MyrEmks,UCirJgPv8RtFaFMj39b6cD8Q,2026-08-18 09:00:09,29651,158,5,119.76,120.01,0.01,1
3bpzJYjtI-g,UCH29Gz8a6veRLqUxzjBXHrQ,2026-08-19 09:17:50,20022,234,4,119.96,120.21,0.04,0
3bq_gn6cSGI,UCY_vDlvG-BTDRIOk_I9QQ6g,2026-08-19 03:26:19,2322,58,31,119.82,120.07,0.07,0
3c18rT_OTfA,UCS7gEaMmBPAaI8dHNnrSofg,2026-07-23 15:19:46,36113,,137,119.92,120.17,0.08,0
3c6gRixlpbo,UCEebX3m88Arwc91LPmEmTYQ,2026-08-15 23:12:09,19034,1018,65,119.8,120.05,0.05,0
3cCi5XAxWHI,UCX11f6rIVaoWGvFnKKyPBNQ,2026-08-15 00:49:49,2713,143,3,119.92,120.17,0.08,0
3cCuzAu-UeU,UCMF3M48BakI-ptofqoUqdAA,2026-08-10 14:20:02,7327,261,42,119.92,120.17,0.08,0
33JQGFS9TUE,UCN8YcyYvYIrtLcwyT-KqbNg,2026-07-14 11:30:30,13007,144,9,119.99,120.24,0.01,1
33QZtez2m8M,UCl-VnCUwSxDr5zPu-YlDUYw,2026-08-09 08:00:07,121040,2431,77,120.0,120.0,0.0,1
33RcwHuk25M,UCAl4HWznMn7KhKBRFO5eiFA,2026-08-21 10:43:58,32127,185,7,119.78,120.03,0.03,0
33SGtMzFH-A,UCgeazIBHz3JS7ft7_nyj-0A,2026-07-28 08:00:11,20846,111,32,120.0,120.0,0.0,0
33UA53Nb6kY,UCo33r3SAf5z9MS-lrXV2aOQ,2026-08-29 06:00:25,55920,540,18,119.76,120.01,0.01,1
33zszCzRqGg,UCN5oT4zGJX-_H6pE5isAEeg,2026-08-05 03:00:09,972045,10933,610,120.0,120.0,0.0,1
349lT0oluwg,UCms8Ge7H1ZGgw6nV94fUhUQ,2026-08-29 12:20:52,26334,67,9,119.92,120.17,0.08,0
34EZCxUS3z4,UCjSNmS8qcD1jEdQhU5h-zKQ,2026-07-31 11:02:50,723,,2,119.95,120.2,0.05,0
34JMSl8j1Po,UCBvkOBLsSj9kusGYlroQkBg,2026-08-25 12:32:39,334550,2528,119,119.97,120.22,0.03,0
34Kh32UqHio,UCU0-6z_KU9AShyR9J6gcFGw,2026-08-03 01:23:03,562,3,0,119.87,120.12,0.12,0
34La_kyc6wU,UCJDXc9JWCZo-nLNKr_-L2Ng,2026-08-30 19:00:39,4012,104,9,119.75,120.01,0.01,0
34dqA0ZsyH4,UCm1JuixwDoQEDi5RfcRuHJg,2026-08-06 06:49:45,29460,1443,25,119.92,120.17,0.08,0
34tPo8qg3TA,UCZ6mNZTiTUrUSbSYPlclI4A,2026-08-16 05:50:23,18279,512,48,119.91,120.16,0.09,1
352CAd9NaPY,UC-Pn1i_ot4qmG4l7wMZPvyw,2026-08-29 09:00:12,26354,161,17,119.76,120.01,0.01,0
355M0eowSF4,UCwBkHOTyu57NQi0syf5MLig,2026-08-11 06:00:36,310611,2696,283,119.99,120.24,0.01,1
356HH4rzXsM,UCw-JzmPsjRcbzJLncr4pIIA,2026-08-22 12:40:22,132383,2293,138,119.84,120.09,0.09,0
35BhwGtD19Y,UCdm06VHBWF5Mg5kYxffzikw,2026-08-08 01:46:29,32132,236,13,119.98,120.23,0.02,1
35FGNn9j0xw,UCW_Ptq0v8ck67w9oKiwXz2g,2026-07-27 05:38:36,225,1,0,119.86,120.11,0.11,1
35Hqh51YdAg,UCPuD5ZRQWa_JCaY5NokNhtg,2026-08-18 05:08:31,559,9,3,119.86,120.11,0.11,0
35K53xlbI-Y,UC6JB_a6rD1lZ_aZgQvORfrQ,2026-08-11 21:18:53,819,33,1,119.94,120.19,0.06,0
35NKnZM9Mn0,UCYsRymb9vAsOOLBy-Wo1kRg,2026-07-13 06:30:08,5239,51,1,120.0,120.0,0.0,1
35a5LsIK8p0,UCyEIUlSKbzCt3ElAsPFb7EQ,2026-08-26 01:45:24,32540,64,33,120.0,120.0,0.0,0
35m1kMoxMLs,UCJDXc9JWCZo-nLNKr_-L2Ng,2026-08-30 13:00:18,2192,63,6,119.76,120.01,0.01,0
35nxEN_puLY,UCdK9h1ILxS49c2LguBUY3rw,2026-08-21 10:45:20,189,1,3,119.76,120.01,0.01,1
367GcnxKSTw,UCc1VJX_5Z2RdGi58XU4IfbA,2026-08-09 14:01:29,64392,305,0,119.98,120.23,0.02,0
368g_VuYBEQ,UC_2x8h1QrTHOO0i4Yiss-ww,2026-07-23 10:00:20,310316,2546,26,120.0,120.0,0.0,1
36BjJH8N50M,UC7SIaeUWuuIrWTIOBpayDVQ,2026-07-27 06:53:08,25498,288,101,119.87,120.12,0.12,0
36BqW866rBA,UCPGl9DV2WUgaqGVXtVrhJWQ,2026-07-24 15:00:08,14,0,0,120.0,120.0,0.0,0
36LFwYWDPrk,UCBtJuwDt6LlXp2YASC-ZMdA,2026-08-25 09:00:35,1137,7,0,120.0,120.0,0.0,1
36RfKRjrSi8,UCJA6MZLzTeljmGNFaugdoWQ,2026-08-12 07:00:20,21,1,0,120.0,120.0,0.0,0
36maTk0TnmI,UCpn9dP1b5BhBsU9SduEz1hA,2026-08-12 09:34:52,10077,145,26,119.92,120.17,0.08,0
36uGBh9FtxQ,UCPuD5ZRQWa_JCaY5NokNhtg,2026-07-28 05:02:11,488,6,4,119.97,120.22,0.03,0
3760LFnLMxc,UCAl4HWznMn7KhKBRFO5eiFA,2026-08-08 10:44:32,10764,55,7,119.76,120.01,0.01,1
378gYonw7_U,UCi5yzN6jpdz2akGTm-mJSKQ,2026-07-18 10:00:24,873,25,6,119.99,120.24,0.01,0
378toxuxxiE,UCYxwKnNRv4FurQxeKcuR0Sw,2026-07-25 07:12:05,17,1,0,119.8,120.05,0.05,0
37DnHYpESQg,UCp6n8d8Y8r3MwKNw_MMaouQ,2026-08-15 19:05:51,16475,739,25,119.91,120.16,0.09,1
37MsFGrbawk,UCpcTrCXblq78GZrTUTLWeBw,2026-07-31 05:30:13,133026,1903,151,120.0,120.0,0.0,0
37OHmKaxofM,UCtVBI7YLJyDvrx7iWAukx_Q,2026-08-09 01:00:06,4928,79,27,120.0,120.0,0.0,0
37RkDvZ60v0,UCMF3M48BakI-ptofqoUqdAA,2026-08-22 13:53:19,2695,68,42,119.87,120.12,0.12,0
37ZrXLXxnLw,UCPoEVLrQMMXICwULGDwfvug,2026-08-13 14:55:04,8080,111,17,119.83,120.08,0.08,1
37gq_-PAlh4,UCPGl9DV2WUgaqGVXtVrhJWQ,2026-08-27 13:51:45,9,0,0,119.9,120.15,0.1,0
37qcbujCZqU,UCe-7GwWL1XNlCJyfqBhgrHA,2026-08-25 06:55:14,402577,4227,18,119.84,120.09,0.09,1
383UxuKO-wk,UCpcTrCXblq78GZrTUTLWeBw,2026-08-28 16:30:23,72931,470,50,119.76,120.01,0.01,0
3869MprFb7Y,UCaj7p2XHGqfBYb2OI-7Q2DA,2026-07-28 06:15:23,42740,632,39,120.0,120.0,0.0,1
38HRlu9uuTU,UCv0cBz_Vdmd84xYl7gKWwQA,2026-08-23 17:00:20,4455,315,38,119.75,120.01,0.01,0
38HhuNtRoZY,UC0aKwoKNeqBaUwiEXmkQaGQ,2026-08-16 10:30:04,57925,1083,475,120.0,120.0,0.0,0
38IXttruhys,UCwUdsbSoKjC9FDcpihDeXSg,2026-07-29 12:45:36,59530,2,2,119.99,120.24,0.01,1
38KWp6YUeP4,UCJDXc9JWCZo-nLNKr_-L2Ng,2026-08-13 15:00:06,2160,98,6,120.0,120.0,0.0,0
38RJcRBDc_g,UCZJFaxsby9j3T6h0UVcCcCA,2026-08-03 05:33:57,129,9,10,119.94,120.19,0.06,0
38UcDdqfz_g,UC78d2aaqdrt02RfmtRLmlAw,2026-07-25 23:39:29,4259,54,0,119.84,120.09,0.09,0
38XqjiUKXi0,UCKVt3arMXfa6XZezR1UnjqQ,2026-08-25 22:00:09,14584,70,9,119.76,120.01,0.01,0
38b3G9KDhC4,UCAl4HWznMn7KhKBRFO5eiFA,2026-07-24 14:43:54,5428,30,1,119.77,120.02,0.02,1
38b4ha8kZlw,UC9otskL_kd-0CDib_5Lj-mQ,2026-07-14 09:00:07,20788,195,242,120.0,120.0,0.0,0
38rARmQ9amo,UCZNTsLA6t6bRoj-5QRmqt_w,2026-08-13 17:00:28,42271,1394,25,120.0,120.0,0.0,0
38vcwGpC0H8,UCJA6MZLzTeljmGNFaugdoWQ,2026-08-22 04:00:00,2324,5,2,119.76,120.01,0.01,1
3962GkVCyb8,UCcNdwtZ7ulFFxngmnzsWQNA,2026-08-09 02:00:35,7659,180,34,119.99,120.24,0.01,0
397mOXs1drY,UCs0LzOveQMLImmmTrMmP2sg,2026-07-29 12:20:50,62649,297,31,119.91,120.16,0.09,0
399i01ZDbW0,UCRq3CDTZ2qe3HiHrZdQKBvQ,2026-08-30 09:26:21,1633,13,3,119.82,120.08,0.08,1
39H9fM8OnuE,UCPJGXrPIVKBR8PJY7w33WZw,2026-07-15 06:00:32,45444,568,78,119.99,120.24,0.01,0
39IxRN9jU5E,UCdK9h1ILxS49c2LguBUY3rw,2026-07-31 11:45:27,5,2,0,120.0,120.0,0.0,0
39Trojt2bIw,UCXAXCxTCCYYKsLJNzEvjqfw,2026-07-24 13:03:09,41107,531,421,119.95,120.2,0.05,0
39c_taOdex8,UCI3DTtB-a3fJPjKtQ5kYHfA,2026-08-06 02:00:16,4979,73,1,120.0,120.0,0.0,0
39dzVEF490Y,UCI3DTtB-a3fJPjKtQ5kYHfA,2026-08-31 14:15:24,162921,1732,72,119.76,120.01,0.01,0
39hcoKDWu9E,UCXQoI3upwKr47JAiVaYkvIw,2026-08-15 07:29:54,13612,131,51,119.75,120.01,0.01,0
39hz5muGdG0,UCifCesg-EUkjKyQedaB3hRg,2026-08-13 21:49:28,33805,573,7,119.93,120.18,0.07,1
39iLNNhaEc8,UC2f8VfmEF2_0-rFN4RNHaNg,2026-08-28 23:00:30,59790,586,166,120.0,120.0,0.0,0
39mAUcN7lZY,UCw1DsweY9b2AKGjV4kGJP1A,2026-08-20 08:03:38,45402,137,42,119.95,120.2,0.05,0
39vFA2EJm3E,UC0uQYROl6H_8-Lb2bFz6yyg,2026-08-16 10:00:01,22300,172,29,120.0,120.0,0.0,0
39xh3DVPEq0,UCtVBI7YLJyDvrx7iWAukx_Q,2026-07-27 03:00:06,9127,147,24,120.0,120.0,0.0,0
3A14R7klQ-4,UCF-rFAdN7dzd-SI2T3rkCaQ,2026-08-01 11:02:26,192947,1075,43,119.96,120.21,0.04,1
3A7FnoS2Xlo,UCfIUuMA7U_jImP7oWfTe4Pw,2026-07-23 13:05:27,175863,935,87,119.91,120.16,0.09,0
3AB-FM3LHkw,UCTK7GGeH0c9INAEnV2EfD0Q,2026-08-12 09:00:28,3959,128,7,120.0,120.0,0.0,0
3AHKMewma_w,UCPGl9DV2WUgaqGVXtVrhJWQ,2026-07-16 15:00:12,5,0,0,120.0,120.0,0.0,1
3AJJ7lYl_1M,UCKHx_yf3dI2ajWAjXRJ_9Rw,2026-07-28 16:50:42,668,18,0,119.91,120.16,0.09,0
3ANdSuk5nOk,UCV6mNrW8CrmWtcxWfQXy11g,2026-08-19 23:02:21,28121,651,4,119.96,120.21,0.04,0
3ANgYpSCf_c,UCkpKYfb8wM67QnKxBj9bZXA,2026-07-20 13:08:53,31858,305,36,119.85,120.1,0.1,0
3AQyY2L5sIA,UC-FiQR2gg8oiNw98ZdsSX6Q,2026-08-25 04:00:24,1301,7,0,119.75,120.01,0.01,0
3Ab0cxWDoek,UCgLFbrC7-g0ihBKB0obVPTg,2026-07-28 12:32:38,217,5,3,119.96,120.21,0.04,0
3AcjFYse0XM,UC78d2aaqdrt02RfmtRLmlAw,2026-08-31 16:00:29,16494,147,33,119.75,120.01,0.01,0
3ApXgzZvRdc,UCYJDUekoQz0-bo8al1diLWQ,2026-08-13 05:28:05,1027273,17348,348,119.79,120.03,0.03,1
3AxzXrzpM2M,UCTUnpbuKoOODvhLhCO_kO_A,2026-08-14 08:00:26,526,5,1,120.0,120.0,0.0,0
3B0KMP1kIq4,UCPuD5ZRQWa_JCaY5NokNhtg,2026-08-09 09:05:27,746,12,2,119.91,120.16,0.09,0
3B4d10NyJiw,UCoSniqkitCpxlHrQd5L8A1w,2026-08-13 23:22:53,2064,15,5,119.87,120.12,0.12,0
3B56Q-vLOEo,UCTUnpbuKoOODvhLhCO_kO_A,2026-07-24 06:00:03,2868,12,2,120.0,120.0,0.0,1
3B9H0rNfl6k,UCBvkOBLsSj9kusGYlroQkBg,2026-08-19 13:24:20,75886,552,22,119.86,120.11,0.11,0
3BG5wKgKr-M,UChLqHuZV0PENIBYxDgXyPLQ,2026-07-25 01:21:25,16440,241,51,119.89,120.14,0.11,0
3BZ3-iMnoEw,UC8CZL4cvFiKwKKDNCuM2lTA,2026-07-22 09:41:15,24711,269,22,119.81,120.06,0.06,0
3C2ElBjx6m0,UCS3_H_feQRm4QbXipKTvSrw,2026-07-20 13:15:34,23545,385,52,119.99,120.24,0.01,0
3C7zMLMrCEE,UCab17MxxnFtAhGsJVTkSkCg,2026-07-25 14:09:05,5876,88,9,119.85,120.1,0.1,0
3CKu0TJtQOs,UCxe_WKNMrOgvNtgz02oLTjQ,2026-08-06 11:15:08,36374,487,72,120.0,120.0,0.0,1
3CZAVDi5u-E,UCaY7wcqhFb_c2eQ1eRB8rOQ,2026-08-11 09:00:15,13285,335,55,120.0,120.0,0.0,0
3CZyK4SPxW4,UC0PMQXAwF6O6aeTpv962miA,2026-08-22 12:32:32,172762,861,233,119.97,120.22,0.03,0
3CmOw0O2iAg,UC2yOBpLVwB7kzt9C5ZPbB7w,2026-08-13 04:00:37,166362,1693,94,119.99,120.24,0.01,1
3Cqfmmm8074,UCl-VnCUwSxDr5zPu-YlDUYw,2026-08-11 08:00:30,18442,755,53,119.99,120.24,0.01,1
3CzDmsUl6v8,UC5RxNUZ9_c94ZEfJGnJZmTw,2026-08-13 12:00:14,2719,110,26,120.0,120.0,0.0,0
3D1WVbWuZng,UCab17MxxnFtAhGsJVTkSkCg,2026-08-20 15:21:12,6679,114,2,119.9,120.15,0.1,0
3D3ixXdoI1Q,UC4VWaR3R17Ruc7j1Cy1-PKQ,2026-08-28 11:50:44,1243,5,0,119.92,120.17,0.08,1
3D6LDlJ-0T0,UCTK7GGeH0c9INAEnV2EfD0Q,2026-07-22 09:00:16,3852,142,6,120.0,120.0,0.0,0
3DBCkLOjlAQ,UCkphwoGMBs2_0raLOqu9aQw,2026-08-13 12:00:11,81,4,7,120.0,120.0,0.0,0
3DCyyXUtHXg,UCAl4HWznMn7KhKBRFO5eiFA,2026-08-22 01:20:36,2526,7,0,119.92,120.17,0.08,0
3DMSU8HvMgo,UCZHBZUrLKMoL6FxpvdRzhKA,2026-07-31 13:44:47,4045,31,0,119.76,120.01,0.01,0
3DWxWuqAPms,UCl-VnCUwSxDr5zPu-YlDUYw,2026-07-29 08:00:00,36315,668,29,120.0,120.0,0.0,1
3DdPOxkV7EM,UCGa52d8Qlv3THghuCAt_nXA,2026-08-08 08:30:36,45064,401,20,119.99,120.24,0.01,1
3DmwIp5m124,UCrxzkAOXEbflxcTbRYnCoTw,2026-08-19 10:00:28,29332,164,61,120.0,120.0,0.0,0
3Dr7zhroVpY,UCzDmGDR5RdahQkLCBoWlTEg,2026-08-24 03:00:08,9358,48,0,119.76,120.01,0.01,1
3DsRFSllozs,UCkpKYfb8wM67QnKxBj9bZXA,2026-08-11 15:00:28,10178,89,8,120.0,120.0,0.0,0
3DsxU6wOd-U,UCpcTrCXblq78GZrTUTLWeBw,2026-07-19 02:32:14,8638118,45431,306,119.96,120.21,0.04,1
3E1nBLz1DFg,UCYsRymb9vAsOOLBy-Wo1kRg,2026-07-26 06:00:34,1868,15,3,119.99,120.24,0.01,1
3EJSZs9IGb0,UC9zmo9x1o7xAfgM1Fw3Dg4g,2026-08-02 08:00:06,10973,530,195,120.0,120.0,0.0,0
3ELqV5amILE,UCHZ9X2Nl3dq8ChEJgScmZCw,2026-07-25 10:27:08,21524,189,48,119.8,120.05,0.05,0
3ERHzaR3xRQ,UCHoo90P0hvh2rrbGvX53G0A,2026-08-08 01:32:36,751,23,0,119.96,120.21,0.04,0
3E_N7OGp7sg,UCzSODDx0zQF3nxXOZISCm_w,2026-08-26 09:30:22,990,2,0,120.0,120.0,0.0,1
3Eb_8AKiP24,UCS2OAdHoLt-9T6cG9A2H49Q,2026-08-28 09:20:53,24870,255,38,119.91,120.16,0.09,0
3EgiPiswVYg,UCtGMgPWJNU2Aj-SNK0zg0Sg,2026-08-30 04:00:12,66701,689,53,119.76,120.01,0.01,1
3Eineuywm2E,UCV6mNrW8CrmWtcxWfQXy11g,2026-08-21 21:00:33,153553,4072,52,120.0,120.0,0.0,1
3EyJCuIr_AE,UCDGbm9jZgqNeMWyK4j-Kduw,2026-07-29 02:00:06,496,,1,120.0,120.0,0.0,1
3FFtO4SBKrU,UCUbOogiD-4PKDqaJfSOTC0g,2026-07-11 10:02:45,931736,5117,111,119.96,120.21,0.04,1
3FWf2W1knAw,UC4P7F8qenDo1O_5NvgBb_cg,2026-07-24 02:30:33,76344,819,227,120.0,120.0,0.0,0
3FjeH5gkt64,UCpI-AhCT02iQRGLC2ZcY0Jw,2026-08-03 11:00:04,86426,1394,38,120.0,120.0,0.0,1
3FncCbaERm4,UCTNyl3P7q6PNhPddh6d7WJQ,2026-08-16 21:46:17,10,2,0,119.98,120.23,0.02,0
3G4zC7CRLRE,UC027x98NgUBw9K4aPT8k0mg,2026-07-24 13:00:32,122402,992,147,119.99,120.24,0.01,0
3G6yGpIYSTs,UCms8Ge7H1ZGgw6nV94fUhUQ,2026-08-10 03:00:32,42685,641,132,119.99,120.24,0.01,1
3G8x4SiSVo0,UC_E_qYfGKM3C0kqrp1p8z7Q,2026-07-25 15:00:19,90,7,0,120.0,120.0,0.0,0
3GBcEDIkwPE,UCaHIZAKows704_gk6bjdAog,2026-07-29 06:45:01,76436,773,311,120.0,120.0,0.0,0
3GP_XljPAMA,UCiEMsnnzti6PDNi8TAlSnFw,2026-08-31 20:15:35,89,,0,120.0,120.0,0.0,0
3GR-a8Njf9I,UC0vqyzJ-1l3AJl3IkKu0bhQ,2026-07-26 02:33:36,46,2,0,119.94,120.19,0.06,0
3GUAVnb5bF8,UCirJgPv8RtFaFMj39b6cD8Q,2026-07-25 03:00:20,21875,91,3,120.0,120.0,0.0,1
3GZdi4JYSV8,UCi5yzN6jpdz2akGTm-mJSKQ,2026-07-16 07:04:24,1213,30,4,119.93,120.18,0.07,0
3Ga7aI03U9E,UCPI40-XQA9-GBGj2k8PPqfg,2026-08-23 08:50:39,44183,1191,131,119.92,120.17,0.08,0
3GbTsmRMer4,UC5Yx9RlmznXDUEIrfoSqheA,2026-08-10 16:34:02,8913,45,5,119.93,120.19,0.07,0
3GdQzCUoNBQ,UCa2liSwjQST4AGcg6LFQakQ,2026-08-24 04:00:09,9,2,0,119.76,120.01,0.01,0
3GkGldK9HKA,UCZaNYFjF_SRRJPVuGX7yMjQ,2026-07-15 12:53:27,7,1,0,119.86,120.11,0.11,0
3GlVxlDRExE,UCYsRymb9vAsOOLBy-Wo1kRg,2026-08-26 06:00:14,1444,20,27,119.76,120.01,0.01,1
3GuPRVNwIuE,UCg5-nd3qoNnz5dzkX-O0b8A,2026-08-13 10:32:16,58070,737,43,119.97,120.22,0.03,1
3H8vR-QJGwg,UCnCeDIkExSpULGqmpj5oafg,2026-08-04 08:00:19,3545,42,8,120.0,120.0,0.0,1
3HWRVEq_upU,UCBtJuwDt6LlXp2YASC-ZMdA,2026-08-08 04:00:17,1424,4,0,120.0,120.0,0.0,1
3HbTBXMojvc,UC7hwQp3F6P_OwyRM14p88iQ,2026-08-10 08:26:50,2702,29,26,119.81,120.06,0.06,0
3HhksK33AZU,UCRLoyYlPR9ufzlbeI9lLDqg,2026-08-07 09:00:07,6830,422,78,120.0,120.0,0.0,0
3HlD3N_MQ1k,UCpn9dP1b5BhBsU9SduEz1hA,2026-08-13 16:30:16,15600,223,11,120.0,120.0,0.0,1
3Hz_MUQ86Qo,UC46X_E7jxvJ1O_3gnaeCxeg,2026-07-27 08:22:39,8693,149,28,119.87,120.12,0.12,0
3I-umhiGnx0,UC5H8Wt-1q_tnn-m4tDTqbUw,2026-08-02 02:28:43,3327,25,1,119.77,120.03,0.03,0
3IUocxZSz-g,UC-FiQR2gg8oiNw98ZdsSX6Q,2026-07-24 15:00:02,843,1,0,120.0,120.0,0.0,0
3Ihx3V4pBWc,UCpn9dP1b5BhBsU9SduEz1hA,2026-08-12 15:15:24,7226,123,7,120.0,120.0,0.0,1
3Ismh7J7FiM,UCeG0ONJtjwE20ThR5iSYdsA,2026-07-12 07:25:46,53052,661,109,119.82,120.07,0.07,0
3IuCUnEUiwY,UC5ThQKdocwo_9UurfT5P_ww,2026-08-29 10:51:01,168960,2519,78,119.92,120.17,0.08,1
3IvgLOA0vXs,UCrR_fhiJjoW8OJFzUcmlMMA,2026-07-19 07:00:15,10158,80,21,120.0,120.0,0.0,0
3J4X661wDa0,UCMCgtTicwOhae1N8VCokkvw,2026-08-24 10:57:08,1229,7,1,119.81,120.06,0.06,1
3JBU8PIuWE4,UCt8CJiye87FMbEwt0npPMuQ,2026-08-07 12:30:16,3668,133,7,120.0,120.0,0.0,1
3JKZemUdpHs,UCrR_fhiJjoW8OJFzUcmlMMA,2026-08-21 10:00:39,13442,149,7,120.0,120.0,0.0,0
3JM4fnaxczo,UCNRnCc0hg3ZcKdOGXKKv5Ww,2026-08-04 09:15:11,3899,70,6,120.0,120.0,0.0,0
3JQFSpQBxS8,UCV7WE8I_UiAN0fa6Arezx_w,2026-08-20 12:00:21,17,0,0,120.0,120.0,0.0,0
3JTujrj7jK4,UCqI5lyTpC79pOy2D-VXAMdA,2026-08-06 14:33:34,109883,738,684,119.94,120.19,0.06,0
3JZ5gv53ABU,UCJj2vuQIpFnk5pbTAtCi3yw,2026-08-13 11:40:47,51872,400,16,119.82,120.07,0.07,1
3JgW-CQfd7M,UCFHUplScMiWTjJrtv4hxWmg,2026-08-18 11:31:56,45357,294,30,119.98,120.23,0.02,0
3JqfWF2-b14,UCuCmLrNT5MbpqfrSSKHqTug,2026-08-09 03:00:15,6268,33,10,120.0,120.0,0.0,0
3Jv3Xst1jAE,UCJmnOEp1-OITEU0mk4icM5A,2026-08-27 05:00:21,7627,125,1,119.76,120.01,0.01,1
3JwtLXWKZkQ,UCIb0mO7d6_6WsPYDFLQZnTQ,2026-08-26 13:20:37,25,0,0,119.92,120.17,0.08,0
3KAzktEQs_I,UCDnIK80iouL_rb_J6GybOlg,2026-07-24 02:16:24,2,0,0,119.98,120.23,0.02,0
3KDjS-VDzEo,UCUt2AEhC-OOC2EPCzj4DkCw,2026-08-15 23:00:20,20312,556,19,120.0,120.0,0.0,1
3KEOlrQCAB4,UCe0loHR-Vltq0GPHgYyzmrQ,2026-08-27 06:58:37,39976,441,21,119.78,120.03,0.03,1
3KEzkJo9LTg,UCIKORyfTZ0cN-u0hrxHcgUw,2026-08-20 12:48:04,35,2,1,119.95,120.2,0.05,0
3KICjttWywo,UCJmnOEp1-OITEU0mk4icM5A,2026-08-07 05:00:28,293710,4161,151,119.99,120.24,0.01,1
2P5Rlfxy3Mg,UC6LLMkdyses2ugPRNEXutMQ,2026-08-11 10:15:32,27252,136,13,119.99,120.24,0.01,1
2PMiwNaMBUA,UCpcTrCXblq78GZrTUTLWeBw,2026-08-13 16:30:34,164987,5604,76,119.99,120.24,0.01,0
2PQB-piGL98,UCHCeN9BUgogMGrHBC6zKYvA,2026-08-21 01:28:22,5693,83,28,119.79,120.04,0.04,0
2PhcfPzWSas,UCw1DsweY9b2AKGjV4kGJP1A,2026-08-03 03:30:09,37327,309,23,120.0,120.0,0.0,0
2Pjcw7fltRI,UCGW76VChAJKee9kYzvyoycQ,2026-07-16 09:00:27,3413,210,20,119.99,120.24,0.01,0
2PriIh8ahV4,UCZNTsLA6t6bRoj-5QRmqt_w,2026-08-06 17:00:08,16326,541,12,120.0,120.0,0.0,0
2Pxu4k3VzMw,UCI4wEWWBEElIbp9jHcFllTw,2026-08-29 13:00:05,15360,9,8,119.76,120.01,0.01,0
2Q5QOcrcNoY,UCm1JuixwDoQEDi5RfcRuHJg,2026-08-01 03:00:38,51403,1301,148,119.99,120.24,0.01,0
2Q65-Ltx3PQ,UCQhIdo5nRQY9DB3uo7vawtw,2026-08-16 16:36:09,1586,69,16,119.9,120.15,0.1,0
2QAX2EXcMZY,UCUbOogiD-4PKDqaJfSOTC0g,2026-08-21 10:48:47,168611,976,77,119.95,120.2,0.05,0
2QGeLAj-Ri8,UCwBkHOTyu57NQi0syf5MLig,2026-08-08 13:54:52,83194,463,160,119.84,120.09,0.09,0
2QJF5DmaFP8,UCDYAog4sNhwQ5pXtAZiT0Og,2026-07-25 12:30:24,43842,228,21,119.99,120.24,0.01,0
2QRSg7Z8inA,UC5ScPjbt-a97AJO7SBj6nAg,2026-07-30 08:30:03,142706,3575,428,120.0,120.0,0.0,0
2QWj24dGXcQ,UCt8CJiye87FMbEwt0npPMuQ,2026-07-19 12:00:14,5296,220,38,120.0,120.0,0.0,1
2QoMWwHjsPE,UCN7FA8FwikP2p5Vrs5kiivw,2026-08-29 12:00:08,7433,203,5,119.76,120.01,0.01,1
2Qqx4i1y9Bk,UC6YqXiwCBfPvPTs3wXgWElQ,2026-08-26 02:48:58,1489,3,0,119.95,120.2,0.05,1
2RAnxj1X3R0,UCBexUDlBSJM2h4xZB3ch53g,2026-08-01 07:30:33,22772,305,30,119.99,120.24,0.01,1
2RIuHjsaAKQ,UCvPDPTxTLitVEyGu4Xt6m8g,2026-08-20 11:47:33,34492,101,10,119.96,120.21,0.04,1
2RSIBzh-ih4,UCy8wtBLOSzpRSTXdC_te9Qw,2026-08-08 12:03:44,1316,5,2,119.94,120.19,0.06,1
2RYw2toBJlg,UC-okJdotaXPlzivRzHFqzuA,2026-08-20 08:59:06,156769,1767,49,119.77,120.02,0.02,0
2Rdhik9VzZ8,UCX11f6rIVaoWGvFnKKyPBNQ,2026-08-05 20:40:21,2378,117,4,119.83,120.08,0.08,0
2RjiXWD-FFQ,UC2ja61Zku_rw3ZBfDZi8cuQ,2026-08-21 08:00:17,59699,1185,204,119.76,120.01,0.01,0
2RkOmGGSFsU,UCBtJuwDt6LlXp2YASC-ZMdA,2026-08-28 03:00:05,1298,6,0,119.76,120.01,0.01,1
2Rs27ELy1Ro,UCdK9h1ILxS49c2LguBUY3rw,2026-07-22 20:41:48,13,3,0,119.81,120.06,0.06,0
2Rsq9AoMzew,UCrY2B2XX41ReYh9DIWrFfCg,2026-07-24 09:51:36,18799,,9,119.89,120.14,0.11,1
2SGAJJDHH-g,UCDnIK80iouL_rb_J6GybOlg,2026-07-16 00:04:43,2,0,,119.92,120.17,0.08,0
2SMeFNE3cYA,UCfIUuMA7U_jImP7oWfTe4Pw,2026-08-04 14:30:18,704340,5459,578,120.0,120.0,0.0,0
2SMrZaHeKmI,UCkrNv6xF8j7QZmWb3UeAH8A,2026-08-30 05:56:48,17296,44,14,119.82,120.07,0.07,0
2SN44zKfqVw,UCPGl9DV2WUgaqGVXtVrhJWQ,2026-07-30 14:40:39,45,0,0,119.83,120.07,0.07,0
2SOazMtsDL8,UCO8ToDSM2Gvt3EZdOdosxTw,2026-08-05 04:30:26,16624,436,85,120.0,120.0,0.0,0
2SQ4PQMHHWk,UC0FUMakBJHsRrfKCGQuWnRA,2026-07-25 06:17:59,31295,229,88,119.95,120.2,0.05,0
2SQijDc_QWg,UCv1tOT645xHOJrwdGlzjMaA,2026-08-19 10:09:43,39941,636,12,119.85,120.1,0.1,1
2SRcimklX8U,UC8E29ANOC3_OuB7_5EPY2xw,2026-08-26 07:00:17,1723,18,0,119.76,120.01,0.01,1
2SY72ZAPDa0,UCdF0eCyf5np3lPO4y1fJVdw,2026-08-30 03:00:24,47033,345,33,119.75,120.01,0.01,0
2Sh0RYgzoX0,UC8CZL4cvFiKwKKDNCuM2lTA,2026-07-14 21:36:48,8670,65,2,119.89,120.14,0.11,0
2SiVx6-fPsg,UCkavlo6q2XfO_MA9Q24wRvw,2026-08-14 08:48:38,385,3,0,119.94,120.19,0.06,0
2Syos51lW7w,UCwBkHOTyu57NQi0syf5MLig,2026-07-24 08:00:16,57061,299,10,120.0,120.0,0.0,1
2T-wa4nypvY,UCab17MxxnFtAhGsJVTkSkCg,2026-08-24 08:11:05,3633,29,6,119.83,120.08,0.08,0
2T1tcBlMwTw,UCpn9dP1b5BhBsU9SduEz1hA,2026-08-16 05:15:37,9717,197,11,119.99,120.24,0.01,1
2T99Xr9_4s0,UCSOeJWyByeoBHpmrm0NnlLw,2026-08-17 00:00:20,52267,696,134,120.0,120.0,0.0,0
2TkbKbWDMQc,UCJYdIDfGkqXTsQq5aW4md0Q,2026-08-14 02:03:30,136,2,0,119.94,120.19,0.06,0
2TtrDKqNUDM,UCO94iFhOhtdGb4Ze5DUAtbw,2026-07-19 12:00:02,15707,265,5,120.0,120.0,0.0,0
2TzL5RM7SuM,UCvAetSOU_4lyjM5hVMNzN0Q,2026-07-29 16:40:23,26000,446,44,119.83,120.08,0.08,1
2Tzey8tp4x4,UC5RxNUZ9_c94ZEfJGnJZmTw,2026-08-29 12:00:04,12601,123,36,119.76,120.01,0.01,0
2U-nUXHNV54,UC0FUMakBJHsRrfKCGQuWnRA,2026-08-05 06:00:07,5604,49,5,120.0,120.0,0.0,0
2UCJ4e3gAd4,UCdoTrHNHnoRbaQenxK5PEUg,2026-08-18 14:12:00,170,2,0,119.81,120.06,0.06,0
2UF458SHSC0,UClHTjLVog7CkRF8tYJuNXXQ,2026-08-05 21:58:17,457,16,0,119.78,120.03,0.03,0
2UGb-LYsmzU,UCZ-UuK86Bk5sGzQQ2cEglJQ,2026-08-13 08:24:28,186987,1914,185,119.85,120.1,0.1,0
2UIM7qhVlKc,UCVZI7eLie2UlZph6aiBRNrw,2026-07-23 11:00:02,69676,461,68,120.0,120.0,0.0,0
2UJv3ZHGWiY,UCv1tOT645xHOJrwdGlzjMaA,2026-08-08 11:46:51,103696,1051,21,119.97,120.22,0.03,1
2UpNUiA-S1s,UCN8YcyYvYIrtLcwyT-KqbNg,2026-07-28 11:15:13,32784,405,37,120.0,120.0,0.0,1
2UtSM_CUOqc,UCnCH3Uhv_ynhTNKEH6ekRtg,2026-08-17 07:39:36,7497,121,12,119.84,120.09,0.09,0
2V86yI0lJuE,UCby0vMKcLR05ZdS90aZd5og,2026-07-13 05:48:24,2733,6,0,119.94,120.2,0.06,1
2VBGormVe-Y,UCPpSXwAg3hkSpa85Ah-dpgA,2026-07-24 23:00:16,434,25,2,120.0,120.0,0.0,0
2VgmP_LOoQM,UC-okJdotaXPlzivRzHFqzuA,2026-08-05 03:05:09,77072,1171,48,119.92,120.17,0.08,0
2VqlY7wsbIQ,UCvfEv6nBnL0QlKqyGmL0orQ,2026-07-26 04:00:43,32764,192,42,119.99,120.24,0.01,0
2VsoGz4WQ0A,UCvPDPTxTLitVEyGu4Xt6m8g,2026-07-16 11:07:16,20167,184,16,119.88,120.13,0.12,0
2VtGi00Oavw,UCYxwKnNRv4FurQxeKcuR0Sw,2026-07-30 03:00:26,16,2,0,120.0,120.0,0.0,0
2Vz9Dv_w_dQ,UCN7FA8FwikP2p5Vrs5kiivw,2026-08-07 21:00:00,30912,895,48,120.0,120.0,0.0,1
2WC5Ef3AgyI,UCNRnCc0hg3ZcKdOGXKKv5Ww,2026-08-16 16:06:01,4699,37,0,119.9,120.15,0.1,0
2WPubd0g-xA,UCPGl9DV2WUgaqGVXtVrhJWQ,2026-08-31 09:20:11,4,0,0,119.93,120.18,0.07,0
2WaUYb5NMpw,UCpI-AhCT02iQRGLC2ZcY0Jw,2026-08-12 06:03:21,77556,1220,21,119.95,120.2,0.05,1
2WhqtKYM3Bg,UCpwGBltfwjd_fIzp5cb5R0w,2026-08-03 00:30:26,294993,5297,245,119.99,120.24,0.01,1
2Wi06W1bRAA,UCI6Ro_MOr36re4Bhb7nCY7g,2026-07-31 10:00:15,10760,118,27,120.0,120.0,0.0,0
2WsljfA0CTM,UCifCesg-EUkjKyQedaB3hRg,2026-08-22 21:03:35,44043,1975,36,119.95,120.2,0.05,0
2Wy9fv9B9kE,UCAl4HWznMn7KhKBRFO5eiFA,2026-08-02 11:06:34,4075,46,5,119.89,120.14,0.11,0
2X1Y0djVpmo,UCBA9XaL5wCdHnC5EmEzwrqw,2026-07-27 05:41:01,380634,1787,651,119.82,120.07,0.07,0
2XFhHdngl8Y,UCV7WE8I_UiAN0fa6Arezx_w,2026-08-18 13:00:04,21,1,0,119.76,120.01,0.01,0
2XIwI9I_CbA,UCcvKf8NxAw9i09hZw1MQPBQ,2026-08-31 09:30:31,43134,550,76,120.0,120.0,0.0,1
2XNTA1sCzTg,UCZ-UuK86Bk5sGzQQ2cEglJQ,2026-08-30 09:08:51,94283,1420,27,119.87,120.12,0.12,0
2XVkEj-683g,UCATlfGN7EDjXS_2ofklb3bw,2026-08-28 01:44:11,20817,224,1,119.77,120.02,0.02,0
2XZt8J50_xs,UC_Xb6sEXAdNv9nHU4988vmg,2026-08-01 11:15:15,39408,,1,120.0,120.0,0.0,1
2Xehz7oPO50,UCZNTsLA6t6bRoj-5QRmqt_w,2026-08-06 15:00:00,83810,2365,156,120.0,120.0,0.0,0
2Xq_qHKQS9U,UCZCZHg_oJiHcrcj2vaPRCag,2026-08-06 09:00:29,73,0,0,120.0,120.0,0.0,0
2Y1G2ziaxQY,UC_O4_e0nbsMoU1rg7JU_nwQ,2026-07-30 09:46:58,83284,1418,281,119.97,120.22,0.03,0
2Y4BMcI9ciI,UCKYdD83f363lIzcAwwhB-_A,2026-08-02 14:54:00,0,0,0,119.85,120.1,0.1,0
2YBEfAIg7zM,UC3RzmV2LX3AmWhZVx0A7u0A,2026-08-28 07:00:07,68109,1712,68,119.76,120.01,0.01,1
2YGJTFNV_ns,UCab17MxxnFtAhGsJVTkSkCg,2026-08-22 12:24:31,5599,63,8,119.85,120.1,0.1,0
2YOtcCNQX1A,UCnCFD3met1Ip7OngdF9TRDg,2026-08-30 05:14:23,23698,108,19,119.78,120.02,0.02,0
2YUCqcxAyr8,UC7lwS-aSDzYHZJ9uWuzySwQ,2026-08-16 13:15:28,2024,8,7,120.0,120.0,0.0,1
2YgmN-Bb-K0,UCby0vMKcLR05ZdS90aZd5og,2026-07-15 07:18:32,7504,9,0,119.94,120.19,0.06,1
2Ykd2dWbulY,UCp6n8d8Y8r3MwKNw_MMaouQ,2026-08-15 20:00:03,1050,19,1,120.0,120.0,0.0,0
2YvWuzjWnL4,UCBTsPtRCh6ln3IRQFjhjh1A,2026-08-29 13:03:50,85732,567,27,119.95,120.2,0.05,0
2Z1G8sA6eLA,UCiVO_mThS9B3tNc_kzpn-3g,2026-07-27 18:00:25,62711,1062,38,120.0,120.0,0.0,1
2Z2DI5JN28I,UCJ0tK-1sP4BKqy6fBDQmZKg,2026-07-31 07:12:22,151,2,1,119.8,120.05,0.05,0
2ZETgU7EDQU,UC0vqyzJ-1l3AJl3IkKu0bhQ,2026-08-15 08:43:09,18,2,0,119.78,120.03,0.03,1
2ZG4nke-FQ4,UCdK9h1ILxS49c2LguBUY3rw,2026-07-24 12:00:07,3,2,0,120.0,120.0,0.0,0
2Z_rdALLChM,UCby0vMKcLR05ZdS90aZd5og,2026-07-13 07:27:14,5804,5,0,119.8,120.05,0.05,1
2ZkQg0s4jlo,UCpI-AhCT02iQRGLC2ZcY0Jw,2026-08-14 09:01:04,28110,325,347,119.99,120.24,0.01,0
2Zm7iZbJ6ys,UCifCesg-EUkjKyQedaB3hRg,2026-08-09 00:36:14,16843,564,10,119.9,120.15,0.1,1
2ZqR0VdvxLg,UCms8Ge7H1ZGgw6nV94fUhUQ,2026-07-29 09:00:19,1531422,3356,567,120.0,120.0,0.0,1
2_4KTRqMyMo,UCaY7wcqhFb_c2eQ1eRB8rOQ,2026-08-17 04:00:20,45475,929,237,120.0,120.0,0.0,0
2_PTf_RkF5c,UClHTjLVog7CkRF8tYJuNXXQ,2026-08-04 05:55:31,504,14,2,119.83,120.08,0.08,0
2_QMBeyWBGw,UCV7WE8I_UiAN0fa6Arezx_w,2026-07-28 08:00:13,188,4,0,120.0,120.0,0.0,0
2_QuglFvUtU,UCg5Ew4lj74r_ohbc4AeQj1w,2026-08-25 06:24:01,109610,2918,66,119.86,120.11,0.11,1
2_VxsnIR6fo,UC9M8GGVwPqc9ubNruArCNPg,2026-07-18 12:00:05,67975,980,25,120.0,120.0,0.0,1
2_fuvbIokN8,UC3kVT7zilzGf_7fIEkc4dDA,2026-08-18 03:00:24,12094,335,21,120.0,120.0,0.0,0
2_lQR9EIki4,UCifCesg-EUkjKyQedaB3hRg,2026-08-28 01:08:22,115095,94,0,119.87,120.12,0.12,0
2a7FFvayvFY,UCjnghZoZuL_U3AByO_oq7CQ,2026-08-22 17:41:15,48,3,0,119.82,120.07,0.07,0
2a8xClD2fHU,UC0aKwoKNeqBaUwiEXmkQaGQ,2026-07-25 10:30:29,24167,301,180,119.99,120.24,0.01,0
2aBLB3nHbOg,UCuaizlkqA5hZ_Dt3kAQkW3g,2026-08-31 03:16:45,40953,198,198,119.99,120.24,0.01,0
2aFERcsApwQ,UCZ6mNZTiTUrUSbSYPlclI4A,2026-08-21 05:45:40,12537,530,13,120.0,120.0,0.0,1
2aL02Arsiuc,UCPGl9DV2WUgaqGVXtVrhJWQ,2026-07-30 04:44:48,119,0,0,119.76,120.01,0.01,0
2abvhtOEx3M,UC783XWULPW-nDGv_0EYlB6Q,2026-08-30 09:30:03,27234,1058,18,119.76,120.01,0.01,1
2agdrDvahPQ,UCkcaRxpTcisadUeCbHOYTFw,2026-08-21 10:32:57,75817,890,147,119.96,120.21,0.04,0
2aki8khdp80,UCe-7GwWL1XNlCJyfqBhgrHA,2026-07-27 05:42:54,27579,636,16,119.79,120.04,0.04,1
2anMDwxpiG0,UCim7oePrB5hdfhcYwgUY6Jw,2026-08-13 15:00:32,12946,76,26,119.99,120.24,0.01,0
2as1fsHQhbk,UCItokFi45YtAjlfAwyJT9xg,2026-07-16 13:32:33,0,0,0,119.96,120.21,0.04,0
2asHBFFvBRw,UC_m_uqd_9s0hZvlgfvCzqbQ,2026-08-19 11:32:44,874,6,0,119.97,120.22,0.03,1
2atPVgn6FYE,UCFiHjGyrJux8Rt4e6mUPU-w,2026-07-22 17:00:31,14019,513,143,120.0,120.0,0.0,0
2axi3BEZ8uQ,UCYGF_xk5RDpltyZDSx040uw,2026-08-18 04:23:34,61605,656,18,119.86,120.11,0.11,1
2b-fi8Cm7cg,UCPuD5ZRQWa_JCaY5NokNhtg,2026-08-08 10:55:34,1019,10,8,119.83,120.08,0.08,0
2b72oBK-IrQ,UCt8CJiye87FMbEwt0npPMuQ,2026-08-25 19:30:08,40636,1173,188,119.76,120.01,0.01,0
2bXRCjbZmTs,UCuWDza8A_ntbjwBZgW0ZSNw,2026-08-06 06:30:05,13025,157,14,119.75,120.25,0.25,1
2bijg8xUB14,UCpcTrCXblq78GZrTUTLWeBw,2026-07-14 23:00:13,224643,1667,134,120.0,120.0,0.0,0
2bjT7a38R5Q,UCybfHuHkJRzGDymek2Dsqvw,2026-07-19 22:00:19,44619,792,158,120.0,120.0,0.0,0
2cKe1V4NfqE,UCG3uX-OwJ82T3L3EhC3GPXA,2026-08-03 03:47:57,3834,140,28,119.95,120.2,0.05,0
2cQFRTJ7Abc,UCoSniqkitCpxlHrQd5L8A1w,2026-07-18 11:47:16,2098,17,4,119.96,120.21,0.04,0
2cW-e0A8wpI,UC4VWaR3R17Ruc7j1Cy1-PKQ,2026-08-26 23:03:02,290,4,0,119.96,120.21,0.04,0
2cbpwL7YJz8,UCZRH94I89Ps7giJYeK6DlWA,2026-07-26 03:00:06,30964,546,49,120.0,120.0,0.0,0
2cgMyTj23dk,UCj5Y6sl23ln9PL6OiDTL7Gg,2026-08-16 14:12:02,234,17,2,119.8,120.05,0.05,0
2cgwFNY1coE,UCB4gIGaPUiLtpPreFSf8fKQ,2026-08-30 03:45:37,8006,49,14,120.0,120.0,0.0,0
2cjRWfxumY0,UC0D75gKWfWeFY2OhStsQk2Q,2026-08-12 07:15:37,68570,1904,79,119.99,120.24,0.01,1
2ckc_jdZzzQ,UCWZqSCSNZT3X8e_HyCJoXMg,2026-08-11 13:43:01,26491,714,24,119.79,120.04,0.04,1
2cvmJOh2xPc,UC5RxNUZ9_c94ZEfJGnJZmTw,2026-08-24 12:00:20,7140,273,99,119.75,120.25,0.25,0
2cwPSBqzmJU,UCtGMgPWJNU2Aj-SNK0zg0Sg,2026-08-05 09:30:07,42039,955,100,120.0,120.0,0.0,1
2d8iNO82bn0,UCpCBP5cVIBvezPI1LKFMYjA,2026-08-30 14:52:49,27606,533,15,119.88,120.14,0.12,1
2dCXsljfmBY,UC7hwQp3F6P_OwyRM14p88iQ,2026-08-05 15:49:31,34888,238,0,119.93,120.18,0.07,0
2dG1kgwP94o,UCjUnlBpn0Z1L450g79fniRg,2026-08-05 07:53:45,2883,,5,119.86,120.11,0.11,0
2dd-EAeoOgI,UCuWDza8A_ntbjwBZgW0ZSNw,2026-08-20 07:23:09,193129,2563,43,119.87,120.12,0.12,1
2dtBVHSPe3A,UCYG8tuvbQzWsDeoADyJFU8Q,2026-08-25 19:38:09,3890,79,1,119.88,120.12,0.12,0
2e-3gFERcXQ,UCC1LvVTX2ySKYjeIXkAtvsQ,2026-07-30 11:00:12,187130,1421,188,120.0,120.0,0.0,0
2eAtimtkFz0,UCXVVG5ZM3SJJCh94xatR8Dg,2026-08-09 06:00:34,1315,12,0,119.99,120.24,0.01,1
2eDj5q5iSs0,UCab17MxxnFtAhGsJVTkSkCg,2026-08-09 14:45:39,943,15,3,119.99,120.24,0.01,0
2eOI-7RZUDE,UCPsZX-D7LW99PjZLA-UysPQ,2026-07-26 15:00:29,1697,30,4,119.99,120.24,0.01,0
2edUtIah2fI,UCrfB1-zWijAYkgfZW7Ehc8Q,2026-08-03 08:00:07,331026,6487,594,120.0,120.0,0.0,0
2egEDrUNNXw,UCV7WE8I_UiAN0fa6Arezx_w,2026-08-15 17:00:10,28,0,0,120.0,120.0,0.0,0
2ehN5zdhzSo,UCPGl9DV2WUgaqGVXtVrhJWQ,2026-07-31 15:00:32,15,1,0,119.99,120.24,0.01,0
2ehdj6NSq6w,UCrKSaegnzewdj9-YLsUhoZw,2026-08-25 00:00:52,7012,33,147,120.0,120.0,0.0,0
2ej4JXb_yDM,UCuZ862fZel1gq9RAf_OkvqA,2026-08-13 06:55:12,28236,265,109,119.83,120.08,0.08,0
2f2CI740VIo,UCt8CJiye87FMbEwt0npPMuQ,2026-07-23 13:00:04,4492,249,16,120.0,120.0,0.0,1
2f3LfUHJGM4,UCfQOeRevRI14uNqluiJ7TeQ,2026-07-22 08:00:22,51,2,0,120.0,120.0,0.0,0
2f9bw3ISb1A,UCPsZX-D7LW99PjZLA-UysPQ,2026-08-02 06:00:20,523,7,1,120.0,120.0,0.0,0
2fDPsBqd89c,UCNZiNM2pP6uhIlTQVS2Q5fA,2026-08-18 09:00:24,155270,2330,215,120.0,120.0,0.0,1
2fDrRippek8,UCw1DsweY9b2AKGjV4kGJP1A,2026-08-01 10:01:13,6454,37,7,119.98,120.23,0.02,0
2fEGU_6AKmQ,UC8aCmG_y4DqqVI9Xlcym1Jg,2026-08-22 15:11:03,6669,224,11,119.83,120.08,0.08,0
2fFpJDB_wjU,UCi8fe6P0_tLeZ1r31wOydvw,2026-07-22 04:00:08,6929,49,4,120.0,120.0,0.0,0
2fLXjBNV_sM,UCyoSQyaCrZHro6F_nBiXIYg,2026-08-13 14:20:31,121238,509,133,119.91,120.16,0.09,0
2fPw4kzxLto,UCBtJuwDt6LlXp2YASC-ZMdA,2026-08-15 09:00:13,331,2,0,120.0,120.0,0.0,1
2fc7RaqL9II,UCPsZX-D7LW99PjZLA-UysPQ,2026-08-07 09:00:12,307,1,1,120.0,120.0,0.0,0
2fpbVDokgQs,UCA9f2-9fUklMMOaz8vKW7Jw,2026-08-19 13:52:53,1627,3,0,119.88,120.13,0.12,0
2fuJtW7Gyrg,UCV6mNrW8CrmWtcxWfQXy11g,2026-07-30 10:00:38,44874,2173,88,119.99,120.24,0.01,1
2fum7M6GkfQ,UC3pTpoDKt17IrCDH60kSNPA,2026-07-24 02:00:02,7472,94,22,120.0,120.0,0.0,0
2g-jhZ6UO1Q,UCzVXdulvpgEoI8yuFMmhxJw,2026-08-10 11:30:38,549124,16042,57,119.99,120.24,0.01,1
2g9XYJyPVt0,UC3hCAmwyYNgRuOOSFV7evVA,2026-08-29 17:18:20,28548,109,1,119.96,120.21,0.04,0
2gD3tuCQT2o,UC-StHq1pWM-t4XS9ycZpn9w,2026-07-30 02:12:02,388026,4121,236,119.8,120.05,0.05,1
2gQ6smyM8CQ,UCSzHok6X5qXEO7cjvVnE62g,2026-07-23 08:00:26,37243,214,33,119.99,120.24,0.01,0
2geZHmsEtrw,UCBtJuwDt6LlXp2YASC-ZMdA,2026-07-25 10:09:09,529,21,4,119.85,120.1,0.1,0
2gpdJMmAPTU,UCV6mNrW8CrmWtcxWfQXy11g,2026-08-19 02:00:31,356365,14304,128,120.0,120.0,0.0,1
2h21t9VusZ0,UCrY2B2XX41ReYh9DIWrFfCg,2026-08-06 09:53:13,9857,,30,119.87,120.37,0.13,0
2h5JMHx0_VU,UCy8wtBLOSzpRSTXdC_te9Qw,2026-08-19 12:36:01,3,0,0,119.91,120.16,0.09,0
2hIwgQ4qx3U,UCkrNv6xF8j7QZmWb3UeAH8A,2026-08-26 09:38:36,3548,16,1,119.87,120.12,0.12,0
4IIw-4G9-vg,UCKttwyzsHvW7bCo7YfTacVQ,2026-07-30 10:46:40,35726,206,10,119.97,120.22,0.03,1
4IJu43RgCYw,UCAl4HWznMn7KhKBRFO5eiFA,2026-08-20 11:11:23,17923,75,0,119.81,120.07,0.07,1
4IOvIve0I-0,UCUR5w0E-jQTOO8Q0FZ4ilYQ,2026-08-20 09:00:06,90435,554,137,120.0,120.0,0.0,0
4IRA7uVOsa4,UC7bcRlidTERRb_MKRHPVSnw,2026-08-05 12:03:00,108065,1863,99,119.95,120.2,0.05,0
4I_0R1d339w,UCbItyvYa6cqvqtwlU2E9-wA,2026-08-03 14:52:29,13269,688,37,119.88,120.13,0.12,0
4IdDf3QdniY,UCBtJuwDt6LlXp2YASC-ZMdA,2026-08-05 09:00:07,2775,18,2,120.0,120.0,0.0,1
4Ip6C-HNgdk,UCvPDPTxTLitVEyGu4Xt6m8g,2026-08-12 03:22:10,3009,34,1,119.88,120.13,0.12,1
4Iyd2FYqfV0,UCPuD5ZRQWa_JCaY5NokNhtg,2026-08-25 15:38:46,848,6,4,119.86,120.11,0.11,0
4JFJDkAMI2Q,UC543-TDm6IvHHZXwdSFioMw,2026-08-24 13:15:29,5909,27,0,120.0,120.0,0.0,1
4JGJenNSaWE,UCV7WE8I_UiAN0fa6Arezx_w,2026-08-16 13:00:23,89,0,0,120.0,120.0,0.0,0
4JZnKI5ZcFQ,UCPGl9DV2WUgaqGVXtVrhJWQ,2026-08-18 14:21:18,32,0,0,119.91,120.16,0.09,0
4JutH0ivroQ,UCkcaRxpTcisadUeCbHOYTFw,2026-07-24 11:16:01,25335,709,12,119.99,120.24,0.01,0
4JxXZTL5SfA,UCPuD5ZRQWa_JCaY5NokNhtg,2026-08-07 14:01:29,1042,12,9,119.98,120.23,0.02,0
4K-O99qUj98,UCZ49HaU_D0Tlf1aDA2jU_Vg,2026-08-08 13:08:16,60503,451,150,119.87,120.11,0.11,0
4K-XL3C0frU,UCYGF_xk5RDpltyZDSx040uw,2026-08-24 11:34:07,103742,1282,46,119.94,120.19,0.06,1
4K0hGdWaZmU,UC4P7F8qenDo1O_5NvgBb_cg,2026-08-28 02:30:36,142185,763,40,120.0,120.0,0.0,0
4KDlR38vK9U,UCtVBI7YLJyDvrx7iWAukx_Q,2026-08-10 02:00:14,25161,771,32,120.0,120.0,0.0,0
4KKDk4_VyVU,UCV7WE8I_UiAN0fa6Arezx_w,2026-07-30 12:00:39,106,0,0,119.99,120.24,0.01,0
4KPNdfiSr1k,UC8C0Yd20ke5XqOiZvMVgM9w,2026-07-30 01:00:09,2802279,462,13,120.0,120.0,0.0,1
4Kb1lVseYjY,UCPGl9DV2WUgaqGVXtVrhJWQ,2026-08-03 15:00:37,5,0,0,119.99,120.24,0.01,0
4L3G8odG4g8,UCV6mNrW8CrmWtcxWfQXy11g,2026-07-26 02:26:08,27598,727,13,119.82,120.07,0.07,0
4L4fC_sBzVU,UC5Yx9RlmznXDUEIrfoSqheA,2026-08-14 04:46:24,111,3,1,119.98,120.23,0.02,0
4L4l7rA8jOk,UCX11f6rIVaoWGvFnKKyPBNQ,2026-08-24 00:55:23,3491,234,2,119.84,120.09,0.09,0
4LEFx-ngR4k,UCDbOXmGL7EkmOcnUb5Kki4A,2026-07-17 03:00:17,20974,315,107,120.0,120.0,0.0,0
4LTPXQR1cDg,UCyoSQyaCrZHro6F_nBiXIYg,2026-08-23 15:59:52,92493,637,67,119.76,120.01,0.01,0
4LUj4X9TmME,UCaMV-CjrWYh2Aefg_8iLwJQ,2026-08-17 04:00:23,532892,4387,282,120.0,120.0,0.0,1
4LYgE3zzkkc,UCZ-UuK86Bk5sGzQQ2cEglJQ,2026-08-18 08:59:51,41467,600,35,119.76,120.01,0.01,0
4LfVu5J77b8,UCg5Ew4lj74r_ohbc4AeQj1w,2026-08-07 04:15:22,76640,1846,50,120.0,120.0,0.0,1
4LnZf5vTkQY,UCby0vMKcLR05ZdS90aZd5og,2026-08-18 02:45:04,2440,6,0,120.0,120.0,0.0,1
4Lqv5dalsP4,UCV7WE8I_UiAN0fa6Arezx_w,2026-08-07 11:00:06,48,3,0,120.0,120.0,0.0,0
4M4R3zj-rfM,UC699Y51pMl0wWLPA4atcZjQ,2026-08-30 06:38:22,21228,307,33,119.87,120.12,0.12,1
4MAeQqJlJ4c,UC8CIM3d3zDYMk-3T5aAz0yw,2026-08-30 10:19:03,1122190,9297,1216,119.95,120.2,0.05,0
4MVK7imhsXg,UC8x8GQmlxAIhHxzU61z0uLQ,2026-08-19 10:47:26,13538,60,6,119.97,120.22,0.03,0
4Mavk-vIIwQ,UCgLFbrC7-g0ihBKB0obVPTg,2026-08-04 12:48:27,231,7,1,119.94,120.19,0.06,0
4MjVusGPvmI,UCqI5lyTpC79pOy2D-VXAMdA,2026-08-09 14:55:49,75884,1009,394,119.82,120.07,0.07,0
4Mnx9IK3ztM,UCKmOaDLQpgbsmGsHpV9688g,2026-08-11 15:07:16,3497,131,57,119.88,120.13,0.12,0
4MoiWeorBV4,UCnCH3Uhv_ynhTNKEH6ekRtg,2026-08-31 06:34:52,31318,139,26,119.93,120.18,0.07,0
4N6Xs0EpjGc,UCbvvdVOF0teLO-U6GWh1RKg,2026-07-25 08:38:42,3274,52,9,119.86,120.11,0.11,0
4N73ce9BvP8,UCifCesg-EUkjKyQedaB3hRg,2026-08-09 21:37:40,11522,217,3,119.87,120.12,0.12,1
4NB4WlxM-xo,UC3Oe-jfrIqEGygxYBYyN6jQ,2026-08-08 22:24:09,9406,93,0,119.85,120.1,0.1,0
4NJIczv_p3Y,UCKY2DOkLOyPLlvGHI3XQw0Q,2026-08-26 23:24:28,1320,11,0,119.85,120.1,0.1,1
4NKlL5Gp4tM,UC3ozN5tHi449NhCDE6Xtmwg,2026-08-13 02:24:40,162765,1049,19,119.84,120.09,0.09,1
4NR9jXeVIsE,UCN5oT4zGJX-_H6pE5isAEeg,2026-07-30 09:00:19,67812,851,35,120.0,120.0,0.0,0
4O9jpKrrfSI,UCt8CJiye87FMbEwt0npPMuQ,2026-07-22 15:00:34,8485,341,43,119.99,120.24,0.01,0
4OAlO9n9U28,UCnMshUhBxDsKFPnxBGmGEpg,2026-07-31 18:13:49,1874,45,7,119.77,120.02,0.02,0
4OBQ4BE4i_Q,UCpI-AhCT02iQRGLC2ZcY0Jw,2026-08-07 05:51:03,106045,2156,44,119.9,120.15,0.1,1
4OO-TXrEcAk,UCNmN3W2H0r5_hV2drzbEn7Q,2026-07-14 08:04:05,14317,140,8,119.93,120.18,0.07,1
4OXbX1OrxNI,UCV7WE8I_UiAN0fa6Arezx_w,2026-07-18 12:00:32,50,2,0,119.99,120.24,0.01,0
4Orajcfm86I,UCaY7wcqhFb_c2eQ1eRB8rOQ,2026-08-30 04:00:36,48541,447,100,119.75,120.01,0.01,0
4OxlqOmQjMU,UCYGF_xk5RDpltyZDSx040uw,2026-08-25 02:50:22,17927,192,2,119.92,120.17,0.08,1
4P47vLDVWvc,UCbeQg95cAxVRsxxh6FyilxA,2026-07-27 07:25:03,4663,32,4,119.84,120.08,0.08,0
4PBBXfjiEpg,UC8E29ANOC3_OuB7_5EPY2xw,2026-08-31 13:13:28,1184,1,0,119.79,120.04,0.04,1
4PFxT6OFjbA,UCZ-UuK86Bk5sGzQQ2cEglJQ,2026-08-06 10:30:31,158936,1804,96,119.99,120.24,0.01,0
4PQjm418N9E,UC0tmAwhgk_1ATJtFyVHrFxg,2026-08-23 13:17:24,29195,466,22,119.97,120.22,0.03,0
4PbKY1jeXV4,UCnCFD3met1Ip7OngdF9TRDg,2026-07-30 03:12:53,5962,77,21,119.79,120.04,0.04,0
4PmAt7Q-lg4,UCYooECrv-fIXlPaDwEIaveA,2026-08-26 09:01:13,71862,684,109,119.99,120.24,0.01,0
4PprvMvzmtk,UCU0-6z_KU9AShyR9J6gcFGw,2026-08-18 01:24:18,524,4,0,119.85,120.1,0.1,0
4QGRdNlkp38,UChHxLcNi7e0zu-e33HM6v6A,2026-07-27 03:00:29,24946,139,94,119.99,120.24,0.01,0
4Qj5DVrgUao,UCta3D5-EYqO-pduQLxQ8mNQ,2026-08-04 03:00:25,3101,17,2,120.0,120.0,0.0,0
4R9SV8OQmH8,UCa2liSwjQST4AGcg6LFQakQ,2026-08-06 04:30:02,639,3,0,120.0,120.0,0.0,1
4RJPQRuqLY0,UCTUnpbuKoOODvhLhCO_kO_A,2026-07-27 06:00:39,2527,10,0,119.99,120.24,0.01,1
4RL0v2kLzFQ,UCXAXCxTCCYYKsLJNzEvjqfw,2026-08-24 19:39:21,60630,769,212,119.85,120.1,0.1,0
4ROh7-IB3Cc,UC2yOBpLVwB7kzt9C5ZPbB7w,2026-08-14 10:00:09,52208,823,63,120.0,120.0,0.0,1
4RYvzB1MMCY,UCbFLnCfOet-u_kFyA7uX-9Q,2026-08-06 18:28:11,33385,666,124,119.78,120.03,0.03,0
4Ra4a5oyHn0,UCv1tOT645xHOJrwdGlzjMaA,2026-07-20 10:00:34,35881,822,8,119.99,120.24,0.01,1
4RlWX_hY-xg,UCs0LzOveQMLImmmTrMmP2sg,2026-08-22 13:24:55,47776,297,14,119.85,120.1,0.1,0
4RrCsjT72PA,UC6aF-skLT_1X6cdPJxVJXxQ,2026-07-29 02:00:23,55947,1211,133,120.0,120.0,0.0,0
4RtVRAMxjLU,UC1IUMdwaJ22A6FkPiI8dcig,2026-08-26 22:00:18,57746,955,43,119.76,120.01,0.01,1
4RzIjEv4qbc,UCXAXCxTCCYYKsLJNzEvjqfw,2026-07-16 05:46:09,48608,989,331,119.98,120.23,0.02,0
4SDvow2ioDw,UCpcTrCXblq78GZrTUTLWeBw,2026-07-19 17:45:55,2021277,17755,1001,119.99,120.24,0.01,0
4SMVYr05Ggc,UCnCFD3met1Ip7OngdF9TRDg,2026-08-29 06:43:41,54877,235,32,119.79,120.04,0.04,0
4SYnMxBoeaw,UCHeg3ApmuXQbqqszaD1fR9g,2026-07-20 02:00:25,4317,171,17,119.99,120.24,0.01,1
4SlnHFpi6GI,UCV7WE8I_UiAN0fa6Arezx_w,2026-08-18 23:00:11,38,1,0,119.76,120.01,0.01,0
4SlvNSeu-bU,UCJDXc9JWCZo-nLNKr_-L2Ng,2026-07-26 17:30:05,7758,250,22,120.0,120.0,0.0,0
4T-X7ZYkuSE,UCPsZX-D7LW99PjZLA-UysPQ,2026-08-19 03:00:06,443,7,0,119.76,120.01,0.01,0
4Tavtir3XNw,UCBidluUUxzT_5jVOI_2x2MQ,2026-08-28 03:00:34,1232,4,0,120.0,120.0,0.0,1
4Tl4GHXcP5k,UCO94iFhOhtdGb4Ze5DUAtbw,2026-07-21 02:00:06,16917,513,12,120.0,120.0,0.0,1
4U8CsV7flww,UC4VWaR3R17Ruc7j1Cy1-PKQ,2026-08-10 21:45:09,351,5,2,120.0,120.0,0.0,0
4UbOr9qEtiQ,UC_RRZdJk55ShXE-9d3deRUA,2026-08-21 16:47:19,7885,51,4,119.97,120.22,0.03,0
4Uh87axH1dQ,UCBW_PhuXoHk40xF6nO0Q64w,2026-08-03 02:53:14,2679,113,19,119.86,120.12,0.12,0
4UweZZIbF00,UC7hwQp3F6P_OwyRM14p88iQ,2026-07-30 15:42:31,38572,224,4,119.79,120.04,0.04,0
4VHrGgzmC1w,UCJDXc9JWCZo-nLNKr_-L2Ng,2026-08-31 20:00:25,8828,141,7,119.75,120.01,0.01,0
4VOvbMBt26A,UCmcBe97VA2LqVEQUeeZl6Ew,2026-08-16 09:00:19,122983,711,84,120.0,120.0,0.0,0
4VmK7fEjsYY,UCyU5JQ8KVRD9jE4E_xLsHxw,2026-07-29 09:00:28,61,1,0,120.0,120.0,0.0,0
4VtGr8O_6Gc,UCPv0av3PfTUeTnHGgcXkk8w,2026-07-13 17:39:16,7,0,0,119.85,120.1,0.1,0
4VtUqpzaXt8,UCby0vMKcLR05ZdS90aZd5og,2026-07-28 07:19:53,3089,2,4,119.92,120.17,0.08,1
4W07y8dLvys,UCYG8tuvbQzWsDeoADyJFU8Q,2026-07-31 19:14:55,3095,52,6,120.0,120.0,0.0,0
4W2Bby3YKBU,UCCd3jyJmOFzkJEMj5Bp89rw,2026-07-23 19:00:30,3078,141,2,119.99,120.24,0.01,1
4W5Q-MQCOJQ,UCV6mNrW8CrmWtcxWfQXy11g,2026-07-23 10:00:33,154416,4965,71,119.99,120.24,0.01,1
4W5miE-A1QA,UCt15X5eHLwyP8PpNtQTkuDQ,2026-08-21 13:50:54,271943,1988,416,119.91,120.16,0.09,0
4WDwA-1nTfw,UCVZI7eLie2UlZph6aiBRNrw,2026-07-31 10:00:09,209542,1252,292,120.0,120.0,0.0,0
4WYhOE3taEk,UCPGl9DV2WUgaqGVXtVrhJWQ,2026-08-17 15:00:03,1,0,0,120.0,120.0,0.0,0
4Wrbiw1-90g,UCFrKhWvZ8oeJQTNP5ZabgJw,2026-08-12 03:00:08,555002,3776,401,120.0,120.0,0.0,1
4X9RaQ331go,UCvsw3aXHnikw3MVGSwOICxA,2026-07-28 14:00:22,9093,264,35,120.0,120.0,0.0,0
4XCEOBhiuPg,UC-yb5eNBQyXBE9nZnht9u-g,2026-08-13 08:54:28,5907,278,4,119.84,120.1,0.1,1
4XGhtBt_tM8,UCY_vDlvG-BTDRIOk_I9QQ6g,2026-07-28 23:04:11,38305,299,62,119.93,120.18,0.07,0
4XGrx-0MfGg,UCqPN9LAkx20aBWOafwvQB-Q,2026-08-20 23:00:26,49731,2130,110,119.75,120.01,0.01,0
4XcQIMg1CQY,UCGa52d8Qlv3THghuCAt_nXA,2026-07-13 08:30:19,16109,175,17,120.0,120.0,0.0,1
4XiPIgOlMag,UCz5LAkkX66OAW-y_WiWf9vA,2026-08-09 18:25:42,84,1,0,119.82,120.07,0.07,0
4XjUIAuc2-I,UC_9W6Z5Y3lDpLk47Y_y5ITQ,2026-07-24 13:01:58,36402,356,34,119.97,120.22,0.03,0
4Xk9ag6x_6U,UCYooECrv-fIXlPaDwEIaveA,2026-08-05 09:00:18,80040,1570,20,120.0,120.0,0.0,1
4XmGlUbCNSo,UCdQHEqTxcFzjFCrq0o4V7dg,2026-08-05 00:20:38,36412,1921,167,119.91,120.16,0.09,0
4YD9-6nsMew,UCpTNtH8yc1Kdl_YFfsQsTYA,2026-08-28 09:05:00,37195,30,0,119.93,120.18,0.07,0
4YJMkQm782o,UCN5oT4zGJX-_H6pE5isAEeg,2026-08-01 22:00:22,589019,13482,167,120.0,120.0,0.0,1
4YPZOTSr1R8,UCjBPx2oip2bKnnfqKyas0ew,2026-08-19 09:00:36,4439,229,22,120.0,120.0,0.0,1
4YawKyxMs5I,UCYTQCmuFcacJJ_Tad20qqEw,2026-08-03 17:30:05,24786,1361,51,120.0,120.0,0.0,0
4YqpP9S5l44,UC4cKHOBS-nRfKFTwf1n8HGA,2026-08-29 14:57:53,194,,0,119.8,120.05,0.05,0
4YrDhsCX-5s,UCQyZh4b4TLaSVldnDWnh7fA,2026-07-23 11:22:57,2,0,0,119.87,120.12,0.12,0
4YxZY0OSPUw,UC2yOBpLVwB7kzt9C5ZPbB7w,2026-07-26 12:00:01,106426,1372,21,120.0,120.0,0.0,1
4ZEOpXWOfNI,UCD8r5Jgns2V64-NcUmXclpg,2026-08-19 03:15:39,70669,370,40,120.0,120.0,0.0,0
4ZRbT-dffSk,UCPsZX-D7LW99PjZLA-UysPQ,2026-08-10 03:00:33,276,1,3,119.99,120.24,0.01,0
4Z_4yqWGRjQ,UC72PuhDwKtZ5MikpGNhPAtA,2026-08-28 10:23:38,2982364,65918,5319,119.87,120.12,0.12,0
4ZcG3xuw6to,UCJDXc9JWCZo-nLNKr_-L2Ng,2026-08-22 17:00:15,3515,131,6,119.75,120.01,0.01,0
4ZdN_jGhyDs,UChT8p_5ebGSg3rn8qzskP3g,2026-08-22 09:00:03,46865,935,98,119.76,120.01,0.01,0
4ZkxzBzwRSs,UCTNyl3P7q6PNhPddh6d7WJQ,2026-08-27 22:00:37,60621,836,176,120.0,120.0,0.0,0
4_2Nemopphs,UCkd3KAYGnTNPJZZrPOFeWhA,2026-08-04 08:00:02,36074,490,15,120.0,120.0,0.0,0
4_Gq6vpXui8,UCt8CJiye87FMbEwt0npPMuQ,2026-07-16 14:30:09,2890,133,7,120.0,120.0,0.0,0
4_eKVBTJCiE,UC_m_uqd_9s0hZvlgfvCzqbQ,2026-08-23 12:12:19,433,0,0,119.81,120.06,0.06,1
4_tHF77tp2A,UCUt2AEhC-OOC2EPCzj4DkCw,2026-08-24 23:00:03,18890,443,16,119.76,120.01,0.01,1
4a0bKepX3Pw,UC9vz3TBChrJmYbzUo-rqfSg,2026-08-31 00:18:33,159332,870,201,119.95,120.21,0.05,0
4aJ-Y6Olimo,UCZ49HaU_D0Tlf1aDA2jU_Vg,2026-07-22 05:00:14,12600,145,34,120.0,120.0,0.0,0
4aR9wUdD0Sk,UCTVkjiEiaiSbEq0Qwd5XTPA,2026-08-11 15:29:31,413,9,1,119.76,120.01,0.01,0
4aebemaqms0,UCgLFbrC7-g0ihBKB0obVPTg,2026-08-12 13:35:47,459,14,1,119.91,120.16,0.09,0
4akMg34jVbk,UCbYO4SBywZ2oWv1u309oWmQ,2026-07-24 09:10:07,35514,525,22,119.84,120.08,0.08,1
4bCT7H4r1_Q,UC2yOBpLVwB7kzt9C5ZPbB7w,2026-08-04 20:00:18,23353,404,12,120.0,120.0,0.0,1
4bDdE-vwEr0,UCPuD5ZRQWa_JCaY5NokNhtg,2026-08-01 22:31:27,211,9,1,119.98,120.23,0.02,0
4bOVpcRH3W4,UCyZXLzORHoh9QMwA7IwS0pA,2026-07-28 13:35:18,738,10,1,119.91,120.16,0.09,0
4bUOGVub38Q,UCFCt5RYu41HTg4eX1jdHNxw,2026-08-27 22:40:43,4047,29,1,119.83,120.08,0.08,0
4bW7gj99is4,UCO8ToDSM2Gvt3EZdOdosxTw,2026-08-07 05:30:28,4248,96,63,120.0,120.0,0.0,0
4bWFHtvDBII,UCbFLnCfOet-u_kFyA7uX-9Q,2026-08-27 15:00:34,29651,452,21,120.0,120.0,0.0,1
4bd0qqaZ-8A,UCpI-AhCT02iQRGLC2ZcY0Jw,2026-07-21 01:00:02,30520,347,233,120.0,120.0,0.0,0
4bhwebmgdxE,UCl-VnCUwSxDr5zPu-YlDUYw,2026-08-31 08:00:18,13040,229,22,119.76,120.01,0.01,1
4biQBjyP3So,UCApYlKNymyHZ9dlOCImFVBg,2026-08-29 17:04:34,6534,100,4,119.94,120.19,0.06,0
4bm3b5P3Oh4,UCdZNJItzkmKrpwtQ3cxTEVA,2026-08-03 10:25:12,85603,220,22,119.83,120.08,0.08,1
4bvnIHQ9wis,UC2f8VfmEF2_0-rFN4RNHaNg,2026-08-05 13:28:08,36542,637,214,119.78,120.03,0.03,0
4bx4amQfy1g,UCl-VnCUwSxDr5zPu-YlDUYw,2026-07-17 08:00:36,47007,535,30,119.99,120.24,0.01,1
4c4yMVEQ__A,UCZRH94I89Ps7giJYeK6DlWA,2026-08-29 14:30:25,25125,582,7,120.0,120.0,0.0,1
4c6eHfCenjQ,UCd-Ziz8pAMZBWl7juEghsag,2026-08-06 03:00:14,9600,179,46,120.0,120.0,0.0,0
4cM-Tk-v3VI,UCt8CJiye87FMbEwt0npPMuQ,2026-08-04 17:00:28,3582,122,9,120.0,120.0,0.0,0
4cp5YPU4TfM,UCYG8tuvbQzWsDeoADyJFU8Q,2026-08-09 19:04:03,3438,68,2,119.93,120.18,0.07,0
4cs0SAqRF5U,UCPGl9DV2WUgaqGVXtVrhJWQ,2026-07-22 15:00:36,4,0,0,119.99,120.24,0.01,0
4cys6HU3rUg,UC_E_qYfGKM3C0kqrp1p8z7Q,2026-08-10 15:00:07,84,9,0,120.0,120.0,0.0,0
4d9M17UpiXs,UCPGl9DV2WUgaqGVXtVrhJWQ,2026-08-16 15:00:09,1,0,0,120.0,120.0,0.0,0
4dEBlxfR0zU,UCZPBWThSlgWT0DVaxxUEX4A,2026-07-22 12:30:23,82,2,0,120.0,120.0,0.0,0
4dIlJrb_8qM,UCXYNuWjnQRSAXCGl9gv8Ncw,2026-07-28 06:35:46,258149,2980,76,119.91,120.16,0.09,1
4dsn8EensSY,UCtGMgPWJNU2Aj-SNK0zg0Sg,2026-08-04 09:45:14,34758,349,41,120.0,120.0,0.0,1
4duMQRvAItQ,UC60HSePkZwGFzRj6VSDa6Ew,2026-08-02 18:31:32,5935,70,4,119.98,120.23,0.02,0
4dzAwhOK3-A,UCgLFbrC7-g0ihBKB0obVPTg,2026-08-16 13:32:35,235,5,0,119.96,120.21,0.04,0
4e-fAZFfF0M,UC07QfC3yXeYr2SfIL6WXpOw,2026-08-25 14:33:06,4804,46,32,119.96,120.21,0.04,0
4e4yionWGts,UCuaizlkqA5hZ_Dt3kAQkW3g,2026-07-29 08:34:21,4593,27,43,119.93,120.18,0.07,0
4eYL8fdYSMs,UCI6Ro_MOr36re4Bhb7nCY7g,2026-08-02 10:00:37,5902,74,17,119.99,120.24,0.01,0
4eZZIQfKrCM,UC1dG3vI9FfHnH3YgyeKUz_A,2026-08-05 14:00:24,144350,978,168,120.0,120.0,0.0,0
4f-mlcnGEFU,UCRpdlPk671uOMiBtf5HtB3Q,2026-08-17 09:54:22,23631,235,136,119.85,120.1,0.1,0
4f2zN9JM-hY,UC_O4_e0nbsMoU1rg7JU_nwQ,2026-08-10 02:30:39,87157,1398,255,119.99,120.24,0.01,0
4fBTjKz1CLA,UC_9W6Z5Y3lDpLk47Y_y5ITQ,2026-08-21 23:49:16,36322,456,53,119.94,120.19,0.06,0
4fHwzqwBk6s,UCZ-UuK86Bk5sGzQQ2cEglJQ,2026-07-16 08:30:32,78143,1209,35,119.99,120.24,0.01,1
4fN1Cu9WxAM,UCP4LFmTW3VGxXSJ1pIA-tfw,2026-08-13 11:57:21,2,0,0,119.8,120.05,0.05,1
4fZNFt7OPAI,UC5RxNUZ9_c94ZEfJGnJZmTw,2026-08-29 20:27:13,5024,68,5,119.81,120.06,0.06,0
4fbMFraa9mQ,UClvMduw1MDMQ0PuH753-XSA,2026-08-05 00:38:41,3260,104,0,119.86,120.11,0.11,0
4fnolFL3Opc,UCYM01qjjE_hmqFQAmOo-lNg,2026-07-27 14:29:43,697,6,0,119.76,120.01,0.01,0
4fyO8r_NzBY,UCtKNP4UGUA1ybxJJcTC_GFA,2026-08-04 12:14:58,3127,20,9,120.0,120.0,0.0,0
4g-fFg19MiY,UCjUnlBpn0Z1L450g79fniRg,2026-07-27 23:00:25,1021,4,0,120.0,120.0,0.0,0
4g3ZcfOgj04,UCqjUPx-UAFHVvthd71bY7_g,2026-08-31 08:00:39,9923,33,32,120.0,120.0,0.0,0
4g7oUa6fjnM,UCV6mNrW8CrmWtcxWfQXy11g,2026-08-20 16:00:27,11217,504,18,120.0,120.0,0.0,1
4g8iu1rxah8,UCt8CJiye87FMbEwt0npPMuQ,2026-08-13 16:00:16,18458,1186,79,120.0,120.0,0.0,0
4gDP4hIUxmU,UC_m_uqd_9s0hZvlgfvCzqbQ,2026-07-24 07:51:45,305,2,0,119.89,120.14,0.11,1
4gNlj6P8FM0,UCrfB1-zWijAYkgfZW7Ehc8Q,2026-07-15 19:54:24,117585,3990,532,119.85,120.1,0.1,0
4gPVxwlOFU0,UCPuD5ZRQWa_JCaY5NokNhtg,2026-08-23 09:38:15,501,6,4,119.87,120.12,0.12,0
4ges_EP6IBM,UCyiKhng8Mr3xlm-rgec6mWQ,2026-08-09 11:11:38,24,1,0,119.81,120.06,0.06,0
4ghjBj8Sn_o,UCYGF_xk5RDpltyZDSx040uw,2026-07-30 08:52:00,110702,1037,36,119.89,120.14,0.11,1
4glxbevZfNI,UCby0vMKcLR05ZdS90aZd5og,2026-08-26 02:44:09,2360,5,2,119.78,120.03,0.03,1
4gzOXJw1cWc,UC699Y51pMl0wWLPA4atcZjQ,2026-07-14 08:30:06,14014,308,75,120.0,120.0,0.0,0
4h4CZ6OENRE,UC-2JsFNClcIesgd7UmtGnpw,2026-07-18 02:00:00,3085,124,21,120.0,120.0,0.0,0
4h6jlXKAsJ8,UCDmmbxGg8g-EBkC_ku6vybg,2026-08-12 10:30:18,4327,104,2,120.0,120.0,0.0,0
4h8n2uku_g4,UC_m_uqd_9s0hZvlgfvCzqbQ,2026-08-04 11:18:11,868,2,0,119.95,120.2,0.05,1
4hE8uQPmjew,UChfs1dQ5phBDBWZJ1hHLbUA,2026-07-23 09:15:32,50632,529,73,119.99,120.24,0.01,0
4i22JS-Nedg,UC4VWaR3R17Ruc7j1Cy1-PKQ,2026-07-17 10:08:12,7366,80,45,119.86,120.11,0.11,0
4i2zu8dPP7k,UCw1DsweY9b2AKGjV4kGJP1A,2026-08-03 09:45:16,80877,214,2,120.0,120.0,0.0,1
4i8L37PE6uA,UCQ5KMP03ifjJ8mDeyjWeZ7g,2026-08-16 10:15:35,1987,28,4,119.99,120.24,0.01,0
4iBCx10nDhc,UCMo4MnhHhSDkiUIXS6dytTQ,2026-08-11 07:00:19,14863,284,44,120.0,120.0,0.0,0
4iESBm0fe_Y,UCSfhr4gDPFsKuwdmTOWp2jw,2026-07-21 09:35:23,16,1,0,119.91,120.16,0.09,0
4iLBNwr--v4,UCxPMcxq7WJ32M3lnFn58Cpg,2026-07-23 11:28:10,8785,21,20,119.78,120.03,0.03,1
4iLRJNAGkdw,UCIzbqIyEUxtFLYh_sCDoXpw,2026-08-01 04:12:02,519365,3680,88,119.8,120.05,0.05,1
4iNAAbb2DxM,UCV7WE8I_UiAN0fa6Arezx_w,2026-08-16 16:00:09,60,0,0,120.0,120.0,0.0,0
4iVPEr6TJMU,UC0aKwoKNeqBaUwiEXmkQaGQ,2026-08-22 10:30:14,31500,311,116,119.76,120.01,0.01,0
4igmmENTVkc,UC8a9-ubjMyQkDH9Jr8EX0JQ,2026-07-14 10:41:13,102,3,0,119.81,120.06,0.06,0
4ihGgaDRLzg,UCAl4HWznMn7KhKBRFO5eiFA,2026-08-08 13:06:14,1449,3,0,119.9,120.15,0.1,0
4ij2Hg-fe3Q,UCz4b1O9sT73P8DWwx6OvQwg,2026-08-25 07:00:21,6528,797,709,119.76,120.01,0.01,0
4ilz_R6pRJk,UC14G5tdSndPhP47RTVgMXcg,2026-08-14 00:09:44,1090,36,11,119.84,120.09,0.09,0
4ioFc8ssN_Y,UCEcRvF_6IRSux8FO-ogFZug,2026-08-10 03:00:08,14360,742,40,120.0,120.0,0.0,0
4iz-6_ZOxOw,UCF-rFAdN7dzd-SI2T3rkCaQ,2026-08-24 11:06:57,24458,325,89,119.9,120.14,0.1,0
4j2NhNW25To,UCDLDbittWhk2KXvaCT0YpZQ,2026-07-31 14:13:32,24185,945,181,119.78,120.03,0.03,0
4j6XkIzdUI0,UC2U8C7lmbQpfBeAW8fTP_jg,2026-08-12 08:19:13,39508,752,34,119.93,120.18,0.07,0
4jEa6vrg4c8,UCKC4R6B8bTLIKH1V9PyD7Iw,2026-08-08 05:00:27,80367,650,3,120.0,120.0,0.0,1
4jFQb86Gcd4,UCab17MxxnFtAhGsJVTkSkCg,2026-07-29 14:04:33,650,17,1,119.93,120.18,0.07,0
4jU19yBO1io,UCgLFbrC7-g0ihBKB0obVPTg,2026-07-22 15:49:35,0,0,0,119.93,120.18,0.07,0
4jXdzTJTffo,UCooLkG0FfrkPBQsSuC95L6w,2026-08-24 15:00:22,8875,100,110,119.76,120.01,0.01,0
4jnW7ZSOVFM,UCkd3KAYGnTNPJZZrPOFeWhA,2026-08-31 04:20:50,29325,28,15,119.92,120.17,0.08,0
4k4E4VbCuk0,UCpcTrCXblq78GZrTUTLWeBw,2026-07-17 15:30:07,23328,383,70,120.0,120.0,0.0,0
4k6q6sRgsyY,UC4oe-OVZ2Ho-03yrMkrXomQ,2026-08-06 07:00:23,205007,4249,269,120.0,120.0,0.0,1
4kGJ1j4jSkM,UCarBV0zWlC2k-HteyeKqfag,2026-08-05 16:09:51,13265,105,0,119.84,120.09,0.09,0
4kKQphknDMk,UC59jWhPazXYi8Ny4vake45A,2026-07-25 11:42:07,48468,1118,10,119.8,120.05,0.05,1
4kfcnbzv9qo,UC141BuVRzSSXJX33Am9yxEA,2026-07-20 08:30:33,28124,671,162,119.99,120.24,0.01,0
4l1ANR6eDmM,UCc1VJX_5Z2RdGi58XU4IfbA,2026-08-10 13:53:44,85846,482,3,119.86,120.11,0.11,0
4l8lFWWZaAY,UCNrQ0VbdprXAur6OZKexjEw,2026-08-07 08:00:00,35807,553,92,120.0,120.0,0.0,0
4lAppf3xHLU,UCvPGGL-OTEAQlwAUxbcJO8g,2026-07-21 08:17:11,209075,2061,97,119.97,120.22,0.03,0
4lHjsYNJAYo,UCV7WE8I_UiAN0fa6Arezx_w,2026-08-22 20:00:10,15,0,0,119.76,120.01,0.01,0
4lNr5zSYKRg,UCpcTrCXblq78GZrTUTLWeBw,2026-08-16 05:30:38,62990,575,31,119.99,120.24,0.01,0
4lODMv38dgA,UCpwGBltfwjd_fIzp5cb5R0w,2026-08-11 12:30:12,1219168,13623,235,120.0,120.0,0.0,1
4lRrMAvHBC8,UCmnCuNh2owRLP48nnS3pe2w,2026-08-25 20:41:39,30,0,0,119.82,120.07,0.07,0
4lVONmxfrAk,UCPsZX-D7LW99PjZLA-UysPQ,2026-08-08 12:00:25,370,5,0,120.0,120.0,0.0,0
4lYh-vPx5SI,UCKttwyzsHvW7bCo7YfTacVQ,2026-08-09 19:50:37,1300,21,1,119.91,120.16,0.09,0
4lcWfbBAy8o,UCD8r5Jgns2V64-NcUmXclpg,2026-07-27 03:15:39,85532,438,54,119.99,120.24,0.01,0
4lv447mJsgQ,UC46X_E7jxvJ1O_3gnaeCxeg,2026-07-29 02:52:52,121960,903,55,119.87,120.12,0.12,0
4lv5Jo8eOwg,UCwBkHOTyu57NQi0syf5MLig,2026-08-07 11:56:52,83535,527,127,119.81,120.06,0.06,0
4m0kdK190x8,UCV6mNrW8CrmWtcxWfQXy11g,2026-08-14 08:00:33,25314,2404,75,119.99,120.25,0.01,1
4mO4wyxBFQU,UCMAfHuocszM6UTORPwUmeNw,2026-08-05 15:37:55,11489,256,2,119.87,120.12,0.12,0
4mxXWv2Yf3E,UC-okJdotaXPlzivRzHFqzuA,2026-07-29 16:04:04,101965,2324,0,119.93,120.18,0.07,0
4n4Ui7GvJjE,UCcgkgKhXT6QwdGj9Nr8PBcg,2026-07-12 08:58:56,91032,572,11,119.77,120.02,0.02,0
4nAIaMSAtRc,UCN8L7Z-dyzu9FzT39RM0fvw,2026-08-03 01:37:46,14355,143,90,119.87,120.12,0.12,0
4nDkN1s_vyg,UCPGl9DV2WUgaqGVXtVrhJWQ,2026-07-24 15:00:12,79,0,0,120.0,120.0,0.0,0
4nG5xPkffaA,UCirJgPv8RtFaFMj39b6cD8Q,2026-08-06 09:00:23,21996,97,0,120.0,120.0,0.0,1
4nHLybkbfLs,UC2yOBpLVwB7kzt9C5ZPbB7w,2026-08-17 20:00:08,56411,838,23,120.0,120.0,0.0,1
4nJnNG--Kh8,UCV7WE8I_UiAN0fa6Arezx_w,2026-08-13 11:00:14,35,0,1,120.0,120.0,0.0,0
4nT67M1osy4,UC6YKLXN1w8pyqFwCO0UJ9sw,2026-08-19 07:00:22,251111,6596,146,119.76,120.01,0.01,1
4nk3vbGSkKM,UCj5Y6sl23ln9PL6OiDTL7Gg,2026-08-18 20:00:33,524,28,1,120.0,120.0,0.0,0
4nuSZc8gE0s,UCXb8sP7slkJyunTEAsP-CiQ,2026-08-28 06:51:27,68344,530,114,119.9,120.16,0.1,0
4oASh2MD7KA,UCyz5WVrb-cz3myY04x_kVYw,2026-08-12 17:12:41,814,33,2,119.79,120.04,0.04,0
4oBzAS7WRzQ,UC0FUMakBJHsRrfKCGQuWnRA,2026-07-26 12:01:38,69217,992,521,119.97,120.22,0.03,0
4oOrWFR_moY,UC-2JsFNClcIesgd7UmtGnpw,2026-08-02 02:00:18,98137,2727,83,120.0,120.0,0.0,1
4oQ2hGlhqoU,UCv1tOT645xHOJrwdGlzjMaA,2026-07-16 06:11:01,5457,27,3,119.82,120.07,0.07,0
4obE7ohLCVY,UCawK5EIfr66Z7fjAlZgfB2g,2026-08-08 08:00:09,24823,,18,120.0,120.0,0.0,0
4ocrlyfGAj0,UCw-JzmPsjRcbzJLncr4pIIA,2026-08-28 12:45:23,368911,2735,181,119.76,120.01,0.01,0
4og4BZVuGOg,UCsRiYH-VrZ2mYsohk7GhLdQ,2026-08-18 09:00:15,31460,302,23,119.76,120.01,0.01,0
4omAia2OU-g,UCpX86JOUhnrzG7MK8e8Gjbw,2026-07-30 10:18:13,62427,369,189,119.95,120.2,0.05,0
4ouwAASsSNM,UC4VWaR3R17Ruc7j1Cy1-PKQ,2026-08-06 10:07:56,65,0,0,119.62,120.12,0.12,0
4p968XpVMY0,UC-8S20Ll1gzPiu_YY8BgyaQ,2026-08-24 13:07:46,70382,457,56,119.88,120.13,0.12,0
4pD1zSXIxg8,UCAVR6Q0YgYa8xwz8rdg9Mrg,2026-08-06 04:02:11,143066,5831,99,119.97,120.22,0.03,1
4pIc5n4kjsE,UCpI-AhCT02iQRGLC2ZcY0Jw,2026-07-31 09:00:26,30665,318,284,120.0,120.0,0.0,0
4pLfOWj1wLo,UCta3D5-EYqO-pduQLxQ8mNQ,2026-08-18 06:00:10,2303,9,4,119.76,120.01,0.01,0
4pZf6tH-9qc,UC59jWhPazXYi8Ny4vake45A,2026-07-28 10:15:15,94260,1850,28,120.0,120.0,0.0,1
4pbPtB4bNbY,UCQDGJQe8X9tbk_i8Na3VVXg,2026-07-31 07:29:34,187,10,0,119.76,120.01,0.01,0
3cFv2RdGtzk,UCg5Ew4lj74r_ohbc4AeQj1w,2026-08-19 10:09:07,7604,246,54,119.86,120.11,0.11,0
3cI5kozfOSM,UC4VWaR3R17Ruc7j1Cy1-PKQ,2026-08-07 12:49:55,442,0,0,119.92,120.17,0.08,1
3cQZ-PcfCco,UCSl8TBqqflby-ymdEQVfRNQ,2026-08-07 14:38:17,19496,333,100,119.86,120.11,0.11,0
3cZG5PDFUEU,UCgsKeCRaBGH6JlnH6VO_7OA,2026-08-25 18:43:01,21,1,0,119.79,120.04,0.04,0
3cj-97ma3zU,UCpn9dP1b5BhBsU9SduEz1hA,2026-08-11 16:33:04,19546,260,22,119.95,120.2,0.05,1
3czdnBc4SL0,UCarBV0zWlC2k-HteyeKqfag,2026-08-04 16:59:21,20415,102,0,119.76,120.01,0.01,0
3d9h5lyQDcg,UCVqmxk6oNOHj9RFVo4uP_lw,2026-07-28 23:00:26,29156,1445,360,119.99,120.24,0.01,1
3dRSC5a0Omg,UCyz5WVrb-cz3myY04x_kVYw,2026-07-24 17:14:27,2846,38,0,119.76,120.01,0.01,0
3dSCLUR0OnY,UCPGl9DV2WUgaqGVXtVrhJWQ,2026-08-06 15:00:14,3,0,0,120.0,120.0,0.0,0
3dUHCVJzJrM,UC6YKLXN1w8pyqFwCO0UJ9sw,2026-08-06 01:59:42,134488,2978,56,119.76,120.01,0.01,1
3djje1rZ5Q4,UCTUnpbuKoOODvhLhCO_kO_A,2026-08-27 08:00:22,2676,21,5,119.76,120.01,0.01,0
3e-kuLt6D1A,UCJmnOEp1-OITEU0mk4icM5A,2026-08-17 03:00:35,16948,128,6,119.99,120.24,0.01,1
3e0tk1QR9es,UC6YqXiwCBfPvPTs3wXgWElQ,2026-07-27 09:28:59,45931,189,13,119.77,120.02,0.02,0
3e61usSIr2g,UCwBkHOTyu57NQi0syf5MLig,2026-07-25 02:00:25,221605,977,38,120.0,120.0,0.0,1
3e7P6C2fRGg,UC8x8GQmlxAIhHxzU61z0uLQ,2026-08-29 00:31:09,6171,18,2,119.99,120.24,0.01,1
3eBdR0CxvqU,UC_m_uqd_9s0hZvlgfvCzqbQ,2026-08-25 08:35:20,977,1,1,119.92,120.17,0.08,1
3eJ6HxhqGWU,UCxpXguPL_B5pz7Gq8ozfwlA,2026-08-15 17:42:27,10357,42,0,119.8,120.05,0.05,0
3eLi7A4mRP8,UC4VWaR3R17Ruc7j1Cy1-PKQ,2026-07-12 16:55:10,2528,18,4,119.83,120.08,0.08,0
3e_CU4zkkYM,UCOwgg4IVhPQtq6qtxEeX3XA,2026-07-30 08:45:18,650,0,1,120.0,120.0,0.0,0
3eamFlEiOik,UCaN1Qp37sHiCdQuSaXa3fVw,2026-08-24 06:00:05,304541,,93,119.76,120.01,0.01,1
3edWO6Edrno,UCBS4sjbGJIcclT-Y6i_Jzkg,2026-08-02 20:28:49,8975,316,7,119.77,120.02,0.02,1
3einKuhm4YE,UCv0cBz_Vdmd84xYl7gKWwQA,2026-07-28 17:00:28,1921,27,1,120.0,120.0,0.0,1
3eyt003Kdaw,UCcum1rCJ5GJeQ_xv0xrohqg,2026-08-14 10:00:32,20017,1242,31,119.99,120.24,0.01,1
3f-Sy6wjGB4,UCPGl9DV2WUgaqGVXtVrhJWQ,2026-08-09 10:52:38,6,0,0,119.88,120.12,0.12,0
3fNyAR4es_Q,UCd9oeoY-jLSkhd-J5y_1aYg,2026-08-05 11:13:08,375,5,0,119.78,120.03,0.03,0
3fXz8hc6wYY,UCqEoc6yuYRg5CFG4NIG8euQ,2026-08-04 06:37:40,10914,129,31,119.88,120.13,0.12,0
3ff2XnAjDhE,UCb5NLtXAsTBrmaZVhyFa-Wg,2026-07-22 13:30:31,109045,534,36,120.0,120.0,0.0,1
3fhtCujnCDo,UC6YqXiwCBfPvPTs3wXgWElQ,2026-08-05 08:05:27,14523,107,3,119.91,120.17,0.09,0
3fl05fQXBjU,UCN8YcyYvYIrtLcwyT-KqbNg,2026-08-08 08:00:06,10877,62,42,120.0,120.0,0.0,0
3fqwUJv_BL0,UCaMV-CjrWYh2Aefg_8iLwJQ,2026-08-10 09:30:04,45626,263,47,120.0,120.0,0.0,0
3g1KN_QMvD0,UCAhmOb9JWkI2HV_KIe9X_3A,2026-08-31 04:01:20,195820,1049,215,119.99,120.24,0.01,1
3g6-GYX65eY,UCMswODzU1ZjjrLyUk7NfwPA,2026-08-31 08:23:45,62980,666,19,119.87,120.12,0.12,1
3gJKkKIROb8,UC8a9-ubjMyQkDH9Jr8EX0JQ,2026-07-16 14:20:15,64,1,2,119.91,120.16,0.09,0
3gMou2bspJU,UCZPBWThSlgWT0DVaxxUEX4A,2026-08-03 21:58:29,173,7,2,119.78,120.03,0.03,0
3gOY6P6aS3I,UC-FiQR2gg8oiNw98ZdsSX6Q,2026-07-31 04:00:36,1395,7,0,119.99,120.24,0.01,0
3gfKBJpQdRA,UCj7wKA4vwdzMP35lO5CCwgQ,2026-08-30 12:02:47,5692,125,2,119.97,120.22,0.03,0
3gw7-vbUD-o,UC7hwQp3F6P_OwyRM14p88iQ,2026-08-30 00:44:45,3810,17,1,119.77,120.02,0.02,0
3h3VduT8qm4,UCS2OAdHoLt-9T6cG9A2H49Q,2026-07-24 09:00:31,22208,107,6,119.99,120.24,0.01,1
3h8vaVS7psA,UCJmnOEp1-OITEU0mk4icM5A,2026-08-23 04:56:11,90003,771,173,119.83,120.08,0.08,0
3hFckM5vPXE,UC1Il94cQwl93Zun8ax1Qjlw,2026-08-25 20:25:08,2517,8,0,119.84,120.09,0.09,0
3hL_cz3qTWg,UCY_vDlvG-BTDRIOk_I9QQ6g,2026-08-10 15:37:28,4430,51,5,119.88,120.13,0.12,0
3hLt7VZdJRA,UCt8CJiye87FMbEwt0npPMuQ,2026-07-30 14:30:31,2885,150,8,119.99,120.24,0.01,1
3hVMEp948x4,UCKY2DOkLOyPLlvGHI3XQw0Q,2026-07-13 08:08:09,411,2,1,119.87,120.12,0.12,1
3hWylo8pj_A,UCyoKcrOcBEY4rmLYkDuXErA,2026-07-16 13:00:40,100334,1871,177,119.99,120.24,0.01,0
3hctvjO1SXU,UCVqmxk6oNOHj9RFVo4uP_lw,2026-08-27 04:00:39,23693,470,11,120.0,120.0,0.0,1
3hqp8P27nnc,UCoH2pCzAr6zWDG-LtUiLWRw,2026-07-20 22:00:07,23283,315,44,120.0,120.0,0.0,0
3htUwK0q7t4,UCV6mNrW8CrmWtcxWfQXy11g,2026-08-11 10:00:09,264767,17426,161,120.0,120.0,0.0,0
3hxhdQCDcK0,UCPGl9DV2WUgaqGVXtVrhJWQ,2026-08-31 14:12:03,4,0,0,119.81,120.06,0.06,0
3i6M0vxvNCo,UCby0vMKcLR05ZdS90aZd5og,2026-08-07 02:23:55,2542,4,0,119.85,120.1,0.1,1
3i7yNorGVTY,UC6JB_a6rD1lZ_aZgQvORfrQ,2026-07-14 15:41:16,718,24,0,119.81,120.06,0.06,0
3iQ6Werxl3Q,UCI3DTtB-a3fJPjKtQ5kYHfA,2026-08-28 00:02:05,3005,12,1,119.98,120.23,0.02,0
3iQoGvhlzIQ,UCcJliZnsRbNw4I4uWSGq_wA,2026-08-06 12:21:36,460,1,0,119.89,120.14,0.11,0
3iUx6Q2n4Aw,UC2NFRq9s2neD_Ml0tPhNC2Q,2026-07-22 07:50:26,37034,677,9,119.91,120.16,0.09,0
3iXj3YKsaZk,UCdK9h1ILxS49c2LguBUY3rw,2026-08-05 11:30:06,10,2,0,120.0,120.0,0.0,0
3ifp8O3Xe8M,UCby0vMKcLR05ZdS90aZd5og,2026-08-03 10:04:16,512,5,0,119.93,120.18,0.07,0
3imNYd8nVOE,UCOTJtP0Z9DjpPU43B5m1V6A,2026-08-13 14:20:51,54544,538,9,119.9,120.15,0.1,0
3itfYx25Hw4,UCGa52d8Qlv3THghuCAt_nXA,2026-08-12 08:30:03,4488,72,14,120.0,120.0,0.0,0
3iyrDWtCJEM,UC1dG3vI9FfHnH3YgyeKUz_A,2026-07-10 14:30:25,219822,1076,209,119.99,120.24,0.01,0
3jCQKR50Udw,UCAl4HWznMn7KhKBRFO5eiFA,2026-08-08 12:04:09,10506,89,1,119.93,120.18,0.07,1
3jXeMEqEFmE,UCpTNtH8yc1Kdl_YFfsQsTYA,2026-07-30 10:00:17,234,3,1,120.0,120.0,0.0,0
3ja4waHcHpM,UC8FErYSi74YwGUAoTpjvgzQ,2026-08-29 05:00:10,20967,225,75,119.76,120.02,0.02,0
3jgMmT4JWRU,UCGa52d8Qlv3THghuCAt_nXA,2026-07-21 08:30:19,33707,241,8,120.0,120.0,0.0,1
3jwHpkp2cC4,UCgLFbrC7-g0ihBKB0obVPTg,2026-08-06 14:04:19,55,1,0,119.93,120.18,0.07,0
3jzJkYZ7X_0,UCTVkjiEiaiSbEq0Qwd5XTPA,2026-08-10 12:47:41,601,19,2,119.96,120.21,0.04,0
3k5RZOC8U4k,UCO8ToDSM2Gvt3EZdOdosxTw,2026-07-11 07:15:21,57605,587,38,120.0,120.0,0.0,1
3kIVFqiDJds,UCab17MxxnFtAhGsJVTkSkCg,2026-07-22 06:03:42,1533,26,3,119.94,120.19,0.06,0
3kipFBfcQNc,UCqVZTizoA2wQKOj_xaDt10Q,2026-07-26 11:45:57,228,3,0,119.99,120.24,0.01,1
3kzHDUR0oMQ,UC5RxNUZ9_c94ZEfJGnJZmTw,2026-08-01 12:00:23,3589,158,34,120.0,120.0,0.0,0
3lJRqetgu24,UCPGl9DV2WUgaqGVXtVrhJWQ,2026-07-11 14:16:36,5,0,0,119.97,120.23,0.03,0
3lMIuCc5Lq8,UCPGl9DV2WUgaqGVXtVrhJWQ,2026-08-07 13:54:12,4,0,0,119.85,120.1,0.1,0
3lOFtGBhS5o,UCJDXc9JWCZo-nLNKr_-L2Ng,2026-08-31 14:00:30,3860,89,9,119.75,120.01,0.01,0
3laVmqCHKIg,UCV7WE8I_UiAN0fa6Arezx_w,2026-08-03 20:00:39,54,0,0,119.99,120.24,0.01,0
3lkNuEWu5QQ,UCBtJuwDt6LlXp2YASC-ZMdA,2026-07-25 14:40:28,1389,34,5,119.83,120.08,0.08,0
3lwb25SBBQ8,UC6JB_a6rD1lZ_aZgQvORfrQ,2026-08-21 21:42:19,1837,40,2,119.81,120.06,0.06,0
3m0C84O0y8U,UC-FiQR2gg8oiNw98ZdsSX6Q,2026-08-15 05:00:21,1136,6,0,120.0,120.0,0.0,1
3m2yoL4u2Cg,UCcstDLbuhxEbFKkPZ6wST2A,2026-08-21 09:00:15,7480,40,16,119.76,120.01,0.01,0
3mH3Y_6Fwuc,UChHxLcNi7e0zu-e33HM6v6A,2026-08-23 06:37:39,2225,58,19,119.88,120.13,0.12,0
3mKTqOlJ3z8,UCab17MxxnFtAhGsJVTkSkCg,2026-08-08 10:22:57,708,9,0,119.87,120.12,0.12,0
3mNg3x8BNw4,UCNNR1-x2NhZARsNGnQlh2sQ,2026-08-14 04:15:33,100026,356,138,119.99,120.24,0.01,0
3mOot1vLP38,UCV6mNrW8CrmWtcxWfQXy11g,2026-08-09 04:00:28,134128,5300,119,120.0,120.0,0.0,1
3mQF8Es4YOc,UCrKSaegnzewdj9-YLsUhoZw,2026-07-29 05:23:34,32312,190,95,119.86,120.11,0.11,0
3n7qZD6UUbU,UCBidluUUxzT_5jVOI_2x2MQ,2026-08-21 08:00:21,396,3,0,119.76,120.01,0.01,0
3nHODirJbK4,UCdK9h1ILxS49c2LguBUY3rw,2026-07-22 12:00:13,5,2,0,120.0,120.0,0.0,0
3nIdebqzIZ8,UC2yOBpLVwB7kzt9C5ZPbB7w,2026-08-06 04:00:19,90329,1449,83,120.0,120.0,0.0,1
3nKnKteJuiY,UCms8Ge7H1ZGgw6nV94fUhUQ,2026-08-21 09:00:30,12556,256,20,120.0,120.0,0.0,1
3nPlAIBjy1g,UCBtJuwDt6LlXp2YASC-ZMdA,2026-08-14 10:00:20,302,2,0,120.0,120.0,0.0,1
3nRTWOmK5dY,UCKrprPfevcAZpPuRnCO6xOA,2026-08-21 14:55:37,57,0,0,119.83,120.08,0.08,0
3n_Gh1YcIwo,UCDnIK80iouL_rb_J6GybOlg,2026-08-30 07:57:35,5,0,0,119.8,120.06,0.06,0
3nj5QbwoyMo,UCab17MxxnFtAhGsJVTkSkCg,2026-08-26 16:19:49,3644,49,1,119.93,120.18,0.07,0
3nqJdXlsYq4,UC2NFRq9s2neD_Ml0tPhNC2Q,2026-08-08 02:30:29,1835790,18285,76,119.99,120.24,0.01,1
3nsHNP8_TB8,UCw55Gv3z7xgtG34fOP1-Aiw,2026-07-23 06:27:41,4810,18,1,119.79,120.05,0.05,1
3o-WhYYtowA,UCTVkjiEiaiSbEq0Qwd5XTPA,2026-08-27 14:11:33,18082,649,26,119.82,120.07,0.07,0
3o1TFixS1u0,UCOKQpmfKrtu7Nu719CVSw1A,2026-08-12 10:07:26,533,8,0,119.88,120.13,0.12,1
3oI7CGUZtFE,UCApYlKNymyHZ9dlOCImFVBg,2026-08-26 15:26:58,2461,86,2,119.81,120.06,0.06,0
3oY7S6ChImE,UC9jOsXFn3RwXEW3qUyySjAQ,2026-08-02 21:13:22,282,6,0,119.78,120.03,0.03,0
3o_xKpoY8m4,UCifCesg-EUkjKyQedaB3hRg,2026-08-31 01:59:34,24033,431,4,119.77,120.02,0.02,1
3oc3HlgOZ0U,UCYxwKnNRv4FurQxeKcuR0Sw,2026-08-10 13:57:33,24,3,0,119.79,120.04,0.04,0
3oo0-J0GIyg,UCrKSaegnzewdj9-YLsUhoZw,2026-08-13 23:41:26,6922,40,26,119.81,120.06,0.06,0
3oovM8_YKYs,UCZCZHg_oJiHcrcj2vaPRCag,2026-07-22 09:00:16,31,0,0,120.0,120.0,0.0,0
3ot9MbefStk,UC8CIM3d3zDYMk-3T5aAz0yw,2026-07-22 07:28:08,690535,11270,362,119.78,120.03,0.03,0
3p3NGdAZfSU,UCvsw3aXHnikw3MVGSwOICxA,2026-08-26 14:00:24,20479,262,71,119.76,120.01,0.01,0
3pBLCnQ7OHU,UCpwGBltfwjd_fIzp5cb5R0w,2026-08-27 00:30:04,91079,2080,245,119.76,120.01,0.01,1
3piWWdmXZws,UCbvvdVOF0teLO-U6GWh1RKg,2026-08-22 09:00:29,3092,37,5,120.0,120.0,0.0,0
3pkTmMlIbZg,UC2yOBpLVwB7kzt9C5ZPbB7w,2026-08-27 10:00:14,263023,4521,136,119.76,120.01,0.01,1
3pliVB1j2aA,UCpTNtH8yc1Kdl_YFfsQsTYA,2026-08-04 11:42:10,31104,72,0,119.8,120.05,0.05,0
3pnlJo00CNo,UCV6mNrW8CrmWtcxWfQXy11g,2026-08-08 13:00:16,34553,1138,31,120.0,120.0,0.0,1
3ppYVupgo0w,UCS-X1uBDTNwAYyydiXjcX9A,2026-07-29 03:00:00,1248,15,0,120.0,120.0,0.0,1
3pqDEwap5uE,UC-Pn1i_ot4qmG4l7wMZPvyw,2026-08-13 09:15:23,5109,108,13,120.0,120.0,0.0,0
3qH125OK6eI,UCby0vMKcLR05ZdS90aZd5og,2026-08-15 12:50:08,1980,6,0,119.92,120.17,0.08,1
3qKGcEfVhbo,UCqVkQsNin4MdGFrWvzFVOKw,2026-08-06 03:36:04,18667,72,2,119.9,120.15,0.1,1
3qM81IKC5P4,UCcgkgKhXT6QwdGj9Nr8PBcg,2026-08-22 11:41:28,340560,1659,159,119.82,120.07,0.07,0
3qNPFw2j0pc,UCrR_fhiJjoW8OJFzUcmlMMA,2026-08-13 07:30:30,5197,58,12,120.0,120.0,0.0,0
3qesO9XC0yg,UCybfHuHkJRzGDymek2Dsqvw,2026-08-05 11:00:37,41841,775,185,119.99,120.24,0.01,0
3qhlxGzm7SI,UCEcRvF_6IRSux8FO-ogFZug,2026-07-29 08:00:30,22260,1837,170,120.0,120.0,0.0,1
3r5vCT2-YGk,UCgLFbrC7-g0ihBKB0obVPTg,2026-08-09 15:07:02,132,6,0,119.89,120.14,0.11,0
3raUpksUwM4,UCPGl9DV2WUgaqGVXtVrhJWQ,2026-08-28 15:00:34,14,0,0,120.0,120.0,0.0,0
3rfc1Xo9tK8,UCrY2B2XX41ReYh9DIWrFfCg,2026-07-13 10:00:36,2923,,5,119.99,120.24,0.01,0
3rgXkNju6FI,UCnhGcri8x6xhehanhAe9ipw,2026-07-30 12:29:57,35253,375,36,120.0,120.0,0.0,0
3rkU3qgMrKE,UCEg24oF81p-THPtp3otdmTA,2026-07-30 09:00:13,83282,1475,92,120.0,120.0,0.0,0
3rnX2h55kic,UCXu_CcxBZA5S_iG33OzA9PQ,2026-08-09 11:15:23,26333,296,13,120.0,120.0,0.0,1
3rwbuSO6WTw,UCO8ToDSM2Gvt3EZdOdosxTw,2026-07-20 09:00:07,155966,3361,117,120.0,120.0,0.0,0
3sCx3f01YqM,UCdQHEqTxcFzjFCrq0o4V7dg,2026-08-24 00:30:24,26363,1598,162,120.0,120.0,0.0,0
3sOprLKUpdc,UCTizVc_OD9jdhWZOnrQnUeQ,2026-07-28 02:13:35,36456,598,63,119.78,120.03,0.03,1
3t4PNGTwOAg,UC86GXx7Ap-Cahlb0r0xT-ZQ,2026-08-12 12:00:17,5151,50,3,120.0,120.0,0.0,0
3t6GCuU7Kn8,UCp6n8d8Y8r3MwKNw_MMaouQ,2026-07-25 19:13:22,950,15,0,119.78,120.03,0.03,0
3t9lhYlkpgI,UCV7WE8I_UiAN0fa6Arezx_w,2026-07-29 01:00:32,65,0,0,119.99,120.24,0.01,0
3tCQe9xWA0M,UCV7WE8I_UiAN0fa6Arezx_w,2026-08-25 06:00:38,21,0,0,120.0,120.0,0.0,0
3tC_iCPDKYE,UCXu_CcxBZA5S_iG33OzA9PQ,2026-08-31 22:27:29,2018,15,0,119.8,120.05,0.05,0
3tFCfxvU0cU,UCqyzJW0VRYRP_sFELZYdxGg,2026-08-14 13:21:46,10717,76,11,119.89,120.14,0.11,1
3tJ-lo-nRro,UCpCBP5cVIBvezPI1LKFMYjA,2026-08-28 12:00:02,21460,580,21,119.76,120.01,0.01,1
3tfYrhsDyLU,UCei_ecYpQqFjYhjLaDPr2Lw,2026-07-30 02:37:10,71,4,0,119.88,120.13,0.12,0
3tq_w7ZtCyo,UC_9W6Z5Y3lDpLk47Y_y5ITQ,2026-08-03 02:50:30,62091,609,65,119.91,120.16,0.09,0
3tth-Z87lyY,UCYooECrv-fIXlPaDwEIaveA,2026-08-15 09:00:08,53396,854,9,120.0,120.0,0.0,1
3tu4gf8YwvE,UCV7WE8I_UiAN0fa6Arezx_w,2026-07-19 00:00:02,124,1,0,120.0,120.0,0.0,0
3twa99UcVQY,UCKttwyzsHvW7bCo7YfTacVQ,2026-08-20 22:05:32,908,14,0,119.92,120.17,0.08,0
3txKv2YRWY0,UCNu00qhYj4nPeMNdxuwV6sg,2026-08-29 13:25:07,1149,28,0,119.84,120.09,0.09,0
3txuXkSIovg,UCbItyvYa6cqvqtwlU2E9-wA,2026-08-11 14:02:36,3797,252,11,119.96,120.21,0.04,0
3u38pteFdMA,UCFrKhWvZ8oeJQTNP5ZabgJw,2026-08-05 22:00:06,357523,2749,425,120.0,120.0,0.0,1
3uCXTp9wTrA,UC59jWhPazXYi8Ny4vake45A,2026-08-08 10:59:58,33942,933,18,120.0,120.0,0.0,1
3uD7Vm5jaTU,UCS7gEaMmBPAaI8dHNnrSofg,2026-08-12 09:20:16,53693,,37,119.92,120.17,0.08,0
3uOiUfWucFo,UCPuD5ZRQWa_JCaY5NokNhtg,2026-08-06 04:22:54,353,16,6,119.87,120.12,0.12,0
3uPE5nKUGXY,UCikKJvpU0Ylua4hRW6faQRg,2026-07-26 21:28:20,2316,58,0,119.78,120.03,0.03,0
3uUyxt0pReY,UCXAXCxTCCYYKsLJNzEvjqfw,2026-08-06 21:45:39,24615,381,50,119.99,120.24,0.01,0
3u_m_B4qVfE,UCxpyoLu0jWQJ71_p5zMSgSA,2026-08-15 08:09:55,21245,132,16,119.84,120.09,0.09,1
3uj_Kz-UxFQ,UC9qwDE50UcXvdplRNZKEoPA,2026-07-26 00:56:57,22367,562,32,119.8,120.05,0.05,1
3uoU3jsmsPc,UCpcTrCXblq78GZrTUTLWeBw,2026-08-21 05:30:37,33103,1046,67,120.0,120.0,0.0,0
3utffZUNltU,UCdK9h1ILxS49c2LguBUY3rw,2026-07-22 10:45:13,273,1,2,120.0,120.0,0.0,1
3v7bLckEXxM,UCikKJvpU0Ylua4hRW6faQRg,2026-07-23 15:32:34,2459,64,2,119.96,120.21,0.04,0
3vI774DA82Q,UClwuK569whFirD9-u7luRbw,2026-07-10 15:05:21,21,1,0,119.91,120.16,0.09,0
3vLAXUmuSCQ,UC-okJdotaXPlzivRzHFqzuA,2026-08-17 08:59:18,81460,1167,32,119.76,120.02,0.02,0
3vQuOg1QU5c,UCp6n8d8Y8r3MwKNw_MMaouQ,2026-08-30 19:45:28,19842,117,3,119.76,120.01,0.01,0
3vWCV_RYoEY,UCN5oT4zGJX-_H6pE5isAEeg,2026-08-25 08:00:19,586339,9902,751,119.76,120.01,0.01,1
3vn_wSqqSQ0,UCPGl9DV2WUgaqGVXtVrhJWQ,2026-07-31 15:00:08,28,0,0,120.0,120.0,0.0,0
3vvK4sm04Cc,UC2yOBpLVwB7kzt9C5ZPbB7w,2026-08-12 10:00:10,64237,824,34,120.0,120.0,0.0,1
3wK-wNwG5IQ,UC6LLMkdyses2ugPRNEXutMQ,2026-08-26 10:15:15,16235,159,25,119.76,120.01,0.01,1
3whXqqnPiVw,UClWTMxooQefOLUV0TRcJ1Eg,2026-08-18 08:30:08,2764,248,25,119.76,120.01,0.01,1
3wremijXaus,UC3_QWAvQRhPW4CDoQU8acKw,2026-08-20 08:00:26,73393,417,33,120.0,120.0,0.0,1
3x40KFpzf_0,UC-aXNBQ6nwMNeW2V8XB7sBg,2026-07-21 09:00:00,513298,3608,64,120.0,120.0,0.0,1
3x5sEU4C_Xc,UCt8CJiye87FMbEwt0npPMuQ,2026-07-19 16:30:21,4446,122,17,120.0,120.0,0.0,0
3xGoTbYhqVY,UCDmmbxGg8g-EBkC_ku6vybg,2026-07-13 12:00:16,19180,708,37,120.0,120.0,0.0,1
3xOFtDMVujY,UCt8CJiye87FMbEwt0npPMuQ,2026-07-14 13:00:18,8351,475,45,120.0,120.0,0.0,1
3xaOk9IqJZs,UCPsZX-D7LW99PjZLA-UysPQ,2026-08-13 15:00:00,974,13,8,120.0,120.0,0.0,0
3xhFgeRhdzQ,UCJDXc9JWCZo-nLNKr_-L2Ng,2026-08-10 10:30:19,605,40,1,120.0,120.0,0.0,0
3xnwInfjwWc,UCKttwyzsHvW7bCo7YfTacVQ,2026-08-27 14:37:40,3141,8,0,119.88,120.13,0.12,0
3xr90GTTG6g,UCifCesg-EUkjKyQedaB3hRg,2026-08-27 23:04:43,4071,32,0,119.93,120.18,0.07,0
3xsC7LN8Mlo,UCOMVY7jsl569k0UYXWv3OgQ,2026-07-11 03:45:14,32,1,0,120.0,120.0,0.0,1
3xx_u-HX6Ss,UCgO8sNnksVuKcuTVTQKSK3A,2026-07-27 09:30:01,22708,319,97,120.0,120.0,0.0,0
3y3DVnHIhmU,UCi8fe6P0_tLeZ1r31wOydvw,2026-08-01 04:00:05,8479,52,9,120.0,120.0,0.0,0
3y7OekYQg1g,UC2yOBpLVwB7kzt9C5ZPbB7w,2026-08-17 04:00:37,86203,1484,61,119.99,120.24,0.01,1
3yIsMW3QTFA,UCV7WE8I_UiAN0fa6Arezx_w,2026-07-26 08:00:27,112,1,0,119.99,120.24,0.01,0
3yZCelyh1Ac,UCQ5KMP03ifjJ8mDeyjWeZ7g,2026-08-02 11:27:03,4007,49,6,119.8,120.05,0.05,0
3yeYpWMxqEM,UCL2ZLyAV0H9Pvi46W7TGdHQ,2026-07-18 11:06:13,40018,241,113,119.9,120.15,0.1,0
3yecezTJw-c,UCNNR1-x2NhZARsNGnQlh2sQ,2026-08-17 06:00:08,66398,235,31,120.0,120.0,0.0,1
3yl_0VGUrJQ,UCV7WE8I_UiAN0fa6Arezx_w,2026-08-07 20:00:07,34,1,0,120.0,120.0,0.0,0
3yqrkCWJdPY,UCrfB1-zWijAYkgfZW7Ehc8Q,2026-08-11 03:00:08,42478,2524,433,120.0,120.0,0.0,0
3z-7ccoLnkQ,UC9vI-9WYQLXKI6n9XdXXo3g,2026-08-16 03:00:31,37158,266,49,119.99,120.24,0.01,0
3zekMXf6jsw,UCby0vMKcLR05ZdS90aZd5og,2026-07-24 05:54:31,13952,5,0,119.84,120.09,0.09,1
4-3odYFTEb4,UCfIUuMA7U_jImP7oWfTe4Pw,2026-07-17 07:55:10,454096,2712,345,119.83,120.08,0.08,0
4-5IJWLyKCU,UCQfISxq5legTqOt1h1us6lg,2026-08-04 04:10:28,223885,767,152,119.83,120.08,0.08,0
4-6Hz8Ul3vI,UCPuD5ZRQWa_JCaY5NokNhtg,2026-08-18 03:07:06,490,5,3,119.89,120.13,0.11,0
4-AJ0fJdTfw,UCCdcpCa4yiDcCPhFErd7TXA,2026-07-11 00:30:26,288146,12264,21,119.99,120.24,0.01,1
4-ErCOM6aZg,UC_m_uqd_9s0hZvlgfvCzqbQ,2026-08-28 14:54:28,498,1,0,119.85,120.1,0.1,1
4-FbYGfLnwo,UC8E29ANOC3_OuB7_5EPY2xw,2026-08-31 12:30:35,1054,2,0,120.0,120.0,0.0,1
4-Ldqc_Q1Jg,UCab17MxxnFtAhGsJVTkSkCg,2026-07-27 14:12:54,575,17,0,119.79,120.04,0.04,0
4-McoHqxp_M,UCz5LAkkX66OAW-y_WiWf9vA,2026-08-01 17:26:16,205,3,0,119.82,120.07,0.07,0
4-fJB7HkKok,UCATlfGN7EDjXS_2ofklb3bw,2026-08-26 00:25:56,18087,324,0,119.83,120.08,0.08,0
4-g1MPSMqio,UC7SIaeUWuuIrWTIOBpayDVQ,2026-08-10 18:29:21,15738,168,138,119.76,120.01,0.01,0
4-n0DAsH41U,UCPGl9DV2WUgaqGVXtVrhJWQ,2026-07-22 13:35:37,1,0,0,119.91,120.16,0.09,0
4-wFashy--U,UCBidluUUxzT_5jVOI_2x2MQ,2026-08-21 13:20:14,135,6,0,119.92,120.17,0.08,0
4-wSFv5tX_4,UC_E_qYfGKM3C0kqrp1p8z7Q,2026-08-08 19:00:10,818,22,1,120.0,120.0,0.0,1
4-y4PYMLUvI,UCZ6mNZTiTUrUSbSYPlclI4A,2026-07-31 14:36:41,12427,743,16,119.89,120.14,0.11,1
406ZqJsy1Q4,UCk5C4AR3uvmKwZYkIlSobbg,2026-07-23 02:29:35,21827,80,57,119.76,120.01,0.01,0
40DxQ6wC5cY,UCZPfs7xIjGmOGs9kvgGhUKQ,2026-07-10 10:08:20,101,2,0,118.63,122.48,1.37,0
40HRJYNjlBc,UC4cKHOBS-nRfKFTwf1n8HGA,2026-08-27 14:50:34,188,,0,119.92,120.17,0.08,0
40L4duGiZPQ,UCV7WE8I_UiAN0fa6Arezx_w,2026-08-23 09:00:23,26,0,0,119.76,120.01,0.01,0
40RRCJ14tZQ,UCIxcZWLQpP-mUZC6_Uljc_Q,2026-08-10 14:45:29,14880,61,42,119.99,120.24,0.01,0
40SJDyYJD9Q,UCHeg3ApmuXQbqqszaD1fR9g,2026-07-16 16:19:31,90,3,0,119.93,120.18,0.07,0
40VjRVGcjlY,UCvfEv6nBnL0QlKqyGmL0orQ,2026-08-25 00:00:28,19021,55,11,120.0,120.0,0.0,0
40eQeZXQfsY,UCYooECrv-fIXlPaDwEIaveA,2026-08-08 09:01:12,65175,988,48,119.98,120.23,0.02,0
40htwZ2FkcU,UCSl8TBqqflby-ymdEQVfRNQ,2026-08-11 16:34:13,41849,754,132,119.93,120.18,0.07,0
4147wpgCLW8,UCKUUL3fMVvYVZdGkKhhjP0A,2026-07-25 23:00:09,68666,971,44,120.0,120.0,0.0,1
41R2c-Ov3d0,UCz1Gc37nWsdF_jbJ_SvMl4g,2026-08-08 11:06:22,9958,79,3,119.9,120.15,0.1,0
41XwYPVNEaE,UCFQWqbfZ-iEG3K_DRgHwnCw,2026-08-03 18:50:55,2,0,0,119.9,120.16,0.1,0
41zbwEHs3iM,UCKYdD83f363lIzcAwwhB-_A,2026-08-13 14:55:42,3965,22,3,119.82,120.07,0.07,0
4262O22qBZg,UCYooECrv-fIXlPaDwEIaveA,2026-07-24 09:01:02,31413,354,34,119.98,120.23,0.02,0
42DeQGGGLiE,UC8CZL4cvFiKwKKDNCuM2lTA,2026-08-15 09:30:55,27457,348,41,119.99,120.24,0.01,0
42Feh1SpQdw,UCN5oT4zGJX-_H6pE5isAEeg,2026-08-09 08:00:16,1848666,24128,1300,120.0,120.0,0.0,1
42JrXu2zxwo,UCwfbSsZ7_sccxcibe60mWlQ,2026-08-31 03:03:50,29411,60,19,119.95,120.2,0.05,0
42NLIOggdo8,UCGW76VChAJKee9kYzvyoycQ,2026-07-29 07:00:33,8101,213,35,119.99,120.24,0.01,0
42SCbh71enw,UCEg24oF81p-THPtp3otdmTA,2026-07-26 09:00:02,35473,1195,38,120.0,120.0,0.0,1
42Sykav_GCY,UCOKQpmfKrtu7Nu719CVSw1A,2026-08-27 09:39:19,24626,128,0,119.86,120.11,0.11,0
42YffCQXr5Q,UCJDXc9JWCZo-nLNKr_-L2Ng,2026-08-26 16:00:03,1963,59,4,119.76,120.01,0.01,0
42ilM4kvBHU,UCgO8sNnksVuKcuTVTQKSK3A,2026-08-11 09:00:36,80267,1070,110,119.99,120.24,0.01,1
42lYOjcUfv8,UCBo7GIv99qTzHaa6ip09YLA,2026-07-31 00:00:37,42,1,0,119.99,120.24,0.01,0
42q_aJgMrrw,UCPGl9DV2WUgaqGVXtVrhJWQ,2026-08-20 03:06:51,9,0,0,119.89,120.14,0.11,1
42rgDw2R_yg,UCYJ0Ucu9jPX5kn6SeDcNaIQ,2026-08-09 22:00:20,36178,216,25,120.0,120.0,0.0,0
42zJ3DlI3GY,UCsRiYH-VrZ2mYsohk7GhLdQ,2026-07-26 03:27:23,55037,948,48,119.8,120.05,0.05,0
43Lbs-MQj5U,UCKttwyzsHvW7bCo7YfTacVQ,2026-08-22 17:09:49,1095,11,0,119.85,120.1,0.1,0
43UYmbEa5k4,UCV6mNrW8CrmWtcxWfQXy11g,2026-08-30 22:00:22,69410,2478,40,119.76,120.01,0.01,1
43aSuVeyY-g,UCgjaQlejpAnIu0q-xtVfTEw,2026-08-20 10:15:13,41778,455,92,120.0,120.0,0.0,0
43u3rp6a72A,UCATlfGN7EDjXS_2ofklb3bw,2026-08-25 08:52:50,12982,294,2,119.88,120.13,0.12,0
43zAMTZEtjE,UCyZtdaxIiGb4wp5AmkEMrwQ,2026-07-13 08:07:50,20704,763,11,119.87,120.12,0.12,1
44SOWPS6n3Y,UCqVkQsNin4MdGFrWvzFVOKw,2026-08-13 02:00:32,5796,37,3,119.99,120.24,0.01,1
44po_A_IKvY,UCSzHok6X5qXEO7cjvVnE62g,2026-08-19 10:00:06,54487,297,57,119.76,120.01,0.01,0
44twV9d-kVg,UCV7WE8I_UiAN0fa6Arezx_w,2026-08-29 10:00:13,443,2,0,119.76,120.01,0.01,0
44x44RBz5No,UCZRH94I89Ps7giJYeK6DlWA,2026-08-10 03:00:25,128864,1893,180,120.0,120.0,0.0,0
44z2qdS2qGU,UCw1DsweY9b2AKGjV4kGJP1A,2026-08-04 09:56:36,315484,1230,41,119.81,120.06,0.06,1
45ERPikXEM0,UCi1Tln5CFg1yExpz8djyxjA,2026-08-28 18:34:54,746916,36779,263,119.93,120.18,0.07,1
45R3y6Yi04E,UCBY9rOZPo0fLE45mOV0s0cw,2026-07-26 08:26:39,133,0,0,119.81,120.06,0.06,0
45gNpCv2pg0,UCZGG-8oJSConHG6z30PgF5w,2026-08-24 08:00:10,211,2,0,119.76,120.01,0.01,0
464IPAViYQk,UCjOtzpfj5lF9erwTEQYkxtQ,2026-08-29 03:00:23,95129,1036,262,120.0,120.0,0.0,0
464KTOTqqPQ,UCMZFHqDjg1IE5kzm9fZBOFw,2026-08-21 18:44:28,11192,24,0,119.77,120.02,0.02,0
46RsMnXtEw8,UCv1tOT645xHOJrwdGlzjMaA,2026-07-17 11:34:14,30575,501,7,119.93,120.18,0.07,1
46SCBKhSBWc,UCifCesg-EUkjKyQedaB3hRg,2026-08-02 04:23:24,19152,915,20,119.86,120.11,0.11,1
46_Tm42A9Xg,UCJmnOEp1-OITEU0mk4icM5A,2026-08-05 05:00:27,158378,1583,40,120.0,120.0,0.0,1
46aLu28BXlQ,UCdK9h1ILxS49c2LguBUY3rw,2026-08-19 12:00:24,4,3,4,120.0,120.0,0.0,0
46kF7oHqpnY,UCQJuZxeDv2P05YHcC-tIEVQ,2026-07-13 08:00:25,13121,160,6,119.99,120.24,0.01,0
46oqL9B1iY0,UCdQHEqTxcFzjFCrq0o4V7dg,2026-08-19 00:15:27,55592,2866,234,120.0,120.0,0.0,0
46pHFVvz2Qg,UCE8JC9RAVSudDT_8Ji1fuPQ,2026-07-15 08:45:39,88051,1307,76,119.99,120.24,0.01,0
46sukyo2_C4,UC24GgPBq5W3v34z0p0uk1Ow,2026-07-28 10:15:19,4926,43,7,120.0,120.0,0.0,0
46veFmTczdk,UC7lwS-aSDzYHZJ9uWuzySwQ,2026-08-23 23:00:34,1778,5,6,119.75,120.01,0.01,1
46yroHkbO5c,UCV7WE8I_UiAN0fa6Arezx_w,2026-08-28 22:00:37,245,0,0,120.0,120.0,0.0,0
47KLiNMWxFI,UC4VWaR3R17Ruc7j1Cy1-PKQ,2026-07-21 08:01:30,211,1,0,119.98,120.23,0.02,1
47ei_WD5uxU,UCNRnCc0hg3ZcKdOGXKKv5Ww,2026-07-22 17:57:22,2123,26,0,119.8,120.05,0.05,0
47j7ws7-6aA,UCSzHok6X5qXEO7cjvVnE62g,2026-07-22 08:00:13,29640,181,19,120.0,120.0,0.0,0
47n33ROV1HU,UCKY2DOkLOyPLlvGHI3XQw0Q,2026-08-24 03:15:45,1242,5,0,120.0,120.0,0.0,1
47w99C3qsl0,UCXNh3eUHXEkL7h1w1KYQRKQ,2026-08-12 19:26:39,485,8,0,119.81,120.06,0.06,0
47yQSOQEUOs,UCYJDUekoQz0-bo8al1diLWQ,2026-08-09 05:17:06,401167,5523,970,119.97,120.22,0.03,0
48BZfV2gS04,UCw1DsweY9b2AKGjV4kGJP1A,2026-08-31 07:00:13,170307,884,80,119.76,120.01,0.01,1
48T_EU53A1M,UCBmPfbqvGwTTfrV-H_UOfdw,2026-08-29 04:25:17,101769,1445,41,119.84,120.09,0.09,1
48c3aqU8gjw,UCZaNYFjF_SRRJPVuGX7yMjQ,2026-08-26 11:26:13,170,2,0,119.82,120.07,0.07,0
491XCVfxp6Y,UC4VWaR3R17Ruc7j1Cy1-PKQ,2026-08-04 10:47:44,82,6,0,119.96,120.21,0.04,0
492MIc0pj2A,UCZRH94I89Ps7giJYeK6DlWA,2026-08-18 03:00:03,68519,835,158,120.0,120.0,0.0,0
49FkQKt03pE,UCbItyvYa6cqvqtwlU2E9-wA,2026-08-21 13:00:08,8686,473,21,119.76,120.01,0.01,0
49J6JfxmRHE,UCqlcSsDNMYxEsem7bWY-66Q,2026-07-27 09:05:06,9894,274,10,119.92,120.17,0.08,0
49N9a3wUUns,UCYMXFMiaGBnZ08-wBHS2MPQ,2026-08-26 15:58:30,5001,19,0,119.79,120.04,0.04,0
49cp0W6Mc_o,UCeAsj1O73pcqd-xQ4AZbJeQ,2026-08-21 18:38:50,2680,6,1,119.86,120.11,0.11,0
49iQ1RMziKw,UCdF0eCyf5np3lPO4y1fJVdw,2026-08-20 07:45:01,22888,235,11,119.75,120.01,0.01,0
49jv7rvcWLo,UC-FiQR2gg8oiNw98ZdsSX6Q,2026-08-22 06:04:59,2089,13,0,119.93,120.18,0.07,0
49wnyWMn2iM,UCS-X1uBDTNwAYyydiXjcX9A,2026-08-17 01:16:58,1040,15,2,119.97,120.22,0.03,0
4AQdbqgxChs,UCb5NLtXAsTBrmaZVhyFa-Wg,2026-07-31 13:30:36,132651,397,45,119.99,120.24,0.01,1
4AVntl6JML0,UCQhIdo5nRQY9DB3uo7vawtw,2026-08-03 11:44:29,1389,46,10,119.76,120.01,0.01,0
4BDHJHHqU1w,UCPsZX-D7LW99PjZLA-UysPQ,2026-07-25 12:00:36,364,7,1,119.99,120.24,0.01,0
4BHIC336ccw,UC9qwDE50UcXvdplRNZKEoPA,2026-08-21 08:00:26,18207,516,17,119.75,120.01,0.01,1
4BRWdwPXGzc,UCbFLnCfOet-u_kFyA7uX-9Q,2026-08-11 15:00:03,103340,1083,35,120.0,120.0,0.0,1
4BSM6OYHdlE,UCN5oT4zGJX-_H6pE5isAEeg,2026-08-03 12:00:01,3025699,33569,1641,120.0,120.0,0.0,1
4BacvJ57EBE,UCKVt3arMXfa6XZezR1UnjqQ,2026-07-16 09:00:15,6450,80,5,120.0,120.0,0.0,0
4BdLWz0cc3s,UCJmnOEp1-OITEU0mk4icM5A,2026-08-21 14:01:54,112774,946,958,119.98,120.23,0.02,0
4ByI2nKSQEc,UCPGl9DV2WUgaqGVXtVrhJWQ,2026-08-13 15:00:09,11,0,0,120.0,120.0,0.0,0
4Bzq_bZWg00,UCnkytUgy0CtWd06up9CjNxg,2026-08-22 11:00:28,28682,476,15,120.0,120.0,0.0,0
4C15IET6nQ0,UCabScupufwcOzAdcVXZrmlg,2026-08-10 13:31:37,6411,140,74,119.98,120.23,0.02,0
4CHjbMZb8HI,UCGa52d8Qlv3THghuCAt_nXA,2026-08-26 08:30:19,21940,244,24,120.0,120.0,0.0,1
4CQRhRf4JrI,UCPGl9DV2WUgaqGVXtVrhJWQ,2026-08-28 03:20:46,1119,9,0,119.92,120.17,0.08,1
4CjuMOp1i_M,UCX11f6rIVaoWGvFnKKyPBNQ,2026-08-29 01:32:22,6932,170,0,119.97,120.22,0.03,0
4Cpx44LWY0Y,UCZ8QkhF9gSHi8IL8I4rFrOA,2026-08-25 14:15:15,10271,151,9,119.76,120.01,0.01,1
4Cxi1hw9OsA,UCoSniqkitCpxlHrQd5L8A1w,2026-08-14 19:56:51,782,9,0,119.8,120.06,0.06,0
4D3Li3QFZjU,UCix5yCKpPr18CWrGOSCKCLA,2026-08-06 09:00:15,4824,,1,120.0,120.0,0.0,1
4DCVCSrCxcY,UCzkk3MGFFeiN0E0T3AEeg_g,2026-07-31 03:34:08,63182,255,52,119.93,120.18,0.07,1
4DONSbm_BYA,UCU0-6z_KU9AShyR9J6gcFGw,2026-08-07 20:27:43,515,3,1,119.79,120.04,0.04,0
4DXHWfJk1tI,UCgWOZQvFZhGuqBCtjmee0XQ,2026-07-20 13:30:05,1919,53,13,120.0,120.0,0.0,0
4DvRFH6KUHQ,UCElXDMEQqlUnuyDbChjARWQ,2026-07-26 04:28:26,1116,1,0,119.78,120.03,0.03,1
4Dvt96LKu54,UCO8ToDSM2Gvt3EZdOdosxTw,2026-07-19 05:30:13,5290,93,25,120.0,120.0,0.0,0
4DwTdSIe7HA,UC141BuVRzSSXJX33Am9yxEA,2026-08-03 09:15:23,32803,737,70,120.0,120.0,0.0,0
4Dxhre_T84I,UCBtJuwDt6LlXp2YASC-ZMdA,2026-08-07 09:00:24,159,2,0,120.0,120.0,0.0,1
4Dz4PDXBsas,UCQDGJQe8X9tbk_i8Na3VVXg,2026-08-16 11:54:15,24,2,0,119.85,120.1,0.1,0
4E1vErNIZOc,UCA9f2-9fUklMMOaz8vKW7Jw,2026-08-07 14:22:28,50,3,0,119.88,120.13,0.12,0
4EH4oo4Qfo8,UCt8CJiye87FMbEwt0npPMuQ,2026-07-31 13:30:28,4725,138,12,119.99,120.24,0.01,0
4EJsik84YxY,UCw1DsweY9b2AKGjV4kGJP1A,2026-08-02 08:00:11,4939,25,5,120.0,120.0,0.0,0
4EMdarVzoVI,UC6YKLXN1w8pyqFwCO0UJ9sw,2026-08-30 23:29:04,1425,10,3,119.78,120.03,0.03,0
4EV9Wp1-1JA,UC5pdoCANExIVI4yf6DVoxew,2026-08-30 17:11:17,102,4,0,119.83,120.07,0.07,0
4ExPVqt6ZFM,UCyoKcrOcBEY4rmLYkDuXErA,2026-07-20 12:30:10,88950,1380,173,120.0,120.0,0.0,0
4EyHrwPDn7g,UCPuD5ZRQWa_JCaY5NokNhtg,2026-08-03 09:28:01,420,10,7,119.79,120.04,0.04,0
4F5wiMs8Ln8,UCaHIZAKows704_gk6bjdAog,2026-08-27 06:00:17,186738,2981,103,119.76,120.01,0.01,1
4FCbEUMv0yA,UCFvdXoI9LTADYG07s4pMnhg,2026-08-02 08:48:54,13242,73,99,119.94,120.19,0.06,0
4FHInmbM7zc,UCfq-5-0b5Lzj7cKCrp6-flA,2026-08-23 06:02:37,2176,55,29,119.97,120.22,0.03,0
4FKSlKR5BfQ,UCHbz27HAkCIQNw_G2Pa7XVg,2026-08-15 06:00:06,25336,422,72,120.0,120.0,0.0,0
4FU_-3yyAB8,UCtLWxhEMKOio-GzdVJ1CVhg,2026-07-27 23:49:09,192,3,1,119.93,120.18,0.07,0
4FeAIN7u0fY,UCCd3jyJmOFzkJEMj5Bp89rw,2026-07-13 19:00:10,1591,102,4,120.0,120.0,0.0,0
4FgTEyyh74Q,UCBtJuwDt6LlXp2YASC-ZMdA,2026-08-26 03:00:01,1282,10,0,119.76,120.01,0.01,0
4Fxpevu6u_w,UCifCesg-EUkjKyQedaB3hRg,2026-08-08 01:55:22,51920,122,0,119.83,120.08,0.08,0
4G06ycDpsYI,UCPGl9DV2WUgaqGVXtVrhJWQ,2026-08-01 13:46:10,1,0,0,119.98,120.23,0.02,0
4G0ckuyqW4w,UCpCBP5cVIBvezPI1LKFMYjA,2026-08-09 07:01:27,132223,1774,104,119.98,120.23,0.02,0
4G20al6ZTIo,UCtRiSpvkhtRXaSjVjEB9LKg,2026-08-21 08:59:58,1967,21,4,119.76,120.01,0.01,0
4G2HnPD1YAI,UCrY2B2XX41ReYh9DIWrFfCg,2026-07-16 05:27:00,17855,,36,119.8,120.05,0.05,1
4GHgQMthFxk,UCM81CAJ2_Y42-bvK1OQnAAA,2026-08-20 12:42:17,66903,703,466,119.8,120.05,0.05,0
4GUGEXqJKYM,UC-DpK48x4bltMjHHChZ4zBg,2026-07-25 14:42:31,6230,60,7,119.79,120.04,0.04,0
4GWX_XurgVo,UCdtV_sB8WUWo-P_q3OwNfcw,2026-08-18 08:12:25,8104,50,7,119.8,120.06,0.06,0
4GrzSkb3S3Q,UCZaNYFjF_SRRJPVuGX7yMjQ,2026-07-14 03:30:21,49,2,0,120.0,120.0,0.0,0
4GvayNTBtAo,UCYJ0Ucu9jPX5kn6SeDcNaIQ,2026-08-19 23:00:09,67432,365,36,120.0,120.0,0.0,0
4GyQsR2BNTc,UCIxcZWLQpP-mUZC6_Uljc_Q,2026-08-31 14:55:26,12622,22,11,119.84,120.09,0.09,0
4HBUOsAZw3o,UCV7WE8I_UiAN0fa6Arezx_w,2026-08-25 22:00:19,35,0,0,119.76,120.01,0.01,0
4HFqMJ7Lp6k,UC0D75gKWfWeFY2OhStsQk2Q,2026-08-08 03:15:18,15648,322,52,120.0,120.0,0.0,0
4HJmhSJCRCI,UCAVR6Q0YgYa8xwz8rdg9Mrg,2026-07-22 05:00:05,37740,1540,132,120.0,120.0,0.0,0
4HVjVCj59G8,UCV7WE8I_UiAN0fa6Arezx_w,2026-07-28 19:00:03,68,2,0,120.0,120.0,0.0,0
4HWyq4n9c84,UCz5UFGucIyJGH0nf_8d0ghA,2026-08-10 22:47:16,1569,43,22,119.96,120.21,0.04,0
4Hbv9j1yxhM,UC7SIaeUWuuIrWTIOBpayDVQ,2026-08-25 01:22:02,47588,651,218,119.89,120.14,0.11,0
4HiqdoYjxmM,UCqIwPYLfMd3EoWYwvyTjPnA,2026-07-29 07:00:21,21742,178,27,120.0,120.0,0.0,0
4HmbrhdCmA8,UCxe_WKNMrOgvNtgz02oLTjQ,2026-07-23 11:15:29,31910,186,12,120.0,120.0,0.0,1
4HnDwWhlZ8I,UCc1VJX_5Z2RdGi58XU4IfbA,2026-08-11 13:52:35,66456,317,0,119.88,120.13,0.12,0
4Ht4SMPsUEs,UC_Xb6sEXAdNv9nHU4988vmg,2026-08-29 13:15:16,66548,,1,119.76,120.01,0.01,1
4HvwcI3sAhQ,UC8a9-ubjMyQkDH9Jr8EX0JQ,2026-07-20 21:00:51,56,3,0,119.99,120.24,0.01,0
4HvyyInBWvk,UCVWAdUQGUiY2Kzh0JoB5PtQ,2026-08-13 13:20:38,1378,10,8,119.91,120.16,0.09,0
4HxGkVvI7uw,UCp6n8d8Y8r3MwKNw_MMaouQ,2026-08-22 18:49:57,50645,513,14,119.93,120.18,0.07,1
4IGgz3bxvcA,UCF7IBIvHZ2be4Ufo8i0uHBw,2026-07-15 09:00:02,47573,454,14,120.0,120.0,0.0,0
56rAPdlK0Qg,UCab17MxxnFtAhGsJVTkSkCg,2026-08-28 10:34:37,3740,19,1,119.94,120.18,0.06,0
56stYJ3TVas,UCcstDLbuhxEbFKkPZ6wST2A,2026-08-31 03:00:21,65918,103,28,119.76,120.01,0.01,0
573CnK_-juk,UCQDGJQe8X9tbk_i8Na3VVXg,2026-08-10 13:05:02,113,8,0,119.92,120.17,0.08,0
575WxMA2Tb8,UCPuD5ZRQWa_JCaY5NokNhtg,2026-08-05 03:32:45,508,8,5,119.96,120.21,0.04,0
579yFdOvI70,UCwBkHOTyu57NQi0syf5MLig,2026-07-28 02:00:01,90178,361,18,120.0,120.0,0.0,1
57C5fGXTzXM,UCp9skQ2mP_DfVL8c3gZQUzg,2026-07-24 18:50:55,5101,65,0,119.91,120.16,0.09,0
57Fb2CRSUtc,UCK1aVlIbEBrdhv-gbSgGIkQ,2026-08-20 03:30:06,1514,13,3,120.0,120.0,0.0,0
58MK58lP8Uw,UCJN5mgLqkPCTVC5v-12gKjQ,2026-08-15 14:15:39,3313,92,3,119.99,120.24,0.01,1
58Quf3M69Xw,UCqIwPYLfMd3EoWYwvyTjPnA,2026-07-13 08:00:34,20584,95,19,119.99,120.24,0.01,0
58S-EHney-A,UCaova9Q4UZLPqFnSvq8VxzA,2026-08-01 14:22:25,29427,141,150,119.88,120.13,0.12,0
58TMRw1C8Bo,UC-okJdotaXPlzivRzHFqzuA,2026-08-29 13:00:03,89634,223,29,119.76,120.01,0.01,0
58ZYNI5Jpw0,UClHGjnruf4A9Us7CHVgLIEQ,2026-08-10 07:34:28,24249,240,11,119.93,120.18,0.07,0
58kfWted1Q4,UC6NXJtCn3p-actkvBUlHwDA,2026-08-31 00:35:46,26556,32,3,119.92,120.17,0.08,0
58kk1Ta47Z4,UCZPfs7xIjGmOGs9kvgGhUKQ,2026-08-12 10:01:56,107,3,0,119.97,120.22,0.03,0
58nfTGxmzek,UCc1VJX_5Z2RdGi58XU4IfbA,2026-08-18 15:55:31,92971,451,0,119.84,120.09,0.09,0
58ogJ-6x_wU,UCZ6mNZTiTUrUSbSYPlclI4A,2026-08-16 11:30:21,14328,297,21,120.0,120.0,0.0,1
58qFfR2SL4s,UCV6mNrW8CrmWtcxWfQXy11g,2026-08-12 16:00:18,95073,2028,42,120.0,120.0,0.0,1
58vSAFsqvdk,UCHeg3ApmuXQbqqszaD1fR9g,2026-08-19 02:00:19,2969,77,12,119.76,120.01,0.01,1
58w-A-v4PQo,UCI3DTtB-a3fJPjKtQ5kYHfA,2026-08-15 00:00:30,7958,137,10,119.99,120.24,0.01,0
59-CAgEbir4,UC8CIM3d3zDYMk-3T5aAz0yw,2026-07-15 07:15:21,1380686,23592,161,119.99,120.25,0.01,0
5925sak43sM,UC5pdoCANExIVI4yf6DVoxew,2026-07-18 08:35:58,467,6,8,119.9,120.15,0.1,1
59LhkcL7msQ,UCbItyvYa6cqvqtwlU2E9-wA,2026-08-27 17:38:17,14068,457,24,119.87,120.12,0.12,0
59TTG9bdQGc,UCAVR6Q0YgYa8xwz8rdg9Mrg,2026-07-31 04:00:26,284262,13475,249,120.0,120.0,0.0,1
59YjcOdYlqQ,UCPGl9DV2WUgaqGVXtVrhJWQ,2026-07-10 15:00:10,48,0,0,120.0,120.0,0.0,0
59nHnjRpfr8,UCqlcSsDNMYxEsem7bWY-66Q,2026-08-01 09:03:15,17523,507,46,119.95,120.2,0.05,0
59wcWd85Rgc,UCnju7ULBic4VgkCfDvVXCnA,2026-08-15 23:22:14,3047,107,0,119.88,120.13,0.12,0
5ABHxtcS8nI,UCe9jDZNCsC4sH-Ln2Fn99FQ,2026-08-14 07:27:07,16,0,0,119.8,120.05,0.05,1
5AEQr3mmWmg,UCAGUSx1hbPKDqzBZH7bTjiA,2026-08-02 10:00:28,20366,101,11,119.99,120.24,0.01,0
5ALNNLaxq1o,UC7loyhgCm1NRTtyF36hO-jA,2026-08-31 03:00:05,13330,58,9,119.76,120.02,0.02,0
5AOa8URUxxw,UCpwGBltfwjd_fIzp5cb5R0w,2026-07-31 00:30:31,610218,4860,411,119.99,120.24,0.01,1
5ASwG9pMXWg,UCPsZX-D7LW99PjZLA-UysPQ,2026-07-22 09:00:27,225,4,1,120.0,120.0,0.0,0
5AU-ESIZ2oA,UCt8CJiye87FMbEwt0npPMuQ,2026-07-22 16:30:36,2706,73,3,119.99,120.24,0.01,0
5AUxTvUAuMc,UCd-Ziz8pAMZBWl7juEghsag,2026-07-23 00:43:11,41059,693,45,119.78,120.03,0.03,0
5AVr8ViKzwY,UC2yOBpLVwB7kzt9C5ZPbB7w,2026-07-31 20:00:12,141761,2434,60,120.0,120.0,0.0,1
5AcwIraqZWo,UC3pTpoDKt17IrCDH60kSNPA,2026-08-28 07:00:35,1016,10,1,120.0,120.0,0.0,0
5AdLlIv9o74,UCqRz_-l3GCmWb92u8P33RYQ,2026-07-22 11:45:11,41049,501,122,120.0,120.0,0.0,0
5AeSD2YCQ-s,UCTVkjiEiaiSbEq0Qwd5XTPA,2026-08-13 12:38:29,9162,430,32,119.86,120.11,0.11,0
5AktPKDgUGI,UCV7WE8I_UiAN0fa6Arezx_w,2026-08-05 09:00:05,56,1,0,120.0,120.0,0.0,0
5AlwcsmAH0E,UChfs1dQ5phBDBWZJ1hHLbUA,2026-08-30 09:18:23,104710,509,70,119.96,120.21,0.04,0
5B0wI1fl9iY,UCXCa03lRK6tlntZoJ7TUWRw,2026-08-22 02:00:07,140394,2134,354,119.76,120.01,0.01,0
5BJR1MDc6fk,UCPuD5ZRQWa_JCaY5NokNhtg,2026-08-24 15:35:44,450,7,2,119.91,120.16,0.09,0
5BLHQ2ZX29k,UCBvKuSAkXERBnGSQOH0Sarw,2026-07-31 17:53:34,9641,66,1,119.86,120.11,0.11,0
5C4pUbwvcBA,UCbvvdVOF0teLO-U6GWh1RKg,2026-08-22 09:07:32,2048,34,4,119.89,120.14,0.11,0
5CG9FpYbi9c,UCXu_CcxBZA5S_iG33OzA9PQ,2026-07-30 22:44:56,596,8,0,120.0,120.0,0.0,0
5CIbXKfZmLE,UCV7WE8I_UiAN0fa6Arezx_w,2026-07-20 11:00:02,201,2,0,120.0,120.0,0.0,0
5CLhe6XUTLs,UCnCH3Uhv_ynhTNKEH6ekRtg,2026-07-15 06:49:19,6652,138,17,119.93,120.18,0.07,0
5CO4FRCnfL8,UC_E_qYfGKM3C0kqrp1p8z7Q,2026-08-28 15:00:02,212,7,0,119.76,120.01,0.01,0
5CZRcZldQ7I,UCJGww2K__Q3y-MtDi0XWH2w,2026-08-07 06:00:34,106300,1554,100,119.99,120.24,0.01,0
5CgCgZGl8ks,UC-8S20Ll1gzPiu_YY8BgyaQ,2026-08-14 11:08:56,141476,1029,23,119.85,120.1,0.1,0
5CkTwQSg-Ow,UC0PMQXAwF6O6aeTpv962miA,2026-08-28 13:16:25,33073,538,53,119.99,120.24,0.01,0
5ClNY4Dka2M,UC4cKHOBS-nRfKFTwf1n8HGA,2026-08-23 15:13:04,51,,0,119.79,120.04,0.04,0
5CnNpVDZSqY,UCp6n8d8Y8r3MwKNw_MMaouQ,2026-07-28 13:00:09,12265,285,21,120.0,120.0,0.0,0
5CnX0RtZNqY,UCFrKhWvZ8oeJQTNP5ZabgJw,2026-08-04 10:00:19,108558,954,129,120.0,120.0,0.0,1
5Cq87qPVWkw,UCOTJtP0Z9DjpPU43B5m1V6A,2026-07-30 14:15:00,58532,585,10,120.0,120.0,0.0,0
5CxtHV_XzMg,UC1sELGmy5jp5fQUugmuYlXQ,2026-08-09 15:00:32,2102339,67057,2085,119.99,120.24,0.01,1
5Cy1WJjdeIE,UCuXE-MdbuaZcPt_2J2kSsSQ,2026-07-12 11:33:31,1409,7,1,119.94,120.19,0.06,1
5D53dVhxg48,UCZPBWThSlgWT0DVaxxUEX4A,2026-08-11 09:19:03,105,4,0,119.94,120.19,0.06,0
5Dbd763Anlw,UCZFGZ_LhwgiTxaJzJ0QGdFw,2026-07-25 06:57:37,4514,19,0,119.79,120.04,0.04,0
5DxQZMEUV6k,UCp6n8d8Y8r3MwKNw_MMaouQ,2026-08-02 20:59:59,15587,625,21,120.0,120.0,0.0,1
5E7oSSJlhbc,UCKYdD83f363lIzcAwwhB-_A,2026-07-28 15:21:14,3882,14,0,119.9,120.15,0.1,0
5E8k-u0JqWQ,UCb5NLtXAsTBrmaZVhyFa-Wg,2026-07-26 10:05:05,81970,445,62,119.92,120.17,0.08,0
5EDZXKAtK1Q,UCgLFbrC7-g0ihBKB0obVPTg,2026-07-31 13:50:30,208,8,1,119.91,120.16,0.09,0
5EL6pl6XHG0,UCZ6mNZTiTUrUSbSYPlclI4A,2026-08-04 02:30:21,509,14,2,120.0,120.0,0.0,0
5EQblQuVSDk,UCab17MxxnFtAhGsJVTkSkCg,2026-08-23 08:25:25,1117,12,0,119.84,120.09,0.09,0
5ER7F36hQqI,UCyEIUlSKbzCt3ElAsPFb7EQ,2026-08-04 22:00:06,52128,109,13,120.0,120.0,0.0,1
5EV4DuA1WWo,UCp6n8d8Y8r3MwKNw_MMaouQ,2026-08-16 17:28:05,165557,1432,4,119.79,120.04,0.04,0
5EbUFiGqVYU,UCzSODDx0zQF3nxXOZISCm_w,2026-07-29 09:30:05,32,4,0,120.0,120.0,0.0,1
5EsVfdWosXA,UCmnCuNh2owRLP48nnS3pe2w,2026-08-28 02:37:28,50,0,0,119.89,120.14,0.11,0
5EtK3Cjcv8w,UCp6n8d8Y8r3MwKNw_MMaouQ,2026-08-10 12:10:55,15306,480,4,119.82,120.07,0.07,1
5F6-EPLHlEg,UCt8CJiye87FMbEwt0npPMuQ,2026-08-24 14:30:11,4752,220,49,119.76,120.01,0.01,1
5F6QQ5_Daec,UC_E_qYfGKM3C0kqrp1p8z7Q,2026-08-30 17:00:25,1063,38,1,119.76,120.01,0.01,1
5FAYwX0OFxw,UCtjBNJ4UbuWGLe-415urMOw,2026-07-28 11:39:16,15703,323,21,119.85,120.1,0.1,0
5FFGb4EhrF0,UC9vI-9WYQLXKI6n9XdXXo3g,2026-08-20 03:00:32,22345,139,29,120.0,120.0,0.0,0
5FdIq5BX4J8,UCksGX0hODm1Ev6mysrToMqg,2026-08-02 02:14:06,2365,44,5,119.77,120.02,0.02,0
5Fdx_GaJLXc,UCQfISxq5legTqOt1h1us6lg,2026-08-27 02:47:05,13294,20,0,119.98,120.23,0.02,0
5FexVeordJs,UC60HSePkZwGFzRj6VSDa6Ew,2026-08-07 15:49:31,4186,67,10,119.93,120.18,0.07,0
5FkS1Aa0wjg,UCby0vMKcLR05ZdS90aZd5og,2026-07-17 02:38:14,5304,11,2,119.87,120.11,0.11,1
5FuyAAghJdA,UCSh__r5HS4Y1xBkccWnV0TA,2026-07-23 18:08:12,126017,4395,148,119.87,120.12,0.12,0
5G3aEEDN8QE,UCYooECrv-fIXlPaDwEIaveA,2026-07-26 09:00:11,57673,968,11,120.0,120.0,0.0,1
5GAuZzH_Vpk,UCPGl9DV2WUgaqGVXtVrhJWQ,2026-08-07 15:00:34,17,0,0,119.99,120.24,0.01,0
5GJBbwBLkyI,UC78d2aaqdrt02RfmtRLmlAw,2026-08-24 17:11:58,5857,83,9,119.81,120.06,0.06,1
5GVIeHg6zRc,UCawK5EIfr66Z7fjAlZgfB2g,2026-08-19 02:41:21,3877,,0,119.82,120.07,0.07,0
5GqcC4BgMZg,UC3ozN5tHi449NhCDE6Xtmwg,2026-08-24 10:17:27,35448,390,90,119.97,120.22,0.03,0
5Gr1lxOFCuc,UCaCFlaIQAmiU_mLnZq5E-tA,2026-08-23 03:30:18,644,16,6,119.76,120.01,0.01,0
5GzJ4tHvcdU,UC5ThQKdocwo_9UurfT5P_ww,2026-08-08 03:38:26,279161,3738,127,119.86,120.11,0.11,1
5H4BJrV3zto,UCab17MxxnFtAhGsJVTkSkCg,2026-08-25 09:21:45,3328,48,4,119.9,120.15,0.1,0
5H71QvThHFc,UCPuD5ZRQWa_JCaY5NokNhtg,2026-08-05 13:35:38,605,9,5,119.91,120.16,0.09,0
5HHKonFmzQE,UC6JB_a6rD1lZ_aZgQvORfrQ,2026-08-17 23:34:13,2097,37,4,119.93,120.18,0.07,0
5HYglwik1dQ,UCV6mNrW8CrmWtcxWfQXy11g,2026-08-08 11:00:16,354276,15921,631,120.0,120.0,0.0,1
5HZ-Ss5Djb4,UCV6mNrW8CrmWtcxWfQXy11g,2026-08-26 00:00:12,340316,16670,613,119.76,120.01,0.01,1
5Hm7tjZoIKM,UCOTJtP0Z9DjpPU43B5m1V6A,2026-08-20 12:00:29,546971,3263,183,120.0,120.0,0.0,1
5I3BFXHCavo,UCp6n8d8Y8r3MwKNw_MMaouQ,2026-08-08 19:21:02,14254,242,3,119.9,120.15,0.1,1
5IBL8l0E14s,UC5bjQxLK_3XVzIOTQ04sYeg,2026-08-01 02:18:21,1505,31,2,119.95,120.2,0.05,0
5IChvGjupXQ,UCV7WE8I_UiAN0fa6Arezx_w,2026-08-20 16:00:26,20,0,0,120.0,120.0,0.0,0
5IEMspEfZ2w,UCzps05UZ7XpX3SFoFyYIDow,2026-08-06 09:49:41,28884,122,71,119.93,120.42,0.07,0
5IHsz08t8GQ,UCwfbSsZ7_sccxcibe60mWlQ,2026-07-25 03:00:26,11537,47,18,120.0,120.0,0.0,0
5IS_80-fQ2M,UCpwGBltfwjd_fIzp5cb5R0w,2026-08-08 12:30:32,654032,9787,175,119.99,120.24,0.01,1
5IV2c7p3iaE,UCj7wKA4vwdzMP35lO5CCwgQ,2026-08-30 08:00:39,50391,966,63,119.75,120.01,0.01,0
5IYOfTi55DA,UC-2wa6jvprl7hfCpvw0ULzg,2026-08-09 04:00:14,133662,555,225,120.0,120.0,0.0,1
5IZSesjImwM,UC2U8C7lmbQpfBeAW8fTP_jg,2026-08-01 03:14:34,1977,16,2,119.76,120.01,0.01,1
5IjeQu95dlk,UC8x8GQmlxAIhHxzU61z0uLQ,2026-08-16 14:00:15,5563,53,30,120.0,120.0,0.0,0
5InU3aIHxdo,UCBA9XaL5wCdHnC5EmEzwrqw,2026-08-24 09:06:37,404595,1779,187,119.9,120.15,0.1,0
5InWHJrvkUc,UC-okJdotaXPlzivRzHFqzuA,2026-07-30 02:59:18,40171,736,17,119.76,120.01,0.01,0
5IxylE-yjbM,UC5ThQKdocwo_9UurfT5P_ww,2026-08-30 22:00:36,66981,1152,58,119.75,120.01,0.01,1
5JFfj1WgApM,UCpcTrCXblq78GZrTUTLWeBw,2026-08-09 07:30:11,156493,2503,55,120.0,120.0,0.0,1
5JNhCjg3BA4,UCaY7wcqhFb_c2eQ1eRB8rOQ,2026-08-09 04:00:26,18394,401,131,120.0,120.0,0.0,0
5JRQB7IexRI,UCfQOeRevRI14uNqluiJ7TeQ,2026-08-23 06:52:13,164,4,0,119.89,120.14,0.11,0
5JXC7Y6YAY8,UCsrLyevZL_AEZY0LaYVCYzA,2026-08-27 23:00:30,266,5,6,119.75,120.01,0.01,0
5JZI0zFMZgg,UCSrQnB-Ip9hc0biFQ3HoKzg,2026-08-08 07:04:46,24920,838,24,119.92,120.17,0.08,1
5JiyYaDwu7s,UCJN5mgLqkPCTVC5v-12gKjQ,2026-07-10 11:00:22,2565,40,0,117.76,121.61,1.61,1
5JktWQPGFYE,UCO94iFhOhtdGb4Ze5DUAtbw,2026-08-01 12:00:11,9018,133,6,120.0,120.0,0.0,0
5JrXVfD82VE,UCKttwyzsHvW7bCo7YfTacVQ,2026-07-22 15:46:18,2170,21,0,119.98,120.23,0.02,0
5Js0jwHgGr0,UC78d2aaqdrt02RfmtRLmlAw,2026-08-07 23:50:00,3906,30,0,119.92,120.17,0.08,0
5JyGKmIAkn0,UCab17MxxnFtAhGsJVTkSkCg,2026-08-15 08:21:19,814,17,1,119.9,120.15,0.1,0
5Jz-Y0AB4CU,UC72PuhDwKtZ5MikpGNhPAtA,2026-08-22 23:24:00,207205,7127,295,119.86,120.11,0.11,0
5K0sLe2jf0g,UCA9f2-9fUklMMOaz8vKW7Jw,2026-07-31 02:10:11,112,2,0,119.83,120.08,0.08,0
5KDzdhGchS4,UCfq-5-0b5Lzj7cKCrp6-flA,2026-08-13 08:00:10,28843,781,74,120.0,120.0,0.0,1
5KOxqNFPrkQ,UClHTjLVog7CkRF8tYJuNXXQ,2026-08-08 00:21:36,1791,35,3,119.9,120.14,0.1,0
5KOxvBH3ROU,UCw1DsweY9b2AKGjV4kGJP1A,2026-08-29 08:00:05,16061,25,3,119.76,120.02,0.02,0
5KTAuuV-oNQ,UCgLFbrC7-g0ihBKB0obVPTg,2026-08-07 17:47:14,425,13,3,119.97,120.22,0.03,0
5KaI0P0gciQ,UCpI-AhCT02iQRGLC2ZcY0Jw,2026-08-16 01:00:06,36081,420,257,120.0,120.0,0.0,0
5KmGob5ADQI,UCoSniqkitCpxlHrQd5L8A1w,2026-08-03 23:33:27,16394,87,3,119.95,120.2,0.05,1
5Kp-ul3OQ4g,UC5Yx9RlmznXDUEIrfoSqheA,2026-08-09 15:05:36,4362,29,0,119.91,120.16,0.09,0
5Kt7MRa5pSE,UCSl8TBqqflby-ymdEQVfRNQ,2026-08-07 01:02:18,17225,140,2,119.96,120.21,0.04,0
5KweFpRWlgU,UC59jWhPazXYi8Ny4vake45A,2026-08-07 17:38:13,189926,4685,44,119.87,120.12,0.12,1
5L1gQehu7Qg,UCaMV-CjrWYh2Aefg_8iLwJQ,2026-07-17 13:37:22,76692,407,94,119.88,120.13,0.12,0
5LlcAiegEeo,UC_2x8h1QrTHOO0i4Yiss-ww,2026-08-06 10:00:09,73336,853,52,119.75,120.25,0.25,1
5LqbgBTX60k,UCL2ZLyAV0H9Pvi46W7TGdHQ,2026-08-03 11:00:12,565485,2343,62,120.0,120.0,0.0,1
5M0RTdGQEUU,UCCvEN8bTeF8Z2jcN513T1Gg,2026-07-12 14:13:23,4968,73,5,119.78,120.03,0.03,1
5MMAlGK7fCM,UCpcTrCXblq78GZrTUTLWeBw,2026-08-06 13:30:27,224802,3867,280,119.99,120.25,0.01,0
5MMZ1x4BQV4,UC2WBkFH1nHcO6aFLWo6sZQg,2026-07-23 17:30:03,54625,1890,10,120.0,120.0,0.0,0
5MMjeK7SS0w,UCPJGXrPIVKBR8PJY7w33WZw,2026-08-01 01:00:06,168666,3134,109,120.0,120.0,0.0,1
5Md5Faiihd0,UCt8CJiye87FMbEwt0npPMuQ,2026-08-25 19:10:30,4388,150,12,119.84,120.09,0.09,0
5Mj_cDRVk1c,UCDq6CfnZgtnqXEwG8tqvBfA,2026-07-15 13:02:31,49,3,0,119.96,120.21,0.04,0
5MrFd6xwV28,UCNNR1-x2NhZARsNGnQlh2sQ,2026-08-13 04:00:11,24352,80,11,120.0,120.0,0.0,0
5N-ZJYUN7vo,UCrKSaegnzewdj9-YLsUhoZw,2026-07-15 00:45:41,6135,29,3,119.99,120.24,0.01,0
5N0EdxSt5XE,UC3hqiw3lZAXaMwhQvMGZkdw,2026-08-22 13:15:24,3537,30,14,120.0,120.0,0.0,0
5N3cW3j31pY,UCmZeuRfHYowZhf6odtoaNdg,2026-08-23 03:28:02,39392,395,38,119.8,120.05,0.05,0
5N5RtIOZSII,UCby0vMKcLR05ZdS90aZd5og,2026-07-24 06:25:48,3368,4,0,119.82,120.07,0.07,1
5NFXQE1FbYs,UCw1DsweY9b2AKGjV4kGJP1A,2026-08-04 10:21:35,1061894,5888,293,119.89,120.14,0.11,1
5NFa7_HNaTA,UCt8CJiye87FMbEwt0npPMuQ,2026-08-13 17:00:02,13920,538,62,120.0,120.0,0.0,0
5NNiEDU-h_8,UC_8GOc5dWX2Kpb74_nQ7vSQ,2026-08-30 04:00:06,138838,1710,212,119.76,120.01,0.01,0
5NTRDNuIV0U,UCuWDza8A_ntbjwBZgW0ZSNw,2026-08-27 08:30:19,25543,50,10,119.76,120.01,0.01,0
5NisM7KA4EI,UC_m_uqd_9s0hZvlgfvCzqbQ,2026-07-28 04:26:28,260,22,4,119.81,120.06,0.06,0
5Nx1tz9V-Jc,UCEJF0q0SqEJ64uA9LCXuSrQ,2026-08-31 08:45:04,1607,39,32,119.76,120.01,0.01,0
5NzlwPvIsqY,UCr4WCOxirRA-BzVu-MH_WqQ,2026-08-14 09:15:48,5120,50,8,119.99,120.24,0.01,1
5OFTwlaCwrE,UCL2ZLyAV0H9Pvi46W7TGdHQ,2026-08-25 12:15:03,641369,6178,218,119.76,120.01,0.01,0
5OQRhAwIPM0,UCFCt5RYu41HTg4eX1jdHNxw,2026-07-28 23:25:12,978,29,0,119.83,120.08,0.08,0
5OStgbZOydE,UCi1Tln5CFg1yExpz8djyxjA,2026-08-20 19:09:28,909996,24297,134,119.85,120.1,0.1,1
5OTJ7S6tfxE,UCcum1rCJ5GJeQ_xv0xrohqg,2026-08-05 10:00:05,61167,1371,104,120.0,120.0,0.0,1
5OyaP1vq328,UCyiKhng8Mr3xlm-rgec6mWQ,2026-08-30 00:00:18,402,0,0,119.76,120.01,0.01,0
5OyaQOGUtiI,UCpcTrCXblq78GZrTUTLWeBw,2026-07-11 04:00:13,171691,883,64,120.0,120.0,0.0,1
5P4uZQcgSks,UCsmsw8102lekPyVYwKMHxmA,2026-08-21 12:45:14,2533,45,32,119.76,120.01,0.01,0
5PEKC28azRU,UC72PuhDwKtZ5MikpGNhPAtA,2026-08-30 07:12:44,2706226,47190,4383,119.8,120.05,0.05,0
5PLRMAugduI,UCab17MxxnFtAhGsJVTkSkCg,2026-08-06 11:48:21,897,11,0,119.95,120.2,0.05,0
5PPR-Xr2sWo,UCH-B23kmQvx8pT6Er7cXSXg,2026-07-24 15:12:34,143,0,0,119.79,120.04,0.04,0
5PV0LXNFSyY,UCI3DTtB-a3fJPjKtQ5kYHfA,2026-08-27 18:31:32,5512,16,4,119.99,120.24,0.01,0
5PttP4wDv94,UCV6mNrW8CrmWtcxWfQXy11g,2026-07-24 02:00:32,61177,2266,28,119.99,120.24,0.01,1
5PuyImRWkcg,UCV6mNrW8CrmWtcxWfQXy11g,2026-08-06 22:00:24,408688,23270,139,120.0,120.0,0.0,1
5Q2kWtpsdCs,UC_9W6Z5Y3lDpLk47Y_y5ITQ,2026-07-26 01:21:34,42634,519,16,119.89,120.14,0.11,0
5Q7DsfzOY7k,UC3hqiw3lZAXaMwhQvMGZkdw,2026-08-05 13:15:00,3393,50,4,120.0,120.0,0.0,0
5kOGzv4b8Ug,UCBmPfbqvGwTTfrV-H_UOfdw,2026-07-30 06:21:52,109113,5309,104,119.89,120.14,0.11,1
5kkZ0yDRgmg,UCO8ToDSM2Gvt3EZdOdosxTw,2026-07-21 09:00:21,69972,1096,49,119.99,120.25,0.01,0
5l3hi0W4NH4,UCL2ZLyAV0H9Pvi46W7TGdHQ,2026-07-26 11:00:12,949409,8238,146,120.0,120.0,0.0,1
5lIAS5x20F4,UCZ6mNZTiTUrUSbSYPlclI4A,2026-08-22 11:00:35,41423,977,48,120.0,120.0,0.0,1
5lKTuu6Rk4Y,UCkphwoGMBs2_0raLOqu9aQw,2026-08-12 12:00:02,104,2,3,120.0,120.0,0.0,0
5lLjlYHNLdk,UCPGl9DV2WUgaqGVXtVrhJWQ,2026-08-14 15:00:24,34,0,0,120.0,120.0,0.0,0
5lNhVhuoE-w,UCWVS5IJOkNnkKS5rjiAt9rw,2026-07-24 09:03:59,62338,513,76,119.94,120.19,0.06,0
5le-BTSx4uc,UCYM01qjjE_hmqFQAmOo-lNg,2026-07-23 14:43:15,590,6,0,119.78,120.03,0.03,0
5liMOChbd_Q,UCarBV0zWlC2k-HteyeKqfag,2026-08-13 08:24:56,12645,58,0,119.84,120.09,0.09,0
5lnqTtDLJjg,UCMswODzU1ZjjrLyUk7NfwPA,2026-08-11 10:11:29,359316,3150,53,119.81,120.06,0.06,0
5luRECwVTKc,UCSrQnB-Ip9hc0biFQ3HoKzg,2026-08-31 04:50:42,9914,409,23,119.92,120.17,0.08,0
5mQTHxnwfT4,UCV7WE8I_UiAN0fa6Arezx_w,2026-08-11 14:00:34,47,1,0,119.99,120.24,0.01,0
5mT2xT0ljJs,UC8aCmG_y4DqqVI9Xlcym1Jg,2026-07-23 20:30:26,138,8,0,120.0,120.0,0.0,0
5maK88xpAD8,UCtRiSpvkhtRXaSjVjEB9LKg,2026-07-26 08:23:16,1435,14,1,119.86,120.12,0.12,0
5md_8D6rahM,UCPoEVLrQMMXICwULGDwfvug,2026-08-09 02:59:34,11023,166,11,119.76,120.01,0.01,1
5mjrR4UE83U,UC3hCAmwyYNgRuOOSFV7evVA,2026-08-03 10:00:17,26611,230,18,120.0,120.0,0.0,0
5mnisksCUtg,UCcum1rCJ5GJeQ_xv0xrohqg,2026-08-06 04:03:39,27652,1238,52,119.94,120.19,0.06,1
5mr4Yu3VdiA,UCvAetSOU_4lyjM5hVMNzN0Q,2026-08-04 16:40:33,36060,470,24,119.83,120.08,0.08,1
5n2HTohGc7w,UCIQEX0V3QxP-tY_jpRT-waQ,2026-07-24 09:00:13,4530,182,26,120.0,120.0,0.0,0
5nAEzWGtjDY,UCZ-UuK86Bk5sGzQQ2cEglJQ,2026-08-21 09:02:56,67414,1107,38,119.96,120.21,0.04,1
5nI8j6TRSiI,UCABvetlXpdOwFz10fCpJkwQ,2026-08-29 01:35:51,112764,598,208,119.91,120.16,0.09,0
5nM3KMgJB1s,UCd9oeoY-jLSkhd-J5y_1aYg,2026-07-14 13:23:35,678,4,0,119.86,120.11,0.11,0
5nSyrf8NObU,UCv1tOT645xHOJrwdGlzjMaA,2026-08-26 06:02:47,9614,179,26,119.97,120.22,0.03,0
5nVdvxYdVA4,UCIvLQ5lZ2kebqnLaGv_FP4w,2026-07-29 12:16:29,2065,14,1,119.98,120.23,0.02,0
5nc34-ViDNo,UCvrxJgD0T_TFvgsO2nA-fDQ,2026-07-13 20:12:04,116270,1214,184,119.8,120.05,0.05,0
5neC3HNglgI,UCt8CJiye87FMbEwt0npPMuQ,2026-08-22 16:15:19,4607,181,18,120.0,120.0,0.0,1
5nrCcLjt8dQ,UCt8CJiye87FMbEwt0npPMuQ,2026-07-17 16:00:29,6616,293,11,119.99,120.24,0.01,1
5nrn3CBCF9k,UCKVt3arMXfa6XZezR1UnjqQ,2026-08-13 22:00:38,11042,56,3,119.99,120.24,0.01,0
5nsWzyUpZ90,UC_m_uqd_9s0hZvlgfvCzqbQ,2026-08-25 08:35:26,269,2,0,119.92,120.17,0.08,1
5ntleA1PpZA,UCc1VJX_5Z2RdGi58XU4IfbA,2026-08-16 06:30:15,503,11,0,120.0,120.0,0.0,0
5nuxRpiq_MI,UCPsZX-D7LW99PjZLA-UysPQ,2026-07-25 09:00:15,453,7,0,120.0,120.0,0.0,0
5oAuSlHLFng,UC4oe-OVZ2Ho-03yrMkrXomQ,2026-07-27 04:30:07,189606,4668,219,120.0,120.0,0.0,1
5oKl5Su2_LA,UCWwbZhw5M-Q5dZtTK4nDWNw,2026-08-13 03:00:25,25389,400,5,120.0,120.0,0.0,1
5oOK74xKwy0,UCKC4R6B8bTLIKH1V9PyD7Iw,2026-08-31 11:00:34,24340,211,3,120.0,120.0,0.0,1
5oUDATPZQ9s,UCj_Qjpp00f_Fjbn2P4bQzJA,2026-08-16 06:15:50,107289,1981,252,119.99,120.24,0.01,0
5ohF3vtIaWM,UCbFLnCfOet-u_kFyA7uX-9Q,2026-08-23 05:33:35,19379,447,44,119.95,120.2,0.05,0
5otkAGjQUAc,UCeB_ZeSo0xDL62wWlkTEtjA,2026-08-04 13:11:24,19092,175,70,119.81,120.06,0.06,0
5ovKzY5y91E,UCXAXCxTCCYYKsLJNzEvjqfw,2026-08-26 03:20:06,30701,2112,42,119.93,120.18,0.07,0
5pKmX0werXw,UC_Cp4dXpd94km5Syq2x-xig,2026-08-14 02:27:28,314,2,0,119.8,120.05,0.05,0
5pMPGGkNZT8,UCWVS5IJOkNnkKS5rjiAt9rw,2026-08-06 12:28:00,37898,276,57,119.79,120.04,0.04,0
5pPxAsl8oxw,UCV7WE8I_UiAN0fa6Arezx_w,2026-08-22 11:00:21,21,0,0,120.0,120.0,0.0,0
5pSRW6yC6m4,UCifCesg-EUkjKyQedaB3hRg,2026-08-15 03:14:07,681,15,0,119.77,120.02,0.02,0
5q0AjQ-9EDQ,UCBo7GIv99qTzHaa6ip09YLA,2026-08-16 08:30:01,7891,17,1,120.0,120.0,0.0,0
5qMWY5pmglI,UCpcTrCXblq78GZrTUTLWeBw,2026-08-08 05:30:20,84564,632,29,120.0,120.0,0.0,0
5qieDunQcMw,UCifCesg-EUkjKyQedaB3hRg,2026-08-08 22:41:59,17354,448,3,119.8,120.05,0.05,1
5qjoeyTzjLw,UCirJgPv8RtFaFMj39b6cD8Q,2026-07-27 03:00:09,29177,142,6,120.0,120.0,0.0,1
5qmwER5KkTw,UCq6bX1rAJqwt3LmYuHrDPqg,2026-08-30 22:07:16,23808,22,2,119.9,120.14,0.1,0
5qq5AYLXoZg,UCWZqSCSNZT3X8e_HyCJoXMg,2026-07-30 12:13:39,101735,2660,28,119.77,120.02,0.02,1
5r0_aX9CfyM,UC3hqiw3lZAXaMwhQvMGZkdw,2026-08-18 00:15:14,16181,75,8,120.0,120.0,0.0,0
5r9DXRgq3UA,UCby0vMKcLR05ZdS90aZd5og,2026-08-19 03:10:37,2977,5,3,119.84,120.08,0.08,1
5rBsejaDMsI,UCv1tOT645xHOJrwdGlzjMaA,2026-07-31 03:00:06,39451,1919,148,120.0,120.0,0.0,0
5rK7crTj6p4,UCV7WE8I_UiAN0fa6Arezx_w,2026-08-04 02:29:40,93,3,0,119.76,120.01,0.01,0
5rY5S_lldnM,UCV6mNrW8CrmWtcxWfQXy11g,2026-08-28 15:30:12,383626,13404,419,119.76,120.01,0.01,1
5raddj7W_QY,UCg5-nd3qoNnz5dzkX-O0b8A,2026-08-17 10:33:19,6579,190,11,119.95,120.2,0.05,0
5rtakDLIwSg,UCKVt3arMXfa6XZezR1UnjqQ,2026-08-21 22:00:35,16757,80,2,120.0,120.0,0.0,0
5sDKOYhjYMk,UCN7FA8FwikP2p5Vrs5kiivw,2026-07-26 13:00:19,29062,385,16,120.0,120.0,0.0,1
5sE537-8Z3Y,UC-okJdotaXPlzivRzHFqzuA,2026-08-05 16:42:16,133698,2659,3,119.8,120.05,0.05,0
5sFYq0XDxd0,UCyZtdaxIiGb4wp5AmkEMrwQ,2026-08-09 04:31:51,44080,1224,12,119.97,120.22,0.03,1
5sHOacYdwSo,UCW1FuNP_2X03y7H0HIujOTA,2026-08-03 01:39:46,7839,20,5,119.84,120.09,0.09,1
5sJQtiVtKn8,UC2yOBpLVwB7kzt9C5ZPbB7w,2026-08-19 13:00:32,172283,2337,76,120.0,120.0,0.0,1
5sU5ZhEyxh0,UCrY2B2XX41ReYh9DIWrFfCg,2026-08-27 04:34:14,13819,,14,119.94,120.19,0.06,1
5sd8kpTG1fI,UC-8S20Ll1gzPiu_YY8BgyaQ,2026-07-29 08:00:33,56740,457,15,119.99,120.24,0.01,0
5slyMRSDLkE,UCxPMcxq7WJ32M3lnFn58Cpg,2026-08-13 09:33:53,992,5,1,119.94,120.19,0.06,1
5smGyALKys8,UCN5oT4zGJX-_H6pE5isAEeg,2026-08-24 22:00:31,189469,3733,172,120.0,120.0,0.0,1
5sp5FZv6x_c,UCJmnOEp1-OITEU0mk4icM5A,2026-08-26 07:00:09,73554,813,337,119.76,120.01,0.01,0
5swVkPiS1VA,UCZ-B_El841ME7qGXvYinGmw,2026-08-15 11:40:02,12954,112,15,119.84,120.09,0.09,1
5taKt8tBxKg,UC_E_qYfGKM3C0kqrp1p8z7Q,2026-08-28 17:00:23,1021,32,2,119.76,120.01,0.01,1
5taXRmxlpxk,UCPGl9DV2WUgaqGVXtVrhJWQ,2026-08-31 10:06:24,4,0,0,119.91,120.16,0.09,0
5tpjrew00v4,UCV7WE8I_UiAN0fa6Arezx_w,2026-08-13 21:00:27,29,1,0,120.0,120.0,0.0,0
5u0JstuOas8,UC8a9-ubjMyQkDH9Jr8EX0JQ,2026-07-12 18:33:47,131,1,0,119.94,120.19,0.06,0
5uEVQZmPkWM,UC-2JsFNClcIesgd7UmtGnpw,2026-08-29 02:00:21,9602,261,63,119.75,120.01,0.01,0
5uPTZbX5krQ,UCyU5JQ8KVRD9jE4E_xLsHxw,2026-07-16 09:00:07,29,4,0,120.0,120.0,0.0,0
5uQ3NxnZP_c,UCFHUplScMiWTjJrtv4hxWmg,2026-07-25 07:38:41,47217,409,77,119.86,120.11,0.11,0
5uTHuobmqnQ,UC-8S20Ll1gzPiu_YY8BgyaQ,2026-07-27 08:00:12,228883,2522,67,120.0,120.0,0.0,0
5uZ1hULOvd4,UCEg24oF81p-THPtp3otdmTA,2026-07-28 09:39:09,94940,2266,45,119.85,120.1,0.1,1
5ufCcZWnv2Y,UCbItyvYa6cqvqtwlU2E9-wA,2026-08-23 18:23:19,7691,446,41,119.87,120.12,0.12,0
5uu7oW7GQMs,UC_Xb6sEXAdNv9nHU4988vmg,2026-08-23 10:00:36,1074064,,2,120.0,120.0,0.0,1
5v5eyKIlhF8,UCS-X1uBDTNwAYyydiXjcX9A,2026-07-22 06:34:25,17096,251,24,119.93,120.18,0.07,0
5vBu9CB7lEU,UCa4clnMsHg6uJPpxKbxCEmA,2026-08-01 00:00:07,44520,557,41,120.0,120.0,0.0,0
5vD819QpU4c,UCePy6AqRuTfKDC4aTrqcAqQ,2026-07-31 08:07:10,663,59,14,119.88,120.13,0.12,0
5vOPjK_84us,UCZ6mNZTiTUrUSbSYPlclI4A,2026-08-21 10:20:43,17777,716,32,119.92,120.17,0.08,1
5vQ9sido4mI,UCt8CJiye87FMbEwt0npPMuQ,2026-07-16 17:45:24,28315,1627,87,119.99,120.24,0.01,0
5vbEW07NgS4,UCvjzWMh2bihwlIN-WRtddkg,2026-08-07 10:12:14,2902,31,4,119.8,120.05,0.05,0
5vg01ksZmf0,UCt8CJiye87FMbEwt0npPMuQ,2026-08-10 14:20:31,3671,149,11,119.91,120.16,0.09,1
5vrw-pbC77M,UCqRz_-l3GCmWb92u8P33RYQ,2026-07-30 07:45:30,40484,312,49,120.0,120.0,0.0,0
5vtEbDz422I,UCgjaQlejpAnIu0q-xtVfTEw,2026-08-29 04:18:51,45852,425,55,119.95,120.2,0.05,0
5w03TDkkchU,UCOTJtP0Z9DjpPU43B5m1V6A,2026-08-09 09:30:35,152104,1232,58,119.99,120.24,0.01,0
5w0pcBiNc5Q,UCWwbZhw5M-Q5dZtTK4nDWNw,2026-08-05 03:00:27,70950,1071,20,119.99,120.24,0.01,1
5w2kEXl_Bs4,UCJDXc9JWCZo-nLNKr_-L2Ng,2026-08-22 14:00:38,4857,121,7,120.0,120.0,0.0,0
5wG_DGj0mN0,UCfQOeRevRI14uNqluiJ7TeQ,2026-07-31 08:33:45,125,4,0,119.94,120.19,0.06,0
5wLC9w4a47c,UC_9W6Z5Y3lDpLk47Y_y5ITQ,2026-08-27 13:16:14,36377,240,28,119.99,120.24,0.01,0
5wmQaJI8o4w,UCzju3TlIRi6tkO9o4gwXdVA,2026-08-20 22:51:28,17412,,30,119.9,120.16,0.1,0
5wxln-snZ90,UCPsZX-D7LW99PjZLA-UysPQ,2026-08-10 15:00:20,185,2,1,120.0,120.0,0.0,0
5x-pAUQH_UM,UCJoWNCiFuiN4eZnB80WUf4Q,2026-07-20 05:30:32,138742,2194,134,119.99,120.24,0.01,0
5x0yg5FPaQ0,UC9JlObZnbOirT4_iyPGrdcw,2026-07-11 12:00:31,43630,283,53,119.99,120.24,0.01,0
5x8oIChMtIQ,UCw1DsweY9b2AKGjV4kGJP1A,2026-08-13 10:02:20,37167,112,32,119.96,120.21,0.04,0
5xOMIgoThqA,UCCd3jyJmOFzkJEMj5Bp89rw,2026-07-16 23:00:24,2508,86,0,119.99,120.24,0.01,1
5xc7scMEEYk,UCZ49HaU_D0Tlf1aDA2jU_Vg,2026-08-16 12:30:50,56368,485,195,119.99,120.24,0.01,0
5xi6L8xx2D4,UC1aBdmKvC6yAiq4xgPLOzKA,2026-08-26 03:46:10,167987,1109,39,119.99,120.24,0.01,1
5xjjGP3RR4M,UCzps05UZ7XpX3SFoFyYIDow,2026-07-22 04:29:38,9900,149,9,119.76,120.01,0.01,0
5xrkXARSOkc,UCnCFD3met1Ip7OngdF9TRDg,2026-07-29 12:05:49,6655,84,11,119.91,120.16,0.09,0
5xwyKRY4g1o,UCpcTrCXblq78GZrTUTLWeBw,2026-07-19 23:31:26,1207007,26941,289,119.98,120.23,0.02,1
5y-eLicYehU,UCl-VnCUwSxDr5zPu-YlDUYw,2026-07-14 08:00:32,78538,822,40,119.99,120.24,0.01,1
5yB59OYjFo0,UCby0vMKcLR05ZdS90aZd5og,2026-07-12 20:45:29,139,2,0,119.99,120.24,0.01,0
5yFWWiB6PSE,UCN7FA8FwikP2p5Vrs5kiivw,2026-08-19 11:00:23,28471,340,8,119.75,120.01,0.01,1
5yT-To7R7kU,UC2f8VfmEF2_0-rFN4RNHaNg,2026-07-30 14:54:19,34203,682,297,119.85,120.1,0.1,0
5ypjg2Svy48,UCAl4HWznMn7KhKBRFO5eiFA,2026-08-08 08:00:02,17578,130,5,120.0,120.0,0.0,0
5yuRyKaXq-Y,UCoIEwIHhW-1_roLnb5nK_UA,2026-08-29 14:51:28,15337,27,19,119.91,120.16,0.09,0
5zCs9XKLBF4,UCMAfHuocszM6UTORPwUmeNw,2026-08-19 14:21:10,16710,396,0,119.91,120.16,0.09,0
5zJ0yvJyOgw,UCrwOSKEMgNGb1SIWqiYaulA,2026-07-27 11:19:24,23288,475,4,119.93,120.18,0.07,1
5zUZM2TU76I,UCirJgPv8RtFaFMj39b6cD8Q,2026-08-23 03:00:09,4998,46,1,119.76,120.01,0.01,1
5zYjY_fanBA,UCMswODzU1ZjjrLyUk7NfwPA,2026-08-04 11:45:10,44307,487,39,120.0,120.0,0.0,1
5zafevcSfTw,UCAhmOb9JWkI2HV_KIe9X_3A,2026-07-23 09:00:33,4067,155,0,120.0,120.0,0.0,0
5zarEzIZZQc,UC4oe-OVZ2Ho-03yrMkrXomQ,2026-07-11 04:30:06,327549,6469,75,120.0,120.0,0.0,1
5zgwwl0e8wE,UC60HSePkZwGFzRj6VSDa6Ew,2026-08-19 17:55:00,4629,58,7,119.84,120.1,0.1,0
5zrWSs1pBLE,UCifCesg-EUkjKyQedaB3hRg,2026-08-11 01:51:42,500,6,1,119.89,120.14,0.11,0
5zsQTULXrcY,UCmiTZyj9GwMjyznZxrgCH4Q,2026-08-24 10:31:23,247497,2806,54,119.99,120.24,0.01,0
5zt-fUbKsFU,UClHGjnruf4A9Us7CHVgLIEQ,2026-08-13 03:16:47,6360,47,3,119.97,120.22,0.03,1
6-L7IcdZnVM,UCV6mNrW8CrmWtcxWfQXy11g,2026-08-27 10:00:14,404938,13441,214,119.76,120.01,0.01,1
6-RITCwMwI8,UCMo4MnhHhSDkiUIXS6dytTQ,2026-08-29 10:30:19,25605,290,32,119.76,120.01,0.01,0
6-VLdCR4ElU,UCBmPfbqvGwTTfrV-H_UOfdw,2026-08-04 05:00:27,97074,1502,46,119.99,120.24,0.01,1
6-Zy0uhyBNg,UCc1VJX_5Z2RdGi58XU4IfbA,2026-08-12 06:30:20,561,10,0,120.0,120.0,0.0,0
6-wzY26Kfk4,UCZRH94I89Ps7giJYeK6DlWA,2026-08-29 03:00:38,135710,971,92,120.0,120.0,0.0,0
6-x8slsen1k,UCV7WE8I_UiAN0fa6Arezx_w,2026-08-12 09:00:36,28,0,0,119.99,120.24,0.01,0
6-xKtoBWkjg,UCaMV-CjrWYh2Aefg_8iLwJQ,2026-07-14 09:00:26,61778,375,79,119.99,120.24,0.01,0
608quvWjMyY,UCw55Gv3z7xgtG34fOP1-Aiw,2026-07-25 14:02:13,187,3,0,119.97,120.22,0.03,0
609wmEIej4A,UCKrprPfevcAZpPuRnCO6xOA,2026-08-21 09:00:35,1408,13,4,120.0,120.0,0.0,0
60Xssi3jGi8,UC-pobd8lZE33BSDz-iyHfJQ,2026-08-11 00:52:57,1204,12,0,119.87,120.12,0.12,0
60hMBFYPPZ8,UCnDcpS7XLQ9KFPqULb9TH8g,2026-08-22 09:00:05,119011,2021,57,119.76,120.01,0.01,1
60pagbqqdU0,UCwBkHOTyu57NQi0syf5MLig,2026-08-12 00:00:06,186764,897,48,120.0,120.0,0.0,1
611mOgpP6Ao,UCTVkjiEiaiSbEq0Qwd5XTPA,2026-08-27 15:05:01,3231,25,2,119.93,120.18,0.07,0
61E2ki3UAa4,UCDmmbxGg8g-EBkC_ku6vybg,2026-08-19 12:00:32,42171,972,255,120.0,120.0,0.0,0
61GNsA6Pcok,UCbvvdVOF0teLO-U6GWh1RKg,2026-08-17 04:44:33,3060,46,8,119.76,120.01,0.01,0
61L7aN73cEg,UCvPDPTxTLitVEyGu4Xt6m8g,2026-08-03 09:03:59,20509,159,15,119.94,120.19,0.06,0
61LmkWevf7c,UCN5oT4zGJX-_H6pE5isAEeg,2026-07-31 22:00:36,874006,12527,436,119.99,120.24,0.01,1
61OcwtC7uKs,UCAGUSx1hbPKDqzBZH7bTjiA,2026-08-20 12:00:23,72165,833,68,120.0,120.0,0.0,0
61SFXNsiMe8,UCJpAwvQaZyCI5spAz7tipGA,2026-08-15 08:30:06,364708,1739,242,120.0,120.0,0.0,0
61X43we2Nto,UCL_IvtOZo6sONpiydbzzHpA,2026-08-27 04:41:23,64443,900,17,119.82,120.07,0.07,0
61XD_JI7ytk,UCFQWqbfZ-iEG3K_DRgHwnCw,2026-08-08 06:20:31,29,0,0,119.91,120.16,0.09,0
61mldNeX2WU,UC4VWaR3R17Ruc7j1Cy1-PKQ,2026-08-30 03:54:16,445,1,0,119.86,120.11,0.11,1
61qEs7AGwio,UCjUnlBpn0Z1L450g79fniRg,2026-08-07 14:38:18,984,,0,119.86,120.11,0.11,0
61s78PR-KDw,UCb3wpKfVlnPx2bym2Tivbzw,2026-08-13 15:50:55,34168,510,51,119.9,120.15,0.1,1
61ulR87T0sE,UCGi94VU356EAvQLgODywyrA,2026-08-16 19:20:29,4877,82,0,119.91,120.16,0.09,0
61xcrga4c70,UC783XWULPW-nDGv_0EYlB6Q,2026-07-20 09:30:14,53956,814,144,120.0,120.0,0.0,0
62DLVUJaBLo,UC-8S20Ll1gzPiu_YY8BgyaQ,2026-08-08 13:00:18,68428,478,44,120.0,120.0,0.0,0
62YDzZN60rU,UCHJv9xBR9lkzGSIepie-T_A,2026-08-31 21:30:08,4483,57,6,119.76,120.01,0.01,0
62ikipmS8lg,UCPuD5ZRQWa_JCaY5NokNhtg,2026-08-30 08:21:17,1118,7,2,119.91,120.16,0.09,0
62ivg90wA_Y,UC9qwDE50UcXvdplRNZKEoPA,2026-07-30 07:44:59,28782,557,49,120.0,120.0,0.0,1
62kEkuk1cdA,UCktXAh1Sd7wf8eQHc029-8g,2026-08-17 09:00:16,3584,20,8,120.0,120.0,0.0,0
62pVuI6BB9E,UClHTjLVog7CkRF8tYJuNXXQ,2026-08-24 22:08:11,149,8,4,119.88,120.13,0.12,0
636tWC3icQs,UCkphwoGMBs2_0raLOqu9aQw,2026-08-17 12:48:52,143,3,3,119.94,120.19,0.06,0
63DbO2yGtwc,UCzDmGDR5RdahQkLCBoWlTEg,2026-07-11 09:00:31,84900,459,76,119.99,120.24,0.01,0
63OnWK5cgVw,UCAhmOb9JWkI2HV_KIe9X_3A,2026-08-29 03:07:34,27403,164,12,119.89,120.14,0.11,0
63T28GaiOpg,UCqFmG6ofirSWvI9B8mwzvyA,2026-08-11 08:30:04,487,15,0,120.0,120.0,0.0,0
63cK7Y_BRaA,UCTV_Bra7kaUhtJg0oUCojfA,2026-08-19 08:19:03,3137,28,7,119.94,120.19,0.06,1
63cL80jeRVA,UC9qwDE50UcXvdplRNZKEoPA,2026-08-15 02:00:17,16531,316,31,120.0,120.0,0.0,1
63mqZ3hS8Ms,UCta3D5-EYqO-pduQLxQ8mNQ,2026-08-13 04:51:49,2826,17,5,119.89,120.14,0.11,0
63wGaRool6E,UCsRiYH-VrZ2mYsohk7GhLdQ,2026-07-21 13:24:42,76183,2822,147,119.84,120.09,0.09,1
649B1QmN9WM,UCKrprPfevcAZpPuRnCO6xOA,2026-07-24 09:30:39,975,6,2,119.99,120.24,0.01,0
64C_6iBr1dk,UCdm06VHBWF5Mg5kYxffzikw,2026-08-02 01:00:22,6566,47,18,120.0,120.0,0.0,0
64Cx8y_a6ss,UCjiXXUsdl0F0aUkTbv8ZVTA,2026-08-05 12:47:15,4993,253,6,119.96,120.21,0.04,1
64KXfoNX6rU,UC7hwQp3F6P_OwyRM14p88iQ,2026-08-30 15:48:54,113620,326,0,119.95,120.2,0.05,0
5QEHbtVWp2Q,UC6YqXiwCBfPvPTs3wXgWElQ,2026-08-26 06:51:49,1305,10,0,119.9,120.15,0.1,1
5QInbXt0-L8,UCCd3jyJmOFzkJEMj5Bp89rw,2026-07-15 15:00:38,2133,143,2,119.99,120.24,0.01,0
5Qha2DbQ9SY,UCk1NTIlGP27bQEumkw6sDVA,2026-08-22 09:00:14,9111,99,17,119.76,120.01,0.01,0
5QtD62DHgkw,UCHK-FRuAjk8g798dD7L7xqA,2026-08-29 04:00:23,23451,545,16,119.76,120.01,0.01,1
5Qw6ZrHzWqo,UCWZqSCSNZT3X8e_HyCJoXMg,2026-08-19 11:21:12,46589,867,24,119.91,120.16,0.09,1
5QxYvgAGXlk,UCkd3KAYGnTNPJZZrPOFeWhA,2026-08-28 10:59:34,15647,40,8,119.77,120.02,0.02,0
5R7_6E2nQzg,UCKVt3arMXfa6XZezR1UnjqQ,2026-07-27 09:00:01,11698,27,2,120.0,120.0,0.0,0
5RCJZP2JTfE,UCV6mNrW8CrmWtcxWfQXy11g,2026-08-18 20:48:09,88992,1633,139,119.96,120.21,0.04,0
5RRXFpHio4I,UCV7WE8I_UiAN0fa6Arezx_w,2026-08-20 15:00:19,26,0,0,120.0,120.0,0.0,0
5RbIaXzG7Mo,UC_m_uqd_9s0hZvlgfvCzqbQ,2026-08-04 11:18:04,1057,3,0,119.95,120.2,0.05,1
5RmLXEeQH4o,UC2k1bSUZ4X02jMs_sTS9jiQ,2026-08-24 09:01:46,12817,209,17,119.98,120.23,0.02,0
5RpSdYfh4Ik,UCpTNtH8yc1Kdl_YFfsQsTYA,2026-08-09 09:00:16,63292,155,22,120.0,120.0,0.0,1
5RwOR3J9zww,UCM81CAJ2_Y42-bvK1OQnAAA,2026-08-30 13:04:07,87164,378,242,119.95,120.19,0.05,0
5RylmgS1zNs,UCWwbZhw5M-Q5dZtTK4nDWNw,2026-07-26 03:00:20,137323,1498,18,120.0,120.0,0.0,1
5S90hOwl894,UCXAXCxTCCYYKsLJNzEvjqfw,2026-08-21 17:08:19,20197,175,243,119.87,120.12,0.12,0
5SA_WJ0jVaU,UCrY2B2XX41ReYh9DIWrFfCg,2026-07-14 09:38:50,4207,,16,119.85,120.1,0.1,0
5SCo0ty0mck,UC_m_uqd_9s0hZvlgfvCzqbQ,2026-08-04 11:17:43,1059,1,0,119.96,120.21,0.04,1
5SFDY347lpA,UCZPBWThSlgWT0DVaxxUEX4A,2026-08-11 09:19:02,186,3,0,119.94,120.19,0.06,0
5SKl1rJOwAw,UCAl4HWznMn7KhKBRFO5eiFA,2026-08-14 11:15:22,20772,56,2,120.0,120.0,0.0,1
5SR4qq9ZDMU,UCgjaQlejpAnIu0q-xtVfTEw,2026-07-16 05:00:14,56334,956,28,120.0,120.0,0.0,1
5Sbv7z3fR1w,UCdoTrHNHnoRbaQenxK5PEUg,2026-07-25 08:49:20,121,1,0,119.93,120.18,0.07,0
5Sfrg-fAkSg,UC8FErYSi74YwGUAoTpjvgzQ,2026-07-16 09:30:31,8243,182,5,119.99,120.24,0.01,1
5SnObaMaU5c,UCifCesg-EUkjKyQedaB3hRg,2026-08-05 17:06:46,156508,1580,17,119.89,120.14,0.11,0
5T8QSDhsIIU,UCBmPfbqvGwTTfrV-H_UOfdw,2026-08-12 05:36:20,167857,2760,39,119.9,120.15,0.1,1
5TdU36qvgB8,UChHxLcNi7e0zu-e33HM6v6A,2026-08-27 03:00:25,26870,144,57,120.0,120.0,0.0,0
5TrfJa6OeeE,UCYS2NvZlSjrxZfnn1v7b3QQ,2026-07-27 16:05:26,4,0,0,119.91,120.16,0.09,0
5TzByDeaCpY,UCHeg3ApmuXQbqqszaD1fR9g,2026-08-26 02:00:10,27254,353,8,119.76,120.01,0.01,1
5ULKviZoWHw,UCyz5WVrb-cz3myY04x_kVYw,2026-07-28 14:13:10,260,6,0,119.78,120.03,0.03,0
5UtsbcBaC5E,UCOTJtP0Z9DjpPU43B5m1V6A,2026-08-11 05:02:22,471170,2461,85,119.96,120.21,0.04,1
5V55uglQtuE,UCV6mNrW8CrmWtcxWfQXy11g,2026-08-06 14:00:30,77103,3595,52,119.99,120.24,0.01,1
5V6ff8J6RyQ,UCkavlo6q2XfO_MA9Q24wRvw,2026-08-13 10:02:41,503,6,2,119.96,120.21,0.04,0
5VGNxyhDt6A,UCTK7GGeH0c9INAEnV2EfD0Q,2026-07-14 09:00:09,19416,505,62,120.0,120.0,0.0,0
5VP0-JeSksM,UCIsrVj53L57rcLAPOre4Xhg,2026-07-22 07:00:16,72917,614,82,120.0,120.0,0.0,0
5VQQ6tz5Lbg,UCAGUSx1hbPKDqzBZH7bTjiA,2026-08-12 05:00:22,50659,632,99,120.0,120.0,0.0,0
5VQS9ykKrO8,UCJDXc9JWCZo-nLNKr_-L2Ng,2026-08-24 15:00:02,2826,76,17,119.76,120.01,0.01,0
5VQh6nXNT9o,UC-yb5eNBQyXBE9nZnht9u-g,2026-08-02 10:17:09,10682,252,11,119.97,120.22,0.03,1
5VULKDTIqkw,UCQSEAbOs6vsJfy7WN7iYaGQ,2026-07-27 21:40:17,52730,1303,36,119.83,120.08,0.08,0
5Vt2JbAK0dc,UCab17MxxnFtAhGsJVTkSkCg,2026-07-28 07:23:57,1569,24,9,119.85,120.1,0.1,0
5VubifbozrU,UCV7WE8I_UiAN0fa6Arezx_w,2026-07-19 20:00:23,49,1,0,119.99,120.24,0.01,0
5W2zBvpcMwc,UCSzHok6X5qXEO7cjvVnE62g,2026-07-31 08:00:34,46282,256,58,119.99,120.24,0.01,0
5W6gkximuVs,UCg5-nd3qoNnz5dzkX-O0b8A,2026-08-23 02:10:52,4691,86,3,119.83,120.08,0.08,0
5WibozYUlLc,UCpcTrCXblq78GZrTUTLWeBw,2026-08-27 12:30:05,147858,554,30,119.76,120.01,0.01,0
5WohgZW__dY,UCTVkjiEiaiSbEq0Qwd5XTPA,2026-08-16 15:21:21,312,8,3,119.9,120.15,0.1,0
5WyFJtYy74k,UC6oq8RPEH1BmtyldQgXVbJw,2026-08-01 12:38:34,59835,385,112,119.86,120.11,0.11,1
5XUMr1FdG20,UCl402YYy7RcH7PBI3npmGPQ,2026-08-13 02:47:34,164622,866,167,119.96,120.21,0.04,0
5Xc5n2CXN8M,UCwfbSsZ7_sccxcibe60mWlQ,2026-08-27 09:21:21,52104,66,33,119.91,120.16,0.09,0
5XqC5Zib_WQ,UCV6mNrW8CrmWtcxWfQXy11g,2026-08-21 10:00:21,36598,1389,55,119.76,120.01,0.01,1
5Y2FAeQe4ME,UCarBV0zWlC2k-HteyeKqfag,2026-07-22 18:04:35,12447,68,0,119.93,120.18,0.07,0
5Y66MHpie2E,UC9M8GGVwPqc9ubNruArCNPg,2026-08-05 07:00:30,35854,1433,103,120.0,120.0,0.0,0
5YLUMt_B6AI,UCL2ZLyAV0H9Pvi46W7TGdHQ,2026-08-01 11:00:26,23441,153,66,120.0,120.0,0.0,0
5YMoA_68byQ,UCkavlo6q2XfO_MA9Q24wRvw,2026-08-12 09:22:47,363,0,0,119.87,120.12,0.12,0
5YTQO29ZBuo,UC3RzmV2LX3AmWhZVx0A7u0A,2026-08-07 07:02:23,67096,1367,333,119.96,120.21,0.04,0
5YofwthhFAs,UCwfbSsZ7_sccxcibe60mWlQ,2026-08-15 03:38:07,10813,37,15,119.87,120.12,0.12,0
5YsuJkPTLFU,UCN5oT4zGJX-_H6pE5isAEeg,2026-08-30 22:00:13,339953,5794,226,119.76,120.01,0.01,1
5Yt3bV85fjM,UCms8Ge7H1ZGgw6nV94fUhUQ,2026-08-12 09:00:23,16797,237,21,120.0,120.0,0.0,1
5ZB0R6hdRpA,UCaHIZAKows704_gk6bjdAog,2026-08-11 13:32:53,60766,788,129,119.95,120.2,0.05,0
5ZKTeyYCoCk,UCW_Ptq0v8ck67w9oKiwXz2g,2026-08-04 10:49:56,169,1,0,119.92,120.17,0.08,1
5ZP9KM0sGHU,UCYJ0Ucu9jPX5kn6SeDcNaIQ,2026-08-28 16:23:11,14308,77,4,119.88,120.13,0.12,1
5Ze9l1nNEf0,UCcum1rCJ5GJeQ_xv0xrohqg,2026-08-17 04:01:17,156484,5269,420,119.98,120.23,0.02,1
5Zf25-zb0zk,UC1q4Ihlv_YhLELw-ijE0Diw,2026-08-19 12:00:09,167673,3720,205,119.76,120.01,0.01,0
5_AZwMOPXPI,UCBmPfbqvGwTTfrV-H_UOfdw,2026-08-13 05:45:14,731764,7525,146,120.0,120.0,0.0,1
5_CpfqaWCg8,UCqVkQsNin4MdGFrWvzFVOKw,2026-07-25 05:35:55,12292,95,3,119.9,120.15,0.1,0
5_G2xDNHQt0,UCuWDza8A_ntbjwBZgW0ZSNw,2026-07-30 07:00:01,16396,82,66,120.0,120.0,0.0,0
5_QAuaaKH0k,UC6YqXiwCBfPvPTs3wXgWElQ,2026-07-30 09:34:20,2649,9,2,119.93,120.18,0.07,1
5_di5h83h7A,UC_F-jhf8uO0fzrM7NQwvs3Q,2026-07-31 10:27:15,37,0,0,119.8,120.05,0.05,0
5_eyKTXFqwc,UCZ6mNZTiTUrUSbSYPlclI4A,2026-07-31 07:00:19,17167,999,29,120.0,120.0,0.0,1
5_hgZz-0tsQ,UCRCK5FCJtomQT3b88jXI_DA,2026-08-27 06:10:58,4872,,,119.83,120.08,0.08,0
5_q42NeAcxw,UCzDyC6JMEXEufozffWzI9Mg,2026-07-31 04:00:26,92078,1415,81,120.0,120.0,0.0,1
5_ueb8flUrw,UC78d2aaqdrt02RfmtRLmlAw,2026-08-25 18:15:39,39011,695,153,120.0,120.0,0.0,0
5a3F_93jdAM,UCwUdsbSoKjC9FDcpihDeXSg,2026-08-10 12:45:05,83559,47,19,120.0,120.0,0.0,1
5a9g_47GwyA,UCPsZX-D7LW99PjZLA-UysPQ,2026-08-08 03:00:40,385,4,0,119.99,120.24,0.01,0
5aKkoIp6dzA,UCV7WE8I_UiAN0fa6Arezx_w,2026-08-27 09:00:12,116,0,0,119.76,120.01,0.01,0
5ac5NoIdvX8,UCpcTrCXblq78GZrTUTLWeBw,2026-07-19 23:44:33,2355020,11066,92,119.76,120.01,0.01,1
5ahw8B0mUAU,UCBvkOBLsSj9kusGYlroQkBg,2026-08-02 13:06:25,360095,3692,121,119.9,120.15,0.1,0
5avBbMTrhgg,UCN9VGDvz2M3vdR0czEUp6lQ,2026-08-03 10:58:32,5592,27,10,119.78,120.03,0.03,0
5bGRzUOK87Q,UCZNTsLA6t6bRoj-5QRmqt_w,2026-08-28 17:00:06,56949,1370,16,119.76,120.01,0.01,0
5bOJI_9rawg,UCCd3jyJmOFzkJEMj5Bp89rw,2026-07-18 19:00:20,1979,100,1,120.0,120.0,0.0,1
5bYn4x13rys,UCBidluUUxzT_5jVOI_2x2MQ,2026-07-25 03:00:24,880,6,0,120.0,120.0,0.0,1
5bZ-PqghsGw,UCv1tOT645xHOJrwdGlzjMaA,2026-07-26 10:12:42,67018,1041,37,119.79,120.04,0.04,1
5bg1JN61JI4,UCPsZX-D7LW99PjZLA-UysPQ,2026-08-18 06:00:32,1537,12,5,120.0,120.0,0.0,0
5bvmhYjAFCo,UCei_ecYpQqFjYhjLaDPr2Lw,2026-08-07 02:00:38,79,7,0,119.99,120.24,0.01,0
5c-xNwzB0hI,UCXAXCxTCCYYKsLJNzEvjqfw,2026-07-14 03:51:36,77025,849,210,119.89,120.14,0.11,1
5c0Q-V0e7Nk,UCZuT6NXrfZzYbqCG_RWgSgA,2026-08-02 17:12:09,5431,22,15,119.8,120.05,0.05,1
5c11UPCYQo8,UCUR5w0E-jQTOO8Q0FZ4ilYQ,2026-08-21 09:00:15,233801,1051,406,119.76,120.01,0.01,0
5c14zXrl1yE,UCl402YYy7RcH7PBI3npmGPQ,2026-07-23 04:00:19,154270,727,168,120.0,120.0,0.0,0
5c33o6Y2ZpU,UC_m_uqd_9s0hZvlgfvCzqbQ,2026-08-25 08:35:07,464,2,0,119.93,120.18,0.07,1
5c88usZnDfQ,UCYxwKnNRv4FurQxeKcuR0Sw,2026-07-27 03:00:01,14,2,0,120.0,120.0,0.0,0
5cLmmt9FUoQ,UC2U8C7lmbQpfBeAW8fTP_jg,2026-08-26 07:04:40,16729,300,35,119.93,120.18,0.07,0
5cN16BlebXA,UCJDXc9JWCZo-nLNKr_-L2Ng,2026-08-25 16:00:08,1973,90,5,119.76,120.01,0.01,0
5cUrJKfM5wI,UC-8S20Ll1gzPiu_YY8BgyaQ,2026-07-14 12:55:03,71369,512,78,119.83,120.08,0.08,0
5cZFFkdw1x4,UCfq-5-0b5Lzj7cKCrp6-flA,2026-08-20 08:00:08,11439,650,46,120.0,120.0,0.0,0
5ci4Et4FhmY,UCkmUJzaZfP7Wsb5-89pAK4Q,2026-08-16 11:36:53,1705,35,0,119.89,120.14,0.11,0
5ciH_pOBtC8,UCaY7wcqhFb_c2eQ1eRB8rOQ,2026-08-29 05:00:20,22801,840,13,119.76,120.01,0.01,1
5cxae6Lg_tY,UCdQHEqTxcFzjFCrq0o4V7dg,2026-08-02 00:15:13,33091,1816,177,120.0,120.0,0.0,0
5d8dY-dnib0,UCeG0ONJtjwE20ThR5iSYdsA,2026-08-08 07:25:46,45303,590,89,119.82,120.07,0.07,0
5dESepEY3mQ,UCNpcMizRJ73OJm48LszuytQ,2026-08-31 08:00:08,10721,455,32,119.76,120.01,0.01,1
5dHjsNu9eIM,UCawK5EIfr66Z7fjAlZgfB2g,2026-08-27 10:22:31,9180,,3,119.89,120.14,0.11,0
5dWyXWl6Ty0,UCS-X1uBDTNwAYyydiXjcX9A,2026-08-13 07:10:18,18716,177,51,119.83,120.08,0.08,0
5dYkoLvRONA,UCHeg3ApmuXQbqqszaD1fR9g,2026-08-19 15:38:39,73,5,0,119.87,120.12,0.12,0
5do0viQYfsQ,UC-2wa6jvprl7hfCpvw0ULzg,2026-07-27 08:00:02,57398,1282,76,120.0,120.0,0.0,1
5dpC04T6KK8,UCOTJtP0Z9DjpPU43B5m1V6A,2026-08-22 02:30:18,132726,1255,89,120.0,120.0,0.0,0
5dqrNrVNGHI,UCFHUplScMiWTjJrtv4hxWmg,2026-08-01 13:36:24,45064,366,73,119.9,120.15,0.1,0
5dzH_hVYQik,UC_m_uqd_9s0hZvlgfvCzqbQ,2026-08-28 14:53:31,332,3,0,119.87,120.12,0.12,1
5eKxjp1imoM,UCdoTrHNHnoRbaQenxK5PEUg,2026-07-10 14:37:17,53,0,0,119.88,120.13,0.12,0
5eOOZxIFRDs,UCaY7wcqhFb_c2eQ1eRB8rOQ,2026-07-31 10:01:48,13412,347,26,119.98,120.22,0.02,0
5eTPEXt9PoA,UCIxcZWLQpP-mUZC6_Uljc_Q,2026-07-23 14:30:26,10362,55,32,120.0,120.0,0.0,0
5eWHa0PyPOk,UCSOeJWyByeoBHpmrm0NnlLw,2026-07-25 00:00:23,170629,1766,128,120.0,120.0,0.0,0
5eaw2AtknsU,UCzDmGDR5RdahQkLCBoWlTEg,2026-08-09 07:00:38,34099,236,5,119.99,120.24,0.01,1
5emeYR9Rl08,UCV6mNrW8CrmWtcxWfQXy11g,2026-08-15 22:00:33,255579,11221,117,119.99,120.24,0.01,1
5fK2HiBr4IM,UCDbOXmGL7EkmOcnUb5Kki4A,2026-07-10 09:57:46,34761,554,477,118.8,122.66,1.2,0
5fPZdPme0HM,UCjUnlBpn0Z1L450g79fniRg,2026-07-30 12:31:45,426,10,4,119.97,120.22,0.03,0
5fWjpIxY5Ms,UCpcTrCXblq78GZrTUTLWeBw,2026-07-18 11:50:03,1912829,10132,93,119.92,120.17,0.08,1
5fbTIgiqXKI,UCZaNYFjF_SRRJPVuGX7yMjQ,2026-08-13 04:21:58,5,2,0,119.89,120.14,0.11,0
5fjuazXCMBA,UCs0LzOveQMLImmmTrMmP2sg,2026-07-22 10:00:24,139280,481,35,120.0,120.0,0.0,0
5fqHAoZO7kk,UC8CIM3d3zDYMk-3T5aAz0yw,2026-08-14 10:27:26,668221,32494,2031,119.8,120.05,0.05,0
5fskdvnbDDk,UCxpyoLu0jWQJ71_p5zMSgSA,2026-08-24 08:10:49,30022,303,9,119.84,120.08,0.08,1
5g64D84Lf38,UCab17MxxnFtAhGsJVTkSkCg,2026-08-10 08:19:08,2515,67,5,119.93,120.18,0.07,0
5g7Al2pEgBM,UCpcTrCXblq78GZrTUTLWeBw,2026-07-20 07:30:09,448372,4137,238,120.0,120.0,0.0,1
5gJ--fIB0I8,UCrY2B2XX41ReYh9DIWrFfCg,2026-07-17 10:01:05,12376,,19,119.98,120.23,0.02,1
5gPraiJ86tA,UCaN1Qp37sHiCdQuSaXa3fVw,2026-08-26 06:00:34,276694,5243,69,120.0,120.0,0.0,1
5gVGRc_FERQ,UCT-UsvGz4gm7lezXvCEex9A,2026-08-23 05:00:30,3360,47,0,120.0,120.0,0.0,1
5geyHL9pTPk,UC4VWaR3R17Ruc7j1Cy1-PKQ,2026-08-26 02:30:35,719,1,0,120.0,120.0,0.0,1
5ghzGGEHAaA,UCpCBP5cVIBvezPI1LKFMYjA,2026-08-31 23:00:04,35901,796,17,119.76,120.02,0.02,1
5gjz5pK_50g,UCWVS5IJOkNnkKS5rjiAt9rw,2026-08-07 22:45:06,45820,395,184,120.0,120.0,0.0,0
5gpGnGVkFW0,UCSzHok6X5qXEO7cjvVnE62g,2026-08-21 12:00:23,123332,1305,44,119.75,120.01,0.01,0
5gtPVnozi9k,UCpcTrCXblq78GZrTUTLWeBw,2026-08-15 05:30:25,24369,472,68,120.0,120.0,0.0,0
5gwt5PYY6vk,UCZRH94I89Ps7giJYeK6DlWA,2026-07-27 03:00:02,73719,963,125,120.0,120.0,0.0,0
5gx0tk8nmkk,UC_8GOc5dWX2Kpb74_nQ7vSQ,2026-08-23 04:01:15,66656,2258,191,119.99,120.24,0.01,0
5gx1JNs1pYY,UCNymqCXr3sxL8dnmO_jScuA,2026-07-28 06:02:13,73202,1030,104,119.97,120.22,0.03,0
5gxTuhQyjEU,UCFrKhWvZ8oeJQTNP5ZabgJw,2026-08-17 05:39:19,173601,1360,320,119.85,120.1,0.1,1
5gyvrXj0b6w,UC6JB_a6rD1lZ_aZgQvORfrQ,2026-07-30 22:30:19,4215,28,9,120.0,120.0,0.0,1
5hTV00w_9FI,UCJmnOEp1-OITEU0mk4icM5A,2026-08-22 03:00:12,128803,1107,230,119.76,120.01,0.01,0
5heu89mYvhM,UCyZtdaxIiGb4wp5AmkEMrwQ,2026-07-14 08:44:10,7795,151,15,119.77,120.02,0.02,0
5hfQeOpW43g,UCnju7ULBic4VgkCfDvVXCnA,2026-07-23 02:23:44,178835,398,86,119.86,120.11,0.11,1
5hgFZ8lDZlg,UCV6mNrW8CrmWtcxWfQXy11g,2026-08-27 01:04:46,20941,417,39,119.93,120.18,0.07,0
5hiMIDxE_R0,UC_m_uqd_9s0hZvlgfvCzqbQ,2026-08-23 12:13:19,962,5,0,119.79,120.04,0.04,1
5hjPEB6kxKg,UCifCesg-EUkjKyQedaB3hRg,2026-07-27 01:19:20,37279,83,1,119.93,120.18,0.07,0
5hkpTQJTSYw,UCp6n8d8Y8r3MwKNw_MMaouQ,2026-07-25 21:27:44,977,12,0,119.79,120.04,0.04,0
5huis-EBSqo,UCdb5lyq0tWbY3jqH35SufmA,2026-08-20 10:30:18,5905,17,5,120.0,120.0,0.0,1
5hvkRp6O7l4,UCAl4HWznMn7KhKBRFO5eiFA,2026-08-06 13:17:40,1224,6,0,119.96,120.21,0.04,0
5iAqWWZWJwA,UCPGl9DV2WUgaqGVXtVrhJWQ,2026-08-13 15:00:15,3,0,0,120.0,120.0,0.0,0
5ijkytmk23s,UC9qwDE50UcXvdplRNZKEoPA,2026-08-04 01:58:06,2643,56,16,119.78,120.03,0.03,0
5j2qeaXaFsE,UCdK9h1ILxS49c2LguBUY3rw,2026-08-04 10:45:11,16,0,0,120.0,120.0,0.0,1
5j6gIV_tW-A,UC24GgPBq5W3v34z0p0uk1Ow,2026-08-05 15:19:34,775,6,0,119.93,120.18,0.07,0
5jAM3ip6wUo,UCY_vDlvG-BTDRIOk_I9QQ6g,2026-08-15 19:33:12,2683,17,5,119.95,120.2,0.05,0
5jBfTEsBUwo,UC3gl4CHfNtAqNjju1goB0_w,2026-08-06 14:08:28,2598,62,2,119.86,120.11,0.11,0
5jBu-zJoMCI,UCv1tOT645xHOJrwdGlzjMaA,2026-08-16 09:07:20,29755,410,8,119.88,120.13,0.12,1
5jJElMbuhNE,UCV6mNrW8CrmWtcxWfQXy11g,2026-08-18 10:00:09,325339,10799,156,119.76,120.01,0.01,1
5jLBhej5NN8,UCV7WE8I_UiAN0fa6Arezx_w,2026-08-23 01:00:20,20,0,0,119.76,120.01,0.01,0
5jN2y8rgPsM,UCXVVG5ZM3SJJCh94xatR8Dg,2026-07-16 09:00:21,2399,28,2,120.0,120.0,0.0,1
5jVWHMxVylQ,UCOMVY7jsl569k0UYXWv3OgQ,2026-08-18 12:13:35,41,1,0,119.78,120.03,0.03,1
5jWa9pNeQtM,UCJDXc9JWCZo-nLNKr_-L2Ng,2026-08-10 11:30:06,1077,54,2,120.0,120.0,0.0,0
5jb7xO1CEuI,UC2yOBpLVwB7kzt9C5ZPbB7w,2026-07-28 12:00:17,105118,1479,21,120.0,120.0,0.0,1
5jckbwS6I4E,UCzkk3MGFFeiN0E0T3AEeg_g,2026-08-06 08:59:41,104635,373,245,119.76,120.01,0.01,1
5ji6YO58hpk,UCU0-6z_KU9AShyR9J6gcFGw,2026-07-28 00:59:15,1091,6,0,119.76,120.02,0.02,0
5jssxr-b5po,UC2NFRq9s2neD_Ml0tPhNC2Q,2026-07-31 02:30:31,106606,1762,26,119.99,120.24,0.01,1
5jtBjCwS9k8,UCbItyvYa6cqvqtwlU2E9-wA,2026-08-02 15:54:29,9993,513,42,119.84,120.09,0.09,0
5jtt1RuzLsI,UCt8CJiye87FMbEwt0npPMuQ,2026-07-13 13:30:04,10906,379,38,120.0,120.0,0.0,1
5jvwNg6tO5w,UCv1tOT645xHOJrwdGlzjMaA,2026-07-14 11:00:09,26019,2619,157,120.0,120.0,0.0,0
5k1Eyou5y8Y,UC3pTpoDKt17IrCDH60kSNPA,2026-08-11 03:25:51,22013,21,5,119.82,120.07,0.07,1
5k3FJCM3rac,UCuWDza8A_ntbjwBZgW0ZSNw,2026-08-05 02:48:35,27299,274,18,119.94,120.19,0.06,1
5kAwC3Ky6ck,UC_E_qYfGKM3C0kqrp1p8z7Q,2026-08-17 15:00:31,77,6,0,119.99,120.24,0.01,0
4pt_KCqXNA4,UCby0vMKcLR05ZdS90aZd5og,2026-08-09 17:05:19,978,6,4,119.91,120.16,0.09,0
4q-tSID47-8,UCPuD5ZRQWa_JCaY5NokNhtg,2026-08-18 07:09:37,956,9,6,119.85,120.1,0.1,0
4q3GrGB-4Ko,UCZ-B_El841ME7qGXvYinGmw,2026-07-23 01:37:28,5916,66,8,119.88,120.13,0.12,0
4q9aqFrfdxo,UCWwbZhw5M-Q5dZtTK4nDWNw,2026-08-10 03:00:10,53471,830,10,120.0,120.0,0.0,0
4qGDtlquz0w,UCK8iWEZupSV2pmDMxtwdAmA,2026-07-25 05:07:50,728,7,0,119.87,120.12,0.12,0
4qZtYNrUfhs,UC4cKHOBS-nRfKFTwf1n8HGA,2026-07-23 14:53:13,32,,0,119.87,120.12,0.12,0
4qcrXdlw3k4,UCXCa03lRK6tlntZoJ7TUWRw,2026-07-23 02:00:29,67504,1821,46,119.99,120.24,0.01,1
4qhc0QZpLbw,UCdGiRd1dTixfQxQrb2pbn5Q,2026-08-07 08:50:53,43314,889,75,119.9,120.16,0.1,1
4qp-idLm9Sk,UCH29Gz8a6veRLqUxzjBXHrQ,2026-07-27 09:44:58,94732,1924,14,120.0,120.0,0.0,0
4qpjKRkXUtM,UCV6mNrW8CrmWtcxWfQXy11g,2026-08-02 16:00:30,82364,2789,24,119.99,120.24,0.01,1
4r3b64sbOq4,UCab17MxxnFtAhGsJVTkSkCg,2026-08-19 07:03:15,192,2,1,119.96,120.21,0.04,0
4rB5zShpYcM,UCZ49HaU_D0Tlf1aDA2jU_Vg,2026-08-26 08:00:02,5731,72,13,119.76,120.01,0.01,0
4rQRwVPAxIU,UCPsZX-D7LW99PjZLA-UysPQ,2026-08-05 03:00:23,162,3,0,120.0,120.0,0.0,0
4rbqqm3qOMk,UCd6CX2LiQE2dEAPXwk2N0jg,2026-08-23 11:09:00,214787,2581,52,119.86,120.11,0.11,0
4rjJEirVgDM,UC5bjQxLK_3XVzIOTQ04sYeg,2026-07-22 11:05:59,2604,43,5,119.91,120.16,0.09,0
4rkBo907XlI,UCN8YcyYvYIrtLcwyT-KqbNg,2026-07-12 03:00:03,5404,34,30,120.0,120.0,0.0,0
4rr_FDx_LDA,UCDHGqgpiHQAsE0UiltRqhfQ,2026-07-31 09:30:15,19865,35,26,120.0,120.0,0.0,0
4s69FjOFW_k,UCT-UsvGz4gm7lezXvCEex9A,2026-07-25 04:00:24,423,22,6,120.0,120.0,0.0,0
4s6gvcJdTSM,UCPuD5ZRQWa_JCaY5NokNhtg,2026-08-04 03:02:35,658,10,7,119.96,120.21,0.04,0
4s7wWopjfVw,UCdK9h1ILxS49c2LguBUY3rw,2026-08-26 23:14:44,24,5,0,119.77,120.02,0.02,0
4sAv9p1GuNw,UCXNh3eUHXEkL7h1w1KYQRKQ,2026-07-23 05:56:05,31599,399,5,119.82,120.07,0.07,1
4sRmDhsTDx8,UCQDGJQe8X9tbk_i8Na3VVXg,2026-08-30 11:17:12,440,10,0,119.98,120.23,0.02,0
4sbxv5M_Ec8,UCnCFD3met1Ip7OngdF9TRDg,2026-08-28 05:16:26,77729,454,66,119.99,120.24,0.01,0
4spRvr1viaM,UC2YA1b6qKO2YteKYFuMiYPg,2026-08-20 01:03:09,183,7,2,119.95,120.2,0.05,0
4ssWtLKJmP8,UCBS4sjbGJIcclT-Y6i_Jzkg,2026-08-16 18:31:54,31742,886,5,119.97,120.22,0.03,1
4t9wLmDiPsM,UC1Ns07Rw0lQK-KuaPHfRRTw,2026-07-19 02:05:38,9,0,0,119.91,120.16,0.09,0
4t_RcrkZr5M,UCa8Z4uUp51Aqtx4Fq4-3wMA,2026-08-16 05:04:21,957,33,0,119.93,120.18,0.07,1
4u0TuacRV7A,UC0FUMakBJHsRrfKCGQuWnRA,2026-08-14 10:47:06,35039,320,288,119.97,120.22,0.03,0
4u5L5hJ2-40,UCby0vMKcLR05ZdS90aZd5og,2026-08-10 04:36:52,1551,5,2,119.89,120.14,0.11,1
4u60sjSZ-Qc,UC9M8GGVwPqc9ubNruArCNPg,2026-07-31 12:00:17,78985,1402,50,120.0,120.0,0.0,1
4u7lvmmE_hU,UCq0fwcojiA7ztN0FgTEgfXA,2026-07-18 00:26:28,134,1,0,119.81,120.06,0.06,0
4u_XaIX2n4s,UCp6n8d8Y8r3MwKNw_MMaouQ,2026-08-14 11:49:25,35121,660,21,119.93,120.18,0.07,1
4uek4UlQoTA,UCz5LAkkX66OAW-y_WiWf9vA,2026-07-26 10:15:07,6709,40,3,120.0,120.0,0.0,1
4ufhrREuTYM,UCcNdwtZ7ulFFxngmnzsWQNA,2026-08-07 19:52:17,2537,61,8,119.88,120.13,0.12,0
4uyTWA1fcq0,UCpwGBltfwjd_fIzp5cb5R0w,2026-08-18 00:30:29,399541,2942,277,119.99,120.25,0.01,1
4uyzjKNs4rg,UCz5LAkkX66OAW-y_WiWf9vA,2026-08-10 10:57:21,23172,80,2,119.8,120.05,0.05,1
4v4izY65m0c,UCBA9XaL5wCdHnC5EmEzwrqw,2026-08-27 09:00:27,636203,1536,156,120.0,120.0,0.0,0
4v7RoOcvWx8,UCzps05UZ7XpX3SFoFyYIDow,2026-08-06 06:18:43,12319,49,30,119.94,120.44,0.06,0
4vAamNrntgs,UCKUUL3fMVvYVZdGkKhhjP0A,2026-07-25 10:46:01,21511,211,72,119.98,120.24,0.02,0
4vKu157ZlIk,UCd6CX2LiQE2dEAPXwk2N0jg,2026-08-07 11:27:18,259864,3416,85,119.8,120.05,0.05,0
4vN6tF8c7S0,UCnCH3Uhv_ynhTNKEH6ekRtg,2026-07-18 07:34:24,11680,134,21,119.93,120.18,0.07,0
4vQdM2486rA,UCLbehOwlIi6QrfZNhC39t4Q,2026-08-06 08:37:18,27235,480,52,119.88,120.13,0.12,0
4vW80_ivo2g,UC8CIM3d3zDYMk-3T5aAz0yw,2026-08-19 08:13:21,71486,1998,115,119.79,120.04,0.04,0
4v_UKjYLDrU,UC0PMQXAwF6O6aeTpv962miA,2026-08-06 16:00:07,14578,548,126,120.0,120.0,0.0,0
4vjySDk7rBU,UCD9tj7ATjYkyPyWXK_ewNXQ,2026-08-23 00:28:52,240,7,0,119.78,120.03,0.03,0
4vww-jBxaew,UCby0vMKcLR05ZdS90aZd5og,2026-07-30 04:15:34,10371,9,2,119.99,120.24,0.01,1
4w-u4D0mozA,UCpwGBltfwjd_fIzp5cb5R0w,2026-08-10 00:30:13,623108,6739,170,120.0,120.0,0.0,1
4wEH475he5A,UCOaUTqrtz1yBBiwziVJEAmQ,2026-08-20 02:00:23,5886,36,33,120.0,120.0,0.0,0
4wGFosP_LhU,UCXu_CcxBZA5S_iG33OzA9PQ,2026-07-27 22:31:28,566,9,0,119.98,120.23,0.02,0
4wKolRnXFcM,UCS3_H_feQRm4QbXipKTvSrw,2026-08-15 11:30:28,32183,436,53,119.99,120.25,0.01,0
4weMNco2J3M,UCV6mNrW8CrmWtcxWfQXy11g,2026-07-26 22:00:16,65662,2641,28,120.0,120.0,0.0,1
4wfnIhBppDw,UC5ThQKdocwo_9UurfT5P_ww,2026-08-21 08:00:21,389706,4801,253,119.76,120.01,0.01,1
4wg0Ncx7cUA,UCADf92tisOOh90hrZee4-LA,2026-08-13 09:49:36,87817,582,13,119.93,120.18,0.07,1
4wh7AiaD9yw,UCKYdD83f363lIzcAwwhB-_A,2026-08-15 09:35:23,2561,14,2,119.91,120.16,0.09,0
4wmjV3iIqTw,UC8E29ANOC3_OuB7_5EPY2xw,2026-07-21 09:29:35,1941,3,0,119.76,120.01,0.01,1
4x9URG-cyyM,UC8CIM3d3zDYMk-3T5aAz0yw,2026-07-27 10:22:20,617612,14036,1304,119.88,120.13,0.12,0
4xHOUiAVDc0,UCeOXoe4zJCBTBwHN1M_djUw,2026-08-27 04:00:30,3896,19,0,120.0,120.0,0.0,1
4xaJd2OmkyU,UCOMVY7jsl569k0UYXWv3OgQ,2026-08-11 11:53:43,50,1,2,119.86,120.11,0.11,1
4y1laCRnsC0,UCt8CJiye87FMbEwt0npPMuQ,2026-08-24 12:00:07,5588,122,23,119.76,120.26,0.24,0
4y35Y94VPfo,UC5RxNUZ9_c94ZEfJGnJZmTw,2026-08-30 12:00:36,63243,970,463,120.0,120.0,0.0,0
4y5HY8630oA,UCEuP8zMn3ln3ZqJa85dp9JQ,2026-08-17 08:45:04,9091,104,15,120.0,120.0,0.0,0
4yA6pqtUkTo,UCs7mzshFv0PbUMUM0x1Waug,2026-08-09 07:00:30,2239,15,4,119.99,120.24,0.01,1
4yKnuw-mV08,UC9M8GGVwPqc9ubNruArCNPg,2026-08-13 10:00:37,39261,601,18,119.99,120.24,0.01,1
4yMNDnYySQw,UCHXhFmex5EkUy-fP2IMQ_Ug,2026-07-30 07:30:05,2441,90,14,120.0,120.0,0.0,0
4yaFGOOpfEA,UCP8Q-Ku5_RkANynqDFzDWnQ,2026-08-14 15:00:22,24804,93,36,120.0,120.0,0.0,1
4yg-_vbC0PQ,UCt8CJiye87FMbEwt0npPMuQ,2026-08-25 13:30:18,432264,23402,1028,119.76,120.01,0.01,0
4z9rASS7_Dw,UCnCeDIkExSpULGqmpj5oafg,2026-08-15 09:55:18,1183,20,5,119.83,120.08,0.08,0
4zCbOPaWP_Y,UCV7WE8I_UiAN0fa6Arezx_w,2026-08-16 19:00:33,85,1,0,119.99,120.24,0.01,0
4z_fFT7sw3s,UCY_vDlvG-BTDRIOk_I9QQ6g,2026-07-11 15:41:12,2314,24,1,119.82,120.06,0.06,0
4zjvRBqPUos,UC9qwDE50UcXvdplRNZKEoPA,2026-07-23 11:30:41,7254,149,73,119.99,120.24,0.01,0
4zoYSYO9FKg,UCS3_H_feQRm4QbXipKTvSrw,2026-08-04 11:30:21,45280,677,71,120.0,120.0,0.0,0
4zvrA9vLyWs,UCqjUPx-UAFHVvthd71bY7_g,2026-08-27 08:00:38,13465,28,60,120.0,120.0,0.0,0
5-ARa9l4qh8,UC0-ZCUCeCQBwKU15x0Aqk_g,2026-07-25 04:00:12,153220,1449,39,120.0,120.0,0.0,1
5-CS8C2VBWM,UC-2wa6jvprl7hfCpvw0ULzg,2026-08-10 17:05:02,80976,1322,643,119.92,120.17,0.08,0
5-EzIbzp-Kc,UCj3OncQK82szyWJM6c8V8Qw,2026-08-24 13:25:19,1186,3,0,119.84,120.09,0.09,1
5-GxuUvXxNY,UC0PMQXAwF6O6aeTpv962miA,2026-07-28 17:39:39,32495,845,100,119.84,120.09,0.09,0
5-JSOxB7iw4,UC5RxNUZ9_c94ZEfJGnJZmTw,2026-07-29 12:00:25,2528,119,32,120.0,120.0,0.0,0
5-NcylXaReA,UCuCmLrNT5MbpqfrSSKHqTug,2026-08-02 10:54:23,2287,6,1,119.85,120.1,0.1,1
5-PgW3tdcnA,UCaN3tSrrzIrXSDonEe7LK9A,2026-07-27 08:00:39,2335,45,10,119.99,120.24,0.01,0
5-YMnxh2oao,UC5ScPjbt-a97AJO7SBj6nAg,2026-08-15 06:42:04,120706,3517,115,119.8,120.05,0.05,1
5-g1_V_4wOM,UC3pTpoDKt17IrCDH60kSNPA,2026-08-26 02:05:27,8743,51,12,119.92,120.17,0.08,0
5-nb5JF4jBo,UCPsZX-D7LW99PjZLA-UysPQ,2026-08-31 00:00:02,9465,25,7,119.76,120.02,0.02,0
5-wGtF9uHtE,UCKYqtXYbSqaEwBmX43Q13Tw,2026-08-28 12:34:42,18945,33,8,119.93,120.18,0.07,0
50L-Wi_hGWM,UCd9oeoY-jLSkhd-J5y_1aYg,2026-07-25 12:43:48,861,8,0,119.77,120.02,0.02,0
50OE7g0kjE8,UCmiTZyj9GwMjyznZxrgCH4Q,2026-08-26 08:36:37,62256,1180,43,119.9,120.15,0.1,0
50YuPv4tDgc,UCp9skQ2mP_DfVL8c3gZQUzg,2026-07-30 19:01:23,4580,109,0,119.98,120.23,0.02,0
50_xETx1ItQ,UC8CZL4cvFiKwKKDNCuM2lTA,2026-08-19 09:32:43,27676,357,17,119.97,120.22,0.03,1
50bGvgc2I8E,UCYGF_xk5RDpltyZDSx040uw,2026-08-31 07:03:43,178373,1269,42,119.95,120.2,0.05,1
50bf1AD7owU,UCbvvdVOF0teLO-U6GWh1RKg,2026-08-23 03:14:20,5287,95,165,119.78,120.02,0.02,0
50eY6ryazyU,UCab17MxxnFtAhGsJVTkSkCg,2026-08-25 10:34:21,4585,50,1,119.94,120.19,0.06,0
50hOMQYQCHY,UCBo7GIv99qTzHaa6ip09YLA,2026-08-13 21:00:06,27,0,0,120.0,120.0,0.0,0
50liXLBTsio,UCBA9XaL5wCdHnC5EmEzwrqw,2026-08-29 10:00:22,591649,1168,135,119.76,120.01,0.01,0
50zhSjj7Tmk,UCGVy07wZs8W-EpKAGchrmCQ,2026-07-29 15:49:07,10593,81,12,119.93,120.18,0.07,0
510HTxhzZl8,UCQJuZxeDv2P05YHcC-tIEVQ,2026-08-31 08:30:09,49699,1128,17,119.76,120.01,0.01,1
515QTmJxALs,UCqVkQsNin4MdGFrWvzFVOKw,2026-08-17 15:25:22,17185,456,1,119.83,120.08,0.08,0
516-LKacHyg,UCdK9h1ILxS49c2LguBUY3rw,2026-08-29 11:45:27,17,2,0,120.0,120.0,0.0,0
51EJckNLgM8,UCSzHok6X5qXEO7cjvVnE62g,2026-08-17 08:00:21,68415,316,27,120.0,120.0,0.0,0
51F057YqQ-U,UCbvvdVOF0teLO-U6GWh1RKg,2026-08-26 01:08:56,1334,24,5,119.87,120.11,0.11,0
51Gl5S11eJs,UCt8CJiye87FMbEwt0npPMuQ,2026-08-29 14:15:17,12628,119,8,119.76,120.01,0.01,0
51KRNJ9OTH4,UCAl4HWznMn7KhKBRFO5eiFA,2026-07-25 13:56:17,13238,102,1,119.81,120.06,0.06,1
51LwsDjUGqc,UC2ja61Zku_rw3ZBfDZi8cuQ,2026-07-23 01:00:08,35580,235,12,120.0,120.0,0.0,0
51RWLayNEIU,UC60HSePkZwGFzRj6VSDa6Ew,2026-08-05 15:44:46,8157,108,12,119.76,120.01,0.01,0
51bx-Q_sOg4,UCBS4sjbGJIcclT-Y6i_Jzkg,2026-07-29 19:45:27,28580,734,7,120.0,120.0,0.0,1
51mBJ_3r59I,UC8rbhIem-3aAsNXhTDI-nSA,2026-08-04 01:20:58,79333,1255,75,119.9,120.15,0.1,0
51o3xopMYWs,UCzSODDx0zQF3nxXOZISCm_w,2026-08-11 13:30:26,309,4,0,120.0,120.0,0.0,1
51p59TL5cR0,UCos3GN2gX0wLcfuhOAiMotQ,2026-08-08 12:27:13,186911,1692,47,119.8,120.05,0.05,1
51tuq8venAs,UCdZNJItzkmKrpwtQ3cxTEVA,2026-08-23 10:44:25,101500,523,470,119.77,120.02,0.02,0
51uKaVVkFNk,UC5ThQKdocwo_9UurfT5P_ww,2026-08-17 13:57:26,395472,5978,61,119.8,120.05,0.05,1
523ZOtyUDhA,UCBtJuwDt6LlXp2YASC-ZMdA,2026-07-26 22:13:17,156,4,0,119.78,120.03,0.03,0
52Bd_g7sSKo,UC59jWhPazXYi8Ny4vake45A,2026-08-28 12:46:00,49476,1966,86,120.0,120.0,0.0,1
52MM--urE50,UCab17MxxnFtAhGsJVTkSkCg,2026-08-04 09:17:19,4062,52,4,119.96,120.21,0.04,0
52S2SluU4KU,UCZ49HaU_D0Tlf1aDA2jU_Vg,2026-08-14 12:59:07,84758,748,385,119.77,120.02,0.02,0
52_DDIYy5Pk,UC9otskL_kd-0CDib_5Lj-mQ,2026-07-16 12:00:27,12814,118,1,119.99,120.24,0.01,1
52cVL38ktLE,UCV7WE8I_UiAN0fa6Arezx_w,2026-08-03 12:00:30,27,1,0,119.99,120.24,0.01,0
52gK90fp0v4,UC-2JsFNClcIesgd7UmtGnpw,2026-08-11 08:00:10,96573,2139,62,120.0,120.0,0.0,1
52mSgI_-oO4,UCCMQyaKDjQJY79VimTdaYYQ,2026-08-04 03:57:43,1051614,6149,626,119.79,120.04,0.04,1
52s3lKX-Dbo,UCPGl9DV2WUgaqGVXtVrhJWQ,2026-08-27 15:00:16,195,0,0,119.76,120.01,0.01,0
52xtVa3T5Kc,UC783XWULPW-nDGv_0EYlB6Q,2026-08-19 09:56:23,67278,840,100,119.82,120.07,0.07,0
53--nT-wtpM,UCv1tOT645xHOJrwdGlzjMaA,2026-08-12 09:00:24,10550,217,6,120.0,120.0,0.0,0
534ImdA5KFw,UCpcTrCXblq78GZrTUTLWeBw,2026-07-19 02:38:49,440248,2837,180,119.85,120.1,0.1,1
536qbdL7qZ0,UC0FUMakBJHsRrfKCGQuWnRA,2026-08-05 09:00:15,4657,37,16,120.0,120.0,0.0,0
53BIM4ATvAk,UCGi94VU356EAvQLgODywyrA,2026-08-28 02:52:57,9804,93,4,119.88,120.13,0.12,0
53C6gUqRpK4,UC6VcWc1rAoWdBCM0JxrRQ3A,2026-08-28 01:01:28,2162037,53132,1372,119.99,120.24,0.01,1
53JVGLg1b3k,UC_E_qYfGKM3C0kqrp1p8z7Q,2026-08-12 15:00:16,73,5,0,120.0,120.0,0.0,0
53MwD9Dhok8,UCq0fwcojiA7ztN0FgTEgfXA,2026-07-20 00:23:06,207,4,0,119.87,120.12,0.12,0
53_nWVnrQ5o,UCpcTrCXblq78GZrTUTLWeBw,2026-08-17 20:00:03,109056,2219,35,120.0,120.0,0.0,1
53ey6msXUxg,UCV7WE8I_UiAN0fa6Arezx_w,2026-08-05 15:00:27,39,0,0,119.99,120.24,0.01,0
53fWZWJ2r94,UCc1VJX_5Z2RdGi58XU4IfbA,2026-07-23 14:56:21,72834,469,1,119.81,120.06,0.06,0
53invNxmabs,UCGVy07wZs8W-EpKAGchrmCQ,2026-08-04 11:18:31,11819,85,50,119.94,120.19,0.06,0
53niQgMeTwU,UC7hwQp3F6P_OwyRM14p88iQ,2026-08-14 12:14:02,31951,130,23,119.77,120.02,0.02,1
53quJ7lOj1g,UC6JB_a6rD1lZ_aZgQvORfrQ,2026-07-12 16:15:38,1320,38,0,119.99,120.24,0.01,0
542SA1aLzKM,UCYooECrv-fIXlPaDwEIaveA,2026-08-18 09:00:11,51804,696,10,119.76,120.01,0.01,1
544dZNrO_Ww,UCi1Tln5CFg1yExpz8djyxjA,2026-08-29 18:26:35,1108675,42199,208,119.82,120.07,0.07,1
54AVGeOdWno,UCfcfymsN3OMo2cfmbpGTanw,2026-08-30 08:00:08,71143,341,240,119.76,120.01,0.01,0
54AicQcRZnY,UCATlfGN7EDjXS_2ofklb3bw,2026-07-28 08:16:42,16229,314,0,119.97,120.22,0.03,0
54DAPOi5KN8,UC8C0Yd20ke5XqOiZvMVgM9w,2026-08-26 00:00:16,640899,24,6,119.76,120.01,0.01,1
54MfraE8uRA,UC2NFRq9s2neD_Ml0tPhNC2Q,2026-07-28 02:30:08,324373,4203,277,120.0,120.0,0.0,0
54VXJ3TY-pE,UCV7WE8I_UiAN0fa6Arezx_w,2026-08-05 13:00:02,37,1,0,120.0,120.0,0.0,0
54fIGDsSj7g,UCXVVG5ZM3SJJCh94xatR8Dg,2026-07-12 02:00:09,26331,16,2,120.0,120.0,0.0,0
54l4iYXIvy0,UCE8JC9RAVSudDT_8Ji1fuPQ,2026-08-20 08:45:38,129010,1272,86,119.99,120.24,0.01,1
54mRyorARFg,UCqIwPYLfMd3EoWYwvyTjPnA,2026-07-27 23:00:19,47077,345,74,120.0,120.0,0.0,0
54uP8WGE7DI,UCU0-6z_KU9AShyR9J6gcFGw,2026-08-18 15:40:23,490,5,0,119.84,120.09,0.09,0
54y4TkUcGAI,UCyN9yU_YNGDG6z3PN8sC3KA,2026-07-25 02:02:14,8542,55,6,119.97,120.22,0.03,1
54zwX6beqso,UCBTsPtRCh6ln3IRQFjhjh1A,2026-08-23 12:07:16,296755,1448,180,119.89,120.14,0.11,1
55N3epij-J0,UCAl4HWznMn7KhKBRFO5eiFA,2026-08-28 10:00:08,33630,380,26,119.76,120.01,0.01,0
55Njr2bJpx0,UCYGF_xk5RDpltyZDSx040uw,2026-08-19 03:06:29,25110,264,42,119.9,120.15,0.1,0
55VrUP4nO7Q,UCjsqgRBvkn8XadWraSQxTKQ,2026-08-13 18:43:53,533,8,0,119.77,120.02,0.02,0
55_X-pM4ToI,UC9qwDE50UcXvdplRNZKEoPA,2026-07-28 07:00:08,18911,425,53,120.0,120.0,0.0,1
55aURtEf8DM,UCDGbm9jZgqNeMWyK4j-Kduw,2026-07-28 10:17:01,386,,0,119.97,120.22,0.03,0
55cPlPWbXa4,UC2dwjvNVRTEo-rawvK4Z4WA,2026-08-18 00:00:09,26614,243,15,120.0,120.0,0.0,1
55lPtUJ247o,UCv1tOT645xHOJrwdGlzjMaA,2026-07-18 03:16:14,261812,1957,17,119.98,120.23,0.02,0
55ugymAFu0Q,UCyoKcrOcBEY4rmLYkDuXErA,2026-07-24 13:00:28,119053,2200,150,119.99,120.24,0.01,0
55vCwGq95ME,UC8MgGtsJazbztr5eGWiqUXw,2026-08-12 11:00:30,15055,381,170,119.99,120.24,0.01,0
55yXmuFIBB0,UCN5oT4zGJX-_H6pE5isAEeg,2026-08-14 03:00:01,124764,1745,116,120.0,120.0,0.0,1
55znsPuTGmU,UCyZtdaxIiGb4wp5AmkEMrwQ,2026-08-18 03:00:10,10271,360,19,120.0,120.0,0.0,1
561_20CB9_E,UCV7WE8I_UiAN0fa6Arezx_w,2026-08-14 10:00:16,34,0,0,120.0,120.0,0.0,0
561zClPDw9c,UC0Zl_lyMoTbroBSNv7SpGuQ,2026-08-13 05:56:15,51739,,84,119.81,120.07,0.07,0
56BkDKTJf4g,UCZRH94I89Ps7giJYeK6DlWA,2026-08-14 03:00:17,37820,490,61,120.0,120.0,0.0,0
56GWpUu8Pso,UCw1DsweY9b2AKGjV4kGJP1A,2026-07-31 14:06:58,9587,55,30,119.89,120.14,0.11,1
56L0wgGhkkk,UClHTjLVog7CkRF8tYJuNXXQ,2026-08-22 00:53:33,244,6,0,119.87,120.12,0.12,0
56ZNADXMp2o,UCJDXc9JWCZo-nLNKr_-L2Ng,2026-08-27 13:00:12,2245,74,4,119.76,120.01,0.01,0
56hRI8-3JQ4,UCaCFlaIQAmiU_mLnZq5E-tA,2026-08-02 11:00:20,517,14,3,120.0,120.0,0.0,0
6jHCRuZD_Ns,UCYsRymb9vAsOOLBy-Wo1kRg,2026-07-17 07:02:03,5134,27,1,119.97,120.22,0.03,1
6jJ0ta3earg,UChLqHuZV0PENIBYxDgXyPLQ,2026-07-23 12:51:24,417947,5290,57,119.89,120.14,0.11,1
6jL3d89KBaA,UCv1tOT645xHOJrwdGlzjMaA,2026-08-20 10:12:48,76897,2081,22,119.79,120.04,0.04,1
6jjC470XRIU,UCV7WE8I_UiAN0fa6Arezx_w,2026-07-28 15:00:25,115,1,0,119.99,120.24,0.01,0
6k6jhywjnZ0,UCzVXdulvpgEoI8yuFMmhxJw,2026-08-16 14:22:08,116644,7204,190,119.89,120.13,0.11,1
6kBQxjoFAUc,UCPv0av3PfTUeTnHGgcXkk8w,2026-08-16 00:04:00,7,0,0,119.94,120.19,0.06,0
6kI3V5M-LSM,UCpCBP5cVIBvezPI1LKFMYjA,2026-08-04 08:23:28,24207,400,19,119.86,120.11,0.11,1
6kTcispKK0k,UC_2x8h1QrTHOO0i4Yiss-ww,2026-08-08 22:00:21,60507,722,27,120.0,120.0,0.0,1
6k_CrwWYn0E,UCMF3M48BakI-ptofqoUqdAA,2026-08-09 13:08:27,2431,56,29,119.86,120.11,0.11,1
6kmvHp7u2PY,UCgsKeCRaBGH6JlnH6VO_7OA,2026-08-23 19:31:50,20,1,0,119.98,120.23,0.02,0
6kotLPnOqjo,UCoH2pCzAr6zWDG-LtUiLWRw,2026-08-04 23:00:28,81466,920,282,120.0,120.0,0.0,0
6kt3i3-PqPs,UCab17MxxnFtAhGsJVTkSkCg,2026-08-01 10:24:24,1071,24,1,119.85,120.1,0.1,0
6l3JFNNhXbs,UCqIwPYLfMd3EoWYwvyTjPnA,2026-08-08 07:00:34,21030,96,21,119.99,120.24,0.01,1
6l9_w8ZP7AU,UCZaNYFjF_SRRJPVuGX7yMjQ,2026-08-12 07:20:15,1,1,0,119.92,120.17,0.08,0
6lJdWFaBKDI,UCTUnpbuKoOODvhLhCO_kO_A,2026-08-21 08:00:16,2644,31,15,119.76,120.01,0.01,0
6lUBrVKvt0U,UC3hqiw3lZAXaMwhQvMGZkdw,2026-08-07 00:15:28,4680,119,5,119.99,120.25,0.01,0
6lk19BnmJ8w,UCE8JC9RAVSudDT_8Ji1fuPQ,2026-08-11 08:45:34,95898,1245,90,119.99,120.24,0.01,1
6m3WqttyrNo,UCpTNtH8yc1Kdl_YFfsQsTYA,2026-08-23 03:30:36,29046,125,21,120.0,120.0,0.0,1
6mLhtFZBwHU,UCt8CJiye87FMbEwt0npPMuQ,2026-08-27 18:12:17,105110,2507,113,119.81,120.06,0.06,0
6mUOOf_2PLs,UCzSODDx0zQF3nxXOZISCm_w,2026-08-18 13:30:30,1114,2,0,120.0,120.0,0.0,1
6mfrQB_6djk,UCt8CJiye87FMbEwt0npPMuQ,2026-08-23 14:15:37,6812,265,12,120.0,120.0,0.0,1
6mgvCdlc0rw,UCg7rkxrTnIhiHEpXY1ec9NA,2026-08-21 07:30:23,193395,8387,412,119.76,120.01,0.01,0
6mnZlqLYdAY,UCFQWqbfZ-iEG3K_DRgHwnCw,2026-08-30 03:41:10,1162,2,2,119.83,120.08,0.08,0
6mr46EKd0Es,UCT-UsvGz4gm7lezXvCEex9A,2026-07-24 08:00:00,227,14,3,120.0,120.0,0.0,0
6n5-BSdm-Ik,UCIKORyfTZ0cN-u0hrxHcgUw,2026-08-03 21:15:38,19,1,0,119.99,120.24,0.01,0
6n6IymHF_wM,UCvPDPTxTLitVEyGu4Xt6m8g,2026-07-13 10:23:00,17992,207,21,119.87,120.12,0.12,0
6nCTgra84_8,UC1dHu9GhbHH7RcHKyJdaOvA,2026-08-09 03:05:11,48588,219,105,119.92,120.17,0.08,0
6nXzXZkgCQk,UCdK9h1ILxS49c2LguBUY3rw,2026-08-17 12:00:37,6,2,0,119.99,120.24,0.01,0
6n_mlGU2zwU,UC3kVT7zilzGf_7fIEkc4dDA,2026-08-27 04:00:06,33945,380,45,119.76,120.01,0.01,0
6nhcB5UAc2E,UC_9W6Z5Y3lDpLk47Y_y5ITQ,2026-08-07 23:34:05,30900,373,43,119.93,120.18,0.07,0
6nimAxN8xoo,UCPsZX-D7LW99PjZLA-UysPQ,2026-08-31 15:00:38,9326,15,4,119.75,120.01,0.01,0
6o0I5VofYs0,UChKYbZ9fSz8DMM6wU-t1lMQ,2026-08-21 10:50:40,12616,341,9,119.92,120.17,0.08,0
6o4yRg_miJg,UCk5C4AR3uvmKwZYkIlSobbg,2026-08-18 15:00:35,64023,237,75,120.0,120.0,0.0,0
6o6AwFRj0M0,UC2yOBpLVwB7kzt9C5ZPbB7w,2026-08-06 20:00:19,107941,1776,36,120.0,120.0,0.0,1
6oHSy4num38,UCkphwoGMBs2_0raLOqu9aQw,2026-07-28 12:00:17,130,2,7,120.0,120.0,0.0,0
6oIDlVHNM4s,UC4VWaR3R17Ruc7j1Cy1-PKQ,2026-07-24 06:55:39,406,0,0,119.82,120.07,0.07,1
6oPk0_7V3T4,UCnju7ULBic4VgkCfDvVXCnA,2026-08-09 18:49:24,3943,104,1,119.93,120.18,0.07,0
6oU5yiRrU5s,UCt8CJiye87FMbEwt0npPMuQ,2026-07-10 13:30:18,15369,355,14,120.0,120.0,0.0,1
6odOCIoOT_0,UCIOY-akTwtohcU0QB5ksjaA,2026-07-25 08:44:35,94,0,0,119.76,120.01,0.01,0
6oiJ92QHUYg,UCZNTsLA6t6bRoj-5QRmqt_w,2026-08-30 17:00:08,81782,1633,26,119.76,120.01,0.01,0
6oxjS58o3AA,UCc1VJX_5Z2RdGi58XU4IfbA,2026-07-22 15:51:07,89082,472,0,119.9,120.15,0.1,0
6p4FBjDW9N4,UCHeg3ApmuXQbqqszaD1fR9g,2026-08-30 14:22:27,739,8,0,119.89,120.14,0.11,0
6pCT5K_hu34,UCnCH3Uhv_ynhTNKEH6ekRtg,2026-08-10 06:41:46,12484,149,24,119.81,120.06,0.06,0
6pKEsfvd2yY,UC_E_qYfGKM3C0kqrp1p8z7Q,2026-08-31 17:00:01,481,15,1,119.76,120.02,0.02,1
6pQU5-iZVDU,UCs0LzOveQMLImmmTrMmP2sg,2026-07-25 13:09:22,189522,641,96,119.85,120.1,0.1,0
6pYKWPzIPO8,UCI4wEWWBEElIbp9jHcFllTw,2026-08-25 01:27:13,18484,132,0,119.81,120.06,0.06,0
6ppintr_-BI,UCbvvdVOF0teLO-U6GWh1RKg,2026-08-22 10:15:48,2668,38,13,120.0,120.0,0.0,0
6pz-INXnTwg,UCO8ToDSM2Gvt3EZdOdosxTw,2026-08-05 09:00:10,58206,905,61,120.0,120.0,0.0,0
6q1R7i11aU0,UCZ6mNZTiTUrUSbSYPlclI4A,2026-08-17 05:02:21,23606,413,22,119.96,120.21,0.04,1
6qNLvqTioAk,UCHJv9xBR9lkzGSIepie-T_A,2026-08-06 21:30:04,4097,49,0,120.0,120.0,0.0,0
6qSTdDfGtew,UCoH2pCzAr6zWDG-LtUiLWRw,2026-07-26 15:01:48,5455,84,1,119.97,120.22,0.03,0
6qe9hg0W-dE,UCuWDza8A_ntbjwBZgW0ZSNw,2026-07-29 05:01:37,76135,2051,45,119.98,120.23,0.02,1
6qhSSGhLFTk,UCJYdIDfGkqXTsQq5aW4md0Q,2026-07-10 23:07:47,62,2,1,119.87,120.12,0.12,0
6qwlAZ2xAdc,UC8CIM3d3zDYMk-3T5aAz0yw,2026-07-13 10:27:36,908347,23252,1986,119.79,120.04,0.04,0
6rDeLJlSmHs,UCN5oT4zGJX-_H6pE5isAEeg,2026-08-10 11:10:41,75550,894,70,119.83,120.07,0.07,0
6rU76KOFWOs,UCgsKeCRaBGH6JlnH6VO_7OA,2026-08-05 21:04:20,37,0,0,119.93,120.18,0.07,0
6rWV-4fE1XE,UCfQOeRevRI14uNqluiJ7TeQ,2026-08-19 08:00:19,2700,20,1,119.76,120.01,0.01,1
6rl-Chcawys,UCNZiNM2pP6uhIlTQVS2Q5fA,2026-08-11 09:00:18,123819,2185,125,120.0,120.0,0.0,1
6rvb0yUBrsA,UCZ6mNZTiTUrUSbSYPlclI4A,2026-08-25 09:45:01,936,20,5,119.76,120.01,0.01,0
6ryHPqvoYFQ,UCRpdlPk671uOMiBtf5HtB3Q,2026-07-13 09:55:18,19924,219,88,119.83,120.08,0.08,0
6s0RQyqSt7c,UC24GgPBq5W3v34z0p0uk1Ow,2026-08-21 09:00:08,4647,43,12,119.76,120.01,0.01,0
6s95kzmf9yk,UCPsZX-D7LW99PjZLA-UysPQ,2026-08-29 00:00:10,6255,12,4,119.76,120.01,0.01,0
6sHQ5iFWVL4,UCV7WE8I_UiAN0fa6Arezx_w,2026-08-24 21:00:12,36,0,0,119.76,120.01,0.01,0
6sKeZkZyOis,UC-okJdotaXPlzivRzHFqzuA,2026-07-29 05:00:19,74913,672,40,120.0,120.0,0.0,0
6sLnAexsHEM,UC4P7F8qenDo1O_5NvgBb_cg,2026-08-22 02:30:29,120066,968,143,120.0,120.0,0.0,0
6sNBBY_Ljpw,UCMswODzU1ZjjrLyUk7NfwPA,2026-08-28 09:00:26,38413,494,22,120.0,120.0,0.0,0
6sNr4tSd2MI,UCcvKf8NxAw9i09hZw1MQPBQ,2026-08-11 09:00:17,49061,513,115,120.0,120.0,0.0,1
6sdEI7Zbk-g,UCyEIUlSKbzCt3ElAsPFb7EQ,2026-07-31 23:00:18,9754,30,30,120.0,120.0,0.0,0
6snmNyJCiQQ,UCXu_CcxBZA5S_iG33OzA9PQ,2026-07-22 08:14:50,643,13,0,119.76,120.01,0.01,0
6ssswITHO6I,UCcvKf8NxAw9i09hZw1MQPBQ,2026-08-12 09:00:36,25023,176,79,119.99,120.24,0.01,1
6t21eqLJV6U,UCw1DsweY9b2AKGjV4kGJP1A,2026-08-23 10:30:17,51555,161,16,119.76,120.01,0.01,1
6t8rynHZDYg,UCoH2pCzAr6zWDG-LtUiLWRw,2026-08-15 23:00:32,48359,638,246,120.0,120.0,0.0,0
6tMuL-6VpKU,UCQzgMwT5Q6x-Mtq65HRS_0Q,2026-08-24 10:23:39,4917,31,10,119.87,120.12,0.12,1
6tPifXyRXBk,UCv1tOT645xHOJrwdGlzjMaA,2026-07-30 11:55:03,30568,301,85,119.83,120.09,0.09,0
6tZtwDGRa-o,UCYGF_xk5RDpltyZDSx040uw,2026-08-14 03:03:25,24052,250,39,119.95,120.2,0.05,0
6tf6J56rzl4,UCq0fwcojiA7ztN0FgTEgfXA,2026-08-03 05:54:27,868,10,0,119.85,120.1,0.1,0
6tiX3gAWVEQ,UC7hwQp3F6P_OwyRM14p88iQ,2026-08-24 15:30:07,32418,226,2,119.76,120.01,0.01,0
6tm1Qx9xvFc,UCPGl9DV2WUgaqGVXtVrhJWQ,2026-08-29 15:00:37,24,0,0,120.0,120.0,0.0,0
6u-MHsd8DUE,UCADf92tisOOh90hrZee4-LA,2026-07-12 11:21:39,269758,1889,247,119.89,120.14,0.11,1
6uBZIJVCow4,UCEg24oF81p-THPtp3otdmTA,2026-08-13 09:00:10,69825,2019,54,120.0,120.0,0.0,0
6uCc0Q4QvxI,UCkcaRxpTcisadUeCbHOYTFw,2026-08-29 08:42:29,250513,3147,89,119.81,120.06,0.06,1
6uSS2Ho_0Y0,UCei_ecYpQqFjYhjLaDPr2Lw,2026-07-26 09:17:14,109,6,0,119.97,120.21,0.03,0
6u_BfFvPaR0,UCV7WE8I_UiAN0fa6Arezx_w,2026-08-22 22:00:11,63,0,0,119.76,120.01,0.01,0
6ujEB6PPGvc,UCQDGJQe8X9tbk_i8Na3VVXg,2026-08-01 04:06:31,137,13,0,119.89,120.14,0.11,0
6ujTZRFzfOM,UC2NFRq9s2neD_Ml0tPhNC2Q,2026-08-05 02:30:04,463858,6365,560,120.0,120.0,0.0,0
6uk-D5PESgw,UCYGF_xk5RDpltyZDSx040uw,2026-07-18 11:16:23,104483,1458,53,119.98,120.23,0.02,1
6un5qe09N38,UCApYlKNymyHZ9dlOCImFVBg,2026-08-08 16:03:38,3340,125,4,119.94,120.19,0.06,0
6usUrRmfkqw,UCZNTsLA6t6bRoj-5QRmqt_w,2026-08-13 14:00:10,64248,1932,182,120.0,120.0,0.0,0
6uvhrkzs-CI,UCmZeuRfHYowZhf6odtoaNdg,2026-08-27 04:31:29,49788,186,57,119.99,120.24,0.01,0
6vAzCzqbWac,UCN8L7Z-dyzu9FzT39RM0fvw,2026-07-17 01:07:46,13281,167,38,119.87,120.12,0.12,0
6vgJIJ9sUfA,UCbvvdVOF0teLO-U6GWh1RKg,2026-08-15 09:20:32,1701,11,5,119.91,120.16,0.09,0
6w159EBvEaA,UCPv0av3PfTUeTnHGgcXkk8w,2026-08-08 23:59:39,9,1,0,119.76,120.01,0.01,0
6w67Lu464L0,UCzps05UZ7XpX3SFoFyYIDow,2026-08-04 06:26:43,83798,498,92,119.81,120.06,0.06,0
6wNGul22mek,UCdXpKf3aIenvWkMbF3EvcQg,2026-08-06 09:00:35,12793,326,221,119.99,120.24,0.01,0
6wNwiDB0KR0,UCFHUplScMiWTjJrtv4hxWmg,2026-08-18 12:10:36,45695,294,82,119.84,120.08,0.08,0
6wQYzF_b_1c,UCdGiRd1dTixfQxQrb2pbn5Q,2026-08-23 04:32:01,22223,306,29,119.98,120.23,0.02,1
6wiqer-V6QE,UCpcTrCXblq78GZrTUTLWeBw,2026-07-25 10:30:03,556488,5871,261,120.0,120.0,0.0,0
6x6rU2nxHeI,UCqVZTizoA2wQKOj_xaDt10Q,2026-08-16 02:35:44,406,3,0,119.91,120.16,0.09,1
6x7qkgvvX8g,UCV7WE8I_UiAN0fa6Arezx_w,2026-07-12 11:00:34,56,1,0,119.99,120.24,0.01,0
6xBy4QvBZA4,UCYGF_xk5RDpltyZDSx040uw,2026-07-30 04:12:01,67076,711,33,119.8,120.05,0.05,1
6xKKyyL49NU,UCPGl9DV2WUgaqGVXtVrhJWQ,2026-08-02 15:00:13,14,1,0,120.0,120.0,0.0,0
6xRJvKhuVGc,UCOX0M9VYOm2FVBORW9XLChg,2026-07-20 11:33:06,117,2,1,119.95,120.2,0.05,0
6xTDTHyGst4,UCABvetlXpdOwFz10fCpJkwQ,2026-08-19 14:52:49,60474,894,319,119.88,120.13,0.12,0
6xi6V419UCw,UCuCmLrNT5MbpqfrSSKHqTug,2026-07-25 12:41:44,16235,99,22,119.81,120.06,0.06,0
6xmH5njiahc,UCPGl9DV2WUgaqGVXtVrhJWQ,2026-08-01 15:00:23,8,0,0,120.0,120.0,0.0,0
6xmhMYUNG2o,UCuwnt_REmD4YsCtFJRoqjFw,2026-07-21 02:30:26,54501,443,49,119.99,120.24,0.01,0
6xohMXiQtZk,UCNmN3W2H0r5_hV2drzbEn7Q,2026-08-04 12:55:34,53456,143,1,119.83,120.08,0.08,0
6yH5NG23IMw,UCpcTrCXblq78GZrTUTLWeBw,2026-08-13 20:00:03,83794,1909,91,120.0,120.0,0.0,0
6yHr8Dl_P6U,UCpn9dP1b5BhBsU9SduEz1hA,2026-08-14 18:15:12,41220,378,23,120.0,120.0,0.0,0
6yMttJtC_zQ,UCZPfs7xIjGmOGs9kvgGhUKQ,2026-08-03 09:56:31,218,3,0,119.81,120.06,0.06,0
6ySaEg9BBxQ,UCk1NTIlGP27bQEumkw6sDVA,2026-08-12 11:38:43,1402,11,2,119.86,120.11,0.11,0
6yjSiJzr0BE,UCV6mNrW8CrmWtcxWfQXy11g,2026-08-04 02:00:24,604558,22762,181,120.0,120.0,0.0,1
6ymp8fOznnk,UC_E_qYfGKM3C0kqrp1p8z7Q,2026-07-28 15:00:07,94,7,0,120.0,120.0,0.0,0
6yt9MWGUiQ0,UCSkCNddZwo__x-iUr-KDFWw,2026-08-14 09:15:20,78916,1226,560,120.0,120.0,0.0,0
6zCSziRkLKw,UCB4gIGaPUiLtpPreFSf8fKQ,2026-08-22 11:00:40,2921,38,16,120.0,120.0,0.0,0
6zDWnEfzc-s,UCT-UsvGz4gm7lezXvCEex9A,2026-08-04 10:00:28,14917,349,24,119.99,120.24,0.01,1
6zKglXl4vyM,UCrR_fhiJjoW8OJFzUcmlMMA,2026-08-24 10:30:25,4464,38,27,120.0,120.0,0.0,0
6zNnJ5p-epc,UCTbwgCCBrI-4XU8b5B0uGPg,2026-08-06 12:15:04,226517,2322,44,120.0,120.0,0.0,0
6zRv-RHCwsQ,UCzSODDx0zQF3nxXOZISCm_w,2026-07-31 02:30:14,333,3,0,120.0,120.0,0.0,1
6zSKQQyzUyk,UCgjaQlejpAnIu0q-xtVfTEw,2026-07-23 06:30:22,89471,927,137,120.0,120.0,0.0,0
6zbadPmJdOU,UC_E_qYfGKM3C0kqrp1p8z7Q,2026-08-24 19:00:02,289,5,2,119.76,120.01,0.01,1
6zuUOWWyT4I,UCPGl9DV2WUgaqGVXtVrhJWQ,2026-07-23 15:00:12,95,0,0,120.0,120.0,0.0,0
7-CW5jabUKc,UC4ncZM9bnBknxPkJbq4miHQ,2026-07-27 16:41:41,10358,348,89,119.81,120.06,0.06,0
7-FhXUMFoYQ,UCEebX3m88Arwc91LPmEmTYQ,2026-08-02 23:30:45,9698,569,15,119.99,120.24,0.01,0
7-H-96b-EA0,UCzVXdulvpgEoI8yuFMmhxJw,2026-08-22 14:50:40,9551,394,51,119.92,120.17,0.08,0
7-H1Y5KFtgc,UCbaRH9U2BEFwhJiodE3qTpQ,2026-08-08 05:10:41,3579,114,18,119.83,120.08,0.08,0
7-PWwbiJUUU,UCYMXFMiaGBnZ08-wBHS2MPQ,2026-07-29 04:49:27,2222,12,0,119.93,120.18,0.07,0
7-bBqzXt1Gk,UCHCeN9BUgogMGrHBC6zKYvA,2026-07-23 07:55:14,5999,105,31,119.83,120.08,0.08,0
704GgL7EHJg,UCXAXCxTCCYYKsLJNzEvjqfw,2026-08-14 14:30:23,67715,1169,295,120.0,120.0,0.0,0
70pGAKLIhd8,UCPI40-XQA9-GBGj2k8PPqfg,2026-08-12 08:50:36,92779,1430,162,119.91,120.16,0.09,0
70ue03T2NfI,UCv1tOT645xHOJrwdGlzjMaA,2026-08-27 04:51:29,7492,52,1,119.9,120.16,0.1,0
70y1W78iE3E,UC5H8Wt-1q_tnn-m4tDTqbUw,2026-08-28 06:30:10,1646,25,2,119.76,120.01,0.01,0
714oKDkKtIY,UCbFzvzDu17eDZ3RIeaLRswQ,2026-08-02 11:38:48,654827,6333,882,119.86,120.11,0.11,0
71MIdjLgV48,UCt8CJiye87FMbEwt0npPMuQ,2026-07-15 14:30:34,1465,58,4,119.99,120.24,0.01,0
71SRREcFuzQ,UCifCesg-EUkjKyQedaB3hRg,2026-08-02 21:30:41,10417,458,15,119.99,120.24,0.01,1
71_qgVRTUyQ,UCZFGZ_LhwgiTxaJzJ0QGdFw,2026-07-26 17:34:29,13496,35,0,119.93,120.18,0.07,0
71ycqp_zguI,UCpcTrCXblq78GZrTUTLWeBw,2026-07-12 00:28:51,151360,4141,5,119.77,120.02,0.02,0
721hQLJTaIM,UCBA9XaL5wCdHnC5EmEzwrqw,2026-07-20 12:09:54,244100,1089,112,119.84,120.09,0.09,0
724WIO94L4M,UCpTNtH8yc1Kdl_YFfsQsTYA,2026-08-15 09:00:13,38000,100,12,120.0,120.0,0.0,1
72AuR6XNpgc,UCV6mNrW8CrmWtcxWfQXy11g,2026-07-23 14:00:31,19932,1253,44,119.99,120.24,0.01,1
72gFgv9WgxY,UCZ6mNZTiTUrUSbSYPlclI4A,2026-08-23 09:57:26,15161,398,16,119.81,120.06,0.06,1
72iqJX9S5gA,UCjyXK9pWHwWR_-bRibFaWDg,2026-08-06 12:56:28,36136,235,54,119.81,120.06,0.06,0
72w69Z5Lmjg,UCNRnCc0hg3ZcKdOGXKKv5Ww,2026-08-07 03:15:11,32020,196,24,120.0,120.0,0.0,1
72yANTgOsfQ,UCSfhr4gDPFsKuwdmTOWp2jw,2026-08-06 09:30:19,53,2,0,120.0,120.0,0.0,0
732PTbUorr4,UCO8ToDSM2Gvt3EZdOdosxTw,2026-08-24 08:30:11,7974,198,71,119.76,120.01,0.01,0
73IG-yFsQnA,UCKrprPfevcAZpPuRnCO6xOA,2026-08-16 09:30:34,1623,10,3,119.99,120.24,0.01,0
73OAJL7gizo,UCV7WE8I_UiAN0fa6Arezx_w,2026-08-07 22:00:23,27,0,0,120.0,120.0,0.0,0
73YX8xmQ2i4,UCPGl9DV2WUgaqGVXtVrhJWQ,2026-07-10 15:00:10,4,0,0,120.0,120.0,0.0,0
73h24Pcsd_Y,UClHTjLVog7CkRF8tYJuNXXQ,2026-07-22 22:00:09,247,16,2,120.0,120.0,0.0,0
73mhLC5g9Jo,UCV7WE8I_UiAN0fa6Arezx_w,2026-07-16 17:00:33,104,0,0,119.99,120.24,0.01,0
73oX2_Isu3U,UC9qwDE50UcXvdplRNZKEoPA,2026-08-22 01:00:13,17703,644,46,119.76,120.01,0.01,1
73w0EPjLQW4,UCxPMcxq7WJ32M3lnFn58Cpg,2026-07-18 10:28:35,4480,8,5,119.77,120.02,0.02,1
73xMMTyQqzU,UC0vqyzJ-1l3AJl3IkKu0bhQ,2026-08-09 09:03:30,32,3,2,119.95,120.19,0.05,1
74Gs20y6744,UCIsrVj53L57rcLAPOre4Xhg,2026-08-09 03:39:03,134859,1242,137,119.85,120.1,0.1,0
74eSX4W0HRg,UCDHGqgpiHQAsE0UiltRqhfQ,2026-07-22 03:00:27,8817,31,2,119.99,120.24,0.01,0
74oKfhSEEV4,UCcstDLbuhxEbFKkPZ6wST2A,2026-08-06 09:00:23,13686,63,26,120.0,120.0,0.0,0
75PkaTSvZkE,UCDnIK80iouL_rb_J6GybOlg,2026-08-31 10:51:16,3,0,0,119.91,120.16,0.09,0
75T1XPMKN_Q,UC3DYSay178fMMPaf3zHwECA,2026-07-15 04:15:06,33136,989,54,120.0,120.0,0.0,0
75kxO7i03zs,UCV6mNrW8CrmWtcxWfQXy11g,2026-08-21 03:00:25,56244,1852,86,120.0,120.0,0.0,1
75oWpWPUm40,UCV7WE8I_UiAN0fa6Arezx_w,2026-08-02 23:00:08,27,0,0,120.0,120.0,0.0,0
76596qzLyBk,UCKUUL3fMVvYVZdGkKhhjP0A,2026-08-20 08:00:06,179842,2224,35,120.0,120.0,0.0,1
769nSwMs-0g,UCV7WE8I_UiAN0fa6Arezx_w,2026-08-20 22:00:36,17,1,0,120.0,120.0,0.0,0
76f5OYGeXPg,UCJ_skdHPp19J9qGsgXxjMnA,2026-08-30 07:00:31,5427,53,14,119.75,120.01,0.01,1
76fytkM9C4U,UCAhmOb9JWkI2HV_KIe9X_3A,2026-08-31 05:09:01,56482,219,18,119.87,120.11,0.11,0
76nlEelq5Mg,UCTbwgCCBrI-4XU8b5B0uGPg,2026-07-29 12:00:23,171870,1581,34,120.0,120.0,0.0,0
76ssN4tj3Ss,UC-S8JFhLkQ5enhB70c2CYIw,2026-08-25 11:00:11,157249,3172,169,119.76,120.01,0.01,0
76trkz7vq70,UCCW6uYIUP4YKKe50k-ktVAw,2026-07-30 08:00:33,83904,2052,150,119.99,120.24,0.01,0
76ykqbsBgp0,UCJDXc9JWCZo-nLNKr_-L2Ng,2026-08-31 10:00:09,4784,97,7,119.76,120.01,0.01,0
76za1QOS87U,UCzps05UZ7XpX3SFoFyYIDow,2026-08-28 11:22:21,100385,182,63,119.89,120.14,0.11,1
77DFONG_pbc,UCQJuZxeDv2P05YHcC-tIEVQ,2026-07-27 08:09:17,25657,399,37,119.85,120.1,0.1,0
77SzCRtkq7s,UCab17MxxnFtAhGsJVTkSkCg,2026-08-26 13:35:29,1716,15,0,119.92,120.17,0.08,0
77hSHczgstI,UCt8CJiye87FMbEwt0npPMuQ,2026-07-22 15:30:15,11242,415,48,120.0,120.0,0.0,0
77waTNsBCQo,UCaCFlaIQAmiU_mLnZq5E-tA,2026-08-22 03:30:08,5219,81,5,119.76,120.01,0.01,1
77zMgDkvwts,UCT-UsvGz4gm7lezXvCEex9A,2026-08-08 05:00:06,7606,183,5,120.0,120.0,0.0,1
785qZknciEI,UCqVZTizoA2wQKOj_xaDt10Q,2026-08-13 01:32:33,376,4,0,119.96,120.21,0.04,1
78erhG-Wb7o,UCAZVLirygDNDfCNfyIVnTWA,2026-08-16 02:30:00,509,16,0,120.0,120.0,0.0,0
78kCuNdCQzo,UCgjaQlejpAnIu0q-xtVfTEw,2026-08-14 06:17:51,4988,97,19,119.96,120.21,0.04,0
791UXXdaoME,UCFCt5RYu41HTg4eX1jdHNxw,2026-08-06 23:26:47,14462,63,3,119.81,120.06,0.06,0
791iBYNJolI,UCT807kAu6fmwES8B5698e2w,2026-08-04 15:00:39,19095,1429,109,119.99,120.24,0.01,1
794tVMr2EAE,UCifCesg-EUkjKyQedaB3hRg,2026-07-31 02:15:43,22153,513,10,119.99,120.24,0.01,1
79ChJ3cPmhY,UCpI-AhCT02iQRGLC2ZcY0Jw,2026-08-01 09:00:22,35518,341,282,120.0,120.0,0.0,0
79Rufrdal7w,UCl402YYy7RcH7PBI3npmGPQ,2026-08-26 03:00:34,236249,1440,470,120.0,120.0,0.0,0
79clI_xLBDM,UCV6mNrW8CrmWtcxWfQXy11g,2026-08-22 23:01:54,44663,740,5,119.98,120.23,0.02,0
79ik-JdsuC0,UCeiDuGZqWT4iiIXRTfhM3qQ,2026-07-27 08:24:01,4404,109,0,119.85,120.1,0.1,0
79t7ihUe4Ag,UCk1NTIlGP27bQEumkw6sDVA,2026-07-26 09:00:22,54120,460,146,120.0,120.0,0.0,0
79tLAd78SHE,UChfs1dQ5phBDBWZJ1hHLbUA,2026-08-29 08:18:27,157387,672,83,119.95,120.2,0.05,0
79torGu__PM,UCjBPx2oip2bKnnfqKyas0ew,2026-08-04 09:00:04,19266,235,8,120.0,120.0,0.0,1
79w03klUl_k,UCb5NLtXAsTBrmaZVhyFa-Wg,2026-08-22 04:15:44,68047,390,42,120.0,120.0,0.0,0
7ACYOjvHhm4,UCCMQyaKDjQJY79VimTdaYYQ,2026-08-09 08:00:15,12553,89,63,120.0,120.0,0.0,0
7AJZXTPm4Kc,UCkd3KAYGnTNPJZZrPOFeWhA,2026-08-15 08:00:39,10646,13,1,119.99,120.24,0.01,1
7AaF_Y0L94U,UCgLFbrC7-g0ihBKB0obVPTg,2026-08-27 15:46:55,829,4,0,119.98,120.23,0.02,0
7AnEn46ILI0,UCzps05UZ7XpX3SFoFyYIDow,2026-07-25 04:28:43,71493,370,149,119.78,120.02,0.02,0
7AragB57BeU,UC6JB_a6rD1lZ_aZgQvORfrQ,2026-07-18 14:09:08,8595,130,0,119.85,120.1,0.1,0
7BIseQ5wNAM,UCdK9h1ILxS49c2LguBUY3rw,2026-08-26 10:45:18,151,1,0,119.76,120.01,0.01,1
7BOpdMMUpi4,UCFrKhWvZ8oeJQTNP5ZabgJw,2026-08-01 03:32:16,79490,601,94,119.97,120.21,0.03,1
7BPbsOtj_zw,UCdF0eCyf5np3lPO4y1fJVdw,2026-08-28 09:10:38,8430,104,5,119.84,120.08,0.08,1
7BfMc01V1j0,UCHCeN9BUgogMGrHBC6zKYvA,2026-08-11 13:01:01,4907,87,57,119.99,120.24,0.01,0
7Bmel-rmTl8,UCE8JC9RAVSudDT_8Ji1fuPQ,2026-08-05 08:45:03,153964,2407,67,120.0,120.0,0.0,1
7Br6tIGpX6E,UC1Il94cQwl93Zun8ax1Qjlw,2026-08-25 20:47:33,1281,5,0,119.97,120.22,0.03,0
7ByfHedLerY,UCs0LzOveQMLImmmTrMmP2sg,2026-08-21 09:48:18,24778,124,7,119.96,120.21,0.04,0
7C0ac0MkwI0,UC3RzmV2LX3AmWhZVx0A7u0A,2026-07-31 07:00:17,62200,1441,92,120.0,120.0,0.0,1
7C1M-wPdA2M,UCfq-5-0b5Lzj7cKCrp6-flA,2026-08-04 08:00:29,24985,995,62,119.99,120.24,0.01,0
7C2AbkWIryc,UCEg24oF81p-THPtp3otdmTA,2026-08-23 09:00:06,231615,4569,160,119.76,120.02,0.02,1
7CB2A7QQqnQ,UCD8r5Jgns2V64-NcUmXclpg,2026-08-31 03:15:04,142694,391,49,119.77,120.01,0.01,0
7CEv6dlfGxg,UCFrKhWvZ8oeJQTNP5ZabgJw,2026-08-16 03:47:02,144324,1490,232,119.97,120.22,0.03,1
7CLZ5BJizQQ,UC8aCmG_y4DqqVI9Xlcym1Jg,2026-07-23 20:30:39,186,9,0,119.99,120.24,0.01,0
7CPvD3nMHTc,UCEg24oF81p-THPtp3otdmTA,2026-07-15 11:35:09,113858,2114,24,119.92,120.17,0.08,1
7CejoL5GGIo,UCrfB1-zWijAYkgfZW7Ehc8Q,2026-07-29 08:30:34,215452,4378,410,119.99,120.24,0.01,0
7D-lHxjxg-E,UCBY9rOZPo0fLE45mOV0s0cw,2026-07-12 03:45:38,115,2,5,119.99,120.24,0.01,0
7D9XxJpbVPY,UCq6bX1rAJqwt3LmYuHrDPqg,2026-08-18 17:41:36,11938,8,0,119.82,120.07,0.07,0
7DO3bdl39co,UCI4wEWWBEElIbp9jHcFllTw,2026-08-15 10:00:25,4307,10,8,120.0,120.0,0.0,0
7DuonQK1k8I,UCPGl9DV2WUgaqGVXtVrhJWQ,2026-07-29 14:08:13,5,0,0,119.87,120.12,0.12,0
7E32340dDyo,UCt8CJiye87FMbEwt0npPMuQ,2026-07-16 20:18:30,43643,976,34,119.94,120.19,0.06,1
7EC3DvKe5Ag,UCpn9dP1b5BhBsU9SduEz1hA,2026-08-07 17:00:05,24747,407,14,120.0,120.0,0.0,1
7ESv3MmQhUQ,UCa2liSwjQST4AGcg6LFQakQ,2026-08-17 04:00:08,956,7,1,120.0,120.0,0.0,1
7EsVnoWQbKg,UC24GgPBq5W3v34z0p0uk1Ow,2026-08-30 09:41:11,1155,2,0,119.83,120.08,0.08,0
7EtZ9U3xRow,UCpI-AhCT02iQRGLC2ZcY0Jw,2026-08-16 09:10:12,39989,419,340,119.83,120.08,0.08,0
7F9g8m6dzTA,UCJDXc9JWCZo-nLNKr_-L2Ng,2026-08-30 16:00:33,5197,74,5,119.75,120.01,0.01,0
7FPLk2W6G9k,UC3hCAmwyYNgRuOOSFV7evVA,2026-08-06 10:00:21,23208,188,23,119.75,120.25,0.25,0
7FUAq5-2NxI,UC4VWaR3R17Ruc7j1Cy1-PKQ,2026-08-31 06:05:55,3082,8,8,119.92,120.17,0.08,0
7FbmLd2EojA,UC46X_E7jxvJ1O_3gnaeCxeg,2026-08-28 01:45:20,210627,828,83,119.76,120.01,0.01,0
7FshlHxqgWw,UC3DYSay178fMMPaf3zHwECA,2026-08-24 08:00:23,69546,1766,54,119.75,120.01,0.01,1
7FuwOpDrsAo,UCvPDPTxTLitVEyGu4Xt6m8g,2026-07-20 09:29:56,19779,171,16,120.0,120.0,0.0,0
7G5uvizUdyY,UC8x8GQmlxAIhHxzU61z0uLQ,2026-07-29 14:00:02,6769,50,10,120.0,120.0,0.0,0
7GCqV-a3HAU,UCzSODDx0zQF3nxXOZISCm_w,2026-08-05 11:30:24,782,2,0,120.0,120.0,0.0,1
7GMReAAh4vM,UC5bjQxLK_3XVzIOTQ04sYeg,2026-08-08 09:27:17,1477,29,4,119.8,120.05,0.05,0
7GQCZkZrZGQ,UCjiPEaapiHbJMoAdi_L8fNA,2026-08-06 16:01:21,49806,916,283,119.98,120.23,0.02,1
7GaysdliRqU,UC_RRZdJk55ShXE-9d3deRUA,2026-07-30 17:49:41,6512,47,0,119.92,120.17,0.08,0
7GcwcDgdi0o,UCt8CJiye87FMbEwt0npPMuQ,2026-07-17 15:00:03,7037,255,22,120.0,120.0,0.0,1
7GnX5xXDlpY,UCab17MxxnFtAhGsJVTkSkCg,2026-08-22 11:13:30,17275,211,7,119.79,120.04,0.04,1
7GucsKzZQQ8,UCZPfs7xIjGmOGs9kvgGhUKQ,2026-07-31 10:01:31,241,3,0,119.98,120.23,0.02,0
7H2GJVrLb-g,UC9vI-9WYQLXKI6n9XdXXo3g,2026-08-18 06:00:13,100593,551,37,119.76,120.01,0.01,1
7H3TQmdZMuc,UC5ThQKdocwo_9UurfT5P_ww,2026-08-07 04:30:26,87377,1361,51,120.0,120.0,0.0,1
7H5XoHRzuIM,UCPsZX-D7LW99PjZLA-UysPQ,2026-08-11 15:00:28,2565,28,15,120.0,120.0,0.0,0
7HKldha1t6g,UCVZ0SJNurJAv-6hV5VEGB2A,2026-08-29 01:15:11,93455,1111,28,119.76,120.01,0.01,0
7HKuppMiZ64,UCbaRH9U2BEFwhJiodE3qTpQ,2026-07-24 08:59:51,29758,1006,37,119.76,120.01,0.01,1
7HNu75A1Mr8,UCCW6uYIUP4YKKe50k-ktVAw,2026-08-07 08:00:23,68593,1620,132,120.0,120.0,0.0,0
7HWKyd9HmKs,UC5T_FfQwgy56XP0aEVHYULQ,2026-07-29 10:00:04,23926,285,30,120.0,120.0,0.0,0
7HZZhW8SkoE,UCgLFbrC7-g0ihBKB0obVPTg,2026-08-26 13:50:01,1690,12,0,119.93,120.18,0.07,0
7H_L97sca6w,UCDBAVzfX3yZ1hah0FHnOoaA,2026-07-19 13:00:37,461750,2123,261,119.99,120.24,0.01,0
7HcKKqHwC1Y,UCHXhFmex5EkUy-fP2IMQ_Ug,2026-07-16 12:30:39,4690,137,16,119.99,120.24,0.01,0
7HrEmeWkU5w,UCN8L7Z-dyzu9FzT39RM0fvw,2026-07-11 09:01:02,12114,135,73,119.98,120.23,0.02,0
64QVvtXHKw8,UCIOY-akTwtohcU0QB5ksjaA,2026-07-25 08:16:29,48,1,0,119.98,120.23,0.02,0
64UDIMTWjp8,UChLqHuZV0PENIBYxDgXyPLQ,2026-07-14 15:07:11,184796,4542,17,119.88,120.13,0.12,1
64eeD3Ios0A,UC6YqXiwCBfPvPTs3wXgWElQ,2026-08-18 14:18:55,4620,51,1,119.95,120.2,0.05,0
64i1UAyjrcs,UCPuD5ZRQWa_JCaY5NokNhtg,2026-08-14 14:19:22,489,11,3,119.93,120.18,0.07,0
64q2RwzZwAY,UC9otskL_kd-0CDib_5Lj-mQ,2026-07-30 05:00:03,140604,254,15,120.0,120.0,0.0,0
64w86smheUo,UCcum1rCJ5GJeQ_xv0xrohqg,2026-08-23 10:00:10,37178,1207,238,119.76,120.01,0.01,0
64zKxAGtcRw,UC2_VPutZK0o_tG8ca_QrQRA,2026-08-07 11:06:38,69311,,192,119.89,120.14,0.11,0
65-gFtKADDg,UC_E_qYfGKM3C0kqrp1p8z7Q,2026-07-29 17:00:20,323,3,1,120.0,120.0,0.0,1
650M4uvJAuk,UCmiTZyj9GwMjyznZxrgCH4Q,2026-08-15 21:54:01,61109,871,96,119.85,120.1,0.1,0
65ACKs_wAMw,UCV7WE8I_UiAN0fa6Arezx_w,2026-08-01 08:00:04,31,0,0,120.0,120.0,0.0,0
65SBmGsmnmg,UCoIEwIHhW-1_roLnb5nK_UA,2026-07-22 16:05:17,2745,19,5,119.92,120.17,0.08,0
65pmyfMOPpE,UC9M8GGVwPqc9ubNruArCNPg,2026-08-22 12:00:13,4002,69,5,119.76,120.01,0.01,1
65sUjtyN5oE,UCKVt3arMXfa6XZezR1UnjqQ,2026-07-30 22:00:36,15426,48,8,119.99,120.24,0.01,0
660n-X-GP_c,UCZ6mNZTiTUrUSbSYPlclI4A,2026-07-26 06:15:15,17381,428,27,120.0,120.0,0.0,1
666djcgSxRE,UCrxzkAOXEbflxcTbRYnCoTw,2026-08-01 23:00:35,74643,324,122,119.99,120.24,0.01,0
66DcqHvpfUY,UCPGl9DV2WUgaqGVXtVrhJWQ,2026-07-20 15:00:17,58,1,0,120.0,120.0,0.0,0
66IiveapNJA,UCPv0av3PfTUeTnHGgcXkk8w,2026-08-18 00:00:05,10,0,0,120.0,120.0,0.0,0
66UgPwCHrfU,UCqIwPYLfMd3EoWYwvyTjPnA,2026-07-14 23:00:12,39588,340,57,120.0,120.0,0.0,0
66WIg7vPzWE,UCby0vMKcLR05ZdS90aZd5og,2026-07-13 06:16:57,2055,2,0,119.97,120.22,0.03,1
66nCScvyTFY,UC5bjQxLK_3XVzIOTQ04sYeg,2026-08-27 12:45:39,1424,5,0,120.0,120.0,0.0,0
66wGxEXDqLA,UCAVR6Q0YgYa8xwz8rdg9Mrg,2026-08-21 03:25:16,56546,4933,71,119.84,120.09,0.09,1
67NfJM_K-io,UCBidluUUxzT_5jVOI_2x2MQ,2026-08-28 13:17:00,605,3,0,119.98,120.23,0.02,0
67bm3Kwyx0U,UCoH2pCzAr6zWDG-LtUiLWRw,2026-07-29 09:00:11,134752,3360,142,120.0,120.0,0.0,0
67bxXuDb0lc,UCgO8sNnksVuKcuTVTQKSK3A,2026-08-01 09:00:23,79629,756,36,120.0,120.0,0.0,1
67kEBlq0kI8,UCl-VnCUwSxDr5zPu-YlDUYw,2026-07-30 08:00:37,40829,707,28,119.99,120.24,0.01,1
67vheIH6bDw,UCt6Eo4xMTHhlOWg4_PAz_MA,2026-08-19 02:45:26,2255,51,2,120.0,120.0,0.0,0
682XdHGat5c,UCJDXc9JWCZo-nLNKr_-L2Ng,2026-08-13 19:00:01,2715,108,6,120.0,120.0,0.0,0
686_bAx_BP4,UCpcTrCXblq78GZrTUTLWeBw,2026-07-17 17:45:34,75311,838,208,119.99,120.24,0.01,0
68CGyUiocDI,UCt6Eo4xMTHhlOWg4_PAz_MA,2026-08-27 07:41:04,4809,46,0,119.83,120.08,0.08,0
68PglqLpnKY,UCifCesg-EUkjKyQedaB3hRg,2026-08-29 02:12:56,17323,426,7,119.8,120.05,0.05,1
68VuBPZW3FM,UCTK7GGeH0c9INAEnV2EfD0Q,2026-08-15 06:31:10,2909,85,2,119.98,120.23,0.02,1
68WXMVh71x8,UCPuD5ZRQWa_JCaY5NokNhtg,2026-08-04 05:29:05,525,5,2,119.77,120.02,0.02,0
693xIsl2BlE,UC_9W6Z5Y3lDpLk47Y_y5ITQ,2026-08-14 10:36:33,7965,76,9,119.89,120.14,0.11,0
694cjAGWl7U,UCv1tOT645xHOJrwdGlzjMaA,2026-08-27 12:36:34,70029,1332,64,119.9,120.15,0.1,1
69EgLsjc6zI,UCPsZX-D7LW99PjZLA-UysPQ,2026-08-02 12:00:34,319,6,5,119.99,120.24,0.01,0
69KlRY4R8v4,UCSl8TBqqflby-ymdEQVfRNQ,2026-08-10 13:02:12,23377,324,86,119.97,120.22,0.03,0
69VteApe7tg,UC3hqiw3lZAXaMwhQvMGZkdw,2026-08-02 01:15:21,19991,74,2,120.0,120.0,0.0,0
69bs6gL1d3Q,UCt8CJiye87FMbEwt0npPMuQ,2026-08-13 12:00:15,2902,91,3,120.0,120.0,0.0,0
69wXA5t0Uno,UC2yOBpLVwB7kzt9C5ZPbB7w,2026-08-23 20:00:27,125043,1876,41,119.75,120.01,0.01,1
6A4q1yUN_Po,UCOaUB8RzbLXB7QZtCmMO-8A,2026-08-01 09:00:34,72011,1387,94,119.99,120.24,0.01,0
6A5U33Cq4BY,UCA2ztZuXhSktpdxb419WvCQ,2026-08-05 07:00:02,8823,120,38,120.0,120.0,0.0,0
6ADEsdBWZrg,UCV7WE8I_UiAN0fa6Arezx_w,2026-07-18 16:00:01,21,0,0,120.0,120.0,0.0,0
6ADGYGJEaSQ,UCCTw9N950kEoELFv3dRcWJQ,2026-07-30 00:52:12,3116,107,5,119.88,120.13,0.12,0
6ALcdUpwOG0,UCy8OX8RrstkjRrnM5hND_ug,2026-08-28 13:08:50,4218,44,1,119.87,120.12,0.12,0
6AXivSOkbzo,UCJmnOEp1-OITEU0mk4icM5A,2026-08-19 07:00:28,35415,451,72,120.0,120.0,0.0,0
6AlmNA_W1EI,UCTK7GGeH0c9INAEnV2EfD0Q,2026-08-21 03:00:27,5005,166,15,120.0,120.0,0.0,0
6An-lupLcQk,UCJDXc9JWCZo-nLNKr_-L2Ng,2026-08-31 17:00:14,13864,149,3,119.76,120.01,0.01,0
6ApjT5cBr7g,UCmwZePdbUmncnpQptdPH2Jg,2026-08-22 13:56:10,27,1,0,119.82,120.08,0.08,0
6AuLLxVQ9Vo,UCpcTrCXblq78GZrTUTLWeBw,2026-07-12 05:34:50,9722335,107935,546,119.92,120.17,0.08,1
6AutsFYKniU,UCPN9TrChCye1s97iEUOsIeA,2026-08-27 23:15:04,996,5,0,119.76,120.01,0.01,1
6BAZeFYEMSs,UCGi94VU356EAvQLgODywyrA,2026-08-21 13:47:45,6858,117,30,119.97,120.22,0.03,0
6BBpKx7Vbek,UCpwGBltfwjd_fIzp5cb5R0w,2026-08-09 14:34:51,50388,267,16,119.92,120.17,0.08,0
6BMhNZ16jvM,UCnju7ULBic4VgkCfDvVXCnA,2026-08-08 02:35:04,17928,335,0,119.92,120.17,0.08,0
6BMhqedKVZs,UCV7WE8I_UiAN0fa6Arezx_w,2026-08-08 16:00:16,42,0,0,120.0,120.0,0.0,0
6BrMNy9onYE,UCVey3Q_CodrHAWBonTGbHFg,2026-08-29 03:00:03,7285,281,10,119.76,120.01,0.01,0
6BzkJU0YxlE,UCpcTrCXblq78GZrTUTLWeBw,2026-08-07 04:30:39,114573,1122,53,119.99,120.24,0.01,0
6CCmhW9C1yo,UCsmsw8102lekPyVYwKMHxmA,2026-08-30 14:45:01,19542,100,60,119.76,120.01,0.01,0
6CDRlT1DEPs,UCpcTrCXblq78GZrTUTLWeBw,2026-07-20 00:12:47,3007514,47884,588,119.79,120.04,0.04,1
6CN4FE3U_wM,UC60HSePkZwGFzRj6VSDa6Ew,2026-08-27 22:22:30,68238,431,159,119.89,120.14,0.11,0
6CRbjVAKqDU,UCp6n8d8Y8r3MwKNw_MMaouQ,2026-07-25 19:19:48,184574,1799,1,119.92,120.17,0.08,0
6CZIOs3QHXE,UCjSNmS8qcD1jEdQhU5h-zKQ,2026-08-05 09:00:07,33,,0,120.0,120.0,0.0,0
6C_uIhV9k9c,UCB4YEVYp6LynBpz7bXyZsTg,2026-08-06 12:00:02,21043,190,21,120.0,120.0,0.0,0
6CaJ3zHQKyM,UCUHcLZNBLB3IpdBQQb3Cr_Q,2026-08-05 10:30:15,6144,206,54,120.0,120.0,0.0,0
6Cd0EiDEQtc,UCfcfymsN3OMo2cfmbpGTanw,2026-07-23 08:00:07,51907,255,54,120.0,120.0,0.0,0
6CfdRXGJFrA,UC6YqXiwCBfPvPTs3wXgWElQ,2026-07-29 08:00:26,3803,11,0,120.0,120.0,0.0,0
6Cj8E7P1eec,UCHYMpkGhNIr8A0m2H3lIjUA,2026-08-04 13:00:22,58023,438,124,120.0,120.0,0.0,0
6CjFDhBG8yI,UCpAZLM9XMzIbqFucUBD8Jtg,2026-07-25 05:12:33,145709,1133,68,119.79,120.04,0.04,1
6ClVHij641w,UCi8fe6P0_tLeZ1r31wOydvw,2026-08-19 04:00:33,3115,19,3,120.0,120.0,0.0,0
6Ct4vBm7sKs,UC5pdoCANExIVI4yf6DVoxew,2026-08-16 18:14:22,95,1,0,119.76,120.01,0.01,0
6Cxm1FXprPo,UCV7WE8I_UiAN0fa6Arezx_w,2026-08-03 14:00:17,37,1,0,120.0,120.0,0.0,0
6D30GWxMoyU,UCMj-P8p7UcOGF_GPsifXvAQ,2026-08-27 08:00:14,4979,276,29,119.76,120.01,0.01,1
6DJOkmHw_AI,UCGW76VChAJKee9kYzvyoycQ,2026-08-25 09:00:19,5543,127,45,119.76,120.01,0.01,0
6DObDvbsAnA,UCZ-UuK86Bk5sGzQQ2cEglJQ,2026-08-16 08:23:24,69910,1211,79,119.86,120.11,0.11,1
6DSLq4BZaHM,UCVey3Q_CodrHAWBonTGbHFg,2026-08-26 03:00:19,23630,403,24,119.76,120.01,0.01,1
6DduWjW0g-U,UCbItyvYa6cqvqtwlU2E9-wA,2026-07-26 13:00:31,6991,456,30,119.99,120.24,0.01,0
6DvbMgdXXDM,UCAaLhok91QDrweyuDRsmjqQ,2026-07-17 03:15:25,163134,1113,118,119.99,120.24,0.01,0
6DxMlPIH7bQ,UCy8OX8RrstkjRrnM5hND_ug,2026-08-10 21:40:55,1296,47,9,119.82,120.07,0.07,0
6EJefEFsosM,UCwlUB3goOsh4tpqZKIzUAbA,2026-08-18 14:41:25,33455,376,108,119.82,120.07,0.07,0
6EMV2bliqhU,UCqEoc6yuYRg5CFG4NIG8euQ,2026-08-08 00:00:33,10964,126,22,119.99,120.25,0.01,0
6EZHrbHD14A,UC_Xb6sEXAdNv9nHU4988vmg,2026-08-25 10:00:22,426246,,3,119.76,120.01,0.01,1
6EefeBpg8p8,UCq6bX1rAJqwt3LmYuHrDPqg,2026-08-28 10:37:35,91915,189,83,119.89,120.14,0.11,0
6Esj6ALnKYY,UCUbOogiD-4PKDqaJfSOTC0g,2026-08-19 08:02:23,2398133,20817,147,119.97,120.22,0.03,1
6F-Dea8l8Ng,UCJA6MZLzTeljmGNFaugdoWQ,2026-08-30 07:00:30,1253,7,5,119.75,120.01,0.01,1
6F1BNs4dfyo,UCBo7GIv99qTzHaa6ip09YLA,2026-08-13 06:30:11,9,0,0,120.0,120.0,0.0,0
6F3m0qjqn50,UC9nWoDbRAl3-fvreBNeStKQ,2026-08-05 18:14:24,7761,44,4,119.76,120.01,0.01,0
6F6C18xM_J4,UCpX86JOUhnrzG7MK8e8Gjbw,2026-08-28 09:51:53,59043,221,134,119.9,120.15,0.1,0
6F8DxJPWvTw,UCpcTrCXblq78GZrTUTLWeBw,2026-07-21 04:30:03,73713,1318,71,120.0,120.0,0.0,1
6FD1FDaySEM,UCt8CJiye87FMbEwt0npPMuQ,2026-07-21 14:00:37,2648,87,11,119.99,120.24,0.01,0
6FEbNBgV-PE,UC9vI-9WYQLXKI6n9XdXXo3g,2026-07-28 02:45:46,16853,149,39,119.99,120.24,0.01,0
6FKUyeQvouA,UCw1DsweY9b2AKGjV4kGJP1A,2026-08-28 08:04:00,61554,79,16,119.95,120.2,0.05,0
6FSCdoYmMYY,UCPGl9DV2WUgaqGVXtVrhJWQ,2026-08-14 15:00:27,5,0,0,120.0,120.0,0.0,0
6FW7qXhe1vw,UCT807kAu6fmwES8B5698e2w,2026-08-21 09:30:08,11294,1014,155,119.76,120.01,0.01,0
6FcwHW4TOVs,UCzDmGDR5RdahQkLCBoWlTEg,2026-08-22 13:18:19,12125,62,1,119.96,120.21,0.04,1
6FdwPsn7EDk,UCcum1rCJ5GJeQ_xv0xrohqg,2026-08-10 12:00:36,44450,1068,99,119.99,120.24,0.01,1
6FfH4OiJhus,UCOTJtP0Z9DjpPU43B5m1V6A,2026-08-08 13:00:20,90814,521,93,120.0,120.0,0.0,0
6FjGU9GH47I,UCS2OAdHoLt-9T6cG9A2H49Q,2026-08-19 03:00:08,25177,398,367,119.76,120.01,0.01,0
6Ful95p5tuo,UCN9VGDvz2M3vdR0czEUp6lQ,2026-07-11 22:00:31,15666,239,364,119.99,120.24,0.01,0
6FxEGCbttjY,UCIvLQ5lZ2kebqnLaGv_FP4w,2026-07-25 18:20:19,2032,12,0,119.91,120.16,0.09,0
6GF9FCrGO6E,UCpcTrCXblq78GZrTUTLWeBw,2026-07-28 22:30:27,53720,625,52,120.0,120.0,0.0,0
6GGhR6042vY,UCyAA-Vj4ORjXl5Ui2m6_Llw,2026-07-18 03:00:21,18091,98,17,120.0,120.0,0.0,0
6GRgDMXYRXg,UCV6mNrW8CrmWtcxWfQXy11g,2026-08-29 09:41:21,115755,903,4,119.82,120.07,0.07,0
6GXJrvPRfyU,UCPuD5ZRQWa_JCaY5NokNhtg,2026-08-19 23:03:23,417,11,2,119.95,120.2,0.05,0
6GXoc3ZyE4Q,UCSzHok6X5qXEO7cjvVnE62g,2026-07-20 10:00:31,45784,302,33,119.99,120.24,0.01,0
6G_RGT9X4WA,UC8FErYSi74YwGUAoTpjvgzQ,2026-07-29 11:25:23,72996,619,65,119.83,120.08,0.08,1
6GagyOJc3_E,UCdK9h1ILxS49c2LguBUY3rw,2026-08-23 11:15:06,6,0,0,119.76,120.01,0.01,0
6GbhSOfBUfw,UChLqHuZV0PENIBYxDgXyPLQ,2026-07-28 13:41:25,113014,2161,17,119.81,120.06,0.06,1
6GiYLHBlXd4,UC3kVT7zilzGf_7fIEkc4dDA,2026-08-31 04:30:31,40440,477,197,119.76,120.01,0.01,0
6GoHW_T4fsU,UCPGl9DV2WUgaqGVXtVrhJWQ,2026-07-20 15:00:25,8,0,0,119.99,120.24,0.01,0
6GoMlEZUgLU,UCFiHjGyrJux8Rt4e6mUPU-w,2026-08-26 17:00:09,24831,565,102,119.76,120.01,0.01,0
6GsJ2XZWgpE,UC9M8GGVwPqc9ubNruArCNPg,2026-08-21 12:00:28,5856,122,6,119.75,120.01,0.01,1
6Gspgg1f28Q,UCPsZX-D7LW99PjZLA-UysPQ,2026-08-27 03:00:22,1773,6,5,119.76,120.01,0.01,0
6H0sMP5egjA,UCHCeN9BUgogMGrHBC6zKYvA,2026-08-08 11:23:35,4572,87,29,119.86,120.11,0.11,0
6H1fBod7GDk,UCBtJuwDt6LlXp2YASC-ZMdA,2026-07-26 12:52:16,518,13,1,119.88,120.13,0.12,0
6H9M74p7Cy0,UCPGl9DV2WUgaqGVXtVrhJWQ,2026-08-29 15:00:16,2,0,0,119.76,120.01,0.01,0
6HPfxGG31u8,UCF5RrlbsxJjAVLWgOCoNHMg,2026-07-31 03:41:12,38513,727,5,119.82,120.07,0.07,1
6HQWtT0A314,UCzSODDx0zQF3nxXOZISCm_w,2026-08-10 07:30:25,447,1,0,120.0,120.0,0.0,1
6HRwkkA0Y_A,UCI3DTtB-a3fJPjKtQ5kYHfA,2026-08-27 22:40:51,5264,10,1,119.83,120.08,0.08,0
6H_Vzcn9WBQ,UCV6mNrW8CrmWtcxWfQXy11g,2026-08-25 14:00:30,394974,20015,136,120.0,120.0,0.0,1
6HaHNYjnghE,UCpcTrCXblq78GZrTUTLWeBw,2026-07-20 00:01:18,14485523,138260,11679,119.98,120.23,0.02,0
6Hc_z3Xd6sE,UCNmN3W2H0r5_hV2drzbEn7Q,2026-08-11 16:52:40,64698,182,0,119.88,120.12,0.12,0
6Hcmy4XQmgg,UCCs1YZHxUTIbLZd-xrvvMCw,2026-08-21 09:00:16,52868,1168,68,119.76,120.01,0.01,0
6HfMOQP9zSY,UC3gl4CHfNtAqNjju1goB0_w,2026-08-07 19:16:36,2161,39,26,119.98,120.23,0.02,0
6HiqzfeRnNE,UCbvvdVOF0teLO-U6GWh1RKg,2026-08-24 10:21:07,3697,47,150,119.91,120.16,0.09,0
6Hl4CneN0Bw,UCJoWNCiFuiN4eZnB80WUf4Q,2026-07-24 05:30:06,164799,2498,161,120.0,120.0,0.0,0
6HyfMUi3Riw,UCHeg3ApmuXQbqqszaD1fR9g,2026-08-03 12:19:30,85,7,1,119.93,120.18,0.07,0
6IHJIUPqr8w,UCqI5lyTpC79pOy2D-VXAMdA,2026-08-14 14:46:45,67166,403,143,119.97,120.22,0.03,0
6IOjqHrNEfI,UCcJ_oPUSkS_h96_PuizxMGA,2026-07-23 18:31:47,108,7,0,119.97,120.22,0.03,0
6IPyj3nolxc,UCIOY-akTwtohcU0QB5ksjaA,2026-08-30 12:27:34,39,0,0,119.8,120.05,0.05,0
6IbsVAUWES0,UCV7WE8I_UiAN0fa6Arezx_w,2026-08-29 15:00:02,778,0,0,119.76,120.01,0.01,0
6J0gAWGOw3Q,UCgLFbrC7-g0ihBKB0obVPTg,2026-08-21 14:59:31,1,0,0,119.77,120.02,0.02,0
6JBryCKM04I,UC86GXx7Ap-Cahlb0r0xT-ZQ,2026-07-24 12:00:03,31781,293,21,120.0,120.0,0.0,0
6JNunNf6PYo,UCVipGmBXqbYKNODNzVCN86w,2026-07-27 00:55:34,21086,706,18,119.83,120.08,0.08,1
6JbKP3vmKZw,UCw1DsweY9b2AKGjV4kGJP1A,2026-07-13 09:03:55,77085,904,160,119.94,120.19,0.06,0
6Jco0o72OTU,UCwlUB3goOsh4tpqZKIzUAbA,2026-07-16 13:20:39,60737,1112,756,119.91,120.16,0.09,0
6K5bip2FKQs,UC3ozN5tHi449NhCDE6Xtmwg,2026-08-08 01:58:38,33383,334,80,119.77,120.02,0.02,0
6KDpizfUfhM,UCpcTrCXblq78GZrTUTLWeBw,2026-07-14 22:45:44,10772129,96532,627,119.99,120.24,0.01,1
6KEj_lMCHfs,UCgLFbrC7-g0ihBKB0obVPTg,2026-07-25 14:00:25,282,9,3,120.0,120.0,0.0,0
6KGGYUc-C24,UCw1DsweY9b2AKGjV4kGJP1A,2026-08-01 08:30:19,222364,698,31,120.0,120.0,0.0,1
6KKKfUYuzmI,UCab17MxxnFtAhGsJVTkSkCg,2026-08-04 12:09:38,1943,37,2,119.84,120.09,0.09,0
6KNQB8yV02A,UCzSODDx0zQF3nxXOZISCm_w,2026-08-30 10:00:03,221,0,0,119.76,120.01,0.01,1
6KVtnqbx1k4,UCi5yzN6jpdz2akGTm-mJSKQ,2026-08-03 12:14:30,1828,66,17,119.76,120.01,0.01,0
6L6pcovPJoM,UCXVVG5ZM3SJJCh94xatR8Dg,2026-07-25 09:00:09,1223,12,1,120.0,120.0,0.0,1
6L9HOw_q11Q,UC-yb5eNBQyXBE9nZnht9u-g,2026-07-14 10:00:36,6489,240,30,119.99,120.24,0.01,0
6LHpc8Cd8d4,UCBtJuwDt6LlXp2YASC-ZMdA,2026-08-30 02:00:22,277,2,1,119.76,120.01,0.01,1
6LTU_Fqz524,UCrY2B2XX41ReYh9DIWrFfCg,2026-08-25 10:02:02,3916,,9,119.98,120.23,0.02,0
6LdrekIQ0e4,UCWwbZhw5M-Q5dZtTK4nDWNw,2026-08-07 03:00:23,71965,1348,29,120.0,120.0,0.0,0
6LgggfHIAx8,UCqVkQsNin4MdGFrWvzFVOKw,2026-07-31 15:24:13,14439,381,1,119.85,120.1,0.1,0
6M25EfOW5QE,UCQfISxq5legTqOt1h1us6lg,2026-08-23 16:50:04,6659,27,0,119.93,120.18,0.07,0
6MAfX0ZLQEU,UCC1veMJY2wElX0lpYOoNB1Q,2026-07-24 11:01:00,4635413,6225,153,119.99,120.24,0.01,1
6MHTvVyH1vg,UCN8L7Z-dyzu9FzT39RM0fvw,2026-08-07 03:46:53,15901,182,77,119.97,120.23,0.03,0
6MNmhXUv6IY,UCAl4HWznMn7KhKBRFO5eiFA,2026-07-26 12:40:51,11956,56,0,119.82,120.07,0.07,1
6MQzZrObx4Q,UC3ozN5tHi449NhCDE6Xtmwg,2026-08-14 09:42:14,40518,357,44,119.8,120.05,0.05,0
6MXxWXNe4vo,UCZHBZUrLKMoL6FxpvdRzhKA,2026-07-27 16:58:29,14104,90,0,119.78,120.03,0.03,0
6N6TOhM3TwA,UCPuD5ZRQWa_JCaY5NokNhtg,2026-08-06 11:56:51,530,9,3,119.81,120.06,0.06,0
6NDh6XyiDAs,UCT-UsvGz4gm7lezXvCEex9A,2026-07-31 10:00:10,29003,463,15,120.0,120.0,0.0,1
6NEesi3mi28,UCcdlIcleb4oIK6of1ugSJ7w,2026-07-31 10:00:08,120777,369,47,120.0,120.0,0.0,0
6NGgoBBZCDw,UCoSniqkitCpxlHrQd5L8A1w,2026-08-08 00:37:08,18381,249,21,119.88,120.13,0.12,1
6NHEBZIxZ1A,UCp6n8d8Y8r3MwKNw_MMaouQ,2026-08-20 18:48:04,24269,397,1,119.96,120.21,0.04,1
6NLGYfc0kjE,UC78d2aaqdrt02RfmtRLmlAw,2026-08-06 16:45:47,15731,435,98,119.99,120.24,0.01,0
6NofARbNu-o,UCPGl9DV2WUgaqGVXtVrhJWQ,2026-08-31 15:00:04,2,0,0,119.76,120.02,0.02,0
6NruEKYykvs,UC0PMQXAwF6O6aeTpv962miA,2026-08-25 12:08:23,234139,1207,327,119.87,120.12,0.12,0
6O-e8XKRW10,UC_F-jhf8uO0fzrM7NQwvs3Q,2026-08-22 10:38:57,139,0,0,119.86,120.11,0.11,0
6OOw5u9v0yQ,UCmiTZyj9GwMjyznZxrgCH4Q,2026-07-25 04:13:19,32882,392,75,119.78,120.03,0.03,0
6OcR8_7U75A,UCmcBe97VA2LqVEQUeeZl6Ew,2026-08-09 09:00:39,41612,414,94,119.99,120.24,0.01,0
6OdmkShZf0c,UCksGX0hODm1Ev6mysrToMqg,2026-08-01 02:00:36,6170,185,12,119.99,120.24,0.01,0
6OfRgRo5gGE,UCSTIgFSMRyUgrobBoCVAGmw,2026-08-11 02:26:33,28,3,0,119.81,120.06,0.06,0
6Ol1ztmBFNI,UCV6mNrW8CrmWtcxWfQXy11g,2026-08-06 14:04:06,141071,7301,908,119.93,120.18,0.07,0
6P9o9qN0GF4,UCw1DsweY9b2AKGjV4kGJP1A,2026-08-15 09:00:18,351523,1071,75,120.0,120.0,0.0,1
6PduqI1agzw,UC0PMQXAwF6O6aeTpv962miA,2026-08-24 18:30:04,13980,408,100,119.76,120.01,0.01,0
6Q2oKA1If2M,UCwBkHOTyu57NQi0syf5MLig,2026-08-19 13:46:15,210657,885,73,119.99,120.24,0.01,1
6QIiJkKpgJQ,UC_RRZdJk55ShXE-9d3deRUA,2026-08-24 22:53:01,12718,79,0,119.88,120.13,0.12,0
6QSLf8Th58g,UCpcTrCXblq78GZrTUTLWeBw,2026-08-24 16:30:08,348725,9672,102,119.76,120.01,0.01,1
6QSku-4qrwc,UCBidluUUxzT_5jVOI_2x2MQ,2026-08-01 03:00:06,3831,13,0,120.0,120.0,0.0,1
6QVfIYcVyQQ,UCPGl9DV2WUgaqGVXtVrhJWQ,2026-07-20 15:00:36,6,0,0,119.99,120.24,0.01,0
6QWDgnmRxIo,UC141BuVRzSSXJX33Am9yxEA,2026-08-16 08:00:36,10818,291,61,119.99,120.24,0.01,0
6QYTEU17ObQ,UCyiKngyUPUb1bka4yFrn65g,2026-07-28 21:13:17,839,6,0,119.78,120.04,0.04,0
6QwNLi8NZgQ,UC00raQBBBGagQthJ01ZYIIQ,2026-08-26 06:30:08,47510,265,16,119.76,120.01,0.01,1
6R8og1yXToI,UC8rbhIem-3aAsNXhTDI-nSA,2026-07-27 09:08:05,34818,497,56,119.87,120.12,0.12,0
6R_2co7yizQ,UCAJ-meoCh1TrPZ7La3UpPrw,2026-08-12 15:23:27,115318,1676,397,119.86,120.11,0.11,0
6S0Nwt173_k,UC1IUMdwaJ22A6FkPiI8dcig,2026-08-20 12:49:59,57151,1241,26,119.92,120.17,0.08,1
6S8VslPwyH8,UC8chC5rneP-LHm43q-jF3oQ,2026-07-28 23:30:13,763394,9297,133,120.0,120.0,0.0,1
6SBE5V6Ct1s,UCp6n8d8Y8r3MwKNw_MMaouQ,2026-08-12 19:28:08,8388,252,8,119.78,120.03,0.03,1
6SJgsPWrQn8,UCybn_0S0Ec6Il1ZhiQM1Vww,2026-07-22 08:18:19,59589,257,322,119.95,120.2,0.05,0
6SLfWyTdlb0,UCyU5JQ8KVRD9jE4E_xLsHxw,2026-08-30 09:00:27,46,0,0,119.76,120.01,0.01,0
6SX8k8waf5c,UCYsRymb9vAsOOLBy-Wo1kRg,2026-07-25 06:00:03,3954,85,1,120.0,120.0,0.0,0
6SiPINgo42M,UCATlfGN7EDjXS_2ofklb3bw,2026-08-17 09:10:37,8309,210,1,119.83,120.08,0.08,0
6SnMVhRlUfQ,UCjiXXUsdl0F0aUkTbv8ZVTA,2026-08-11 16:30:15,6009,407,7,120.0,120.0,0.0,1
6T9CY176gQM,UCgLFbrC7-g0ihBKB0obVPTg,2026-07-22 15:57:55,0,0,0,119.79,120.04,0.04,0
6TEeDW8xHN8,UCqIwPYLfMd3EoWYwvyTjPnA,2026-07-19 08:00:04,15728,74,9,120.0,120.0,0.0,0
6TH3ll6LvK0,UC4VWaR3R17Ruc7j1Cy1-PKQ,2026-08-26 07:30:23,471,5,2,120.0,120.0,0.0,0
6TZnJKCHG1Y,UCab17MxxnFtAhGsJVTkSkCg,2026-07-23 09:00:53,814,10,1,119.99,120.24,0.01,0
6TdaRsEiltw,UC4VWaR3R17Ruc7j1Cy1-PKQ,2026-08-14 04:00:45,609,14,21,119.99,120.24,0.01,0
6TfZXnUl28I,UCIvLQ5lZ2kebqnLaGv_FP4w,2026-07-31 17:33:32,1264,7,1,119.94,120.19,0.06,0
6ThZY2diLfA,UCfIUuMA7U_jImP7oWfTe4Pw,2026-08-30 03:45:56,1050488,5586,392,120.0,120.0,0.0,0
6TmH5d0HKbw,UCDBAVzfX3yZ1hah0FHnOoaA,2026-07-12 13:00:15,481091,2108,283,120.0,120.0,0.0,0
6Tp0Zl97JCY,UCJj2vuQIpFnk5pbTAtCi3yw,2026-08-15 06:21:43,22755,257,4,119.89,120.14,0.11,1
6Tp2oilLToM,UCBo7GIv99qTzHaa6ip09YLA,2026-08-28 07:30:04,18558,36,3,119.76,120.01,0.01,1
6TyE91G23QE,UCL2ZLyAV0H9Pvi46W7TGdHQ,2026-08-12 12:00:34,380618,2809,49,119.99,120.24,0.01,1
6UCD2xV7XDs,UCV7WE8I_UiAN0fa6Arezx_w,2026-07-15 03:00:31,66,0,0,119.99,120.24,0.01,0
6UE6pAfKIDc,UCAhmOb9JWkI2HV_KIe9X_3A,2026-07-31 06:00:15,7476,233,20,120.0,120.0,0.0,0
6UIhD6jpV5g,UCEcRvF_6IRSux8FO-ogFZug,2026-07-22 16:21:46,19895,690,13,119.89,120.14,0.11,0
6ULfovzwARs,UCms8Ge7H1ZGgw6nV94fUhUQ,2026-08-28 09:00:23,15098,131,3,119.76,120.01,0.01,1
6UNyCcOz-w4,UCPGl9DV2WUgaqGVXtVrhJWQ,2026-08-11 06:31:33,109,1,0,119.98,120.23,0.02,1
6UnE6iUjQV0,UC2yOBpLVwB7kzt9C5ZPbB7w,2026-07-29 04:00:20,58630,802,123,120.0,120.0,0.0,1
6V7maNpJAu8,UCuwnt_REmD4YsCtFJRoqjFw,2026-07-23 02:30:24,24311,245,40,119.99,120.24,0.01,0
6V7q0NWRVws,UC59jWhPazXYi8Ny4vake45A,2026-08-27 20:49:16,37388,1928,54,119.94,120.19,0.06,0
6Vvjo_tBs40,UCqVZTizoA2wQKOj_xaDt10Q,2026-07-28 00:32:26,573,6,2,119.96,120.21,0.04,1
6W10okkXeMI,UCQfISxq5legTqOt1h1us6lg,2026-07-25 11:16:10,3952,9,0,119.98,120.23,0.02,0
6WGs_JuQGi4,UCS2OAdHoLt-9T6cG9A2H49Q,2026-08-12 09:00:28,18746,102,13,120.0,120.0,0.0,1
6WOMlRrt76k,UC9vI-9WYQLXKI6n9XdXXo3g,2026-08-15 06:00:28,50155,250,12,120.0,120.0,0.0,1
6WPePinSMck,UC6YqXiwCBfPvPTs3wXgWElQ,2026-08-19 08:12:17,2521,19,0,119.81,120.06,0.06,1
6WXz925Y9v0,UCbFzvzDu17eDZ3RIeaLRswQ,2026-08-14 11:00:58,760991,7057,527,119.99,120.24,0.01,0
6WiNsOLPUaI,UCK1aVlIbEBrdhv-gbSgGIkQ,2026-08-07 10:26:04,198,4,2,119.82,120.07,0.07,0
6XC5bNGepo4,UC5H8Wt-1q_tnn-m4tDTqbUw,2026-08-04 05:44:31,905,9,7,119.76,120.01,0.01,0
6XbijVBaGIQ,UC_E_qYfGKM3C0kqrp1p8z7Q,2026-08-01 19:00:37,281,4,0,119.99,120.24,0.01,1
6XjbeI14E0M,UCt8CJiye87FMbEwt0npPMuQ,2026-08-20 01:25:56,2398,59,8,119.82,120.07,0.07,1
6XnCb_Mp8Cw,UCV6mNrW8CrmWtcxWfQXy11g,2026-08-25 13:00:27,133621,6132,135,120.0,120.0,0.0,1
6Xo8IcGzM2g,UC2IYsRiATGe71sLIOlSXGuw,2026-07-24 09:30:34,57321,541,197,119.99,120.24,0.01,0
6XsA--eb6fw,UCAhmOb9JWkI2HV_KIe9X_3A,2026-07-24 13:00:10,7547,195,58,120.0,120.0,0.0,0
6XvUUmyMDlo,UC5ThQKdocwo_9UurfT5P_ww,2026-08-23 00:00:17,365986,5003,74,119.76,120.01,0.01,1
6XvnDrG3guY,UCeHTYRjeKVWqB-M9-Bfl5Sg,2026-07-11 04:58:11,7552,194,54,119.78,120.03,0.03,0
6Y69my7Cujw,UCV6mNrW8CrmWtcxWfQXy11g,2026-07-30 08:30:12,20068,2373,26,120.0,120.0,0.0,0
6YKWT7PrHVo,UCfq-5-0b5Lzj7cKCrp6-flA,2026-08-16 08:00:31,52171,1139,113,119.99,120.25,0.01,1
6YMF0KKbzsI,UCJDXc9JWCZo-nLNKr_-L2Ng,2026-08-22 12:00:21,2779,119,4,120.0,120.0,0.0,0
6YOKxGNLf20,UCTNyl3P7q6PNhPddh6d7WJQ,2026-07-16 22:00:28,1565,6,0,119.99,120.24,0.01,1
6YPAnzsDbG4,UCV7WE8I_UiAN0fa6Arezx_w,2026-08-11 07:00:30,26,0,0,119.99,120.25,0.01,0
6YU8caohpaw,UCmXPCG7sSBwTjlMopTn78tg,2026-08-02 09:18:38,1392,4,2,119.94,120.19,0.06,1
6YUQJhG3a9w,UCZ-UuK86Bk5sGzQQ2cEglJQ,2026-07-10 10:30:33,146230,1670,180,118.26,122.11,1.74,0
6Yfg2ymqlpU,UC4VWaR3R17Ruc7j1Cy1-PKQ,2026-08-17 08:42:28,59,4,6,119.8,120.05,0.05,0
6Yr7_cELstU,UCN9VGDvz2M3vdR0czEUp6lQ,2026-07-19 07:07:01,6653,138,35,119.88,120.13,0.12,0
6ZKMPdwa9Gc,UCyiKhng8Mr3xlm-rgec6mWQ,2026-08-01 23:00:03,37,0,0,120.0,120.0,0.0,0
6ZMFCBxZPtE,UCkmUJzaZfP7Wsb5-89pAK4Q,2026-08-27 08:48:14,2969,15,0,119.96,120.21,0.04,0
6ZhSeEO6XAw,UCNu00qhYj4nPeMNdxuwV6sg,2026-07-10 12:45:05,1118,35,0,120.0,120.0,0.0,0
6ZnG6EOIbso,UCgLFbrC7-g0ihBKB0obVPTg,2026-08-21 15:26:39,214,11,0,119.82,120.07,0.07,0
6ZqV_B4vIBI,UCl402YYy7RcH7PBI3npmGPQ,2026-08-15 10:00:30,156034,935,455,120.0,120.0,0.0,0
6Zs44k1ikog,UCei_ecYpQqFjYhjLaDPr2Lw,2026-08-16 21:26:44,93,25,0,119.81,120.06,0.06,0
6_2M-diBjzc,UCTK7GGeH0c9INAEnV2EfD0Q,2026-08-14 15:00:00,60930,1043,30,120.0,120.0,0.0,1
6_4HYVEmyC4,UCuXE-MdbuaZcPt_2J2kSsSQ,2026-07-17 03:56:35,281,2,0,119.81,120.06,0.06,1
6_AXGWMuxQg,UCZaNYFjF_SRRJPVuGX7yMjQ,2026-08-05 12:03:22,7,1,0,119.95,120.2,0.05,0
6_LMgUbKuMI,UCoSniqkitCpxlHrQd5L8A1w,2026-08-28 23:01:20,10862,150,5,119.99,120.24,0.01,1
6_Q8bV-_9hs,UCpcTrCXblq78GZrTUTLWeBw,2026-08-04 17:30:37,64212,779,39,119.99,120.24,0.01,0
6_QyhnN4orw,UCFrKhWvZ8oeJQTNP5ZabgJw,2026-07-30 12:58:00,53787,323,55,119.79,120.04,0.04,1
6_cZW43Q-oo,UCnhGcri8x6xhehanhAe9ipw,2026-08-28 12:33:28,23187,197,39,119.96,120.21,0.04,1
6_firgR5tj8,UC_yxsHiFh1_j174x4AxICSg,2026-08-31 07:00:37,44954,331,4,119.75,120.01,0.01,1
6_fmLoqwoNg,UCpcTrCXblq78GZrTUTLWeBw,2026-07-20 00:04:54,973859,8142,63,119.92,120.17,0.08,1
6_nCNL3RWJQ,UC6JB_a6rD1lZ_aZgQvORfrQ,2026-08-02 22:30:31,2592,23,4,119.99,120.25,0.01,1
6_u17PSKWZw,UC783XWULPW-nDGv_0EYlB6Q,2026-08-30 09:33:26,80143,737,91,119.96,120.21,0.04,0
6_xYM_Ps1Hg,UC3RzmV2LX3AmWhZVx0A7u0A,2026-08-11 07:00:02,172535,3270,124,120.0,120.0,0.0,1
6a-mJH2c5DM,UC3DYSay178fMMPaf3zHwECA,2026-08-29 08:00:34,72298,1736,31,119.76,120.01,0.01,1
6a2uKQNIAqA,UCAl4HWznMn7KhKBRFO5eiFA,2026-08-14 13:10:44,9335,52,6,119.82,120.07,0.07,1
6a6cVXgcETc,UCp6n8d8Y8r3MwKNw_MMaouQ,2026-08-06 16:15:26,52571,717,26,120.0,120.0,0.0,1
6a7k4HoR0m0,UCooLkG0FfrkPBQsSuC95L6w,2026-07-16 08:30:39,108207,1729,68,119.99,120.24,0.01,1
6aAM1TK7E-g,UCJDXc9JWCZo-nLNKr_-L2Ng,2026-08-26 17:00:15,2216,75,3,119.76,120.01,0.01,0
6aNs3LGpRkM,UCCrqkpYfyGX5UBFyPx6bqKA,2026-07-15 10:20:53,1712,63,17,119.9,120.15,0.1,0
6aQx0DwvwwM,UCL2ZLyAV0H9Pvi46W7TGdHQ,2026-07-11 03:00:31,25280,163,34,119.99,120.24,0.01,0
6aV1tavx9x8,UC5ThQKdocwo_9UurfT5P_ww,2026-08-12 01:30:08,418477,4417,111,120.0,120.0,0.0,1
6aaVfQMdoY8,UCPGl9DV2WUgaqGVXtVrhJWQ,2026-08-17 15:00:16,55,2,0,120.0,120.0,0.0,0
6ahVAR0PLq8,UC4VWaR3R17Ruc7j1Cy1-PKQ,2026-08-31 11:21:57,197,3,0,119.9,120.15,0.1,0
6awaWVsszrY,UCzSODDx0zQF3nxXOZISCm_w,2026-07-22 13:30:11,1077,3,0,120.0,120.0,0.0,1
6aydweZd4ww,UCyiKhng8Mr3xlm-rgec6mWQ,2026-08-24 00:00:16,38,1,0,119.76,120.01,0.01,0
6b0alEf4UkY,UCby0vMKcLR05ZdS90aZd5og,2026-08-05 05:44:03,3597,6,0,119.77,120.02,0.02,1
6b2gMobH7qM,UC543-TDm6IvHHZXwdSFioMw,2026-08-25 11:30:08,6805,31,1,119.76,120.01,0.01,0
6b7IlR7OKxQ,UClFSQxcVutJFEI9nCAOOkgQ,2026-07-27 15:07:03,2387,,12,119.89,120.14,0.11,1
6bLaTCHm-8A,UC1dHu9GhbHH7RcHKyJdaOvA,2026-07-22 05:05:10,92763,344,194,119.92,120.17,0.08,0
6bhza6IuEic,UCwBkHOTyu57NQi0syf5MLig,2026-08-21 06:00:13,101440,408,12,119.76,120.01,0.01,1
6bmsDhuTopE,UC5ScPjbt-a97AJO7SBj6nAg,2026-08-23 06:04:43,209146,4562,203,119.94,120.18,0.06,1
6bpQ4j9zyAs,UCfIUuMA7U_jImP7oWfTe4Pw,2026-08-05 10:26:14,443371,3707,413,119.82,120.07,0.07,0
6cFSPtVbnxw,UCJJZkVUNIxq8XNDzHiAD-eQ,2026-08-13 00:00:34,3457,26,12,119.99,120.24,0.01,0
6cbyX0jbsT8,UCM81CAJ2_Y42-bvK1OQnAAA,2026-08-14 13:12:08,172679,2754,368,119.8,120.05,0.05,0
6cekeS-RCdA,UCXAXCxTCCYYKsLJNzEvjqfw,2026-07-16 09:59:43,17360,352,82,119.76,120.01,0.01,1
6cyuZbaQqLc,UCby0vMKcLR05ZdS90aZd5og,2026-08-15 10:59:22,785,3,2,119.76,120.01,0.01,0
6dJqMmdJ00E,UCSTIgFSMRyUgrobBoCVAGmw,2026-08-04 04:59:17,52,4,0,119.76,120.01,0.01,0
6dWk6iB8ffA,UCTmniSiCVyG_UKVCEa9PNKA,2026-08-19 07:28:22,8858,225,17,119.79,120.04,0.04,0
6dlScStMkF8,UCwBkHOTyu57NQi0syf5MLig,2026-08-01 06:00:06,1072587,9246,306,120.0,120.0,0.0,1
6dq2sGRnDOU,UCjsqgRBvkn8XadWraSQxTKQ,2026-08-06 17:56:49,139,2,0,119.8,120.06,0.06,0
6dumur6Um5U,UCXAXCxTCCYYKsLJNzEvjqfw,2026-08-08 00:09:01,145119,2703,204,119.85,120.11,0.11,0
6e82-9TqfZk,UCw1DsweY9b2AKGjV4kGJP1A,2026-08-02 10:02:29,98920,385,150,119.96,120.21,0.04,0
6e8BPNql8A8,UCt8CJiye87FMbEwt0npPMuQ,2026-07-15 15:30:13,10949,549,43,120.0,120.0,0.0,1
6eR6-Hgg6oc,UCO8ToDSM2Gvt3EZdOdosxTw,2026-07-31 09:00:02,40175,839,102,120.0,120.0,0.0,0
6eYlH0MI1AA,UCV7WE8I_UiAN0fa6Arezx_w,2026-08-03 09:00:25,26,1,0,120.0,120.0,0.0,0
6egYtRXwzrw,UCQDGJQe8X9tbk_i8Na3VVXg,2026-08-24 09:21:39,402,5,0,119.9,120.15,0.1,0
6eh85mnsTlk,UCMF3M48BakI-ptofqoUqdAA,2026-08-18 14:00:29,5547,135,13,120.0,120.0,0.0,0
6eklzWN9cRA,UCa2liSwjQST4AGcg6LFQakQ,2026-07-28 04:00:09,1021,3,0,120.0,120.0,0.0,1
6ettnvwromc,UC6YqXiwCBfPvPTs3wXgWElQ,2026-08-03 11:00:35,30415,96,35,119.99,120.24,0.01,0
6f-vDczh_Ww,UCPJGXrPIVKBR8PJY7w33WZw,2026-07-19 01:00:04,58358,1069,143,120.0,120.0,0.0,0
6f4Rz0IxUHo,UC4cKHOBS-nRfKFTwf1n8HGA,2026-08-31 02:00:21,1049,,1,119.76,120.01,0.01,0
6fbj4HQR_ZI,UC6YqXiwCBfPvPTs3wXgWElQ,2026-07-28 15:09:55,6745,41,4,119.84,120.09,0.09,0
6feJiHisudk,UCwfbSsZ7_sccxcibe60mWlQ,2026-07-22 04:02:17,20942,86,22,119.97,120.22,0.03,0
6fjuIm16Pjc,UC1p5kp09LAS3kpQB3O8YQJw,2026-08-13 09:00:15,399,13,3,120.0,120.0,0.0,0
6fw9dqfGBEI,UCqI5lyTpC79pOy2D-VXAMdA,2026-08-18 14:00:10,113830,684,201,119.76,120.01,0.01,0
6fwFfAb33Lk,UC2yOBpLVwB7kzt9C5ZPbB7w,2026-07-27 12:00:26,74537,995,20,120.0,120.0,0.0,1
6gFXGzZYioA,UCJDXc9JWCZo-nLNKr_-L2Ng,2026-07-28 15:00:23,3423,106,6,120.0,120.0,0.0,0
6ghoUerHWAk,UCw55Gv3z7xgtG34fOP1-Aiw,2026-08-03 13:18:18,812,11,4,119.95,120.2,0.05,0
6grGDP-Grus,UCpX86JOUhnrzG7MK8e8Gjbw,2026-07-14 09:47:35,33456,255,132,119.96,120.21,0.04,0
6hDTic9NjUg,UCO8ToDSM2Gvt3EZdOdosxTw,2026-07-12 02:30:07,4123,31,42,120.0,120.0,0.0,0
6hHBhqMHPRE,UC-aXNBQ6nwMNeW2V8XB7sBg,2026-08-14 09:00:29,41388,693,35,120.0,120.0,0.0,1
6hHaEcszxYs,UCooLkG0FfrkPBQsSuC95L6w,2026-07-25 06:00:03,5635,78,12,120.0,120.0,0.0,0
6hIdbVDLvn8,UCV7WE8I_UiAN0fa6Arezx_w,2026-07-19 03:00:29,63,0,0,119.99,120.24,0.01,0
6hLAJoLXlhY,UC5ThQKdocwo_9UurfT5P_ww,2026-08-14 07:48:37,536347,6501,131,119.94,120.19,0.06,1
6hNBN3s7XIw,UC1Il94cQwl93Zun8ax1Qjlw,2026-08-13 15:29:13,62,5,0,119.77,120.02,0.02,0
6hX1ODjgojc,UCF-rFAdN7dzd-SI2T3rkCaQ,2026-08-15 09:53:17,20663,217,32,119.86,120.12,0.12,0
6hYRMeldrwo,UCrxzkAOXEbflxcTbRYnCoTw,2026-08-06 23:00:29,63165,241,80,119.99,120.24,0.01,1
6h_LhkHLAks,UCaHIZAKows704_gk6bjdAog,2026-08-12 12:00:10,89401,1042,456,120.0,120.0,0.0,0
6haOBDa5s0A,UCBtJuwDt6LlXp2YASC-ZMdA,2026-08-27 03:00:08,1685,13,1,119.76,120.01,0.01,1
6hairFVs8x8,UCV7WE8I_UiAN0fa6Arezx_w,2026-07-16 16:00:18,59,1,0,120.0,120.0,0.0,0
6harl_ZwxpE,UC-S8JFhLkQ5enhB70c2CYIw,2026-08-20 11:00:05,114816,2576,287,120.0,120.0,0.0,0
6hnEMwIfS6Y,UC_m_uqd_9s0hZvlgfvCzqbQ,2026-08-19 11:33:31,323,4,0,119.95,120.2,0.05,1
6hoONp3jyiY,UCifCesg-EUkjKyQedaB3hRg,2026-07-26 21:44:30,26541,1740,19,119.76,120.01,0.01,0
6huqJ5VNKiQ,UCaHIZAKows704_gk6bjdAog,2026-07-30 06:45:17,135657,3234,173,120.0,120.0,0.0,1
6hyeNZrxHH4,UCmcBe97VA2LqVEQUeeZl6Ew,2026-08-25 09:00:27,88249,632,190,120.0,120.0,0.0,0
6i4gTmopOqI,UCp6n8d8Y8r3MwKNw_MMaouQ,2026-08-21 11:55:13,3126,161,1,119.84,120.09,0.09,0
6i5ERn7x2eg,UCy8OX8RrstkjRrnM5hND_ug,2026-08-08 03:27:48,426,26,3,119.79,120.04,0.04,0
6iH8gZ2CHIw,UCgLFbrC7-g0ihBKB0obVPTg,2026-08-09 15:28:43,391,13,1,119.77,120.02,0.02,0
6iXHx-MF35s,UCe-7GwWL1XNlCJyfqBhgrHA,2026-08-13 23:03:33,47001,1813,167,119.94,120.19,0.06,0
6ibymJyINU8,UCby0vMKcLR05ZdS90aZd5og,2026-08-06 04:12:36,30794,28,14,119.79,120.04,0.04,1
6ieFR9FlNmE,UCD2YO_A_PVMgMDN9jpRrpVA,2026-08-22 11:10:22,793114,4493,761,119.84,120.09,0.09,0
6isuA1y3HvY,UCFJAOgvqcc3fPqdu7fTl-zA,2026-07-30 12:17:24,3006,100,52,119.96,120.21,0.04,0
6iu_gKW6eN4,UCqPN9LAkx20aBWOafwvQB-Q,2026-07-24 23:00:11,300540,10004,818,120.0,120.0,0.0,0
6ivvbJgAu64,UCxtZZzggcfOmsW99gYkxsNA,2026-08-05 05:56:46,2977,42,9,119.81,120.06,0.06,0
6j2XnwrKQYw,UCV7WE8I_UiAN0fa6Arezx_w,2026-08-06 02:00:34,56,1,1,119.99,120.24,0.01,0
6j2qJQmqY28,UC_E_qYfGKM3C0kqrp1p8z7Q,2026-08-25 17:00:20,293,6,2,119.76,120.01,0.01,1
6j2vPm6tfsY,UC699Y51pMl0wWLPA4atcZjQ,2026-07-22 08:30:16,9183,196,56,120.0,120.0,0.0,0
6j5IYpEE5SY,UC0-ZCUCeCQBwKU15x0Aqk_g,2026-07-26 16:09:24,55144,523,0,119.84,120.09,0.09,0
7bVuJerWCkM,UC2U8C7lmbQpfBeAW8fTP_jg,2026-08-21 06:36:20,18774,479,37,119.91,120.16,0.09,0
7bWiQ_3-44E,UCHXhFmex5EkUy-fP2IMQ_Ug,2026-08-11 07:30:16,11150,312,67,120.0,120.0,0.0,0
7bXaVdxd180,UCpX86JOUhnrzG7MK8e8Gjbw,2026-07-11 13:45:18,77093,532,36,120.0,120.0,0.0,1
7buCKKvzhW0,UCXAXCxTCCYYKsLJNzEvjqfw,2026-08-25 12:57:59,36014,961,217,119.79,120.05,0.05,0
7bx6vR1oc70,UC2f8VfmEF2_0-rFN4RNHaNg,2026-08-31 13:02:25,136445,1644,407,119.97,120.22,0.03,0
7cR5UB0M3fk,UCDHGqgpiHQAsE0UiltRqhfQ,2026-07-23 09:32:34,24588,61,37,119.96,120.21,0.04,0
7cWOnldWAjg,UCY_vDlvG-BTDRIOk_I9QQ6g,2026-07-17 16:53:40,2341,26,1,119.86,120.11,0.11,0
7caVwr63H8g,UC_Xb6sEXAdNv9nHU4988vmg,2026-08-20 10:00:13,384746,,2,120.0,120.0,0.0,1
7ciFpYot1CM,UCyz5WVrb-cz3myY04x_kVYw,2026-08-20 22:12:32,582,8,0,119.81,120.05,0.05,0
7cv6fc9gY0Y,UC4VWaR3R17Ruc7j1Cy1-PKQ,2026-07-15 00:07:29,84,6,3,119.88,120.13,0.12,0
7cwIPze8URM,UCYJ0Ucu9jPX5kn6SeDcNaIQ,2026-08-30 15:00:26,8075,39,1,119.76,120.01,0.01,1
7cziHUZZwz4,UCjiPEaapiHbJMoAdi_L8fNA,2026-08-25 17:00:43,96625,826,550,120.0,120.0,0.0,1
7dJ5Pxb3YGY,UC5RxNUZ9_c94ZEfJGnJZmTw,2026-08-08 18:41:19,1129,32,0,119.81,120.06,0.06,0
7dO9XmUPOZ8,UCgO8sNnksVuKcuTVTQKSK3A,2026-08-19 09:00:07,12231,238,34,119.76,120.01,0.01,1
7dSio7nxCxY,UC4ncZM9bnBknxPkJbq4miHQ,2026-08-21 10:02:33,36367,743,91,119.97,120.22,0.03,1
7dTJ56vMCR8,UCQJuZxeDv2P05YHcC-tIEVQ,2026-08-05 08:00:15,32102,636,20,120.0,120.0,0.0,1
7eKdKrHu48E,UCbItyvYa6cqvqtwlU2E9-wA,2026-08-26 23:40:16,12981,484,31,119.84,120.09,0.09,0
7eLHghJxtRw,UCAl4HWznMn7KhKBRFO5eiFA,2026-08-17 09:57:17,14632,105,5,119.8,120.05,0.05,0
7eQfLoMMWjI,UCbIQGH_oFu0yfTWNPyquvpw,2026-07-26 17:13:48,252,6,0,119.77,120.02,0.02,0
7eSxx2jcNTg,UCATlfGN7EDjXS_2ofklb3bw,2026-08-27 01:24:39,9120,202,0,119.85,120.1,0.1,0
7eoxTgE82gA,UCa2liSwjQST4AGcg6LFQakQ,2026-08-29 04:00:06,19,2,0,119.76,120.02,0.02,0
7erDj-X9rvs,UCt8CJiye87FMbEwt0npPMuQ,2026-08-26 12:00:39,4582,177,33,120.0,120.0,0.0,0
7f4-Mag0X88,UC1dG3vI9FfHnH3YgyeKUz_A,2026-08-16 12:39:12,343395,2441,255,119.85,120.1,0.1,0
7f56Od2TO0k,UCQ5KMP03ifjJ8mDeyjWeZ7g,2026-08-23 10:43:34,2928,33,15,119.79,120.04,0.04,0
7fF8pRGC2lY,UCAT9w78TnRqASJCVLDtzu4Q,2026-07-12 00:28:04,123,5,5,119.78,120.03,0.03,0
7fHBdZuMjyQ,UCZJFaxsby9j3T6h0UVcCcCA,2026-08-31 01:03:50,574,1,6,119.95,120.2,0.05,1
7fHd1nyzxCY,UCUPa-gJcbYG9Ql8b9H9FBbg,2026-08-12 08:15:24,13029,119,23,120.0,120.0,0.0,0
7fLq8oVp1jg,UCoSniqkitCpxlHrQd5L8A1w,2026-07-20 12:49:57,17345,70,2,119.92,120.17,0.08,1
7fQhy3ygdmw,UC4VWaR3R17Ruc7j1Cy1-PKQ,2026-08-25 21:08:01,66,5,0,119.88,120.13,0.12,0
7fTDRCO7USs,UC8aCmG_y4DqqVI9Xlcym1Jg,2026-08-27 13:00:18,247,10,0,119.76,120.01,0.01,1
7fVeAbRozfw,UCEcRvF_6IRSux8FO-ogFZug,2026-08-07 17:18:00,29126,742,36,119.95,120.2,0.05,0
7faNKIoJ2KA,UCVnp5Jumir-XIyeejktUhlg,2026-08-28 07:32:47,21799,72,17,119.97,120.22,0.03,0
7fns3YVGujw,UChLqHuZV0PENIBYxDgXyPLQ,2026-07-17 01:21:36,5570,96,19,119.89,120.14,0.11,0
7fyJnbMyay4,UC_yxsHiFh1_j174x4AxICSg,2026-08-25 07:00:16,26620,336,20,119.76,120.01,0.01,1
7g5N_44A0XY,UCxtZZzggcfOmsW99gYkxsNA,2026-08-07 07:53:03,8951,354,32,119.87,120.12,0.12,1
7g5Q94t_4Ys,UCZ8QkhF9gSHi8IL8I4rFrOA,2026-08-14 09:45:18,32212,256,12,120.0,120.0,0.0,1
7g5hHmtpqm0,UCFQWqbfZ-iEG3K_DRgHwnCw,2026-07-26 16:10:10,22,1,,119.83,120.08,0.08,0
7gGJwabcaQo,UCuWDza8A_ntbjwBZgW0ZSNw,2026-07-21 08:30:33,6715,74,12,119.99,120.24,0.01,0
7gMsFIyBOoY,UC9vI-9WYQLXKI6n9XdXXo3g,2026-07-29 03:00:37,17956,182,33,119.99,120.24,0.01,0
7gSZfqCJ3M0,UC5ThQKdocwo_9UurfT5P_ww,2026-08-25 21:40:44,218275,2259,146,119.83,120.08,0.08,1
7gUIRhFqOZ0,UCY_vDlvG-BTDRIOk_I9QQ6g,2026-08-17 13:38:22,2216,30,17,119.86,120.11,0.11,0
7gfZynLm7wc,UC24GgPBq5W3v34z0p0uk1Ow,2026-08-08 09:15:28,595,3,0,120.0,120.0,0.0,0
7gjgw4hQeOs,UCn3lLusvOTVdtxZi0EHlSTw,2026-07-24 03:37:44,413,10,0,119.88,120.13,0.12,0
7h2uKfxB1XU,UCM7ccuD_XdAXSTuhVrLUo9A,2026-07-29 06:42:01,4,1,0,119.8,120.05,0.05,0
7h36cQ9xTY0,UCVipGmBXqbYKNODNzVCN86w,2026-08-26 07:25:10,4355,98,4,119.84,120.09,0.09,1
7hAQahujk3E,UCby0vMKcLR05ZdS90aZd5og,2026-08-07 03:03:03,3697,8,4,119.95,120.2,0.05,1
7hOmEXQ6e14,UCOX0M9VYOm2FVBORW9XLChg,2026-08-22 13:32:19,5,0,1,119.97,120.22,0.03,0
7h_FU6j40Po,UCcsC1X0SyiWcxBTbnjoZ9Ag,2026-08-15 09:00:36,875,18,8,119.99,120.24,0.01,0
7hjo1CYEH50,UC783XWULPW-nDGv_0EYlB6Q,2026-07-29 10:00:10,25797,826,16,120.0,120.0,0.0,1
7hkDGjfhNdE,UC9JlObZnbOirT4_iyPGrdcw,2026-08-31 12:00:19,25735,54,5,119.76,120.01,0.01,0
7hkupDhM1ZI,UCFCt5RYu41HTg4eX1jdHNxw,2026-08-30 22:40:41,4101,20,0,119.83,120.08,0.08,0
7i9M1UmLvjM,UCpcTrCXblq78GZrTUTLWeBw,2026-08-02 17:30:28,31472,433,69,119.99,120.24,0.01,1
7iFo_i-8GqE,UCSl8TBqqflby-ymdEQVfRNQ,2026-08-31 14:15:59,13019,274,39,120.0,120.0,0.0,0
7iG7axy01eE,UCOwgg4IVhPQtq6qtxEeX3XA,2026-08-25 08:45:39,1440,3,3,120.0,120.0,0.0,0
7iOFC-LgejI,UCwBkHOTyu57NQi0syf5MLig,2026-08-20 00:00:03,301134,1806,67,120.0,120.0,0.0,1
7iQQJN5D5o4,UCN8L7Z-dyzu9FzT39RM0fvw,2026-07-23 07:12:27,13102,139,27,119.79,120.04,0.04,0
7iSIxirrexQ,UCms8Ge7H1ZGgw6nV94fUhUQ,2026-08-01 03:00:14,53069,519,105,120.0,120.0,0.0,1
7iX4Jy0zocw,UCI3DTtB-a3fJPjKtQ5kYHfA,2026-08-26 00:00:08,3849,40,9,119.76,120.01,0.01,0
7iZ5fDhVovc,UC2k1bSUZ4X02jMs_sTS9jiQ,2026-08-08 13:00:05,4025,73,3,120.0,120.0,0.0,0
7ibf1-njkuo,UCpcTrCXblq78GZrTUTLWeBw,2026-08-09 16:30:24,241812,8349,142,120.0,120.0,0.0,0
7imms66emyo,UCw1DsweY9b2AKGjV4kGJP1A,2026-08-20 08:01:02,10990,56,14,119.99,120.24,0.01,0
7ioq53I7RQ8,UChLqHuZV0PENIBYxDgXyPLQ,2026-08-01 11:51:41,72644,1314,27,119.89,120.14,0.11,1
7isDocvNnoU,UCPsZX-D7LW99PjZLA-UysPQ,2026-08-19 00:00:14,1087,14,0,119.76,120.01,0.01,0
7it0Re8jmDo,UC_E_qYfGKM3C0kqrp1p8z7Q,2026-07-24 17:00:24,118,4,1,120.0,120.0,0.0,1
7j2wFhcxnSo,UCV7WE8I_UiAN0fa6Arezx_w,2026-07-12 12:00:18,70,1,0,120.0,120.0,0.0,0
7j8p4Gnc54o,UC0wo7SwsC5dE0nSgBs2M-3A,2026-07-28 12:00:11,1259546,30449,293,120.0,120.0,0.0,1
7j9Z1kVe9vw,UCt8CJiye87FMbEwt0npPMuQ,2026-08-29 15:45:08,11214,134,6,119.76,120.01,0.01,0
7jIpqSfApgk,UCrY2B2XX41ReYh9DIWrFfCg,2026-08-05 09:46:18,4111,,12,119.98,120.23,0.02,0
7jNJrV4_XE0,UCqIwPYLfMd3EoWYwvyTjPnA,2026-07-22 08:00:20,104851,478,42,120.0,120.0,0.0,0
7jUJIycYca8,UC027x98NgUBw9K4aPT8k0mg,2026-07-11 12:00:20,50641,391,85,120.0,120.0,0.0,0
7jbBjwzT03g,UCzDyC6JMEXEufozffWzI9Mg,2026-08-30 04:00:37,42067,598,62,119.75,120.01,0.01,1
7jbeM4HNfQo,UCpwGBltfwjd_fIzp5cb5R0w,2026-08-03 14:12:58,45783,414,15,119.79,120.04,0.04,0
7jiOlFYH5hs,UC_E_qYfGKM3C0kqrp1p8z7Q,2026-07-29 19:00:23,268,7,1,120.0,120.0,0.0,1
7jmrAp-qkNY,UCyiKngyUPUb1bka4yFrn65g,2026-08-08 08:15:40,23941,74,11,119.99,120.24,0.01,1
7jqRBLzS4q0,UCMgTCM5mGx3y4Hg0aMOXrbw,2026-08-01 11:30:04,3845,44,1,120.0,120.0,0.0,0
7jr1Mb72cXU,UCLHwMFguUxHVSk91vzicEJw,2026-08-01 14:00:18,84777,984,99,120.0,120.0,0.0,0
7k34xOVUpuw,UCV7WE8I_UiAN0fa6Arezx_w,2026-08-02 08:00:36,47,1,0,119.99,120.24,0.01,0
7kAYkMUnqcE,UCN5oT4zGJX-_H6pE5isAEeg,2026-08-25 03:00:27,614288,15347,350,120.0,120.0,0.0,1
7kDhVwsMaLc,UCe-7GwWL1XNlCJyfqBhgrHA,2026-08-04 09:09:52,69793,2270,114,119.84,120.09,0.09,1
7kHrDvP8ENo,UCABvetlXpdOwFz10fCpJkwQ,2026-08-25 01:38:09,107540,958,954,119.87,120.12,0.12,0
7kWyPJs8SaA,UCxpXguPL_B5pz7Gq8ozfwlA,2026-08-20 17:48:54,6843,49,0,119.95,120.2,0.05,0
854d3ZL5u2E,UCZ6mNZTiTUrUSbSYPlclI4A,2026-08-30 03:30:30,1344,11,1,119.76,120.01,0.01,0
85Cfagiuw48,UCCd3jyJmOFzkJEMj5Bp89rw,2026-07-11 19:00:01,2412,142,5,120.0,120.0,0.0,1
85EnDxOWiHU,UCQSEAbOs6vsJfy7WN7iYaGQ,2026-08-12 22:00:06,344241,10340,374,120.0,120.0,0.0,0
85K6wJEDMkI,UC0aKwoKNeqBaUwiEXmkQaGQ,2026-07-28 10:30:07,47363,981,281,120.0,120.0,0.0,0
85PSW-DUiCE,UCi8fe6P0_tLeZ1r31wOydvw,2026-07-31 04:00:36,3946,31,9,119.99,120.24,0.01,0
85SythP64Eg,UCzSODDx0zQF3nxXOZISCm_w,2026-08-14 13:30:11,314,2,0,120.0,120.0,0.0,1
85TvDI2B9Ec,UC4VWaR3R17Ruc7j1Cy1-PKQ,2026-08-22 10:37:42,107,6,1,119.88,120.13,0.12,0
85UFKKJ5rwA,UCh7XUfZEEV3pct5zDjx6OZA,2026-08-18 02:34:14,11159,195,141,119.93,120.18,0.07,0
85WJcTgfoT8,UCV7WE8I_UiAN0fa6Arezx_w,2026-08-15 10:00:20,105,2,0,120.0,120.0,0.0,0
85_ts0jxkJo,UCOTJtP0Z9DjpPU43B5m1V6A,2026-08-19 05:00:01,389688,2325,133,119.76,120.01,0.01,1
85pZJkL5onI,UCVqmxk6oNOHj9RFVo4uP_lw,2026-07-23 23:00:21,25229,1116,45,120.0,120.0,0.0,1
860eXOtljfY,UCzDmGDR5RdahQkLCBoWlTEg,2026-08-09 03:00:06,18089,62,8,120.0,120.0,0.0,1
866Jb-_t-ks,UCZ6mNZTiTUrUSbSYPlclI4A,2026-07-26 04:30:14,4491,163,5,120.0,120.0,0.0,1
86Ff0KuF3y0,UClHTjLVog7CkRF8tYJuNXXQ,2026-08-25 13:01:00,142,6,0,120.0,120.0,0.0,0
86HFtsIq8Hg,UC1Il94cQwl93Zun8ax1Qjlw,2026-08-15 15:02:31,4726,13,6,119.71,120.21,0.21,1
86Sj6aXj2wA,UCPGl9DV2WUgaqGVXtVrhJWQ,2026-07-16 15:00:04,33,1,1,120.0,120.0,0.0,0
86_W3wc9zhM,UCe-7GwWL1XNlCJyfqBhgrHA,2026-08-20 07:54:12,31104,887,23,119.85,120.1,0.1,0
86nivP1oWPg,UCXQoI3upwKr47JAiVaYkvIw,2026-07-30 11:34:46,10981,134,44,119.92,120.17,0.08,0
873zZmXJRbI,UCBtJuwDt6LlXp2YASC-ZMdA,2026-08-31 11:00:23,134,2,0,119.76,120.01,0.01,1
87BB8eHAtNA,UCybn_0S0Ec6Il1ZhiQM1Vww,2026-07-30 07:01:25,28759,127,46,119.98,120.23,0.02,0
87D5tFALnqA,UCdoTrHNHnoRbaQenxK5PEUg,2026-07-31 02:22:34,32,0,0,119.88,120.13,0.12,0
87VTGrO6m_w,UCPI40-XQA9-GBGj2k8PPqfg,2026-08-28 08:50:06,92449,958,106,119.93,120.18,0.07,0
87gQH1EFNjo,UCgLFbrC7-g0ihBKB0obVPTg,2026-08-09 15:24:58,384,9,1,119.84,120.09,0.09,0
87h23HyTYC4,UCKUUL3fMVvYVZdGkKhhjP0A,2026-07-31 07:11:00,20615,281,91,119.82,120.07,0.07,0
87qrinynVuI,UCXVVG5ZM3SJJCh94xatR8Dg,2026-07-21 07:00:13,2624,89,14,120.0,120.0,0.0,0
87ygy4GchP0,UCN5oT4zGJX-_H6pE5isAEeg,2026-07-28 22:00:33,441705,6345,185,119.99,120.24,0.01,1
882fAmATQh8,UCDZb8ug9ACbYGCQ9PdrYRZQ,2026-08-15 02:00:17,18861,485,158,120.0,120.0,0.0,0
884EnKVLAUs,UCtIbfg_6gjbdFqCqAiUcqyQ,2026-07-30 08:00:14,18414,328,6,120.0,120.0,0.0,1
884lT4xShMA,UCN8L7Z-dyzu9FzT39RM0fvw,2026-07-25 02:00:26,11847,190,17,119.99,120.24,0.01,0
88A7fKxtaHg,UCJDXc9JWCZo-nLNKr_-L2Ng,2026-08-24 16:00:00,4315,97,5,119.76,120.01,0.01,0
88a0W-oOz5Q,UCXVVG5ZM3SJJCh94xatR8Dg,2026-07-23 09:00:24,2207,14,1,119.99,120.24,0.01,1
88aPlJYc2mw,UCUbOogiD-4PKDqaJfSOTC0g,2026-07-15 11:29:33,11791,40,1,119.76,120.01,0.01,1
88jjZ8AFzdo,UCE8JC9RAVSudDT_8Ji1fuPQ,2026-07-20 08:45:22,76605,1090,88,120.0,120.0,0.0,0
88m7f-k1nOc,UCCW6uYIUP4YKKe50k-ktVAw,2026-08-13 08:00:07,132346,2602,107,120.0,120.0,0.0,0
88sO2LV3La4,UCI3DTtB-a3fJPjKtQ5kYHfA,2026-08-16 03:00:29,4221,70,4,120.0,120.0,0.0,0
894EO2_3Z2U,UCM81CAJ2_Y42-bvK1OQnAAA,2026-08-06 14:39:41,176145,2826,312,119.84,120.09,0.09,0
89EHSBWm5yI,UCta3D5-EYqO-pduQLxQ8mNQ,2026-08-24 00:58:31,1857,7,1,119.79,120.04,0.04,0
89Hfxu9OQ74,UCKrprPfevcAZpPuRnCO6xOA,2026-08-14 09:00:14,938,8,5,120.0,120.0,0.0,0
89dyuM3f8rs,UC3RzmV2LX3AmWhZVx0A7u0A,2026-08-22 07:10:21,282657,5457,89,119.84,120.09,0.09,1
89fEJOg5kUw,UCzDmGDR5RdahQkLCBoWlTEg,2026-08-11 12:16:07,22632,90,2,119.99,120.23,0.01,0
89l8csydhFw,UCKUUL3fMVvYVZdGkKhhjP0A,2026-08-03 06:58:47,68854,1794,34,119.77,120.02,0.02,1
89ov6VlrJ6s,UCN5oT4zGJX-_H6pE5isAEeg,2026-08-01 03:00:02,1455085,22564,661,120.0,120.0,0.0,1
8A5EXONo5q4,UCEcRvF_6IRSux8FO-ogFZug,2026-08-15 03:00:01,12064,504,34,120.0,120.0,0.0,0
8AOJxn64Cy0,UCrXfM4HsibSucC_NlIY7v0Q,2026-07-23 08:28:54,488,20,5,119.77,120.02,0.02,1
8APP4R7BXlA,UCOKQpmfKrtu7Nu719CVSw1A,2026-08-02 02:00:06,20096,197,79,120.0,120.0,0.0,0
8AQzaI4T3Ic,UC1dHu9GhbHH7RcHKyJdaOvA,2026-07-23 04:35:11,96737,314,214,119.92,120.17,0.08,0
8AbLGlH5aDY,UCOKQpmfKrtu7Nu719CVSw1A,2026-07-18 08:00:04,3417,145,10,120.0,120.0,0.0,1
8AjywjDe29M,UCi0i1yFT9CvZYco3jgm-Lmg,2026-08-05 23:00:26,687,18,4,119.99,120.24,0.01,0
8Ak_BxnPtYw,UC-aXNBQ6nwMNeW2V8XB7sBg,2026-08-07 15:00:07,6497,125,21,120.0,120.0,0.0,0
8BBKBDxBrNs,UC7vyTwJjcUdYsVQjiTHcPyg,2026-08-21 08:30:38,65514,1314,206,120.0,120.0,0.0,0
8BC8TSoBHzo,UCbYO4SBywZ2oWv1u309oWmQ,2026-08-07 10:00:04,59723,641,17,120.0,120.0,0.0,1
8BFYzKvx7Ys,UCt8CJiye87FMbEwt0npPMuQ,2026-08-19 13:30:28,5645,203,85,120.0,120.0,0.0,0
8BHm6a7iNS0,UCT807kAu6fmwES8B5698e2w,2026-07-24 03:00:12,24483,841,138,120.0,120.0,0.0,0
8BL4SyeInLE,UCKHx_yf3dI2ajWAjXRJ_9Rw,2026-07-28 16:50:47,8854,190,15,119.91,120.16,0.09,0
8BV1hjDf9-g,UCTUnpbuKoOODvhLhCO_kO_A,2026-08-21 06:00:35,1262,8,0,119.75,120.01,0.01,1
8Bra6y9EULo,UCpcTrCXblq78GZrTUTLWeBw,2026-07-17 19:00:34,97901,813,213,119.99,120.24,0.01,0
8C3MkOfPTXQ,UCcstDLbuhxEbFKkPZ6wST2A,2026-08-12 09:00:04,12080,64,24,120.0,120.0,0.0,0
8C85snm9HGg,UC5Yx9RlmznXDUEIrfoSqheA,2026-07-30 18:35:06,10578,60,0,119.92,120.17,0.08,0
8C8p4nvOSZQ,UC_E_qYfGKM3C0kqrp1p8z7Q,2026-07-27 15:00:04,87,8,0,120.0,120.0,0.0,0
8CwnWNERG-M,UCgsKeCRaBGH6JlnH6VO_7OA,2026-08-02 19:32:49,145,3,0,119.96,120.21,0.04,0
8D3DIkmpzQw,UC_9W6Z5Y3lDpLk47Y_y5ITQ,2026-07-31 10:11:39,37039,331,18,119.81,120.06,0.06,0
8DDs7hPmTkU,UCDnIK80iouL_rb_J6GybOlg,2026-08-17 08:53:34,3,0,,119.86,120.11,0.11,0
8DJ2WQQLQ2w,UCgT-gb3favw2jQgwxbbwwaA,2026-08-19 13:00:08,131719,826,26,119.76,120.01,0.01,0
8DKc6fyB0yE,UCPuD5ZRQWa_JCaY5NokNhtg,2026-07-26 02:45:43,450,6,2,119.99,120.24,0.01,0
8DSQogRkcLw,UCT807kAu6fmwES8B5698e2w,2026-08-10 09:00:18,89759,5892,367,120.0,120.0,0.0,1
8DW1sjXrghM,UCzSODDx0zQF3nxXOZISCm_w,2026-08-27 11:30:28,999,3,0,120.0,120.0,0.0,1
8D_rafdsOIA,UCM81CAJ2_Y42-bvK1OQnAAA,2026-08-19 07:45:52,11649,130,88,120.0,120.0,0.0,0
8DbARWxZwXM,UCX11f6rIVaoWGvFnKKyPBNQ,2026-07-30 19:19:59,13508,496,39,119.92,120.17,0.08,0
8DbCTnaynYI,UCPJGXrPIVKBR8PJY7w33WZw,2026-07-30 01:00:16,42271,1479,97,120.0,120.0,0.0,0
8DlISnDNnhs,UCab17MxxnFtAhGsJVTkSkCg,2026-07-25 13:11:39,785,15,0,119.81,120.06,0.06,0
8DmKzg98Qvw,UCPsZX-D7LW99PjZLA-UysPQ,2026-08-25 06:00:02,945,4,3,119.76,120.01,0.01,0
8DsgDJxTEws,UCVZ0SJNurJAv-6hV5VEGB2A,2026-08-26 09:00:40,115936,1170,340,120.0,120.0,0.0,0
8E25x3ziHec,UCN8L7Z-dyzu9FzT39RM0fvw,2026-07-27 02:20:36,25098,312,114,119.91,120.16,0.09,0
8ED1GA22DRw,UCNRnCc0hg3ZcKdOGXKKv5Ww,2026-08-11 06:03:33,1758,28,0,119.94,120.19,0.06,0
8EKaD2akEfM,UCAVR6Q0YgYa8xwz8rdg9Mrg,2026-07-22 05:01:01,17835,732,59,119.99,120.24,0.01,0
8EYp7XmhlU4,UCuCmLrNT5MbpqfrSSKHqTug,2026-08-31 08:00:20,41597,181,28,119.76,120.01,0.01,0
8Ed52nstDG0,UC8CZL4cvFiKwKKDNCuM2lTA,2026-08-19 09:32:41,5619,106,4,119.97,120.22,0.03,1
8Eg4FJYMJaE,UCTbwgCCBrI-4XU8b5B0uGPg,2026-08-08 05:00:33,181069,1760,63,119.99,120.24,0.01,0
8Em9ktz9iqs,UCJd2uIrg_ZrSOaaQQr30XoA,2026-08-13 14:45:37,294,2,2,119.99,120.24,0.01,1
8EyZQox_J3U,UCBTsPtRCh6ln3IRQFjhjh1A,2026-07-14 09:09:17,140821,1364,180,119.85,120.1,0.1,0
8FMWmz2gAK8,UCpI-AhCT02iQRGLC2ZcY0Jw,2026-07-17 05:00:21,23624,329,245,120.0,120.0,0.0,0
8FTs7WOgYwM,UCzDmGDR5RdahQkLCBoWlTEg,2026-08-09 15:00:03,24761,129,3,120.0,120.0,0.0,1
8Fw_V8Nv13k,UCGi94VU356EAvQLgODywyrA,2026-07-22 14:47:53,5832,118,6,119.96,120.21,0.04,0
8FwkY23FWx0,UCT807kAu6fmwES8B5698e2w,2026-07-28 10:00:09,14452,1501,241,120.0,120.0,0.0,0
8Fyx72HpI5w,UCg5-nd3qoNnz5dzkX-O0b8A,2026-08-31 11:37:43,60648,766,58,119.88,120.13,0.12,1
8G9337BLVsg,UCjhRgb1NpnlRs01s9rAhuug,2026-07-26 09:20:45,11,1,0,119.91,120.16,0.09,0
8GB8Q5omL9s,UCpI-AhCT02iQRGLC2ZcY0Jw,2026-07-26 01:00:02,38141,359,402,120.0,120.0,0.0,0
8GTuQoZYT4k,UCa2liSwjQST4AGcg6LFQakQ,2026-08-23 04:30:18,18,2,0,119.76,120.01,0.01,0
8GgCROPBMpI,UC78d2aaqdrt02RfmtRLmlAw,2026-08-05 03:35:42,23866,512,154,119.91,120.16,0.09,0
8GnQpNG-_S0,UCYMXFMiaGBnZ08-wBHS2MPQ,2026-08-27 21:15:19,12077,51,11,119.76,120.01,0.01,0
8Gx3O3UW-8s,UCAT9w78TnRqASJCVLDtzu4Q,2026-08-14 12:12:44,27,2,4,119.79,120.04,0.04,0
8H00Bl505Mg,UC6aF-skLT_1X6cdPJxVJXxQ,2026-07-22 07:27:22,459854,8671,93,119.8,120.05,0.05,1
8H2MaXgGbfU,UC-pobd8lZE33BSDz-iyHfJQ,2026-08-09 02:57:50,1550,11,0,119.79,120.04,0.04,0
8HDyvuR6Kt0,UCw1DsweY9b2AKGjV4kGJP1A,2026-08-28 08:03:32,38665,65,25,119.96,120.2,0.04,0
8Hibfet12Rs,UCV7WE8I_UiAN0fa6Arezx_w,2026-08-13 13:00:11,25,1,0,120.0,120.0,0.0,0
8HvnWSNau50,UCos3GN2gX0wLcfuhOAiMotQ,2026-08-09 09:53:14,45145,348,35,119.87,120.12,0.12,0
8IJ9-lVD7rU,UC5Yx9RlmznXDUEIrfoSqheA,2026-08-03 17:37:57,6128,43,0,119.87,120.12,0.12,0
8ITuULMpJdw,UCPuD5ZRQWa_JCaY5NokNhtg,2026-08-23 02:10:06,375,7,4,119.84,120.09,0.09,0
8Ib8R7Wm5Vw,UC-2wa6jvprl7hfCpvw0ULzg,2026-07-16 08:00:31,16784,263,25,119.99,120.24,0.01,1
8J2kUbrksFQ,UCV7WE8I_UiAN0fa6Arezx_w,2026-07-24 11:00:01,49,0,0,120.0,120.0,0.0,0
8J2oq48nlYo,UCDHGqgpiHQAsE0UiltRqhfQ,2026-07-28 09:30:38,25371,65,31,119.99,120.24,0.01,0
8J3idLfUnLo,UCw-JzmPsjRcbzJLncr4pIIA,2026-08-26 12:45:32,341950,3228,189,120.0,120.0,0.0,0
8JJx4gBg3m4,UCS-X1uBDTNwAYyydiXjcX9A,2026-07-27 08:56:30,7191,165,50,119.81,120.06,0.06,0
8JaNlPc0jj0,UCXyR5IAVMaId9kpuCrQWpPg,2026-07-30 23:46:44,7046,303,126,119.97,120.22,0.03,1
8JdSXMkMJNI,UCPJGXrPIVKBR8PJY7w33WZw,2026-08-29 01:00:11,171866,1284,345,119.76,120.01,0.01,0
8Jg39yjNNrk,UC9jOsXFn3RwXEW3qUyySjAQ,2026-07-12 04:34:03,843,25,0,119.93,120.18,0.07,0
8JiaqtAvA_w,UCDHGqgpiHQAsE0UiltRqhfQ,2026-08-27 08:48:55,18740,172,5,119.95,120.2,0.05,1
8Jm1G5cc5is,UCEeib6HEHy95EGWUevS4RcA,2026-08-12 14:17:24,4,0,0,119.96,120.21,0.04,1
8JmSyOpusok,UC9nWoDbRAl3-fvreBNeStKQ,2026-08-26 17:23:45,1625,7,0,119.87,120.12,0.12,0
8JnEzbeVqxw,UCT_AS9Vfdi1RLtP4MIeIZow,2026-07-26 02:30:04,742,11,7,120.0,120.0,0.0,1
8Jw_bLT9tCo,UC7lwS-aSDzYHZJ9uWuzySwQ,2026-08-17 23:00:15,2011,4,0,120.0,120.0,0.0,1
8K4vJv0Gldw,UCAGUSx1hbPKDqzBZH7bTjiA,2026-08-08 14:56:38,55573,728,53,119.81,120.06,0.06,0
8K77jCg4AFI,UCL2ZLyAV0H9Pvi46W7TGdHQ,2026-07-27 12:00:28,363728,2298,51,119.99,120.24,0.01,1
8KB6VVSQxEw,UCXNh3eUHXEkL7h1w1KYQRKQ,2026-08-26 03:01:51,543,11,2,119.98,120.23,0.02,0
8KKj235UFvk,UCpTNtH8yc1Kdl_YFfsQsTYA,2026-08-29 07:30:48,31916,27,0,120.0,120.0,0.0,0
8KMmKETbcco,UCt8CJiye87FMbEwt0npPMuQ,2026-08-24 15:30:12,3934,84,15,119.76,120.01,0.01,1
8Kp07N66fCU,UC46X_E7jxvJ1O_3gnaeCxeg,2026-08-14 01:45:40,101099,960,181,119.99,120.24,0.01,0
8Kw-yFp-CAI,UCQyZh4b4TLaSVldnDWnh7fA,2026-07-26 05:29:10,1,0,0,119.77,120.02,0.02,0
8L5ikrbShyw,UCirJgPv8RtFaFMj39b6cD8Q,2026-08-28 09:00:38,23309,95,0,120.0,120.0,0.0,1
8L960TWctBM,UCCoU5ViXgoK-_2neelNhQaA,2026-07-25 05:30:11,49166,477,66,120.0,120.0,0.0,0
8LFpXqhWz9g,UCXtU-C_e2iBzPSq9oLXtbVw,2026-07-30 23:15:13,107,4,2,120.0,120.0,0.0,0
8LNpOurIZ7U,UC2yOBpLVwB7kzt9C5ZPbB7w,2026-08-18 10:00:00,54371,840,92,119.76,120.01,0.01,1
8LYNltgLv4U,UCFHUplScMiWTjJrtv4hxWmg,2026-08-25 12:52:49,62420,402,53,119.88,120.13,0.12,0
8LcaMJAQtE8,UCAVR6Q0YgYa8xwz8rdg9Mrg,2026-08-25 10:00:15,144407,9270,143,119.76,120.01,0.01,1
8LzkEKhzTRE,UCbeQg95cAxVRsxxh6FyilxA,2026-08-01 06:00:07,27689,108,12,120.0,120.0,0.0,0
8M3-Swx6yfQ,UCDmmbxGg8g-EBkC_ku6vybg,2026-07-20 11:00:38,19577,523,290,119.99,120.24,0.01,0
8M6k7QDoXlg,UCtGMgPWJNU2Aj-SNK0zg0Sg,2026-08-07 09:30:01,49815,498,30,120.0,120.0,0.0,1
8MGFI3QJGlg,UCnkytUgy0CtWd06up9CjNxg,2026-08-08 11:00:26,134094,1978,106,120.0,120.0,0.0,0
8MOM2SCAUvI,UCbvvdVOF0teLO-U6GWh1RKg,2026-08-15 21:49:39,3195,61,15,119.92,120.18,0.08,0
8MZdq8mLpE8,UCDHGqgpiHQAsE0UiltRqhfQ,2026-08-10 09:30:05,21912,49,25,120.0,120.0,0.0,0
8MnxUtcxhCg,UCab17MxxnFtAhGsJVTkSkCg,2026-08-20 09:20:20,1663,37,8,119.92,120.17,0.08,0
8NBjmg02lks,UCtjlhCmFXYFXC4uqg1flTBg,2026-08-27 07:33:13,204,2,0,119.96,120.21,0.04,0
8NILiz55B94,UCFrKhWvZ8oeJQTNP5ZabgJw,2026-08-31 07:00:34,421490,4550,92,119.75,120.01,0.01,1
8NNmKmP-kBQ,UCAl4HWznMn7KhKBRFO5eiFA,2026-08-16 12:39:22,15528,67,0,119.85,120.1,0.1,1
8NW9TxUUhlI,UCKVt3arMXfa6XZezR1UnjqQ,2026-08-02 22:00:19,6153,73,5,120.0,120.0,0.0,0
8NpM2jNc2Dg,UCah0w9n_eAyjUBG7eHbj8vw,2026-08-14 02:33:06,279849,6075,1143,119.95,120.2,0.05,0
8O6NcA7A4G0,UCxtZZzggcfOmsW99gYkxsNA,2026-08-05 05:59:12,4835,31,15,119.77,120.02,0.02,0
8O8KaPdzVXk,UCt8CJiye87FMbEwt0npPMuQ,2026-08-20 13:15:13,18570,770,48,120.0,120.0,0.0,1
8OEnVZYLzbQ,UCuWDza8A_ntbjwBZgW0ZSNw,2026-07-12 03:00:21,37468,521,18,120.0,120.0,0.0,1
8OFNQ_oE3Ug,UChLqHuZV0PENIBYxDgXyPLQ,2026-08-25 12:21:09,246378,6659,59,119.91,120.16,0.09,1
8OHqJ3c5Dfk,UCPGl9DV2WUgaqGVXtVrhJWQ,2026-08-14 15:00:16,5,0,0,120.0,120.0,0.0,0
8OJ3g7_fjpk,UCC1LvVTX2ySKYjeIXkAtvsQ,2026-08-22 11:00:08,59568,773,54,119.76,120.01,0.01,0
8OMARLR3zcw,UCs4CTQE-t9kj-6Xn3Cjtf-A,2026-08-27 10:28:31,20543,90,62,119.79,120.04,0.04,0
8OW0v-MGPgQ,UCZRH94I89Ps7giJYeK6DlWA,2026-08-01 03:00:17,27116,403,29,120.0,120.0,0.0,0
8OflxQJ7ouU,UCOKQpmfKrtu7Nu719CVSw1A,2026-08-30 02:00:13,4337,52,29,119.76,120.01,0.01,1
8OmqgvE77vE,UCgLFbrC7-g0ihBKB0obVPTg,2026-08-06 13:54:50,120,5,1,119.84,120.09,0.09,0
8OvVbHa5BgA,UCz5LAkkX66OAW-y_WiWf9vA,2026-08-19 17:11:41,110,1,0,119.82,120.07,0.07,0
8OxlL-J7nQ4,UCoH2pCzAr6zWDG-LtUiLWRw,2026-07-14 22:07:47,50221,571,84,119.87,120.12,0.12,0
8P3Xzo_ndRw,UCKVt3arMXfa6XZezR1UnjqQ,2026-08-16 22:00:13,10291,60,6,120.0,120.0,0.0,0
8PAz7vWFM7Y,UCHK-FRuAjk8g798dD7L7xqA,2026-08-08 10:20:17,57267,1748,31,119.92,120.17,0.08,1
8PI7xzjUduA,UCNOj6xtKWCtPbjJV8XPlbLg,2026-08-25 02:00:03,8902,47,30,119.76,120.01,0.01,0
8PNvbdoXu_o,UCab17MxxnFtAhGsJVTkSkCg,2026-08-02 13:25:00,249,4,0,119.84,120.09,0.09,0
8PVipfizdGI,UCgLFbrC7-g0ihBKB0obVPTg,2026-08-15 17:47:34,173,12,0,119.96,120.21,0.04,0
8PWjNrtKnAI,UCab17MxxnFtAhGsJVTkSkCg,2026-08-09 13:22:18,616,16,5,119.88,120.13,0.12,0
8PYMOA7EGM8,UCJj2vuQIpFnk5pbTAtCi3yw,2026-08-13 04:59:52,31576,250,25,119.76,120.01,0.01,1
8Pc5Jpdl95s,UCp6n8d8Y8r3MwKNw_MMaouQ,2026-07-30 15:56:42,83324,1119,16,119.81,120.06,0.06,1
8PfFScAmK_g,UC2NFRq9s2neD_Ml0tPhNC2Q,2026-08-24 02:30:04,195825,2490,28,119.76,120.01,0.01,0
8Pgwysp-MJs,UCgyDKBTgkBfa8jWrBb8Npig,2026-08-21 17:59:44,1213,2,1,119.77,120.02,0.02,1
8PlHxdl6xwo,UCQfISxq5legTqOt1h1us6lg,2026-07-28 13:51:05,4565,9,0,119.9,120.15,0.1,0
8PlNa5atLeU,UCYJDUekoQz0-bo8al1diLWQ,2026-08-24 03:22:09,652064,13344,196,119.89,120.14,0.11,1
8PmfGC0FbYc,UCcum1rCJ5GJeQ_xv0xrohqg,2026-07-31 13:10:09,72167,2140,357,119.83,120.08,0.08,0
8Q-zNLzXiHE,UC1IUMdwaJ22A6FkPiI8dcig,2026-08-28 04:14:47,58410,1033,75,119.77,120.02,0.02,1
8Q51RwNlOoU,UCXVVG5ZM3SJJCh94xatR8Dg,2026-08-10 09:00:13,1908,12,0,120.0,120.0,0.0,1
8QA_DoM-jm8,UCPuD5ZRQWa_JCaY5NokNhtg,2026-08-19 12:32:21,441,14,3,119.97,120.22,0.03,0
8QGais0ey7c,UC3pTpoDKt17IrCDH60kSNPA,2026-08-14 02:13:03,2707,52,26,119.79,120.04,0.04,0
8QKMNhBy-Sg,UCPuD5ZRQWa_JCaY5NokNhtg,2026-07-30 05:32:13,614,9,2,119.97,120.22,0.03,0
8QLij4Tr-6U,UCZPfs7xIjGmOGs9kvgGhUKQ,2026-07-26 09:55:45,149,2,0,119.82,120.07,0.07,0
8QRnDt-1AWA,UCJDXc9JWCZo-nLNKr_-L2Ng,2026-08-20 17:00:36,3346,107,6,120.0,120.0,0.0,0
8QTXiTAEUU0,UCTUnpbuKoOODvhLhCO_kO_A,2026-07-28 06:00:06,1888,9,1,120.0,120.0,0.0,1
8Qll8uH7ZDI,UCTVkjiEiaiSbEq0Qwd5XTPA,2026-08-13 16:58:31,401,16,1,119.78,120.03,0.03,0
8QsxKa0XV9I,UCPsZX-D7LW99PjZLA-UysPQ,2026-08-04 09:00:18,189,2,1,120.0,120.0,0.0,0
8Qtey_u3kyw,UCg80LjrsnWo0T3T3uYCPhrQ,2026-08-05 06:00:20,11890,132,200,120.0,120.0,0.0,0
8REIe2Bulys,UCpcTrCXblq78GZrTUTLWeBw,2026-08-23 08:30:21,151810,4010,39,119.76,120.01,0.01,1
8ROrcFtktCk,UCifCesg-EUkjKyQedaB3hRg,2026-07-28 01:28:20,15854,115,0,119.78,120.03,0.03,0
8RcweWMSKjI,UCEg24oF81p-THPtp3otdmTA,2026-08-16 08:30:13,70397,2036,270,120.0,120.0,0.0,0
8RdwuGbvaFc,UCDHGqgpiHQAsE0UiltRqhfQ,2026-08-31 12:00:35,1856,7,0,119.75,120.01,0.01,1
8RflO0K0HUk,UCPJGXrPIVKBR8PJY7w33WZw,2026-07-18 01:00:34,20596,358,105,119.99,120.24,0.01,0
8Rzd58tEaWA,UCPGl9DV2WUgaqGVXtVrhJWQ,2026-08-07 13:54:29,1,0,0,119.84,120.1,0.1,0
8S1R6LfiLWE,UCMswODzU1ZjjrLyUk7NfwPA,2026-08-20 03:00:38,32629,798,18,119.99,120.24,0.01,0
8S3jyqmGgOQ,UC2WBkFH1nHcO6aFLWo6sZQg,2026-08-15 15:22:58,13018,517,2,119.87,120.12,0.12,0
8S5GTZRlc6w,UCPsZX-D7LW99PjZLA-UysPQ,2026-08-12 15:00:06,2240,28,5,120.0,120.0,0.0,0
8SFfq-WCC1A,UCAaLhok91QDrweyuDRsmjqQ,2026-07-11 13:07:05,175826,1131,95,119.88,120.13,0.12,0
8So3myC8wAU,UCD2YO_A_PVMgMDN9jpRrpVA,2026-07-25 08:21:34,566858,5021,881,119.89,120.14,0.11,0
8T3GHEfTnWw,UCab17MxxnFtAhGsJVTkSkCg,2026-08-30 11:03:21,3372,28,1,119.96,120.21,0.04,0
8T4VrkFv4Rw,UCSgvQDek_7CQj08fu7kp1Iw,2026-07-31 09:00:14,164016,2413,710,120.0,120.0,0.0,0
8TE3JoEByfM,UCxPMcxq7WJ32M3lnFn58Cpg,2026-08-10 11:19:44,3391,18,3,119.92,120.17,0.08,1
8TPy6DDx0Io,UCO8ToDSM2Gvt3EZdOdosxTw,2026-08-22 14:05:29,80299,1104,47,119.92,120.17,0.08,0
8TiHo055reU,UCkd3KAYGnTNPJZZrPOFeWhA,2026-08-10 08:00:34,7707,11,2,119.99,120.24,0.01,1
8UD0nPU-B6g,UCFrKhWvZ8oeJQTNP5ZabgJw,2026-07-31 07:00:09,231090,2267,122,120.0,120.0,0.0,1
8UE5hOPE7Lw,UCpTNtH8yc1Kdl_YFfsQsTYA,2026-07-25 09:00:26,2439,16,4,120.0,120.0,0.0,1
8UeSmoRjL-o,UCOMVY7jsl569k0UYXWv3OgQ,2026-08-20 11:53:05,84,1,4,119.87,120.12,0.12,1
8UetdWGUpBE,UCnCH3Uhv_ynhTNKEH6ekRtg,2026-08-02 05:49:29,20514,202,45,119.93,120.18,0.07,0
8UnLZVx2ODo,UCBtJuwDt6LlXp2YASC-ZMdA,2026-07-26 04:25:22,485,13,1,119.83,120.08,0.08,0
8VODvkPivQY,UCwBkHOTyu57NQi0syf5MLig,2026-08-13 00:00:27,146131,889,64,120.0,120.0,0.0,1
8VWMRY-7UIs,UCcsC1X0SyiWcxBTbnjoZ9Ag,2026-08-01 06:00:37,1273,36,16,119.99,120.25,0.01,0
8VdBTS6-0FY,UC24GgPBq5W3v34z0p0uk1Ow,2026-08-11 09:44:16,3913,38,6,119.76,120.01,0.01,0
8W4GsmckXwE,UCaj7p2XHGqfBYb2OI-7Q2DA,2026-08-25 08:24:59,55329,528,165,119.85,120.1,0.1,0
8W9n0ihlFfU,UC9nWoDbRAl3-fvreBNeStKQ,2026-08-10 20:30:08,7508,84,6,120.0,120.0,0.0,1
8WMz0NOuBO0,UCNRnCc0hg3ZcKdOGXKKv5Ww,2026-08-11 09:15:16,2835,53,1,120.0,120.0,0.0,0
8WQfKyDyI9I,UCFrKhWvZ8oeJQTNP5ZabgJw,2026-08-10 10:00:33,180416,1883,249,119.99,120.24,0.01,1
8WUsWnwL0qY,UCp6n8d8Y8r3MwKNw_MMaouQ,2026-07-24 17:10:44,14547,198,0,119.83,120.08,0.08,1
8Wes0PL2FlU,UCqyzJW0VRYRP_sFELZYdxGg,2026-08-10 08:00:17,5272,24,14,120.0,120.0,0.0,0
8WxA-4L8H5M,UCYJ0Ucu9jPX5kn6SeDcNaIQ,2026-08-30 19:59:12,230027,627,97,119.78,120.03,0.03,0
8X0kH9R7OeQ,UCZPBWThSlgWT0DVaxxUEX4A,2026-08-11 09:19:02,444,8,0,119.94,120.19,0.06,0
8XLBH0y2ZjY,UCyoKcrOcBEY4rmLYkDuXErA,2026-07-30 09:00:32,59957,905,16,119.99,120.24,0.01,1
8XStQa_c0YY,UC4VWaR3R17Ruc7j1Cy1-PKQ,2026-08-29 03:21:17,1066,3,0,119.91,120.16,0.09,1
8XVB88tBqa4,UC5grrciAyUF4xjd42XhV-1Q,2026-07-27 01:28:39,2496,,0,119.77,120.02,0.02,0
8Xs1wZWKcSc,UCz4b1O9sT73P8DWwx6OvQwg,2026-08-06 04:29:53,292103,4776,90,120.0,120.0,0.0,1
8Y28zGcombk,UCR1ctqL11HoxQkbSkoUAYeA,2026-08-23 04:06:03,44269,574,248,119.91,120.16,0.09,0
8YD0yT-PEK0,UC_m_uqd_9s0hZvlgfvCzqbQ,2026-08-21 03:00:04,450,21,2,119.76,120.01,0.01,0
8YJyKOXTVMM,UCN9VGDvz2M3vdR0czEUp6lQ,2026-08-27 22:00:15,1809,13,1,119.76,120.01,0.01,0
8YPh6zoULQs,UCYooECrv-fIXlPaDwEIaveA,2026-08-28 09:00:36,57325,954,9,120.0,120.0,0.0,1
8YjjcTiEhKM,UCJDXc9JWCZo-nLNKr_-L2Ng,2026-08-18 15:00:22,2563,110,7,120.0,120.0,0.0,0
8YkxqrOp4Kg,UCgLFbrC7-g0ihBKB0obVPTg,2026-08-05 15:04:34,92,3,2,119.93,120.18,0.07,0
8Z2DqZSATII,UC2IYsRiATGe71sLIOlSXGuw,2026-08-24 12:45:13,27333,341,236,119.76,120.01,0.01,0
8Z7fexiTFoQ,UCnkytUgy0CtWd06up9CjNxg,2026-07-30 15:02:14,584811,8428,933,119.97,120.22,0.03,0
8Z94norzcOA,UCBtJuwDt6LlXp2YASC-ZMdA,2026-08-12 03:00:26,1677,8,1,120.0,120.0,0.0,0
8ZCfqCTybQk,UCJYdIDfGkqXTsQq5aW4md0Q,2026-08-06 03:27:16,155,4,0,119.8,120.05,0.05,0
8ZKbPjMIK0Y,UCPuD5ZRQWa_JCaY5NokNhtg,2026-07-24 19:32:11,408,6,2,119.97,120.22,0.03,0
8ZN-k7QA9aM,UCHYMpkGhNIr8A0m2H3lIjUA,2026-08-23 13:00:00,29431,220,65,119.76,120.01,0.01,0
8ZP2PoPEUh0,UCS7gEaMmBPAaI8dHNnrSofg,2026-08-15 09:11:18,41523,,38,119.82,120.06,0.06,0
8Zfgpy6HWMs,UCirJgPv8RtFaFMj39b6cD8Q,2026-08-25 09:00:00,19595,83,3,119.76,120.01,0.01,1
8Zk82K31bZA,UCt8CJiye87FMbEwt0npPMuQ,2026-07-23 15:15:13,2564,172,6,120.0,120.0,0.0,1
8Zmew9l8ReQ,UCs0LzOveQMLImmmTrMmP2sg,2026-08-15 03:52:10,63761,198,29,119.88,120.14,0.12,0
8ZnR-N83plA,UC60HSePkZwGFzRj6VSDa6Ew,2026-08-21 19:47:35,2562,28,0,119.97,120.22,0.03,0
8Zt4C9GDtss,UCmcBe97VA2LqVEQUeeZl6Ew,2026-08-14 09:00:19,101849,617,77,120.0,120.0,0.0,0
8_2uyCVNdJc,UCkavlo6q2XfO_MA9Q24wRvw,2026-08-15 10:26:43,845,1,0,119.81,120.06,0.06,0
8_LP0bJ1Uv4,UC8chC5rneP-LHm43q-jF3oQ,2026-08-19 06:00:21,1302305,20084,330,119.76,120.01,0.01,1
8_R1sgcrwuk,UCAl4HWznMn7KhKBRFO5eiFA,2026-08-09 10:33:46,13712,70,4,119.94,120.19,0.06,1
8_RL29m_BXs,UCfIFEUxDE0kRkZh4yfEBEvA,2026-08-28 09:16:05,2831,16,0,119.99,120.24,0.01,1
8_VZRX0_YZM,UCV7WE8I_UiAN0fa6Arezx_w,2026-08-31 04:00:14,178,1,0,119.76,120.01,0.01,0
8_XLuMUxV7Q,UCw1DsweY9b2AKGjV4kGJP1A,2026-08-29 08:04:22,48508,67,12,119.95,120.19,0.05,0
8__R5zU7Z0k,UC5WN-znPsJK0BbA8aHxZHWQ,2026-08-06 10:35:36,4577,68,5,119.91,120.16,0.09,0
8_hAIEh_k6U,UC_Cp4dXpd94km5Syq2x-xig,2026-08-16 01:52:44,212,1,0,119.87,120.12,0.12,0
8_ln8XH2Cvs,UCBvKuSAkXERBnGSQOH0Sarw,2026-08-07 18:10:23,6990,85,0,119.83,120.08,0.08,0
8_o1pR881Ec,UCBS4sjbGJIcclT-Y6i_Jzkg,2026-07-25 14:30:01,28555,850,5,120.0,120.0,0.0,1
8aRQLHTw2PM,UCt8CJiye87FMbEwt0npPMuQ,2026-08-06 12:00:05,3911,181,14,120.0,120.0,0.0,0
8aWKewf83VY,UCby0vMKcLR05ZdS90aZd5og,2026-07-29 06:56:12,4040,5,0,119.82,120.07,0.07,1
8al07q3O8co,UC8C0Yd20ke5XqOiZvMVgM9w,2026-08-19 03:00:09,3063512,571,9,119.76,120.01,0.01,1
8as5X-dvkxY,UCKVt3arMXfa6XZezR1UnjqQ,2026-08-19 03:00:02,6653,26,4,119.76,120.01,0.01,0
8avoFTH2HBE,UCpI-AhCT02iQRGLC2ZcY0Jw,2026-07-15 12:13:02,31298,425,373,119.78,120.03,0.03,0
8aw1n9uuyXo,UC1sELGmy5jp5fQUugmuYlXQ,2026-08-28 15:00:13,1233887,41633,1661,119.76,120.01,0.01,1
8ay3Y4pHaN0,UCjiXXUsdl0F0aUkTbv8ZVTA,2026-08-28 02:17:26,11525,94,12,119.97,120.22,0.03,0
7kokefcWx0k,UCfIFEUxDE0kRkZh4yfEBEvA,2026-07-30 09:09:09,143,7,4,119.85,120.1,0.1,0
7kwflylg-bY,UCcvKf8NxAw9i09hZw1MQPBQ,2026-08-17 09:00:23,26037,364,23,120.0,120.0,0.0,1
7kylMMHfvjw,UCcvKf8NxAw9i09hZw1MQPBQ,2026-08-22 09:00:33,112569,1711,868,120.0,120.0,0.0,0
7l7KrC_yJRQ,UCrY2B2XX41ReYh9DIWrFfCg,2026-07-29 11:55:23,517,,2,119.83,120.08,0.08,0
7lEmDZD8kH8,UCtUHgx7SA_eZFssVODDh82A,2026-08-18 06:58:20,154581,2249,324,119.79,120.04,0.04,0
7lLxUSmRZsQ,UCQJuZxeDv2P05YHcC-tIEVQ,2026-07-25 08:00:23,15280,185,18,119.99,120.24,0.01,0
7lSFq0GDDEI,UC9vI-9WYQLXKI6n9XdXXo3g,2026-08-22 03:00:30,15913,118,27,120.0,120.0,0.0,0
7lYKIQ1JWdU,UCWjfI3wnNOgQCTu2SijfgMg,2026-07-26 18:04:39,2182,49,3,119.92,120.17,0.08,0
7lYSr3iur3M,UCFQWqbfZ-iEG3K_DRgHwnCw,2026-08-16 20:18:39,0,0,0,119.94,120.19,0.06,0
7lZtP9mxaA0,UCkrNv6xF8j7QZmWb3UeAH8A,2026-08-13 10:39:10,4929,23,18,119.85,120.1,0.1,0
7ltg7niFx9k,UCN7FA8FwikP2p5Vrs5kiivw,2026-08-16 13:00:40,1461,31,1,119.99,120.24,0.01,1
7ltvZPp7hg8,UCifCesg-EUkjKyQedaB3hRg,2026-08-09 02:34:11,9847,98,10,119.93,120.18,0.07,0
7lzXD5iEZuY,UC5bjQxLK_3XVzIOTQ04sYeg,2026-08-30 00:15:28,4221,41,6,119.76,120.01,0.01,0
7m4fgs6tW3k,UCaMV-CjrWYh2Aefg_8iLwJQ,2026-07-12 11:00:13,82710,432,106,120.0,120.0,0.0,0
7m6feNnH5g0,UCWwbZhw5M-Q5dZtTK4nDWNw,2026-08-27 03:00:40,24124,252,9,120.0,120.0,0.0,1
7m81D0UNLJ8,UCzkk3MGFFeiN0E0T3AEeg_g,2026-08-03 02:30:39,202247,627,208,119.99,120.24,0.01,1
7mJv0kl5e9U,UCAl4HWznMn7KhKBRFO5eiFA,2026-08-13 10:54:19,5654,21,0,119.85,120.1,0.1,1
7mbpokLVQ70,UCPGl9DV2WUgaqGVXtVrhJWQ,2026-08-18 01:24:14,6,0,0,119.85,120.1,0.1,0
7mjd4tGrT5c,UCETJ2rkwgeYb0OojPNh-DRw,2026-07-12 14:52:12,581,6,1,119.88,120.13,0.12,0
7mkOkyyBA0w,UCdXpKf3aIenvWkMbF3EvcQg,2026-08-11 09:00:35,8540,155,32,119.99,120.24,0.01,0
7mmyil9_U1c,UCJoWNCiFuiN4eZnB80WUf4Q,2026-08-09 05:30:39,58888,1120,115,119.99,120.24,0.01,0
7msciYBeXeQ,UCV6mNrW8CrmWtcxWfQXy11g,2026-08-25 12:00:08,1596333,49843,6195,119.76,120.01,0.01,1
7mv3sB4qKa8,UCKrprPfevcAZpPuRnCO6xOA,2026-08-02 09:00:26,1137,4,2,120.0,120.0,0.0,0
7nLp2YViHoM,UCmcBe97VA2LqVEQUeeZl6Ew,2026-07-26 09:00:18,98449,611,45,120.0,120.0,0.0,0
7nR-R6R0i1Q,UChHxLcNi7e0zu-e33HM6v6A,2026-08-19 03:00:39,10511,65,35,120.0,120.0,0.0,0
7nS40SkceGE,UCDHGqgpiHQAsE0UiltRqhfQ,2026-07-26 13:59:30,13360,108,0,119.76,120.01,0.01,0
7naWq5xHR6I,UCpcTrCXblq78GZrTUTLWeBw,2026-08-04 02:30:01,179872,3693,98,120.0,120.0,0.0,1
7ne6SD86dPk,UCBTsPtRCh6ln3IRQFjhjh1A,2026-08-15 11:51:19,67332,364,26,119.9,120.15,0.1,1
7npXpfZzkcM,UCPGl9DV2WUgaqGVXtVrhJWQ,2026-08-19 13:43:27,3,0,0,119.79,120.04,0.04,0
7o4sUYvub-Y,UCnju7ULBic4VgkCfDvVXCnA,2026-08-24 22:38:21,9068,85,0,119.87,120.12,0.12,0
7o9tZPWTgGI,UC783XWULPW-nDGv_0EYlB6Q,2026-07-31 09:30:11,39185,1146,30,120.0,120.0,0.0,1
7oBJxtdDwZU,UChHxLcNi7e0zu-e33HM6v6A,2026-08-20 03:00:34,18451,112,43,120.0,120.0,0.0,0
7oDMvpjxHJ4,UCqPN9LAkx20aBWOafwvQB-Q,2026-08-28 23:00:27,262688,6826,509,120.0,120.0,0.0,0
7oUFAvxLbyc,UCCd3jyJmOFzkJEMj5Bp89rw,2026-07-16 15:00:12,2766,131,1,120.0,120.0,0.0,1
7oYJbVJsddc,UCYGF_xk5RDpltyZDSx040uw,2026-07-27 11:34:55,62604,881,34,119.92,120.17,0.08,1
7ouBUYP44eU,UCkrJBQAut47U8xMUuv8D_3g,2026-08-15 09:00:02,26878,1731,109,120.0,120.0,0.0,1
7ouOsYZmnlw,UCiE9ZR51IeGPRbD4_Px6_Fw,2026-08-20 08:00:32,240131,7482,297,120.0,120.0,0.0,0
7p0k8-XNWZU,UCBY9rOZPo0fLE45mOV0s0cw,2026-08-24 10:53:51,339,7,0,119.86,120.11,0.11,0
7p3aQoaLl78,UChUNd9Dt96PzfB24BtVviHg,2026-07-25 02:00:09,33907,350,11,120.0,120.0,0.0,1
7pYZ3196HPs,UC-okJdotaXPlzivRzHFqzuA,2026-07-27 16:26:49,101326,2435,0,119.81,120.06,0.06,0
7pdg3iXyzQk,UCktXAh1Sd7wf8eQHc029-8g,2026-08-10 12:05:01,4979,70,17,119.92,120.17,0.08,0
7piMhG9ADNE,UCdQHEqTxcFzjFCrq0o4V7dg,2026-07-23 00:00:02,35124,2230,180,120.0,120.0,0.0,0
7pv5ePTuM_Y,UCpX86JOUhnrzG7MK8e8Gjbw,2026-07-13 12:15:59,9891,60,63,119.99,120.24,0.01,0
7pvg1LGwh6k,UCN5oT4zGJX-_H6pE5isAEeg,2026-08-30 03:00:36,524073,8064,253,120.0,120.0,0.0,1
7pxa0vEfLh8,UCqIwPYLfMd3EoWYwvyTjPnA,2026-07-24 23:00:37,13363,132,33,119.99,120.24,0.01,0
7qDC7N8aFN0,UCdK9h1ILxS49c2LguBUY3rw,2026-08-09 10:45:11,209,0,0,120.0,120.0,0.0,1
7qQ583ftUJo,UCnkytUgy0CtWd06up9CjNxg,2026-08-18 11:00:01,92815,1726,104,119.76,120.01,0.01,1
7qRU9gez-gk,UCKVt3arMXfa6XZezR1UnjqQ,2026-08-03 09:00:27,9619,83,9,120.0,120.0,0.0,0
7qUa5as19Ew,UCqlcSsDNMYxEsem7bWY-66Q,2026-08-12 09:03:34,8899,250,15,119.95,120.19,0.05,0
7qg6Gggw7m0,UCNu00qhYj4nPeMNdxuwV6sg,2026-07-21 13:51:30,3085,11,0,119.89,120.14,0.11,0
7qgpn0D4JLc,UCikKJvpU0Ylua4hRW6faQRg,2026-08-12 00:30:43,671,22,2,119.99,120.24,0.01,0
7qjxeFBkuFU,UCSGKRGHGqP8W11G-SxsMaOw,2026-07-29 03:03:51,505,39,2,119.94,120.19,0.06,0
7qnVKrjqvHA,UCAl4HWznMn7KhKBRFO5eiFA,2026-08-15 13:33:40,20094,119,12,119.94,120.19,0.06,1
7qyogrG9VYg,UCWVS5IJOkNnkKS5rjiAt9rw,2026-08-15 17:07:35,2453,30,6,119.88,120.13,0.12,0
7r2sPo73nlI,UCTUnpbuKoOODvhLhCO_kO_A,2026-08-25 08:00:09,2245,20,9,119.76,120.01,0.01,0
7rEk1Lg5tkM,UCbFzvzDu17eDZ3RIeaLRswQ,2026-08-29 11:27:35,810434,5187,927,119.81,120.05,0.05,0
7rG-6ByFJec,UCtGMgPWJNU2Aj-SNK0zg0Sg,2026-08-17 17:01:38,4252,22,0,119.98,120.23,0.02,0
7rH8YbwvCgU,UC2NFRq9s2neD_Ml0tPhNC2Q,2026-07-26 02:30:16,188654,2740,182,120.0,120.0,0.0,0
7rMsfbMIJD8,UC8aCmG_y4DqqVI9Xlcym1Jg,2026-08-19 22:00:07,458,15,0,120.0,120.0,0.0,1
7rxkHN2SDHM,UCPuD5ZRQWa_JCaY5NokNhtg,2026-08-07 04:06:28,595,7,6,119.9,120.15,0.1,0
7sSZWQwxu0s,UCyoSQyaCrZHro6F_nBiXIYg,2026-07-24 02:25:26,232554,1016,300,119.83,120.08,0.08,0
7sXVd1_IoL8,UCw1DsweY9b2AKGjV4kGJP1A,2026-08-01 13:18:17,140939,1063,401,119.95,120.2,0.05,0
7saQheFe9DU,UC4oe-OVZ2Ho-03yrMkrXomQ,2026-07-29 04:30:38,141975,3282,122,119.99,120.24,0.01,1
7t-uomrc83g,UCJpAwvQaZyCI5spAz7tipGA,2026-08-05 08:30:25,347328,1801,284,120.0,120.0,0.0,0
7tK1HbfpFpI,UC1Il94cQwl93Zun8ax1Qjlw,2026-08-10 10:34:38,50,0,0,119.92,120.17,0.08,0
7tLBjjWjltE,UC-S8JFhLkQ5enhB70c2CYIw,2026-07-28 11:00:28,189870,4588,424,119.99,120.24,0.01,0
7tMe5TdRmTM,UCifCesg-EUkjKyQedaB3hRg,2026-08-20 22:47:12,50998,1535,44,119.97,120.23,0.03,1
7tbZL6aHG8Y,UC8aCmG_y4DqqVI9Xlcym1Jg,2026-08-19 23:00:31,325,15,0,120.0,120.0,0.0,1
7te4E8SxD0c,UC5ScPjbt-a97AJO7SBj6nAg,2026-08-20 11:19:46,87311,2813,74,119.93,120.18,0.07,1
7toN7vK4gK4,UCZNTsLA6t6bRoj-5QRmqt_w,2026-08-16 14:04:43,62258,1516,150,119.92,120.17,0.08,0
7u3KPF3DWz0,UCNpdVBeuR8ya3fQD6yRYk-w,2026-08-17 10:12:34,33928,921,201,119.79,120.04,0.04,0
7u4Ei_maApY,UCJYdIDfGkqXTsQq5aW4md0Q,2026-07-20 21:02:35,98,1,0,119.96,120.21,0.04,0
7u4MIf8tzQY,UCBo7GIv99qTzHaa6ip09YLA,2026-08-07 08:00:38,12513,47,8,119.99,120.24,0.01,0
7uAwMMLdWqI,UCUae69frfqpKOB3BUMdX5Qw,2026-07-11 03:30:25,88508,908,126,119.99,120.24,0.01,1
7uPlFyvDZW4,UCL2ZLyAV0H9Pvi46W7TGdHQ,2026-07-22 11:00:26,689167,3677,170,119.99,120.24,0.01,1
7uVIE6Me8zU,UCC1LvVTX2ySKYjeIXkAtvsQ,2026-08-14 09:00:38,313832,3928,124,119.99,120.24,0.01,1
7ud5GMog65U,UC7wosSPUA3os3b3-RMZZe6g,2026-08-17 10:03:26,1658,12,0,119.95,120.2,0.05,1
7ufKrYUu1mA,UCGa52d8Qlv3THghuCAt_nXA,2026-07-12 08:30:03,6158,56,5,120.0,120.0,0.0,0
7ugqfKRLEgU,UC_E_qYfGKM3C0kqrp1p8z7Q,2026-08-07 19:00:32,750,26,1,119.99,120.24,0.01,1
7v5Zo0wpn10,UCqVZTizoA2wQKOj_xaDt10Q,2026-07-28 12:06:46,841,12,12,119.89,120.14,0.11,1
7vAFZij9cOg,UCa2liSwjQST4AGcg6LFQakQ,2026-07-27 03:30:05,1414,1,0,120.0,120.0,0.0,1
7vT8H9y-GiY,UC9qwDE50UcXvdplRNZKEoPA,2026-08-27 07:00:09,22214,764,51,119.76,120.01,0.01,1
7vZuQDnfgWc,UC5ThQKdocwo_9UurfT5P_ww,2026-08-12 10:16:37,438526,5502,101,119.98,120.23,0.02,1
7vhlZRI7Z0Q,UCdVIcHpdbEQc65xwAxc_owQ,2026-08-05 09:54:02,20,1,0,119.85,120.1,0.1,1
7w4ZBXVX71Q,UCAGUSx1hbPKDqzBZH7bTjiA,2026-07-29 05:30:04,24946,284,15,120.0,120.0,0.0,0
7w7wLE02nr0,UCzkk3MGFFeiN0E0T3AEeg_g,2026-08-10 10:21:56,88153,342,260,119.89,120.14,0.11,1
7wFCj8WelGI,UCBtJuwDt6LlXp2YASC-ZMdA,2026-08-27 09:00:37,1540,10,2,120.0,120.0,0.0,0
7wV_U1U_7Nw,UCPGl9DV2WUgaqGVXtVrhJWQ,2026-08-28 14:21:10,4,0,0,119.91,120.16,0.09,0
7wVvPapy60E,UC8CIM3d3zDYMk-3T5aAz0yw,2026-08-03 10:26:25,394430,15966,1002,119.81,120.06,0.06,0
7wWL_arLC70,UCOTJtP0Z9DjpPU43B5m1V6A,2026-08-08 05:00:13,308351,2210,116,120.0,120.0,0.0,1
7w_uEfsAH28,UCI3DTtB-a3fJPjKtQ5kYHfA,2026-08-31 13:15:30,28217,306,14,120.0,120.0,0.0,0
7wbLDdF6nHA,UC4VWaR3R17Ruc7j1Cy1-PKQ,2026-08-18 21:01:15,55,2,3,119.99,120.24,0.01,0
7wif56jAt54,UCPGl9DV2WUgaqGVXtVrhJWQ,2026-08-02 15:00:34,226,0,0,119.99,120.24,0.01,0
7x8Olqm5TvA,UCby0vMKcLR05ZdS90aZd5og,2026-07-12 10:58:44,4232,8,0,119.77,120.02,0.02,1
7xBYMIDTZ_I,UCifCesg-EUkjKyQedaB3hRg,2026-08-07 21:57:40,38658,917,18,119.79,120.04,0.04,0
7xJm7I_FBkw,UCBA9XaL5wCdHnC5EmEzwrqw,2026-08-28 13:30:10,738913,1996,144,119.76,120.01,0.01,0
7xa9lh6fbYA,UCJDXc9JWCZo-nLNKr_-L2Ng,2026-08-12 17:00:11,6187,179,13,120.0,120.0,0.0,0
7xr1ySyVoJA,UCQJuZxeDv2P05YHcC-tIEVQ,2026-08-21 08:00:07,20040,228,48,119.76,120.01,0.01,0
7xrKErTNA20,UCXNh3eUHXEkL7h1w1KYQRKQ,2026-08-24 11:05:06,22897,211,9,119.92,120.17,0.08,1
7xwiEVI6cXk,UCv1tOT645xHOJrwdGlzjMaA,2026-08-23 08:37:42,258926,1583,16,119.88,120.13,0.12,0
7xxs7NEP2Qk,UC0wo7SwsC5dE0nSgBs2M-3A,2026-07-31 10:15:35,419260,9507,223,119.99,120.24,0.01,1
7y0-FBgw_TY,UC8aCmG_y4DqqVI9Xlcym1Jg,2026-08-30 11:57:54,197,13,0,119.8,120.05,0.05,1
7y1RY6ktr2U,UCpX86JOUhnrzG7MK8e8Gjbw,2026-08-27 09:59:05,64454,175,244,119.78,120.03,0.03,0
7y7xKFwPG30,UC_m_uqd_9s0hZvlgfvCzqbQ,2026-07-25 14:28:44,387,2,0,119.77,120.02,0.02,1
7yFiATzeSdM,UCNNR1-x2NhZARsNGnQlh2sQ,2026-08-24 12:45:20,93393,258,372,120.0,120.0,0.0,1
7yOnJONaKE4,UCYsRymb9vAsOOLBy-Wo1kRg,2026-08-09 07:15:05,3803,120,39,120.0,120.0,0.0,0
7yTA8cY2o1U,UCQJuZxeDv2P05YHcC-tIEVQ,2026-07-29 08:00:27,43783,376,3,119.99,120.24,0.01,1
7yWR1B9QBOc,UCFrKhWvZ8oeJQTNP5ZabgJw,2026-07-27 07:00:05,250758,2429,187,120.0,120.0,0.0,1
7yefyNZYNW4,UCUR5w0E-jQTOO8Q0FZ4ilYQ,2026-08-22 08:14:13,217551,903,133,119.78,120.03,0.03,0
7yfmriBWm7s,UCYooECrv-fIXlPaDwEIaveA,2026-08-01 09:01:18,39367,577,107,119.98,120.23,0.02,0
7ygbC4bydOM,UCzVXdulvpgEoI8yuFMmhxJw,2026-08-08 11:30:00,120742,5359,23,120.0,120.0,0.0,1
7yy4dSm2ySU,UCpcTrCXblq78GZrTUTLWeBw,2026-07-30 02:30:01,56098,544,37,120.0,120.0,0.0,1
7z7F7nG1wns,UCIKORyfTZ0cN-u0hrxHcgUw,2026-08-26 09:30:25,71,0,0,120.0,120.0,0.0,0
7z9slYALb4I,UCw1DsweY9b2AKGjV4kGJP1A,2026-08-24 10:00:35,5780,28,7,120.0,120.0,0.0,0
7zLc1NLcQMk,UCPI40-XQA9-GBGj2k8PPqfg,2026-08-25 08:50:10,39303,697,48,119.93,120.18,0.07,0
7zVBUuiJYgM,UC5ScPjbt-a97AJO7SBj6nAg,2026-08-24 08:48:09,44224,1765,155,119.96,120.21,0.04,1
7zWVj9bVDvM,UC9M8GGVwPqc9ubNruArCNPg,2026-07-22 19:45:06,9308,215,10,120.0,120.0,0.0,1
7za5W1rul-o,UCpcTrCXblq78GZrTUTLWeBw,2026-08-30 02:30:31,34833,152,9,119.76,120.01,0.01,0
7zedK_Ae2ZM,UCgLFbrC7-g0ihBKB0obVPTg,2026-07-25 13:48:22,150,3,0,119.95,120.2,0.05,0
7zjC-EjLGoc,UC4VWaR3R17Ruc7j1Cy1-PKQ,2026-08-12 00:58:47,143,5,0,119.77,120.02,0.02,0
7zm6KyBR_zk,UC0FUMakBJHsRrfKCGQuWnRA,2026-07-25 13:30:31,24393,195,47,119.99,120.24,0.01,0
8--bDyNgAFU,UCab17MxxnFtAhGsJVTkSkCg,2026-08-22 08:08:32,1589,19,7,119.87,120.12,0.12,0
8-51eb_6wno,UCZ6mNZTiTUrUSbSYPlclI4A,2026-08-08 06:15:34,2569,44,4,119.99,120.24,0.01,1
8-8nTCLv0NQ,UCKY2DOkLOyPLlvGHI3XQw0Q,2026-08-31 23:26:32,699,2,0,119.82,120.07,0.07,1
8-Q4NOTpZ3s,UCw1DsweY9b2AKGjV4kGJP1A,2026-08-13 08:02:22,12535,61,23,119.96,120.21,0.04,0
8-_mr077gN4,UCIKORyfTZ0cN-u0hrxHcgUw,2026-07-30 05:30:02,15,0,2,120.0,120.0,0.0,0
8-n0MKNpPhQ,UCzDyC6JMEXEufozffWzI9Mg,2026-07-28 04:00:37,37595,470,26,119.99,120.24,0.01,1
8-q0U2nyjIY,UCI4wEWWBEElIbp9jHcFllTw,2026-08-17 08:00:28,1655,4,4,120.0,120.0,0.0,0
807qrgKlkf4,UCV7WE8I_UiAN0fa6Arezx_w,2026-07-19 16:00:21,27,0,1,120.0,120.0,0.0,0
80Ffr5OZ5ZI,UCrY2B2XX41ReYh9DIWrFfCg,2026-08-03 09:51:38,8227,,16,119.89,120.14,0.11,1
80Hrlc7zMfY,UCjhRgb1NpnlRs01s9rAhuug,2026-08-22 16:20:22,62,0,0,119.92,120.17,0.08,0
80ILG8Juph0,UCAl4HWznMn7KhKBRFO5eiFA,2026-08-15 12:12:57,8733,57,4,119.79,120.04,0.04,0
80Oln3TreEw,UCd9oeoY-jLSkhd-J5y_1aYg,2026-08-26 15:03:27,2466,3,1,119.95,120.2,0.05,0
80PDMh5tzus,UCMswODzU1ZjjrLyUk7NfwPA,2026-07-24 09:40:33,27571,615,20,119.83,120.08,0.08,1
80RugV9cqbo,UCV6mNrW8CrmWtcxWfQXy11g,2026-07-24 03:22:31,29426,705,8,119.88,120.13,0.12,0
80XriTWrl4E,UCRE-9quk3OT2OKgZFAgdN_g,2026-08-28 15:05:54,1929,5,0,119.91,120.16,0.09,0
80b_AtWFwVE,UC5ScPjbt-a97AJO7SBj6nAg,2026-07-27 08:30:03,76856,2538,478,120.0,120.0,0.0,0
80iPGETIJuI,UCQfISxq5legTqOt1h1us6lg,2026-07-23 19:07:39,4433,8,2,119.88,120.13,0.12,0
80xWqBSKJNs,UCv1tOT645xHOJrwdGlzjMaA,2026-08-28 10:32:49,40593,151,48,119.97,120.22,0.03,0
819v4JpmRw8,UC7bcRlidTERRb_MKRHPVSnw,2026-08-01 12:03:10,152866,2556,300,119.95,120.2,0.05,0
81FQvQzYr_0,UCNu00qhYj4nPeMNdxuwV6sg,2026-08-13 11:52:16,1159,41,0,119.88,120.13,0.12,0
81Tg0m4aCEU,UC5grrciAyUF4xjd42XhV-1Q,2026-08-17 09:19:30,652,,7,119.93,120.18,0.07,0
81V0-aztKi0,UCBexUDlBSJM2h4xZB3ch53g,2026-07-29 09:30:23,27885,767,38,120.0,120.0,0.0,1
822R7sFSn7U,UCw1DsweY9b2AKGjV4kGJP1A,2026-08-06 08:30:12,32279,111,12,120.0,120.0,0.0,1
82JURTi2c-E,UCEcRvF_6IRSux8FO-ogFZug,2026-08-28 17:48:19,31170,676,28,119.95,120.2,0.05,0
82d8ijAUUJk,UC6JB_a6rD1lZ_aZgQvORfrQ,2026-08-10 23:42:18,1109,30,2,119.8,120.05,0.05,0
82i9bphmMgA,UCgT-gb3favw2jQgwxbbwwaA,2026-08-22 11:00:01,45466,556,32,119.76,120.01,0.01,0
834Nq4k0xXs,UCvAetSOU_4lyjM5hVMNzN0Q,2026-08-27 16:40:19,364517,1957,131,119.84,120.09,0.09,1
837bFxwYrGo,UC_e83kYlGHWbsrr8QCfV_ag,2026-08-19 12:38:23,28506,238,79,119.87,120.12,0.12,0
83AdxFhqJrk,UCby0vMKcLR05ZdS90aZd5og,2026-07-17 02:56:58,10263,9,0,119.8,120.05,0.05,1
83E6JetviEw,UC9M8GGVwPqc9ubNruArCNPg,2026-07-25 12:00:12,37352,499,14,120.0,120.0,0.0,1
83LEf4CTWfw,UCt8CJiye87FMbEwt0npPMuQ,2026-07-29 15:00:35,7405,350,17,119.99,120.24,0.01,1
83P3k9PMafE,UCim7oePrB5hdfhcYwgUY6Jw,2026-08-01 13:00:38,16626,75,25,119.99,120.24,0.01,0
83XlWDsRKsM,UCuWDza8A_ntbjwBZgW0ZSNw,2026-08-29 03:00:26,13039,56,12,119.75,120.01,0.01,0
83lNbC0mG10,UCV7WE8I_UiAN0fa6Arezx_w,2026-08-19 15:00:12,24,1,0,119.76,120.01,0.01,0
83okH2tSvro,UCyiKngyUPUb1bka4yFrn65g,2026-08-19 05:55:51,13946,78,5,119.83,120.09,0.09,1
841mfd_Kvao,UCAGUSx1hbPKDqzBZH7bTjiA,2026-08-12 10:00:37,40874,206,17,119.99,120.24,0.01,0
844RKGb36DM,UCZ6mNZTiTUrUSbSYPlclI4A,2026-08-12 07:28:46,5310,79,16,119.77,120.02,0.02,0
848FOpOgWCw,UCw1DsweY9b2AKGjV4kGJP1A,2026-08-03 13:00:26,217062,2087,669,120.0,120.0,0.0,0
84FhpvsFYy8,UCAhmOb9JWkI2HV_KIe9X_3A,2026-08-30 00:27:04,20709,77,0,119.81,120.07,0.07,0
84oOd3XW64M,UCKVt3arMXfa6XZezR1UnjqQ,2026-07-20 08:00:26,16534,29,7,119.99,120.24,0.01,0
84wKvjpaoK4,UCOaUB8RzbLXB7QZtCmMO-8A,2026-08-26 07:00:38,69108,881,192,120.0,120.0,0.0,0
7I1bzQGO31A,UCWwbZhw5M-Q5dZtTK4nDWNw,2026-08-20 03:00:19,7312,208,7,120.0,120.0,0.0,0
7I6EPHc1N3U,UCZRH94I89Ps7giJYeK6DlWA,2026-08-03 03:00:18,47648,616,65,120.0,120.0,0.0,0
7IDoDEFbNlg,UCAVR6Q0YgYa8xwz8rdg9Mrg,2026-08-31 03:00:07,65676,4766,33,119.76,120.01,0.01,1
7ITPqSEwIOg,UCPuD5ZRQWa_JCaY5NokNhtg,2026-08-27 01:52:51,1187,13,6,119.88,120.13,0.12,0
7IZ01Voc3Yw,UC8x8GQmlxAIhHxzU61z0uLQ,2026-08-21 00:58:53,2731,17,0,119.78,120.03,0.03,0
7Ie_dA5XSJI,UCBexUDlBSJM2h4xZB3ch53g,2026-07-11 09:30:08,21181,477,36,120.0,120.0,0.0,1
7Io46-tPxFw,UCEg24oF81p-THPtp3otdmTA,2026-08-09 10:02:18,37739,834,16,119.97,120.21,0.03,1
7IzYEZWhIgM,UCw1DsweY9b2AKGjV4kGJP1A,2026-08-28 13:00:35,57881,440,45,120.0,120.0,0.0,0
7JIDhIt2Ayc,UCeBa5aBvHvly34S0Uk9Wqig,2026-08-03 13:09:10,1188,9,0,119.85,120.1,0.1,0
7JNNUEK9TP8,UCOTJtP0Z9DjpPU43B5m1V6A,2026-08-21 12:42:12,404454,2865,179,119.81,120.06,0.06,0
7JT0hLAYUJ8,UCcNdwtZ7ulFFxngmnzsWQNA,2026-08-07 02:07:13,7465,84,31,119.88,120.13,0.12,0
7JVF42i61rA,UCAl4HWznMn7KhKBRFO5eiFA,2026-08-22 11:48:49,9174,44,2,119.95,120.2,0.05,1
7Jaz6w0FrKU,UCMo4MnhHhSDkiUIXS6dytTQ,2026-08-05 03:00:03,17010,246,39,120.0,120.0,0.0,0
7JbZHUdp12w,UCMF3M48BakI-ptofqoUqdAA,2026-08-24 14:13:26,4858,122,55,119.79,120.04,0.04,0
7Jfsu_zVRyI,UCI3DTtB-a3fJPjKtQ5kYHfA,2026-08-30 13:00:21,16525,116,9,119.76,120.01,0.01,0
7JoRG3pLkQ0,UC_yxsHiFh1_j174x4AxICSg,2026-07-17 08:36:13,6632,151,6,119.9,120.15,0.1,1
7KLI13WXuRg,UC72PuhDwKtZ5MikpGNhPAtA,2026-07-22 20:32:13,206571,8455,894,119.97,120.22,0.03,0
7KZhSV7PjiM,UC7SIaeUWuuIrWTIOBpayDVQ,2026-08-31 08:52:51,19960,63,47,119.88,120.13,0.12,0
7KdIQo4a7ag,UCyiKngyUPUb1bka4yFrn65g,2026-07-15 08:52:34,7851,37,16,119.88,120.13,0.12,0
7Kh0aBNtbzQ,UCyZtdaxIiGb4wp5AmkEMrwQ,2026-07-25 03:00:10,73170,2139,22,120.0,120.0,0.0,1
7KsiMj-b4I4,UC5RxNUZ9_c94ZEfJGnJZmTw,2026-08-11 12:00:28,2505,94,16,119.99,120.24,0.01,0
7L3w95pXrcw,UCV7WE8I_UiAN0fa6Arezx_w,2026-07-11 22:00:22,109,1,0,120.0,120.0,0.0,0
7LEszJChcYE,UCPGl9DV2WUgaqGVXtVrhJWQ,2026-08-22 15:00:18,13,0,0,119.76,120.01,0.01,0
7LKUAfVUxeY,UCNu00qhYj4nPeMNdxuwV6sg,2026-08-04 15:31:40,1270,39,0,119.97,120.22,0.03,0
7LMFw4hvlPY,UCl402YYy7RcH7PBI3npmGPQ,2026-08-08 03:00:10,264078,2163,430,120.0,120.0,0.0,0
7LNn4e9IbHo,UCNu00qhYj4nPeMNdxuwV6sg,2026-08-27 15:31:32,5118,63,0,119.99,120.24,0.01,0
7LTB1PNwDMI,UCgLFbrC7-g0ihBKB0obVPTg,2026-08-11 12:35:44,180,10,0,119.91,120.16,0.09,0
7LUJLbU8dII,UCMF3M48BakI-ptofqoUqdAA,2026-08-01 14:34:26,2980,92,38,119.93,120.18,0.07,0
7LbRm5-sOqY,UCPGl9DV2WUgaqGVXtVrhJWQ,2026-07-22 15:00:30,4,0,0,119.99,120.24,0.01,0
7M406lRPLEs,UCnhGcri8x6xhehanhAe9ipw,2026-07-22 11:05:14,28470,388,33,119.91,120.16,0.09,0
7M91j4--EgM,UCv1tOT645xHOJrwdGlzjMaA,2026-08-07 12:03:38,41973,1105,23,119.94,120.19,0.06,1
7MAZvtKtPBc,UC7lwS-aSDzYHZJ9uWuzySwQ,2026-08-16 05:15:15,1985,2,5,120.0,120.0,0.0,1
7MOqxyPW5N0,UCV7WE8I_UiAN0fa6Arezx_w,2026-08-20 17:00:26,35,0,0,119.75,120.01,0.01,0
7MQu2Bo9ngc,UCV6mNrW8CrmWtcxWfQXy11g,2026-08-14 14:00:13,55350,2247,53,120.0,120.0,0.0,1
7MSFr3J9j7U,UCw1DsweY9b2AKGjV4kGJP1A,2026-08-10 08:00:15,13558,59,5,120.0,120.0,0.0,0
7MX4Y3LzHAo,UCwBkHOTyu57NQi0syf5MLig,2026-08-30 06:00:37,155053,941,47,120.0,120.0,0.0,1
7NE2PV0PZrI,UCgT-gb3favw2jQgwxbbwwaA,2026-08-24 02:00:08,27235,250,1,119.76,120.01,0.01,1
7NEHaElhhhk,UCKrprPfevcAZpPuRnCO6xOA,2026-08-11 09:00:00,837,4,4,120.0,120.0,0.0,0
7NJpuzbH3w0,UCksGX0hODm1Ev6mysrToMqg,2026-08-18 09:55:57,6264,145,32,119.83,120.08,0.08,0
7NY8I4osxj0,UCuWDza8A_ntbjwBZgW0ZSNw,2026-08-25 03:29:42,59679,616,9,119.77,120.02,0.02,1
7NeN6RdBwzA,UCFrKhWvZ8oeJQTNP5ZabgJw,2026-07-28 03:00:19,153381,1216,99,120.0,120.0,0.0,1
7NglYWNBWpE,UCzDmGDR5RdahQkLCBoWlTEg,2026-08-19 12:48:23,33684,116,4,119.95,120.2,0.05,0
7NkpICAY1-E,UC60HSePkZwGFzRj6VSDa6Ew,2026-08-30 02:00:10,14736,85,15,119.76,120.01,0.01,0
7Nn04QEjw30,UCdK9h1ILxS49c2LguBUY3rw,2026-08-13 11:30:28,8,2,0,119.99,120.24,0.01,0
7NuBMGtmf6U,UC6NXJtCn3p-actkvBUlHwDA,2026-08-24 00:15:22,28103,126,4,119.76,120.01,0.01,0
7O129muPILw,UCBA9XaL5wCdHnC5EmEzwrqw,2026-08-18 08:38:14,392391,2113,181,119.87,120.12,0.12,0
7O3IMKiCITg,UCV6mNrW8CrmWtcxWfQXy11g,2026-08-20 19:00:05,96432,3538,125,119.76,120.01,0.01,1
7OLtNArHfSY,UC0PMQXAwF6O6aeTpv962miA,2026-07-31 17:00:09,10470,353,52,120.0,120.0,0.0,0
7OPif8E4-Zc,UCXAXCxTCCYYKsLJNzEvjqfw,2026-08-20 03:10:01,92969,1179,328,119.84,120.09,0.09,0
7Ogcz2nRuwQ,UCpcTrCXblq78GZrTUTLWeBw,2026-08-04 21:30:28,92233,1521,29,119.99,120.25,0.01,1
7OorlHXGnZw,UCV6mNrW8CrmWtcxWfQXy11g,2026-07-30 16:00:40,59016,2142,40,119.99,120.24,0.01,1
7Op-nLRyCB4,UCV7WE8I_UiAN0fa6Arezx_w,2026-07-30 16:00:15,42,0,0,120.0,120.0,0.0,0
7Ouw-m4FxYo,UCOTJtP0Z9DjpPU43B5m1V6A,2026-08-07 09:46:14,95403,926,81,119.98,120.23,0.02,0
7P2mXS-Vw0Q,UCAl4HWznMn7KhKBRFO5eiFA,2026-08-15 11:20:31,7776,20,0,119.91,120.16,0.09,1
7P82RihAdWs,UCwBkHOTyu57NQi0syf5MLig,2026-07-31 07:00:30,212506,1690,80,119.99,120.24,0.01,1
7PCU1qDLFIk,UCF5RrlbsxJjAVLWgOCoNHMg,2026-07-23 02:19:33,42467,619,27,119.93,120.18,0.07,1
7POQYchMAbo,UCPYeWvMGlNPORS7sOLFElkg,2026-07-24 05:13:09,173,7,6,119.78,120.03,0.03,0
7PVjULSsLXc,UCyZtdaxIiGb4wp5AmkEMrwQ,2026-08-05 03:00:23,80992,1389,26,120.0,120.0,0.0,1
7PjKcp0PT3g,UCb5NLtXAsTBrmaZVhyFa-Wg,2026-07-25 04:45:08,97496,423,168,120.0,120.0,0.0,0
7PlB3hDoZLw,UCV6mNrW8CrmWtcxWfQXy11g,2026-08-19 15:09:08,94043,2492,186,119.86,120.11,0.11,0
7PluV61PNlU,UCpcTrCXblq78GZrTUTLWeBw,2026-08-03 11:30:11,220896,2324,275,120.0,120.0,0.0,0
7Q0_4w4SGMw,UCKrprPfevcAZpPuRnCO6xOA,2026-07-24 18:20:34,57,0,0,119.91,120.16,0.09,0
7Q1kekgg-GU,UCxpXguPL_B5pz7Gq8ozfwlA,2026-08-01 15:35:40,7586,33,0,119.91,120.16,0.09,0
7Q6MlN9K3h0,UCN5oT4zGJX-_H6pE5isAEeg,2026-08-22 22:00:12,633266,14446,781,119.76,120.01,0.01,1
7QG993x_Cbg,UCos3GN2gX0wLcfuhOAiMotQ,2026-08-24 09:51:29,31360,163,45,119.9,120.15,0.1,0
7QH5GKEWHLg,UCzVXdulvpgEoI8yuFMmhxJw,2026-08-18 16:44:04,148832,8421,186,119.78,120.03,0.03,1
7QKaOA_IzkQ,UCkd3KAYGnTNPJZZrPOFeWhA,2026-07-23 08:00:04,15362,36,2,120.0,120.0,0.0,1
7QLTikavXW8,UChUNd9Dt96PzfB24BtVviHg,2026-08-11 13:20:12,0,0,,119.92,120.17,0.08,0
7QRV7DCpjmA,UCpcTrCXblq78GZrTUTLWeBw,2026-07-12 19:54:49,21789769,47773,236,119.84,120.09,0.09,1
7QScJlfXuv8,UCV7WE8I_UiAN0fa6Arezx_w,2026-08-23 02:00:37,60,0,0,120.0,120.0,0.0,0
7QX4pqZuZuU,UC-yb5eNBQyXBE9nZnht9u-g,2026-07-10 19:01:25,19451,466,4,119.98,120.23,0.02,1
7Q_vL48X-Dk,UCNrQ0VbdprXAur6OZKexjEw,2026-08-09 08:00:33,38722,657,79,119.99,120.24,0.01,0
7Qoiw7AcjlY,UCqIwPYLfMd3EoWYwvyTjPnA,2026-08-28 12:59:02,117440,339,7,119.78,120.03,0.03,0
7QujyYdyaeg,UCksGX0hODm1Ev6mysrToMqg,2026-07-25 03:23:09,9301,173,36,119.87,120.12,0.12,0
7Qw_2A9O5Hc,UCAl4HWznMn7KhKBRFO5eiFA,2026-08-06 12:40:15,6894,42,3,119.83,120.08,0.08,1
7Qwu3-Bz1DQ,UC6aF-skLT_1X6cdPJxVJXxQ,2026-07-16 07:49:30,584113,11446,95,119.93,120.18,0.07,0
7RQxwNWqECs,UCAl4HWznMn7KhKBRFO5eiFA,2026-07-11 11:07:12,12046,63,0,119.88,120.13,0.12,1
7Re-3qvxaIA,UCqVkQsNin4MdGFrWvzFVOKw,2026-08-25 02:00:17,11756,240,6,119.76,120.01,0.01,0
7Rr880iuXbc,UCbaRH9U2BEFwhJiodE3qTpQ,2026-08-21 08:58:53,26817,908,17,119.78,120.03,0.03,1
7S4IZ76AnLk,UCQzgMwT5Q6x-Mtq65HRS_0Q,2026-08-20 12:46:46,11436,84,15,119.98,120.23,0.02,1
7SAloQyS20c,UCikKJvpU0Ylua4hRW6faQRg,2026-07-28 09:42:03,2982,80,0,119.8,120.05,0.05,0
7SDCSNOLsE4,UCuXE-MdbuaZcPt_2J2kSsSQ,2026-08-02 08:18:00,158,2,0,119.95,120.2,0.05,1
7SPUwljSgaE,UCcstDLbuhxEbFKkPZ6wST2A,2026-07-28 11:00:04,18067,43,35,120.0,120.0,0.0,0
7SS86ehm96c,UCe-7GwWL1XNlCJyfqBhgrHA,2026-08-23 07:53:42,20699,873,21,119.87,120.12,0.12,0
7SWRG8qeDkU,UC6JB_a6rD1lZ_aZgQvORfrQ,2026-08-27 21:39:37,3393,29,3,119.85,120.1,0.1,0
7Srfh2b9JRQ,UCi5yzN6jpdz2akGTm-mJSKQ,2026-08-01 11:15:10,632,35,5,120.0,120.0,0.0,0
7SyNBaVjqt8,UCab17MxxnFtAhGsJVTkSkCg,2026-08-19 12:02:12,1046,18,1,119.97,120.23,0.03,0
7T3dK_ql48Q,UCzps05UZ7XpX3SFoFyYIDow,2026-08-06 10:46:28,74759,306,35,119.98,120.23,0.02,0
7T41C1AH1rY,UCw55Gv3z7xgtG34fOP1-Aiw,2026-08-04 13:48:26,2301,32,0,119.95,120.2,0.05,0
7T4CpVbGebU,UC8aCmG_y4DqqVI9Xlcym1Jg,2026-08-24 14:45:17,3368,120,3,119.76,120.01,0.01,0
7TCcK5dRBtk,UCKrprPfevcAZpPuRnCO6xOA,2026-08-15 09:30:02,1152,14,0,120.0,120.0,0.0,0
7TPNDRKIgn4,UCAJ-meoCh1TrPZ7La3UpPrw,2026-08-28 12:10:18,300381,2374,200,119.84,120.09,0.09,0
7TQAuP7owP0,UCgvtwZJPhSfbKOxh3EoVXng,2026-08-01 03:34:10,12,0,0,119.93,120.18,0.07,0
7TUZTOHhyUA,UCpTNtH8yc1Kdl_YFfsQsTYA,2026-08-02 00:42:41,29246,54,0,119.79,120.04,0.04,0
7TuIvKwFBDg,UCAVR6Q0YgYa8xwz8rdg9Mrg,2026-08-08 04:00:04,137228,6809,99,120.0,120.0,0.0,1
7U4W6xKr3rE,UCPN9TrChCye1s97iEUOsIeA,2026-08-31 07:48:36,40,0,3,119.95,120.2,0.05,0
7UNm5CbWePk,UC0D75gKWfWeFY2OhStsQk2Q,2026-08-22 03:15:37,85515,1456,29,120.0,120.0,0.0,1
7UiztQ1Fc3U,UCwBkHOTyu57NQi0syf5MLig,2026-08-26 06:00:35,74833,437,31,119.75,120.01,0.01,1
7UltnxCAabs,UCN9VGDvz2M3vdR0czEUp6lQ,2026-08-03 22:00:03,4743,80,51,120.0,120.0,0.0,0
7Uo0QVmWmvg,UCEg24oF81p-THPtp3otdmTA,2026-08-26 09:00:40,180465,1461,148,120.0,120.0,0.0,0
7V-PId_V32c,UC7hwQp3F6P_OwyRM14p88iQ,2026-08-18 08:35:45,852,9,3,119.92,120.17,0.08,0
7V2DWMTkSdA,UCw1DsweY9b2AKGjV4kGJP1A,2026-08-03 07:30:04,108584,286,30,120.0,120.0,0.0,1
7V3g8VSqLic,UCYooECrv-fIXlPaDwEIaveA,2026-08-07 09:00:00,51142,1191,16,120.0,120.0,0.0,1
7V9UwxDDyoE,UCzDmGDR5RdahQkLCBoWlTEg,2026-08-08 09:00:28,49856,347,80,120.0,120.0,0.0,0
7VAxLgbLdk4,UCyZXLzORHoh9QMwA7IwS0pA,2026-08-26 15:21:41,2170,11,1,119.9,120.15,0.1,0
7VXOF3Oku6g,UCktXAh1Sd7wf8eQHc029-8g,2026-08-11 08:30:38,402,17,3,119.99,120.24,0.01,0
7Vau9WyGcAs,UCN5oT4zGJX-_H6pE5isAEeg,2026-07-25 22:00:17,511928,13439,218,120.0,120.0,0.0,1
7VedObrwgQw,UCPGl9DV2WUgaqGVXtVrhJWQ,2026-07-20 15:00:27,7,0,0,119.99,120.24,0.01,0
7VtM1lk5EX8,UCw1DsweY9b2AKGjV4kGJP1A,2026-07-11 10:11:50,47085,172,122,119.81,120.06,0.06,0
7VtVMTDY_tw,UCZ6mNZTiTUrUSbSYPlclI4A,2026-08-17 05:18:18,7274,229,9,119.95,120.2,0.05,1
7WLgsnEZUlA,UC6YqXiwCBfPvPTs3wXgWElQ,2026-08-19 08:06:07,6639,19,2,119.91,120.16,0.09,1
7WyRWuUzUlo,UCAVR6Q0YgYa8xwz8rdg9Mrg,2026-08-11 04:00:22,212924,15580,507,120.0,120.0,0.0,0
7XA_3pndDrI,UC5grrciAyUF4xjd42XhV-1Q,2026-08-16 11:51:17,2871,,0,119.9,120.15,0.1,0
7XM9aUdelQ4,UCSgvQDek_7CQj08fu7kp1Iw,2026-08-24 08:00:03,76120,574,98,119.76,120.01,0.01,0
7Y-rZSSPJLc,UC5ThQKdocwo_9UurfT5P_ww,2026-08-30 05:31:08,277470,4421,74,119.99,120.24,0.01,1
7Y6Klb-aH-g,UC0PMQXAwF6O6aeTpv962miA,2026-08-10 18:00:21,40519,1001,137,120.0,120.0,0.0,0
7YEx6uWNmtY,UCbItyvYa6cqvqtwlU2E9-wA,2026-07-31 15:50:55,15811,708,40,119.9,120.15,0.1,0
7YPmhI86_3M,UC3DYSay178fMMPaf3zHwECA,2026-07-17 04:15:06,7168,320,29,120.0,120.0,0.0,0
7YPvEsH7RhQ,UCxpXguPL_B5pz7Gq8ozfwlA,2026-07-31 17:54:57,9832,44,0,119.84,120.09,0.09,0
7YVtFQCXmpY,UCs0LzOveQMLImmmTrMmP2sg,2026-08-01 13:32:59,71959,209,31,119.95,120.2,0.05,0
7YZlhfec1ss,UC783XWULPW-nDGv_0EYlB6Q,2026-08-02 08:59:31,33909,487,59,119.76,120.01,0.01,0
7Ybxhy9uiQw,UCV7WE8I_UiAN0fa6Arezx_w,2026-08-30 16:00:16,389,1,0,119.76,120.01,0.01,0
7YfYSESUjDk,UC59jWhPazXYi8Ny4vake45A,2026-08-15 15:32:10,296574,11586,160,119.97,120.22,0.03,0
7Yi8R5SzVNg,UCdQHEqTxcFzjFCrq0o4V7dg,2026-07-29 00:15:07,27378,1771,200,120.0,120.0,0.0,0
7Yid6sLiLWI,UCifCesg-EUkjKyQedaB3hRg,2026-08-16 21:44:07,31714,585,10,119.77,120.02,0.02,1
7YrhaFjY6zk,UCvAetSOU_4lyjM5hVMNzN0Q,2026-08-05 04:49:41,13606,169,30,119.92,120.17,0.08,0
7Yu31GUuC-s,UCeKjmFzU-Jlqg7diwzf2Udw,2026-07-26 22:00:09,6,0,0,120.0,120.0,0.0,0
7YzXe3dJH2Q,UCI3DTtB-a3fJPjKtQ5kYHfA,2026-08-30 09:15:01,13497,128,3,119.77,120.01,0.01,0
7Z6ujpazZD4,UCBS4sjbGJIcclT-Y6i_Jzkg,2026-08-04 21:30:00,31143,377,3,120.0,120.0,0.0,1
7Z9nbeUEQ8E,UCpwGBltfwjd_fIzp5cb5R0w,2026-08-23 13:14:09,87415,1058,213,119.78,120.03,0.03,1
7ZQlXXv8B9w,UC5RxNUZ9_c94ZEfJGnJZmTw,2026-08-25 13:15:16,4688,195,123,119.76,120.01,0.01,0
7ZgGGQKo7dY,UCklDsqQMGPYIMpIhQ5Jz6jA,2026-07-25 01:30:19,57404,724,103,120.0,120.0,0.0,0
7Zy8TkA_uq4,UCAhmOb9JWkI2HV_KIe9X_3A,2026-08-31 04:01:55,218151,1269,606,119.98,120.23,0.02,0
7_A3PShip7M,UCgwFckIyCAj4Znu3c8A1dOQ,2026-08-18 11:48:00,552,8,5,119.96,120.21,0.04,1
7_Lbzv5QOuQ,UCAGUSx1hbPKDqzBZH7bTjiA,2026-08-16 06:00:22,36104,570,70,120.0,120.0,0.0,0
7_PidkO_1w0,UCFVRXOqBeh8ynDdYWztewXg,2026-07-31 04:00:24,3167,51,14,120.0,120.0,0.0,0
7_Vg4TQ18Yo,UCFCt5RYu41HTg4eX1jdHNxw,2026-07-28 00:43:31,19137,79,1,119.78,120.03,0.03,0
7_aZOV3RUx0,UC4VWaR3R17Ruc7j1Cy1-PKQ,2026-08-21 11:07:03,129,5,2,119.89,120.14,0.11,0
7_e-b9t9LPo,UC3hCAmwyYNgRuOOSFV7evVA,2026-08-27 10:00:33,110463,306,80,120.0,120.0,0.0,0
7_fyLMGToa0,UCETJ2rkwgeYb0OojPNh-DRw,2026-07-16 06:31:58,141,1,0,119.97,120.22,0.03,0
7_jDLoO4aM8,UCawK5EIfr66Z7fjAlZgfB2g,2026-08-20 02:43:01,3141,,0,119.79,120.04,0.04,0
7_keuDnvAqs,UCm1JuixwDoQEDi5RfcRuHJg,2026-08-13 07:25:59,7475,171,23,119.82,120.07,0.07,0
7_tJ1Sd0Z-M,UCjyXK9pWHwWR_-bRibFaWDg,2026-07-25 00:39:17,41902,492,102,119.85,120.1,0.1,0
7_wBPt4T_Wg,UC2WBkFH1nHcO6aFLWo6sZQg,2026-07-31 15:48:23,41524,1158,7,119.95,120.2,0.05,0
7a0FeG6SbwI,UCPGl9DV2WUgaqGVXtVrhJWQ,2026-07-20 13:56:13,4,0,0,119.81,120.06,0.06,0
7aESGs9WCaE,UCYooECrv-fIXlPaDwEIaveA,2026-07-10 09:01:28,47862,591,152,119.74,123.6,0.26,0
7aJcR1FVzgM,UCt8CJiye87FMbEwt0npPMuQ,2026-07-21 13:00:24,40186,2205,304,120.0,120.0,0.0,0
7aM9eZ-vBAc,UCMswODzU1ZjjrLyUk7NfwPA,2026-08-06 03:00:16,61195,602,14,120.0,120.0,0.0,0
7aOGMjqHygo,UC9M8GGVwPqc9ubNruArCNPg,2026-08-26 08:00:28,8118,140,7,120.0,120.0,0.0,1
7aVQ6saNe1k,UCGi94VU356EAvQLgODywyrA,2026-07-24 20:59:08,8571,150,3,119.77,120.02,0.02,0
7abHxJ6kBDo,UCzSODDx0zQF3nxXOZISCm_w,2026-07-26 02:30:23,1017,3,0,120.0,120.0,0.0,1
7acqpsniAwM,UCPsZX-D7LW99PjZLA-UysPQ,2026-08-03 06:00:33,266,5,1,119.99,120.24,0.01,0
7aghzbI1f7Q,UC3_QWAvQRhPW4CDoQU8acKw,2026-07-11 06:55:35,18611,291,180,119.82,120.07,0.07,0
7ahcT6SELrY,UChLqHuZV0PENIBYxDgXyPLQ,2026-08-28 14:21:19,293837,3508,45,119.91,120.16,0.09,1
7amC9sdiN0c,UCvfEv6nBnL0QlKqyGmL0orQ,2026-08-09 04:14:37,11741,57,12,119.76,120.01,0.01,0
7aorzD0kySM,UC2_VPutZK0o_tG8ca_QrQRA,2026-08-18 09:15:10,23827,,96,119.76,120.01,0.01,0
7arFUpFtlno,UCZCZHg_oJiHcrcj2vaPRCag,2026-08-04 09:00:08,39,0,0,120.0,120.0,0.0,0
7awb2mUqsf8,UCXAXCxTCCYYKsLJNzEvjqfw,2026-08-17 15:07:21,80132,930,449,119.88,120.13,0.12,0
7bAunCyh2KI,UCbItyvYa6cqvqtwlU2E9-wA,2026-08-06 04:33:49,7422,424,16,119.94,120.19,0.06,0
7bSS6yqP1x8,UCNRnCc0hg3ZcKdOGXKKv5Ww,2026-08-18 09:15:02,17496,124,9,119.76,120.01,0.01,1
7bVjj05PKQo,UCuZ862fZel1gq9RAf_OkvqA,2026-08-22 08:53:17,12454,120,69,119.87,120.12,0.12,0
9EifSaFd_AE,UCVipGmBXqbYKNODNzVCN86w,2026-08-18 01:10:04,17738,458,15,119.83,120.08,0.08,1
9F-WikGoxcI,UC-FiQR2gg8oiNw98ZdsSX6Q,2026-07-22 06:08:49,1099,12,0,119.86,120.11,0.11,0
9F8AoviiXuA,UCPGl9DV2WUgaqGVXtVrhJWQ,2026-08-16 01:47:42,406,2,0,119.96,120.21,0.04,1
9FJPlU058t4,UCutaHUD-Oos2EBNNEwd4QQg,2026-07-23 09:00:09,24656,218,13,120.0,120.0,0.0,1
9FW0kxgUt54,UCFrKhWvZ8oeJQTNP5ZabgJw,2026-08-23 12:30:33,282425,2723,426,120.0,120.0,0.0,1
9FWxtaxqo3U,UCcoJiq6MyAqJeo3urxjDqrg,2026-08-24 07:52:10,1359,14,5,119.89,120.14,0.11,0
9FZciNdV9dk,UCV7WE8I_UiAN0fa6Arezx_w,2026-08-06 04:00:37,58,0,0,119.99,120.24,0.01,0
9Fag7KIsE60,UCyZXLzORHoh9QMwA7IwS0pA,2026-07-26 12:43:44,472,12,1,119.77,120.02,0.02,0
9FalDFlVo1I,UCT6Vy6E3x4Rk2iRUuyETD2g,2026-07-20 07:21:06,0,0,0,119.9,120.15,0.1,0
9FgpyBTxzaw,UCOTJtP0Z9DjpPU43B5m1V6A,2026-08-17 05:00:34,298381,2072,69,119.99,120.24,0.01,0
9FmFVMArcWI,UCcsC1X0SyiWcxBTbnjoZ9Ag,2026-08-17 09:38:08,4922,42,10,119.87,120.12,0.12,0
9G2sVCD0G6c,UCyU5JQ8KVRD9jE4E_xLsHxw,2026-08-31 09:00:19,35,0,0,119.76,120.01,0.01,0
9G5q68hlhno,UCvPDPTxTLitVEyGu4Xt6m8g,2026-08-30 12:32:28,40543,235,6,119.97,120.22,0.03,0
9GDpifIfN9g,UCAl4HWznMn7KhKBRFO5eiFA,2026-07-18 11:45:03,15844,51,2,120.0,120.0,0.0,1
9GNJztQu_Bc,UC_F-jhf8uO0fzrM7NQwvs3Q,2026-08-24 00:26:42,67,0,2,119.82,120.07,0.07,0
9GPOP_2GPcc,UC-okJdotaXPlzivRzHFqzuA,2026-08-21 05:00:05,30062,184,9,119.76,120.01,0.01,0
9GTxidTt-tA,UCifCesg-EUkjKyQedaB3hRg,2026-08-30 03:41:38,10892,31,2,119.82,120.07,0.07,0
9GX7OxnG4FM,UC5pdoCANExIVI4yf6DVoxew,2026-08-09 02:00:04,92,2,0,120.0,120.0,0.0,0
9GavfgY81bk,UCS2OAdHoLt-9T6cG9A2H49Q,2026-08-18 09:14:13,23685,103,6,119.77,120.02,0.02,1
9Gc92RSpP1c,UCV7WE8I_UiAN0fa6Arezx_w,2026-07-16 08:00:19,130,2,0,120.0,120.0,0.0,0
9Ge272j-W7g,UCo33r3SAf5z9MS-lrXV2aOQ,2026-08-26 07:00:36,104288,943,115,120.0,120.0,0.0,0
9GqFRcy17HU,UCw1DsweY9b2AKGjV4kGJP1A,2026-08-24 10:01:07,7929,37,3,119.99,120.24,0.01,0
9H9pcFW9jok,UCWwbZhw5M-Q5dZtTK4nDWNw,2026-08-17 09:00:19,3576,89,32,120.0,120.0,0.0,0
9HEvE7N8B-s,UCN8L7Z-dyzu9FzT39RM0fvw,2026-08-14 02:28:44,26413,225,73,119.77,120.02,0.02,0
9HdDlBHQnww,UCdXpKf3aIenvWkMbF3EvcQg,2026-07-30 09:00:28,10411,246,237,120.0,120.0,0.0,0
9HnnzzMnuMM,UCT_AS9Vfdi1RLtP4MIeIZow,2026-07-28 10:31:25,1998,12,4,119.98,120.23,0.02,1
9HwpM6Fjsck,UC8a9-ubjMyQkDH9Jr8EX0JQ,2026-07-13 10:44:32,35,3,0,119.76,120.01,0.01,0
9Hxn9iSKZ58,UC0aKwoKNeqBaUwiEXmkQaGQ,2026-08-20 05:00:23,174871,5620,621,120.0,120.0,0.0,1
9HyebwafxYk,UCCiKOocVSjyb2rsbL_Aanhw,2026-08-14 08:25:23,19565,131,123,119.83,120.08,0.08,0
9I5PeFWJ41U,UCpcTrCXblq78GZrTUTLWeBw,2026-07-27 17:30:30,677498,26151,259,119.99,120.24,0.01,0
9I8FxeFaNYg,UC7hwQp3F6P_OwyRM14p88iQ,2026-08-17 15:35:13,46381,450,4,119.92,120.17,0.08,0
9IEkJQnrwwc,UCzSODDx0zQF3nxXOZISCm_w,2026-08-23 09:30:30,1004,0,0,120.0,120.0,0.0,1
9INNPmuVW1c,UC-FiQR2gg8oiNw98ZdsSX6Q,2026-08-15 13:00:30,9514,105,9,119.99,120.24,0.01,0
9IUSL7mUwwU,UCcsC1X0SyiWcxBTbnjoZ9Ag,2026-08-26 09:00:40,5803,26,15,120.0,120.0,0.0,0
9IW7q9KDJ0Q,UCv1tOT645xHOJrwdGlzjMaA,2026-07-23 12:33:35,55721,662,215,119.94,120.19,0.06,0
9IhE-aCN0uk,UC3_QWAvQRhPW4CDoQU8acKw,2026-07-22 08:00:06,99448,1447,87,120.0,120.0,0.0,0
9IjFFWiiQLc,UC1sELGmy5jp5fQUugmuYlXQ,2026-08-30 15:00:17,1014792,29595,1265,119.76,120.01,0.01,1
9JBrOm8_neg,UCHXhFmex5EkUy-fP2IMQ_Ug,2026-08-04 09:00:37,8755,185,85,119.99,120.24,0.01,0
9JYGpyOL9ng,UC3pTpoDKt17IrCDH60kSNPA,2026-08-03 06:22:19,60605,89,74,119.88,120.13,0.12,1
9J_Q1fhwrMc,UCEg24oF81p-THPtp3otdmTA,2026-08-12 09:00:27,330483,5997,80,120.0,120.0,0.0,0
9JoYdH16stY,UCqyzJW0VRYRP_sFELZYdxGg,2026-08-29 03:36:25,13006,69,6,119.91,120.16,0.09,0
9JtdHhwsWd0,UCkrNv6xF8j7QZmWb3UeAH8A,2026-08-15 03:05:48,2303,22,1,119.91,120.16,0.09,0
9K8R2o0BJrU,UCJDXc9JWCZo-nLNKr_-L2Ng,2026-08-29 17:00:33,4106,87,3,120.0,120.0,0.0,0
9KFUO9lsgCU,UCI4wEWWBEElIbp9jHcFllTw,2026-08-22 23:00:36,44228,305,26,120.0,120.0,0.0,0
9KNwhQ-v-qs,UCTmniSiCVyG_UKVCEa9PNKA,2026-08-07 13:03:32,905,20,1,119.94,120.19,0.06,0
9KbtkYIpk8s,UCETJ2rkwgeYb0OojPNh-DRw,2026-07-13 11:36:40,16902,90,0,119.89,120.14,0.11,0
9KlwYCOcPJM,UCuwnt_REmD4YsCtFJRoqjFw,2026-08-03 08:00:03,5129,60,54,120.0,120.0,0.0,0
9Kosfpwn5DM,UC08-hQbwh7eyr8PlaYG2-sQ,2026-07-22 10:00:10,17759,282,367,120.0,120.0,0.0,0
9KsqhxiOrgM,UCE8JC9RAVSudDT_8Ji1fuPQ,2026-07-21 08:45:39,62679,879,74,119.99,120.24,0.01,0
9L4F7H1ErUg,UCrfB1-zWijAYkgfZW7Ehc8Q,2026-07-21 04:30:20,50446,4275,329,120.0,120.0,0.0,0
9LEHGJ5hkCs,UCnkytUgy0CtWd06up9CjNxg,2026-07-13 11:44:06,111794,3464,147,119.77,120.02,0.02,0
9LJ_YpGsjZA,UCpI-AhCT02iQRGLC2ZcY0Jw,2026-08-12 10:32:16,40838,550,437,119.97,120.22,0.03,0
9LNU1urYZaU,UC6YqXiwCBfPvPTs3wXgWElQ,2026-08-03 11:00:39,36097,134,12,119.99,120.24,0.01,0
9LQDu1nRIAs,UCAl4HWznMn7KhKBRFO5eiFA,2026-08-09 11:09:31,4387,14,0,119.84,120.09,0.09,1
9LYnIUSSoe8,UCyoKcrOcBEY4rmLYkDuXErA,2026-08-02 13:00:37,211352,3323,274,119.99,120.24,0.01,0
9Lor5h7kW5I,UCPp6kLLWggTuACsQwFibg8A,2026-08-29 11:42:05,162768,1257,16,119.81,120.06,0.06,1
9Lqjo68M4vc,UCpCBP5cVIBvezPI1LKFMYjA,2026-07-24 09:20:26,32393,1400,56,119.91,120.16,0.09,0
9LsibYcBg6w,UC_m_uqd_9s0hZvlgfvCzqbQ,2026-08-16 14:26:36,1058,6,0,119.81,120.06,0.06,1
9M4FFtsf4-A,UCifCesg-EUkjKyQedaB3hRg,2026-08-11 02:14:03,17466,152,0,119.77,120.02,0.02,0
9M9JUnxoVj4,UCBidluUUxzT_5jVOI_2x2MQ,2026-08-31 08:00:23,446,7,3,119.76,120.01,0.01,0
9MG200Ncf-M,UCim7oePrB5hdfhcYwgUY6Jw,2026-07-26 13:00:19,13952,80,25,120.0,120.0,0.0,0
9MH4pbD1tKA,UCPGl9DV2WUgaqGVXtVrhJWQ,2026-08-15 15:00:37,41,0,0,119.74,120.24,0.24,0
9MLjzmtP8bM,UCkphwoGMBs2_0raLOqu9aQw,2026-08-23 12:00:31,78,2,5,120.0,120.0,0.0,0
9MONUQsU9kk,UCk1NTIlGP27bQEumkw6sDVA,2026-08-20 09:00:19,13494,148,25,120.0,120.0,0.0,0
9MPNZK8uKYY,UCvfEv6nBnL0QlKqyGmL0orQ,2026-07-27 23:14:33,20091,77,78,119.76,120.01,0.01,0
9MRLw1frlRo,UCFrKhWvZ8oeJQTNP5ZabgJw,2026-07-25 06:18:49,249105,2517,138,119.94,120.19,0.06,1
9MUGl-ZZr9g,UCQJuZxeDv2P05YHcC-tIEVQ,2026-08-22 08:00:08,23456,307,27,119.76,120.01,0.01,0
9MZWBBclZe8,UC9otskL_kd-0CDib_5Lj-mQ,2026-07-14 02:00:01,18315,216,14,120.0,120.0,0.0,1
9MdiYpuzzCI,UCYxwKnNRv4FurQxeKcuR0Sw,2026-08-18 13:53:11,13,4,0,119.87,120.12,0.12,0
9MexqaVRji4,UCNOj6xtKWCtPbjJV8XPlbLg,2026-08-06 03:43:44,89680,1373,155,119.77,120.02,0.02,0
9MiYDDJp6Do,UCF-rFAdN7dzd-SI2T3rkCaQ,2026-08-20 12:34:14,192783,2880,67,119.93,120.18,0.07,1
9MmfXwoQmRU,UCIKORyfTZ0cN-u0hrxHcgUw,2026-08-12 19:00:11,83,0,0,120.0,120.0,0.0,0
9MoY4ovIuhI,UCmZeuRfHYowZhf6odtoaNdg,2026-08-03 09:53:23,20030,195,58,119.86,120.11,0.11,0
9Msz-seDLgM,UCY_vDlvG-BTDRIOk_I9QQ6g,2026-08-11 03:13:10,21496,144,44,119.79,120.03,0.03,0
9MtKxZanw5A,UCw1DsweY9b2AKGjV4kGJP1A,2026-08-23 08:00:23,17142,68,21,119.76,120.01,0.01,0
9MuIllMCuTs,UCbFLnCfOet-u_kFyA7uX-9Q,2026-08-02 15:00:24,38601,662,40,120.0,120.0,0.0,1
9Mx3DhxWVEs,UCXCa03lRK6tlntZoJ7TUWRw,2026-07-29 02:00:35,17813,447,75,119.99,120.24,0.01,0
9MzYYwLiUyg,UCpTNtH8yc1Kdl_YFfsQsTYA,2026-07-29 09:00:40,42717,115,21,119.99,120.24,0.01,1
9N0BVgV3SjY,UCSrQnB-Ip9hc0biFQ3HoKzg,2026-08-24 04:15:30,7486,384,11,120.0,120.0,0.0,0
9N8Tg-6rtyw,UCY_vDlvG-BTDRIOk_I9QQ6g,2026-08-15 16:07:38,898,21,1,119.88,120.13,0.12,0
9N8ttMQ3TTk,UCdT2nXooUR-X_MdmbER25yQ,2026-08-18 00:00:39,18964,370,29,119.99,120.24,0.01,0
9NN5vehY35g,UCXAXCxTCCYYKsLJNzEvjqfw,2026-07-26 13:57:14,30599,441,69,119.8,120.05,0.05,0
9NgXd1i0etU,UCYJDUekoQz0-bo8al1diLWQ,2026-08-07 10:00:04,428180,4581,622,120.0,120.0,0.0,0
9NhotVkORTE,UCt8CJiye87FMbEwt0npPMuQ,2026-07-18 12:45:15,2766,115,10,120.0,120.0,0.0,0
9Nj4LuBfTkI,UCgLFbrC7-g0ihBKB0obVPTg,2026-08-13 12:48:12,406,19,6,119.95,120.2,0.05,0
9NrFLfqUSvk,UC6LLMkdyses2ugPRNEXutMQ,2026-08-22 10:15:37,30213,185,6,120.0,120.0,0.0,1
9O1CiOg26Uo,UC8x8GQmlxAIhHxzU61z0uLQ,2026-08-31 10:30:23,15211,88,9,119.76,120.01,0.01,0
9O38QxKn72I,UCSzHok6X5qXEO7cjvVnE62g,2026-08-25 12:00:18,615797,4281,65,119.76,120.01,0.01,0
9OC7LwDxm4c,UClFSQxcVutJFEI9nCAOOkgQ,2026-08-15 04:05:23,445,,7,119.92,120.16,0.08,1
9OLS1-1vKRg,UCBidluUUxzT_5jVOI_2x2MQ,2026-08-06 03:00:37,137,3,0,119.99,120.24,0.01,1
9ORI6Kcybcs,UCTVkjiEiaiSbEq0Qwd5XTPA,2026-08-02 09:39:02,441,28,2,119.85,120.1,0.1,0
9OTnHcOdcGM,UCrY2B2XX41ReYh9DIWrFfCg,2026-08-08 11:17:10,2867,,4,119.97,120.22,0.03,0
9P01XriORZM,UCWwbZhw5M-Q5dZtTK4nDWNw,2026-08-14 03:00:21,42659,609,9,120.0,120.0,0.0,1
9PJC5LXg9lM,UCCs1YZHxUTIbLZd-xrvvMCw,2026-08-25 09:01:07,199312,3041,185,119.99,120.24,0.01,0
9POU-MvoZKI,UCroIk85IFzp6OZzKoJFDKuA,2026-08-16 16:17:25,636,2,0,119.96,120.21,0.04,0
9PQjBttbEFI,UCGa52d8Qlv3THghuCAt_nXA,2026-07-15 08:30:36,23458,321,9,119.99,120.24,0.01,1
9PVRVstCLVc,UCpX86JOUhnrzG7MK8e8Gjbw,2026-08-10 13:37:09,11009,27,8,119.88,120.13,0.12,1
9P_S06EVjN4,UCz5LAkkX66OAW-y_WiWf9vA,2026-07-22 10:15:36,25648,88,5,120.0,120.0,0.0,1
9Pt1dsj8LPg,UCPGl9DV2WUgaqGVXtVrhJWQ,2026-07-20 15:00:28,6,0,0,119.99,120.24,0.01,0
9Pv-G_LG8dk,UCAl4HWznMn7KhKBRFO5eiFA,2026-07-21 15:34:09,3022,11,0,119.93,120.18,0.07,0
9PxwTNeRQfI,UCA9f2-9fUklMMOaz8vKW7Jw,2026-07-30 13:40:39,1900,11,0,119.83,120.08,0.08,0
9Q8v_SdajZc,UCi8fe6P0_tLeZ1r31wOydvw,2026-08-08 04:00:22,7128,60,7,120.0,120.0,0.0,0
9QBRrKex49Y,UCoH2pCzAr6zWDG-LtUiLWRw,2026-08-22 23:00:08,42576,465,96,119.76,120.01,0.01,0
9QC-ugH_g5A,UCcstDLbuhxEbFKkPZ6wST2A,2026-08-04 09:00:24,13545,59,34,120.0,120.0,0.0,0
9QXOa99O8Uc,UC-FiQR2gg8oiNw98ZdsSX6Q,2026-07-26 05:14:47,925,16,0,120.0,120.0,0.0,0
9Qa9CtxjtEg,UCZ49HaU_D0Tlf1aDA2jU_Vg,2026-08-13 14:16:40,52554,383,114,119.98,120.23,0.02,0
9Qh8IPhTdXQ,UCqIwPYLfMd3EoWYwvyTjPnA,2026-07-11 23:00:01,36535,448,197,120.0,120.0,0.0,0
9QhsiCa-df4,UCYGF_xk5RDpltyZDSx040uw,2026-07-23 05:19:46,62124,833,42,119.92,120.17,0.08,1
9QiPXhO-2_Y,UCMAfHuocszM6UTORPwUmeNw,2026-08-20 13:44:56,15337,282,0,119.76,120.01,0.01,0
9QjHDXYmqX8,UC3hqiw3lZAXaMwhQvMGZkdw,2026-07-13 01:00:30,21298,198,1,119.99,120.24,0.01,0
9Qq8MJHpiP4,UCbItyvYa6cqvqtwlU2E9-wA,2026-08-14 19:50:07,13942,601,48,119.92,120.17,0.08,0
9Qwqw3FEfmk,UCyEIUlSKbzCt3ElAsPFb7EQ,2026-08-25 01:45:17,17012,48,21,119.76,120.01,0.01,0
9RJMSXktL9c,UC6oq8RPEH1BmtyldQgXVbJw,2026-08-18 00:14:00,9948,109,15,119.77,120.02,0.02,0
9RKXS04v5vY,UC0FUMakBJHsRrfKCGQuWnRA,2026-08-26 10:22:46,36645,319,183,119.88,120.13,0.12,0
9Rc5EeNxiTk,UCt8CJiye87FMbEwt0npPMuQ,2026-07-24 12:30:24,2148,80,10,120.0,120.0,0.0,1
9RtGk6uwxKc,UCz4b1O9sT73P8DWwx6OvQwg,2026-08-11 11:00:21,98707,1860,25,120.0,120.0,0.0,1
9RtyaL1HLPo,UCI3DTtB-a3fJPjKtQ5kYHfA,2026-08-30 10:30:32,13323,87,0,119.75,120.01,0.01,0
9RuGWxhEamM,UCMAfHuocszM6UTORPwUmeNw,2026-07-23 14:20:38,13105,301,0,119.91,120.16,0.09,0
9Ry6WsuFJAw,UCrY2B2XX41ReYh9DIWrFfCg,2026-08-06 09:22:12,3500,,4,119.88,120.13,0.12,0
9S9gnh-yDIw,UCk1NTIlGP27bQEumkw6sDVA,2026-07-22 09:00:18,9102,111,15,120.0,120.0,0.0,0
9SIGDSArrjA,UCT807kAu6fmwES8B5698e2w,2026-08-20 09:00:07,21257,1389,63,120.0,120.0,0.0,1
9SJOiCyCBYM,UCPGl9DV2WUgaqGVXtVrhJWQ,2026-08-10 10:05:35,24,1,0,119.91,120.16,0.09,0
9SfkkYaFa9s,UC1Il94cQwl93Zun8ax1Qjlw,2026-07-24 12:34:18,31,1,4,119.93,120.18,0.07,0
9ShGL3cSp10,UC_e83kYlGHWbsrr8QCfV_ag,2026-07-22 11:34:00,2943,10,0,119.94,120.19,0.06,0
9So4ngX6Gl0,UCfIUuMA7U_jImP7oWfTe4Pw,2026-08-02 08:03:53,312360,2630,151,119.94,120.19,0.06,0
9T3d8rp1_Ok,UCPGl9DV2WUgaqGVXtVrhJWQ,2026-08-12 15:00:10,77,0,0,120.0,120.0,0.0,0
9T6eBJTaG6s,UCPGl9DV2WUgaqGVXtVrhJWQ,2026-08-10 15:00:36,6,0,0,119.99,120.24,0.01,0
9TETl6kR-z8,UC_9W6Z5Y3lDpLk47Y_y5ITQ,2026-08-13 19:54:22,32966,461,106,119.85,120.1,0.1,0
9TFDs9xNuH0,UCIzbqIyEUxtFLYh_sCDoXpw,2026-08-13 03:01:09,38471,458,12,119.98,120.23,0.02,0
9TQHzCNqjUQ,UCWZqSCSNZT3X8e_HyCJoXMg,2026-07-28 13:28:37,33560,928,11,119.78,120.03,0.03,1
9TaRlf_gvdc,UCix5yCKpPr18CWrGOSCKCLA,2026-08-27 09:00:18,7269,128,3,119.76,120.01,0.01,1
9Tb6-GCk45o,UCb5NLtXAsTBrmaZVhyFa-Wg,2026-08-05 13:30:19,29462,151,15,120.0,120.0,0.0,1
9Tb6ppewlQI,UCPGl9DV2WUgaqGVXtVrhJWQ,2026-08-01 09:17:27,22,1,0,119.96,120.21,0.04,0
9TmdAKKsub8,UCt8CJiye87FMbEwt0npPMuQ,2026-07-15 13:00:25,9495,289,26,119.99,120.25,0.01,0
9TmxSWrkfq4,UCV6mNrW8CrmWtcxWfQXy11g,2026-08-01 02:00:09,39988,1854,41,120.0,120.0,0.0,1
9Ty28ih9a_g,UC-8S20Ll1gzPiu_YY8BgyaQ,2026-07-11 08:47:19,94719,511,24,119.96,120.21,0.04,1
9U5wJggy1Fo,UCt8CJiye87FMbEwt0npPMuQ,2026-08-26 15:30:02,2031,40,17,119.76,120.01,0.01,0
9UBGgJ3BhSA,UC0-ZCUCeCQBwKU15x0Aqk_g,2026-08-29 09:02:57,32279,526,56,119.96,120.21,0.04,0
9UHzYL-k-ys,UCPGl9DV2WUgaqGVXtVrhJWQ,2026-08-05 15:00:08,3,0,0,120.0,120.0,0.0,0
9UIakolwCBg,UCBtJuwDt6LlXp2YASC-ZMdA,2026-08-26 11:00:09,1388,9,0,119.76,120.01,0.01,1
9U_j4f_PJDY,UCgLFbrC7-g0ihBKB0obVPTg,2026-08-07 22:42:04,274,3,0,119.8,120.05,0.05,0
9Ue_QivV1c0,UCKVt3arMXfa6XZezR1UnjqQ,2026-08-06 22:00:07,5046,37,5,120.0,120.0,0.0,0
9UiLJ4bsHjM,UCBY9rOZPo0fLE45mOV0s0cw,2026-08-02 22:08:43,394,1,0,119.86,120.11,0.11,0
9Um32XQcvxk,UCN8L7Z-dyzu9FzT39RM0fvw,2026-08-19 09:00:13,14823,195,65,119.76,120.01,0.01,0
9UpuErsv8qE,UC-okJdotaXPlzivRzHFqzuA,2026-08-21 16:01:06,86786,1874,0,119.99,120.24,0.01,0
9Uxl2RO9AIk,UCz1Gc37nWsdF_jbJ_SvMl4g,2026-08-22 10:19:13,14304,105,10,119.94,120.19,0.06,0
9UzTB0Znxuw,UCV7WE8I_UiAN0fa6Arezx_w,2026-08-04 04:00:06,126,3,0,120.0,120.0,0.0,0
9V1FX81SGK0,UC6oq8RPEH1BmtyldQgXVbJw,2026-08-02 12:12:58,17508,151,18,119.79,120.04,0.04,1
9VEX2EBMGdQ,UCIvLQ5lZ2kebqnLaGv_FP4w,2026-08-13 11:29:36,6465,40,21,119.76,120.01,0.01,0
9VFNz-Gksvw,UCzps05UZ7XpX3SFoFyYIDow,2026-08-26 08:00:12,10928,178,212,119.76,120.01,0.01,0
9VigPtCZe2E,UCei_ecYpQqFjYhjLaDPr2Lw,2026-07-28 02:36:38,93,6,0,119.89,120.14,0.11,0
9W7hulQNDOg,UCp6n8d8Y8r3MwKNw_MMaouQ,2026-08-23 16:56:18,37737,502,11,119.82,120.07,0.07,1
9WdYdgdwWfM,UC3gl4CHfNtAqNjju1goB0_w,2026-07-16 08:49:27,46472,780,69,119.93,120.18,0.07,1
9WgI6iaAoVU,UCt8CJiye87FMbEwt0npPMuQ,2026-08-01 15:00:21,2275,94,4,120.0,120.0,0.0,0
9Wgeb2loiTo,UCnCeDIkExSpULGqmpj5oafg,2026-08-16 15:00:40,2211,11,2,119.99,120.24,0.01,1
9WhzHGVjwgE,UCNmN3W2H0r5_hV2drzbEn7Q,2026-08-14 09:16:08,22546,186,52,119.98,120.23,0.02,1
9WqPW08ZHO0,UCmiTZyj9GwMjyznZxrgCH4Q,2026-07-18 22:58:39,10000,136,30,119.77,120.02,0.02,0
9X3dySoBLgU,UCKUUL3fMVvYVZdGkKhhjP0A,2026-08-24 08:01:17,100135,1261,37,119.99,120.24,0.01,1
9X3pnvu1tx0,UCPGl9DV2WUgaqGVXtVrhJWQ,2026-08-04 15:00:29,8,0,0,119.99,120.25,0.01,0
9XPz6CxXYqs,UCdoTrHNHnoRbaQenxK5PEUg,2026-08-03 02:50:11,82,1,0,119.92,120.17,0.08,0
9XUwjXf7cZk,UC_Xb6sEXAdNv9nHU4988vmg,2026-07-25 11:00:36,39400,,1,119.99,120.24,0.01,1
9XVELbM1whA,UC7loyhgCm1NRTtyF36hO-jA,2026-08-26 13:43:09,32532,182,30,119.79,120.04,0.04,0
9XeUreUnqAI,UCix5yCKpPr18CWrGOSCKCLA,2026-08-15 05:06:31,4115,,6,119.9,120.14,0.1,1
9Xr-S_HPCjg,UC1Ns07Rw0lQK-KuaPHfRRTw,2026-07-31 15:50:56,20,0,0,119.9,120.15,0.1,0
9Y8EI4JUELo,UCi1Tln5CFg1yExpz8djyxjA,2026-08-16 23:30:10,1195718,28643,126,120.0,120.0,0.0,1
9YGR7eEHJro,UCS-X1uBDTNwAYyydiXjcX9A,2026-07-31 05:23:36,5070,31,8,119.86,120.11,0.11,1
9YThgSUPGfw,UC6YqXiwCBfPvPTs3wXgWElQ,2026-08-10 14:47:42,196608,1496,988,119.96,120.21,0.04,0
9YgbW8tt91Q,UCV6mNrW8CrmWtcxWfQXy11g,2026-08-25 23:00:28,37487,744,9,120.0,120.0,0.0,0
9YnGCzQ5iBs,UC5pdoCANExIVI4yf6DVoxew,2026-08-09 12:04:54,1621,,17,119.92,120.17,0.08,1
9Yq1VWpv44s,UC7wosSPUA3os3b3-RMZZe6g,2026-08-09 09:27:39,711,36,31,119.79,120.04,0.04,0
9YtiLSFQ4M8,UCifCesg-EUkjKyQedaB3hRg,2026-08-04 00:22:03,552,7,0,119.89,120.14,0.11,0
9YyAScgDJSc,UC1dHu9GhbHH7RcHKyJdaOvA,2026-08-15 05:05:12,41903,170,64,119.92,120.17,0.08,0
9Z99eYSJ34o,UCNZ87V1E_2h_Nyh-zVTRFWA,2026-08-22 12:44:51,408,2,0,119.76,120.01,0.01,1
9ZIwg7HxuNw,UCBidluUUxzT_5jVOI_2x2MQ,2026-08-14 08:00:32,98,2,1,119.99,120.25,0.01,0
9ZgV3HSACSg,UCdXpKf3aIenvWkMbF3EvcQg,2026-08-13 09:00:08,9211,225,112,120.0,120.0,0.0,0
9ZsTckdckwo,UCzSODDx0zQF3nxXOZISCm_w,2026-08-13 11:30:07,1483,2,0,120.0,120.0,0.0,1
9_0Y0zad0lc,UC24GgPBq5W3v34z0p0uk1Ow,2026-08-06 15:20:35,542,3,1,119.91,120.16,0.09,0
9_5tvwMmzkQ,UCw1DsweY9b2AKGjV4kGJP1A,2026-07-31 08:00:36,215713,382,26,119.99,120.24,0.01,1
9_GFhEd2fnA,UCJDXc9JWCZo-nLNKr_-L2Ng,2026-07-25 14:00:05,1550,89,5,120.0,120.0,0.0,0
9_Od6Lv66cg,UCKYdD83f363lIzcAwwhB-_A,2026-08-11 15:50:08,2535,14,2,119.92,120.17,0.08,0
9_UpKfsvnT0,UCPI40-XQA9-GBGj2k8PPqfg,2026-08-17 08:50:28,56146,3016,422,119.91,120.16,0.09,0
9_cuVF3OF-4,UCKY2DOkLOyPLlvGHI3XQw0Q,2026-07-26 13:48:57,4625,77,42,119.94,120.19,0.06,0
9_rCPS9IgNk,UCqyzJW0VRYRP_sFELZYdxGg,2026-08-20 08:00:10,10201,117,10,120.0,120.0,0.0,1
9_tBosFLT7Q,UC9DNu8JRIcE-rpo9eBx1ffw,2026-08-20 13:58:05,4897,24,12,119.79,120.04,0.04,0
9aDReXfRVhE,UCqlcSsDNMYxEsem7bWY-66Q,2026-08-24 16:35:41,15572,494,0,119.92,120.17,0.08,0
9aFppz9BW1k,UCnhGcri8x6xhehanhAe9ipw,2026-08-23 14:08:04,37419,409,33,119.88,120.13,0.12,1
9aFyfhdzjvY,UCBmAvrPyyiohq552LjQvPww,2026-08-20 09:15:33,33047,461,26,120.0,120.0,0.0,1
9aNx3qFF9_s,UCBvkOBLsSj9kusGYlroQkBg,2026-08-10 13:18:03,366321,4742,153,119.95,120.2,0.05,0
9aPGT73AB7M,UClvMduw1MDMQ0PuH753-XSA,2026-08-21 01:10:25,3274,88,2,119.84,120.09,0.09,0
9aQ5XKhweqA,UCgLFbrC7-g0ihBKB0obVPTg,2026-08-13 12:54:22,239,5,0,119.85,120.1,0.1,0
9aVu3cfef-s,UC0PMQXAwF6O6aeTpv962miA,2026-08-21 14:31:58,268562,1297,352,119.98,120.23,0.02,0
9ajsAbfS1NM,UCRE-9quk3OT2OKgZFAgdN_g,2026-08-12 14:43:40,3072,21,2,119.77,120.02,0.02,0
9bFJP7as-kI,UCvfEv6nBnL0QlKqyGmL0orQ,2026-07-22 03:56:14,2897,31,3,119.82,120.07,0.07,0
9bQHxf52dKg,UCKVt3arMXfa6XZezR1UnjqQ,2026-08-12 09:00:37,10068,34,2,119.99,120.24,0.01,0
9bWf8KVnDvo,UCab17MxxnFtAhGsJVTkSkCg,2026-07-26 19:44:48,10659,116,30,120.0,120.0,0.0,0
9bZ6CExONTw,UCKUUL3fMVvYVZdGkKhhjP0A,2026-08-12 02:28:41,137995,2059,16,119.77,120.02,0.02,1
9bqPN36fR3k,UCjyXK9pWHwWR_-bRibFaWDg,2026-07-31 10:52:36,27413,229,34,119.88,120.13,0.12,0
9c4ktN8rDos,UCEg24oF81p-THPtp3otdmTA,2026-07-22 11:38:56,39528,823,62,119.85,120.1,0.1,0
9cC9wsg2A1k,UCV6mNrW8CrmWtcxWfQXy11g,2026-07-25 16:00:37,18863,1491,28,119.99,120.24,0.01,1
9cWUWXORgAU,UCt8CJiye87FMbEwt0npPMuQ,2026-08-04 14:00:07,19099,576,90,120.0,120.0,0.0,0
9cd_3iZ5ySY,UCkd3KAYGnTNPJZZrPOFeWhA,2026-07-25 07:48:22,11231,70,272,119.95,120.2,0.05,0
9cztZmOUP7g,UCPuD5ZRQWa_JCaY5NokNhtg,2026-07-29 14:16:21,459,7,2,119.98,120.23,0.02,0
9dBDQYFERZ8,UCVipGmBXqbYKNODNzVCN86w,2026-08-06 07:15:00,62406,1132,46,120.0,120.0,0.0,0
9dCwtvOHtgM,UCgLFbrC7-g0ihBKB0obVPTg,2026-07-22 15:29:35,206,5,0,119.76,120.01,0.01,0
9dnoAqwNip4,UChKYbZ9fSz8DMM6wU-t1lMQ,2026-08-02 03:04:14,2919,78,8,119.93,120.18,0.07,0
9dv_H6TagVA,UCPuD5ZRQWa_JCaY5NokNhtg,2026-08-31 11:01:36,813,6,5,119.99,120.23,0.01,0
9dyB51FFHNE,UCyiKngyUPUb1bka4yFrn65g,2026-08-15 08:10:51,8818,31,7,119.82,120.07,0.07,1
9dygIuPpmiE,UC9qwDE50UcXvdplRNZKEoPA,2026-08-16 01:00:16,44779,1041,70,120.0,120.0,0.0,1
9e1fh2TLGIE,UC8x8GQmlxAIhHxzU61z0uLQ,2026-08-09 14:00:26,7774,46,18,120.0,120.0,0.0,0
9e9NMnFIKwg,UCHYMpkGhNIr8A0m2H3lIjUA,2026-07-24 13:00:11,27248,216,43,120.0,120.0,0.0,0
9eA8ySzAQD4,UCYJDUekoQz0-bo8al1diLWQ,2026-08-18 06:20:14,245197,4016,116,119.92,120.17,0.08,1
9eJgW0kNegw,UC2WBkFH1nHcO6aFLWo6sZQg,2026-08-19 14:49:33,7315,219,4,119.93,120.18,0.07,0
9eeFQlCZaX0,UCyZXLzORHoh9QMwA7IwS0pA,2026-08-28 04:01:08,23207,79,12,120.0,120.0,0.0,0
9ensrjmjyng,UCfcfymsN3OMo2cfmbpGTanw,2026-08-07 03:00:30,116411,367,79,120.0,120.0,0.0,1
9ev9jQrxtFg,UCt8CJiye87FMbEwt0npPMuQ,2026-08-20 15:00:55,44775,2018,73,119.99,120.24,0.01,1
9fE6pKWIC-g,UCKHx_yf3dI2ajWAjXRJ_9Rw,2026-07-28 16:50:44,2477,48,6,119.91,120.16,0.09,0
9fETRRr7d6Y,UC9vI-9WYQLXKI6n9XdXXo3g,2026-07-29 00:29:59,1390,11,0,120.0,120.0,0.0,0
9fGkJe8I_cA,UCgLFbrC7-g0ihBKB0obVPTg,2026-08-31 13:33:01,661,3,0,119.96,120.21,0.04,0
9fIu5CljZ3s,UC3pTpoDKt17IrCDH60kSNPA,2026-08-27 02:11:32,1878,38,6,119.82,120.07,0.07,0
9fbte0u1h6Y,UCGa52d8Qlv3THghuCAt_nXA,2026-08-26 08:30:00,7997,79,9,119.76,120.01,0.01,0
9ftfx2cYdZI,UCYMXFMiaGBnZ08-wBHS2MPQ,2026-08-04 03:27:32,3696,43,14,119.79,120.04,0.04,0
9gDdxuYOIpE,UCcvKf8NxAw9i09hZw1MQPBQ,2026-08-05 10:00:03,72751,1277,712,120.0,120.0,0.0,0
9gGYyeqk4hw,UCS-X1uBDTNwAYyydiXjcX9A,2026-08-13 03:00:10,1994,32,0,120.0,120.0,0.0,0
9gLUIHZpz64,UCq0fwcojiA7ztN0FgTEgfXA,2026-07-15 08:11:39,57,0,0,119.81,120.06,0.06,0
9gS-cIHbGeU,UCOKQpmfKrtu7Nu719CVSw1A,2026-08-07 02:00:25,5364,90,22,120.0,120.0,0.0,0
9gUjSCL2Zyo,UCL3gnarNIeI_M0cFxjNYdAA,2026-08-05 01:00:23,30062,630,128,120.0,120.0,0.0,0
9gXtAOW4mpQ,UCUae69frfqpKOB3BUMdX5Qw,2026-08-14 08:00:27,8818,304,42,120.0,120.0,0.0,0
9g_jHl5yVt4,UCS-X1uBDTNwAYyydiXjcX9A,2026-07-31 08:45:24,4595,143,49,120.0,120.0,0.0,0
9gngr0Ll16o,UCooLkG0FfrkPBQsSuC95L6w,2026-08-11 09:00:36,36637,385,37,119.99,120.24,0.01,1
9hWdgq_MmIY,UCpcTrCXblq78GZrTUTLWeBw,2026-08-30 14:30:26,62599,1245,47,119.76,120.01,0.01,1
9hYCEzbyhwk,UCqIwPYLfMd3EoWYwvyTjPnA,2026-08-02 23:00:11,62872,555,97,120.0,120.0,0.0,0
9hdxe8bFP7U,UCnCFD3met1Ip7OngdF9TRDg,2026-07-24 04:37:37,6630,130,11,119.88,120.13,0.12,0
9hf0yhrWmtM,UCxPMcxq7WJ32M3lnFn58Cpg,2026-08-09 11:31:32,3844,18,5,119.98,120.23,0.02,1
9hke_SfN0ko,UCpcTrCXblq78GZrTUTLWeBw,2026-07-19 02:28:27,7134817,65587,287,119.78,120.03,0.03,1
9hvTHA7Qx9A,UCBvkOBLsSj9kusGYlroQkBg,2026-07-25 12:59:20,807854,9666,238,119.76,120.02,0.02,0
9i-RHtZxqbw,UCw55Gv3z7xgtG34fOP1-Aiw,2026-07-23 07:00:24,5560,17,0,120.0,120.0,0.0,1
9i3UhmCJKLQ,UCw1DsweY9b2AKGjV4kGJP1A,2026-08-14 07:59:34,5648,30,5,119.76,120.01,0.01,0
9i4oeAKiuf8,UCAVR6Q0YgYa8xwz8rdg9Mrg,2026-07-29 04:00:15,570272,21243,382,120.0,120.0,0.0,0
9iCOX_PTyCY,UCTbwgCCBrI-4XU8b5B0uGPg,2026-08-24 12:30:39,137712,996,38,120.0,120.0,0.0,0
9iDohyFJsO4,UCuWDza8A_ntbjwBZgW0ZSNw,2026-07-20 12:56:36,110297,726,16,119.81,120.06,0.06,1
9iPfiD12qDs,UCPI40-XQA9-GBGj2k8PPqfg,2026-07-26 08:45:39,67568,1046,95,119.99,120.24,0.01,0
9iQ3-jMpwXM,UCab17MxxnFtAhGsJVTkSkCg,2026-08-24 09:09:42,287,5,0,119.85,120.1,0.1,0
9iQjbqjQlWE,UCCW6uYIUP4YKKe50k-ktVAw,2026-08-15 00:00:07,62089,1675,79,120.0,120.0,0.0,0
8bEPnQKMoNI,UChKYbZ9fSz8DMM6wU-t1lMQ,2026-08-12 07:30:19,2705,66,9,120.0,120.0,0.0,0
8bQm55X5SKw,UCikKJvpU0Ylua4hRW6faQRg,2026-08-12 03:30:24,435,17,3,120.0,120.0,0.0,0
8bV0drmIqX0,UCzRPPKLkNxjD2of-0Xxfnjw,2026-08-09 10:39:12,12879,273,53,119.85,120.1,0.1,0
8bZU7vxR8ZM,UCV7WE8I_UiAN0fa6Arezx_w,2026-08-10 12:00:08,37,0,0,120.0,120.0,0.0,0
8c3xQAuZ3dU,UC543-TDm6IvHHZXwdSFioMw,2026-08-26 14:16:13,69887,1350,92,119.99,120.24,0.01,0
8c74Cm8tXdI,UC2yOBpLVwB7kzt9C5ZPbB7w,2026-08-15 20:00:04,100306,1441,51,120.0,120.0,0.0,1
8c76UbeG-f0,UCY_vDlvG-BTDRIOk_I9QQ6g,2026-07-30 01:57:44,6049,27,2,119.79,120.04,0.04,1
8cYTVh-WTGc,UC1q4Ihlv_YhLELw-ijE0Diw,2026-07-17 13:49:43,177980,3560,233,119.92,120.17,0.08,0
8cjUu0u0h4w,UCZ8QkhF9gSHi8IL8I4rFrOA,2026-08-22 11:15:27,8170,122,4,120.0,120.0,0.0,1
8cl3WNI8fRo,UC-aXNBQ6nwMNeW2V8XB7sBg,2026-07-17 02:00:34,2506,77,12,119.99,120.24,0.01,0
8cui6K17H7Q,UC5ThQKdocwo_9UurfT5P_ww,2026-08-19 13:41:16,325022,3971,76,119.82,120.07,0.07,1
8cxarLnrt7I,UC3gl4CHfNtAqNjju1goB0_w,2026-08-03 14:18:21,2102,28,4,119.95,120.2,0.05,0
8d1XcEOc6tQ,UCQJuZxeDv2P05YHcC-tIEVQ,2026-07-11 08:00:07,17356,271,12,120.0,120.0,0.0,0
8d4UpLdcSWw,UCXVVG5ZM3SJJCh94xatR8Dg,2026-07-31 05:41:07,1449,44,0,119.82,120.07,0.07,0
8d8aXTNyA5w,UCdK9h1ILxS49c2LguBUY3rw,2026-07-27 11:15:21,1,0,0,120.0,120.0,0.0,0
8dG1G_3W-e8,UCAl4HWznMn7KhKBRFO5eiFA,2026-08-07 11:19:04,9388,33,0,119.93,120.18,0.07,1
8dH_eY-ESV0,UCt8CJiye87FMbEwt0npPMuQ,2026-08-13 12:15:35,14656,652,19,119.99,120.24,0.01,0
8dfCih-qCPk,UCw1DsweY9b2AKGjV4kGJP1A,2026-08-09 08:03:28,184208,602,361,119.95,120.2,0.05,0
8dtdUALmOvE,UCjBPx2oip2bKnnfqKyas0ew,2026-08-11 09:00:11,5357,284,26,120.0,120.0,0.0,1
8dthJVU0xZs,UCNZ87V1E_2h_Nyh-zVTRFWA,2026-07-10 22:22:28,419,1,0,119.88,120.13,0.12,1
8eCO-Yyu25g,UCpcTrCXblq78GZrTUTLWeBw,2026-07-15 16:30:11,106695,303,25,120.0,120.0,0.0,1
8eIlIB82XI8,UC2yOBpLVwB7kzt9C5ZPbB7w,2026-07-29 12:00:03,86177,1210,27,120.0,120.0,0.0,1
8eRev9ShCnE,UCBvKuSAkXERBnGSQOH0Sarw,2026-07-26 19:39:24,33328,297,89,119.85,120.1,0.1,0
8elsx2u7AjU,UCJDXc9JWCZo-nLNKr_-L2Ng,2026-08-22 15:00:11,1968,72,3,119.76,120.01,0.01,0
8esP-iiof48,UCPGl9DV2WUgaqGVXtVrhJWQ,2026-07-19 13:40:02,1,0,0,119.83,120.08,0.08,0
8euT_PUkM8Q,UCF5RrlbsxJjAVLWgOCoNHMg,2026-08-29 03:41:47,65878,1816,33,119.82,120.07,0.07,1
8f5Ga-DIEO4,UCuFguUhr9Wr0tFY85nDGk9w,2026-08-04 14:15:03,9884,33,12,120.0,120.0,0.0,0
8fFm3vhwJeg,UCtRiSpvkhtRXaSjVjEB9LKg,2026-08-10 11:46:06,974,12,1,119.98,120.23,0.02,0
8fSVnA3Q1b4,UC-okJdotaXPlzivRzHFqzuA,2026-08-21 15:43:07,94330,2369,2,119.79,120.04,0.04,0
8fWTfp89eo4,UCNZiNM2pP6uhIlTQVS2Q5fA,2026-08-10 09:00:28,295419,6169,115,120.0,120.0,0.0,1
8fWyVrq7cz4,UCwBkHOTyu57NQi0syf5MLig,2026-07-26 02:00:31,62060,329,66,119.99,120.24,0.01,1
8fhMWTVPTmw,UC0FUMakBJHsRrfKCGQuWnRA,2026-08-19 10:57:39,12383,102,33,119.8,120.05,0.05,0
8fiMPjqJCkM,UC_9W6Z5Y3lDpLk47Y_y5ITQ,2026-08-01 21:22:24,16586,180,15,119.88,120.13,0.12,0
8fpM03YAHwA,UCXqP0RsJo6-y-MrKz6k8H-g,2026-08-02 10:04:18,2780,52,19,119.93,120.18,0.07,0
8fqvU_NUz1k,UC5ThQKdocwo_9UurfT5P_ww,2026-08-10 05:01:57,363743,3904,113,119.97,120.22,0.03,1
8fsqolmYpgI,UCAl4HWznMn7KhKBRFO5eiFA,2026-07-10 10:00:15,18991,184,53,118.76,122.62,1.24,1
8ftnVtc0ZBs,UCrR_fhiJjoW8OJFzUcmlMMA,2026-07-22 10:00:14,6701,85,38,120.0,120.0,0.0,0
8gBG_fm4u1E,UCEcRvF_6IRSux8FO-ogFZug,2026-08-22 16:37:04,25014,775,31,119.89,120.14,0.11,0
8gGUi9PvJhk,UCQDGJQe8X9tbk_i8Na3VVXg,2026-08-10 08:21:15,196,12,4,119.9,120.15,0.1,0
8gJhCcbD8Vw,UCZNTsLA6t6bRoj-5QRmqt_w,2026-07-29 14:00:30,74443,2051,127,119.99,120.24,0.01,0
8gKuv1Pj6Ow,UCD9tj7ATjYkyPyWXK_ewNXQ,2026-08-18 14:16:19,169,3,0,119.99,120.24,0.01,0
8gPL4vPKclM,UCYooECrv-fIXlPaDwEIaveA,2026-07-21 09:00:27,83427,1542,14,119.99,120.24,0.01,1
8gY9WgpNQIg,UC4P7F8qenDo1O_5NvgBb_cg,2026-07-29 02:30:27,83618,811,63,119.99,120.24,0.01,0
8g_0qakcdxQ,UCPGl9DV2WUgaqGVXtVrhJWQ,2026-08-20 15:00:34,6,0,0,120.0,120.0,0.0,0
8gciOEbSqgY,UCeAsj1O73pcqd-xQ4AZbJeQ,2026-08-04 23:00:01,516,4,0,120.0,120.0,0.0,0
8ghYpHcMaGE,UC-yb5eNBQyXBE9nZnht9u-g,2026-08-17 03:00:14,9123,459,10,120.0,120.0,0.0,0
8gkKul8vLLY,UCIzbqIyEUxtFLYh_sCDoXpw,2026-08-02 03:00:25,320717,2457,86,120.0,120.0,0.0,1
8glt6bZukio,UCDmmbxGg8g-EBkC_ku6vybg,2026-07-22 09:35:27,13811,316,13,119.91,120.16,0.09,1
8gnZL7YUV68,UCXtU-C_e2iBzPSq9oLXtbVw,2026-08-24 23:15:04,233,5,5,119.76,120.01,0.01,0
8gqu6Imm-64,UCPGl9DV2WUgaqGVXtVrhJWQ,2026-07-16 13:50:09,4,0,0,119.92,120.17,0.08,0
8h9kg-yfSSY,UCdK9h1ILxS49c2LguBUY3rw,2026-08-11 12:00:32,4,2,0,119.99,120.24,0.01,0
8hOzgRHD4jY,UCjOtzpfj5lF9erwTEQYkxtQ,2026-08-26 03:00:30,37310,613,32,120.0,120.0,0.0,0
8hTpJbOVSDo,UC8CX0LD98EDXl4UYX1MDCXg,2026-08-12 19:10:09,55937,3061,86,119.83,120.08,0.08,1
8hYi2Varb_s,UC6aF-skLT_1X6cdPJxVJXxQ,2026-07-30 07:52:18,229042,4887,100,119.88,120.13,0.12,1
8hmzFi8vJjg,UCH29Gz8a6veRLqUxzjBXHrQ,2026-08-17 09:11:26,43220,454,35,119.81,120.06,0.06,0
8iAnD_F9Idk,UCdF0eCyf5np3lPO4y1fJVdw,2026-08-12 12:05:37,7105,84,10,119.91,120.16,0.09,0
8iFSXQjet6E,UCAZVLirygDNDfCNfyIVnTWA,2026-08-27 19:22:49,840,15,0,119.88,120.13,0.12,0
8iU7b8dCHqk,UCPsZX-D7LW99PjZLA-UysPQ,2026-07-24 15:00:01,1514,11,7,120.0,120.0,0.0,0
8iatYBEy7CU,UC6NXJtCn3p-actkvBUlHwDA,2026-08-30 00:04:08,26292,51,0,119.95,120.2,0.05,0
8idg54Z5Wvo,UCdK9h1ILxS49c2LguBUY3rw,2026-08-28 11:45:11,14,2,0,119.76,120.01,0.01,0
8idjvn9mzRA,UCksGX0hODm1Ev6mysrToMqg,2026-08-24 08:00:20,12013,412,70,119.76,120.01,0.01,0
8ivoraNBmrs,UCyZXLzORHoh9QMwA7IwS0pA,2026-08-09 14:45:25,232,3,0,120.0,120.0,0.0,0
8jM5CMmfkR0,UCAl4HWznMn7KhKBRFO5eiFA,2026-08-09 05:58:23,73791,433,31,119.78,120.03,0.03,0
8jNjYZ9H5rE,UCZNTsLA6t6bRoj-5QRmqt_w,2026-08-23 15:00:24,55715,1460,126,120.0,120.0,0.0,0
8jXQMTiBBBc,UCqI5lyTpC79pOy2D-VXAMdA,2026-08-13 14:45:59,106376,688,220,119.99,120.24,0.01,0
8jd-QYcsy9M,UCab17MxxnFtAhGsJVTkSkCg,2026-08-03 09:11:40,2039,42,5,119.81,120.06,0.06,0
8jd6birLowM,UCS2OAdHoLt-9T6cG9A2H49Q,2026-08-10 09:00:16,19995,112,1,120.0,120.0,0.0,1
8jxgw_qvYLw,UCtGMgPWJNU2Aj-SNK0zg0Sg,2026-07-30 09:45:21,183106,704,38,120.0,120.0,0.0,1
8k026m_Ax0o,UCaova9Q4UZLPqFnSvq8VxzA,2026-07-29 14:24:48,21832,97,94,119.84,120.09,0.09,0
8k0c_NOa7uM,UCE8JC9RAVSudDT_8Ji1fuPQ,2026-07-25 08:45:34,122436,1468,152,119.99,120.24,0.01,1
8kFHOyb-FMo,UCFHUplScMiWTjJrtv4hxWmg,2026-08-24 11:34:35,49348,300,45,119.93,120.18,0.07,0
8kJgeip4tzk,UCaj7p2XHGqfBYb2OI-7Q2DA,2026-08-29 01:20:46,50499,573,163,119.92,120.17,0.08,0
8kNId-W0VoU,UCZ6mNZTiTUrUSbSYPlclI4A,2026-07-25 04:04:32,16129,369,10,119.93,120.18,0.07,1
8kUTzYwX0H8,UCms8Ge7H1ZGgw6nV94fUhUQ,2026-08-20 09:00:29,4225,67,19,120.0,120.0,0.0,1
8kacLz5hg5A,UCB4YEVYp6LynBpz7bXyZsTg,2026-07-24 12:00:24,25977,279,41,119.99,120.25,0.01,0
8kb9rHmAdUI,UCS2OAdHoLt-9T6cG9A2H49Q,2026-08-02 03:00:38,10230,115,43,119.99,120.24,0.01,0
8kzJA8o4EJk,UCgvtwZJPhSfbKOxh3EoVXng,2026-07-30 03:08:56,34,2,0,119.85,120.1,0.1,0
8l3prZ_Rd20,UC-DpK48x4bltMjHHChZ4zBg,2026-08-26 13:24:09,11824,73,21,119.86,120.11,0.11,0
8l7UdB9NSsk,UCV6mNrW8CrmWtcxWfQXy11g,2026-08-12 14:00:39,329638,14247,73,119.99,120.24,0.01,1
8l9bhgaCVKI,UCYGF_xk5RDpltyZDSx040uw,2026-07-24 11:08:17,61019,944,96,119.86,120.11,0.11,1
8lGahmoAbWI,UCU0-6z_KU9AShyR9J6gcFGw,2026-08-24 12:20:30,153,2,0,119.92,120.17,0.08,0
8lMKmO-y04Q,UC-DpK48x4bltMjHHChZ4zBg,2026-08-22 14:28:48,7907,79,16,119.78,120.03,0.03,0
8lVUjscS7yI,UCp6n8d8Y8r3MwKNw_MMaouQ,2026-08-10 17:02:24,24102,313,3,119.96,120.21,0.04,1
8lYI-EolZTU,UCt8CJiye87FMbEwt0npPMuQ,2026-08-10 14:00:18,1841,50,0,120.0,120.0,0.0,1
8llFhHVJXuk,UCdT2nXooUR-X_MdmbER25yQ,2026-07-29 00:00:30,17428,431,64,119.99,120.24,0.01,0
8m835m2B424,UCy8wtBLOSzpRSTXdC_te9Qw,2026-07-29 05:08:33,1006,17,10,119.86,120.11,0.11,1
8mGleI_I6Yg,UCZ6mNZTiTUrUSbSYPlclI4A,2026-07-29 13:15:04,24414,707,25,120.0,120.0,0.0,1
8mIll9g2Ilk,UCCiKOocVSjyb2rsbL_Aanhw,2026-08-05 23:58:22,188446,500,126,119.78,120.03,0.03,1
8mLHTkBEsQ0,UCNOj6xtKWCtPbjJV8XPlbLg,2026-08-12 11:40:45,31964,241,70,119.82,120.07,0.07,0
8mPKtsjQD6I,UCI3DTtB-a3fJPjKtQ5kYHfA,2026-08-28 01:19:27,3547,5,0,119.94,120.19,0.06,0
8mQx7vy1YiY,UCADf92tisOOh90hrZee4-LA,2026-08-13 04:11:59,34891,221,10,119.8,120.05,0.05,1
8mawJ-Z-9dY,UCQfISxq5legTqOt1h1us6lg,2026-08-25 01:07:21,5754,18,0,119.89,120.14,0.11,0
8mmYQBfLH3k,UCS3_H_feQRm4QbXipKTvSrw,2026-07-16 11:30:37,10074,211,40,119.99,120.24,0.01,0
8muVwC9mnak,UCaHIZAKows704_gk6bjdAog,2026-08-19 08:30:21,49977,424,107,119.76,120.01,0.01,0
8nO_FYidY5k,UCirJgPv8RtFaFMj39b6cD8Q,2026-08-03 03:00:05,25985,137,3,120.0,120.0,0.0,1
8nQa2pn8XN0,UC0FUMakBJHsRrfKCGQuWnRA,2026-08-13 13:51:42,35675,291,125,119.89,120.14,0.11,0
8nVJPE8uReE,UCYGF_xk5RDpltyZDSx040uw,2026-08-30 04:00:19,216725,1594,33,119.76,120.01,0.01,1
8nl8VVVVEXQ,UCjiXXUsdl0F0aUkTbv8ZVTA,2026-08-06 17:15:17,73503,2296,35,120.0,120.0,0.0,1
8o2yNl1XG1Y,UCyU5JQ8KVRD9jE4E_xLsHxw,2026-08-10 09:00:36,56,1,0,119.99,120.24,0.01,0
8o56L_U8TAE,UCv0cBz_Vdmd84xYl7gKWwQA,2026-08-12 19:00:37,1632,46,2,119.99,120.24,0.01,1
8o7IyN4P2kc,UCRq3CDTZ2qe3HiHrZdQKBvQ,2026-08-07 12:19:21,208,4,1,119.93,120.18,0.07,1
8oC5X1fxZqE,UCCd3jyJmOFzkJEMj5Bp89rw,2026-07-16 16:41:00,13378,687,25,119.82,120.07,0.07,0
8oKmQkQ4nWs,UCV6mNrW8CrmWtcxWfQXy11g,2026-08-15 08:00:08,49275,2346,253,120.0,120.0,0.0,1
8oPtTJujTJE,UCqVkQsNin4MdGFrWvzFVOKw,2026-08-03 02:23:12,986,37,10,119.87,120.12,0.12,0
8oiO3JiMPUo,UCXVVG5ZM3SJJCh94xatR8Dg,2026-07-29 02:00:28,2347,46,8,119.99,120.24,0.01,1
8omIv9pSnHQ,UCBmPfbqvGwTTfrV-H_UOfdw,2026-08-14 02:47:57,1153109,8155,46,119.95,120.21,0.05,1
8ovnaFqhGDU,UCz4b1O9sT73P8DWwx6OvQwg,2026-07-31 07:01:14,21642,329,57,119.98,120.23,0.02,0
8ow4niAU8Ag,UCjiPEaapiHbJMoAdi_L8fNA,2026-08-20 21:02:18,93202,1584,462,119.98,120.22,0.02,1
8pCC4hiRpwo,UC6YqXiwCBfPvPTs3wXgWElQ,2026-08-04 15:42:22,8766,52,6,119.8,120.05,0.05,0
8pDFUbb_cOM,UCTNyl3P7q6PNhPddh6d7WJQ,2026-07-14 22:00:04,1478,7,5,120.0,120.0,0.0,1
8pFodN7V2S4,UCkrNv6xF8j7QZmWb3UeAH8A,2026-08-16 07:55:33,3716,14,1,119.83,120.08,0.08,0
8pIMBDNN8hM,UCt8CJiye87FMbEwt0npPMuQ,2026-08-20 14:15:27,2245,59,7,120.0,120.0,0.0,1
8pY6N66EgYM,UCN8YcyYvYIrtLcwyT-KqbNg,2026-08-27 08:00:01,74838,181,37,119.76,120.01,0.01,0
8p_MvpTDpOI,UCbFzvzDu17eDZ3RIeaLRswQ,2026-08-28 10:30:04,1465771,9120,750,119.76,120.01,0.01,0
8pnF_RjG3MA,UCaj7p2XHGqfBYb2OI-7Q2DA,2026-08-05 13:13:08,0,0,0,119.78,120.03,0.03,0
8q0fKVQk5Os,UCKrprPfevcAZpPuRnCO6xOA,2026-07-27 15:00:46,45,0,0,119.99,120.24,0.01,0
8qCCO2ria9Q,UCepHesz_5Lwr7qRaqjB-p1A,2026-08-29 03:00:31,138136,704,325,120.0,120.0,0.0,0
8qKXzZfRx4k,UCF7IBIvHZ2be4Ufo8i0uHBw,2026-08-25 09:00:39,37032,346,78,120.0,120.0,0.0,0
8qLPi2uQr4g,UCV7WE8I_UiAN0fa6Arezx_w,2026-08-26 10:00:11,39,0,0,119.76,120.01,0.01,0
8qdSjIbAPac,UCtGMgPWJNU2Aj-SNK0zg0Sg,2026-08-05 15:25:30,2610,21,0,119.83,120.08,0.08,0
8qo5Kt5KTw4,UCI3DTtB-a3fJPjKtQ5kYHfA,2026-08-31 16:45:06,32461,340,22,119.76,120.01,0.01,0
8qsWhy9R0-w,UCpn9dP1b5BhBsU9SduEz1hA,2026-08-15 03:15:23,3695,62,11,120.0,120.0,0.0,0
8qtTIgx_A74,UCUt2AEhC-OOC2EPCzj4DkCw,2026-07-31 08:00:31,4455,81,9,119.99,120.24,0.01,0
8qyPcXlQHlU,UC-yb5eNBQyXBE9nZnht9u-g,2026-08-09 12:13:11,8236,162,7,119.78,120.03,0.03,1
8r1Jdq870LA,UCt8CJiye87FMbEwt0npPMuQ,2026-08-09 12:00:25,3910,147,15,120.0,120.0,0.0,0
8r7NdGrMsd4,UC4oe-OVZ2Ho-03yrMkrXomQ,2026-08-06 23:00:20,362129,5131,142,120.0,120.0,0.0,1
8rCCKIEIx9k,UCZ6mNZTiTUrUSbSYPlclI4A,2026-08-09 09:52:11,12234,705,18,119.88,120.13,0.12,1
8rGtWuXt2lU,UCPJGXrPIVKBR8PJY7w33WZw,2026-07-25 01:00:36,64578,654,153,119.99,120.24,0.01,0
8rHtONtflZs,UCuXE-MdbuaZcPt_2J2kSsSQ,2026-08-02 11:12:25,308,2,3,119.8,120.05,0.05,0
8rU0jr-u4Nc,UC2yOBpLVwB7kzt9C5ZPbB7w,2026-08-17 07:00:13,343105,5641,234,120.0,120.0,0.0,1
8rhQpkKCmsk,UCNmN3W2H0r5_hV2drzbEn7Q,2026-07-13 07:17:01,54655,559,26,119.97,120.22,0.03,1
8s1xhzltDTQ,UCZ6mNZTiTUrUSbSYPlclI4A,2026-08-29 09:30:04,34171,1048,30,119.76,120.01,0.01,1
8s5WOtzYY0Q,UC-8S20Ll1gzPiu_YY8BgyaQ,2026-08-13 13:09:07,75658,553,96,119.85,120.1,0.1,0
8s6yKRQovhA,UCQzgMwT5Q6x-Mtq65HRS_0Q,2026-07-29 23:06:21,17018,74,8,119.9,120.15,0.1,0
8sYF0C8dVl4,UCab17MxxnFtAhGsJVTkSkCg,2026-08-01 13:32:44,674,10,1,119.96,120.21,0.04,0
8sjLEEne6mY,UCBY9rOZPo0fLE45mOV0s0cw,2026-08-15 10:51:00,200,3,0,119.9,120.15,0.1,0
8skCqnBbih4,UCN9VGDvz2M3vdR0czEUp6lQ,2026-08-22 22:00:37,6907,120,82,120.0,120.0,0.0,0
8su4qlSvUCI,UCGW76VChAJKee9kYzvyoycQ,2026-08-03 04:00:31,2265,39,7,119.99,120.24,0.01,1
8tB9bjJdIjI,UCg5-nd3qoNnz5dzkX-O0b8A,2026-08-23 09:45:12,14944,337,19,119.76,120.01,0.01,1
8tECTv0L-t0,UC_E_qYfGKM3C0kqrp1p8z7Q,2026-08-10 19:00:35,919,18,1,119.99,120.24,0.01,1
8tEq2-xAmi4,UCE8JC9RAVSudDT_8Ji1fuPQ,2026-07-23 08:45:36,148326,1941,197,119.99,120.24,0.01,1
8tFIYHKm3Qw,UCw1DsweY9b2AKGjV4kGJP1A,2026-07-31 06:17:41,54778,285,73,119.96,120.21,0.04,0
8tGX7frHhkQ,UCI3DTtB-a3fJPjKtQ5kYHfA,2026-08-30 00:15:02,8096,19,0,119.77,120.01,0.01,0
8tZW3bPsRck,UCw1DsweY9b2AKGjV4kGJP1A,2026-08-28 07:00:09,7240,17,0,119.76,120.01,0.01,0
8tzsBeyx1LA,UCpwGBltfwjd_fIzp5cb5R0w,2026-08-28 00:00:00,50828,598,125,119.76,120.02,0.02,1
8uI4ZBRtws8,UC543-TDm6IvHHZXwdSFioMw,2026-07-24 11:00:16,28333,438,14,120.0,120.0,0.0,0
8uNMLWl2yg8,UCI6Ro_MOr36re4Bhb7nCY7g,2026-08-19 16:40:35,10446,105,17,119.83,120.08,0.08,0
8uUAn-uxMQs,UCrY2B2XX41ReYh9DIWrFfCg,2026-08-21 09:44:02,7396,,10,119.78,120.03,0.03,0
8uURxRbSSX8,UCifCesg-EUkjKyQedaB3hRg,2026-07-25 21:14:24,53052,2179,17,119.76,120.01,0.01,1
8uailnkqSCk,UCHK-FRuAjk8g798dD7L7xqA,2026-07-11 02:15:17,133008,3317,42,120.0,120.0,0.0,1
8ubqKNs6HoE,UCiZiTfYWttWl_iLQ4-zuCSA,2026-07-10 11:35:55,1494,9,2,117.17,121.02,1.02,1
8ufxPdDLkhU,UCL2ZLyAV0H9Pvi46W7TGdHQ,2026-08-03 11:30:31,657129,4054,99,119.99,120.24,0.01,1
8uvnG9LnmJY,UCt6Eo4xMTHhlOWg4_PAz_MA,2026-08-25 12:04:10,20507,171,12,119.94,120.19,0.06,0
8v2PCYHPdP4,UCSrQnB-Ip9hc0biFQ3HoKzg,2026-08-16 06:36:10,9456,475,19,119.9,120.15,0.1,0
8v2xgDuvRfo,UCPsZX-D7LW99PjZLA-UysPQ,2026-08-05 00:00:08,347,5,1,120.0,120.0,0.0,0
8v6DLKLvLJQ,UCOTJtP0Z9DjpPU43B5m1V6A,2026-07-30 05:20:04,236200,1750,78,119.92,120.17,0.08,0
8vCGti3bHmU,UCdF0eCyf5np3lPO4y1fJVdw,2026-07-31 08:30:28,12750,312,10,120.0,120.0,0.0,0
8vGdLWFC4MU,UCsRiYH-VrZ2mYsohk7GhLdQ,2026-08-05 09:00:20,39359,1157,71,120.0,120.0,0.0,0
8vIIlOC5R3w,UCSOeJWyByeoBHpmrm0NnlLw,2026-08-23 00:00:11,37283,595,64,119.76,120.01,0.01,0
8vNdCY502EI,UCpcTrCXblq78GZrTUTLWeBw,2026-07-10 09:30:17,87501,655,65,119.26,123.12,0.74,0
8vWjr0PxIwk,UCAl4HWznMn7KhKBRFO5eiFA,2026-08-20 11:36:49,3791,12,0,119.89,120.14,0.11,1
8vYVHj4MJrY,UCab17MxxnFtAhGsJVTkSkCg,2026-08-12 13:06:16,441,8,0,119.9,120.15,0.1,0
8vdOT37F6D0,UCOTJtP0Z9DjpPU43B5m1V6A,2026-08-29 09:30:02,242268,1018,126,119.76,120.01,0.01,0
8viFfENzB6Q,UCi8fe6P0_tLeZ1r31wOydvw,2026-08-12 04:00:18,10147,108,25,120.0,120.0,0.0,0
8vuOH5DqUWM,UCdK9h1ILxS49c2LguBUY3rw,2026-08-11 10:45:09,16,0,0,120.0,120.0,0.0,1
8vugak8BFQI,UCby0vMKcLR05ZdS90aZd5og,2026-08-20 06:36:03,7240,28,6,119.9,120.15,0.1,1
8wNMshDTz2E,UCgLFbrC7-g0ihBKB0obVPTg,2026-08-28 10:10:10,1488,21,0,119.84,120.09,0.09,0
8wOH9mpFfTk,UCO8ToDSM2Gvt3EZdOdosxTw,2026-07-17 09:00:09,127771,2837,82,120.0,120.0,0.0,0
8wUTNBGvKuU,UCHZ9X2Nl3dq8ChEJgScmZCw,2026-08-06 07:51:50,27227,218,60,119.89,120.14,0.11,0
8wVkKwHUUNs,UCt8CJiye87FMbEwt0npPMuQ,2026-08-21 17:30:33,2328,67,4,120.0,120.0,0.0,0
8w_RHZFECrY,UCEcRvF_6IRSux8FO-ogFZug,2026-07-25 17:33:01,37058,1064,87,119.95,120.2,0.05,0
8wgN4feEM7E,UCKUUL3fMVvYVZdGkKhhjP0A,2026-07-28 08:25:03,227767,5888,45,119.83,120.08,0.08,1
8wkbwTEUY3o,UCb08r5yPoH-AqM7_XCL4Uhg,2026-08-02 03:20:06,5355,302,114,119.92,120.17,0.08,0
8wppVfJ8pQQ,UCQuY08EEKLFOp0D37Sfpd0A,2026-07-29 03:30:37,131490,2050,23,119.99,120.24,0.01,1
8wsId9bwXTw,UCYxwKnNRv4FurQxeKcuR0Sw,2026-08-23 14:27:10,27,2,0,119.81,120.06,0.06,0
8xAgq1UYfDQ,UC_8GOc5dWX2Kpb74_nQ7vSQ,2026-08-20 09:00:42,205110,6334,379,119.99,120.24,0.01,0
8xBqJENsdI0,UC4VWaR3R17Ruc7j1Cy1-PKQ,2026-08-21 02:54:50,246,3,0,119.85,120.1,0.1,0
8xHFXix0nPc,UCgwFckIyCAj4Znu3c8A1dOQ,2026-08-19 11:28:36,13,1,0,119.78,120.03,0.03,1
8xTrGuoP2eU,UCJoWNCiFuiN4eZnB80WUf4Q,2026-07-31 05:30:23,10525,201,27,120.0,120.0,0.0,0
8xUr5FPEZ-s,UCq6bX1rAJqwt3LmYuHrDPqg,2026-08-06 19:38:14,5364,10,0,119.87,120.12,0.12,0
8xW6C1q20JQ,UCgT-gb3favw2jQgwxbbwwaA,2026-08-02 11:00:29,97137,703,62,119.99,120.24,0.01,0
8xb4SiZuPms,UC0FUMakBJHsRrfKCGQuWnRA,2026-08-28 10:46:32,79823,400,94,119.99,120.24,0.01,0
8xeSXhcVfjo,UC_2x8h1QrTHOO0i4Yiss-ww,2026-08-14 22:00:00,50276,631,17,120.0,120.0,0.0,1
8xgZU6qGrpM,UCZ_xE8U6MVnpwefrYvl2uvA,2026-08-23 03:00:25,176,0,0,119.75,120.01,0.01,1
8xhViKWwTzU,UCqIwPYLfMd3EoWYwvyTjPnA,2026-08-19 15:24:59,35299,300,8,119.84,120.09,0.09,0
8xo5EsDS9RA,UCt15X5eHLwyP8PpNtQTkuDQ,2026-08-11 07:44:29,184489,895,106,119.76,120.01,0.01,0
8xyavBEXlSE,UC-okJdotaXPlzivRzHFqzuA,2026-08-17 02:59:32,55527,846,26,119.76,120.01,0.01,0
8y89yCBbVhM,UCp9skQ2mP_DfVL8c3gZQUzg,2026-08-07 10:39:56,37471,204,18,119.84,120.09,0.09,1
8y91aeeBRRA,UC4VWaR3R17Ruc7j1Cy1-PKQ,2026-07-20 05:53:03,102,6,0,119.87,120.12,0.12,0
8yAHPdDOTo0,UCQ5KMP03ifjJ8mDeyjWeZ7g,2026-08-10 10:00:30,3208,39,4,119.99,120.24,0.01,0
8yQEUa_2dMQ,UCJmnOEp1-OITEU0mk4icM5A,2026-08-16 05:00:06,40987,352,29,120.0,120.0,0.0,1
8yUmql6075I,UCjhRgb1NpnlRs01s9rAhuug,2026-08-18 16:54:57,120,2,0,119.84,120.09,0.09,0
8ycOt-o1BXI,UCV7WE8I_UiAN0fa6Arezx_w,2026-07-11 21:00:18,168,1,3,120.0,120.0,0.0,0
8yh84vb0768,UCoH2pCzAr6zWDG-LtUiLWRw,2026-07-18 10:30:31,445145,12234,97,119.99,120.24,0.01,0
8yjC_SpWW5s,UCab17MxxnFtAhGsJVTkSkCg,2026-07-22 11:18:03,2839,33,3,119.95,120.2,0.05,0
8ynDFjIept4,UCDLDbittWhk2KXvaCT0YpZQ,2026-08-03 12:31:50,88161,2234,147,119.97,120.22,0.03,0
8ypvt2vNdUw,UC_G639axLYicdSCkJ63W9pQ,2026-07-29 23:15:29,16773,310,63,119.99,120.24,0.01,0
8yx4mwhKZYE,UCwB0n6L91UtKOA02RFuYWGA,2026-08-01 16:00:37,92,3,1,119.99,120.24,0.01,0
8z-pvmimgJs,UCkrJBQAut47U8xMUuv8D_3g,2026-08-27 08:51:00,37906,863,28,119.91,120.16,0.09,1
8z4e6txBzFA,UCjBPx2oip2bKnnfqKyas0ew,2026-08-14 10:15:38,3439,152,46,119.99,120.24,0.01,0
8z5kL_fqFDA,UC_E_qYfGKM3C0kqrp1p8z7Q,2026-08-06 17:00:40,319,5,1,119.99,120.24,0.01,1
8zMmei3fs1o,UC-FiQR2gg8oiNw98ZdsSX6Q,2026-08-12 06:45:58,1327,6,0,119.99,120.24,0.01,0
8zNvahD-QS4,UCpcTrCXblq78GZrTUTLWeBw,2026-07-11 03:30:35,189782,1455,109,119.99,120.24,0.01,1
8zij0Y1WH4U,UCcsC1X0SyiWcxBTbnjoZ9Ag,2026-08-29 01:53:51,1989,9,0,119.86,120.11,0.11,0
8zoRpor53yo,UCwBkHOTyu57NQi0syf5MLig,2026-08-07 03:00:17,58375,393,44,120.0,120.0,0.0,1
8zu1H-afhn4,UCVey3Q_CodrHAWBonTGbHFg,2026-08-27 03:00:26,3267,160,28,120.0,120.0,0.0,0
8zuytcey1QI,UC_9W6Z5Y3lDpLk47Y_y5ITQ,2026-08-01 11:25:40,8100,106,15,119.82,120.07,0.07,0
9-EUr2Thm_E,UCPN9TrChCye1s97iEUOsIeA,2026-07-29 07:19:28,964,6,2,119.93,120.18,0.07,0
9-KwRmhRSGc,UC6YqXiwCBfPvPTs3wXgWElQ,2026-07-25 12:54:01,1235,3,0,119.85,120.1,0.1,1
9-LJ9avVPxU,UCifCesg-EUkjKyQedaB3hRg,2026-08-24 00:17:24,16377,191,9,119.97,120.22,0.03,0
9-NkBVgVJ5w,UCfcfymsN3OMo2cfmbpGTanw,2026-08-04 08:00:12,57155,261,33,120.0,120.0,0.0,1
9-Q_hKvGATQ,UCaN1Qp37sHiCdQuSaXa3fVw,2026-08-12 07:00:04,119552,1465,61,120.0,120.0,0.0,1
9-WycFhUX58,UCIvLQ5lZ2kebqnLaGv_FP4w,2026-08-25 16:55:20,3768,20,0,119.84,120.09,0.09,0
9-ZOTmU1WPc,UCI3DTtB-a3fJPjKtQ5kYHfA,2026-08-28 01:17:28,3302,4,0,119.97,120.22,0.03,0
9-gSGMCpvrk,UCKttwyzsHvW7bCo7YfTacVQ,2026-08-02 06:00:39,28349,394,20,119.99,120.24,0.01,0
9-nYOrLg2EY,UCI4wEWWBEElIbp9jHcFllTw,2026-08-24 10:00:01,34713,219,18,119.76,120.01,0.01,0
9-wIKpBgS9w,UCgO8sNnksVuKcuTVTQKSK3A,2026-08-13 09:00:12,51804,747,264,120.0,120.0,0.0,0
9-zTjYk4VtQ,UCUR5w0E-jQTOO8Q0FZ4ilYQ,2026-07-25 22:30:38,14396,37,4,119.99,120.24,0.01,0
904wRJGEUm4,UC1aBdmKvC6yAiq4xgPLOzKA,2026-08-18 03:41:13,237955,1958,54,119.82,120.07,0.07,1
906cAoluDkU,UCV7WE8I_UiAN0fa6Arezx_w,2026-07-16 10:00:02,114,0,0,120.0,120.0,0.0,0
908hVzOpc7A,UCuXE-MdbuaZcPt_2J2kSsSQ,2026-07-18 11:32:18,69,3,0,119.96,120.21,0.04,0
90Eu0wevpgw,UCab17MxxnFtAhGsJVTkSkCg,2026-08-08 08:21:57,423,10,0,119.89,120.14,0.11,0
90KA7Y219L0,UCaMV-CjrWYh2Aefg_8iLwJQ,2026-08-29 16:54:43,158893,377,56,119.85,120.11,0.11,0
90ZqTQzWqmY,UCSzHok6X5qXEO7cjvVnE62g,2026-08-19 12:00:34,408072,5322,81,120.0,120.0,0.0,0
90iIGosktdU,UCHeg3ApmuXQbqqszaD1fR9g,2026-08-21 02:00:12,37494,388,11,119.76,120.01,0.01,1
90mUZuqHyAc,UCCTw9N950kEoELFv3dRcWJQ,2026-08-22 18:00:23,8857,367,5,120.0,120.0,0.0,1
90oozTNkUK8,UCqIwPYLfMd3EoWYwvyTjPnA,2026-08-26 00:57:37,110587,513,18,119.8,120.05,0.05,0
91Ik6hPjNfg,UCN9VGDvz2M3vdR0czEUp6lQ,2026-08-13 05:55:02,1308,12,2,119.84,120.09,0.09,0
91JvJRjqUXY,UCdZrsVZ3QolU1TWFaDgN2ww,2026-07-22 10:49:16,0,0,0,119.93,120.18,0.07,0
91K9OnptdUI,UC2U8C7lmbQpfBeAW8fTP_jg,2026-07-12 09:18:51,29330,463,52,119.94,120.19,0.06,0
91acFdx-4Ic,UCgT-gb3favw2jQgwxbbwwaA,2026-08-01 11:00:17,147879,1028,84,120.0,120.0,0.0,0
91o8Gfbs1i4,UCpX86JOUhnrzG7MK8e8Gjbw,2026-07-15 06:32:33,26409,159,147,119.96,120.21,0.04,0
91uKur9gzYI,UCzSODDx0zQF3nxXOZISCm_w,2026-08-13 11:10:32,1799,8,0,119.83,120.08,0.08,1
924CxdQcUCk,UCBmPfbqvGwTTfrV-H_UOfdw,2026-08-06 13:37:46,143537,2573,70,119.87,120.12,0.12,1
92AxXyifcyM,UC141BuVRzSSXJX33Am9yxEA,2026-07-30 08:00:12,29621,578,58,120.0,120.0,0.0,1
92F0dUgo_is,UCSrQnB-Ip9hc0biFQ3HoKzg,2026-07-23 10:57:08,37288,1339,58,119.8,120.05,0.05,0
92ZGNjAaXKA,UCpTNtH8yc1Kdl_YFfsQsTYA,2026-08-27 17:32:29,8100,19,0,119.97,120.22,0.03,0
92fvA9vmuak,UCPGl9DV2WUgaqGVXtVrhJWQ,2026-07-31 13:51:52,9,0,0,119.89,120.14,0.11,0
92kZ9mzQDRQ,UCMCgtTicwOhae1N8VCokkvw,2026-08-20 13:11:22,1277,8,1,119.82,120.07,0.07,1
932mamLzSSQ,UCby0vMKcLR05ZdS90aZd5og,2026-07-24 04:36:54,2501,4,0,119.89,120.14,0.11,1
934engBnIgU,UCJmnOEp1-OITEU0mk4icM5A,2026-08-20 07:00:03,86839,1039,324,120.0,120.0,0.0,0
937cEhLBYr4,UCby0vMKcLR05ZdS90aZd5og,2026-07-24 05:11:20,1912,2,0,119.81,120.06,0.06,1
93BAmC31Vxw,UCPGl9DV2WUgaqGVXtVrhJWQ,2026-08-19 15:00:23,4,0,0,120.0,120.0,0.0,0
93MCgKKMzR0,UCTbwgCCBrI-4XU8b5B0uGPg,2026-08-27 14:30:24,39109,420,9,120.0,120.0,0.0,0
93TKZk3TOZ4,UCirJgPv8RtFaFMj39b6cD8Q,2026-08-15 03:00:09,6755,33,0,120.0,120.0,0.0,1
93WpChERkCw,UC-FiQR2gg8oiNw98ZdsSX6Q,2026-08-09 10:10:24,107,3,1,119.83,120.08,0.08,0
93eBQjqmJ8A,UCbaRH9U2BEFwhJiodE3qTpQ,2026-08-19 08:58:48,30419,691,19,119.78,120.03,0.03,1
93pzwka-9q0,UC86GXx7Ap-Cahlb0r0xT-ZQ,2026-08-14 12:00:37,13565,102,3,119.99,120.24,0.01,0
93vQVPJ2fdU,UCZCZHg_oJiHcrcj2vaPRCag,2026-08-01 09:00:22,31,0,0,120.0,120.0,0.0,0
940M6NFkXos,UCrGNa63AQ-rcINIoE_UqdxA,2026-08-21 19:22:20,224,2,0,119.89,120.14,0.11,0
94KRZ6UCybc,UCdF0eCyf5np3lPO4y1fJVdw,2026-07-23 09:00:26,2958,99,6,120.0,120.0,0.0,0
94NQYPUvrqU,UCZ-UuK86Bk5sGzQQ2cEglJQ,2026-08-14 08:35:58,211987,5656,267,119.9,120.15,0.1,0
94STUrYqMuw,UCIb0mO7d6_6WsPYDFLQZnTQ,2026-08-22 09:48:54,32,4,0,119.95,120.2,0.05,0
94WfYRPDU-c,UCUae69frfqpKOB3BUMdX5Qw,2026-07-10 10:00:17,49420,1148,83,118.76,122.62,1.24,0
94X9mCpWyUk,UCgskqxXr-H0mE5VhYviluvQ,2026-08-15 22:08:15,1301,58,4,119.87,120.12,0.12,1
94eg9D0vrbM,UCmZeuRfHYowZhf6odtoaNdg,2026-07-29 10:00:21,15752,141,23,120.0,120.0,0.0,0
94wL95BLBtw,UClvMduw1MDMQ0PuH753-XSA,2026-07-27 00:06:13,5439,140,1,119.9,120.15,0.1,0
94y1HtmhJd8,UC3gl4CHfNtAqNjju1goB0_w,2026-08-01 14:08:53,2191,43,4,119.85,120.1,0.1,0
95DubrY29PE,UCg5Ew4lj74r_ohbc4AeQj1w,2026-08-18 08:59:31,18187,558,36,119.77,120.02,0.02,1
95E1apFk3hE,UCV7WE8I_UiAN0fa6Arezx_w,2026-07-24 19:00:06,84,0,0,120.0,120.0,0.0,0
95O26E45aiw,UCYJDUekoQz0-bo8al1diLWQ,2026-08-02 01:03:07,965720,13595,143,119.95,120.2,0.05,1
95fPMowSf5M,UCvuc6-wCcCeDrQ9dA52pBBQ,2026-08-12 20:28:13,194,3,0,119.78,120.03,0.03,0
95mXUtorN-Y,UCYS2NvZlSjrxZfnn1v7b3QQ,2026-08-14 16:00:35,4,0,0,119.99,120.24,0.01,0
95ohNSNwfl8,UCV7WE8I_UiAN0fa6Arezx_w,2026-08-28 16:00:25,238,0,0,119.75,120.01,0.01,0
95oo3-xJuAs,UCl402YYy7RcH7PBI3npmGPQ,2026-08-12 11:04:10,169651,1027,275,119.93,120.18,0.07,0
95rfLhwCwu8,UCO8ToDSM2Gvt3EZdOdosxTw,2026-07-15 09:30:31,178475,3501,86,119.99,120.24,0.01,1
965PlW1rUQY,UCsrLyevZL_AEZY0LaYVCYzA,2026-08-16 23:00:38,25,1,0,119.99,120.24,0.01,0
968P3qJoCoE,UCJNEIbzzpRl-l1iGdD2BxGg,2026-08-28 09:00:27,18564,49,18,120.0,120.0,0.0,0
96O9kYLvtqk,UCnkytUgy0CtWd06up9CjNxg,2026-07-20 11:00:05,55767,1119,49,120.0,120.0,0.0,0
96S5PA37L1E,UCYGF_xk5RDpltyZDSx040uw,2026-08-17 02:59:16,145660,1268,16,119.76,120.02,0.02,1
96jG0-X3soM,UCyU5JQ8KVRD9jE4E_xLsHxw,2026-07-20 09:00:34,22,3,0,119.99,120.24,0.01,0
96kNoWNOiXg,UCEeib6HEHy95EGWUevS4RcA,2026-08-12 03:33:33,194,0,0,119.94,120.19,0.06,0
979XUxO6MP4,UC-FiQR2gg8oiNw98ZdsSX6Q,2026-08-20 15:00:30,1340,6,0,120.0,120.0,0.0,0
97ZqP-S1T0c,UC60HSePkZwGFzRj6VSDa6Ew,2026-08-22 14:10:50,4526,66,3,119.83,120.08,0.08,0
97pPRoakHdM,UCqVkQsNin4MdGFrWvzFVOKw,2026-08-19 02:00:38,17843,78,2,120.0,120.0,0.0,1
98AywFApnTc,UCmZeuRfHYowZhf6odtoaNdg,2026-08-24 13:30:09,59988,628,76,119.76,120.01,0.01,0
98By5gf194Y,UCJDXc9JWCZo-nLNKr_-L2Ng,2026-08-22 16:00:01,3875,126,4,119.76,120.01,0.01,0
98Eg39aU7lQ,UC0PMQXAwF6O6aeTpv962miA,2026-07-30 19:48:01,27623,625,103,119.95,120.2,0.05,0
98_Bvr7cMP4,UC-2JsFNClcIesgd7UmtGnpw,2026-07-16 06:45:01,166175,3797,100,120.0,120.0,0.0,1
98bZcZsFnVs,UCWWbq-bWMCC3eCaGjdyU10w,2026-07-29 09:09:06,392689,6916,135,119.85,120.1,0.1,1
98dycO_XqZI,UCgsKeCRaBGH6JlnH6VO_7OA,2026-08-04 19:58:47,87,3,0,119.77,120.02,0.02,0
98o_hGTucAg,UCpcTrCXblq78GZrTUTLWeBw,2026-08-24 12:30:12,160049,686,44,119.76,120.01,0.01,1
98pcoQjANzY,UC8IxyKkhu4YUYK_c76AdcDw,2026-08-30 15:19:20,6994,5,3,119.94,120.19,0.06,0
98q9fWRROUI,UCuWcjpKbIDAbZfHoru1toFg,2026-08-06 14:30:10,36045,1259,108,120.0,120.0,0.0,0
998ja_f9GnU,UCV6mNrW8CrmWtcxWfQXy11g,2026-08-22 16:23:10,151823,5479,928,119.87,120.12,0.12,0
99AXgzfZEXY,UCp9skQ2mP_DfVL8c3gZQUzg,2026-08-21 13:13:17,5586,84,1,119.79,120.04,0.04,0
99VwGbRYqz4,UCRq3CDTZ2qe3HiHrZdQKBvQ,2026-08-31 12:27:56,1038,9,2,119.79,120.05,0.05,1
99eD_bmTe74,UCS2OAdHoLt-9T6cG9A2H49Q,2026-08-15 03:00:37,7646,112,35,119.99,120.24,0.01,0
99epUbyQkuo,UCTK7GGeH0c9INAEnV2EfD0Q,2026-07-11 15:40:18,17158,956,103,119.83,120.08,0.08,0
99vrFgv6NSI,UCV7WE8I_UiAN0fa6Arezx_w,2026-07-20 01:00:13,121,2,0,120.0,120.0,0.0,0
9A1BZwC0YKc,UCyU5JQ8KVRD9jE4E_xLsHxw,2026-08-05 09:00:39,22,2,0,119.99,120.24,0.01,0
9A7iOlV615I,UCIvLQ5lZ2kebqnLaGv_FP4w,2026-08-03 18:03:28,1348,14,0,119.94,120.19,0.06,0
9A9ZC6EjZd8,UCPGl9DV2WUgaqGVXtVrhJWQ,2026-07-26 15:00:15,9,0,0,120.0,120.0,0.0,0
9AhFfbSZgaA,UC2dwjvNVRTEo-rawvK4Z4WA,2026-07-24 00:00:24,12721,192,8,120.0,120.0,0.0,1
9AlRaxXdYe8,UCV6mNrW8CrmWtcxWfQXy11g,2026-08-27 23:00:30,236431,8051,245,120.0,120.0,0.0,1
9AptxjX1Fu0,UCgWwo8FJL3MCxfd66ip7nFg,2026-07-16 09:00:39,49646,,66,119.99,120.24,0.01,0
9As5s-Qci_U,UCBo7GIv99qTzHaa6ip09YLA,2026-07-29 06:00:04,45,0,0,120.0,120.0,0.0,0
9AsyrO9P0sc,UC2yOBpLVwB7kzt9C5ZPbB7w,2026-08-06 12:00:11,130992,1730,72,120.0,120.0,0.0,1
9B0-YQGGaQU,UCrY2B2XX41ReYh9DIWrFfCg,2026-08-31 11:04:10,1715,,3,119.94,120.19,0.06,0
9BHmgbmYwnk,UCN5789pKaFwqjVBvg6yws_w,2026-07-28 01:34:00,10,0,0,119.94,120.19,0.06,0
9BMZEZQJkFE,UCeG0ONJtjwE20ThR5iSYdsA,2026-07-16 07:00:22,69789,838,101,120.0,120.0,0.0,0
9BSLJbCLWWo,UCKrprPfevcAZpPuRnCO6xOA,2026-08-27 09:00:08,4944,5,3,119.76,120.01,0.01,0
9B_7bJuySj8,UCIzbqIyEUxtFLYh_sCDoXpw,2026-08-27 09:00:00,41098,67,45,119.76,120.01,0.01,0
9BgZ7etb7-M,UCFCt5RYu41HTg4eX1jdHNxw,2026-07-29 22:57:41,10765,47,1,119.79,120.04,0.04,0
9Bi2OJSvgDk,UCz5LAkkX66OAW-y_WiWf9vA,2026-07-26 12:03:55,91,3,0,119.94,120.19,0.06,0
9BrBeSTkWEo,UCirJgPv8RtFaFMj39b6cD8Q,2026-07-26 09:00:32,37231,205,8,119.99,120.24,0.01,1
9CJxIYWQt0U,UCV7WE8I_UiAN0fa6Arezx_w,2026-08-19 08:00:23,8,0,0,119.75,120.01,0.01,0
9CPBNsH36Yk,UCvrxJgD0T_TFvgsO2nA-fDQ,2026-07-10 16:36:02,41958,354,181,119.9,120.15,0.1,0
9Cv5h4PQRzc,UCPGl9DV2WUgaqGVXtVrhJWQ,2026-08-13 15:00:01,5,0,0,120.0,120.0,0.0,0
9Cv9NRc54Ss,UCPI40-XQA9-GBGj2k8PPqfg,2026-07-24 08:50:06,38283,723,54,119.92,120.17,0.08,0
9DAHzm8fJU8,UCPuD5ZRQWa_JCaY5NokNhtg,2026-07-22 13:52:18,331,5,2,119.88,120.13,0.12,0
9DB_TEnogJo,UC8chC5rneP-LHm43q-jF3oQ,2026-07-31 06:00:26,712490,10250,103,120.0,120.0,0.0,1
9DHLwme9jBA,UCPGl9DV2WUgaqGVXtVrhJWQ,2026-08-03 15:00:00,11,0,0,120.0,120.0,0.0,0
9DHrgR7Lbxw,UC72PuhDwKtZ5MikpGNhPAtA,2026-08-26 12:00:19,283867,23384,1837,119.76,120.01,0.01,0
9DV6L7PUKS4,UC1dG3vI9FfHnH3YgyeKUz_A,2026-07-20 12:05:09,198449,1375,278,119.92,120.17,0.08,0
9D_xuge2LJM,UC_O4_e0nbsMoU1rg7JU_nwQ,2026-07-23 04:30:39,90277,2489,261,119.99,120.24,0.01,0
9DjVAiyIN8Q,UCos3GN2gX0wLcfuhOAiMotQ,2026-08-23 12:43:22,9633,129,62,119.79,120.04,0.04,0
9DsPE1KYmzk,UC-FiQR2gg8oiNw98ZdsSX6Q,2026-08-10 06:55:17,997,2,0,119.83,120.08,0.08,0
9Dtm_Bm8MZo,UCBtJuwDt6LlXp2YASC-ZMdA,2026-08-30 03:00:18,1353,8,0,119.76,120.01,0.01,1
9EB-61Ug_c0,UCnMshUhBxDsKFPnxBGmGEpg,2026-08-30 15:50:56,1610,9,2,119.91,120.17,0.09,0
9EELe-nnOnA,UCifCesg-EUkjKyQedaB3hRg,2026-07-30 17:21:26,111762,264,0,119.9,120.15,0.1,0
9EG9MrvGd1I,UCpn9dP1b5BhBsU9SduEz1hA,2026-07-22 16:33:35,10866,160,10,119.94,120.19,0.06,1
9EJPpJHXJms,UCcum1rCJ5GJeQ_xv0xrohqg,2026-07-31 03:00:37,48483,2315,99,119.99,120.24,0.01,1
A3FI7J6bAYU,UCzps05UZ7XpX3SFoFyYIDow,2026-07-29 21:01:22,18092,112,101,119.98,120.23,0.02,0
A3LIi0RZwDs,UCuZ862fZel1gq9RAf_OkvqA,2026-08-14 21:54:59,3878,43,7,119.84,120.09,0.09,0
A3LKTilakj8,UCGa52d8Qlv3THghuCAt_nXA,2026-08-24 08:30:02,40898,224,14,119.76,120.01,0.01,1
A3MaFbByj2s,UCL_IvtOZo6sONpiydbzzHpA,2026-08-04 09:19:29,95413,1142,143,119.93,120.18,0.07,0
A3QNai0TD88,UCzRPPKLkNxjD2of-0Xxfnjw,2026-07-17 12:17:53,38429,772,51,119.95,120.2,0.05,1
A3SxoOHT-gs,UCYxwKnNRv4FurQxeKcuR0Sw,2026-08-06 03:00:26,9,2,0,120.0,120.0,0.0,0
A3pUsEO4amc,UCI3DTtB-a3fJPjKtQ5kYHfA,2026-08-28 01:35:58,6499,6,3,119.91,120.16,0.09,0
A3r3NVD6TvQ,UC9M8GGVwPqc9ubNruArCNPg,2026-07-14 15:00:32,11470,601,39,119.99,120.24,0.01,0
A4HXU9Sy9-Y,UCw1DsweY9b2AKGjV4kGJP1A,2026-08-04 12:43:24,20683,154,44,119.78,120.03,0.03,0
A4XBtEo9JpM,UCs-JvUOu6kEEO0BcTFhUErw,2026-08-28 11:00:11,126,,2,119.76,120.01,0.01,0
A4ad3-Z4SBA,UC_m_uqd_9s0hZvlgfvCzqbQ,2026-08-28 14:53:38,342,3,0,119.87,120.12,0.12,1
A4dJKR425nM,UCfjMjhfjRRy8B0mfqbO_43w,2026-08-23 08:30:52,41359,1004,148,120.0,120.0,0.0,0
A57WNOC4zFA,UC2_VPutZK0o_tG8ca_QrQRA,2026-08-25 10:22:52,33425,,108,119.88,120.13,0.12,0
A58_mlfONeI,UCV7WE8I_UiAN0fa6Arezx_w,2026-08-02 06:00:28,46,2,0,119.99,120.25,0.01,0
A5HT7OzBBcA,UCJZsABKjWUGbT0qf3MsXH8w,2026-08-04 09:00:22,9006,116,46,120.0,120.0,0.0,0
A5NV2xwcKn8,UCPuD5ZRQWa_JCaY5NokNhtg,2026-08-03 06:43:24,491,7,2,119.78,120.03,0.03,0
A5OhAQhLgSg,UCADf92tisOOh90hrZee4-LA,2026-07-15 11:25:43,118713,638,68,119.82,120.07,0.07,1
A5QAXyVPkWA,UC9vz3TBChrJmYbzUo-rqfSg,2026-08-02 01:26:45,34822,251,113,119.81,120.06,0.06,0
A5TE0_mYPSc,UCt8CJiye87FMbEwt0npPMuQ,2026-07-16 13:30:27,4861,262,19,119.99,120.24,0.01,0
A5Y4VzKQo-Q,UCXAXCxTCCYYKsLJNzEvjqfw,2026-08-06 03:50:36,13453,320,196,119.91,120.16,0.09,0
A5fXajJ3-Y8,UCuwnt_REmD4YsCtFJRoqjFw,2026-08-26 04:57:47,24374,218,17,119.8,120.05,0.05,0
A5lB1Guo6oI,UCgwFckIyCAj4Znu3c8A1dOQ,2026-08-22 01:53:44,3,0,,119.86,120.11,0.11,1
A5oY2rNohZ0,UCnju7ULBic4VgkCfDvVXCnA,2026-07-27 14:22:48,16923,133,29,119.87,120.12,0.12,0
A5ruhjudwF0,UCkavlo6q2XfO_MA9Q24wRvw,2026-07-29 06:00:57,207,1,0,119.99,120.24,0.01,0
A5z7sNN5MR0,UCdK9h1ILxS49c2LguBUY3rw,2026-08-08 11:15:30,6,0,0,119.99,120.24,0.01,0
A69uEZZWLrs,UC5bjQxLK_3XVzIOTQ04sYeg,2026-08-28 09:06:35,7547,50,3,119.9,120.15,0.1,0
A6NgRxntJvE,UCV7WE8I_UiAN0fa6Arezx_w,2026-07-12 13:00:38,114,1,0,119.99,120.24,0.01,0
A6VLfiMy7So,UCcdlIcleb4oIK6of1ugSJ7w,2026-08-15 12:04:24,193210,1341,361,119.93,120.18,0.07,0
A6VqD2OTEZY,UCX11f6rIVaoWGvFnKKyPBNQ,2026-07-24 04:00:36,13811,338,18,119.99,120.24,0.01,1
A6YMibBWyu8,UCirJgPv8RtFaFMj39b6cD8Q,2026-07-23 03:00:12,26356,124,0,120.0,120.0,0.0,1
A6YTVUydCmQ,UCEg24oF81p-THPtp3otdmTA,2026-08-30 08:00:24,90080,776,51,119.76,120.01,0.01,0
A6YpsD6Pbgw,UCSzHok6X5qXEO7cjvVnE62g,2026-08-29 06:00:16,108255,273,83,119.76,120.01,0.01,0
A6_Pl6GVTLs,UCMswODzU1ZjjrLyUk7NfwPA,2026-07-28 09:30:28,44691,826,36,119.99,120.24,0.01,1
A6cGV_qHox4,UC6YqXiwCBfPvPTs3wXgWElQ,2026-07-27 12:57:47,7642,32,1,119.79,120.04,0.04,0
A6huSgDjQa8,UC4VWaR3R17Ruc7j1Cy1-PKQ,2026-07-28 10:01:03,84,3,6,119.98,120.24,0.02,0
A6i4dxIAKZI,UCrY2B2XX41ReYh9DIWrFfCg,2026-07-17 11:10:16,7948,,9,119.83,120.08,0.08,1
A6qCEmaQeAo,UCTDBdmaY4m3ipZaLiYA6FWg,2026-08-27 02:16:13,17875,77,20,119.99,120.24,0.01,0
A73QO1OndnA,UClHTjLVog7CkRF8tYJuNXXQ,2026-08-07 04:22:44,200,14,0,119.87,120.13,0.13,0
A7TWMjeEo6A,UC5pdoCANExIVI4yf6DVoxew,2026-08-12 06:16:28,763,,16,119.98,120.23,0.02,0
A7fDtG3mYms,UCV6mNrW8CrmWtcxWfQXy11g,2026-08-13 13:58:27,22715,547,5,119.78,120.03,0.03,0
A7h-XjV96E8,UCvAetSOU_4lyjM5hVMNzN0Q,2026-08-09 07:49:37,9843,100,21,119.93,120.18,0.07,0
A7n5R9fsUdw,UCgjaQlejpAnIu0q-xtVfTEw,2026-07-12 00:00:27,43780,416,53,119.99,120.24,0.01,0
A8Cyuichoz4,UCBW_PhuXoHk40xF6nO0Q64w,2026-08-17 15:00:32,7736,258,43,119.99,120.24,0.01,0
A8Gb1oubPjM,UCirJgPv8RtFaFMj39b6cD8Q,2026-08-08 09:00:08,13847,108,0,120.0,120.0,0.0,1
A8__5tK6Luw,UCuXE-MdbuaZcPt_2J2kSsSQ,2026-07-26 13:46:43,43,0,0,119.97,120.22,0.03,0
A8kYbBdHF2Q,UCSrQnB-Ip9hc0biFQ3HoKzg,2026-07-24 03:22:27,39383,1204,37,119.88,120.13,0.12,1
A8tX_4MRp0s,UC43hOVGChFuQRV47vxc_c-g,2026-08-22 16:44:10,0,0,0,119.77,120.02,0.02,0
A8t_aVMfM0E,UCt8CJiye87FMbEwt0npPMuQ,2026-07-12 14:15:21,7686,332,85,120.0,120.0,0.0,0
A95a6K__NgQ,UC8rbhIem-3aAsNXhTDI-nSA,2026-08-31 22:00:00,156240,1318,62,119.76,120.01,0.01,0
A9VGAFVOCIc,UCpcTrCXblq78GZrTUTLWeBw,2026-08-12 04:30:22,22866,339,31,120.0,120.0,0.0,0
A9Vi1qrlnzw,UCPGl9DV2WUgaqGVXtVrhJWQ,2026-08-01 13:59:43,5,0,0,119.76,120.01,0.01,0
A9f0qZwLQ4I,UCMswODzU1ZjjrLyUk7NfwPA,2026-08-10 10:36:14,34824,444,20,119.9,120.15,0.1,0
A9ondaQA97c,UCLftNEuzXvzW1NauJA7ikjg,2026-08-16 00:58:52,480,20,11,119.77,120.02,0.02,0
A9pIgqM3Ze8,UCOgXOOKbZRtfQvlggBpN6zw,2026-08-17 11:51:02,9907,125,59,119.9,120.15,0.1,0
AA0Ongn2ecc,UCvAetSOU_4lyjM5hVMNzN0Q,2026-08-22 16:40:12,43620,553,67,119.84,120.09,0.09,1
AA7NZWKFdOk,UCmZeuRfHYowZhf6odtoaNdg,2026-08-26 08:51:51,23693,167,50,119.9,120.15,0.1,0
AAAQzSQ0xIU,UCJJZkVUNIxq8XNDzHiAD-eQ,2026-08-04 00:18:09,59282,392,96,119.95,120.2,0.05,0
AAKnkqfvM00,UClHTjLVog7CkRF8tYJuNXXQ,2026-08-26 00:30:39,292,7,1,120.0,120.0,0.0,0
AALoBdRZd5A,UCkrJBQAut47U8xMUuv8D_3g,2026-08-26 09:31:17,29941,1561,97,119.99,120.24,0.01,1
AARvKeCvswc,UCgyDKBTgkBfa8jWrBb8Npig,2026-08-10 06:08:21,975,6,1,119.86,120.11,0.11,1
AAbwWYMSNHg,UCYJ0Ucu9jPX5kn6SeDcNaIQ,2026-07-19 10:52:59,33004,292,11,119.87,120.12,0.12,1
AB2RrrXES00,UCifCesg-EUkjKyQedaB3hRg,2026-08-04 02:03:39,447,7,1,119.94,120.19,0.06,0
ABLXpYAoL5w,UCkd3KAYGnTNPJZZrPOFeWhA,2026-08-26 09:39:13,21692,48,23,119.86,120.11,0.11,0
ABhGDHI59a4,UCTVkjiEiaiSbEq0Qwd5XTPA,2026-08-06 14:44:06,207,9,1,119.77,120.02,0.02,0
ABmAV9pF8gQ,UC6YKLXN1w8pyqFwCO0UJ9sw,2026-08-04 03:00:05,219136,4415,96,120.0,120.0,0.0,1
ABz9yT-5pkw,UCAGUSx1hbPKDqzBZH7bTjiA,2026-08-09 05:00:03,60698,495,97,120.0,120.0,0.0,0
AC4trUs5o-k,UCaY7wcqhFb_c2eQ1eRB8rOQ,2026-08-22 10:01:09,3183,72,8,119.99,120.24,0.01,0
AC6M7lvBsjs,UCYG8tuvbQzWsDeoADyJFU8Q,2026-08-18 19:42:11,3243,68,7,119.81,120.06,0.06,0
ACBJBTj4ofA,UC4cKHOBS-nRfKFTwf1n8HGA,2026-07-27 09:44:10,2901,,8,119.77,120.02,0.02,1
ACQ_BXxVHG0,UC9M8GGVwPqc9ubNruArCNPg,2026-08-29 12:00:31,28932,765,73,119.76,120.01,0.01,1
ACRJA-dcoZE,UCDHGqgpiHQAsE0UiltRqhfQ,2026-08-05 09:30:24,15106,36,44,120.0,120.0,0.0,0
ACVk4IXp_Po,UCJmnOEp1-OITEU0mk4icM5A,2026-08-09 07:00:38,96178,1178,106,119.99,120.24,0.01,1
ACqot-8Z_is,UCM81CAJ2_Y42-bvK1OQnAAA,2026-07-19 14:29:29,111226,1178,310,119.76,120.01,0.01,0
ADA7OE6ztxU,UCbvvdVOF0teLO-U6GWh1RKg,2026-08-14 06:05:10,3439,19,8,119.92,120.17,0.08,0
ADCjiceLFPs,UCBtJuwDt6LlXp2YASC-ZMdA,2026-08-22 10:00:22,1232,9,1,119.76,120.01,0.01,1
ADNtnxn13zY,UCV7WE8I_UiAN0fa6Arezx_w,2026-08-30 00:00:09,582,1,0,119.76,120.01,0.01,0
ADUSBEaw_Ck,UCvAetSOU_4lyjM5hVMNzN0Q,2026-07-23 16:40:35,36643,710,132,119.82,120.07,0.07,1
ADaE7aOHxoQ,UCA9f2-9fUklMMOaz8vKW7Jw,2026-08-21 02:33:14,695,1,0,119.96,120.21,0.04,1
ADmCssX_5AE,UCPuD5ZRQWa_JCaY5NokNhtg,2026-08-15 10:40:56,541,6,5,119.82,120.07,0.07,0
ADmtrzGCUyQ,UCp6n8d8Y8r3MwKNw_MMaouQ,2026-08-06 21:27:20,2328,35,6,119.8,120.05,0.05,0
ADvdTWQoQAo,UC0-sEWFXIymAxx0InClynUA,2026-07-26 02:00:10,195902,7359,114,120.0,120.0,0.0,0
ADwK3kDx_Fs,UCpcTrCXblq78GZrTUTLWeBw,2026-07-10 23:29:50,3721118,32227,253,119.76,120.01,0.01,1
AE4shWNryJ4,UCIKORyfTZ0cN-u0hrxHcgUw,2026-08-16 11:31:16,35,1,0,119.98,120.23,0.02,0
AE9Eg4zNn_E,UC6oq8RPEH1BmtyldQgXVbJw,2026-08-03 23:00:28,5536,91,17,119.99,120.24,0.01,0
AECthsOL5NE,UCYxwKnNRv4FurQxeKcuR0Sw,2026-08-25 13:57:17,55,4,0,119.81,120.06,0.06,0
AED-F0g83Co,UCp6n8d8Y8r3MwKNw_MMaouQ,2026-08-21 15:58:03,7510,164,2,119.79,120.04,0.04,1
AEMZLxk0Hgo,UCaY7wcqhFb_c2eQ1eRB8rOQ,2026-08-02 05:00:29,15758,288,6,119.99,120.24,0.01,1
AEZYPbjOP38,UCQ5KMP03ifjJ8mDeyjWeZ7g,2026-08-14 12:13:13,54714,522,67,119.78,120.03,0.03,0
AEcgvB3JqUw,UCab17MxxnFtAhGsJVTkSkCg,2026-08-19 22:17:00,788,15,0,119.97,120.22,0.03,0
AEdnxVwDC6M,UC9jOsXFn3RwXEW3qUyySjAQ,2026-07-11 04:10:59,906,23,0,119.82,120.07,0.07,0
AEoQvg2n3ck,UCXNh3eUHXEkL7h1w1KYQRKQ,2026-07-28 07:43:58,69177,579,18,119.77,120.02,0.02,1
AEyKxbrz7d0,UC_e83kYlGHWbsrr8QCfV_ag,2026-07-24 12:35:53,62389,332,470,119.91,120.16,0.09,0
AEzPFru1k4g,UC5RxNUZ9_c94ZEfJGnJZmTw,2026-08-11 18:44:08,1044,38,3,119.77,120.02,0.02,0
AEzRNt8oSEY,UCmiTZyj9GwMjyznZxrgCH4Q,2026-07-17 23:30:24,10619,146,26,120.0,120.0,0.0,0
AF18rh_klEo,UCb5NLtXAsTBrmaZVhyFa-Wg,2026-08-17 02:25:47,108262,492,114,119.82,120.07,0.07,0
AF7jFLK7dDM,UC8E29ANOC3_OuB7_5EPY2xw,2026-08-24 12:22:46,1242,3,0,119.88,120.13,0.12,1
AFDjh7NRJ4A,UCIzbqIyEUxtFLYh_sCDoXpw,2026-08-28 16:11:02,468799,3635,217,119.83,120.08,0.08,1
AFK8jw8EXfg,UCcum1rCJ5GJeQ_xv0xrohqg,2026-07-31 13:13:00,85743,2253,164,119.79,120.04,0.04,1
AFKDwODh9yA,UC4cKHOBS-nRfKFTwf1n8HGA,2026-07-31 07:45:15,7499,,8,120.0,120.0,0.0,1
AFRUVoiCKSk,UCPsZX-D7LW99PjZLA-UysPQ,2026-08-02 00:00:04,345,5,0,120.0,120.0,0.0,0
AFT-pcAbqt8,UCPGl9DV2WUgaqGVXtVrhJWQ,2026-07-13 15:00:16,3,0,0,120.0,120.0,0.0,0
AFVvBp3eVJ4,UC8x8GQmlxAIhHxzU61z0uLQ,2026-08-04 14:00:03,6018,60,20,120.0,120.0,0.0,0
AFWwyQN65nw,UCS2OAdHoLt-9T6cG9A2H49Q,2026-07-22 09:00:06,43189,193,21,120.0,120.0,0.0,1
AF_l7TaPjIw,UC1aBdmKvC6yAiq4xgPLOzKA,2026-08-01 03:34:37,23142,247,69,119.93,120.18,0.07,0
AF_oqaZBIyo,UCfq-5-0b5Lzj7cKCrp6-flA,2026-08-17 08:00:21,28541,552,52,120.0,120.0,0.0,1
AFc4BwnP5CM,UCV6mNrW8CrmWtcxWfQXy11g,2026-08-18 14:00:32,803241,37344,152,120.0,120.0,0.0,1
AFcKQ7ayUlI,UCpcTrCXblq78GZrTUTLWeBw,2026-08-04 11:30:36,31927,618,55,119.99,120.24,0.01,0
AFsDrB0fV2E,UCab17MxxnFtAhGsJVTkSkCg,2026-08-05 19:37:15,3231,78,18,119.88,120.13,0.12,0
AFumePOWU_c,UCdXpKf3aIenvWkMbF3EvcQg,2026-08-25 09:00:24,13696,249,99,119.76,120.01,0.01,0
AG0Z1NdrXB4,UCV6mNrW8CrmWtcxWfQXy11g,2026-08-30 03:09:15,192134,4678,330,119.86,120.11,0.11,0
AGTbfSY1Q4g,UCmcBe97VA2LqVEQUeeZl6Ew,2026-08-18 09:00:00,80608,490,131,119.76,120.01,0.01,0
AG_-IDJg3g0,UCqFmG6ofirSWvI9B8mwzvyA,2026-08-24 10:00:12,570,16,4,119.76,120.01,0.01,0
AGkqaLzbaZM,UCs0LzOveQMLImmmTrMmP2sg,2026-08-05 13:00:13,73729,373,42,120.0,120.0,0.0,0
AGmP57zyUNk,UCV7WE8I_UiAN0fa6Arezx_w,2026-08-29 13:00:18,548,0,0,119.76,120.01,0.01,0
AGxTrOX_tRs,UCJDXc9JWCZo-nLNKr_-L2Ng,2026-07-25 12:00:16,4359,134,10,120.0,120.0,0.0,0
AH5pajwhPw4,UCIKORyfTZ0cN-u0hrxHcgUw,2026-07-22 03:33:43,25,1,0,119.94,120.19,0.06,0
AHBh14oUeQI,UCN5oT4zGJX-_H6pE5isAEeg,2026-07-28 03:00:28,1146091,19047,2316,120.0,120.0,0.0,1
AHZ4SaJX6Zk,UCp9skQ2mP_DfVL8c3gZQUzg,2026-08-03 18:45:19,5698,96,0,120.0,120.0,0.0,0
AHklMMMDhBU,UCksGX0hODm1Ev6mysrToMqg,2026-07-27 07:15:24,4075,72,20,120.0,120.0,0.0,0
AHsqHxFsSA0,UCiVO_mThS9B3tNc_kzpn-3g,2026-07-23 22:00:29,38916,1481,465,119.99,120.24,0.01,0
AHtGjubzJbM,UCpcTrCXblq78GZrTUTLWeBw,2026-07-18 20:35:38,41273,355,13,119.91,120.16,0.09,0
AHwMDY_MSPI,UCnkytUgy0CtWd06up9CjNxg,2026-08-29 11:00:05,720973,11001,206,119.76,120.01,0.01,1
AI1PDTF6ccE,UCyoSQyaCrZHro6F_nBiXIYg,2026-08-14 17:56:04,123067,856,112,119.82,120.07,0.07,0
AI4Hx7ryJfQ,UCY_vDlvG-BTDRIOk_I9QQ6g,2026-08-21 04:16:16,4460,38,18,119.99,120.24,0.01,0
AIAf9epd1ko,UCuFguUhr9Wr0tFY85nDGk9w,2026-08-28 13:30:26,22004,22,8,119.76,120.01,0.01,0
AIasvybs5ws,UCp9skQ2mP_DfVL8c3gZQUzg,2026-07-28 18:45:58,6079,69,0,119.99,120.24,0.01,0
AIcWi8u3b4w,UCXu_CcxBZA5S_iG33OzA9PQ,2026-08-23 11:20:58,1136,11,7,119.91,120.16,0.09,0
AIjGYI8irL0,UCN5oT4zGJX-_H6pE5isAEeg,2026-07-28 08:00:16,327070,4870,423,120.0,120.0,0.0,1
AIoeaCSg1ZY,UCYTQCmuFcacJJ_Tad20qqEw,2026-08-08 16:19:57,658923,15446,375,119.92,120.17,0.08,0
AIsbAMckXrQ,UCPuD5ZRQWa_JCaY5NokNhtg,2026-07-29 09:11:17,2342,32,3,119.81,120.06,0.06,0
AJ0mUk_Oeh4,UC0E_zsPAziGgkxaAtwvmFAA,2026-08-06 14:00:30,161840,5472,310,119.99,120.24,0.01,0
AJ1KbyrwDS0,UCV7WE8I_UiAN0fa6Arezx_w,2026-07-22 11:00:27,118,0,0,119.99,120.24,0.01,0
AJ9b_yER6jE,UCq6bX1rAJqwt3LmYuHrDPqg,2026-08-09 16:28:50,3956,8,1,119.77,120.02,0.02,0
AJEABLUKvCI,UCt8CJiye87FMbEwt0npPMuQ,2026-07-10 12:30:38,5241,129,5,116.26,120.11,0.11,0
AJF8xx0UF78,UCPI40-XQA9-GBGj2k8PPqfg,2026-07-29 08:50:24,38492,608,93,119.91,120.16,0.09,0
AJNdh-LAX2o,UCEuP8zMn3ln3ZqJa85dp9JQ,2026-07-25 08:45:13,9317,541,11,120.0,120.0,0.0,0
AJNp3SkusXc,UCRE-9quk3OT2OKgZFAgdN_g,2026-08-15 13:04:09,6358,60,17,119.93,120.18,0.07,0
AJQ2_098Dys,UCXg-6b0X0sIMBDHhbyBuOQg,2026-08-06 11:00:03,36752,496,18,120.0,120.0,0.0,1
AJWbpNGOWEM,UCzDmGDR5RdahQkLCBoWlTEg,2026-08-10 13:45:31,44353,216,10,119.99,120.24,0.01,0
AJjgdBzTsY4,UCNu00qhYj4nPeMNdxuwV6sg,2026-08-06 10:43:57,1002,36,1,119.77,120.02,0.02,0
AKKqLIHjXqw,UCyiKngyUPUb1bka4yFrn65g,2026-07-22 02:27:26,1377,11,0,119.79,120.04,0.04,0
AKXmVFDVnP4,UCp6n8d8Y8r3MwKNw_MMaouQ,2026-07-24 13:49:01,9488,720,26,119.94,120.19,0.06,1
AKaUmp9dUm0,UCXQoI3upwKr47JAiVaYkvIw,2026-08-11 09:40:19,11403,128,13,119.83,120.08,0.08,0
AKj6CbgGDSY,UCXg-6b0X0sIMBDHhbyBuOQg,2026-07-25 09:00:26,2335,36,5,119.99,120.24,0.01,0
AKo8pu625nw,UCMswODzU1ZjjrLyUk7NfwPA,2026-07-23 09:15:14,43267,589,20,120.0,120.0,0.0,0
AKsOGxwWcdc,UCOLDn9gw0yegXRgjoi5MzNQ,2026-08-22 10:44:14,292,3,0,119.77,120.02,0.02,0
AKtx3PRVQ2A,UCwBkHOTyu57NQi0syf5MLig,2026-08-28 00:00:23,299129,1162,77,119.75,120.01,0.01,1
AKyPBjTt_Y4,UCV7WE8I_UiAN0fa6Arezx_w,2026-08-23 00:00:22,35,0,0,119.75,120.01,0.01,0
AL1cIW2KA1k,UCjnghZoZuL_U3AByO_oq7CQ,2026-08-10 05:15:30,72,5,0,119.99,120.24,0.01,0
ALCUMceDHAI,UC-okJdotaXPlzivRzHFqzuA,2026-07-22 04:59:05,93413,677,24,119.77,120.02,0.02,0
ALLl29a8_E8,UCOKQpmfKrtu7Nu719CVSw1A,2026-08-16 08:00:06,5155,134,10,120.0,120.0,0.0,0
ALd_4B6h9KI,UChHxLcNi7e0zu-e33HM6v6A,2026-08-22 06:14:22,26689,161,53,119.77,120.02,0.02,0
ALgFmbRUmiE,UC-okJdotaXPlzivRzHFqzuA,2026-08-07 15:47:32,136999,2679,1,119.96,120.21,0.04,0
ALm1uJ5bBZU,UCzDyC6JMEXEufozffWzI9Mg,2026-07-31 02:00:08,5349,98,32,120.0,120.0,0.0,0
AM-PtC38T8s,UCpcTrCXblq78GZrTUTLWeBw,2026-08-08 09:00:12,203966,5512,153,120.0,120.0,0.0,0
AM3rBql3kPc,UCpcTrCXblq78GZrTUTLWeBw,2026-07-20 00:20:36,21438384,301631,4997,119.91,120.16,0.09,1
AM5hoXzJjqI,UCDq6CfnZgtnqXEwG8tqvBfA,2026-07-15 03:05:43,54,0,0,119.91,120.16,0.09,0
AM90EsdPMpM,UCzSODDx0zQF3nxXOZISCm_w,2026-08-03 07:30:20,389,3,0,120.0,120.0,0.0,1
AM9t8hiSd4s,UChHxLcNi7e0zu-e33HM6v6A,2026-08-01 02:13:21,23340,177,105,119.78,120.03,0.03,0
AMFZcn7ouzA,UCpwGBltfwjd_fIzp5cb5R0w,2026-08-04 09:18:25,157245,1731,372,119.95,120.2,0.05,1
AMHSEFEfwOA,UC_e83kYlGHWbsrr8QCfV_ag,2026-08-24 11:22:22,55245,266,45,119.89,120.14,0.11,0
AMNxgjqN3s8,UChHxLcNi7e0zu-e33HM6v6A,2026-08-14 03:00:09,11233,83,28,120.0,120.0,0.0,0
Aekxg18XCpo,UCRE-9quk3OT2OKgZFAgdN_g,2026-08-05 17:59:16,5883,43,18,119.76,120.01,0.01,0
Af09i80eW0Y,UC4cKHOBS-nRfKFTwf1n8HGA,2026-08-08 12:26:01,99,,0,119.82,120.07,0.07,1
Af3JCLDIxgg,UCkd3KAYGnTNPJZZrPOFeWhA,2026-08-26 08:00:17,12041,24,11,119.76,120.01,0.01,1
AfBlcbGkf9E,UCPGl9DV2WUgaqGVXtVrhJWQ,2026-08-08 14:35:52,16,0,0,119.9,120.15,0.1,0
AfKSVMADs7M,UCPGl9DV2WUgaqGVXtVrhJWQ,2026-08-18 15:00:27,0,0,0,120.0,120.0,0.0,0
Af_fQrYCiS4,UCRq3CDTZ2qe3HiHrZdQKBvQ,2026-08-07 10:57:02,187,5,1,119.8,120.05,0.05,1
Af_phYGdqSQ,UCYsRymb9vAsOOLBy-Wo1kRg,2026-08-15 06:00:15,4281,49,7,120.0,120.0,0.0,1
Afdat6I-vnw,UC_e83kYlGHWbsrr8QCfV_ag,2026-08-26 10:59:19,5783,22,1,119.77,120.02,0.02,0
Afq0ISH8Fs4,UC_2x8h1QrTHOO0i4Yiss-ww,2026-08-22 10:00:27,87807,974,19,120.0,120.0,0.0,1
AfqO7hKqdB8,UCgWOZQvFZhGuqBCtjmee0XQ,2026-08-06 15:27:13,314,5,0,21.3,188.05,68.05,0
Afrk6ADUkFM,UCN5oT4zGJX-_H6pE5isAEeg,2026-08-24 09:00:19,47426,641,21,119.75,120.01,0.01,0
AfrkvGOqi38,UCa8Z4uUp51Aqtx4Fq4-3wMA,2026-08-03 06:42:50,5531,40,17,119.79,120.04,0.04,1
Ag5kirD8pxY,UC1Ns07Rw0lQK-KuaPHfRRTw,2026-08-06 15:21:18,80,0,0,119.9,120.15,0.1,0
AgQjrkei5as,UC4VWaR3R17Ruc7j1Cy1-PKQ,2026-07-25 06:12:30,163,3,0,119.79,120.04,0.04,0
AgS3E8UPwDc,UCoH2pCzAr6zWDG-LtUiLWRw,2026-07-22 22:00:24,41572,365,45,119.99,120.24,0.01,0
AgZI0n3fayI,UCroIk85IFzp6OZzKoJFDKuA,2026-07-29 18:56:49,2385,9,0,119.81,120.06,0.06,0
AgetkKh4ftM,UCDHGqgpiHQAsE0UiltRqhfQ,2026-07-13 09:30:29,23997,71,88,119.99,120.24,0.01,0
AgkuUEpyazM,UCD8r5Jgns2V64-NcUmXclpg,2026-08-12 03:15:22,69386,377,56,120.0,120.0,0.0,0
AglgZeg_qEY,UCdK9h1ILxS49c2LguBUY3rw,2026-08-11 11:45:24,7,2,0,120.0,120.0,0.0,0
Agu-mVL9qD0,UCv1tOT645xHOJrwdGlzjMaA,2026-07-31 08:02:09,26170,396,0,119.97,120.22,0.03,1
Ah3B7b9Xcb8,UCW_Ptq0v8ck67w9oKiwXz2g,2026-07-31 10:06:59,63,1,0,119.89,120.14,0.11,1
AhA6VQmvSu0,UCQfISxq5legTqOt1h1us6lg,2026-08-28 15:46:49,16258,21,0,119.98,120.23,0.02,0
AhBuXs8GY8E,UCDnIK80iouL_rb_J6GybOlg,2026-08-30 23:00:31,2,0,0,119.75,120.01,0.01,0
AhDb0fWIFME,UCAl4HWznMn7KhKBRFO5eiFA,2026-07-22 15:43:35,8711,34,2,119.78,120.03,0.03,1
AhHWtVj1aRo,UCHbz27HAkCIQNw_G2Pa7XVg,2026-08-24 03:58:40,18156,265,18,119.78,120.03,0.03,1
Ah_zRzaSj8U,UCg7rkxrTnIhiHEpXY1ec9NA,2026-08-02 07:00:04,221518,9681,447,120.0,120.0,0.0,0
AhmtWjtjY5U,UCtt0Hg9MhraTkzWwNQpplHg,2026-07-12 04:07:22,180701,1950,384,119.88,120.13,0.12,1
Ahp6poofEm4,UCrKSaegnzewdj9-YLsUhoZw,2026-07-12 00:52:36,6166,51,9,119.88,120.13,0.12,0
AiDyFOAInb0,UCaHIZAKows704_gk6bjdAog,2026-08-28 14:07:10,27,0,0,119.89,120.14,0.11,0
AiR_jBmOVgM,UCATlfGN7EDjXS_2ofklb3bw,2026-08-29 07:34:48,17550,137,18,119.94,120.19,0.06,0
AiVjUx7es7k,UCg7rkxrTnIhiHEpXY1ec9NA,2026-08-08 07:00:06,263643,12226,837,120.0,120.0,0.0,0
AiaAXmPTyks,UCta3D5-EYqO-pduQLxQ8mNQ,2026-07-29 03:00:35,8637,52,0,119.99,120.24,0.01,1
AibDkWGqlHA,UC-S8JFhLkQ5enhB70c2CYIw,2026-08-28 11:00:27,285131,3914,400,120.0,120.0,0.0,0
Aj8b0ws1Oag,UCV7WE8I_UiAN0fa6Arezx_w,2026-07-30 14:00:29,66,0,0,119.99,120.24,0.01,0
AjHcnLd5W5w,UCuetAJhNx1unKTXo7e1c0xQ,2026-08-27 02:56:16,7527,26,16,119.82,120.08,0.08,0
AjJnUKOzslI,UCgLFbrC7-g0ihBKB0obVPTg,2026-08-09 15:26:20,356,10,1,119.81,120.06,0.06,0
AjTcutX1CkQ,UCAGUSx1hbPKDqzBZH7bTjiA,2026-08-13 05:00:23,24908,655,15,120.0,120.0,0.0,0
Ajf2uD7j42I,UCpwGBltfwjd_fIzp5cb5R0w,2026-08-01 12:30:27,39157,554,24,119.99,120.24,0.01,0
Ajh7KsPKnZg,UCXAXCxTCCYYKsLJNzEvjqfw,2026-08-13 02:56:02,119355,1596,513,119.82,120.07,0.07,0
AjlIVwbadbo,UCFrKhWvZ8oeJQTNP5ZabgJw,2026-08-30 12:00:04,297199,4502,118,119.76,120.01,0.01,1
AjvLdIqZ6c0,UC4VWaR3R17Ruc7j1Cy1-PKQ,2026-07-21 04:16:20,178,3,0,119.98,120.23,0.02,0
AjxB3iEjMu0,UCe-7GwWL1XNlCJyfqBhgrHA,2026-08-10 06:22:40,30272,713,34,119.88,120.13,0.12,0
Ak2Zmt875ZY,UCPuD5ZRQWa_JCaY5NokNhtg,2026-08-06 02:09:04,530,4,3,119.85,120.1,0.1,0
AkD-EYzQ7cY,UCN5oT4zGJX-_H6pE5isAEeg,2026-08-05 08:00:37,1715768,25075,1358,119.99,120.25,0.01,1
AkGY6uMuQTg,UC3hCAmwyYNgRuOOSFV7evVA,2026-08-21 23:14:58,29513,177,6,119.76,120.01,0.01,0
AkHwvbU4Axo,UCTK7GGeH0c9INAEnV2EfD0Q,2026-08-01 04:24:04,22882,475,4,119.85,120.1,0.1,1
AkLMzZwXBwE,UCKY2DOkLOyPLlvGHI3XQw0Q,2026-07-13 23:35:25,1505,3,0,119.91,120.16,0.09,1
AkaCZf5N--U,UC7hwQp3F6P_OwyRM14p88iQ,2026-07-23 15:36:58,37163,225,0,119.89,120.14,0.11,0
AkleZcn6RPk,UCbeQg95cAxVRsxxh6FyilxA,2026-08-13 12:09:28,2282,14,4,119.85,120.1,0.1,0
Al4PtTGJZrk,UCbaRH9U2BEFwhJiodE3qTpQ,2026-07-25 09:00:05,33446,1277,22,120.0,120.0,0.0,1
Al5t45aquAA,UCsRiYH-VrZ2mYsohk7GhLdQ,2026-07-31 10:57:01,354941,3292,410,119.8,120.05,0.05,0
AlFHCKWuMIU,UCZ6mNZTiTUrUSbSYPlclI4A,2026-07-27 05:51:43,5640,574,9,119.89,120.14,0.11,1
AlJ9km9odJA,UCBtJuwDt6LlXp2YASC-ZMdA,2026-07-25 21:20:15,276,8,1,119.92,120.17,0.08,0
AlQ7JGyzmr4,UCXAXCxTCCYYKsLJNzEvjqfw,2026-08-26 03:17:26,115745,2682,131,119.97,120.22,0.03,0
AlYD1JHFTag,UCxPMcxq7WJ32M3lnFn58Cpg,2026-07-15 13:26:18,1388,3,6,119.81,120.06,0.06,1
AllHZZEXJOc,UC9JlObZnbOirT4_iyPGrdcw,2026-08-04 12:00:20,29579,193,56,120.0,120.0,0.0,0
AlyKanJbi2s,UCyU5JQ8KVRD9jE4E_xLsHxw,2026-08-01 08:45:02,15,3,0,120.0,120.0,0.0,0
Am6aGtr-xc8,UCby0vMKcLR05ZdS90aZd5og,2026-08-04 07:50:21,2182,1,0,119.91,120.16,0.09,1
Am7a6uhFINQ,UCBvkOBLsSj9kusGYlroQkBg,2026-08-06 13:05:25,79699,948,65,119.91,120.16,0.09,0
AmIdAr2tA8Q,UCV7WE8I_UiAN0fa6Arezx_w,2026-07-22 19:00:25,65,2,0,119.99,120.24,0.01,0
AmnfUvl_5lA,UCqVkQsNin4MdGFrWvzFVOKw,2026-08-11 15:34:33,19308,520,0,119.93,120.18,0.07,0
AmpC70xqnUU,UCwfbSsZ7_sccxcibe60mWlQ,2026-07-30 00:00:18,8970,37,12,120.0,120.0,0.0,0
AmqsTFZGG5g,UCww3MeqGQnIatVvEr3pSjhA,2026-07-28 09:48:37,63556,1834,384,119.94,120.19,0.06,0
AmwRd7-99fc,UCdoTrHNHnoRbaQenxK5PEUg,2026-08-13 02:09:11,95,1,0,119.85,120.1,0.1,0
AnRkUs-NWNU,UCYGF_xk5RDpltyZDSx040uw,2026-08-28 11:50:02,77620,650,16,119.93,120.18,0.07,1
AnZs3b4VHko,UCEcRvF_6IRSux8FO-ogFZug,2026-08-15 17:06:41,21451,638,58,119.89,120.14,0.11,0
AnesdYDYZp8,UC6NXJtCn3p-actkvBUlHwDA,2026-08-18 23:13:18,21954,140,10,119.79,120.04,0.04,0
Anfz_ah8BzM,UCOTJtP0Z9DjpPU43B5m1V6A,2026-07-24 09:30:14,100097,1051,83,120.0,120.0,0.0,0
AnguNNGq0X0,UCQJuZxeDv2P05YHcC-tIEVQ,2026-08-18 08:00:34,20429,313,38,120.0,120.0,0.0,0
Ao46X7auzSs,UCTmniSiCVyG_UKVCEa9PNKA,2026-08-14 09:00:19,13279,224,24,120.0,120.0,0.0,0
AoFIIaKoORw,UC2_VPutZK0o_tG8ca_QrQRA,2026-07-29 10:54:06,26217,,56,119.85,120.1,0.1,0
AoR-R6Qy3U0,UCdF0eCyf5np3lPO4y1fJVdw,2026-08-27 10:00:28,19238,183,12,120.0,120.0,0.0,0
AoXZw5FO6O0,UCYG8tuvbQzWsDeoADyJFU8Q,2026-07-26 18:07:02,3496,58,8,119.88,120.13,0.12,0
AojMJ46JjxI,UC1Ns07Rw0lQK-KuaPHfRRTw,2026-07-13 05:30:11,6,0,0,120.0,120.0,0.0,0
Aowl4OXw_Mc,UCpcTrCXblq78GZrTUTLWeBw,2026-07-20 01:48:24,669730,12777,547,119.94,120.19,0.06,1
Aoyu-kBtW9o,UC_e83kYlGHWbsrr8QCfV_ag,2026-07-26 13:57:56,5707,11,0,119.79,120.04,0.04,0
Ap21hGTPHAw,UC3_QWAvQRhPW4CDoQU8acKw,2026-07-21 08:00:09,8595,108,4,120.0,120.0,0.0,0
Ap66fl38Okk,UC4VWaR3R17Ruc7j1Cy1-PKQ,2026-07-26 03:12:06,116,3,0,119.8,120.05,0.05,0
ApPnaJHP7eA,UCBexUDlBSJM2h4xZB3ch53g,2026-08-28 07:30:15,970,28,8,119.76,120.01,0.01,0
ApeUaCUyf-I,UCV6mNrW8CrmWtcxWfQXy11g,2026-08-31 17:02:51,187996,1035,13,119.97,120.21,0.03,0
AppfYxRtBxs,UC783XWULPW-nDGv_0EYlB6Q,2026-07-14 08:30:12,44360,682,77,120.0,120.0,0.0,0
ApwhQdaUJFA,UCjBPx2oip2bKnnfqKyas0ew,2026-08-31 09:15:19,11458,153,35,119.76,120.01,0.01,0
AqEbIDtCdsU,UCrR_fhiJjoW8OJFzUcmlMMA,2026-07-25 02:00:18,9647,86,26,120.0,120.0,0.0,0
AqVmZQkA5WE,UCirJgPv8RtFaFMj39b6cD8Q,2026-08-09 03:00:36,2448,26,1,119.99,120.24,0.01,1
AqlZui8Cf3A,UCcZLS3cRPf6ObjvKuPM7KDw,2026-08-11 09:30:23,4834,15,6,120.0,120.0,0.0,1
AqqprUTAT38,UCAhmOb9JWkI2HV_KIe9X_3A,2026-08-30 18:27:06,15941,68,3,119.81,120.06,0.06,0
Aqvnd4Vy-X0,UCV6mNrW8CrmWtcxWfQXy11g,2026-08-21 02:30:14,309930,9923,344,119.76,120.01,0.01,1
AqyWZrlYwkw,UCV6mNrW8CrmWtcxWfQXy11g,2026-08-23 03:00:12,286288,10478,237,119.76,120.01,0.01,1
Ar3XQzJ2PkI,UCV7WE8I_UiAN0fa6Arezx_w,2026-07-17 10:00:14,106,0,0,120.0,120.0,0.0,0
ArFHJO0fDKs,UCQuY08EEKLFOp0D37Sfpd0A,2026-08-10 09:00:33,2563,89,14,120.0,120.0,0.0,0
ArGteBQrG5I,UC_8GOc5dWX2Kpb74_nQ7vSQ,2026-08-28 09:00:21,397410,4996,769,119.76,120.01,0.01,0
ArHz_w_lH9U,UC7loyhgCm1NRTtyF36hO-jA,2026-07-29 10:30:00,9810,232,140,120.0,120.0,0.0,0
ArPsdcubE0I,UCE8JC9RAVSudDT_8Ji1fuPQ,2026-07-19 08:45:06,92332,1149,63,120.0,120.0,0.0,0
ArQo09p8hp4,UCYGF_xk5RDpltyZDSx040uw,2026-07-10 10:21:16,84366,828,7,118.41,122.27,1.59,1
ArTH4nbDmdM,UCV6mNrW8CrmWtcxWfQXy11g,2026-08-28 06:14:34,491358,9785,1106,119.77,120.02,0.02,0
Ardv-kpxYXI,UCqVkQsNin4MdGFrWvzFVOKw,2026-07-25 03:37:40,6383,169,4,119.88,120.13,0.12,0
ArpRmg71hX4,UCta3D5-EYqO-pduQLxQ8mNQ,2026-08-05 03:00:02,20872,252,8,120.0,120.0,0.0,0
ArsaXWdf7Ow,UCGVy07wZs8W-EpKAGchrmCQ,2026-08-08 03:10:24,19009,136,10,119.83,120.08,0.08,1
Aryn_trYKVQ,UCfQOeRevRI14uNqluiJ7TeQ,2026-08-07 07:42:39,215,4,2,119.79,120.04,0.04,0
As6_vBCLqpU,UCxtZZzggcfOmsW99gYkxsNA,2026-08-05 05:56:33,4727,67,18,119.81,120.06,0.06,0
AsG1Gtfhl4Y,UCnkytUgy0CtWd06up9CjNxg,2026-08-28 11:00:11,119016,1810,49,119.76,120.01,0.01,0
AsHHbu-P7x8,UCJENagCOfjMxdQUDxO4kq2Q,2026-07-31 06:36:47,529,3,2,119.89,120.14,0.11,0
AsQ0FOq3mbE,UCATlfGN7EDjXS_2ofklb3bw,2026-08-02 00:39:10,19322,393,1,119.85,120.1,0.1,0
AsXAJIL8Z2E,UCaova9Q4UZLPqFnSvq8VxzA,2026-07-26 14:34:02,86048,504,113,119.94,120.18,0.06,0
AshalpK-SIw,UC5Yx9RlmznXDUEIrfoSqheA,2026-08-02 15:02:51,10744,64,0,119.96,120.2,0.04,0
AsjTSD1fxjs,UCqyzJW0VRYRP_sFELZYdxGg,2026-08-18 08:00:09,5075,48,2,119.76,120.01,0.01,1
Asnwv1z802A,UCV6mNrW8CrmWtcxWfQXy11g,2026-08-28 22:00:18,280164,8861,88,119.76,120.01,0.01,1
AssVQbh7tKY,UCdK9h1ILxS49c2LguBUY3rw,2026-08-04 11:45:02,9,2,0,120.0,120.0,0.0,0
At24Hym_V8U,UCbeQg95cAxVRsxxh6FyilxA,2026-07-20 11:42:18,18645,107,0,119.8,120.05,0.05,1
At8YLMTLzvU,UCDHGqgpiHQAsE0UiltRqhfQ,2026-08-21 16:08:01,11855,121,4,119.88,120.13,0.12,1
AtAjRX2pDhU,UC6YqXiwCBfPvPTs3wXgWElQ,2026-08-18 03:33:46,3653,41,2,119.94,120.19,0.06,0
AtbKZmx82ws,UCNRnCc0hg3ZcKdOGXKKv5Ww,2026-07-31 09:15:30,4484,72,14,119.99,120.24,0.01,0
AtoBWsevAcw,UC6JB_a6rD1lZ_aZgQvORfrQ,2026-08-16 02:08:52,2455,48,4,119.85,120.1,0.1,0
AtrOSGEgqY8,UCNu00qhYj4nPeMNdxuwV6sg,2026-07-18 13:30:36,1190,39,0,119.99,120.24,0.01,0
Au-d977ysnc,UCcgkgKhXT6QwdGj9Nr8PBcg,2026-08-18 07:53:31,168899,1487,194,119.87,120.12,0.12,0
Au4cLkpnmlI,UCKrprPfevcAZpPuRnCO6xOA,2026-08-06 09:30:07,1216,8,4,120.0,120.0,0.0,0
Au7pOuKBy5c,UCPsZX-D7LW99PjZLA-UysPQ,2026-08-16 12:00:25,532,8,0,120.0,120.0,0.0,0
AuLJKCTHFwk,UCrGNa63AQ-rcINIoE_UqdxA,2026-08-10 18:08:41,40,3,0,119.86,120.11,0.11,0
AueLSYDHeeo,UCgyDKBTgkBfa8jWrBb8Npig,2026-08-17 17:59:47,482,3,1,119.76,120.01,0.01,0
AuiL_Phcy2c,UCei_ecYpQqFjYhjLaDPr2Lw,2026-07-11 15:30:28,85,1,0,119.99,120.24,0.01,0
Aur7Dl-5lHQ,UCjiXXUsdl0F0aUkTbv8ZVTA,2026-08-10 16:30:12,7792,581,9,120.0,120.0,0.0,0
Auvw_akKkoY,UCOLDn9gw0yegXRgjoi5MzNQ,2026-08-29 12:44:38,0,0,0,119.77,120.02,0.02,0
Av0hHfFd_lo,UCYJDUekoQz0-bo8al1diLWQ,2026-08-28 09:03:22,630807,4304,382,119.96,120.21,0.04,0
Av8q3bLxk7Y,UCPuD5ZRQWa_JCaY5NokNhtg,2026-08-14 12:17:16,360,10,3,119.97,120.22,0.03,0
AvJDb-6UwiA,UCADf92tisOOh90hrZee4-LA,2026-08-07 08:58:58,4434,50,15,119.77,120.02,0.02,0
AvRP4UxWbwI,UCh7XUfZEEV3pct5zDjx6OZA,2026-07-24 06:30:13,2303,99,199,120.0,120.0,0.0,0
AveKZGLLiZs,UCd9oeoY-jLSkhd-J5y_1aYg,2026-08-23 15:21:01,898,4,0,119.91,120.16,0.09,0
AvpCdvB3j5g,UC141BuVRzSSXJX33Am9yxEA,2026-08-09 08:00:37,29702,657,225,119.99,120.24,0.01,0
AvrdX-qL29M,UCBtJuwDt6LlXp2YASC-ZMdA,2026-08-20 10:00:15,132,5,0,120.0,120.0,0.0,1
Avxud9lTBCA,UCv1tOT645xHOJrwdGlzjMaA,2026-08-19 13:02:07,138818,841,3,119.98,120.23,0.02,0
AvymyvLuzaY,UC3_QWAvQRhPW4CDoQU8acKw,2026-08-21 07:00:05,112086,1352,282,119.76,120.01,0.01,0
Aw0ofDCIgW4,UCw1DsweY9b2AKGjV4kGJP1A,2026-08-21 07:30:02,1172556,8682,341,119.76,120.01,0.01,1
AwGMmXw6jTQ,UCab17MxxnFtAhGsJVTkSkCg,2026-08-27 08:11:09,2064,20,1,119.83,120.08,0.08,0
AwIhQ8Kwdm4,UC_E_qYfGKM3C0kqrp1p8z7Q,2026-08-14 17:00:23,591,16,2,120.0,120.0,0.0,1
AwND-u9Di2g,UCI4wEWWBEElIbp9jHcFllTw,2026-08-10 10:00:02,1889,10,9,120.0,120.0,0.0,0
AwYGuPpbVGo,UCrxzkAOXEbflxcTbRYnCoTw,2026-08-12 23:00:20,44601,271,134,120.0,120.0,0.0,0
AwbYxjnJ3iE,UCuZ862fZel1gq9RAf_OkvqA,2026-08-18 10:41:57,16945,213,74,119.81,120.06,0.06,0
AwhCIGYGpFA,UCBTsPtRCh6ln3IRQFjhjh1A,2026-08-25 09:00:18,401148,1570,71,119.76,120.01,0.01,1
Awi8uuVfh6Q,UCjnghZoZuL_U3AByO_oq7CQ,2026-07-23 03:00:49,75,6,1,119.99,120.24,0.01,0
Aww0PsBmuVU,UC-FiQR2gg8oiNw98ZdsSX6Q,2026-08-30 18:00:37,1080,4,0,119.75,120.01,0.01,0
Ax-cgLkOgz8,UC3Z9lUjG5BU60sce2-Axbjw,2026-07-26 10:12:06,2071,2,13,119.8,120.05,0.05,0
Ax6er4f4MIg,UCi8fe6P0_tLeZ1r31wOydvw,2026-08-07 04:00:32,1901,8,1,120.0,120.0,0.0,0
AxCFZiwfBJg,UCV6mNrW8CrmWtcxWfQXy11g,2026-08-19 06:00:15,520434,21940,104,119.76,120.01,0.01,1
AxLdwfmNxcI,UCYMXFMiaGBnZ08-wBHS2MPQ,2026-08-01 03:45:25,4841,44,4,120.0,120.0,0.0,0
AxPRej9hGM8,UCv1tOT645xHOJrwdGlzjMaA,2026-08-01 10:52:02,46407,648,18,119.89,120.14,0.11,1
Ax_1X6N6oEs,UCC1veMJY2wElX0lpYOoNB1Q,2026-07-30 02:30:08,2112061,181,42,120.0,120.0,0.0,1
Axagd3ISDrg,UC-2wa6jvprl7hfCpvw0ULzg,2026-08-27 08:00:57,10104,278,20,120.0,120.0,0.0,1
Ay-xY8pjWcY,UCjhRgb1NpnlRs01s9rAhuug,2026-08-23 15:51:00,68,0,0,119.91,120.16,0.09,0
Ay9nwsdYajo,UCQuY08EEKLFOp0D37Sfpd0A,2026-07-11 03:30:15,12197,236,13,120.0,120.0,0.0,1
AyPVZwnyMBE,UC-aXNBQ6nwMNeW2V8XB7sBg,2026-07-13 01:00:21,129095,866,41,119.99,120.24,0.01,1
AyQpdTfEy_8,UCzps05UZ7XpX3SFoFyYIDow,2026-07-23 10:01:40,73191,493,568,119.98,120.23,0.02,0
AynlIlIUuOs,UCaN1Qp37sHiCdQuSaXa3fVw,2026-08-14 07:00:22,58120,958,27,120.0,120.0,0.0,1
AyvR6sQLfkw,UC_8GOc5dWX2Kpb74_nQ7vSQ,2026-08-10 09:00:15,86073,2493,138,120.0,120.0,0.0,0
AyvsmmHOfn4,UCBvKuSAkXERBnGSQOH0Sarw,2026-07-25 19:26:53,18596,148,0,119.8,120.05,0.05,0
Az9mS8sipkU,UCN9VGDvz2M3vdR0czEUp6lQ,2026-07-15 02:00:00,2895,63,45,120.0,120.0,0.0,0
AzLA32RTBQk,UC-pobd8lZE33BSDz-iyHfJQ,2026-07-30 00:29:36,2246,17,1,119.76,120.01,0.01,0
AzZZurPUBvw,UCmcBe97VA2LqVEQUeeZl6Ew,2026-08-13 09:00:26,91771,512,80,120.0,120.0,0.0,0
Az_C6fAYKzg,UCCMQyaKDjQJY79VimTdaYYQ,2026-08-04 02:06:23,209846,1102,1469,119.9,120.15,0.1,0
Aza3ObuJo5A,UCtLWxhEMKOio-GzdVJ1CVhg,2026-07-28 09:49:22,1561,42,7,119.93,120.18,0.07,0
AzbVp5AbbD0,UC9zmo9x1o7xAfgM1Fw3Dg4g,2026-08-30 08:00:01,65535,1236,64,119.76,120.02,0.02,1
AzpxV4x4Ny0,UCcum1rCJ5GJeQ_xv0xrohqg,2026-08-21 10:00:13,15101,687,22,119.76,120.01,0.01,1
AzxTEf9LBFg,UC4oe-OVZ2Ho-03yrMkrXomQ,2026-08-09 07:00:27,398801,5467,212,120.0,120.0,0.0,1
AMObS_MKdBc,UCN5789pKaFwqjVBvg6yws_w,2026-07-23 22:18:52,2,0,0,119.94,120.19,0.06,0
AMjsDDJT2yQ,UCdm06VHBWF5Mg5kYxffzikw,2026-07-29 09:53:51,16471,82,14,119.86,120.1,0.1,0
AMnCPVa2-9s,UCyz5WVrb-cz3myY04x_kVYw,2026-07-22 14:19:33,397,10,0,119.93,120.18,0.07,0
AMuoIj4jR2Y,UCQJuZxeDv2P05YHcC-tIEVQ,2026-08-27 08:30:20,29884,808,30,119.76,120.01,0.01,1
AMvfhLrZ9Jo,UCqlcSsDNMYxEsem7bWY-66Q,2026-08-31 16:13:46,36156,590,0,119.79,120.03,0.03,0
AMwWaUFhhoo,UCV6mNrW8CrmWtcxWfQXy11g,2026-07-27 06:00:15,222393,6923,67,120.0,120.0,0.0,1
AMxcB7tQDWg,UC7wosSPUA3os3b3-RMZZe6g,2026-07-14 08:00:23,4280,26,0,119.99,120.24,0.01,1
ANABHzTo-EA,UCwBkHOTyu57NQi0syf5MLig,2026-07-31 01:00:31,51134,319,8,119.99,120.24,0.01,1
ANDOQHI2HhI,UCqPN9LAkx20aBWOafwvQB-Q,2026-07-27 23:00:33,215453,7308,553,119.99,120.24,0.01,0
ANK8C7QEGTo,UC_m_uqd_9s0hZvlgfvCzqbQ,2026-07-25 14:29:31,1169,8,0,119.76,120.01,0.01,1
ANTUUhT3Dx4,UCV7WE8I_UiAN0fa6Arezx_w,2026-08-10 21:00:31,20,1,0,120.0,120.0,0.0,0
ANUgxHBV3tY,UC78d2aaqdrt02RfmtRLmlAw,2026-07-30 14:30:25,7586,134,33,120.0,120.0,0.0,0
ANV-Dmm4uk4,UCb5NLtXAsTBrmaZVhyFa-Wg,2026-08-07 09:45:48,174129,800,138,119.99,120.24,0.01,0
ANXhUdqB_9g,UCY_vDlvG-BTDRIOk_I9QQ6g,2026-08-02 01:34:37,1030,4,0,119.93,120.18,0.07,0
ANarTHb74jI,UCPGl9DV2WUgaqGVXtVrhJWQ,2026-07-11 14:04:26,1,0,0,119.93,120.18,0.07,0
ANd0EPZ6sfg,UCNZiNM2pP6uhIlTQVS2Q5fA,2026-08-06 17:20:05,203352,2869,228,119.92,120.17,0.08,1
ANlfEZ8cwcs,UCpI-AhCT02iQRGLC2ZcY0Jw,2026-07-21 09:00:34,32135,349,331,119.99,120.24,0.01,0
ANr9zKy44nw,UCdb5lyq0tWbY3jqH35SufmA,2026-07-28 22:30:25,15854,156,55,120.0,120.0,0.0,0
ANrdKujsOvk,UCDmmbxGg8g-EBkC_ku6vybg,2026-08-12 13:10:06,142487,1403,50,119.83,120.08,0.08,1
ANspgxYUU1w,UCPqqyxHmSvJygac5TH52qJw,2026-07-27 07:06:21,167815,2684,75,119.9,120.15,0.1,1
AOEQ_Au1VVU,UC9qwDE50UcXvdplRNZKEoPA,2026-08-13 04:14:13,1966,22,1,119.77,120.02,0.02,0
AOIrf01hZDk,UCms8Ge7H1ZGgw6nV94fUhUQ,2026-08-13 09:00:20,8041,134,2,120.0,120.0,0.0,1
AONLPzNS_Wo,UCgjaQlejpAnIu0q-xtVfTEw,2026-07-14 06:43:26,19943,284,29,119.78,120.03,0.03,0
AONZAEWl4Es,UCDHGqgpiHQAsE0UiltRqhfQ,2026-07-27 09:00:12,18115,44,22,120.0,120.0,0.0,0
AOkFnWA4g18,UClvMduw1MDMQ0PuH753-XSA,2026-08-09 00:20:32,2661,54,3,119.91,120.16,0.09,0
APEItL04bx4,UCPGl9DV2WUgaqGVXtVrhJWQ,2026-07-17 15:00:07,6,0,0,120.0,120.0,0.0,0
APGDnqbYkSs,UC6YqXiwCBfPvPTs3wXgWElQ,2026-08-04 12:15:52,69249,228,271,119.99,120.24,0.01,0
APL601Ct4rA,UCPI40-XQA9-GBGj2k8PPqfg,2026-07-25 08:50:16,107723,1715,139,119.91,120.16,0.09,0
APeh9mYSsS8,UCVey3Q_CodrHAWBonTGbHFg,2026-07-30 03:00:08,53351,754,39,120.0,120.0,0.0,0
APjpzC8598Y,UCq0fwcojiA7ztN0FgTEgfXA,2026-08-17 00:04:06,48,0,0,119.94,120.19,0.06,0
APn0UW6YVaE,UCPGl9DV2WUgaqGVXtVrhJWQ,2026-07-11 15:00:07,3,0,0,120.0,120.0,0.0,0
APrOPBv2cCw,UCV6mNrW8CrmWtcxWfQXy11g,2026-08-22 22:00:08,17844,673,27,119.76,120.01,0.01,1
AQ1XwfBkDDk,UCz4b1O9sT73P8DWwx6OvQwg,2026-08-28 07:00:13,45614,342,23,119.76,120.01,0.01,0
AQTBoj155b0,UCpcTrCXblq78GZrTUTLWeBw,2026-08-07 10:30:37,75350,1342,77,119.99,120.24,0.01,0
AQgup8vb-uY,UCVZ0SJNurJAv-6hV5VEGB2A,2026-08-16 01:00:07,59066,648,114,120.0,120.0,0.0,0
AQinl5xP_Fk,UCikKJvpU0Ylua4hRW6faQRg,2026-08-28 01:53:26,6987,74,0,119.87,120.12,0.12,0
AQlOS7JPCCQ,UCe-7GwWL1XNlCJyfqBhgrHA,2026-07-28 09:53:11,40601,1020,62,119.87,120.12,0.12,0
ARFXuiDAmGY,UC-okJdotaXPlzivRzHFqzuA,2026-08-09 02:59:38,82873,1098,31,119.76,120.01,0.01,0
ARGxbe3CFCw,UC2k1bSUZ4X02jMs_sTS9jiQ,2026-07-26 12:00:06,2730,64,11,120.0,120.0,0.0,0
ARQJAK0zqB4,UCt8CJiye87FMbEwt0npPMuQ,2026-07-15 12:00:08,3288,216,17,120.0,120.0,0.0,0
ARqOXoEFHjY,UCXyR5IAVMaId9kpuCrQWpPg,2026-08-12 16:00:27,14122,332,117,120.0,120.0,0.0,1
ARxNM8HN99Q,UCby0vMKcLR05ZdS90aZd5og,2026-07-28 05:05:08,2272,3,0,119.92,120.17,0.08,1
AS0tLlAWzTY,UC2NFRq9s2neD_Ml0tPhNC2Q,2026-08-07 02:30:10,139984,2226,30,120.0,120.0,0.0,1
ASEnE6YpJ28,UCPv0av3PfTUeTnHGgcXkk8w,2026-07-13 14:21:39,9,0,0,119.89,120.14,0.11,0
ASZ_DpQDW50,UC7wosSPUA3os3b3-RMZZe6g,2026-07-11 08:00:22,182,11,9,119.99,120.24,0.01,0
ASm3Ol7pBEc,UC1Ns07Rw0lQK-KuaPHfRRTw,2026-08-09 13:54:07,21,0,0,119.85,120.1,0.1,0
ASrQN40Rl_M,UCwfbSsZ7_sccxcibe60mWlQ,2026-08-21 03:00:12,12209,49,12,119.76,120.01,0.01,0
ASwHZqleOo0,UCPN9TrChCye1s97iEUOsIeA,2026-08-13 14:22:16,4172,20,4,119.88,120.13,0.12,1
ASyKlkUDlVc,UCGW76VChAJKee9kYzvyoycQ,2026-07-20 05:00:23,9214,153,49,120.0,120.0,0.0,0
AT81bo0dP2I,UC3_QWAvQRhPW4CDoQU8acKw,2026-07-29 06:58:11,217743,3299,110,119.78,120.03,0.03,0
ATTQBGt3iKI,UC2WBkFH1nHcO6aFLWo6sZQg,2026-07-29 15:46:46,14078,431,4,119.97,120.22,0.03,1
ATZ8FUVzGOY,UClvMduw1MDMQ0PuH753-XSA,2026-08-27 01:27:26,3198,80,1,119.8,120.05,0.05,0
AT_AOAiLN7s,UCB4gIGaPUiLtpPreFSf8fKQ,2026-07-31 15:33:53,2524,39,6,119.94,120.19,0.06,0
ATdE4XlZZuE,UCFrKhWvZ8oeJQTNP5ZabgJw,2026-07-25 10:00:17,311515,2179,217,120.0,120.0,0.0,1
ATikYkWY8Dk,UC6YqXiwCBfPvPTs3wXgWElQ,2026-07-30 09:27:42,3746,44,0,119.79,120.04,0.04,0
ATuIQyILdLQ,UCC1veMJY2wElX0lpYOoNB1Q,2026-07-30 02:30:13,3013192,2149,160,120.0,120.0,0.0,1
ATvbUGaAy-w,UCqI5lyTpC79pOy2D-VXAMdA,2026-07-18 13:37:33,97790,575,202,119.88,120.13,0.12,0
AU6nF1dW-3Q,UCxpXguPL_B5pz7Gq8ozfwlA,2026-08-17 14:13:21,13419,59,0,119.78,120.03,0.03,0
AUBfEUTsCsg,UCcstDLbuhxEbFKkPZ6wST2A,2026-08-23 09:00:39,14495,63,10,120.0,120.0,0.0,0
AUCIh5UyDOM,UC3pTpoDKt17IrCDH60kSNPA,2026-07-27 07:02:23,5687,110,47,119.96,120.21,0.04,0
AUDyX5cH9tU,UCBS4sjbGJIcclT-Y6i_Jzkg,2026-08-25 17:56:24,13195,398,2,119.82,120.07,0.07,1
AUbparK1ilw,UC4VWaR3R17Ruc7j1Cy1-PKQ,2026-08-15 22:52:52,53,3,0,119.87,120.12,0.12,0
AUp0Lo5_d8M,UCSfhr4gDPFsKuwdmTOWp2jw,2026-07-31 09:30:16,29,2,0,120.0,120.0,0.0,0
AUvx0GttprU,UCYJ0Ucu9jPX5kn6SeDcNaIQ,2026-08-26 15:00:27,40664,242,39,120.0,120.0,0.0,0
AV0SP-af7Tg,UCirJgPv8RtFaFMj39b6cD8Q,2026-07-24 03:00:27,33015,151,3,120.0,120.0,0.0,1
AV61SQvqMOY,UCoSniqkitCpxlHrQd5L8A1w,2026-08-19 23:01:06,3686,38,3,119.99,120.24,0.01,1
AV7Iewgxq6w,UCHJv9xBR9lkzGSIepie-T_A,2026-08-18 21:30:33,2616,44,2,120.0,120.0,0.0,0
AVAwq29uswA,UCV6mNrW8CrmWtcxWfQXy11g,2026-08-21 16:08:38,185529,5327,374,119.87,120.12,0.12,0
AVC63tgMfSg,UCk3w4CQ_SlLH4V0-V6WjFZg,2026-08-22 13:04:21,68762,3376,189,119.94,120.19,0.06,0
AVDIqqIBIeo,UCgsKeCRaBGH6JlnH6VO_7OA,2026-08-26 19:02:42,63,1,1,119.97,120.22,0.03,0
AVMbPrkY8uI,UCbItyvYa6cqvqtwlU2E9-wA,2026-08-19 17:00:35,18090,854,45,120.0,120.0,0.0,0
AVQqoM8YVg0,UChUNd9Dt96PzfB24BtVviHg,2026-08-11 09:00:38,11662,142,8,119.99,120.24,0.01,1
AVR-QwxAXAs,UCUt2AEhC-OOC2EPCzj4DkCw,2026-08-13 23:00:17,81552,712,34,120.0,120.0,0.0,1
AVR0L6W5lr0,UCN5oT4zGJX-_H6pE5isAEeg,2026-08-02 03:00:01,471160,7750,238,120.0,120.0,0.0,1
AVZUj1wDdqs,UCpcTrCXblq78GZrTUTLWeBw,2026-08-07 13:30:31,220328,7218,767,120.0,120.0,0.0,0
AVcD6h-205A,UCmcBe97VA2LqVEQUeeZl6Ew,2026-08-17 09:00:12,109487,640,70,120.0,120.0,0.0,0
AVfbkJUNkqU,UCBvKuSAkXERBnGSQOH0Sarw,2026-07-23 07:38:06,61140,577,84,119.87,120.12,0.12,0
AW0BprU3DPQ,UCbItyvYa6cqvqtwlU2E9-wA,2026-08-20 13:00:04,7112,483,17,120.0,120.0,0.0,0
AW8gEzFH_DI,UCrY2B2XX41ReYh9DIWrFfCg,2026-08-22 10:01:04,2317,,3,119.99,120.24,0.01,0
AWD0qfMN6Po,UCRq3CDTZ2qe3HiHrZdQKBvQ,2026-08-11 09:30:59,9705,74,20,119.99,120.24,0.01,1
AWLeDNaDPYQ,UCXAXCxTCCYYKsLJNzEvjqfw,2026-08-12 00:19:31,102852,1339,378,119.93,120.18,0.07,0
AWOzbtGTSRU,UC-FiQR2gg8oiNw98ZdsSX6Q,2026-08-29 01:00:26,63,3,0,120.0,120.0,0.0,0
AWhwU18Nfew,UCbItyvYa6cqvqtwlU2E9-wA,2026-07-30 23:18:21,15009,666,9,119.95,120.2,0.05,0
AWiLRpoJgso,UCoSniqkitCpxlHrQd5L8A1w,2026-08-19 03:08:56,509,3,0,119.86,120.11,0.11,0
AWolHUi6eAE,UC5H8Wt-1q_tnn-m4tDTqbUw,2026-08-09 08:42:11,2308,25,1,119.8,120.05,0.05,0
AWqUhs9vARs,UCqI5lyTpC79pOy2D-VXAMdA,2026-07-28 02:04:18,108586,981,132,119.93,120.18,0.07,0
AWtO6o5n23Q,UCjiPEaapiHbJMoAdi_L8fNA,2026-08-27 16:19:22,114814,810,212,119.94,120.19,0.06,0
AWwTezVosBk,UCifCesg-EUkjKyQedaB3hRg,2026-08-10 01:02:39,44901,95,0,119.96,120.21,0.04,0
AWwWI_ECTtI,UCYooECrv-fIXlPaDwEIaveA,2026-07-24 09:00:06,37545,439,7,120.0,120.0,0.0,1
AX4-3lUVml0,UCRLoyYlPR9ufzlbeI9lLDqg,2026-08-15 09:01:26,21481,1065,104,119.98,120.23,0.02,0
AX742DMRuJ4,UCgvtwZJPhSfbKOxh3EoVXng,2026-08-11 11:12:19,19,1,0,119.8,120.05,0.05,0
AXASboKl-Co,UCMiOzwzeNwlZUTFLNtzgRTg,2026-08-16 10:05:32,51,1,0,119.91,120.16,0.09,0
AXBk2fWIo_4,UCSgvQDek_7CQj08fu7kp1Iw,2026-07-27 03:00:32,144486,2280,227,119.99,120.24,0.01,1
AXHqaCqr9Gw,UCpX86JOUhnrzG7MK8e8Gjbw,2026-07-31 06:08:06,75251,397,224,119.87,120.12,0.12,0
AXLg-FW20sU,UCj7wKA4vwdzMP35lO5CCwgQ,2026-07-31 10:05:21,9653,179,6,119.92,120.16,0.08,1
AXZ_dracQCM,UCqPN9LAkx20aBWOafwvQB-Q,2026-08-05 23:00:33,116777,4473,320,119.99,120.24,0.01,0
AX_U06CAz4g,UCH29Gz8a6veRLqUxzjBXHrQ,2026-07-30 10:19:21,20208,891,72,119.93,120.18,0.07,0
AXi6NceDemU,UCATlfGN7EDjXS_2ofklb3bw,2026-08-09 23:34:47,3980,110,2,119.92,120.17,0.08,0
AXisYHZbbik,UCw1DsweY9b2AKGjV4kGJP1A,2026-08-10 07:50:07,305849,503,32,119.92,120.17,0.08,1
AXppAlSF_0E,UC-FiQR2gg8oiNw98ZdsSX6Q,2026-08-15 14:45:36,2679,17,0,119.99,120.49,0.01,0
AXsLuq5P7cw,UC8FErYSi74YwGUAoTpjvgzQ,2026-08-27 01:24:28,5546,187,17,119.85,120.1,0.1,1
AXsPascHXcU,UC8aCmG_y4DqqVI9Xlcym1Jg,2026-08-31 19:33:18,4500,108,4,119.96,120.21,0.04,0
AY7dA-AKxnc,UCPpSXwAg3hkSpa85Ah-dpgA,2026-08-25 22:00:21,6263,98,21,120.0,120.0,0.0,0
AYAX6b0_LGk,UCbItyvYa6cqvqtwlU2E9-wA,2026-08-15 13:00:25,12441,652,17,120.0,120.0,0.0,0
AYG7GCoX6uE,UCq6bX1rAJqwt3LmYuHrDPqg,2026-07-22 19:30:32,9613,19,1,120.0,120.0,0.0,0
AYVzP_6vK3I,UC5Yx9RlmznXDUEIrfoSqheA,2026-08-13 23:15:02,4896,39,2,120.0,120.0,0.0,0
AYX_Cm3pHBY,UCbFLnCfOet-u_kFyA7uX-9Q,2026-08-24 06:51:23,29127,429,97,119.9,120.15,0.1,0
AYmOLpN69V0,UCw1DsweY9b2AKGjV4kGJP1A,2026-07-11 07:05:48,15130,117,32,119.91,120.16,0.09,0
AYu6umtr6jc,UCjUnlBpn0Z1L450g79fniRg,2026-07-23 09:02:10,1004,6,0,119.97,120.22,0.03,0
AZAUUfr3J8Q,UCKrprPfevcAZpPuRnCO6xOA,2026-08-23 09:30:27,1506,14,12,120.0,120.0,0.0,0
AZNJ7P6adek,UCZGG-8oJSConHG6z30PgF5w,2026-08-28 07:30:02,38,1,0,119.76,120.01,0.01,0
AZWBPNw_ZyE,UCxe_WKNMrOgvNtgz02oLTjQ,2026-08-27 12:30:39,1063,7,1,120.0,120.0,0.0,0
AZa6PD28StE,UCfq-5-0b5Lzj7cKCrp6-flA,2026-08-14 08:00:14,17496,461,77,120.0,120.0,0.0,1
AZcrW-RF33o,UCCvEN8bTeF8Z2jcN513T1Gg,2026-08-12 09:00:07,6161,59,1,120.0,120.0,0.0,1
AZk7wYZW-B8,UCby0vMKcLR05ZdS90aZd5og,2026-08-02 17:06:00,1038,4,2,119.9,120.15,0.1,0
AZmUd-w2pGw,UCrY2B2XX41ReYh9DIWrFfCg,2026-08-01 11:15:22,4055,,16,120.0,120.0,0.0,1
AZxOKFtPDHE,UCFJAOgvqcc3fPqdu7fTl-zA,2026-08-16 02:09:17,3306,82,47,119.85,120.1,0.1,0
AZyosE-q4rA,UCAl4HWznMn7KhKBRFO5eiFA,2026-07-26 06:00:28,21396,229,11,119.99,120.24,0.01,0
A_0-cSpl6ak,UCqI5lyTpC79pOy2D-VXAMdA,2026-08-29 14:59:59,104282,247,63,119.77,120.02,0.02,0
A_0r-mOXP5A,UCW1FuNP_2X03y7H0HIujOTA,2026-08-10 00:16:27,6205,22,3,119.98,120.23,0.02,0
A_LpjFq6eHg,UCAl4HWznMn7KhKBRFO5eiFA,2026-08-21 12:35:26,15104,102,3,119.92,120.17,0.08,0
AaLYw0wHqcE,UClHTjLVog7CkRF8tYJuNXXQ,2026-08-18 04:32:01,600,18,7,119.97,120.22,0.03,0
AaWsqLUanvs,UCXVVG5ZM3SJJCh94xatR8Dg,2026-08-11 03:00:37,2603,35,2,119.99,120.24,0.01,0
AaY4HJB2D98,UCYM01qjjE_hmqFQAmOo-lNg,2026-08-15 03:00:07,9019,57,12,120.0,120.0,0.0,0
AajDRp-iyIc,UCzVXdulvpgEoI8yuFMmhxJw,2026-08-19 15:25:31,107130,6249,144,119.84,120.09,0.09,1
AazC9aLJZ1M,UC-okJdotaXPlzivRzHFqzuA,2026-08-15 05:00:30,332229,738,20,120.0,120.0,0.0,1
Ab3PihEUIWo,UCTNyl3P7q6PNhPddh6d7WJQ,2026-08-16 22:00:16,3606,8,4,120.0,120.0,0.0,1
Ab3caEK9gL0,UCDLDbittWhk2KXvaCT0YpZQ,2026-07-22 09:00:09,62466,1964,152,120.0,120.0,0.0,0
Ab3x3EUmnWA,UClWTMxooQefOLUV0TRcJ1Eg,2026-07-25 08:30:01,6669,781,34,120.0,120.0,0.0,0
Ab5q8PeIi5s,UCI6Ro_MOr36re4Bhb7nCY7g,2026-08-25 10:00:07,11508,79,19,119.76,120.01,0.01,0
AbGCp4HWay4,UCPsZX-D7LW99PjZLA-UysPQ,2026-08-08 06:00:17,762,6,1,120.0,120.0,0.0,0
AbGTe59Eudk,UCqIwPYLfMd3EoWYwvyTjPnA,2026-07-13 15:19:54,27181,251,9,119.92,120.17,0.08,0
AbJE6EJmdtk,UCeAsj1O73pcqd-xQ4AZbJeQ,2026-08-10 21:30:12,1144,3,8,120.0,120.0,0.0,0
AbfRPbuLqz4,UCvAetSOU_4lyjM5hVMNzN0Q,2026-07-14 16:40:03,23354,281,3,119.83,120.08,0.08,1
AbqImJS8XQM,UC_e83kYlGHWbsrr8QCfV_ag,2026-08-10 09:00:22,999,16,5,120.0,120.0,0.0,1
AbufE_3ZhYE,UC9nWoDbRAl3-fvreBNeStKQ,2026-08-04 09:24:09,6613,79,4,119.85,120.1,0.1,1
Aby3HPwv8nU,UCZ49HaU_D0Tlf1aDA2jU_Vg,2026-07-30 17:55:11,61895,563,143,119.83,120.08,0.08,0
Ac13W3Ythu8,UCYGF_xk5RDpltyZDSx040uw,2026-08-29 07:01:08,134704,1526,37,119.99,120.24,0.01,1
Ac31TZrRcak,UCqVkQsNin4MdGFrWvzFVOKw,2026-08-18 16:08:49,3136,118,0,119.86,120.11,0.11,0
Ac4rbdtP6iU,UCCW6uYIUP4YKKe50k-ktVAw,2026-08-03 08:00:08,92561,1846,111,120.0,120.0,0.0,0
AcBvtHZX9I0,UC0PMQXAwF6O6aeTpv962miA,2026-08-06 19:01:30,22340,616,75,119.98,120.23,0.02,0
AcM7bcFiGWE,UC_m_uqd_9s0hZvlgfvCzqbQ,2026-08-19 11:33:00,1285,5,0,119.96,120.21,0.04,1
AcNpWYk6hzo,UCt8CJiye87FMbEwt0npPMuQ,2026-07-23 15:30:31,11435,289,21,119.99,120.24,0.01,1
AceCVbdRe-k,UC_e83kYlGHWbsrr8QCfV_ag,2026-07-24 11:04:36,33008,79,14,119.93,120.18,0.07,0
Acjb9uzmA88,UCdVIcHpdbEQc65xwAxc_owQ,2026-08-04 13:26:35,69,2,0,119.81,120.06,0.06,0
AcmGoNIaVkI,UC8MgGtsJazbztr5eGWiqUXw,2026-07-24 11:00:39,14374,419,135,119.99,120.24,0.01,0
AcqlPFcmr8I,UCTVkjiEiaiSbEq0Qwd5XTPA,2026-07-30 09:31:02,37719,1150,116,119.98,120.23,0.02,0
AcrPPp1yY9w,UCJDXc9JWCZo-nLNKr_-L2Ng,2026-08-13 14:00:35,2479,106,6,119.99,120.24,0.01,0
AcsMYIYmhYQ,UC_e83kYlGHWbsrr8QCfV_ag,2026-07-26 11:18:54,15594,17,0,119.94,120.19,0.06,1
Ad9RVM9TLBI,UChfA8Yu8dk5k78UzaM6tsRw,2026-08-07 08:54:32,43604,1054,181,119.84,120.1,0.1,0
Ad9wee8a7fA,UC8C0Yd20ke5XqOiZvMVgM9w,2026-07-30 01:00:06,3382172,420,4,120.0,120.0,0.0,1
AdA_E6jPTrc,UC3hCAmwyYNgRuOOSFV7evVA,2026-08-15 10:00:30,19041,268,61,119.99,120.24,0.01,0
AdCSmN14bJE,UCiEMsnnzti6PDNi8TAlSnFw,2026-08-10 20:57:34,11,,0,119.79,120.04,0.04,0
AdHKI8pI6Mg,UCfIUuMA7U_jImP7oWfTe4Pw,2026-08-22 14:11:35,536749,3288,406,119.82,120.07,0.07,0
AdhhmPLWV4k,UCawK5EIfr66Z7fjAlZgfB2g,2026-08-15 02:23:27,5620,,0,119.86,120.11,0.11,0
AdifiNgv7yw,UCAl4HWznMn7KhKBRFO5eiFA,2026-07-25 16:09:41,15984,92,3,119.84,120.09,0.09,0
AdjmTrEQKkY,UCzHnjIeMxo1gViogzN9xMLw,2026-08-07 05:02:51,3492,70,7,119.96,120.21,0.04,0
AdqivpoWD5w,UCt8CJiye87FMbEwt0npPMuQ,2026-07-20 17:45:21,17664,669,110,120.0,120.0,0.0,0
Ae7BWCMSm8E,UCKrprPfevcAZpPuRnCO6xOA,2026-08-12 09:30:09,982,7,6,120.0,120.0,0.0,0
AeCvr-SfJ8Q,UCdQHEqTxcFzjFCrq0o4V7dg,2026-08-04 00:15:16,50495,2516,200,120.0,120.0,0.0,0
AeT5iQ6JZoo,UC2NFRq9s2neD_Ml0tPhNC2Q,2026-08-31 02:30:21,42579,716,29,119.76,120.01,0.01,1
AeUoSTnp6PY,UCnhGcri8x6xhehanhAe9ipw,2026-08-17 09:36:29,80715,624,128,119.9,120.15,0.1,1
9isOqbZnquk,UCby0vMKcLR05ZdS90aZd5og,2026-08-22 11:59:18,732,7,2,119.77,120.02,0.02,0
9iuEAm4BwKk,UC5ThQKdocwo_9UurfT5P_ww,2026-08-16 08:21:44,347717,4469,57,119.89,120.14,0.11,1
9ix-6yKt7Pc,UCKrprPfevcAZpPuRnCO6xOA,2026-08-25 09:30:32,1211,12,6,120.0,120.0,0.0,0
9j1-7x3ZdHM,UCpI-AhCT02iQRGLC2ZcY0Jw,2026-07-23 05:00:18,93206,1660,30,120.0,120.0,0.0,1
9j6gvc9hVxE,UCJoWNCiFuiN4eZnB80WUf4Q,2026-08-25 05:30:09,198507,2148,152,119.76,120.01,0.01,0
9jAhpa8WFLE,UCuXE-MdbuaZcPt_2J2kSsSQ,2026-07-11 10:59:02,6,0,0,119.77,120.02,0.02,0
9jJRVH6kLAM,UCyiKngyUPUb1bka4yFrn65g,2026-08-20 02:44:31,784,0,1,119.76,120.01,0.01,0
9jM1eBFhLaY,UCAaLhok91QDrweyuDRsmjqQ,2026-07-28 22:30:09,187976,1287,144,120.0,120.0,0.0,0
9jNxt2Zpkxo,UCHbz27HAkCIQNw_G2Pa7XVg,2026-08-18 02:58:57,15670,250,13,119.77,120.02,0.02,1
9jQrCJ3PK-E,UCAaLhok91QDrweyuDRsmjqQ,2026-08-02 09:29:20,39015,215,41,119.76,120.01,0.01,0
9jWF4l4gzGg,UCqRz_-l3GCmWb92u8P33RYQ,2026-08-05 09:45:40,52422,443,125,119.99,120.24,0.01,0
9jgSGritbdo,UCt8CJiye87FMbEwt0npPMuQ,2026-07-13 13:00:33,88609,3357,148,119.99,120.24,0.01,0
9jlH_pFBmAY,UCLHwMFguUxHVSk91vzicEJw,2026-07-14 05:47:09,16531,232,18,119.97,120.22,0.03,0
9jlMgpjdrSg,UCyU5JQ8KVRD9jE4E_xLsHxw,2026-08-09 09:00:05,95,3,1,120.0,120.0,0.0,0
9jn25aAluhA,UCV7WE8I_UiAN0fa6Arezx_w,2026-07-12 18:00:16,143,1,0,120.0,120.0,0.0,0
9joW2N1ZhF8,UCgT-gb3favw2jQgwxbbwwaA,2026-08-29 09:30:00,119877,1147,11,119.76,120.01,0.01,1
9k8rzTcJqps,UCab17MxxnFtAhGsJVTkSkCg,2026-08-12 11:02:35,958,14,2,119.96,120.21,0.04,0
9k9TPZdoOrI,UCjOtzpfj5lF9erwTEQYkxtQ,2026-08-23 03:00:39,37440,778,36,120.0,120.0,0.0,0
9kOl5QDALQA,UCQJuZxeDv2P05YHcC-tIEVQ,2026-07-19 08:00:10,14656,299,17,120.0,120.0,0.0,0
9kSS7vSfgMc,UCvagJYsZ_uvB3jJoNwuimZQ,2026-07-26 13:28:39,19332,43,0,119.78,120.03,0.03,0
9kTX8RDtpGM,UChLqHuZV0PENIBYxDgXyPLQ,2026-07-27 12:51:21,104259,3108,22,119.9,120.15,0.1,1
9knecbDCQwI,UCz3VCyq5pO0OuGSF9fhcpEw,2026-08-26 00:45:20,36448,183,119,119.76,120.01,0.01,0
9kueEFb8Ejc,UCgjaQlejpAnIu0q-xtVfTEw,2026-07-26 05:44:14,41715,1082,37,119.76,120.01,0.01,1
9lDNR8FPTyg,UCvfEv6nBnL0QlKqyGmL0orQ,2026-08-27 00:11:10,16408,97,54,119.83,120.08,0.08,0
9lFilEBkBSA,UCqIwPYLfMd3EoWYwvyTjPnA,2026-08-18 23:30:04,82541,709,138,119.76,120.01,0.01,0
9lG5TBwWa2Y,UC027x98NgUBw9K4aPT8k0mg,2026-08-08 12:00:34,18022,126,49,119.99,120.24,0.01,0
9lI0NgZl2tg,UCt8CJiye87FMbEwt0npPMuQ,2026-08-12 12:00:08,68547,2208,81,120.0,120.0,0.0,0
9lYiZStoqgA,UCab17MxxnFtAhGsJVTkSkCg,2026-08-27 15:31:00,2866,8,0,119.99,120.24,0.01,0
9lmPr0w39Co,UCPsZX-D7LW99PjZLA-UysPQ,2026-08-28 12:00:36,5462,15,10,120.0,120.0,0.0,0
9lnk4RxgSW8,UCwBkHOTyu57NQi0syf5MLig,2026-08-07 06:00:19,433885,2326,203,120.0,120.0,0.0,1
9lwiu4yZvmA,UC5ThQKdocwo_9UurfT5P_ww,2026-08-09 06:52:38,221402,3462,71,119.88,120.13,0.12,1
9mAsPLOnKTo,UCei_ecYpQqFjYhjLaDPr2Lw,2026-07-29 01:49:35,45,4,0,119.93,120.18,0.07,0
9mPbL0dbyyQ,UCPuD5ZRQWa_JCaY5NokNhtg,2026-07-23 15:35:32,1446,9,2,119.91,120.16,0.09,0
9mYTQDzXKXk,UCz4b1O9sT73P8DWwx6OvQwg,2026-08-14 09:00:32,176991,3925,39,120.0,120.0,0.0,1
9mbc6ESMMvo,UC1dHu9GhbHH7RcHKyJdaOvA,2026-08-05 05:05:11,156197,488,123,119.92,120.17,0.08,0
9mhDP2w34d8,UCAGfDVBYmUlAxUYYLvtrvyA,2026-08-06 09:00:19,137,8,12,120.0,120.0,0.0,0
9nCL2vBoce0,UCarBV0zWlC2k-HteyeKqfag,2026-07-28 16:37:54,629,48,0,119.87,120.12,0.12,0
9nIuR5DWOKM,UCp6n8d8Y8r3MwKNw_MMaouQ,2026-08-12 21:29:26,3119,38,5,119.76,120.01,0.01,0
9nU5YZ8fs18,UCt8CJiye87FMbEwt0npPMuQ,2026-08-20 14:00:02,10493,497,31,120.0,120.0,0.0,1
9nZBr5wckcY,UCPJGXrPIVKBR8PJY7w33WZw,2026-08-24 06:00:20,77340,1167,638,119.75,120.01,0.01,0
9nZg-oCCugA,UCYooECrv-fIXlPaDwEIaveA,2026-08-20 09:00:04,19794,361,9,120.0,120.0,0.0,1
9nllCVCpJ-4,UCZ6mNZTiTUrUSbSYPlclI4A,2026-08-07 12:28:03,3980,137,2,119.78,120.04,0.04,1
9o93JBsdLJM,UCAJ-meoCh1TrPZ7La3UpPrw,2026-07-20 11:55:00,175466,2678,227,119.83,120.08,0.08,0
9oAXlgAtXEM,UCV7WE8I_UiAN0fa6Arezx_w,2026-07-22 21:00:16,48,0,0,120.0,120.0,0.0,0
9oNFyUpDT5g,UCo33r3SAf5z9MS-lrXV2aOQ,2026-08-12 07:00:33,91401,1468,59,119.99,120.24,0.01,1
9oQEpNdsSPw,UCt8CJiye87FMbEwt0npPMuQ,2026-08-21 17:00:14,22505,769,92,119.76,120.01,0.01,0
9oUTHdnlz6k,UCdb5lyq0tWbY3jqH35SufmA,2026-08-15 22:30:29,12409,79,14,119.99,120.24,0.01,0
9oYNYmE7BR0,UCWwbZhw5M-Q5dZtTK4nDWNw,2026-08-26 03:00:11,174090,944,4,119.76,120.01,0.01,1
9oodUVPujJI,UCIKORyfTZ0cN-u0hrxHcgUw,2026-08-19 00:36:16,127,0,0,119.91,120.16,0.09,0
9oowG7ToGxQ,UCl402YYy7RcH7PBI3npmGPQ,2026-08-03 06:00:22,146551,762,82,120.0,120.0,0.0,0
9p-Q0T4TUwQ,UCab17MxxnFtAhGsJVTkSkCg,2026-08-28 04:35:39,1204,7,2,119.92,120.17,0.08,0
9p4jBEoFciM,UCq6bX1rAJqwt3LmYuHrDPqg,2026-08-13 17:57:17,23471,38,3,119.8,120.05,0.05,0
9pezjDQZ62A,UC5RxNUZ9_c94ZEfJGnJZmTw,2026-07-24 12:00:14,2236,109,29,120.0,120.0,0.0,0
9pjvzvv8p3g,UCv1tOT645xHOJrwdGlzjMaA,2026-07-22 11:46:38,1835,8,1,119.97,120.22,0.03,0
9pp4Hec3bmg,UCp6n8d8Y8r3MwKNw_MMaouQ,2026-08-08 12:18:25,10193,235,4,119.95,120.2,0.05,1
9ppPhD_vUns,UCBtJuwDt6LlXp2YASC-ZMdA,2026-08-10 09:00:39,990,14,0,119.99,120.24,0.01,0
9ppor_eyla0,UC9M8GGVwPqc9ubNruArCNPg,2026-07-11 12:00:16,24905,504,20,120.0,120.0,0.0,1
9q5mAAouSfg,UCN5oT4zGJX-_H6pE5isAEeg,2026-08-31 03:00:20,1720140,33927,585,119.76,120.01,0.01,1
9qAJ2d9lIpU,UCZ-UuK86Bk5sGzQQ2cEglJQ,2026-07-22 08:25:56,136224,2094,44,119.82,120.07,0.07,0
9qrKOD5kfhg,UCIzbqIyEUxtFLYh_sCDoXpw,2026-08-28 03:30:11,103531,894,31,119.76,120.01,0.01,1
9quMU1CZ6is,UCkavlo6q2XfO_MA9Q24wRvw,2026-08-11 07:29:52,0,0,0,120.0,120.0,0.0,0
9r-UZcTy4rs,UCAVR6Q0YgYa8xwz8rdg9Mrg,2026-08-05 10:00:01,89421,4126,47,120.0,120.0,0.0,1
9r2hmuhCp9A,UCU0-6z_KU9AShyR9J6gcFGw,2026-08-14 18:24:30,457,6,0,119.84,120.09,0.09,0
9rQA7WaS0jE,UC5ThQKdocwo_9UurfT5P_ww,2026-08-11 07:39:44,536550,6503,144,119.84,120.09,0.09,1
9rzeEkDQi6U,UCS2OAdHoLt-9T6cG9A2H49Q,2026-08-11 03:00:25,10873,129,45,120.0,120.0,0.0,0
9s6ube46YB8,UCq6bX1rAJqwt3LmYuHrDPqg,2026-07-27 11:00:00,54946,223,88,120.0,120.0,0.0,0
9s7nZ8tyIQk,UCE8JC9RAVSudDT_8Ji1fuPQ,2026-07-29 08:45:35,75920,1184,80,119.99,120.24,0.01,1
9sBFU91wQXM,UCI3DTtB-a3fJPjKtQ5kYHfA,2026-08-27 18:51:08,4376,6,0,119.91,120.16,0.09,0
9sh5mpXjPvs,UCPN9TrChCye1s97iEUOsIeA,2026-08-14 04:54:37,1143,9,1,119.84,120.09,0.09,1
9slZuuW7ZrA,UCRCK5FCJtomQT3b88jXI_DA,2026-08-28 01:00:06,11282,,,119.76,120.01,0.01,1
9svz5fqX4hE,UCnV5tUnOVGyT-Ncj0s0tPTw,2026-08-25 02:35:35,11400,70,27,119.92,120.17,0.08,0
9swWzqttTVk,UCL_IvtOZo6sONpiydbzzHpA,2026-08-30 04:00:11,72274,592,113,119.76,120.01,0.01,0
9sxMQPOLQMM,UCmcBe97VA2LqVEQUeeZl6Ew,2026-08-06 09:00:17,73056,782,203,120.0,120.0,0.0,0
9sy4qtjZl3o,UCAl4HWznMn7KhKBRFO5eiFA,2026-08-21 11:21:20,13443,56,2,119.91,120.16,0.09,1
9tCKM_tCCjk,UC-S8JFhLkQ5enhB70c2CYIw,2026-08-19 11:28:07,197426,4236,357,119.79,120.04,0.04,0
9tFf9GFel-Q,UCt8CJiye87FMbEwt0npPMuQ,2026-08-26 19:42:44,12852,299,36,119.8,120.05,0.05,0
9ti1E_nxX04,UCV6mNrW8CrmWtcxWfQXy11g,2026-07-22 14:00:37,13025,1061,112,119.99,120.24,0.01,0
9tiWKDezLPA,UCElXDMEQqlUnuyDbChjARWQ,2026-08-16 07:00:04,299,0,0,120.0,120.0,0.0,0
9tk2MEkqw0U,UCzVXdulvpgEoI8yuFMmhxJw,2026-07-31 02:54:11,5314,181,3,119.85,120.1,0.1,0
9tl5LJgcNG8,UCPGl9DV2WUgaqGVXtVrhJWQ,2026-08-23 02:57:23,2,0,0,119.81,120.06,0.06,0
9toZFuuk7yQ,UCpcTrCXblq78GZrTUTLWeBw,2026-07-12 20:32:12,14421367,43999,188,119.97,120.22,0.03,1
9tsrzyadctE,UCNu00qhYj4nPeMNdxuwV6sg,2026-07-13 13:58:03,1240,17,0,119.78,120.03,0.03,0
9u2exx_IceQ,UCaN1Qp37sHiCdQuSaXa3fVw,2026-07-29 10:34:03,46398,591,30,119.93,120.18,0.07,1
9u2fNNUE_9M,UCCs1YZHxUTIbLZd-xrvvMCw,2026-08-18 09:00:55,230899,3881,209,119.99,120.24,0.01,0
9uDagxUrMTU,UCgLFbrC7-g0ihBKB0obVPTg,2026-08-29 16:06:32,2109,17,1,119.9,120.15,0.1,0
9uNmuK0x7dc,UC_e83kYlGHWbsrr8QCfV_ag,2026-07-28 13:58:44,54939,161,78,119.77,120.02,0.02,0
9uO8p5X469E,UCpX86JOUhnrzG7MK8e8Gjbw,2026-07-20 09:33:38,25735,100,97,119.94,120.19,0.06,0
9uTVMh5vtfE,UCJN5mgLqkPCTVC5v-12gKjQ,2026-08-13 13:30:25,4050,213,58,120.0,120.0,0.0,0
9uaLrlBHDgw,UCIKORyfTZ0cN-u0hrxHcgUw,2026-08-28 01:30:23,143,2,0,119.76,120.01,0.01,0
9uaa0498Sg4,UCcvKf8NxAw9i09hZw1MQPBQ,2026-08-20 12:07:15,14862,308,378,119.88,120.13,0.12,0
9uvXv7nOhEg,UCBo7GIv99qTzHaa6ip09YLA,2026-08-01 03:00:08,9061,29,6,120.0,120.0,0.0,1
9v9OXrgC1ck,UC6fx3aU3i3C51oXwXm8idTQ,2026-08-31 13:41:17,6,0,0,119.82,120.07,0.07,0
9vFV2phcd_c,UC1dG3vI9FfHnH3YgyeKUz_A,2026-07-21 14:13:31,215321,957,345,119.78,120.03,0.03,0
9vJ8QkdodC8,UC8rbhIem-3aAsNXhTDI-nSA,2026-08-15 23:00:15,115757,2207,156,120.0,120.0,0.0,0
9vSuNLNU4PA,UCYTQCmuFcacJJ_Tad20qqEw,2026-07-27 16:59:33,453302,17288,284,119.76,120.01,0.01,0
9vrZM8DSSsI,UCETJ2rkwgeYb0OojPNh-DRw,2026-07-12 14:51:57,52,0,0,119.89,120.14,0.11,0
9vvTBM9V2Js,UCt8CJiye87FMbEwt0npPMuQ,2026-08-15 12:45:12,9714,586,39,120.0,120.0,0.0,1
9w-VXUQBAbs,UC_e83kYlGHWbsrr8QCfV_ag,2026-08-25 12:21:44,18319,136,19,119.9,120.15,0.1,0
9w13d0yScaU,UC3gl4CHfNtAqNjju1goB0_w,2026-08-18 07:00:02,23960,356,15,119.76,120.01,0.01,1
9w4FY2t7ozg,UC78d2aaqdrt02RfmtRLmlAw,2026-07-23 01:25:37,4425,43,1,119.83,120.08,0.08,0
9wDJt1WXvZs,UC8chC5rneP-LHm43q-jF3oQ,2026-08-10 22:00:01,727867,11008,457,120.0,120.0,0.0,1
9wEFlJpnh6E,UCCrqkpYfyGX5UBFyPx6bqKA,2026-08-27 09:57:15,9484,72,16,119.81,120.06,0.06,0
9wKHvZ86kAY,UCKrprPfevcAZpPuRnCO6xOA,2026-08-15 06:45:43,46,0,0,119.99,120.24,0.01,0
9wcrEEj_gCA,UCirJgPv8RtFaFMj39b6cD8Q,2026-07-26 03:00:38,21623,85,0,119.99,120.24,0.01,1
9wdlXsXTJ98,UCpcTrCXblq78GZrTUTLWeBw,2026-07-11 07:45:08,1502350,10155,116,120.0,120.0,0.0,0
9weMge8uFFI,UCV6mNrW8CrmWtcxWfQXy11g,2026-07-25 11:25:41,122443,5187,118,119.82,120.07,0.07,0
9wn7XvRkldQ,UCXg-6b0X0sIMBDHhbyBuOQg,2026-07-16 11:00:07,1770,21,2,120.0,120.0,0.0,1
9wv5Fj_Iu0U,UCq0fwcojiA7ztN0FgTEgfXA,2026-08-27 08:22:42,1228,16,0,119.88,120.13,0.12,0
9x0M5wlYrNk,UCVipGmBXqbYKNODNzVCN86w,2026-07-29 01:00:02,49040,783,13,120.0,120.0,0.0,1
9xCEciewza4,UCwBkHOTyu57NQi0syf5MLig,2026-08-14 04:00:08,156942,1014,148,120.0,120.0,0.0,1
9xPA8Uu_l-c,UCFJAOgvqcc3fPqdu7fTl-zA,2026-07-31 00:30:01,2841,105,60,120.0,120.0,0.0,0
9xS7u_0IbeQ,UCuXE-MdbuaZcPt_2J2kSsSQ,2026-07-11 03:07:36,54,0,0,119.88,120.13,0.12,0
9xXntb__mwE,UCw1DsweY9b2AKGjV4kGJP1A,2026-08-22 07:45:01,89925,168,13,119.76,120.01,0.01,1
9xq_74nQmOo,UCElXDMEQqlUnuyDbChjARWQ,2026-08-22 07:30:26,684,3,0,120.0,120.0,0.0,0
9xqygZOHhKU,UCjOtzpfj5lF9erwTEQYkxtQ,2026-07-25 03:00:33,71481,1521,64,119.99,120.24,0.01,0
9y4xZe3W74E,UCNmN3W2H0r5_hV2drzbEn7Q,2026-08-17 09:36:26,18419,232,37,119.9,120.15,0.1,1
9yF7xLjT2SE,UC3DYSay178fMMPaf3zHwECA,2026-08-01 04:15:06,14288,314,22,120.0,120.0,0.0,0
9yFdsLbp8vs,UC0PMQXAwF6O6aeTpv962miA,2026-08-05 20:00:04,11724,400,53,120.0,120.0,0.0,0
9yHteN5i4eE,UCt8CJiye87FMbEwt0npPMuQ,2026-08-14 16:00:14,2446,97,37,120.0,120.0,0.0,0
9yJJ5M8BSUA,UC8FErYSi74YwGUAoTpjvgzQ,2026-07-28 06:00:23,3806,49,28,120.0,120.0,0.0,0
9yRZdBqaBx8,UCPsZX-D7LW99PjZLA-UysPQ,2026-07-30 12:00:27,350,5,4,119.99,120.24,0.01,0
9yTtWj88eBo,UCp9skQ2mP_DfVL8c3gZQUzg,2026-08-25 18:16:22,22940,237,2,119.99,120.24,0.01,0
9ykC-Vp-r5k,UC9nWoDbRAl3-fvreBNeStKQ,2026-08-28 19:22:32,21445,53,0,119.88,120.14,0.12,0
9yoY4S7bIg4,UCIvLQ5lZ2kebqnLaGv_FP4w,2026-07-28 08:30:33,6471,62,27,119.99,120.24,0.01,0
9z1ggwFsfQg,UCtGMgPWJNU2Aj-SNK0zg0Sg,2026-07-30 15:44:07,2611,18,1,119.77,120.02,0.02,0
9z7ZD-xgXR0,UCOaUTqrtz1yBBiwziVJEAmQ,2026-07-27 13:15:08,6902,87,17,120.0,120.0,0.0,1
9zOlZPhYPrU,UCVipGmBXqbYKNODNzVCN86w,2026-08-16 14:00:26,49215,860,32,120.0,120.0,0.0,1
9zQAG8zypEY,UC3_QWAvQRhPW4CDoQU8acKw,2026-07-25 06:01:45,34791,556,54,119.97,120.22,0.03,1
9zq8ufnnjzw,UC8E29ANOC3_OuB7_5EPY2xw,2026-08-24 10:00:31,3124,46,5,120.0,120.0,0.0,0
9ztX53h8WNc,UCO8ToDSM2Gvt3EZdOdosxTw,2026-07-19 09:00:34,55716,1341,39,119.99,120.24,0.01,0
9zuS0XKcKzg,UCpX86JOUhnrzG7MK8e8Gjbw,2026-08-29 04:17:00,43859,223,97,119.98,120.23,0.02,0
A-0lxe5G_5E,UCHeg3ApmuXQbqqszaD1fR9g,2026-08-02 14:55:05,106,6,0,119.83,120.08,0.08,0
A-4mQkMaA88,UCkd3KAYGnTNPJZZrPOFeWhA,2026-07-30 08:52:20,11655,33,11,119.88,120.13,0.12,0
A-96bKbycQ8,UCPJGXrPIVKBR8PJY7w33WZw,2026-08-26 22:00:31,182449,3687,137,119.75,120.01,0.01,1
A-AFPIz-a0s,UCzDyC6JMEXEufozffWzI9Mg,2026-07-30 04:00:14,19523,322,52,120.0,120.0,0.0,0
A-C69Mct_5A,UC-FiQR2gg8oiNw98ZdsSX6Q,2026-08-01 05:23:22,1955,7,0,119.86,120.11,0.11,0
A-V7w5WaZGY,UCBS4sjbGJIcclT-Y6i_Jzkg,2026-08-14 18:14:54,19215,682,6,120.0,120.0,0.0,1
A-WRVipTeuU,UCp6n8d8Y8r3MwKNw_MMaouQ,2026-08-22 13:00:33,4165,269,5,120.0,120.0,0.0,0
A-hBeJH1hbw,UCpcTrCXblq78GZrTUTLWeBw,2026-08-09 10:30:02,51843,616,40,120.0,120.0,0.0,1
A-nwEa_2H0Q,UCPuD5ZRQWa_JCaY5NokNhtg,2026-08-19 07:07:37,228,6,2,119.89,120.14,0.11,0
A-pOToFgv58,UCWVS5IJOkNnkKS5rjiAt9rw,2026-08-16 17:56:34,4977,45,0,119.81,120.06,0.06,0
A-qXfLAmICg,UC8aCmG_y4DqqVI9Xlcym1Jg,2026-07-31 15:08:04,5435,168,8,119.87,120.12,0.12,0
A03qmOWWXWA,UCIQEX0V3QxP-tY_jpRT-waQ,2026-08-21 13:34:06,2096,76,27,119.94,120.19,0.06,0
A05u30kdkUE,UC9M8GGVwPqc9ubNruArCNPg,2026-07-14 13:00:37,101940,2504,146,119.99,120.24,0.01,1
A0IbtA4-sqQ,UCJDXc9JWCZo-nLNKr_-L2Ng,2026-08-28 16:42:31,1494,45,3,119.8,120.05,0.05,0
A0It1GoNKis,UCAl4HWznMn7KhKBRFO5eiFA,2026-08-13 11:15:59,5104,15,0,119.99,120.24,0.01,1
A0MmfD5NilE,UC6YqXiwCBfPvPTs3wXgWElQ,2026-08-28 06:33:06,1188,5,1,119.96,120.21,0.04,1
A0Tcy1JAI4c,UCBtJuwDt6LlXp2YASC-ZMdA,2026-08-11 11:00:27,1159,5,0,119.99,120.25,0.01,1
A0aN1UEpLZQ,UCV7WE8I_UiAN0fa6Arezx_w,2026-07-20 02:00:15,75,0,1,120.0,120.0,0.0,0
A0wuPc79aMU,UCPN9TrChCye1s97iEUOsIeA,2026-08-05 11:04:39,10,0,0,119.92,120.17,0.08,0
A1FRYhBmguY,UCo33r3SAf5z9MS-lrXV2aOQ,2026-08-16 04:00:19,108150,1264,25,120.0,120.0,0.0,1
A1MyLz4TgK8,UCvfEv6nBnL0QlKqyGmL0orQ,2026-08-16 00:45:07,1280,18,12,120.0,120.0,0.0,0
A1TgVG7gYFI,UCnhGcri8x6xhehanhAe9ipw,2026-08-22 14:42:14,21689,165,19,119.81,120.06,0.06,1
A1au2CStcD8,UCPGl9DV2WUgaqGVXtVrhJWQ,2026-08-26 15:00:33,4,0,0,120.0,120.0,0.0,0
A1lGYTGwIEo,UCXAXCxTCCYYKsLJNzEvjqfw,2026-08-01 17:49:21,63313,1224,79,119.93,120.18,0.07,0
A1lLIhMSvGM,UC-FiQR2gg8oiNw98ZdsSX6Q,2026-07-29 07:00:38,1232,5,1,119.99,120.24,0.01,0
A27Xu8EGWKg,UC5T_FfQwgy56XP0aEVHYULQ,2026-07-30 06:03:26,1298,25,4,119.95,120.2,0.05,0
A2T4mFjZ6OE,UCrKSaegnzewdj9-YLsUhoZw,2026-07-11 04:37:45,17960,116,61,119.87,120.12,0.12,0
A2bhWKPQjP8,UCPGl9DV2WUgaqGVXtVrhJWQ,2026-07-22 13:25:28,2,0,0,119.83,120.08,0.08,0
A2p0LKkhekc,UCCd3jyJmOFzkJEMj5Bp89rw,2026-07-22 15:00:21,1494,89,0,120.0,120.0,0.0,1
A2tQd9iYIwI,UCJDXc9JWCZo-nLNKr_-L2Ng,2026-08-22 13:00:33,1995,87,3,120.0,120.0,0.0,0
A34SXN98Tsg,UCcum1rCJ5GJeQ_xv0xrohqg,2026-08-21 04:00:04,15281,508,82,119.76,120.01,0.01,0
BbLqUUt7jQ8,UC9nWoDbRAl3-fvreBNeStKQ,2026-07-29 18:26:20,2503,15,4,119.81,120.06,0.06,0
BbMZa3PKnUc,UCyiKhng8Mr3xlm-rgec6mWQ,2026-07-29 23:00:35,37,1,0,119.99,120.24,0.01,0
BbQXPqdDyQE,UCa4clnMsHg6uJPpxKbxCEmA,2026-07-25 00:00:31,113463,1555,68,119.99,120.24,0.01,0
BbQXbpSkEMU,UCt8CJiye87FMbEwt0npPMuQ,2026-07-29 14:00:38,2675,101,20,119.99,120.24,0.01,0
BbQ_bEEatYI,UC3gl4CHfNtAqNjju1goB0_w,2026-08-17 00:37:38,56627,766,36,119.88,120.13,0.12,1
BbrS8G-n8zo,UCfIUuMA7U_jImP7oWfTe4Pw,2026-07-26 10:53:00,227394,1356,216,119.87,120.12,0.12,0
BbsY3m0stqs,UCFCt5RYu41HTg4eX1jdHNxw,2026-08-16 23:37:58,16474,108,4,119.87,120.12,0.12,0
BbzvQiVRhto,UCb3wpKfVlnPx2bym2Tivbzw,2026-08-18 17:35:23,3607,152,62,119.92,120.17,0.08,0
Bc3xEdSSQpA,UC2k1bSUZ4X02jMs_sTS9jiQ,2026-08-22 09:00:00,5386,112,23,119.76,120.01,0.01,0
Bc6TwAsB9DU,UCaMV-CjrWYh2Aefg_8iLwJQ,2026-08-31 09:00:16,147475,350,69,119.76,120.01,0.01,0
BcAquq3mPfY,UC7wtTnMorJi_d93lb_P2Xow,2026-08-11 10:00:23,28736,350,45,120.0,120.0,0.0,0
BcFiyBm6z34,UCF-rFAdN7dzd-SI2T3rkCaQ,2026-08-22 08:01:54,173839,2782,44,119.98,120.23,0.02,1
BcXW07_q_gw,UCy8OX8RrstkjRrnM5hND_ug,2026-08-13 18:47:11,1532,60,3,119.97,120.22,0.03,0
Bcpz4-n-G-Q,UCLXI7tT4pHH222QgpvYx1jA,2026-08-12 12:40:37,95,14,0,119.83,120.08,0.08,0
Bd-mN6hv4mY,UCz5UFGucIyJGH0nf_8d0ghA,2026-08-12 22:59:56,7410,82,28,120.0,120.0,0.0,0
Bd3UIOys8jA,UCeB_ZeSo0xDL62wWlkTEtjA,2026-08-27 03:34:13,24155,137,64,119.94,120.19,0.06,0
BdYAoKAbCh0,UCKrprPfevcAZpPuRnCO6xOA,2026-08-30 18:35:07,162,0,0,119.93,120.18,0.07,0
BdZ_IN0PpGQ,UCe-7GwWL1XNlCJyfqBhgrHA,2026-08-28 09:32:50,93711,1773,81,119.97,120.21,0.03,0
Bdh5_Ye-1gU,UCFHUplScMiWTjJrtv4hxWmg,2026-07-27 08:00:14,10670,119,22,120.0,120.0,0.0,0
BdpBxPccR90,UCV7WE8I_UiAN0fa6Arezx_w,2026-08-18 10:00:31,50,0,0,120.0,120.0,0.0,0
BeAcl7wmjZU,UCKrprPfevcAZpPuRnCO6xOA,2026-08-25 09:00:11,1065,8,3,119.76,120.01,0.01,0
BeE_Z4Equik,UCWVS5IJOkNnkKS5rjiAt9rw,2026-08-24 09:12:21,34092,165,25,119.81,120.06,0.06,0
BeUOtJ2AAqQ,UC2_VPutZK0o_tG8ca_QrQRA,2026-08-29 05:16:14,84029,,73,119.99,120.24,0.01,0
Bec-RALSY1Y,UCdoTrHNHnoRbaQenxK5PEUg,2026-07-30 01:58:42,33,0,0,119.77,120.02,0.02,0
BehgNJLwDE8,UCO8ToDSM2Gvt3EZdOdosxTw,2026-07-27 03:30:11,9167,192,90,120.0,120.0,0.0,0
Bet5VE-gFXs,UCV7WE8I_UiAN0fa6Arezx_w,2026-07-30 11:00:38,23,0,0,119.99,120.24,0.01,0
Beu-7XvFOnc,UCOTJtP0Z9DjpPU43B5m1V6A,2026-08-26 12:00:13,462561,2388,72,119.76,120.01,0.01,0
Bex7kaKYr2M,UCIQEX0V3QxP-tY_jpRT-waQ,2026-08-24 14:07:46,1288,7,1,119.89,120.13,0.11,1
BezguCy9yXo,UCPGl9DV2WUgaqGVXtVrhJWQ,2026-08-13 15:00:18,3,0,0,120.0,120.0,0.0,0
BfALlkSGTHE,UC8IxyKkhu4YUYK_c76AdcDw,2026-07-24 22:54:09,9272,62,55,119.85,120.1,0.1,0
BfAvCg2KECA,UCAaLhok91QDrweyuDRsmjqQ,2026-07-13 14:41:37,122407,742,75,119.81,120.06,0.06,0
BfF8Qf-YhwA,UCT-UsvGz4gm7lezXvCEex9A,2026-07-27 10:00:22,14070,416,22,120.0,120.0,0.0,1
BfNzb3Mc8j0,UC5ScPjbt-a97AJO7SBj6nAg,2026-08-26 08:30:34,91528,2446,328,120.0,120.0,0.0,0
BfSplzcD09g,UCV6mNrW8CrmWtcxWfQXy11g,2026-08-13 13:47:07,91525,4702,171,119.97,120.22,0.03,0
BfT9S7yg0xM,UCPGl9DV2WUgaqGVXtVrhJWQ,2026-07-18 15:00:38,17,0,0,119.99,120.24,0.01,0
BfbYf_-6vdI,UC9vI-9WYQLXKI6n9XdXXo3g,2026-08-02 08:09:25,5932,58,40,119.85,120.1,0.1,0
BflJxDG1rJo,UCPGl9DV2WUgaqGVXtVrhJWQ,2026-08-12 15:00:23,11,0,0,120.0,120.0,0.0,0
BflOSKUgrjY,UCOTJtP0Z9DjpPU43B5m1V6A,2026-08-02 14:05:40,107226,558,113,119.91,120.16,0.09,0
Bfo3fmf2PRY,UCzDmGDR5RdahQkLCBoWlTEg,2026-08-12 12:03:04,25434,118,25,119.95,120.2,0.05,0
Bg89MPSfDLA,UCp9skQ2mP_DfVL8c3gZQUzg,2026-08-11 10:57:55,11134,103,24,119.79,120.04,0.04,0
BgCI-xPQSoc,UC_8GOc5dWX2Kpb74_nQ7vSQ,2026-08-27 09:00:12,219927,2840,450,119.76,120.01,0.01,0
BgG2lKgBXWE,UCUt2AEhC-OOC2EPCzj4DkCw,2026-08-09 23:00:20,418123,6841,219,120.0,120.0,0.0,1
BgLACQDLOwM,UCp9skQ2mP_DfVL8c3gZQUzg,2026-08-26 18:22:44,22484,128,2,119.88,120.13,0.12,0
Bgf1byKV4lI,UCPGl9DV2WUgaqGVXtVrhJWQ,2026-07-27 15:10:08,7,0,0,119.83,120.08,0.08,0
BgggI_2Cj5Q,UCrfB1-zWijAYkgfZW7Ehc8Q,2026-08-25 08:00:03,77530,4184,488,119.76,120.01,0.01,0
BgpKD8wiPEc,UClSuqiIAACDUJrH3gb4JcLQ,2026-08-05 02:21:46,105122,1365,452,119.89,120.14,0.11,0
BgqgGElP7EI,UCSGKRGHGqP8W11G-SxsMaOw,2026-08-09 12:46:49,23996,541,73,119.97,120.22,0.03,1
BgyWVbJp108,UC5ScPjbt-a97AJO7SBj6nAg,2026-08-09 04:52:08,366776,8538,151,119.88,120.13,0.12,1
BgzDbGJ2VvI,UCS2OAdHoLt-9T6cG9A2H49Q,2026-07-24 03:00:23,8345,109,18,120.0,120.0,0.0,0
BhE6idAnOhk,UCV6mNrW8CrmWtcxWfQXy11g,2026-08-15 10:00:36,177916,7988,54,119.99,120.24,0.01,1
BhS9056BncY,UCJmnOEp1-OITEU0mk4icM5A,2026-08-05 03:00:30,35055,680,19,119.99,120.24,0.01,1
BhV6XD_UrE4,UCA2ztZuXhSktpdxb419WvCQ,2026-08-30 04:00:04,10830,73,44,119.76,120.02,0.02,0
Bhfl6AnLy0Q,UCULRVjf5z_WoR106msn8HoA,2026-08-29 08:31:32,228496,1440,845,119.99,120.24,0.01,0
BhpWvMBI5K8,UCv1tOT645xHOJrwdGlzjMaA,2026-08-26 11:27:36,45343,397,83,119.8,120.05,0.05,0
BhxeZcLxTu0,UCZ6mNZTiTUrUSbSYPlclI4A,2026-08-29 01:15:47,5043,145,14,120.0,120.0,0.0,1
Bi6DATKUZSQ,UCPsZX-D7LW99PjZLA-UysPQ,2026-08-29 06:00:18,1209,2,1,119.76,120.01,0.01,0
BiBMl5rQz9Y,UCoIEwIHhW-1_roLnb5nK_UA,2026-07-23 14:00:14,136,3,0,120.0,120.0,0.0,0
BiEKb_OWu1Q,UCdb5lyq0tWbY3jqH35SufmA,2026-07-22 22:30:34,5437,47,25,119.99,120.24,0.01,0
BiHYtfkfCnA,UCeG0ONJtjwE20ThR5iSYdsA,2026-08-22 04:00:06,49726,646,112,119.76,120.01,0.01,0
BiKq9cNZd_w,UC8x8GQmlxAIhHxzU61z0uLQ,2026-08-16 12:09:24,8403,60,6,119.85,120.1,0.1,0
BiLqMwMHI_8,UCppLE7C1TC4ovrGbRoTzsmg,2026-08-21 12:00:15,1590,21,3,119.76,120.01,0.01,0
BiOrN_qG-XU,UCbFLnCfOet-u_kFyA7uX-9Q,2026-07-24 22:00:27,14442,164,13,120.0,120.0,0.0,1
BiS9Bf8mOUw,UCzSODDx0zQF3nxXOZISCm_w,2026-08-08 13:30:17,352,1,0,120.0,120.0,0.0,1
BiScT6D6HBI,UCPGl9DV2WUgaqGVXtVrhJWQ,2026-08-31 14:16:00,9,0,0,120.0,120.0,0.0,0
BiX6xwobH44,UCB4gIGaPUiLtpPreFSf8fKQ,2026-08-12 15:33:05,2842,52,16,119.95,120.2,0.05,0
BintcBGS6y8,UC_9W6Z5Y3lDpLk47Y_y5ITQ,2026-08-16 01:10:17,66638,787,67,119.83,120.08,0.08,0
Biq4mw8VMF8,UCPuD5ZRQWa_JCaY5NokNhtg,2026-08-06 15:39:52,404,6,3,119.84,120.09,0.09,0
Biw2JVaGNxo,UCd6CX2LiQE2dEAPXwk2N0jg,2026-08-01 11:30:35,69611,806,172,119.99,120.24,0.01,0
Bj32KSchfGQ,UCdK9h1ILxS49c2LguBUY3rw,2026-07-29 11:30:12,7,2,0,120.0,120.0,0.0,0
BjM-xvkzQf0,UCZ6mNZTiTUrUSbSYPlclI4A,2026-08-07 12:47:22,15016,379,33,119.96,120.21,0.04,1
BjNDNLrtM04,UC6YqXiwCBfPvPTs3wXgWElQ,2026-08-18 08:31:35,6493,97,3,119.99,120.24,0.01,1
BjQ0mk9_Xcg,UCPuD5ZRQWa_JCaY5NokNhtg,2026-07-31 12:24:31,3801,121,18,119.84,120.09,0.09,0
BjYtVAvRoTo,UCPv0av3PfTUeTnHGgcXkk8w,2026-07-12 15:01:29,11,0,0,119.98,120.23,0.02,0
Bjefh7gLQc4,UCrXfM4HsibSucC_NlIY7v0Q,2026-08-12 09:26:38,1162,15,1,119.81,120.06,0.06,0
Bjny08gAVcY,UCv1tOT645xHOJrwdGlzjMaA,2026-08-09 11:08:43,40150,413,118,119.86,120.11,0.11,0
BjoN53Krf-Q,UCV6mNrW8CrmWtcxWfQXy11g,2026-08-06 10:00:17,608730,21532,302,119.75,120.25,0.25,1
BjqktRkDEAo,UCWwbZhw5M-Q5dZtTK4nDWNw,2026-08-31 13:15:27,24096,122,20,120.0,120.0,0.0,0
BjtW7R-oOFE,UCw1DsweY9b2AKGjV4kGJP1A,2026-07-31 08:00:22,4684,18,4,120.0,120.0,0.0,0
Bk49IAud6pg,UCifCesg-EUkjKyQedaB3hRg,2026-07-31 00:00:16,2894,34,0,120.0,120.0,0.0,0
Bk77_1F2Ivo,UCEg24oF81p-THPtp3otdmTA,2026-07-27 09:00:00,79723,2250,61,120.0,120.0,0.0,0
BkQgGIMhCno,UCkavlo6q2XfO_MA9Q24wRvw,2026-08-05 10:11:46,543,4,0,119.81,120.06,0.06,0
BkYmBGa79Bg,UCww3MeqGQnIatVvEr3pSjhA,2026-08-13 08:20:07,37833,686,285,119.92,120.17,0.08,0
Bkn-s-pnock,UCzDmGDR5RdahQkLCBoWlTEg,2026-07-18 09:10:32,68382,278,27,119.83,120.08,0.08,1
BkowntjAQu8,UCOgXOOKbZRtfQvlggBpN6zw,2026-08-13 12:00:17,169,14,15,120.0,120.0,0.0,0
Bl-x8VS43HA,UCBtJuwDt6LlXp2YASC-ZMdA,2026-08-24 03:00:08,1987,25,0,119.76,120.01,0.01,1
Bl0KcpyRVQk,UCpcTrCXblq78GZrTUTLWeBw,2026-07-30 14:30:17,221130,6716,112,120.0,120.0,0.0,0
BlEmx4Zl4Wg,UC_E_qYfGKM3C0kqrp1p8z7Q,2026-08-19 17:00:13,492,16,2,119.76,120.01,0.01,1
BlErIcARiGQ,UCPuD5ZRQWa_JCaY5NokNhtg,2026-08-14 05:46:02,406,4,2,119.99,120.24,0.01,0
BlFrIbTjG24,UCIvLQ5lZ2kebqnLaGv_FP4w,2026-08-24 17:39:28,3177,15,0,119.85,120.1,0.1,0
BlUjNQgGV64,UC5RxNUZ9_c94ZEfJGnJZmTw,2026-08-18 12:00:15,2566,112,32,119.76,120.01,0.01,0
Bm-AVr-e2XI,UCYxwKnNRv4FurQxeKcuR0Sw,2026-08-13 13:47:37,33,3,0,119.96,120.21,0.04,0
BmAKRI6XD_c,UC2NFRq9s2neD_Ml0tPhNC2Q,2026-08-27 02:30:07,324102,2752,213,119.76,120.01,0.01,0
BmRQya4AT_k,UC5bjQxLK_3XVzIOTQ04sYeg,2026-08-05 16:50:15,2096,16,0,119.92,120.17,0.08,0
BmVbDr3o5ZU,UCO8ToDSM2Gvt3EZdOdosxTw,2026-07-12 13:05:12,376240,7805,225,119.91,120.16,0.09,0
BmYZWim_wBw,UCO8ToDSM2Gvt3EZdOdosxTw,2026-07-31 05:30:19,5980,48,70,120.0,120.0,0.0,0
Bmf0Yw49GeI,UC5ThQKdocwo_9UurfT5P_ww,2026-08-27 09:12:58,176686,2141,60,119.8,120.05,0.05,1
BnMYdMVj7T8,UC027x98NgUBw9K4aPT8k0mg,2026-08-09 12:00:16,45695,497,50,120.0,120.0,0.0,0
BnQv6tV7-G8,UC5Yx9RlmznXDUEIrfoSqheA,2026-08-07 17:16:50,3902,41,0,119.97,120.22,0.03,0
BnWIUF2tI2o,UC4VWaR3R17Ruc7j1Cy1-PKQ,2026-08-01 02:14:56,55,3,0,120.0,120.0,0.0,0
BnWYWfebD0Y,UCo33r3SAf5z9MS-lrXV2aOQ,2026-07-27 08:39:12,102237,1079,236,119.85,120.1,0.1,0
Bn_lrSbqu54,UCt8CJiye87FMbEwt0npPMuQ,2026-08-05 13:30:06,3844,123,15,120.0,120.0,0.0,1
BndlVsfnig4,UCt8CJiye87FMbEwt0npPMuQ,2026-07-31 00:21:33,15264,634,133,119.89,120.14,0.11,0
Bng9HsLudmk,UCqFmG6ofirSWvI9B8mwzvyA,2026-08-25 06:00:03,700,17,2,119.76,120.01,0.01,0
BnjGME5yHk8,UCCvEN8bTeF8Z2jcN513T1Gg,2026-07-25 01:23:35,48023,714,8,119.86,120.11,0.11,0
BnjzZRoU6MI,UCJmnOEp1-OITEU0mk4icM5A,2026-08-28 02:00:02,80391,768,162,119.76,120.01,0.01,0
Bnl2LhW3b9U,UCJoWNCiFuiN4eZnB80WUf4Q,2026-08-12 05:30:39,61418,714,58,119.99,120.24,0.01,0
BoCVtjTq5iE,UCAl4HWznMn7KhKBRFO5eiFA,2026-08-20 12:05:24,3507,19,0,119.92,120.16,0.08,0
BoOn958w-Rc,UCN8YcyYvYIrtLcwyT-KqbNg,2026-08-26 11:00:08,392562,6756,57,119.76,120.01,0.01,0
BoSt82gjKFQ,UCQePzo3_oRB-6RAzBioc6pg,2026-08-12 03:14:20,39021,414,235,119.77,120.01,0.01,0
BoU4aocHg8k,UC0-ZCUCeCQBwKU15x0Aqk_g,2026-08-02 17:15:33,42091,376,7,119.99,120.24,0.01,0
BoUFGvehx-c,UCp9skQ2mP_DfVL8c3gZQUzg,2026-08-24 05:53:18,19610,189,53,119.87,120.12,0.12,0
Bob5xHTQhIs,UC4VWaR3R17Ruc7j1Cy1-PKQ,2026-07-20 10:03:23,272,1,0,119.95,120.2,0.05,1
BodMpV3YRMM,UCdQHEqTxcFzjFCrq0o4V7dg,2026-08-29 22:20:00,186912,4594,523,119.93,120.18,0.07,0
BofExR2KWys,UCBtJuwDt6LlXp2YASC-ZMdA,2026-08-08 09:00:01,1378,4,0,120.0,120.0,0.0,0
BojJcNM15TM,UCY_vDlvG-BTDRIOk_I9QQ6g,2026-08-29 14:20:50,8828,49,10,119.91,120.16,0.09,0
BoozJ86xl2I,UCN8YcyYvYIrtLcwyT-KqbNg,2026-08-18 11:30:30,258666,3274,78,120.0,120.0,0.0,1
BowRnIRv8ZA,UCZNTsLA6t6bRoj-5QRmqt_w,2026-07-22 14:00:24,52103,1402,393,120.0,120.0,0.0,0
Bp-FA8BoTF8,UCEcRvF_6IRSux8FO-ogFZug,2026-08-19 17:58:52,23091,706,36,119.78,120.03,0.03,0
BpD8Mkk3jiQ,UCfjMjhfjRRy8B0mfqbO_43w,2026-07-26 01:45:15,62870,862,172,120.0,120.0,0.0,0
BpGiVU_A8ZQ,UCpTNtH8yc1Kdl_YFfsQsTYA,2026-08-13 00:56:33,3120,27,0,119.81,120.06,0.06,0
BpQbeWLDBiE,UCBvkOBLsSj9kusGYlroQkBg,2026-08-12 12:43:50,402994,6262,105,119.77,120.02,0.02,0
BpVQil7Jy3o,UC-yb5eNBQyXBE9nZnht9u-g,2026-07-28 12:29:45,48691,993,18,119.76,120.01,0.01,1
BpX-EIoGzjI,UCnkytUgy0CtWd06up9CjNxg,2026-08-14 11:08:20,85152,1476,175,119.86,120.11,0.11,0
BpoPqyNd9G0,UC4oe-OVZ2Ho-03yrMkrXomQ,2026-07-26 04:30:29,72945,2121,77,119.99,120.24,0.01,1
Bpr6es1GIk4,UCw55Gv3z7xgtG34fOP1-Aiw,2026-08-27 08:29:49,5526,23,10,119.77,120.02,0.02,0
Bq27Y3Q8DOY,UC4VWaR3R17Ruc7j1Cy1-PKQ,2026-08-22 05:07:10,129,5,7,119.89,120.14,0.11,0
BqFEAj10rUA,UC2k1bSUZ4X02jMs_sTS9jiQ,2026-08-03 12:00:06,14459,247,42,120.0,120.0,0.0,0
BqPmxYf0L6Y,UCpI-AhCT02iQRGLC2ZcY0Jw,2026-08-16 11:00:13,40154,732,16,120.0,120.0,0.0,1
BqV95rYnlMg,UCt8CJiye87FMbEwt0npPMuQ,2026-07-16 18:29:56,5175,437,26,120.0,120.0,0.0,1
BqXms-JY_VM,UCSzHok6X5qXEO7cjvVnE62g,2026-08-21 08:00:10,54841,278,35,119.76,120.01,0.01,0
BqZ4LUgAE-o,UCgLFbrC7-g0ihBKB0obVPTg,2026-08-04 12:43:50,113,6,0,119.77,120.02,0.02,0
Bq_S5NVY2W8,UC5WN-znPsJK0BbA8aHxZHWQ,2026-07-31 14:05:05,133802,1152,28,119.92,120.17,0.08,1
Bq_f0mdw4Vc,UCJDXc9JWCZo-nLNKr_-L2Ng,2026-08-21 13:00:34,2647,105,3,120.0,120.0,0.0,0
Bql5l6OFo5g,UC2yOBpLVwB7kzt9C5ZPbB7w,2026-07-27 20:00:33,60193,777,42,119.99,120.24,0.01,1
BqzFGRSrS-4,UCQhIdo5nRQY9DB3uo7vawtw,2026-08-22 13:56:42,565,22,4,119.82,120.07,0.07,0
Br5sqK0y-JM,UCsrLyevZL_AEZY0LaYVCYzA,2026-08-17 23:00:05,31,1,0,120.0,120.0,0.0,0
BrRUOcaiW-4,UCirJgPv8RtFaFMj39b6cD8Q,2026-08-27 03:00:36,1529,18,0,120.0,120.0,0.0,1
BrcWLVYOSms,UC24GgPBq5W3v34z0p0uk1Ow,2026-07-29 15:00:12,480,3,0,120.0,120.0,0.0,0
BsB5sR42oJU,UC699Y51pMl0wWLPA4atcZjQ,2026-08-17 02:00:31,6611,151,81,119.99,120.24,0.01,0
BsC9Rv3meNA,UCyZXLzORHoh9QMwA7IwS0pA,2026-08-21 17:12:19,2443,20,0,119.81,120.06,0.06,0
BsZc_mf6Gxs,UCWVS5IJOkNnkKS5rjiAt9rw,2026-08-22 12:17:47,3283,27,1,119.97,120.22,0.03,0
Bsm73EQVnyg,UC4P7F8qenDo1O_5NvgBb_cg,2026-08-11 02:30:10,66276,708,54,120.0,120.0,0.0,0
BtDiGlbSbQI,UCGi94VU356EAvQLgODywyrA,2026-08-12 19:07:27,3558,74,0,119.88,120.13,0.12,0
BtUkHJJ5_PA,UCV7WE8I_UiAN0fa6Arezx_w,2026-08-31 07:00:21,197,2,0,119.76,120.01,0.01,0
BtnHozGg7dg,UCYooECrv-fIXlPaDwEIaveA,2026-08-31 09:01:09,61462,608,45,119.99,120.24,0.01,0
BtpBVcr_OIY,UC_e83kYlGHWbsrr8QCfV_ag,2026-07-28 13:38:47,34460,55,8,119.86,120.11,0.11,1
BttBA6B-o6U,UCHeg3ApmuXQbqqszaD1fR9g,2026-08-23 02:00:31,4670,59,5,120.0,120.0,0.0,1
Bu1X0xCVGoE,UC59jWhPazXYi8Ny4vake45A,2026-08-27 20:44:34,156561,5353,126,119.77,120.02,0.02,1
BuRE6Tp7kdU,UCgyDKBTgkBfa8jWrBb8Npig,2026-08-26 16:43:10,125,2,1,119.79,120.04,0.04,0
BufTZqkPSy0,UCifCesg-EUkjKyQedaB3hRg,2026-08-14 22:36:05,22737,275,6,119.9,120.15,0.1,1
BufzSS-cVXk,UCUR5w0E-jQTOO8Q0FZ4ilYQ,2026-08-24 10:16:12,314751,1054,115,119.99,120.24,0.01,0
Buvz5KO4GY8,UCaY7wcqhFb_c2eQ1eRB8rOQ,2026-08-26 10:15:26,24751,358,50,120.0,120.0,0.0,0
Bv1iz0g8n4o,UCGVy07wZs8W-EpKAGchrmCQ,2026-08-22 01:08:20,5792,36,9,119.87,120.12,0.12,0
Bv3OhKGJusc,UCyZXLzORHoh9QMwA7IwS0pA,2026-08-25 18:10:24,1248,11,0,119.84,120.09,0.09,0
BvAHqK_ifd0,UCei_ecYpQqFjYhjLaDPr2Lw,2026-07-17 19:18:18,57,5,0,119.95,120.2,0.05,0
BvDtJdQwkfU,UC3DYSay178fMMPaf3zHwECA,2026-07-21 08:00:25,117171,3044,70,119.99,120.24,0.01,1
BvMRCP5H214,UCY_vDlvG-BTDRIOk_I9QQ6g,2026-07-28 09:30:33,2927,32,8,119.99,120.24,0.01,0
BvU1FkqDCOA,UCBtJuwDt6LlXp2YASC-ZMdA,2026-08-13 03:00:03,1306,6,0,120.0,120.0,0.0,1
BvU6dpt1B7w,UCqIwPYLfMd3EoWYwvyTjPnA,2026-07-21 08:00:13,33853,134,16,120.0,120.0,0.0,0
BvWfx2aN5N4,UC0FUMakBJHsRrfKCGQuWnRA,2026-08-03 11:00:26,18999,150,47,119.99,120.24,0.01,0
BvX_7nml214,UCkd3KAYGnTNPJZZrPOFeWhA,2026-08-15 12:00:14,25228,66,16,120.0,120.0,0.0,1
BvYJs2qCYVs,UC-2JsFNClcIesgd7UmtGnpw,2026-08-20 06:45:23,94592,2371,37,120.0,120.0,0.0,1
BvwrzSOYJQQ,UCL_IvtOZo6sONpiydbzzHpA,2026-08-26 01:36:24,31320,482,11,119.9,120.15,0.1,1
Bw-lDXIu_gM,UCV7WE8I_UiAN0fa6Arezx_w,2026-07-21 13:00:29,138,0,0,119.99,120.24,0.01,0
Bw1H84UXClo,UC_E_qYfGKM3C0kqrp1p8z7Q,2026-07-31 15:00:37,86,6,0,119.99,120.24,0.01,0
Bw3MA-bfi8c,UCPGl9DV2WUgaqGVXtVrhJWQ,2026-08-03 15:00:27,6,0,0,119.99,120.24,0.01,0
Bw7TOS7Kyws,UCPv0av3PfTUeTnHGgcXkk8w,2026-08-19 23:59:40,10,0,0,119.76,120.01,0.01,0
BwFJQGzVd0k,UCUR5w0E-jQTOO8Q0FZ4ilYQ,2026-08-07 09:00:33,293789,1143,93,120.0,120.0,0.0,0
BwHkqhpMK-o,UC_9W6Z5Y3lDpLk47Y_y5ITQ,2026-08-02 14:09:13,9262,117,34,119.85,120.1,0.1,0
BwJ-DZbMVNE,UCdK9h1ILxS49c2LguBUY3rw,2026-07-27 11:30:02,7,2,0,120.0,120.0,0.0,0
BwJWBV0KDi0,UCzVXdulvpgEoI8yuFMmhxJw,2026-08-22 10:10:09,233889,12384,226,119.84,120.09,0.09,1
BwbEvRe3-yU,UCZ6mNZTiTUrUSbSYPlclI4A,2026-07-31 13:40:22,71257,1704,122,119.83,120.08,0.08,1
BwfZuaLSdQQ,UCLHwMFguUxHVSk91vzicEJw,2026-07-17 07:42:37,28140,205,23,119.79,120.04,0.04,0
BwnRF23WxBQ,UCuFguUhr9Wr0tFY85nDGk9w,2026-08-03 13:30:33,6965,32,8,119.99,120.24,0.01,0
Bwoxj8ggCDU,UCgjaQlejpAnIu0q-xtVfTEw,2026-07-26 09:47:24,40065,1106,24,119.96,120.21,0.04,1
Bwx8YRwMowM,UCYGF_xk5RDpltyZDSx040uw,2026-08-20 13:44:11,133675,1946,48,119.77,120.02,0.02,1
Bx7QVuql-wE,UCoSniqkitCpxlHrQd5L8A1w,2026-08-24 10:44:51,2600,16,5,119.76,120.01,0.01,0
BxX0KqR9-40,UC8E29ANOC3_OuB7_5EPY2xw,2026-07-28 03:06:26,1355,1,0,119.9,120.14,0.1,1
BxmNX2MWA9Q,UCN5789pKaFwqjVBvg6yws_w,2026-07-30 13:50:44,7,0,0,119.91,120.16,0.09,0
BxyTCDlyj2k,UCMF3M48BakI-ptofqoUqdAA,2026-08-11 16:22:41,3094,117,19,119.87,120.12,0.12,1
By7cynCbbXU,UCI3DTtB-a3fJPjKtQ5kYHfA,2026-07-28 03:00:34,2410,45,2,119.99,120.24,0.01,0
By8pCyo2pCQ,UCdtV_sB8WUWo-P_q3OwNfcw,2026-08-05 10:09:55,24130,144,29,119.84,120.09,0.09,0
ByO-Sy1s8Z4,UCJDXc9JWCZo-nLNKr_-L2Ng,2026-08-27 17:00:17,8407,141,5,119.76,120.01,0.01,0
ByU7Hc4vBtk,UCV6mNrW8CrmWtcxWfQXy11g,2026-08-21 12:00:32,146242,4675,120,120.0,120.0,0.0,1
Byaa9GE1jxc,UCSh__r5HS4Y1xBkccWnV0TA,2026-08-29 18:13:17,191190,10871,205,119.79,120.04,0.04,0
BydV20ZZGCw,UC2t5bjwHdUX4vM2g8TRDq5g,2026-08-19 20:00:34,188728,3769,76,120.0,120.0,0.0,1
Bylgz6T3His,UCUPa-gJcbYG9Ql8b9H9FBbg,2026-08-09 00:00:00,3818,41,10,120.0,120.0,0.0,0
Bytg4wPRObo,UCpI-AhCT02iQRGLC2ZcY0Jw,2026-07-15 11:00:04,43959,902,23,120.0,120.0,0.0,1
Bz146nTdvV4,UCPI40-XQA9-GBGj2k8PPqfg,2026-08-18 08:59:34,51255,916,87,119.77,120.02,0.02,0
BzEGn-ESafM,UCaHIZAKows704_gk6bjdAog,2026-08-26 07:40:42,61031,1204,66,119.83,120.08,0.08,1
BzI0bEuEDJo,UCq6bX1rAJqwt3LmYuHrDPqg,2026-08-20 17:02:36,8040,13,0,119.97,120.22,0.03,0
BzRFxIlAbvQ,UC6NXJtCn3p-actkvBUlHwDA,2026-08-22 01:09:44,353685,2785,200,119.85,120.1,0.1,0
Bzmlw8N5AY0,UC6YqXiwCBfPvPTs3wXgWElQ,2026-08-07 03:01:31,0,0,0,119.98,120.23,0.02,0
BznXIlXJnKE,UCOTJtP0Z9DjpPU43B5m1V6A,2026-08-22 05:05:25,304908,1781,65,119.92,120.17,0.08,1
C-GWdlEsNo4,UCqjUPx-UAFHVvthd71bY7_g,2026-08-09 08:00:31,7607,52,204,119.99,120.24,0.01,0
C-HoU3Z3V40,UCPpSXwAg3hkSpa85Ah-dpgA,2026-08-26 22:00:34,12464,103,45,120.0,120.0,0.0,0
C-Uq4i-_Pwo,UCab17MxxnFtAhGsJVTkSkCg,2026-08-30 14:25:16,5521,56,7,119.84,120.09,0.09,0
C-btVk1Je28,UCSrQnB-Ip9hc0biFQ3HoKzg,2026-08-02 12:04:58,13466,598,38,119.92,120.17,0.08,1
C-gY_h7qu8U,UCN5oT4zGJX-_H6pE5isAEeg,2026-08-13 22:00:32,811696,26026,628,119.99,120.24,0.01,1
C-hltItpnrA,UCXg-6b0X0sIMBDHhbyBuOQg,2026-08-01 14:39:41,0,0,,119.84,120.09,0.09,0
C07paPDSRck,UCQDGJQe8X9tbk_i8Na3VVXg,2026-07-22 05:44:10,774,22,2,119.77,120.02,0.02,0
C0H_LLz1ERU,UCPGl9DV2WUgaqGVXtVrhJWQ,2026-07-19 15:00:23,17,0,0,120.0,120.0,0.0,0
C1CoW3kZJPM,UCbeQg95cAxVRsxxh6FyilxA,2026-08-21 03:57:36,28070,61,18,119.8,120.05,0.05,1
C1GpDVlnti0,UC783XWULPW-nDGv_0EYlB6Q,2026-07-27 09:52:20,80159,1571,310,119.88,120.13,0.12,0
C1OFR3NiL5E,UC3RzmV2LX3AmWhZVx0A7u0A,2026-07-11 07:00:17,12142,213,71,120.0,120.0,0.0,0
C1ZrR9mDjug,UCCd3jyJmOFzkJEMj5Bp89rw,2026-07-27 15:32:10,15368,708,29,119.97,120.22,0.03,0
C1_RYasCRno,UCEJF0q0SqEJ64uA9LCXuSrQ,2026-07-12 08:45:08,6564,109,38,120.0,120.0,0.0,1
C1q0NyK9lPU,UCp9skQ2mP_DfVL8c3gZQUzg,2026-08-08 11:40:47,10941,112,47,119.82,120.07,0.07,0
C1qy5EOQzRs,UCkphwoGMBs2_0raLOqu9aQw,2026-08-02 12:00:32,70,1,1,119.99,120.24,0.01,0
C28FN09u0p8,UChfs1dQ5phBDBWZJ1hHLbUA,2026-08-09 09:20:01,60391,642,69,119.92,120.17,0.08,0
C2DlVzAHaso,UCDGbm9jZgqNeMWyK4j-Kduw,2026-08-18 05:50:51,307,,2,119.92,120.16,0.08,1
C2DyTve89P0,UCpcTrCXblq78GZrTUTLWeBw,2026-07-11 01:30:04,122724,1314,136,120.0,120.0,0.0,0
C2Fjq5rmj0c,UCJ_skdHPp19J9qGsgXxjMnA,2026-07-22 08:00:12,22414,137,13,120.0,120.0,0.0,1
C2gEnEORNO8,UCt8CJiye87FMbEwt0npPMuQ,2026-08-24 15:00:09,2824,82,3,119.76,120.01,0.01,1
C2kYMsbYn5Q,UCKrprPfevcAZpPuRnCO6xOA,2026-08-19 09:00:05,960,6,10,119.76,120.01,0.01,0
C3BtQ84stdk,UCoSniqkitCpxlHrQd5L8A1w,2026-08-14 22:58:55,17197,161,12,119.77,120.02,0.02,1
C3FfqL4KagM,UCpcTrCXblq78GZrTUTLWeBw,2026-08-10 04:30:14,19867,335,38,120.0,120.0,0.0,0
C3IK8vSI9Sc,UCDnIK80iouL_rb_J6GybOlg,2026-07-18 00:42:58,0,0,,119.78,120.03,0.03,0
C3IOtNcnajc,UCUae69frfqpKOB3BUMdX5Qw,2026-08-31 03:30:26,54471,604,38,119.76,120.01,0.01,0
C3j4CJ2YkPs,UCeAsj1O73pcqd-xQ4AZbJeQ,2026-08-12 13:13:18,536,2,3,119.78,120.03,0.03,0
C3qUdEaaN8Q,UCPv0av3PfTUeTnHGgcXkk8w,2026-08-23 00:00:17,12,0,0,119.76,120.01,0.01,0
C3uZSaWzy5c,UC8FErYSi74YwGUAoTpjvgzQ,2026-08-13 09:00:32,2515,107,25,120.0,120.0,0.0,0
C3uoGieagG8,UCUt2AEhC-OOC2EPCzj4DkCw,2026-08-17 23:00:00,47319,609,12,120.0,120.0,0.0,1
C3xp2bs7fHU,UC8E29ANOC3_OuB7_5EPY2xw,2026-07-28 03:00:07,752,3,2,120.0,120.0,0.0,1
C4AFrDPbqmM,UCrR_fhiJjoW8OJFzUcmlMMA,2026-07-20 07:30:02,14069,127,25,120.0,120.0,0.0,0
C4AliV96Qik,UC6oq8RPEH1BmtyldQgXVbJw,2026-08-17 02:13:20,7203,70,24,119.78,120.03,0.03,0
C4Km8jNQ3P8,UCV6mNrW8CrmWtcxWfQXy11g,2026-07-24 16:00:28,83256,4583,50,120.0,120.0,0.0,1
C4Q4RiGjfkc,UCpn9dP1b5BhBsU9SduEz1hA,2026-07-29 15:15:33,3863,66,10,119.99,120.24,0.01,1
C4V91i3z0iQ,UCi_lv3g-CPdKF6nd68lvN3A,2026-08-19 08:39:53,15,1,0,119.85,120.1,0.1,0
C4iAtBJpiig,UCwBkHOTyu57NQi0syf5MLig,2026-08-29 16:11:28,270048,875,118,119.83,120.07,0.07,0
C4mD848Vncg,UCgLFbrC7-g0ihBKB0obVPTg,2026-08-23 13:52:31,165,8,0,119.89,120.14,0.11,0
C4mJNLVcUS4,UCq6bX1rAJqwt3LmYuHrDPqg,2026-08-03 17:50:29,5848,9,0,119.91,120.16,0.09,0
C4sxKFbMf2I,UCPN9TrChCye1s97iEUOsIeA,2026-08-28 15:00:03,27,0,2,119.76,120.01,0.01,0
C50RJqjjYPw,UCV7WE8I_UiAN0fa6Arezx_w,2026-08-02 18:00:17,29,1,0,120.0,120.0,0.0,0
C51vL95EvmQ,UChHxLcNi7e0zu-e33HM6v6A,2026-08-15 03:00:40,13611,100,21,119.99,120.24,0.01,0
C53_1ozZLnU,UCab17MxxnFtAhGsJVTkSkCg,2026-08-02 12:19:59,679,12,2,119.92,120.17,0.08,0
C5FHs60X3Jk,UCBW_PhuXoHk40xF6nO0Q64w,2026-07-25 09:49:07,6840,236,52,119.93,120.18,0.07,0
C5FZRdr5xlY,UCoovEJW0dyTWwHiblWDWvyQ,2026-08-25 07:57:33,7460,50,0,119.8,120.05,0.05,0
C5gsB8a9WOM,UCq6bX1rAJqwt3LmYuHrDPqg,2026-08-04 09:02:14,85206,450,224,119.97,120.22,0.03,0
C5yloFmjgiQ,UCQzgMwT5Q6x-Mtq65HRS_0Q,2026-08-28 14:39:52,12745,38,7,119.85,120.1,0.1,0
C68LSPNZMLA,UCDYAog4sNhwQ5pXtAZiT0Og,2026-08-22 11:00:29,65098,196,59,120.0,120.0,0.0,0
C6F-_u5LmtQ,UCJDXc9JWCZo-nLNKr_-L2Ng,2026-08-28 20:21:09,9862,153,9,119.91,120.16,0.09,0
C6Q2iRBcBZ0,UCpcTrCXblq78GZrTUTLWeBw,2026-08-05 17:30:12,34176,641,55,120.0,120.0,0.0,0
B-9gYHzwpak,UCim7oePrB5hdfhcYwgUY6Jw,2026-08-18 13:00:22,12743,57,19,120.0,120.0,0.0,0
B-AtUDyOn4U,UCJDXc9JWCZo-nLNKr_-L2Ng,2026-07-25 15:00:30,3174,89,2,119.99,120.24,0.01,0
B-HP3sbtTsg,UCpI-AhCT02iQRGLC2ZcY0Jw,2026-07-12 09:00:13,21848,261,228,120.0,120.0,0.0,0
B-Ji0vZkUzM,UCApYlKNymyHZ9dlOCImFVBg,2026-07-25 15:32:12,910,74,1,119.97,120.22,0.03,0
B-ShYquhmSg,UCAl4HWznMn7KhKBRFO5eiFA,2026-08-06 11:53:06,5165,13,1,119.87,120.12,0.12,1
B-X632ld2qQ,UCYxwKnNRv4FurQxeKcuR0Sw,2026-08-19 03:00:18,13,2,0,119.76,120.01,0.01,0
B-im2zkIaic,UCifCesg-EUkjKyQedaB3hRg,2026-08-30 02:18:23,14163,355,2,119.95,120.2,0.05,1
B-itljQjVMA,UCdb5lyq0tWbY3jqH35SufmA,2026-08-05 00:30:07,9192,52,2,120.0,120.0,0.0,0
B-sMkKHx8yE,UCdF0eCyf5np3lPO4y1fJVdw,2026-08-03 09:15:03,7985,187,14,120.0,120.0,0.0,0
B00uIoLdhUU,UCuWDza8A_ntbjwBZgW0ZSNw,2026-08-29 09:00:34,98453,873,20,119.76,120.01,0.01,1
B0AoOlEEw2Q,UC-okJdotaXPlzivRzHFqzuA,2026-08-01 08:59:24,80175,1107,19,119.76,120.01,0.01,0
B0CmW_xbKVo,UC0FUMakBJHsRrfKCGQuWnRA,2026-07-28 09:30:15,44683,960,169,120.0,120.0,0.0,0
B0IPMrcNfCE,UCV6mNrW8CrmWtcxWfQXy11g,2026-08-26 03:00:24,452359,19232,1788,120.0,120.0,0.0,1
B0JuqSaoVc0,UCN5oT4zGJX-_H6pE5isAEeg,2026-08-17 03:00:13,134384,2750,95,120.0,120.0,0.0,1
B0P-FzJNjTw,UCJj2vuQIpFnk5pbTAtCi3yw,2026-07-11 04:26:00,10423,233,36,119.82,120.07,0.07,0
B0R48v70HCw,UCqjUPx-UAFHVvthd71bY7_g,2026-08-25 08:00:31,2716,23,26,119.75,120.01,0.01,0
B0SgKOzZyIY,UCzkk3MGFFeiN0E0T3AEeg_g,2026-08-12 05:39:55,39736,138,152,119.84,120.09,0.09,1
B0unUJS1Oco,UCrY2B2XX41ReYh9DIWrFfCg,2026-07-12 11:04:47,2433,,1,119.92,120.17,0.08,0
B1BJWVRxyOQ,UC9zmo9x1o7xAfgM1Fw3Dg4g,2026-08-15 08:00:16,105708,3584,140,120.0,120.0,0.0,1
B1Mkd86NK-w,UCN8L7Z-dyzu9FzT39RM0fvw,2026-07-31 02:48:05,30912,278,61,119.95,120.2,0.05,0
B1PA1ciaWMI,UCc1VJX_5Z2RdGi58XU4IfbA,2026-07-22 05:00:39,853,12,0,119.99,120.24,0.01,0
B1Skn_m_FNY,UC-aXNBQ6nwMNeW2V8XB7sBg,2026-08-09 03:00:07,71867,885,30,120.0,120.0,0.0,1
B1YhjJ2zo48,UCdK9h1ILxS49c2LguBUY3rw,2026-08-03 11:30:03,9,3,0,120.0,120.0,0.0,0
B1iF-abopqg,UCp6n8d8Y8r3MwKNw_MMaouQ,2026-08-06 15:05:40,16815,518,7,119.91,120.16,0.09,1
B1rEov5KYX8,UCVipGmBXqbYKNODNzVCN86w,2026-08-15 01:00:16,7782,116,9,120.0,120.0,0.0,1
B26il8QVv3Q,UCMswODzU1ZjjrLyUk7NfwPA,2026-07-26 09:33:03,219825,2233,29,119.95,120.2,0.05,0
B2Acp5SDfO4,UC543-TDm6IvHHZXwdSFioMw,2026-08-12 11:30:34,25526,34,0,119.99,120.24,0.01,1
B2OWL5vu5ok,UCnkytUgy0CtWd06up9CjNxg,2026-08-24 11:00:12,36838,1031,36,119.76,120.01,0.01,0
B2Y4WUOmNGQ,UCkrJBQAut47U8xMUuv8D_3g,2026-07-23 09:02:48,19248,673,116,119.95,120.2,0.05,0
B2tAmy8sO1g,UCv1tOT645xHOJrwdGlzjMaA,2026-08-08 12:33:31,12076,80,16,119.94,120.19,0.06,0
B2zM9-LM_cQ,UCPGl9DV2WUgaqGVXtVrhJWQ,2026-08-09 15:00:11,3,0,0,120.0,120.0,0.0,1
B30ZoOAesRI,UCnCFD3met1Ip7OngdF9TRDg,2026-08-28 05:20:16,27766,142,11,119.93,120.18,0.07,0
B38NLQoyr-I,UCxpXguPL_B5pz7Gq8ozfwlA,2026-08-23 17:55:03,8543,49,0,119.84,120.1,0.1,0
B39Xerkh6j8,UCM81CAJ2_Y42-bvK1OQnAAA,2026-07-20 11:09:50,81828,912,771,119.84,120.09,0.09,0
B3AacOMBQQI,UCWq9wRjQXYC8i486uVLysUA,2026-08-24 09:27:31,326066,7360,641,119.8,120.05,0.05,0
B3ER9fOuIJY,UC2k1bSUZ4X02jMs_sTS9jiQ,2026-07-29 13:15:05,8221,139,19,120.0,120.0,0.0,0
B3Fa_Zt5hNk,UCBexUDlBSJM2h4xZB3ch53g,2026-08-10 07:30:17,41979,899,63,120.0,120.0,0.0,1
B3NUoO-hPuA,UC8aCmG_y4DqqVI9Xlcym1Jg,2026-08-11 21:04:57,3884,176,7,119.92,120.17,0.08,0
B3O56HNz9s4,UCS2OAdHoLt-9T6cG9A2H49Q,2026-08-21 03:00:04,9834,115,32,119.76,120.01,0.01,0
B3Z-x8YVgoc,UC1q4Ihlv_YhLELw-ijE0Diw,2026-08-26 12:34:49,327970,4315,187,119.93,120.18,0.07,0
B3j-xb-KQfU,UCt15X5eHLwyP8PpNtQTkuDQ,2026-07-16 11:10:09,713504,4907,312,119.83,120.08,0.08,0
B3rtp0GBCd0,UCtRiSpvkhtRXaSjVjEB9LKg,2026-08-06 07:49:52,1242,10,1,119.93,120.17,0.07,0
B3wWPPVGqQw,UC1dHu9GhbHH7RcHKyJdaOvA,2026-08-27 13:35:10,98119,256,240,119.93,120.18,0.07,0
B3y3pw3zqL4,UCt8CJiye87FMbEwt0npPMuQ,2026-08-30 15:45:25,11988,116,11,119.76,120.01,0.01,0
B4FdCXxLI9I,UCb08r5yPoH-AqM7_XCL4Uhg,2026-07-26 21:30:06,11001,489,84,120.0,120.0,0.0,0
B4JhAOX4eZI,UCgLFbrC7-g0ihBKB0obVPTg,2026-07-24 11:36:29,261,10,0,119.89,120.14,0.11,0
B4K5xd0m6W0,UCE-6-bWkikwoP4_ooZNep3g,2026-08-26 22:00:33,20189,811,13,120.0,120.0,0.0,1
B4eIXPfNklo,UCL_IvtOZo6sONpiydbzzHpA,2026-08-27 04:43:02,62956,633,10,119.79,120.04,0.04,1
B4f5h41X_mM,UCv1tOT645xHOJrwdGlzjMaA,2026-07-13 11:40:18,13789,82,0,119.83,120.08,0.08,0
B4jX4N8UF18,UCt8CJiye87FMbEwt0npPMuQ,2026-07-16 17:51:00,2204,76,4,119.9,120.15,0.1,1
B4jc9Zw4YhI,UCp6n8d8Y8r3MwKNw_MMaouQ,2026-07-24 20:29:54,5282,74,5,119.76,120.01,0.01,0
B4lNb6KXSXk,UCAl4HWznMn7KhKBRFO5eiFA,2026-07-22 12:23:01,7325,65,5,119.87,120.12,0.12,1
B4pSwWxlF3s,UCgLFbrC7-g0ihBKB0obVPTg,2026-08-31 14:00:03,1847,9,3,119.76,120.01,0.01,0
B4tGPPRDm90,UCzDmGDR5RdahQkLCBoWlTEg,2026-08-08 09:10:01,37023,147,0,119.84,120.09,0.09,1
B4yUDhP-nNA,UCHeg3ApmuXQbqqszaD1fR9g,2026-08-12 16:07:12,134,9,0,119.88,120.13,0.12,0
B54kb8bABjw,UCifCesg-EUkjKyQedaB3hRg,2026-08-09 21:01:41,76185,2685,32,119.98,120.22,0.02,0
B57H8YaO5YE,UCBS4sjbGJIcclT-Y6i_Jzkg,2026-08-20 18:05:10,2535,84,0,119.92,120.17,0.08,1
B591uOR3dm0,UCN5oT4zGJX-_H6pE5isAEeg,2026-08-22 03:00:09,839172,15636,1047,119.76,120.01,0.01,1
B5CxX_wqdNo,UCqVZTizoA2wQKOj_xaDt10Q,2026-07-22 12:46:05,237,5,0,119.99,120.24,0.01,1
B5KBcy5-3gc,UCnCeDIkExSpULGqmpj5oafg,2026-08-25 18:30:18,5050,41,14,119.76,120.01,0.01,0
B5drBTHt1u0,UCnCeDIkExSpULGqmpj5oafg,2026-08-27 15:00:35,3565,41,7,120.0,120.0,0.0,1
B5qkvJ07ssI,UCQJuZxeDv2P05YHcC-tIEVQ,2026-07-16 08:00:20,18395,325,40,120.0,120.0,0.0,0
B5yiWzP7FSw,UCElXDMEQqlUnuyDbChjARWQ,2026-08-08 13:23:18,363,0,0,119.87,120.12,0.12,1
B5zf2NRAfOg,UCqI5lyTpC79pOy2D-VXAMdA,2026-07-22 14:01:12,77640,481,177,119.98,120.23,0.02,0
B60TMCkx85I,UCpwGBltfwjd_fIzp5cb5R0w,2026-07-22 23:00:07,184937,2837,74,120.0,120.0,0.0,1
B617-7O5hyw,UCPGl9DV2WUgaqGVXtVrhJWQ,2026-08-11 13:29:11,6,0,0,119.77,120.02,0.02,0
B69Co7p7Rn0,UCV6mNrW8CrmWtcxWfQXy11g,2026-08-19 16:00:09,19489,1048,24,119.76,120.01,0.01,1
B6BP6uOK8xA,UC_yxsHiFh1_j174x4AxICSg,2026-08-29 07:00:32,96839,1707,56,119.76,120.01,0.01,1
B6CoVGUQab4,UCZ6mNZTiTUrUSbSYPlclI4A,2026-08-14 14:36:26,15113,483,15,119.9,120.15,0.1,1
B6aVCBVd518,UCV7WE8I_UiAN0fa6Arezx_w,2026-07-28 11:00:27,66,0,0,119.99,120.24,0.01,0
B6aX2EyVRbI,UCt8CJiye87FMbEwt0npPMuQ,2026-08-31 17:30:24,16499,261,26,119.76,120.01,0.01,0
B6cJEul0Kr0,UC-okJdotaXPlzivRzHFqzuA,2026-08-24 04:59:18,93221,534,54,119.77,120.03,0.03,0
B6g444072zc,UCQJuZxeDv2P05YHcC-tIEVQ,2026-07-12 08:00:10,32105,658,47,120.0,120.0,0.0,0
B6j1s-UWFgs,UC0PMQXAwF6O6aeTpv962miA,2026-08-06 13:00:23,16540,793,123,120.0,120.0,0.0,0
B6rKynVjUIk,UCPsZX-D7LW99PjZLA-UysPQ,2026-08-24 09:00:35,600,4,2,120.0,120.0,0.0,0
B6slG_xQcLg,UC6YKLXN1w8pyqFwCO0UJ9sw,2026-08-17 03:00:25,219153,4554,107,120.0,120.0,0.0,1
B6u8ilevksY,UCYS2NvZlSjrxZfnn1v7b3QQ,2026-08-15 16:00:20,6,1,0,120.0,120.0,0.0,0
B7IWknJtBss,UCdVIcHpdbEQc65xwAxc_owQ,2026-08-20 07:57:33,19,1,0,119.8,120.05,0.05,0
B7MLc3hDFZc,UCBidluUUxzT_5jVOI_2x2MQ,2026-08-25 08:00:13,2498,6,3,119.76,120.01,0.01,0
B7PKHiaZsGs,UCrR_fhiJjoW8OJFzUcmlMMA,2026-08-04 07:00:11,16208,189,69,120.0,120.0,0.0,0
B7hIiaXBpco,UCpcTrCXblq78GZrTUTLWeBw,2026-07-19 22:03:15,15484196,436466,23167,119.95,120.2,0.05,0
B7sLmcX9hK0,UCV7WE8I_UiAN0fa6Arezx_w,2026-08-23 08:00:10,82,2,0,119.76,120.01,0.01,0
B7tG1ehrqSY,UCXCa03lRK6tlntZoJ7TUWRw,2026-08-26 05:00:01,22634,401,93,119.76,120.02,0.02,0
B8GN2GRaY68,UClFSQxcVutJFEI9nCAOOkgQ,2026-08-20 17:09:22,701,,9,119.86,120.11,0.11,0
B8O1yqk5dlk,UCJDXc9JWCZo-nLNKr_-L2Ng,2026-08-20 16:00:34,2657,84,4,120.0,120.0,0.0,0
B8Z2vl7DmLA,UCNrQ0VbdprXAur6OZKexjEw,2026-08-21 10:00:18,47557,829,93,119.76,120.01,0.01,0
B8in_BziDBM,UCl-VnCUwSxDr5zPu-YlDUYw,2026-08-26 08:00:31,63802,891,35,120.0,120.0,0.0,1
B8l_dL54H2c,UCHeg3ApmuXQbqqszaD1fR9g,2026-08-08 02:00:31,6755,187,18,119.99,120.24,0.01,1
B8sOMc4KVGU,UCL_IvtOZo6sONpiydbzzHpA,2026-08-26 02:22:03,157757,2122,20,119.89,120.14,0.11,0
B8y29ohh8Vc,UCpwGBltfwjd_fIzp5cb5R0w,2026-08-17 00:30:13,341644,10016,573,120.0,120.0,0.0,0
B9-IicbiOf8,UCBo7GIv99qTzHaa6ip09YLA,2026-08-21 07:00:28,2666,12,2,119.75,120.01,0.01,0
B98ZIxUHg-E,UCta3D5-EYqO-pduQLxQ8mNQ,2026-08-09 09:00:34,3161,16,1,119.99,120.24,0.01,0
B9Qzr8V7K_o,UCL_IvtOZo6sONpiydbzzHpA,2026-08-28 01:21:35,62312,967,20,119.9,120.15,0.1,0
B9WKicmLu8M,UCAVR6Q0YgYa8xwz8rdg9Mrg,2026-08-18 04:00:28,347767,21407,467,120.0,120.0,0.0,1
B9a_sy2NDw8,UC9vI-9WYQLXKI6n9XdXXo3g,2026-08-08 03:00:08,14911,127,17,120.0,120.0,0.0,0
B9dCAOLxHs8,UCPGl9DV2WUgaqGVXtVrhJWQ,2026-08-05 15:00:29,31,0,0,119.99,120.24,0.01,0
B9qb-H0r5hQ,UCPsZX-D7LW99PjZLA-UysPQ,2026-08-05 12:00:25,363,6,1,120.0,120.0,0.0,0
B9v5ZRqzsSw,UCN8YcyYvYIrtLcwyT-KqbNg,2026-08-05 08:00:31,11593,121,54,119.99,120.25,0.01,0
B9zRD99UG5s,UCby0vMKcLR05ZdS90aZd5og,2026-07-28 04:15:03,4204,4,0,120.0,120.0,0.0,1
BA7ZGssY-kc,UCab17MxxnFtAhGsJVTkSkCg,2026-08-18 14:39:02,1116,25,1,119.86,120.11,0.11,0
BAFRt5EfZ6E,UCifCesg-EUkjKyQedaB3hRg,2026-07-26 22:54:55,5477,71,9,119.84,120.09,0.09,0
BALMCKBkcBQ,UCBtJuwDt6LlXp2YASC-ZMdA,2026-08-23 10:00:39,1101,6,1,120.0,120.0,0.0,1
BAPbd_92Jhc,UC1Il94cQwl93Zun8ax1Qjlw,2026-08-20 14:34:20,401,5,2,119.93,120.18,0.07,1
BAS1CkDPJhM,UCY_vDlvG-BTDRIOk_I9QQ6g,2026-08-05 18:01:15,1720,19,4,119.98,120.23,0.02,0
BAZh8fF41Uc,UCV6mNrW8CrmWtcxWfQXy11g,2026-08-10 22:00:25,861326,38589,218,120.0,120.0,0.0,1
BAfXcYCE5sY,UCPGl9DV2WUgaqGVXtVrhJWQ,2026-08-09 01:57:20,14,0,0,119.8,120.05,0.05,0
BAwhxade_1E,UCab17MxxnFtAhGsJVTkSkCg,2026-08-24 13:22:19,1492,11,6,119.89,120.14,0.11,0
BB-f3JKnzns,UCBY9rOZPo0fLE45mOV0s0cw,2026-08-06 11:18:30,241,2,0,119.94,120.19,0.06,0
BB-qaMJQbeY,UCGi94VU356EAvQLgODywyrA,2026-08-08 15:24:58,6289,141,25,119.84,120.09,0.09,0
BBCLaM8Fa0g,UCJDXc9JWCZo-nLNKr_-L2Ng,2026-08-24 21:00:17,2332,71,6,119.76,120.01,0.01,0
BBSKalxbYt8,UCHCeN9BUgogMGrHBC6zKYvA,2026-07-29 09:28:55,4792,94,6,119.77,120.02,0.02,0
BC0srh7c_Qo,UCfcfymsN3OMo2cfmbpGTanw,2026-08-14 08:00:38,7251,31,7,119.99,120.24,0.01,0
BC3evxAdSyY,UCt8CJiye87FMbEwt0npPMuQ,2026-08-14 14:30:02,29943,2121,136,120.0,120.0,0.0,0
BCD3NYekxWI,UCkNUuK9EfixaK2HbJYZ5YrQ,2026-08-17 08:12:20,20828,886,17,119.8,120.05,0.05,0
BCF1l45g-Lc,UCjUnlBpn0Z1L450g79fniRg,2026-08-25 02:24:04,1971,,3,119.86,120.11,0.11,0
BCZPMjfnNQI,UCJmnOEp1-OITEU0mk4icM5A,2026-08-12 02:00:32,87742,1087,363,119.99,120.24,0.01,0
BCt8efZW7t4,UCuXE-MdbuaZcPt_2J2kSsSQ,2026-08-16 08:45:59,1782,8,6,119.99,120.24,0.01,1
BD-KOOnQijQ,UCsRiYH-VrZ2mYsohk7GhLdQ,2026-07-22 09:21:32,80524,2412,229,119.89,120.14,0.11,1
BDCyXYI7RIw,UC2t5bjwHdUX4vM2g8TRDq5g,2026-08-03 17:15:32,50624,1414,168,119.99,120.24,0.01,0
BDFIHJ2VCQI,UCp6n8d8Y8r3MwKNw_MMaouQ,2026-07-30 20:01:10,5448,48,10,119.98,120.23,0.02,0
BDOHvpL0wtc,UCab17MxxnFtAhGsJVTkSkCg,2026-08-14 16:10:18,1111,20,2,119.83,120.08,0.08,0
BDOeRfMe6xU,UCw1DsweY9b2AKGjV4kGJP1A,2026-08-17 10:00:26,188667,334,12,120.0,120.0,0.0,1
BDbGek4bdNk,UCoSniqkitCpxlHrQd5L8A1w,2026-08-29 18:39:25,1567,6,0,119.86,120.11,0.11,0
BDcYQxIX75o,UCV7WE8I_UiAN0fa6Arezx_w,2026-08-27 21:00:15,97,0,0,119.76,120.01,0.01,0
BDe721ivLJk,UCY_vDlvG-BTDRIOk_I9QQ6g,2026-07-30 10:35:02,1843,20,0,119.92,120.17,0.08,0
BEB63htKRq4,UCZ6mNZTiTUrUSbSYPlclI4A,2026-07-24 07:31:52,14107,441,12,119.97,120.22,0.03,1
BELehH_ZvNw,UCPGl9DV2WUgaqGVXtVrhJWQ,2026-07-30 04:57:54,104,1,0,119.79,120.04,0.04,0
BEXdmOrZwMY,UCV6mNrW8CrmWtcxWfQXy11g,2026-08-09 10:00:14,35198,1612,67,120.0,120.0,0.0,1
BEpPCcl0-NE,UCoH2pCzAr6zWDG-LtUiLWRw,2026-08-08 23:00:23,48444,438,158,120.0,120.0,0.0,0
BEsxjIDfVeQ,UCBo7GIv99qTzHaa6ip09YLA,2026-07-27 09:30:34,13489,43,24,119.99,120.24,0.01,1
BEu0jKLrmVM,UCzSODDx0zQF3nxXOZISCm_w,2026-08-10 11:30:37,142,1,0,119.99,120.24,0.01,0
BEyLKLAnbtc,UCpcTrCXblq78GZrTUTLWeBw,2026-08-18 17:11:08,642784,12756,365,119.83,120.08,0.08,1
BFD4RfU8POI,UCnju7ULBic4VgkCfDvVXCnA,2026-08-08 04:01:48,124777,168,85,119.97,120.22,0.03,1
BFK-gM1xuxY,UCt8CJiye87FMbEwt0npPMuQ,2026-07-13 12:30:08,2152,100,16,120.0,120.0,0.0,0
BFPlNeUyB_E,UCqVkQsNin4MdGFrWvzFVOKw,2026-07-28 03:09:04,10836,46,3,119.85,120.1,0.1,1
BFUwJXv2RWg,UCdK9h1ILxS49c2LguBUY3rw,2026-08-01 11:30:15,8,2,0,120.0,120.0,0.0,0
BFihoAN_LOg,UCXNh3eUHXEkL7h1w1KYQRKQ,2026-08-09 10:15:44,81680,1203,15,119.99,120.24,0.01,1
BFlneJ4x2tg,UCi5yzN6jpdz2akGTm-mJSKQ,2026-07-11 15:47:36,3928,85,7,119.96,120.21,0.04,0
BFoWrGYM-YY,UCl402YYy7RcH7PBI3npmGPQ,2026-08-11 03:00:32,170877,1160,318,119.99,120.24,0.01,0
BFtEFKo6siE,UCqjUPx-UAFHVvthd71bY7_g,2026-08-28 08:00:38,11114,25,103,120.0,120.0,0.0,0
BFwFyuTyI0o,UCeRn_02zEifLqXxZkTpiXzA,2026-08-29 01:00:10,68110,175,38,119.76,120.01,0.01,0
BG2B4peaMCM,UCJDXc9JWCZo-nLNKr_-L2Ng,2026-08-18 13:00:14,6816,210,6,119.76,120.01,0.01,0
BG5sCL9VHa4,UCw1DsweY9b2AKGjV4kGJP1A,2026-08-07 15:00:02,21638,186,81,120.0,120.0,0.0,1
BGD30DtSX5M,UCifCesg-EUkjKyQedaB3hRg,2026-08-15 00:45:44,43040,452,5,119.99,120.24,0.01,1
BGNI7E1gtr8,UCZ_xE8U6MVnpwefrYvl2uvA,2026-08-19 03:00:06,1399,3,1,119.76,120.01,0.01,1
BGSPN7BMrTg,UCV7WE8I_UiAN0fa6Arezx_w,2026-08-07 19:00:27,15,1,0,120.0,120.0,0.0,0
BGWpYxOJIys,UCI3DTtB-a3fJPjKtQ5kYHfA,2026-08-31 15:15:20,59109,738,22,119.76,120.01,0.01,0
BGcPgJ76OwI,UCz1Gc37nWsdF_jbJ_SvMl4g,2026-08-29 09:54:59,27516,155,11,119.85,120.1,0.1,0
BGe5UjF_tw8,UCXAXCxTCCYYKsLJNzEvjqfw,2026-08-28 13:01:11,51964,844,55,119.99,120.24,0.01,0
BGjx0qo1zMk,UCkrNv6xF8j7QZmWb3UeAH8A,2026-08-31 11:21:48,4566,46,3,119.9,120.15,0.1,0
BGqHGkLUVP4,UCooLkG0FfrkPBQsSuC95L6w,2026-08-03 17:28:14,18788,101,73,119.78,120.03,0.03,0
BH5s0GOpf5Q,UCWZqSCSNZT3X8e_HyCJoXMg,2026-08-28 07:28:46,6478,370,8,119.78,120.03,0.03,1
BH6jlBMxmzg,UCPGl9DV2WUgaqGVXtVrhJWQ,2026-08-12 15:00:02,6,0,0,120.0,120.0,0.0,1
BHESJpHRgzM,UCl-VnCUwSxDr5zPu-YlDUYw,2026-08-03 08:00:11,44497,715,29,120.0,120.0,0.0,1
BHEt9H1zY5o,UCd9oeoY-jLSkhd-J5y_1aYg,2026-08-31 13:17:38,1443,2,0,119.97,120.22,0.03,0
BHLZDL9gORM,UCtGMgPWJNU2Aj-SNK0zg0Sg,2026-07-22 17:42:17,3206,19,1,119.8,120.05,0.05,0
BHPgVGNQdJ8,UCBo7GIv99qTzHaa6ip09YLA,2026-08-01 10:00:32,381,6,0,119.99,120.24,0.01,0
BHZ3X9ksmg8,UCIKORyfTZ0cN-u0hrxHcgUw,2026-08-06 00:58:42,100,0,0,119.77,120.02,0.02,0
BHm-rbEOeoM,UC7wosSPUA3os3b3-RMZZe6g,2026-07-12 08:00:37,2210,22,0,119.99,120.24,0.01,1
BHwn5R6LX6g,UCab17MxxnFtAhGsJVTkSkCg,2026-08-29 14:10:10,5946,56,6,119.85,120.1,0.1,0
BHyS0H6WOsw,UCzDyC6JMEXEufozffWzI9Mg,2026-07-22 04:00:32,87422,1094,61,120.0,120.0,0.0,1
BICYYo-Xawk,UCB4gIGaPUiLtpPreFSf8fKQ,2026-08-23 11:30:25,3931,52,23,119.76,120.01,0.01,0
BIGNTmlGdeE,UCab17MxxnFtAhGsJVTkSkCg,2026-08-08 03:14:01,428,6,1,119.77,120.02,0.02,0
BIHIdtjww44,UCIQEX0V3QxP-tY_jpRT-waQ,2026-08-06 14:17:05,2544,126,39,119.97,120.22,0.03,0
BILYTVxbXlY,UC9vI-9WYQLXKI6n9XdXXo3g,2026-08-07 08:31:45,24984,159,43,119.97,120.22,0.03,0
BISSEMpTV4s,UCMswODzU1ZjjrLyUk7NfwPA,2026-08-02 08:30:15,20202,293,11,120.0,120.0,0.0,1
BI_JT9x_tqM,UC8x8GQmlxAIhHxzU61z0uLQ,2026-08-31 01:19:26,18282,126,11,119.94,120.19,0.06,0
BIg3JjRye8M,UCO8ToDSM2Gvt3EZdOdosxTw,2026-08-27 09:05:18,123002,2204,92,119.92,120.17,0.08,0
BIshY9qXyZA,UCpcTrCXblq78GZrTUTLWeBw,2026-07-12 20:19:08,7679304,29246,501,119.93,120.18,0.07,1
BJCdZPeWT10,UCPGl9DV2WUgaqGVXtVrhJWQ,2026-07-14 15:00:05,3,0,0,120.0,120.0,0.0,0
BJDeZYEzf14,UCIzbqIyEUxtFLYh_sCDoXpw,2026-08-06 05:05:13,269069,2126,43,119.92,120.17,0.08,1
BJNvo-BwbL8,UCePy6AqRuTfKDC4aTrqcAqQ,2026-07-12 12:05:14,1064,80,12,119.91,120.16,0.09,0
BJ_R2zbBnjQ,UCHeg3ApmuXQbqqszaD1fR9g,2026-08-30 02:00:08,9672,172,12,119.76,120.01,0.01,1
BJhJXP1F80Y,UCSGKRGHGqP8W11G-SxsMaOw,2026-08-03 02:58:34,42763,1225,316,119.78,120.03,0.03,1
BJnoFKxg4o8,UCR1ctqL11HoxQkbSkoUAYeA,2026-08-20 07:58:42,64415,919,586,119.78,120.03,0.03,0
BJoa6U_di4o,UC24GgPBq5W3v34z0p0uk1Ow,2026-07-23 09:52:05,5697,49,6,119.88,120.13,0.12,0
BK0IWpD3PPo,UCzDyC6JMEXEufozffWzI9Mg,2026-08-18 04:00:17,10467,134,36,120.0,120.0,0.0,1
BK0mAeNjPAM,UCbItyvYa6cqvqtwlU2E9-wA,2026-07-24 20:23:08,8378,477,22,119.87,120.12,0.12,0
BKGO9X3e-CM,UCT807kAu6fmwES8B5698e2w,2026-07-29 05:00:29,101084,3985,121,119.99,120.24,0.01,1
BKHwuN1bs7U,UCoovEJW0dyTWwHiblWDWvyQ,2026-08-03 10:30:17,18223,258,29,120.0,120.0,0.0,0
BKNpDFKY_JY,UC1dHu9GhbHH7RcHKyJdaOvA,2026-08-14 06:32:10,37095,159,82,119.97,120.22,0.03,0
BKSuu1eEGT8,UCBtJuwDt6LlXp2YASC-ZMdA,2026-08-20 09:00:22,110,3,0,120.0,120.0,0.0,0
BKUVWdMlu8k,UCt8CJiye87FMbEwt0npPMuQ,2026-07-24 13:30:33,1365,31,4,119.99,120.24,0.01,1
BL-Do_7CMDo,UC2yOBpLVwB7kzt9C5ZPbB7w,2026-08-01 12:00:34,39729,618,14,119.99,120.24,0.01,1
BL6fQpt-MbE,UCUt2AEhC-OOC2EPCzj4DkCw,2026-07-23 23:00:18,39191,496,11,120.0,120.0,0.0,1
BLTshrPaesE,UCpcTrCXblq78GZrTUTLWeBw,2026-07-18 04:30:36,49467,953,108,119.99,120.24,0.01,0
BLXnT_r6UoQ,UCYMXFMiaGBnZ08-wBHS2MPQ,2026-08-14 23:45:03,5813,59,21,120.0,120.0,0.0,0
BLa4j9QE3d4,UCxpyoLu0jWQJ71_p5zMSgSA,2026-08-19 08:00:41,78729,1493,73,120.0,120.0,0.0,1
BLgwgtEnVZU,UCwlUB3goOsh4tpqZKIzUAbA,2026-07-11 15:39:00,14173,170,38,119.85,120.1,0.1,0
BLn3oRAQd9k,UC4cKHOBS-nRfKFTwf1n8HGA,2026-08-28 15:29:02,361,,0,119.78,120.03,0.03,0
BM136Qm6cF0,UC4P7F8qenDo1O_5NvgBb_cg,2026-08-01 02:30:28,83692,818,43,119.99,120.24,0.01,0
BM6oBDzBX84,UCKrprPfevcAZpPuRnCO6xOA,2026-08-02 04:56:36,37,1,0,119.81,120.06,0.06,0
BMYCMah44Uk,UC-8S20Ll1gzPiu_YY8BgyaQ,2026-07-15 11:48:23,87852,556,215,119.95,120.2,0.05,0
BMdK_a6-b6M,UCV7WE8I_UiAN0fa6Arezx_w,2026-08-12 08:00:11,23,0,0,120.0,120.0,0.0,0
BMdb2oyXY0s,UCZ-UuK86Bk5sGzQQ2cEglJQ,2026-08-20 08:29:59,74871,993,33,119.76,120.01,0.01,1
BMoca4vxkUk,UCLbehOwlIi6QrfZNhC39t4Q,2026-08-06 17:58:20,310949,5435,112,119.78,120.03,0.03,1
BMzwmcsSbjI,UCE8JC9RAVSudDT_8Ji1fuPQ,2026-07-26 08:45:30,103316,1614,46,119.99,120.24,0.01,1
BN5exO31a0w,UC8FErYSi74YwGUAoTpjvgzQ,2026-08-21 12:21:13,19005,101,35,119.91,120.16,0.09,1
BNGmMUg29Cw,UC5bjQxLK_3XVzIOTQ04sYeg,2026-08-17 12:51:50,629,12,0,119.89,120.14,0.11,0
BNUbdr4Aa0w,UCRq3CDTZ2qe3HiHrZdQKBvQ,2026-08-21 09:37:49,2138,17,3,119.88,120.13,0.12,1
BNVwM42MG0Q,UCuwnt_REmD4YsCtFJRoqjFw,2026-08-07 04:01:57,98581,1054,256,119.98,120.22,0.02,0
BNfH0zwW_k0,UCa2liSwjQST4AGcg6LFQakQ,2026-08-18 04:00:30,2028,5,0,120.0,120.0,0.0,1
BNfwmkKg9jI,UCd4PDK0JYfPf0DUeYZThguw,2026-08-13 14:34:32,7682,76,21,119.93,120.18,0.07,1
BOAGhWNc4_Q,UCULRVjf5z_WoR106msn8HoA,2026-07-21 05:37:40,10296,155,27,119.87,120.12,0.12,1
BOAizykoWYA,UCC1veMJY2wElX0lpYOoNB1Q,2026-07-24 11:00:42,948983,164,46,119.99,120.24,0.01,0
BOKk4xSMKkg,UCV7WE8I_UiAN0fa6Arezx_w,2026-07-12 05:00:31,104,2,1,119.99,120.24,0.01,0
BOOHr_QwarQ,UCp9skQ2mP_DfVL8c3gZQUzg,2026-08-30 18:48:00,60577,296,3,119.96,120.22,0.04,0
BOZF9w0VxSE,UCZ6mNZTiTUrUSbSYPlclI4A,2026-07-29 13:40:15,14746,329,5,119.83,120.08,0.08,1
BP0DCwWfy_Q,UC-aXNBQ6nwMNeW2V8XB7sBg,2026-08-10 07:00:13,134433,1520,43,120.0,120.0,0.0,1
BP2xYcpjIWI,UC-FiQR2gg8oiNw98ZdsSX6Q,2026-07-31 12:00:00,14213,41,1,120.0,120.0,0.0,0
BPGNpOTpPHk,UCFCt5RYu41HTg4eX1jdHNxw,2026-07-27 00:19:26,23144,83,2,119.93,120.18,0.07,0
BPL-XyByy_8,UChLqHuZV0PENIBYxDgXyPLQ,2026-08-08 09:51:09,285959,3471,24,119.9,120.15,0.1,1
BPgytcrpI4E,UCSOeJWyByeoBHpmrm0NnlLw,2026-08-30 00:00:15,86688,847,136,119.76,120.01,0.01,0
BPiuVWbLIbg,UCDHGqgpiHQAsE0UiltRqhfQ,2026-08-15 05:14:06,57563,162,42,119.77,120.02,0.02,0
BQB_V6DOO3Q,UCKVt3arMXfa6XZezR1UnjqQ,2026-08-18 22:00:31,10164,94,5,120.0,120.0,0.0,0
BQIC_xhUmi8,UCV7WE8I_UiAN0fa6Arezx_w,2026-08-29 18:00:32,129,0,0,120.0,120.0,0.0,0
BQpuxWsyS08,UCvrxJgD0T_TFvgsO2nA-fDQ,2026-07-11 19:01:06,73685,657,225,119.98,120.23,0.02,0
BQuCOPDo1cw,UCgLFbrC7-g0ihBKB0obVPTg,2026-08-13 12:59:59,539,13,1,120.0,120.0,0.0,0
BRVyK-kCfcc,UCt8CJiye87FMbEwt0npPMuQ,2026-08-05 16:30:25,1180,32,2,120.0,120.0,0.0,1
BRe_1nmQpjc,UCKrprPfevcAZpPuRnCO6xOA,2026-08-21 09:30:19,1244,14,10,119.76,120.01,0.01,0
BRtIU3O6QmE,UC8E29ANOC3_OuB7_5EPY2xw,2026-08-19 11:10:52,782,21,0,119.83,120.08,0.08,0
BRv3KW-NIQc,UCpcTrCXblq78GZrTUTLWeBw,2026-07-20 04:32:30,896884,14189,726,119.96,120.21,0.04,0
BSCOFz3i-2s,UCVZ0SJNurJAv-6hV5VEGB2A,2026-07-31 01:15:27,410129,5120,49,119.99,120.24,0.01,0
BSEheThOzE8,UCeG0ONJtjwE20ThR5iSYdsA,2026-08-30 08:15:06,156627,1331,129,119.76,120.01,0.01,0
BSLrZ7bp7t0,UCzDmGDR5RdahQkLCBoWlTEg,2026-07-13 03:00:26,20562,114,4,120.0,120.0,0.0,1
BSMz1OveRNE,UCa8Z4uUp51Aqtx4Fq4-3wMA,2026-08-27 05:53:58,2415,49,3,119.86,120.11,0.11,1
BSZZ0MnxwN0,UC8rbhIem-3aAsNXhTDI-nSA,2026-08-07 23:00:05,93130,1703,105,120.0,120.0,0.0,0
BSgowuJ5k78,UCcJliZnsRbNw4I4uWSGq_wA,2026-08-25 12:14:56,116956,1072,112,119.76,120.01,0.01,0
BSo6tLIsJYA,UCpcTrCXblq78GZrTUTLWeBw,2026-07-14 15:30:36,330677,2678,303,119.99,120.24,0.01,0
BT2S65a__6Y,UCZ-B_El841ME7qGXvYinGmw,2026-08-12 13:40:25,5108,88,25,119.83,120.08,0.08,0
BTANGyz9HEg,UCAl4HWznMn7KhKBRFO5eiFA,2026-08-13 12:45:38,4202,25,1,119.99,120.24,0.01,1
BTAVGYp0DUg,UCpcTrCXblq78GZrTUTLWeBw,2026-07-31 14:50:18,78591,1555,102,119.91,120.16,0.09,0
BTOt5vLJpRE,UCfq-5-0b5Lzj7cKCrp6-flA,2026-07-27 08:00:33,8536,713,43,119.99,120.24,0.01,1
BTRMHUsy_VI,UC9vI-9WYQLXKI6n9XdXXo3g,2026-08-30 08:06:17,22385,56,17,119.91,120.16,0.09,0
BTW1usPo0Fs,UC_EEqHc75kYwzrN7L8T2Bfg,2026-07-28 01:19:41,618,29,6,119.92,120.17,0.08,0
BTZhnxm1lAI,UCNmN3W2H0r5_hV2drzbEn7Q,2026-08-01 09:00:00,21801,213,26,120.0,120.0,0.0,1
BTaCQxYPYss,UCBS4sjbGJIcclT-Y6i_Jzkg,2026-08-17 18:24:31,26460,474,2,119.84,120.09,0.09,1
BTdHlOsVgq4,UC_RRZdJk55ShXE-9d3deRUA,2026-08-01 17:55:11,9307,53,1,119.83,120.08,0.08,0
BTfzszKgRKc,UC72PuhDwKtZ5MikpGNhPAtA,2026-08-26 18:00:12,2362253,28907,259,119.76,120.01,0.01,0
BToj2s21KYc,UCt15X5eHLwyP8PpNtQTkuDQ,2026-08-14 10:46:04,165085,716,209,119.99,120.24,0.01,0
BTwFkhcNUeA,UCApYlKNymyHZ9dlOCImFVBg,2026-08-05 16:00:02,2843,111,3,120.0,120.0,0.0,0
BTwxqQoQHS4,UCZNTsLA6t6bRoj-5QRmqt_w,2026-08-31 14:00:31,107372,1263,82,119.75,120.01,0.01,0
BU1mgYM-Wcg,UCIKORyfTZ0cN-u0hrxHcgUw,2026-07-28 13:01:17,13,0,0,119.98,120.23,0.02,0
BU4_ubz-Odc,UCms8Ge7H1ZGgw6nV94fUhUQ,2026-07-30 09:00:02,31802,388,11,120.0,120.0,0.0,1
BUAa2Y4lRi8,UCt8CJiye87FMbEwt0npPMuQ,2026-08-26 18:48:23,31839,626,61,119.95,120.21,0.05,1
BUMFn1RdvTU,UC7bcRlidTERRb_MKRHPVSnw,2026-08-26 12:03:13,84573,1046,79,119.96,120.21,0.04,0
BUR-FAO3Plw,UCF5RrlbsxJjAVLWgOCoNHMg,2026-08-03 01:54:00,20172,289,8,119.85,120.1,0.1,0
BUV0iW_SH-Q,UCnCeDIkExSpULGqmpj5oafg,2026-08-13 15:58:47,523,13,4,119.77,120.02,0.02,0
BUW3cgiIF2E,UC9vz3TBChrJmYbzUo-rqfSg,2026-08-10 02:55:57,33082,268,108,119.82,120.07,0.07,0
BUXd1yG64k4,UCcgkgKhXT6QwdGj9Nr8PBcg,2026-08-31 09:54:09,85845,177,42,119.86,120.11,0.11,0
BUZSSJB2AzE,UCb5NLtXAsTBrmaZVhyFa-Wg,2026-08-01 13:30:13,28068,183,15,120.0,120.0,0.0,0
BU_Nnt5Dlp0,UC9vI-9WYQLXKI6n9XdXXo3g,2026-07-26 05:47:17,27086,281,99,119.96,120.21,0.04,0
BUcWhTCrm5w,UCJDXc9JWCZo-nLNKr_-L2Ng,2026-08-11 15:00:28,2172,101,5,119.99,120.24,0.01,0
BUfHkueeqvw,UCuZ862fZel1gq9RAf_OkvqA,2026-08-28 08:56:08,46517,289,105,119.83,120.08,0.08,0
BUjuTG28cE0,UCAenntxQB3F7AH637vySglg,2026-08-11 14:06:28,240,4,0,119.89,120.14,0.11,0
BUnTjhe5I4E,UCaHIZAKows704_gk6bjdAog,2026-08-06 09:21:06,39641,540,115,119.9,120.15,0.1,0
BUr6PkGaJwA,UC027x98NgUBw9K4aPT8k0mg,2026-07-24 12:00:30,37630,291,54,119.99,120.24,0.01,0
BV66eNILJAo,UCuwnt_REmD4YsCtFJRoqjFw,2026-08-14 02:30:35,47532,423,44,119.99,120.24,0.01,0
BV6l-HnCpgk,UCKttwyzsHvW7bCo7YfTacVQ,2026-08-05 00:27:37,6041,47,0,119.79,120.04,0.04,0
BVsKJz-_B4k,UCpcTrCXblq78GZrTUTLWeBw,2026-07-28 13:00:21,433815,18601,282,120.0,120.0,0.0,0
BVt1dN6Bg6g,UCOMVY7jsl569k0UYXWv3OgQ,2026-07-25 09:11:02,38,1,0,119.82,120.07,0.07,1
BVveMXVc3nI,UCbaRH9U2BEFwhJiodE3qTpQ,2026-07-22 09:00:22,30526,815,16,120.0,120.0,0.0,1
BVvoFxVxa2o,UCw1DsweY9b2AKGjV4kGJP1A,2026-08-23 07:45:27,785885,5831,87,120.0,120.0,0.0,1
BW0q078Y0hc,UCbItyvYa6cqvqtwlU2E9-wA,2026-08-05 23:16:35,18265,722,54,119.98,120.23,0.02,0
BWBJUv3Mhv8,UCnV5tUnOVGyT-Ncj0s0tPTw,2026-08-19 13:40:03,6954,107,34,119.84,120.09,0.09,0
BWFRefubN-g,UCifCesg-EUkjKyQedaB3hRg,2026-08-23 22:49:32,65803,804,14,119.94,120.19,0.06,1
BWIMeTRtCAY,UCa4clnMsHg6uJPpxKbxCEmA,2026-08-04 07:00:27,61552,709,31,120.0,120.0,0.0,1
BWJOEBXTss8,UC9qwDE50UcXvdplRNZKEoPA,2026-08-17 11:08:59,7626,118,15,119.85,120.1,0.1,0
BWM5q90xTeA,UCKVt3arMXfa6XZezR1UnjqQ,2026-08-10 09:00:17,4466,65,0,120.0,120.0,0.0,0
BWaXLh8Mkvg,UCaN1Qp37sHiCdQuSaXa3fVw,2026-08-29 03:50:18,16881,82,38,119.93,120.18,0.07,0
BWelMW0VGlY,UCu1S4-orXOb_L8EmhnbEKyg,2026-08-20 13:46:11,488,18,0,119.99,120.24,0.01,0
BWnbmoP1HNo,UCqVkQsNin4MdGFrWvzFVOKw,2026-08-10 02:00:32,4438,124,5,119.99,120.24,0.01,0
BWo89bkrjS0,UCvfEv6nBnL0QlKqyGmL0orQ,2026-08-10 00:00:20,15315,108,45,120.0,120.0,0.0,0
BWoB_IC4Z_A,UCv1tOT645xHOJrwdGlzjMaA,2026-07-15 07:14:25,256403,2060,10,119.76,120.01,0.01,0
BWoozZ3wb58,UC0vqyzJ-1l3AJl3IkKu0bhQ,2026-07-31 23:36:13,154,2,0,119.9,120.15,0.1,0
BWrfUbMzh7M,UCqyzJW0VRYRP_sFELZYdxGg,2026-08-18 14:00:32,6633,79,55,120.0,120.0,0.0,0
BX4_I0bu6iA,UCwfbSsZ7_sccxcibe60mWlQ,2026-07-30 15:00:20,16203,52,14,120.0,120.0,0.0,0
BXLa1XNpAbw,UCRLoyYlPR9ufzlbeI9lLDqg,2026-07-24 09:00:35,32045,1404,50,119.99,120.24,0.01,1
BXSPMAB5FVY,UCeOXoe4zJCBTBwHN1M_djUw,2026-08-29 07:00:16,38011,212,69,119.76,120.01,0.01,0
BXTSfnx49r0,UC5ScPjbt-a97AJO7SBj6nAg,2026-08-09 06:31:18,141100,3029,83,119.98,120.23,0.02,1
BXYZiIBbdxw,UCSgvQDek_7CQj08fu7kp1Iw,2026-07-26 03:00:11,75686,1164,60,120.0,120.0,0.0,1
BXcaZbllImA,UC0FUMakBJHsRrfKCGQuWnRA,2026-07-25 14:00:30,25162,169,38,119.99,120.24,0.01,0
BXg1-eiOiXs,UCV6mNrW8CrmWtcxWfQXy11g,2026-08-20 14:00:31,317810,12999,194,120.0,120.0,0.0,1
BXhTB0UPskI,UCikKJvpU0Ylua4hRW6faQRg,2026-08-22 02:07:57,5270,126,0,119.88,120.13,0.12,0
BXxP5FoqEVk,UCUbOogiD-4PKDqaJfSOTC0g,2026-07-20 11:01:22,648218,1322,61,119.98,120.23,0.02,1
BYB3vd5CK3Q,UC3pTpoDKt17IrCDH60kSNPA,2026-08-19 01:30:26,256,13,3,120.0,120.0,0.0,0
BYOjeoKs9Eg,UCmcBe97VA2LqVEQUeeZl6Ew,2026-08-27 09:00:17,192083,1183,193,119.76,120.01,0.01,0
BYSVIaO7tAA,UCwfbSsZ7_sccxcibe60mWlQ,2026-07-23 03:00:02,20434,93,27,119.75,120.01,0.01,0
BYXDiYcXds4,UCdK9h1ILxS49c2LguBUY3rw,2026-08-05 12:00:04,3,2,0,120.0,120.0,0.0,0
BYZKu47_mNI,UCPsZX-D7LW99PjZLA-UysPQ,2026-08-12 09:00:03,398,4,11,120.0,120.0,0.0,0
BYnT21jtdUs,UCC1veMJY2wElX0lpYOoNB1Q,2026-07-24 11:01:04,6049439,9828,194,119.99,120.24,0.01,1
BYxba6x5Abc,UC_e83kYlGHWbsrr8QCfV_ag,2026-08-19 11:25:05,13765,38,2,119.84,120.09,0.09,1
BZ385j-1uNE,UCgWwo8FJL3MCxfd66ip7nFg,2026-08-06 09:00:11,60125,,74,120.0,120.0,0.0,0
BZAiM21uuSY,UCzDyC6JMEXEufozffWzI9Mg,2026-08-10 04:00:18,197213,1638,107,120.0,120.0,0.0,1
BZKzc8yACX4,UCrY2B2XX41ReYh9DIWrFfCg,2026-08-24 11:32:17,2668,,2,119.97,120.22,0.03,0
BZQRAT97UNc,UCbvvdVOF0teLO-U6GWh1RKg,2026-08-10 02:49:42,2267,17,10,119.92,120.18,0.08,0
BZSJsV-wLdQ,UCw1DsweY9b2AKGjV4kGJP1A,2026-08-10 13:00:01,8851,93,23,120.0,120.0,0.0,0
BZY9XjQUHvY,UCRq3CDTZ2qe3HiHrZdQKBvQ,2026-08-12 13:01:42,3162,15,3,119.97,120.22,0.03,1
BZZeguSCGNQ,UCN8YcyYvYIrtLcwyT-KqbNg,2026-08-23 03:00:10,35869,101,66,119.76,120.01,0.01,0
BZZsHhvBnNU,UCBo7GIv99qTzHaa6ip09YLA,2026-07-22 09:45:03,2661,22,7,120.0,120.0,0.0,0
BZqT_0oUIqQ,UCwBkHOTyu57NQi0syf5MLig,2026-08-26 00:00:10,96169,445,56,119.76,120.01,0.01,1
B_1w6hUEsK4,UC6yyvXPhfBE7uDNhzZOQwqw,2026-08-09 13:16:43,2,0,0,119.97,120.22,0.03,1
B_798Axb9R4,UCQfISxq5legTqOt1h1us6lg,2026-08-22 18:01:19,5496,12,0,119.99,120.24,0.01,0
B_7UzZ-_lvA,UC5ScPjbt-a97AJO7SBj6nAg,2026-08-24 09:15:13,212262,5999,115,119.76,120.01,0.01,1
B_C02A6AXrw,UCvUKUkIM67eWFbQemjj2-eA,2026-08-13 12:30:18,30754,760,54,120.0,120.0,0.0,0
B_VWZ2Lt2ns,UC8a9-ubjMyQkDH9Jr8EX0JQ,2026-07-17 21:00:52,54,3,0,119.99,120.24,0.01,0
B_WCtpJ4f-4,UCl-VnCUwSxDr5zPu-YlDUYw,2026-07-12 08:00:02,22909,246,26,120.0,120.0,0.0,1
B_cmxbHACas,UCcum1rCJ5GJeQ_xv0xrohqg,2026-08-04 10:00:28,70147,1784,137,119.99,120.24,0.01,1
B_e6FCYQdmo,UCawK5EIfr66Z7fjAlZgfB2g,2026-07-30 04:05:49,23699,,72,119.91,120.16,0.09,0
B_q2sQLfddg,UCkd3KAYGnTNPJZZrPOFeWhA,2026-08-24 00:00:17,105232,260,34,119.76,120.01,0.01,1
Ba1b3Nuv1oU,UCby0vMKcLR05ZdS90aZd5og,2026-07-21 06:45:04,4267,5,2,120.0,120.0,0.0,1
Ba3aRWJyk5Q,UCFrKhWvZ8oeJQTNP5ZabgJw,2026-08-07 06:30:27,208958,2714,145,120.0,120.0,0.0,1
BaW8DfLk0jY,UC6NXJtCn3p-actkvBUlHwDA,2026-08-28 21:46:36,39576,66,2,119.98,120.23,0.02,0
BaXIHstfBNg,UCV7WE8I_UiAN0fa6Arezx_w,2026-08-12 10:00:05,30,0,0,120.0,120.0,0.0,0
BaXtgIU14W4,UCBexUDlBSJM2h4xZB3ch53g,2026-07-19 09:30:39,23120,362,36,119.99,120.24,0.01,1
BaaRYpeES_g,UC8a9-ubjMyQkDH9Jr8EX0JQ,2026-07-10 11:05:50,96,1,0,117.67,121.52,1.52,0
BacFy0YfLQE,UCw1DsweY9b2AKGjV4kGJP1A,2026-08-02 10:00:13,56601,257,85,120.0,120.0,0.0,0
BaeajxsfX7w,UCADf92tisOOh90hrZee4-LA,2026-08-19 15:15:27,21812,129,5,120.0,120.0,0.0,1
BaxBjgpQWxo,UC_2x8h1QrTHOO0i4Yiss-ww,2026-08-10 11:02:07,127011,1407,32,119.97,120.22,0.03,1
BaxU7Fii3i8,UCKrprPfevcAZpPuRnCO6xOA,2026-08-11 17:28:26,36,0,0,119.78,120.03,0.03,0
Bb-0vSYyiA4,UCxpyoLu0jWQJ71_p5zMSgSA,2026-08-25 09:08:30,19599,380,30,119.87,120.12,0.12,1
Bb5MeaAwJeQ,UC-ntxe7eU_afJWEpcTNlVFA,2026-07-27 04:30:47,71706,1061,28,119.99,120.24,0.01,0
Bb8W4sWOwiA,UCjsqgRBvkn8XadWraSQxTKQ,2026-08-29 00:19:03,921,3,0,119.94,120.19,0.06,0
CRKOxMM3QvQ,UCwBkHOTyu57NQi0syf5MLig,2026-08-26 16:39:41,63537,263,63,119.85,120.1,0.1,0
CRNsSJkXD38,UCnCFD3met1Ip7OngdF9TRDg,2026-07-27 03:07:26,8764,170,18,119.88,120.13,0.12,0
CRXUDZ65NeI,UCOaUTqrtz1yBBiwziVJEAmQ,2026-07-29 17:00:35,7214,68,11,119.99,120.24,0.01,1
CRnO9D5Uzes,UC2yOBpLVwB7kzt9C5ZPbB7w,2026-07-29 04:00:31,63962,1038,40,119.99,120.24,0.01,1
CRuNSV6UyJw,UC7lwS-aSDzYHZJ9uWuzySwQ,2026-08-16 09:00:02,1963,6,2,120.0,120.0,0.0,1
CRwt7pxzu0c,UCCoU5ViXgoK-_2neelNhQaA,2026-08-29 03:00:23,58181,550,50,119.75,120.01,0.01,0
CRzlZRK84UE,UCuXE-MdbuaZcPt_2J2kSsSQ,2026-07-25 02:11:02,38,0,0,119.82,120.07,0.07,0
CS6Bk56n0Ik,UCifCesg-EUkjKyQedaB3hRg,2026-08-14 02:16:24,171287,1432,13,119.98,120.23,0.02,0
CSLpC5KgJzI,UCOTJtP0Z9DjpPU43B5m1V6A,2026-07-23 13:00:23,48716,833,467,120.0,120.0,0.0,0
CSWyReFUwiE,UCmZeuRfHYowZhf6odtoaNdg,2026-08-27 04:12:05,45971,191,47,119.81,120.06,0.06,1
CSXDzVerWtA,UC783XWULPW-nDGv_0EYlB6Q,2026-08-11 08:30:34,67408,1633,131,119.99,120.24,0.01,0
CSca66L3xu8,UCgLFbrC7-g0ihBKB0obVPTg,2026-08-10 12:31:26,86,2,0,119.98,120.23,0.02,0
CSvXlq3_OxI,UCpTNtH8yc1Kdl_YFfsQsTYA,2026-07-29 12:03:25,13296,37,0,119.95,120.2,0.05,0
CT3SOOdGiqg,UCPuD5ZRQWa_JCaY5NokNhtg,2026-08-09 13:03:16,585,10,5,119.95,120.2,0.05,0
CT6K3Wg2RK0,UCbItyvYa6cqvqtwlU2E9-wA,2026-08-30 23:23:37,41842,1012,121,119.87,120.12,0.12,0
CTBoq-k43nc,UCF5RrlbsxJjAVLWgOCoNHMg,2026-08-27 22:05:57,34166,259,7,119.91,120.16,0.09,0
CTUJXo8B_a0,UC3_QWAvQRhPW4CDoQU8acKw,2026-07-14 05:53:13,24865,425,94,119.86,120.11,0.11,0
CTVNZjmqB94,UCeBa5aBvHvly34S0Uk9Wqig,2026-08-13 14:11:58,88,4,0,119.8,120.05,0.05,0
CTVhj1MZiPM,UC_e83kYlGHWbsrr8QCfV_ag,2026-08-01 07:41:59,69927,269,166,119.8,120.05,0.05,0
CTWXcSQ1qJE,UC_e83kYlGHWbsrr8QCfV_ag,2026-07-31 13:20:54,321,5,1,119.9,120.15,0.1,0
CTXJBWulKL8,UCATlfGN7EDjXS_2ofklb3bw,2026-08-06 00:29:56,22196,358,0,120.0,120.0,0.0,0
CTrTOarg0w4,UC6NXJtCn3p-actkvBUlHwDA,2026-08-28 01:35:57,32236,68,5,119.91,120.16,0.09,0
CTyDhd_e1c8,UCd6CX2LiQE2dEAPXwk2N0jg,2026-08-10 11:41:54,41081,793,129,119.8,120.05,0.05,0
CTzQWvH8-94,UCOX0M9VYOm2FVBORW9XLChg,2026-07-31 14:45:39,50,0,1,119.99,120.24,0.01,0
CU87_fxZjDY,UCt8CJiye87FMbEwt0npPMuQ,2026-07-13 08:00:06,16082,956,49,120.0,120.0,0.0,0
CUDcdRsSJeg,UCuCmLrNT5MbpqfrSSKHqTug,2026-08-05 08:00:23,5554,45,10,120.0,120.0,0.0,0
CUH_OKC7HCE,UC_m_uqd_9s0hZvlgfvCzqbQ,2026-08-26 03:00:16,323,8,0,119.76,120.01,0.01,0
CUJFV58BqDY,UC-aXNBQ6nwMNeW2V8XB7sBg,2026-08-20 05:00:29,181413,3387,60,120.0,120.0,0.0,1
CUKb0lG7Zes,UCZ6mNZTiTUrUSbSYPlclI4A,2026-08-21 06:01:22,11832,542,12,119.99,120.24,0.01,1
CURVk6wk4Lw,UCE8JC9RAVSudDT_8Ji1fuPQ,2026-07-10 08:45:20,102042,1299,108,119.82,120.01,0.01,1
CUTF88CXpHw,UCkpKYfb8wM67QnKxBj9bZXA,2026-08-12 21:00:13,2010,11,1,120.0,120.0,0.0,0
CUiSOTgbfAY,UCNmN3W2H0r5_hV2drzbEn7Q,2026-08-22 11:33:36,40762,214,45,119.95,120.2,0.05,0
CUnUeFp1Yzg,UCCd3jyJmOFzkJEMj5Bp89rw,2026-07-18 15:00:37,1104,29,0,119.99,120.24,0.01,1
CVAS0XlVk_o,UCBY9rOZPo0fLE45mOV0s0cw,2026-08-20 02:25:06,203,1,0,119.84,120.09,0.09,0
CVEVjdzrXGQ,UCKrprPfevcAZpPuRnCO6xOA,2026-07-29 10:52:16,26,0,0,119.88,120.13,0.12,0
CVY1KnHRp2k,UCBTsPtRCh6ln3IRQFjhjh1A,2026-08-29 10:32:31,404897,919,106,119.97,120.22,0.03,0
CVZE4LoNIlA,UCNmN3W2H0r5_hV2drzbEn7Q,2026-08-13 13:58:35,51794,163,0,119.78,120.03,0.03,0
CVjpw2hz52U,UCFrKhWvZ8oeJQTNP5ZabgJw,2026-07-28 07:00:08,306327,2535,396,120.0,120.0,0.0,1
CVs3EKoZHOg,UCw2zOqd6hXsny79qDki_Z4w,2026-08-30 01:37:59,8657,36,0,119.88,120.13,0.12,0
CVt97gnXTFY,UCZRH94I89Ps7giJYeK6DlWA,2026-08-05 03:00:30,86815,1149,156,119.99,120.24,0.01,0
CW1sabsXao8,UCI3DTtB-a3fJPjKtQ5kYHfA,2026-08-18 02:00:03,5503,94,3,120.0,120.0,0.0,0
CW5icvzlEzs,UC1aBdmKvC6yAiq4xgPLOzKA,2026-08-05 04:46:45,414848,5488,164,119.97,120.22,0.03,1
CWMTkqIBjoc,UCHbz27HAkCIQNw_G2Pa7XVg,2026-07-29 06:00:30,32351,439,28,119.99,120.24,0.01,1
CWdQJfAgiHo,UCUbOogiD-4PKDqaJfSOTC0g,2026-07-11 10:01:46,896072,5507,1458,119.97,120.22,0.03,0
CWoAjyNiuTI,UCAl4HWznMn7KhKBRFO5eiFA,2026-07-31 10:00:33,36580,239,26,120.0,120.0,0.0,1
CWwKxdMKylw,UCC1LvVTX2ySKYjeIXkAtvsQ,2026-08-26 11:00:23,135168,863,112,120.0,120.0,0.0,0
CX4kcyIi_Io,UCS-X1uBDTNwAYyydiXjcX9A,2026-08-18 03:00:05,4509,35,0,120.0,120.0,0.0,1
CX6k8x-vvK8,UCCMQyaKDjQJY79VimTdaYYQ,2026-07-12 07:31:58,278493,1531,1701,119.97,120.22,0.03,0
CX8Nx1tPsXg,UCyU5JQ8KVRD9jE4E_xLsHxw,2026-07-22 09:00:29,11,1,0,119.99,120.24,0.01,0
CXVqIxoPie4,UC6YqXiwCBfPvPTs3wXgWElQ,2026-08-28 05:13:58,1714,8,0,119.78,120.03,0.03,0
CXjDtMgCu8I,UC5WN-znPsJK0BbA8aHxZHWQ,2026-07-22 09:00:25,14549,168,4,119.99,120.24,0.01,1
CY-GhYSUtMI,UCL_IvtOZo6sONpiydbzzHpA,2026-08-15 01:47:05,101885,1585,19,119.97,120.22,0.03,0
CY3Z9ErGG6c,UCpcTrCXblq78GZrTUTLWeBw,2026-08-23 16:30:29,120268,3186,33,120.0,120.0,0.0,1
CYQxP8l_KNI,UCV6mNrW8CrmWtcxWfQXy11g,2026-07-25 22:00:10,626775,31868,136,120.0,120.0,0.0,1
CYVExFNDctg,UCq6bX1rAJqwt3LmYuHrDPqg,2026-08-19 18:19:05,5724,8,0,119.94,120.19,0.06,0
CYjEiJzUzqg,UCVqmxk6oNOHj9RFVo4uP_lw,2026-07-22 23:00:12,18548,502,8,120.0,120.0,0.0,1
CYjOOHIH-2U,UCt8CJiye87FMbEwt0npPMuQ,2026-07-17 15:30:30,7596,205,21,119.99,120.24,0.01,0
CYkAxAhchGI,UC-8S20Ll1gzPiu_YY8BgyaQ,2026-08-16 13:19:50,79908,525,61,119.92,120.17,0.08,0
CYmH1A8cc3g,UCyU5JQ8KVRD9jE4E_xLsHxw,2026-08-15 02:30:39,42,0,0,119.99,120.24,0.01,0
CZ5CaOjltC0,UC5ThQKdocwo_9UurfT5P_ww,2026-08-08 06:33:07,219833,3978,100,119.95,120.2,0.05,1
CZgQ4W2BOH0,UCqPN9LAkx20aBWOafwvQB-Q,2026-08-10 23:00:01,239931,8048,584,120.0,120.0,0.0,0
C_3qTKWaMfg,UCQzgMwT5Q6x-Mtq65HRS_0Q,2026-08-24 09:56:41,5970,71,8,119.82,120.07,0.07,0
C_MXsFqQaNg,UCL_IvtOZo6sONpiydbzzHpA,2026-08-11 18:10:12,149384,2043,63,119.83,120.08,0.08,0
C_qKIg0uP2I,UCdF0eCyf5np3lPO4y1fJVdw,2026-08-18 08:45:12,13749,291,17,119.76,120.01,0.01,0
C_xFV9bg2nk,UCPuD5ZRQWa_JCaY5NokNhtg,2026-08-14 16:22:29,639,22,3,119.88,120.13,0.12,0
C_zCJksY-NQ,UCLftNEuzXvzW1NauJA7ikjg,2026-08-29 13:29:04,1085,13,1,119.78,120.03,0.03,0
Ca2rGfmkCQM,UCOTJtP0Z9DjpPU43B5m1V6A,2026-08-07 05:00:09,146378,1312,41,120.0,120.0,0.0,0
CaGlKncjUKA,UCyoSQyaCrZHro6F_nBiXIYg,2026-07-21 13:54:11,148849,880,248,119.85,120.1,0.1,0
CaIMwqBPzcE,UCgO8sNnksVuKcuTVTQKSK3A,2026-07-30 09:30:03,35050,554,155,120.0,120.0,0.0,0
CaLT5LmjDnw,UC08-hQbwh7eyr8PlaYG2-sQ,2026-07-13 10:00:32,18513,263,132,119.99,120.24,0.01,0
CaP_bOrKDLs,UCS7gEaMmBPAaI8dHNnrSofg,2026-08-03 10:00:41,44868,,34,119.99,120.24,0.01,0
CahpKKl4UHA,UCby0vMKcLR05ZdS90aZd5og,2026-07-27 02:31:07,2135,2,0,119.98,120.23,0.02,1
Cb2vxQSg4fU,UCA2ztZuXhSktpdxb419WvCQ,2026-08-16 09:10:15,3779,48,26,119.83,120.08,0.08,0
Cb6PS67-XkA,UCMF3M48BakI-ptofqoUqdAA,2026-08-04 15:27:23,2778,90,23,119.8,120.05,0.05,0
Cb8P9T26oYs,UCrKSaegnzewdj9-YLsUhoZw,2026-08-28 04:39:57,54544,172,124,119.85,120.1,0.1,0
CbEfX4aRGFU,UCwBkHOTyu57NQi0syf5MLig,2026-08-10 06:00:19,728322,4013,125,120.0,120.0,0.0,1
CbObaZFJAh0,UCl402YYy7RcH7PBI3npmGPQ,2026-08-23 03:00:08,98283,599,319,119.76,120.01,0.01,0
CbWDB7eKcG0,UCSl8TBqqflby-ymdEQVfRNQ,2026-08-02 13:05:03,15623,259,70,119.92,120.17,0.08,0
CbXgLhpgQv0,UCUt2AEhC-OOC2EPCzj4DkCw,2026-07-30 08:05:53,1599,35,10,119.9,120.15,0.1,0
CbbYeDPNuh8,UCO8ToDSM2Gvt3EZdOdosxTw,2026-07-23 09:30:20,52148,869,39,120.0,120.0,0.0,1
CbiZJxkoVh8,UCFrKhWvZ8oeJQTNP5ZabgJw,2026-08-02 06:00:27,146556,972,43,120.0,120.0,0.0,1
CbjUjhP4dqk,UCkrNv6xF8j7QZmWb3UeAH8A,2026-08-06 08:37:22,2979,14,7,119.88,120.13,0.12,0
Cbmk6wBkpp8,UCSzHok6X5qXEO7cjvVnE62g,2026-07-18 08:00:13,25214,136,23,120.0,120.0,0.0,0
Cbn4tsPaaOY,UC3_QWAvQRhPW4CDoQU8acKw,2026-07-15 07:00:32,12757,253,14,119.99,120.24,0.01,1
CbyspShvBn4,UCJDXc9JWCZo-nLNKr_-L2Ng,2026-08-28 19:31:11,13469,246,15,119.99,120.24,0.01,0
Cc-KftCpz0c,UCBo7GIv99qTzHaa6ip09YLA,2026-07-26 03:00:17,9716,69,12,120.0,120.0,0.0,0
Cc0g9o7JPVs,UCN5oT4zGJX-_H6pE5isAEeg,2026-08-27 08:00:12,434601,5512,432,119.76,120.01,0.01,1
CcT-81_5r9I,UCifCesg-EUkjKyQedaB3hRg,2026-08-16 01:13:52,152082,3115,187,119.77,120.02,0.02,1
CcTtzIe-RO0,UC-2wa6jvprl7hfCpvw0ULzg,2026-08-11 06:15:14,5744719,7639,1603,120.0,120.0,0.0,0
CcwEUCPdKdw,UCnju7ULBic4VgkCfDvVXCnA,2026-08-02 03:20:44,12731,158,31,119.91,120.16,0.09,0
CcxrUk4Pefw,UCpcTrCXblq78GZrTUTLWeBw,2026-07-30 11:30:32,73940,1415,119,119.99,120.24,0.01,0
CdD0uPUGM7k,UCzps05UZ7XpX3SFoFyYIDow,2026-08-10 11:17:23,31429,129,30,119.96,120.21,0.04,0
CdD4enYdi_k,UCDLDbittWhk2KXvaCT0YpZQ,2026-08-25 03:00:11,6120,211,16,119.76,120.01,0.01,0
CdEtYrremlA,UC543-TDm6IvHHZXwdSFioMw,2026-08-31 11:45:34,7875,27,0,120.0,120.0,0.0,0
CdIKFRZq_7Y,UCAl4HWznMn7KhKBRFO5eiFA,2026-07-19 10:00:28,11390,74,10,119.99,120.24,0.01,1
CdN_99HMB4c,UCv1tOT645xHOJrwdGlzjMaA,2026-08-02 14:43:46,30040,317,74,119.77,120.02,0.02,0
CdVTqC0LHdc,UCh7XUfZEEV3pct5zDjx6OZA,2026-08-29 00:00:33,71338,256,60,120.0,120.0,0.0,0
CdWuNUSGqAQ,UCV6mNrW8CrmWtcxWfQXy11g,2026-08-27 08:53:27,33702,2932,28,119.87,120.12,0.12,0
Cdr5OiY_uXQ,UCbFzvzDu17eDZ3RIeaLRswQ,2026-07-23 13:29:01,854736,6925,395,119.77,120.02,0.02,0
CeH321AHT1M,UCPGl9DV2WUgaqGVXtVrhJWQ,2026-08-07 15:00:36,6,0,0,119.99,120.24,0.01,1
CebeZuWlW9g,UCWVS5IJOkNnkKS5rjiAt9rw,2026-08-28 07:24:30,213220,589,152,119.85,120.1,0.1,0
Cf6n4ux-ARg,UCdoTrHNHnoRbaQenxK5PEUg,2026-07-25 02:13:36,30,2,0,119.77,120.02,0.02,0
CfQZ29oJJcM,UCM81CAJ2_Y42-bvK1OQnAAA,2026-07-30 14:17:59,61164,719,551,119.95,120.2,0.05,0
CfZ5ll2yVyc,UCBo7GIv99qTzHaa6ip09YLA,2026-08-31 10:30:34,8778,6,11,120.0,120.0,0.0,0
CfhbNvrAbis,UCw1DsweY9b2AKGjV4kGJP1A,2026-08-21 09:45:23,63031,172,18,119.76,120.01,0.01,1
CfkJkIRVv5s,UCKrprPfevcAZpPuRnCO6xOA,2026-08-17 09:00:38,881,6,0,119.99,120.24,0.01,0
CfliYDP88SQ,UCdQHEqTxcFzjFCrq0o4V7dg,2026-08-31 22:20:03,110560,2787,228,119.93,120.18,0.07,0
CfsGoHUNkSQ,UCkrJBQAut47U8xMUuv8D_3g,2026-07-31 07:52:25,24029,1070,92,119.88,120.13,0.12,1
CfxBMyyz0io,UC5pdoCANExIVI4yf6DVoxew,2026-07-31 04:50:56,319,11,23,119.9,120.15,0.1,0
Cg6Il108rLw,UC0FUMakBJHsRrfKCGQuWnRA,2026-08-07 10:08:42,98149,1130,359,119.86,120.11,0.11,0
CgAh-JRv7r8,UCpcTrCXblq78GZrTUTLWeBw,2026-07-12 22:51:53,2477909,43700,486,119.89,120.14,0.11,1
CgAteFUx3cM,UCpTNtH8yc1Kdl_YFfsQsTYA,2026-07-27 01:55:02,8314,23,2,119.84,120.09,0.09,0
CgFKMc82yy8,UCmcBe97VA2LqVEQUeeZl6Ew,2026-08-02 09:00:16,90535,537,99,120.0,120.0,0.0,0
CgHhJOOWYkw,UC_Xb6sEXAdNv9nHU4988vmg,2026-08-06 08:00:36,763,,0,119.99,120.24,0.01,0
CgZdXt_G19g,UCYooECrv-fIXlPaDwEIaveA,2026-07-17 09:00:29,27930,607,22,119.99,120.24,0.01,1
CgdrLgYDTtU,UCpX86JOUhnrzG7MK8e8Gjbw,2026-08-27 04:07:43,87528,244,116,119.88,120.13,0.12,0
CgiTTA73k0Y,UC9bicYGdrx2YllCCg5H81Cw,2026-08-21 16:29:48,84476,1638,124,119.77,120.02,0.02,0
CgkZC9ZCgnA,UCk3w4CQ_SlLH4V0-V6WjFZg,2026-08-03 16:20:04,76018,3387,215,119.92,120.17,0.08,0
Ch1aSWXv4sE,UCAl4HWznMn7KhKBRFO5eiFA,2026-08-19 10:00:19,3891,33,1,119.76,120.01,0.01,1
Ch8DWiY4xW8,UC8IxyKkhu4YUYK_c76AdcDw,2026-07-22 14:22:48,11204,78,36,119.87,120.12,0.12,0
ChHoDrEajg8,UCt8CJiye87FMbEwt0npPMuQ,2026-08-13 15:30:34,2386,98,5,119.99,120.24,0.01,1
ChNX_ElJYqc,UC0aKwoKNeqBaUwiEXmkQaGQ,2026-08-14 10:30:39,50028,523,143,119.99,120.24,0.01,0
ChNrsZb4Brc,UC8FErYSi74YwGUAoTpjvgzQ,2026-08-31 03:00:06,12304,298,23,119.76,120.01,0.01,1
ChO8K6tls9c,UC8rbhIem-3aAsNXhTDI-nSA,2026-08-11 22:00:14,58282,1048,102,120.0,120.0,0.0,0
ChddEQe1_OA,UCXVVG5ZM3SJJCh94xatR8Dg,2026-08-28 03:00:13,527,9,1,119.76,120.01,0.01,1
Ci3PyukQ7gs,UCwBkHOTyu57NQi0syf5MLig,2026-08-12 02:00:18,286760,1124,149,120.0,120.0,0.0,1
Ci5OMggxpBI,UCg5Ew4lj74r_ohbc4AeQj1w,2026-07-25 03:49:25,16301,398,71,119.93,120.18,0.07,0
CiqFQyb3fh8,UCBTsPtRCh6ln3IRQFjhjh1A,2026-08-14 13:07:03,62216,487,64,119.89,120.14,0.11,0
Ciwite-9FmA,UCdoTrHNHnoRbaQenxK5PEUg,2026-08-26 14:23:58,35,0,0,119.86,120.11,0.11,0
CiwmlZzlwQE,UCgLFbrC7-g0ihBKB0obVPTg,2026-08-30 23:10:45,1050,13,0,119.84,120.08,0.08,0
CixOlu2KUTU,UC5bjQxLK_3XVzIOTQ04sYeg,2026-08-31 08:39:22,7487,45,6,119.86,120.11,0.11,0
CizDkhOl9Ic,UCPGl9DV2WUgaqGVXtVrhJWQ,2026-07-14 13:31:05,4,0,0,119.98,120.23,0.02,0
CjIbz3UhxDA,UCifCesg-EUkjKyQedaB3hRg,2026-08-19 23:17:12,4949,64,4,119.97,120.22,0.03,0
CjLmmiGbrP0,UCgLFbrC7-g0ihBKB0obVPTg,2026-08-07 15:55:15,134,8,1,119.83,120.08,0.08,0
CjMXxWADGNE,UCV7WE8I_UiAN0fa6Arezx_w,2026-08-15 22:00:30,40,0,0,119.99,120.25,0.01,0
CjQGBdbCa3M,UCW_Ptq0v8ck67w9oKiwXz2g,2026-07-31 09:33:50,84,1,0,119.94,120.19,0.06,1
CjaVqXRVbdQ,UCZ6mNZTiTUrUSbSYPlclI4A,2026-08-21 05:26:00,10217,361,15,119.83,120.08,0.08,1
CjdapcAnhdE,UCeiQKedLZob9Cb797XfsrRw,2026-08-20 15:22:27,1637,19,5,119.88,120.13,0.12,1
CjdoJfbdPvc,UCN5oT4zGJX-_H6pE5isAEeg,2026-08-05 22:00:39,1469916,17889,1040,119.99,120.24,0.01,1
Cjy1H5CxwCI,UCrR_fhiJjoW8OJFzUcmlMMA,2026-08-27 07:00:31,19061,76,62,119.75,120.01,0.01,0
Ck0XHeOP4HM,UCab17MxxnFtAhGsJVTkSkCg,2026-08-27 11:40:30,2444,9,2,119.84,120.09,0.09,0
Ck4QI_mfx-c,UCIxcZWLQpP-mUZC6_Uljc_Q,2026-07-30 13:30:39,14565,56,69,119.99,120.24,0.01,0
CkBHUMWKFZs,UC_Xb6sEXAdNv9nHU4988vmg,2026-08-17 10:00:32,50822,,0,119.99,120.24,0.01,1
CkImfTnBa4I,UCF-rFAdN7dzd-SI2T3rkCaQ,2026-08-27 11:04:30,299684,5657,144,119.94,120.19,0.06,1
CkQSrz0N69w,UCZRH94I89Ps7giJYeK6DlWA,2026-08-19 04:15:26,144798,1710,426,120.0,120.0,0.0,0
CkRIIgSDNBI,UCfq-5-0b5Lzj7cKCrp6-flA,2026-08-23 10:00:31,17660,628,84,120.0,120.0,0.0,1
Ck_3hGmFk1c,UCJJZkVUNIxq8XNDzHiAD-eQ,2026-08-15 09:00:38,3748,36,27,119.99,120.24,0.01,0
CkmOoKAeTEg,UChHxLcNi7e0zu-e33HM6v6A,2026-08-12 23:00:34,19800,68,11,119.99,120.24,0.01,0
CkmdijSvaZM,UC3DYSay178fMMPaf3zHwECA,2026-08-25 08:00:17,73337,2008,26,119.76,120.01,0.01,1
Cl70is-lrBc,UCV7WE8I_UiAN0fa6Arezx_w,2026-08-24 14:00:17,24,0,0,119.76,120.01,0.01,0
ClCTQhvxZNI,UCabScupufwcOzAdcVXZrmlg,2026-08-17 06:05:58,13458,287,80,119.9,120.15,0.1,0
ClO2MvLVCag,UCqRz_-l3GCmWb92u8P33RYQ,2026-08-03 12:50:24,26902,278,19,119.91,120.16,0.09,0
Cl_PrkUxVys,UCp9skQ2mP_DfVL8c3gZQUzg,2026-08-01 18:48:54,7122,95,2,119.94,120.19,0.06,0
ClccniUZqwI,UCp6n8d8Y8r3MwKNw_MMaouQ,2026-08-04 14:13:36,11182,649,11,119.78,120.03,0.03,0
Climn8biNl0,UCcstDLbuhxEbFKkPZ6wST2A,2026-07-26 11:00:09,17224,72,13,120.0,120.0,0.0,0
ClluCCszMtc,UC7hwQp3F6P_OwyRM14p88iQ,2026-08-29 15:45:26,96071,224,0,119.76,120.01,0.01,0
ClnywxE8XSU,UCV6mNrW8CrmWtcxWfQXy11g,2026-08-23 14:43:49,80208,2280,197,119.78,120.03,0.03,0
CltwcKfASp8,UC6YqXiwCBfPvPTs3wXgWElQ,2026-08-03 14:14:18,118033,485,131,119.76,120.01,0.01,0
ClujamDj5Nc,UC4cKHOBS-nRfKFTwf1n8HGA,2026-07-22 08:24:07,5581,,6,119.85,120.1,0.1,1
ClvBjqSRrb4,UC-aXNBQ6nwMNeW2V8XB7sBg,2026-08-21 01:00:36,34166,385,19,120.0,120.0,0.0,1
D7NV-2J_XNk,UClFxbDnu3-z8B002ns6JnBQ,2026-07-24 18:00:23,2056,4,0,120.0,120.0,0.0,1
D7b7OEfkoWE,UC4VWaR3R17Ruc7j1Cy1-PKQ,2026-08-23 10:47:54,53,2,6,119.96,120.21,0.04,0
D7gzsyIgu3g,UC2yOBpLVwB7kzt9C5ZPbB7w,2026-07-26 12:00:30,81353,1419,31,119.99,120.24,0.01,1
D7o8l9BKC4Q,UChLqHuZV0PENIBYxDgXyPLQ,2026-08-08 01:21:16,17375,243,33,119.9,120.15,0.1,0
D7vUMOeqf04,UCW_Ptq0v8ck67w9oKiwXz2g,2026-07-22 05:20:24,302,1,0,119.91,120.16,0.09,0
D82jo-YUDY8,UC0uQYROl6H_8-Lb2bFz6yyg,2026-08-21 09:01:55,100363,999,105,119.98,120.23,0.02,0
D84jvf07iCA,UCoQU5wtIxq0QGh80NHky82g,2026-08-22 04:05:39,118187,1841,132,119.92,120.17,0.08,0
D8BGd2cxZOA,UC3ozN5tHi449NhCDE6Xtmwg,2026-07-21 11:12:02,23250,311,36,119.8,120.05,0.05,0
D8M4tIJZ9HU,UCp6n8d8Y8r3MwKNw_MMaouQ,2026-08-30 12:26:51,6803,292,5,119.82,120.07,0.07,0
D8NuOkNZLx8,UCksGX0hODm1Ev6mysrToMqg,2026-08-21 06:00:45,6047,165,16,120.0,120.0,0.0,0
D8RZ-4_PbIY,UCGa52d8Qlv3THghuCAt_nXA,2026-08-31 09:00:09,34779,309,18,119.76,120.01,0.01,1
D8p7Dvq4EYc,UCab17MxxnFtAhGsJVTkSkCg,2026-08-20 08:22:06,7514,84,6,119.89,120.14,0.11,0
D8ze6t_qVKs,UCPGl9DV2WUgaqGVXtVrhJWQ,2026-07-13 15:00:42,19,0,0,119.99,120.24,0.01,0
D939obMsyJ8,UCv1tOT645xHOJrwdGlzjMaA,2026-08-20 14:11:44,112983,899,7,119.81,120.06,0.06,0
D96jbe91wcQ,UCgLFbrC7-g0ihBKB0obVPTg,2026-07-27 14:21:00,259,11,0,119.9,120.15,0.1,0
D9JtUBUJQn8,UCvPDPTxTLitVEyGu4Xt6m8g,2026-08-17 09:00:30,26759,159,14,120.0,120.0,0.0,1
D9_NChxeV4g,UCAl4HWznMn7KhKBRFO5eiFA,2026-07-26 13:19:27,13098,92,0,119.93,120.18,0.07,0
D9cRPrJ6XD8,UCksGX0hODm1Ev6mysrToMqg,2026-08-27 08:00:32,15413,177,18,120.0,120.0,0.0,0
D9gXwwa5WIU,UCD8r5Jgns2V64-NcUmXclpg,2026-08-27 03:15:40,204059,490,95,120.0,120.0,0.0,0
D9jRcCkD9xo,UCAVR6Q0YgYa8xwz8rdg9Mrg,2026-08-08 04:00:12,213807,11491,230,120.0,120.0,0.0,1
DA0yKGJKIgg,UC3_QWAvQRhPW4CDoQU8acKw,2026-08-30 03:00:15,56916,765,75,119.76,120.01,0.01,1
DA7p4n09Fo0,UC2U8C7lmbQpfBeAW8fTP_jg,2026-07-25 06:05:59,34854,664,35,119.9,120.15,0.1,0
DAPTSihmUO4,UC8x8GQmlxAIhHxzU61z0uLQ,2026-07-12 14:00:25,9600,75,23,119.99,120.24,0.01,0
DAkp2LiYne8,UCpcTrCXblq78GZrTUTLWeBw,2026-08-14 04:30:19,48980,470,29,120.0,120.0,0.0,0
DAnHreK22bg,UCw1DsweY9b2AKGjV4kGJP1A,2026-08-01 09:00:02,59965,139,9,120.0,120.0,0.0,1
DB-7evObMQo,UCVipGmBXqbYKNODNzVCN86w,2026-07-31 01:00:21,11662,248,17,120.0,120.0,0.0,1
DBEEk4vykLA,UCifCesg-EUkjKyQedaB3hRg,2026-07-24 20:45:20,39844,1158,19,120.0,120.0,0.0,1
DBI-bfVRIPw,UCrY2B2XX41ReYh9DIWrFfCg,2026-07-10 10:03:09,7438,,5,118.71,122.57,1.29,0
DBINp1nrh-4,UCV7WE8I_UiAN0fa6Arezx_w,2026-08-14 21:00:23,80,2,0,120.0,120.0,0.0,0
DBYLxrgBnKY,UC1Ns07Rw0lQK-KuaPHfRRTw,2026-08-05 14:37:05,110,1,0,119.88,120.13,0.12,0
DBeIrk7FIKc,UCkcaRxpTcisadUeCbHOYTFw,2026-08-23 09:19:52,9847,148,6,119.93,120.18,0.07,1
DBhShWTNZlE,UCF5RrlbsxJjAVLWgOCoNHMg,2026-07-28 00:13:07,62826,2782,89,119.78,120.03,0.03,1
DBmFHu9JngY,UC_e83kYlGHWbsrr8QCfV_ag,2026-08-25 12:28:17,6713,21,2,119.79,120.04,0.04,1
DBp2O3aedJc,UCV6mNrW8CrmWtcxWfQXy11g,2026-08-23 06:00:23,58653,1698,42,119.76,120.01,0.01,1
DBqwRruTqm4,UCABvetlXpdOwFz10fCpJkwQ,2026-08-26 06:14:58,142636,1150,540,119.76,120.01,0.01,0
DBvtaMNhwEo,UCnCH3Uhv_ynhTNKEH6ekRtg,2026-07-16 08:03:44,10153,150,21,119.94,120.19,0.06,0
DCO5FIun6Q0,UCNmN3W2H0r5_hV2drzbEn7Q,2026-07-11 11:19:14,71253,1160,62,119.93,120.18,0.07,1
DCdshg-M4Os,UCPsZX-D7LW99PjZLA-UysPQ,2026-08-06 15:00:04,2334,14,13,120.0,120.0,0.0,0
DCgQF5u3OJs,UC-okJdotaXPlzivRzHFqzuA,2026-08-11 04:59:17,233058,867,24,119.76,120.01,0.01,1
DCqjxa6Q3C0,UC783XWULPW-nDGv_0EYlB6Q,2026-07-24 09:30:32,52744,641,96,119.99,120.24,0.01,0
DCytcKoi4H0,UCJA6MZLzTeljmGNFaugdoWQ,2026-07-10 15:10:27,2179,8,0,119.83,120.08,0.08,1
DCzaj5YR8pI,UCV6mNrW8CrmWtcxWfQXy11g,2026-08-21 09:00:39,114585,4075,383,120.0,120.0,0.0,1
DDEPRKuIrJM,UCT-UsvGz4gm7lezXvCEex9A,2026-08-20 08:00:35,142,10,5,120.0,120.0,0.0,0
DDGAW2bjS5I,UCab17MxxnFtAhGsJVTkSkCg,2026-07-23 16:12:34,641,10,0,119.79,120.04,0.04,0
DDHOB85POg0,UCt8CJiye87FMbEwt0npPMuQ,2026-07-30 16:30:25,4203,132,8,120.0,120.0,0.0,0
DDNkglyPkvI,UCzDmGDR5RdahQkLCBoWlTEg,2026-07-14 15:39:34,16993,233,1,119.84,120.09,0.09,0
DDu-64ZsOwk,UC8Xz3BKjDvQk7lKhH7Hi9nA,2026-08-01 09:48:27,17438,336,104,119.94,120.2,0.06,0
DDvIDWFq41U,UCNNR1-x2NhZARsNGnQlh2sQ,2026-08-08 05:00:27,109239,367,37,120.0,120.0,0.0,1
DDvrXrxXAOY,UC3RzmV2LX3AmWhZVx0A7u0A,2026-08-26 07:00:35,166319,3288,183,120.0,120.0,0.0,1
DE5Hdr7w48c,UCvPGGL-OTEAQlwAUxbcJO8g,2026-07-19 05:11:51,86383,1953,180,119.8,120.05,0.05,0
DE62JhF3Ebg,UCEg24oF81p-THPtp3otdmTA,2026-08-11 09:00:24,138660,3325,71,120.0,120.0,0.0,1
DEDXmg0mrRs,UCxPMcxq7WJ32M3lnFn58Cpg,2026-08-19 11:22:11,3651,15,2,119.89,120.14,0.11,1
DELkSFhke4A,UCPGl9DV2WUgaqGVXtVrhJWQ,2026-08-31 15:00:07,39,0,0,119.76,120.01,0.01,0
DEOe_q1iy68,UCdK9h1ILxS49c2LguBUY3rw,2026-07-26 11:45:19,8,2,0,120.0,120.0,0.0,0
DEPfqIudsNw,UCAl4HWznMn7KhKBRFO5eiFA,2026-08-09 13:18:56,55872,155,16,119.94,120.19,0.06,1
DEe5aikKQCc,UC_1zs9WEip0B-2g5ysbf-eg,2026-07-20 11:32:00,157,2,0,119.97,120.22,0.03,1
DEk7iiKShyA,UCKY2DOkLOyPLlvGHI3XQw0Q,2026-08-30 23:49:09,1398,6,0,119.94,120.2,0.06,1
DElfWk0HBPY,UCjiXXUsdl0F0aUkTbv8ZVTA,2026-08-26 14:00:02,9529,501,16,119.76,120.01,0.01,1
DElugoZyUZc,UC2t5bjwHdUX4vM2g8TRDq5g,2026-07-12 16:00:20,414759,9263,228,120.0,120.0,0.0,1
DEvHOY5BwgA,UCgvtwZJPhSfbKOxh3EoVXng,2026-08-29 00:34:23,15,1,0,119.94,120.19,0.06,0
DF0IxBlg0cU,UCjOtzpfj5lF9erwTEQYkxtQ,2026-08-06 03:00:17,89812,1830,124,120.0,120.0,0.0,0
DF29U4cRRss,UC0vqyzJ-1l3AJl3IkKu0bhQ,2026-08-07 14:45:07,53,2,2,120.0,120.0,0.0,0
DF2P6CCYKD0,UCXAXCxTCCYYKsLJNzEvjqfw,2026-08-06 21:27:23,29059,424,122,119.8,120.05,0.05,0
DF5RoNre7aA,UCAl4HWznMn7KhKBRFO5eiFA,2026-08-16 11:15:13,9845,69,3,120.0,120.0,0.0,1
DFFXFZk88Ys,UCFvdXoI9LTADYG07s4pMnhg,2026-07-30 03:42:20,18561,89,77,119.8,120.05,0.05,0
DFKoGTtFz-Y,UCifCesg-EUkjKyQedaB3hRg,2026-08-30 22:11:22,10552,258,1,119.83,120.07,0.07,1
DFhcDHBdZGo,UCV7WE8I_UiAN0fa6Arezx_w,2026-07-15 11:00:30,141,2,0,119.99,120.24,0.01,0
DFizqzwAqlQ,UC6aF-skLT_1X6cdPJxVJXxQ,2026-07-24 08:00:02,732554,14643,135,120.0,120.0,0.0,1
DFk6FRKuUtU,UCby0vMKcLR05ZdS90aZd5og,2026-08-11 09:37:44,2578,4,0,119.87,120.12,0.12,1
DFvFGgEni8U,UC783XWULPW-nDGv_0EYlB6Q,2026-07-15 09:30:00,30015,906,24,120.0,120.0,0.0,1
DGB8Z87exJw,UCrR_fhiJjoW8OJFzUcmlMMA,2026-07-11 07:00:34,11187,126,78,119.99,120.24,0.01,0
DGGnKNKBfjc,UCby0vMKcLR05ZdS90aZd5og,2026-08-20 11:52:55,22465,13,2,119.87,120.12,0.12,1
DGNQnz2Mc9Y,UCdm06VHBWF5Mg5kYxffzikw,2026-08-03 05:21:54,12360,159,12,119.89,120.14,0.11,0
DGQnlYqENds,UCdXpKf3aIenvWkMbF3EvcQg,2026-08-30 02:12:33,3366,14,0,119.8,120.05,0.05,0
DGX9n9BePfU,UCPp6kLLWggTuACsQwFibg8A,2026-08-25 14:39:04,120370,757,50,119.86,120.11,0.11,0
DGZtJi7reHs,UC0-ZCUCeCQBwKU15x0Aqk_g,2026-07-25 18:00:19,47600,483,4,120.0,120.0,0.0,0
DH6Hg1AOJGw,UC-yb5eNBQyXBE9nZnht9u-g,2026-07-13 05:22:16,64673,667,11,119.88,120.13,0.12,1
DH7icc4NRpY,UCBidluUUxzT_5jVOI_2x2MQ,2026-08-29 08:00:06,1172,6,0,119.76,120.02,0.02,0
DHGFIp42BZY,UCv1tOT645xHOJrwdGlzjMaA,2026-07-30 15:08:02,251385,1881,28,119.87,120.12,0.12,0
DHcQroeI9CM,UC-FiQR2gg8oiNw98ZdsSX6Q,2026-07-22 15:00:09,2672,3,0,120.0,120.0,0.0,0
DHrAXoWkhhk,UCb5NLtXAsTBrmaZVhyFa-Wg,2026-08-21 08:05:07,80744,420,61,119.93,120.18,0.07,0
DHw8VtYrEY0,UCN5oT4zGJX-_H6pE5isAEeg,2026-07-25 03:00:33,155519,2867,92,119.99,120.24,0.01,1
DIBei4k6FQw,UCS2OAdHoLt-9T6cG9A2H49Q,2026-07-28 03:00:07,11659,162,50,120.0,120.0,0.0,0
DIHdsLZS36I,UCtt0Hg9MhraTkzWwNQpplHg,2026-07-26 02:00:10,348833,4434,463,120.0,120.0,0.0,1
DIJrJYPYovE,UC5Yx9RlmznXDUEIrfoSqheA,2026-07-27 17:52:07,6278,64,4,119.88,120.13,0.12,0
DIQyCJPBLCE,UCKY2DOkLOyPLlvGHI3XQw0Q,2026-07-30 23:43:01,1288,5,0,119.78,120.03,0.03,1
DIZEzWRPQVU,UC699Y51pMl0wWLPA4atcZjQ,2026-08-31 02:51:17,14757,238,247,119.91,120.16,0.09,0
DI_Ml8ozR8Q,UCxtZZzggcfOmsW99gYkxsNA,2026-08-05 06:00:45,25963,964,215,119.99,120.24,0.01,0
DIaQMAgYWU0,UCF9Ws3xrNmMKVjL4kg0jzbA,2026-08-21 07:39:51,18821,128,14,119.85,120.1,0.1,1
DIlQ60T6rC0,UC5H8Wt-1q_tnn-m4tDTqbUw,2026-07-31 16:09:54,905,11,5,119.84,120.09,0.09,0
DJ8qSXT7lU0,UCS2OAdHoLt-9T6cG9A2H49Q,2026-08-10 03:00:08,11032,143,75,120.0,120.0,0.0,0
DJJzr1X14xA,UC_RRZdJk55ShXE-9d3deRUA,2026-08-18 19:09:56,9369,69,4,119.85,120.1,0.1,0
DJK7tG8IHCM,UCyoSQyaCrZHro6F_nBiXIYg,2026-08-27 14:08:55,155236,299,109,119.87,120.11,0.11,0
DJKW5BcY55s,UCPsZX-D7LW99PjZLA-UysPQ,2026-07-31 06:00:04,1037,8,7,120.0,120.0,0.0,0
DJKYj4feook,UCjiXXUsdl0F0aUkTbv8ZVTA,2026-08-25 15:01:45,4829,62,12,119.98,120.23,0.02,0
DJ_tH4n2Kcg,UCXVVG5ZM3SJJCh94xatR8Dg,2026-07-17 06:00:01,9340,21,2,120.0,120.0,0.0,1
DJnn0cwxwpU,UCgjaQlejpAnIu0q-xtVfTEw,2026-08-15 00:00:02,66316,1613,25,120.0,120.0,0.0,1
DJzFtQWDRcQ,UCTK7GGeH0c9INAEnV2EfD0Q,2026-08-16 04:27:12,3108,92,2,119.8,120.05,0.05,1
DK5NRILaiAI,UCKY2DOkLOyPLlvGHI3XQw0Q,2026-08-28 06:44:02,329,8,1,119.78,120.03,0.03,0
DKDL5Basxv8,UCO8ToDSM2Gvt3EZdOdosxTw,2026-08-14 05:30:26,6883,65,50,120.0,120.0,0.0,0
DKES_1v3uxY,UCifCesg-EUkjKyQedaB3hRg,2026-08-26 17:19:17,312447,1886,12,119.94,120.19,0.06,0
DKRWTTyBg44,UCyU5JQ8KVRD9jE4E_xLsHxw,2026-08-08 09:00:17,60,0,0,120.0,120.0,0.0,0
DKe1sh0LSuE,UCqI5lyTpC79pOy2D-VXAMdA,2026-08-05 14:10:21,106492,638,393,119.83,120.08,0.08,0
DKiQOSOUrug,UC9qwDE50UcXvdplRNZKEoPA,2026-08-24 08:00:20,21952,713,77,119.76,120.01,0.01,1
DKj6BZs7740,UCqjUPx-UAFHVvthd71bY7_g,2026-08-14 05:34:34,5508,24,6,119.93,120.18,0.07,1
DKkD896eFh4,UCl402YYy7RcH7PBI3npmGPQ,2026-08-19 03:00:19,167392,933,306,119.76,120.01,0.01,0
DLCNtN-sKMI,UCt8CJiye87FMbEwt0npPMuQ,2026-08-06 08:01:26,5266,154,14,119.98,120.23,0.02,1
DLGeRxHR_Q0,UCkd3KAYGnTNPJZZrPOFeWhA,2026-07-28 02:57:04,14000,108,47,119.8,120.05,0.05,0
DLHvHra5css,UCYooECrv-fIXlPaDwEIaveA,2026-07-23 09:00:09,27023,368,6,120.0,120.0,0.0,1
DLK1uT7GI5k,UCV6mNrW8CrmWtcxWfQXy11g,2026-08-22 03:11:06,40725,874,15,119.82,120.07,0.07,0
DLfQQaxxf1s,UCV6mNrW8CrmWtcxWfQXy11g,2026-08-20 23:05:26,29782,655,7,119.92,120.17,0.08,0
DLfv7QLhJak,UC7wosSPUA3os3b3-RMZZe6g,2026-07-13 08:00:37,1232,12,6,119.99,120.24,0.01,1
DLg7bOPi1GU,UCuWDza8A_ntbjwBZgW0ZSNw,2026-07-26 03:00:02,8761,80,28,120.0,120.0,0.0,0
DLgCCHFFv90,UCfq-5-0b5Lzj7cKCrp6-flA,2026-08-27 09:05:53,42732,1498,100,119.91,120.16,0.09,0
DLj34EIZ_7o,UCGa52d8Qlv3THghuCAt_nXA,2026-07-20 08:30:01,32619,191,5,120.0,120.0,0.0,1
DLrd2BOne0M,UCT_AS9Vfdi1RLtP4MIeIZow,2026-08-23 11:00:51,2679,6,9,120.0,120.0,0.0,1
DLrk6Pv6hdY,UCO8ToDSM2Gvt3EZdOdosxTw,2026-08-26 06:15:35,13445,105,94,120.0,120.0,0.0,0
DLuUNzYnnF4,UCp9skQ2mP_DfVL8c3gZQUzg,2026-08-30 06:56:15,74127,290,76,119.83,120.08,0.08,0
DLzMXLAeCsQ,UCHoo90P0hvh2rrbGvX53G0A,2026-08-28 02:27:35,1288,18,0,119.8,120.05,0.05,0
DM-ivwWqpmQ,UCdK9h1ILxS49c2LguBUY3rw,2026-08-28 12:00:02,10,2,0,119.76,120.01,0.01,0
DM05nq7BgeM,UCz5LAkkX66OAW-y_WiWf9vA,2026-08-12 18:29:44,64,0,0,119.76,120.01,0.01,0
DM7Q217UbFY,UCSOeJWyByeoBHpmrm0NnlLw,2026-08-03 07:00:22,131783,1623,208,120.0,120.0,0.0,0
DMKfo_6RnHw,UCyU5JQ8KVRD9jE4E_xLsHxw,2026-07-12 09:00:19,60,2,0,120.0,120.0,0.0,0
DMQzwV0MwJo,UCgLFbrC7-g0ihBKB0obVPTg,2026-08-12 13:28:32,0,0,0,119.78,120.03,0.03,0
DMXTVK5CIeU,UCZNTsLA6t6bRoj-5QRmqt_w,2026-08-16 17:00:32,49964,1176,11,119.99,120.24,0.01,0
DMdxfGNL55g,UCSgvQDek_7CQj08fu7kp1Iw,2026-07-28 03:00:08,256611,2081,274,120.0,120.0,0.0,1
DMiRxfYRT3U,UC-FiQR2gg8oiNw98ZdsSX6Q,2026-07-31 11:35:49,165,5,0,119.9,120.15,0.1,0
DMjrMJd8Q38,UCzSODDx0zQF3nxXOZISCm_w,2026-08-07 13:30:14,2046,3,0,120.0,120.0,0.0,1
DMqRiyiN6EE,UCzRPPKLkNxjD2of-0Xxfnjw,2026-08-29 04:28:31,31619,293,43,119.79,120.04,0.04,0
DN3wioNIMNQ,UCt8CJiye87FMbEwt0npPMuQ,2026-08-11 15:30:23,5296,127,11,120.0,120.0,0.0,0
DN7C7I5fJZQ,UCPpSXwAg3hkSpa85Ah-dpgA,2026-08-14 22:00:17,5456,139,25,120.0,120.0,0.0,0
DN8r5le_tuM,UCV6mNrW8CrmWtcxWfQXy11g,2026-07-22 04:00:40,22829,1591,38,119.99,120.24,0.01,0
DNSjrFC2Mqw,UCPGl9DV2WUgaqGVXtVrhJWQ,2026-07-16 15:00:00,4,0,0,120.0,120.0,0.0,0
DNayo4MxzzY,UC5ScPjbt-a97AJO7SBj6nAg,2026-08-21 06:19:11,159802,3786,159,119.94,120.19,0.06,1
DNt0WOj8BR4,UCHeg3ApmuXQbqqszaD1fR9g,2026-08-08 15:35:37,135,10,0,119.91,120.16,0.09,0
DO7q_u0TSfc,UCoqMTw0yGmjIjNayukuOg5Q,2026-08-16 10:00:21,12930,204,58,120.0,120.0,0.0,0
DOPoP0NGGXo,UCrY2B2XX41ReYh9DIWrFfCg,2026-07-26 09:48:27,4234,,26,119.95,120.2,0.05,1
DORyWbFOz4U,UCdoTrHNHnoRbaQenxK5PEUg,2026-08-10 03:02:58,130,0,0,119.95,120.2,0.05,0
DOmm01PjZWw,UCnju7ULBic4VgkCfDvVXCnA,2026-08-06 04:20:41,123115,374,87,119.91,120.16,0.09,1
DOo4zFyEias,UCqlcSsDNMYxEsem7bWY-66Q,2026-08-03 09:02:13,8592,214,8,119.97,120.22,0.03,0
DOoPzF3WlEk,UCKrprPfevcAZpPuRnCO6xOA,2026-08-10 09:00:34,860,8,2,119.99,120.24,0.01,0
DOwDQvBSEsg,UCms8Ge7H1ZGgw6nV94fUhUQ,2026-08-24 09:00:04,7889,102,15,119.76,120.01,0.01,1
DP3KbBhk8ME,UCyN9yU_YNGDG6z3PN8sC3KA,2026-08-26 11:45:02,74616,76,21,119.76,120.01,0.01,1
DPyFJTw0nKw,UCE8JC9RAVSudDT_8Ji1fuPQ,2026-07-24 08:45:34,95586,1231,62,119.99,120.24,0.01,1
DQCyLLur6zA,UCt8CJiye87FMbEwt0npPMuQ,2026-08-07 15:30:34,348832,26216,850,119.99,120.24,0.01,1
DQI71BCVMuY,UCnhGcri8x6xhehanhAe9ipw,2026-07-17 09:26:15,44310,1453,39,119.81,120.06,0.06,0
DQM231tCC-M,UCw1DsweY9b2AKGjV4kGJP1A,2026-08-16 06:00:05,85794,921,50,120.0,120.0,0.0,1
DQS758nfGxI,UCAaLhok91QDrweyuDRsmjqQ,2026-07-22 06:44:58,719244,5810,94,120.0,120.0,0.0,1
DQopMK4iMv8,UCO8ToDSM2Gvt3EZdOdosxTw,2026-08-30 14:05:20,46810,434,58,119.92,120.17,0.08,1
DR8skFBHR2Y,UC9qwDE50UcXvdplRNZKEoPA,2026-08-22 02:00:07,10316,419,10,119.76,120.01,0.01,1
DRA5ojmRu4g,UC_9W6Z5Y3lDpLk47Y_y5ITQ,2026-08-20 01:32:42,21204,227,30,119.96,120.21,0.04,0
DRI9nrgi9r4,UCyiKngyUPUb1bka4yFrn65g,2026-08-11 08:38:41,33922,117,25,119.86,120.11,0.11,1
DRVlZhKvp_c,UCbFLnCfOet-u_kFyA7uX-9Q,2026-08-15 08:15:29,41649,380,46,120.0,120.0,0.0,1
DRY-Jv4NHnU,UCXg-6b0X0sIMBDHhbyBuOQg,2026-07-25 11:00:13,36605,658,17,120.0,120.0,0.0,1
DRf51sFXs9k,UCz4b1O9sT73P8DWwx6OvQwg,2026-07-27 08:18:41,97265,1990,48,119.94,120.19,0.06,1
DRjPlYPLy3A,UCPsZX-D7LW99PjZLA-UysPQ,2026-08-02 03:00:38,299,0,1,119.99,120.24,0.01,0
DRp53zrjAXE,UCKrprPfevcAZpPuRnCO6xOA,2026-08-17 09:30:21,875,6,5,120.0,120.0,0.0,0
DRs_oZyvPf8,UCt8CJiye87FMbEwt0npPMuQ,2026-07-16 12:30:37,1546,69,10,119.99,120.24,0.01,1
DRxyYj5EAhU,UC_E_qYfGKM3C0kqrp1p8z7Q,2026-08-17 19:00:12,810,18,1,120.0,120.0,0.0,1
DS0pHKi6atM,UCqIwPYLfMd3EoWYwvyTjPnA,2026-08-01 03:00:33,96418,315,49,119.99,120.24,0.01,0
DS1C7u2TwdE,UCZ6mNZTiTUrUSbSYPlclI4A,2026-07-30 12:33:47,45140,1194,39,119.94,120.19,0.06,1
DS1vKbr8LvM,UC2OFe8XUEqDT3eJGO-0EDNQ,2026-07-26 09:08:59,291,6,1,119.85,120.1,0.1,0
Clw31DUQC_Q,UC9vI-9WYQLXKI6n9XdXXo3g,2026-08-21 03:00:32,24694,107,27,120.0,120.0,0.0,0
Cm7cpttBjp0,UCaN1Qp37sHiCdQuSaXa3fVw,2026-08-22 01:00:36,562393,10631,169,120.0,120.0,0.0,1
CmJQbWropZU,UCpcTrCXblq78GZrTUTLWeBw,2026-08-16 12:30:22,144931,2212,187,120.0,120.0,0.0,0
CmZTbPscWh0,UCCd3jyJmOFzkJEMj5Bp89rw,2026-07-14 15:49:43,10162,505,20,119.92,120.17,0.08,0
Cmj1KGFZoHQ,UCNNR1-x2NhZARsNGnQlh2sQ,2026-08-15 06:00:37,14528,65,0,119.99,120.24,0.01,0
CmnGUIrIJfI,UCt8CJiye87FMbEwt0npPMuQ,2026-08-30 12:00:27,10663,153,8,119.75,120.01,0.01,0
CmniO1LZT08,UCirJgPv8RtFaFMj39b6cD8Q,2026-07-28 03:00:29,29219,194,4,120.0,120.0,0.0,1
CmrOeI4nt10,UCXCa03lRK6tlntZoJ7TUWRw,2026-08-29 02:00:06,91269,1277,146,119.76,120.01,0.01,0
CmsWuboKXA8,UCybfHuHkJRzGDymek2Dsqvw,2026-08-18 22:00:29,49343,1018,169,120.0,120.0,0.0,0
Cn1SZr3unoI,UC2WBkFH1nHcO6aFLWo6sZQg,2026-08-07 14:49:37,16532,699,4,119.92,120.17,0.08,0
Cn3JQXQUA_o,UCiVO_mThS9B3tNc_kzpn-3g,2026-08-03 18:00:26,25604,779,20,119.99,120.24,0.01,1
CnwIbt75yWw,UCby0vMKcLR05ZdS90aZd5og,2026-07-29 06:13:37,3475,7,2,119.78,120.03,0.03,1
CnwvFPxB8bE,UCyEIUlSKbzCt3ElAsPFb7EQ,2026-07-24 02:00:10,8953,33,25,120.0,120.0,0.0,0
Cnyyf8n_D-Y,UC4VWaR3R17Ruc7j1Cy1-PKQ,2026-08-02 21:54:42,64,5,1,119.84,120.09,0.09,0
Co1qlrzf_rI,UCJmnOEp1-OITEU0mk4icM5A,2026-08-07 03:00:19,40787,526,45,120.0,120.0,0.0,1
CoD0WvF2bN4,UChHxLcNi7e0zu-e33HM6v6A,2026-08-26 03:59:24,16831,134,39,119.77,120.02,0.02,0
CoIYULQ6Dbw,UCdK9h1ILxS49c2LguBUY3rw,2026-08-18 12:00:01,2,1,0,119.76,120.01,0.01,0
ConVWeGFHRk,UC_E_qYfGKM3C0kqrp1p8z7Q,2026-08-31 15:00:32,189,5,0,119.75,120.01,0.01,0
Coq_u60JxVg,UC0FUMakBJHsRrfKCGQuWnRA,2026-08-07 14:11:01,21332,200,74,119.82,120.07,0.07,0
Coyt76KPyDw,UCKY2DOkLOyPLlvGHI3XQw0Q,2026-07-14 23:53:49,1591,6,0,119.85,120.1,0.1,1
CpBdi8R12PU,UC-FiQR2gg8oiNw98ZdsSX6Q,2026-07-28 15:00:27,1540,10,0,119.99,120.24,0.01,0
CpCHqoBu79k,UCV6mNrW8CrmWtcxWfQXy11g,2026-08-20 20:16:43,120737,5157,744,119.98,120.23,0.02,0
CpCeKOgRfHE,UCBo7GIv99qTzHaa6ip09YLA,2026-08-10 08:00:04,15792,56,17,120.0,120.0,0.0,0
CpCoFA9631Y,UCraf4ugZTyvFY6AJ0VjIxFA,2026-07-24 13:30:16,587,,0,120.0,120.0,0.0,0
CpLxLsl4r_E,UCCvEN8bTeF8Z2jcN513T1Gg,2026-07-11 10:44:35,3830,43,1,119.76,120.01,0.01,0
Cpn9oS9JNqU,UCHYMpkGhNIr8A0m2H3lIjUA,2026-07-14 14:43:33,89307,850,156,119.78,120.03,0.03,0
CpoGFy18YVg,UCt8CJiye87FMbEwt0npPMuQ,2026-07-30 15:15:14,2728,85,7,120.0,120.0,0.0,0
CpoleoAwrR8,UCTVkjiEiaiSbEq0Qwd5XTPA,2026-08-12 14:21:54,453,15,1,119.89,120.14,0.11,0
CprNkIVKpYw,UCAl4HWznMn7KhKBRFO5eiFA,2026-08-09 11:21:07,23487,103,1,119.9,120.15,0.1,1
CpwNqFa1XjY,UCAl4HWznMn7KhKBRFO5eiFA,2026-07-21 15:37:58,23080,79,2,119.87,120.12,0.12,1
Cq0P-f_f2gM,UCDmmbxGg8g-EBkC_ku6vybg,2026-08-31 10:05:19,119127,2441,59,119.92,120.17,0.08,0
Cq1kRZhQxEw,UC_m_uqd_9s0hZvlgfvCzqbQ,2026-08-13 01:22:30,910,3,0,119.88,120.13,0.12,1
CqClMvAZ2_0,UCPGl9DV2WUgaqGVXtVrhJWQ,2026-07-13 14:23:40,43,1,0,119.86,120.11,0.11,0
CqJuFRciFbA,UCKrprPfevcAZpPuRnCO6xOA,2026-08-03 09:30:03,1104,10,3,120.0,120.0,0.0,0
CqU8bSuIzCw,UCtVBI7YLJyDvrx7iWAukx_Q,2026-08-01 02:32:30,344638,11386,631,119.96,120.21,0.04,0
CrH5UWiX1t0,UCpcTrCXblq78GZrTUTLWeBw,2026-07-15 00:00:09,169551,1039,82,120.0,120.0,0.0,1
CrIV1T4L-xY,UCS2OAdHoLt-9T6cG9A2H49Q,2026-08-20 09:09:50,31641,136,15,119.84,120.09,0.09,1
CrJpNfcpC1A,UCr4WCOxirRA-BzVu-MH_WqQ,2026-07-27 11:05:11,5411,33,11,119.92,120.17,0.08,1
CrP44mO7Djg,UC5bjQxLK_3XVzIOTQ04sYeg,2026-08-24 12:32:24,4157,66,6,119.97,120.22,0.03,0
CrbxA8o9ZSc,UC-FiQR2gg8oiNw98ZdsSX6Q,2026-08-08 14:45:31,8067,11,0,119.99,120.24,0.01,0
CrpyalctmYo,UCBidluUUxzT_5jVOI_2x2MQ,2026-08-09 15:01:44,65,2,0,119.97,120.22,0.03,0
Cs5nnxxyO_0,UCaY7wcqhFb_c2eQ1eRB8rOQ,2026-08-19 05:00:02,3555,89,5,119.76,120.01,0.01,0
CsFtbgELRGQ,UCNNR1-x2NhZARsNGnQlh2sQ,2026-08-01 05:15:03,125855,324,42,120.0,120.0,0.0,0
CsM2TxhaOyQ,UCOTJtP0Z9DjpPU43B5m1V6A,2026-08-27 12:00:21,452288,2630,66,119.76,120.01,0.01,0
CsON9EM0VLs,UCsRiYH-VrZ2mYsohk7GhLdQ,2026-08-20 12:00:11,22409,200,13,120.0,120.0,0.0,0
CsT1wmapBBc,UCdVIcHpdbEQc65xwAxc_owQ,2026-07-31 16:50:13,23,3,0,119.92,120.17,0.08,0
Csa9dPqys9E,UCnhGcri8x6xhehanhAe9ipw,2026-08-01 13:22:41,47585,230,43,119.87,120.12,0.12,0
Csr7POUrumA,UCgLFbrC7-g0ihBKB0obVPTg,2026-08-21 14:57:38,141,3,1,119.8,120.05,0.05,0
CsugAqlcs-A,UC3DYSay178fMMPaf3zHwECA,2026-08-10 04:15:06,43804,648,27,120.0,120.0,0.0,0
CsvBpkSNjRg,UCSfhr4gDPFsKuwdmTOWp2jw,2026-07-16 09:30:01,277,2,0,120.0,120.0,0.0,0
Ct34QF6ufjw,UCyZXLzORHoh9QMwA7IwS0pA,2026-08-06 12:51:09,862,8,1,119.9,120.15,0.1,0
CtD-N15ub_A,UCN5oT4zGJX-_H6pE5isAEeg,2026-07-30 03:00:25,403540,4487,264,120.0,120.0,0.0,1
CtG7AtT8MSI,UCS-X1uBDTNwAYyydiXjcX9A,2026-08-05 07:00:23,1526,41,11,120.0,120.0,0.0,0
CtQXFoLKNN8,UCbFLnCfOet-u_kFyA7uX-9Q,2026-08-26 10:50:26,31122,488,111,119.92,120.17,0.08,0
CtTVqwUW6jo,UCgLFbrC7-g0ihBKB0obVPTg,2026-08-15 16:16:34,347,7,1,119.98,120.23,0.02,0
Ctp_02KFXrc,UCw1DsweY9b2AKGjV4kGJP1A,2026-08-08 09:45:22,48183,179,3,120.0,120.0,0.0,1
CtyiajnSt9E,UCHXhFmex5EkUy-fP2IMQ_Ug,2026-07-23 07:30:15,10695,268,79,120.0,120.0,0.0,0
Cu0aJQVIf4I,UCPsZX-D7LW99PjZLA-UysPQ,2026-08-17 09:00:27,2971,35,3,120.0,120.0,0.0,0
Cu2xVuEj3mY,UC9DNu8JRIcE-rpo9eBx1ffw,2026-08-12 05:17:14,5854,23,5,119.97,120.22,0.03,0
CuM9yq0EKnE,UCp6n8d8Y8r3MwKNw_MMaouQ,2026-08-29 16:38:25,102981,1113,16,119.88,120.12,0.12,1
CuNn4GTQ5rI,UC5ThQKdocwo_9UurfT5P_ww,2026-08-10 02:56:09,271845,3372,45,119.82,120.07,0.07,1
CuRP6epaOy0,UC_E_qYfGKM3C0kqrp1p8z7Q,2026-08-18 17:00:03,618,18,2,119.76,120.01,0.01,1
CuVBq7AuwWk,UCuXE-MdbuaZcPt_2J2kSsSQ,2026-08-30 07:14:35,274,1,0,119.77,120.02,0.02,1
CuW90LLPgGU,UCgLFbrC7-g0ihBKB0obVPTg,2026-08-12 13:25:08,0,0,0,119.84,120.09,0.09,0
CuWz7lRCzDM,UCOTJtP0Z9DjpPU43B5m1V6A,2026-07-26 13:00:33,143393,613,129,119.99,120.24,0.01,0
CuescXnCDZQ,UCjyXK9pWHwWR_-bRibFaWDg,2026-07-30 11:53:51,31148,285,54,119.86,120.11,0.11,0
Cug9S1L24cg,UCiVO_mThS9B3tNc_kzpn-3g,2026-07-27 20:00:04,15147,273,67,120.0,120.0,0.0,0
CuhkzBJOMhI,UCqVkQsNin4MdGFrWvzFVOKw,2026-08-15 15:27:30,14981,406,0,119.8,120.05,0.05,0
Cuq62HkacoQ,UC6JB_a6rD1lZ_aZgQvORfrQ,2026-08-01 18:06:30,7056,111,0,119.89,120.14,0.11,0
Cusd4zjFi8Y,UCBo7GIv99qTzHaa6ip09YLA,2026-08-08 17:00:32,130,3,0,120.0,120.0,0.0,0
Cuv8ANVjM4U,UCL_IvtOZo6sONpiydbzzHpA,2026-08-28 01:22:03,81335,1085,19,119.89,120.14,0.11,0
Cv2XBsbxFtU,UCab17MxxnFtAhGsJVTkSkCg,2026-08-11 14:29:20,47067,481,9,119.76,120.01,0.01,1
Cv9pRruAadg,UCQJuZxeDv2P05YHcC-tIEVQ,2026-07-15 08:30:08,8994,244,20,120.0,120.0,0.0,1
CvGxmC2jj7k,UCt8CJiye87FMbEwt0npPMuQ,2026-07-31 16:45:23,17882,693,42,120.0,120.0,0.0,1
CvW-VBIkGXw,UC-FiQR2gg8oiNw98ZdsSX6Q,2026-08-17 18:30:50,232,6,1,119.99,120.24,0.01,0
CvlgZzpkG70,UC543-TDm6IvHHZXwdSFioMw,2026-08-30 11:00:27,71184,362,33,119.76,120.01,0.01,0
Cw1zyATWJoY,UCvrxJgD0T_TFvgsO2nA-fDQ,2026-08-02 18:17:23,127852,993,238,119.96,120.21,0.04,0
Cw3IWyRHNew,UCaj7p2XHGqfBYb2OI-7Q2DA,2026-08-01 21:48:39,11061,170,67,119.94,120.19,0.06,0
Cw6iryh1yLY,UCV7WE8I_UiAN0fa6Arezx_w,2026-08-24 15:00:13,29,1,0,119.76,120.01,0.01,0
CwARy8Apwxo,UCV7WE8I_UiAN0fa6Arezx_w,2026-07-20 07:00:29,163,1,0,119.99,120.24,0.01,0
CwH7QQiSqyA,UCdXpKf3aIenvWkMbF3EvcQg,2026-07-28 09:00:18,1183,41,15,120.0,120.0,0.0,0
CwI42wfyvw8,UC0PMQXAwF6O6aeTpv962miA,2026-08-18 21:00:15,240037,1263,263,119.76,120.01,0.01,0
CwJ-Hdyr7UY,UCGa52d8Qlv3THghuCAt_nXA,2026-08-06 08:30:30,28693,200,9,119.99,120.24,0.01,1
CwPamMLC7d8,UCxpXguPL_B5pz7Gq8ozfwlA,2026-08-30 15:30:15,43917,48,2,119.76,120.01,0.01,0
CwWyiUiCSVg,UCZCZHg_oJiHcrcj2vaPRCag,2026-08-19 16:10:52,60,2,0,119.83,120.08,0.08,0
Cwce6GfPgJA,UCpI-AhCT02iQRGLC2ZcY0Jw,2026-07-22 01:00:11,37297,396,322,120.0,120.0,0.0,0
CwpT__daxW4,UCpn9dP1b5BhBsU9SduEz1hA,2026-08-01 18:45:29,3260,57,10,119.99,120.24,0.01,1
CwpZpOP3QKY,UCNmN3W2H0r5_hV2drzbEn7Q,2026-07-21 08:09:40,27808,333,48,119.84,120.09,0.09,1
Cwr1YYfOOSo,UCpI-AhCT02iQRGLC2ZcY0Jw,2026-07-20 09:00:05,56854,497,394,120.0,120.0,0.0,0
CwtOdeEejM8,UC3gl4CHfNtAqNjju1goB0_w,2026-08-04 14:15:00,2651,51,5,120.0,120.0,0.0,0
Cx2igfDrdhM,UCuWDza8A_ntbjwBZgW0ZSNw,2026-07-22 10:41:41,11689,63,36,119.81,120.06,0.06,0
Cx8zF8_iJAQ,UCN5oT4zGJX-_H6pE5isAEeg,2026-08-17 08:00:33,880883,9574,954,119.99,120.25,0.01,1
Cx9d3BIF67Y,UCgjaQlejpAnIu0q-xtVfTEw,2026-07-21 00:00:28,90588,1011,65,120.0,120.0,0.0,0
CxHgyYd3VgI,UClHTjLVog7CkRF8tYJuNXXQ,2026-07-25 23:54:39,645,23,6,119.84,120.09,0.09,0
CxNTSEaNSZw,UCZPfs7xIjGmOGs9kvgGhUKQ,2026-07-29 10:00:05,187,3,0,120.0,120.0,0.0,0
CxalN-2dYLc,UCuZ862fZel1gq9RAf_OkvqA,2026-08-20 03:00:20,18048,176,73,120.0,120.0,0.0,0
CxezLiZOF1s,UCV6mNrW8CrmWtcxWfQXy11g,2026-08-22 14:00:38,28394,1816,19,120.0,120.0,0.0,1
Cy131IpoQwc,UCXu_CcxBZA5S_iG33OzA9PQ,2026-08-08 22:29:01,691,9,0,119.77,120.02,0.02,0
CyE2KiD99p8,UC2yOBpLVwB7kzt9C5ZPbB7w,2026-08-28 13:00:12,41691,704,44,119.76,120.01,0.01,1
CyTeuOIZDc4,UCWXQEzwzcvDryogN2e5XuDw,2026-07-27 16:32:53,39,0,0,119.95,120.2,0.05,0
Cy_5C4G8BTk,UCPI40-XQA9-GBGj2k8PPqfg,2026-08-09 09:30:36,61747,1040,106,119.99,120.24,0.01,0
CynHm6_zAbU,UCPuD5ZRQWa_JCaY5NokNhtg,2026-08-03 23:47:12,910,7,4,119.97,120.22,0.03,0
Cyo0-pHqBI0,UCHeg3ApmuXQbqqszaD1fR9g,2026-08-06 15:14:48,70,8,0,119.76,120.01,0.01,0
CysN0wrH5Gc,UCPuD5ZRQWa_JCaY5NokNhtg,2026-08-18 09:10:21,477,8,10,119.84,120.09,0.09,0
Cz8H7Qi4Y2c,UCp6n8d8Y8r3MwKNw_MMaouQ,2026-08-28 15:23:59,57600,722,14,119.86,120.11,0.11,1
CzvX-apAbAU,UCFHUplScMiWTjJrtv4hxWmg,2026-08-17 11:02:26,68271,494,,119.96,120.21,0.04,0
D-1g1dedmBw,UCw1DsweY9b2AKGjV4kGJP1A,2026-08-23 08:03:20,44473,225,46,119.96,120.21,0.04,0
D-Nfw1w-x_U,UCms8Ge7H1ZGgw6nV94fUhUQ,2026-07-20 09:00:26,10442,214,33,119.99,120.24,0.01,1
D-e_fo1Bfu4,UCpcTrCXblq78GZrTUTLWeBw,2026-07-13 20:57:45,227093,3363,236,119.79,120.04,0.04,0
D-frmSe1AI4,UCuWcjpKbIDAbZfHoru1toFg,2026-08-30 18:52:54,0,0,0,119.88,120.13,0.12,0
D-jT5W33RrY,UCBtJuwDt6LlXp2YASC-ZMdA,2026-08-08 03:00:36,1329,7,0,119.99,120.24,0.01,1
D-p91Ut85sw,UC_m_uqd_9s0hZvlgfvCzqbQ,2026-08-13 01:21:59,954,0,0,119.89,120.14,0.11,1
D-qSXGhlsHw,UCgLFbrC7-g0ihBKB0obVPTg,2026-08-04 12:27:12,14,1,0,119.8,120.05,0.05,0
D-tzJOgk_XU,UCYG8tuvbQzWsDeoADyJFU8Q,2026-08-05 19:34:06,2842,55,8,119.93,120.18,0.07,0
D0FYfIl2Wfg,UCF5RrlbsxJjAVLWgOCoNHMg,2026-08-18 02:32:25,37452,1041,18,119.96,120.21,0.04,1
D0RX7DFRN0c,UCqjUPx-UAFHVvthd71bY7_g,2026-08-04 08:00:40,3260,25,24,119.99,120.24,0.01,0
D0jTqCFNvZ8,UCYMXFMiaGBnZ08-wBHS2MPQ,2026-08-03 03:12:02,5307,42,6,119.8,120.05,0.05,0
D0llH31iEBk,UCby0vMKcLR05ZdS90aZd5og,2026-08-26 05:19:34,2296,2,0,119.94,120.19,0.06,1
D0x2OFbH7kY,UCJN5mgLqkPCTVC5v-12gKjQ,2026-07-17 15:35:00,6593,175,4,119.92,120.17,0.08,1
D15C2I5pG0A,UCpI-AhCT02iQRGLC2ZcY0Jw,2026-08-19 07:00:38,26590,323,195,120.0,120.0,0.0,0
D1DFh4D01q8,UCrxzkAOXEbflxcTbRYnCoTw,2026-08-20 23:00:11,110966,379,120,119.76,120.01,0.01,0
D1YTJN3YY_s,UCNu00qhYj4nPeMNdxuwV6sg,2026-08-04 15:23:43,1750,34,0,119.86,120.11,0.11,0
D1iFxLZ0YsE,UCHeg3ApmuXQbqqszaD1fR9g,2026-08-09 02:00:27,98432,740,35,120.0,120.0,0.0,1
D1kxZxHaBOI,UCp6n8d8Y8r3MwKNw_MMaouQ,2026-07-26 20:20:37,1362,16,0,119.91,120.16,0.09,0
D1mmIchR1uc,UC5Yx9RlmznXDUEIrfoSqheA,2026-08-20 02:07:22,12169,54,0,119.88,120.13,0.12,0
D264vJxff90,UCZ6mNZTiTUrUSbSYPlclI4A,2026-07-25 11:00:06,383,9,2,120.0,120.0,0.0,0
D2DV02qHs6w,UCl402YYy7RcH7PBI3npmGPQ,2026-08-24 10:00:39,183611,1203,345,120.0,120.0,0.0,0
D2RnftEZ4Gc,UCqIwPYLfMd3EoWYwvyTjPnA,2026-07-15 13:19:38,17668,285,12,119.92,120.17,0.08,0
D2V4jw_hMlE,UCfIUuMA7U_jImP7oWfTe4Pw,2026-08-03 11:29:41,593569,5099,361,119.76,120.01,0.01,0
D2asUW0Url8,UCDbOXmGL7EkmOcnUb5Kki4A,2026-08-28 13:25:55,41417,256,60,119.83,120.08,0.08,0
D2eebrr-rA0,UCeiDuGZqWT4iiIXRTfhM3qQ,2026-08-22 07:15:52,1817,66,0,120.0,120.0,0.0,0
D2uwBbMAFk4,UCOgXOOKbZRtfQvlggBpN6zw,2026-08-08 09:42:05,485,21,38,119.8,120.05,0.05,0
D3-XjY1xP0I,UC1Il94cQwl93Zun8ax1Qjlw,2026-07-31 03:47:44,1576,6,2,119.96,120.21,0.04,1
D31VKPCcui8,UCJN5mgLqkPCTVC5v-12gKjQ,2026-08-28 06:00:07,10281,279,8,119.76,120.01,0.01,1
D37kS0l9dhs,UCt8CJiye87FMbEwt0npPMuQ,2026-08-30 12:45:04,52604,686,46,119.76,120.01,0.01,0
D38TLxN95DI,UC4VWaR3R17Ruc7j1Cy1-PKQ,2026-08-23 03:54:29,288,0,0,119.86,120.11,0.11,1
D3GqnU5Hd-M,UCEuP8zMn3ln3ZqJa85dp9JQ,2026-08-19 08:45:03,2552,73,14,119.76,120.01,0.01,0
D3PJuM0y-dM,UCYGF_xk5RDpltyZDSx040uw,2026-08-12 03:20:02,56703,1349,34,119.92,120.17,0.08,1
D3VAb7uHo-Y,UCt8CJiye87FMbEwt0npPMuQ,2026-07-31 14:00:10,4193,123,12,120.0,120.0,0.0,1
D3udcw-1al8,UC9JlObZnbOirT4_iyPGrdcw,2026-08-11 13:00:19,26636,476,79,120.0,120.0,0.0,0
D3uky_0oJ4I,UCUHUHum4nIT20PbhanJAZvw,2026-07-11 07:05:12,543,13,,119.92,120.17,0.08,0
D3xEdch8ZXE,UCOTJtP0Z9DjpPU43B5m1V6A,2026-08-01 09:57:00,176517,1660,178,119.8,120.05,0.05,0
D41AgB_LaE4,UCv1tOT645xHOJrwdGlzjMaA,2026-08-06 04:00:38,15248,183,3,119.99,120.24,0.01,0
D4BfW0d90P0,UCby0vMKcLR05ZdS90aZd5og,2026-08-03 03:46:24,7392,11,0,119.98,120.23,0.02,1
D4Km8ID0Ivk,UCEJF0q0SqEJ64uA9LCXuSrQ,2026-08-29 08:30:12,5055,108,30,119.76,120.01,0.01,1
D4s8WmWPpXc,UCroIk85IFzp6OZzKoJFDKuA,2026-08-12 13:35:02,644,2,0,119.92,120.17,0.08,0
D5-vnlF94wE,UC_F-jhf8uO0fzrM7NQwvs3Q,2026-08-02 09:12:25,31,0,0,119.8,120.05,0.05,0
D5BiD5plyI8,UCV6mNrW8CrmWtcxWfQXy11g,2026-08-14 06:00:37,113397,6207,43,119.99,120.24,0.01,1
D5RTzP3svw8,UCV7WE8I_UiAN0fa6Arezx_w,2026-07-16 15:00:30,78,0,0,119.99,120.24,0.01,0
D5X77n0vIXQ,UCnkytUgy0CtWd06up9CjNxg,2026-07-24 15:00:02,135103,1944,266,120.0,120.0,0.0,0
D5eFeqFqTsY,UCsbo5VemDR505Etd5ZKnWNA,2026-07-17 02:39:46,3584,84,6,119.84,120.09,0.09,0
D5l6aHsnolY,UC-yb5eNBQyXBE9nZnht9u-g,2026-08-26 10:02:51,10375,399,6,119.96,120.21,0.04,1
D5qu48Ndwkc,UC3ST9mXJaXpuuOfIa6rqLTQ,2026-08-25 08:28:55,75,1,0,119.78,120.03,0.03,1
D5xL9YykvGI,UCp6n8d8Y8r3MwKNw_MMaouQ,2026-07-29 20:54:29,2927,40,3,119.84,120.09,0.09,0
D5y3pLMnQFA,UC9nWoDbRAl3-fvreBNeStKQ,2026-08-05 00:11:06,13724,59,0,119.82,120.07,0.07,0
D5zV6psKOpE,UCt8CJiye87FMbEwt0npPMuQ,2026-07-16 20:34:01,28813,1254,74,119.93,120.18,0.07,0
D6AvnwRFO4U,UCT-UsvGz4gm7lezXvCEex9A,2026-08-07 10:00:28,11382,281,14,120.0,120.0,0.0,1
D6BFkMJ-5r0,UCdK9h1ILxS49c2LguBUY3rw,2026-08-31 11:45:05,17,3,2,119.76,120.01,0.01,0
D6DFF4x74Sc,UCt8CJiye87FMbEwt0npPMuQ,2026-07-14 17:00:05,5905,276,43,120.0,120.0,0.0,1
D6UlfJC0xX0,UC2YA1b6qKO2YteKYFuMiYPg,2026-08-17 23:53:08,295,7,0,119.87,120.12,0.12,0
D7E5dhgoGrM,UCKrprPfevcAZpPuRnCO6xOA,2026-07-31 16:53:38,35,0,0,119.86,120.11,0.11,0
D7KMCa-aEJA,UCw1DsweY9b2AKGjV4kGJP1A,2026-08-28 08:00:24,198934,577,38,119.76,120.01,0.01,1
C6ZrKm5wiHU,UCifCesg-EUkjKyQedaB3hRg,2026-08-29 02:08:29,24214,128,13,119.87,120.12,0.12,0
C6kEDWFQA94,UCijUV3SuVe_qErzBpdOmKIA,2026-07-11 11:11:27,4488,25,17,119.81,120.06,0.06,0
C6zseKSbOvY,UCXNh3eUHXEkL7h1w1KYQRKQ,2026-08-06 04:44:51,285961,1162,138,120.0,120.0,0.0,1
C7760iFMNb0,UC6LLMkdyses2ugPRNEXutMQ,2026-08-05 10:15:11,34001,152,16,120.0,120.0,0.0,1
C7E-c_d9lt8,UCPGl9DV2WUgaqGVXtVrhJWQ,2026-07-19 15:00:03,2,0,0,120.0,120.0,0.0,0
C7W0cE4zaxI,UCwBkHOTyu57NQi0syf5MLig,2026-08-02 03:00:36,180258,1089,18,119.99,120.24,0.01,1
C7c1ypPqTe0,UCPGl9DV2WUgaqGVXtVrhJWQ,2026-07-25 15:00:07,16,1,0,120.0,120.0,0.0,0
C7pwmHbBR9c,UC2NFRq9s2neD_Ml0tPhNC2Q,2026-07-12 02:30:03,226954,3229,199,120.0,120.0,0.0,0
C85TS7lMBE8,UCZPfs7xIjGmOGs9kvgGhUKQ,2026-07-27 10:01:38,127,2,0,119.98,120.23,0.02,0
C8JcxfwW1HA,UCL2ZLyAV0H9Pvi46W7TGdHQ,2026-08-01 12:00:03,607464,5743,155,120.0,120.0,0.0,1
C8TtaEr9bh8,UC-pobd8lZE33BSDz-iyHfJQ,2026-08-08 00:31:10,4002,32,0,119.98,120.23,0.02,0
C8b5V5Ehx_E,UCt8CJiye87FMbEwt0npPMuQ,2026-07-21 14:44:44,258527,10874,1724,119.76,120.01,0.01,0
C8gghr8tLQA,UCCd3jyJmOFzkJEMj5Bp89rw,2026-08-26 15:00:20,21606,490,16,119.76,120.01,0.01,0
C8iiUPFYhRg,UC5T_FfQwgy56XP0aEVHYULQ,2026-08-13 11:01:20,21685,253,35,119.98,120.23,0.02,0
C8ps7O9H8uA,UCyU5JQ8KVRD9jE4E_xLsHxw,2026-08-02 09:00:11,8,1,0,120.0,120.0,0.0,0
C8wTXLNy-iQ,UCyU5JQ8KVRD9jE4E_xLsHxw,2026-08-23 09:00:10,64,1,0,119.76,120.01,0.01,0
C9RtMMOXWRw,UCv0cBz_Vdmd84xYl7gKWwQA,2026-07-25 17:00:33,2201,35,0,119.99,120.24,0.01,1
C9RvF7ggPl0,UCi_lv3g-CPdKF6nd68lvN3A,2026-07-31 04:26:37,1629,12,0,119.81,120.06,0.06,0
C9VvmqVdLWY,UCdK9h1ILxS49c2LguBUY3rw,2026-08-09 10:48:51,19,3,0,119.94,120.19,0.06,0
C9d5o0FGyLs,UCt8CJiye87FMbEwt0npPMuQ,2026-08-06 15:00:39,129001,4741,464,119.99,120.24,0.01,1
C9ltndLbvsY,UCN8YcyYvYIrtLcwyT-KqbNg,2026-07-21 08:00:11,8695,36,16,120.0,120.0,0.0,0
C9r1EmO2ZLA,UC4ncZM9bnBknxPkJbq4miHQ,2026-08-25 08:00:01,17282,281,63,119.76,120.01,0.01,0
CAAA-Fm7oGo,UC78d2aaqdrt02RfmtRLmlAw,2026-08-16 16:00:21,12668,235,28,120.0,120.0,0.0,0
CABULNZtZOw,UCJmnOEp1-OITEU0mk4icM5A,2026-08-20 05:00:38,63276,360,19,120.0,120.0,0.0,1
CAF3yCo8HMY,UCQyZh4b4TLaSVldnDWnh7fA,2026-07-26 05:46:40,1,0,0,119.97,120.22,0.03,0
CAGUl3e52Ys,UCY_vDlvG-BTDRIOk_I9QQ6g,2026-07-28 13:23:58,2890,38,5,119.85,120.1,0.1,0
CAPT-j-dkZE,UC9vI-9WYQLXKI6n9XdXXo3g,2026-08-22 03:00:06,43898,278,15,119.76,120.01,0.01,1
CAXc4E2okaY,UCQDGJQe8X9tbk_i8Na3VVXg,2026-08-14 09:30:12,177,11,0,120.0,120.0,0.0,0
CAn4913tyF8,UCYJDUekoQz0-bo8al1diLWQ,2026-08-16 05:49:25,218148,3532,127,119.93,120.18,0.07,1
CAofMQLEHiY,UCt8CJiye87FMbEwt0npPMuQ,2026-07-31 16:10:18,11366,300,9,119.83,120.08,0.08,0
CAzohAXeKVM,UCzps05UZ7XpX3SFoFyYIDow,2026-08-15 11:55:58,12907,63,33,119.82,120.07,0.07,0
CB49FkT179g,UCab17MxxnFtAhGsJVTkSkCg,2026-08-31 15:07:58,9369,31,6,119.88,120.13,0.12,0
CBB7CXijczk,UCrfB1-zWijAYkgfZW7Ehc8Q,2026-07-20 08:00:01,232145,7737,527,120.0,120.0,0.0,0
CBK-SwGo4rc,UC-8S20Ll1gzPiu_YY8BgyaQ,2026-07-16 12:57:38,84440,519,51,119.79,120.04,0.04,0
CBN8abmT0H8,UCHeg3ApmuXQbqqszaD1fR9g,2026-08-06 02:00:24,8960,234,15,120.0,120.0,0.0,1
CBQ4RTbkKIc,UCIKORyfTZ0cN-u0hrxHcgUw,2026-08-15 07:00:39,108,1,0,119.99,120.24,0.01,0
CBYw3iaSxtU,UCiVO_mThS9B3tNc_kzpn-3g,2026-08-25 18:00:16,28382,622,168,119.76,120.01,0.01,0
CBnrZpZpwvA,UCpTNtH8yc1Kdl_YFfsQsTYA,2026-08-08 00:39:07,6417,20,2,119.85,120.1,0.1,0
CC11XoYPjhs,UCww3MeqGQnIatVvEr3pSjhA,2026-08-29 02:39:58,52631,906,68,119.85,120.1,0.1,0
CC1h0MiFJOM,UC6NXJtCn3p-actkvBUlHwDA,2026-08-21 23:01:56,12856,73,3,119.98,120.23,0.02,0
CCBTiKYR9aY,UC60HSePkZwGFzRj6VSDa6Ew,2026-08-11 06:57:14,78362,304,91,119.8,120.05,0.05,1
CCCYN1IQbnw,UCYJ0Ucu9jPX5kn6SeDcNaIQ,2026-07-20 15:00:05,17246,114,7,120.0,120.0,0.0,1
CCDGxyEeEJA,UCV6mNrW8CrmWtcxWfQXy11g,2026-07-22 23:13:52,13103,599,22,119.77,120.02,0.02,0
CCRFEEAxILQ,UC_m_uqd_9s0hZvlgfvCzqbQ,2026-08-13 01:22:16,859,6,0,119.88,120.13,0.12,1
CCU2vtYN7xk,UC8aCmG_y4DqqVI9Xlcym1Jg,2026-07-28 21:00:11,929,41,0,120.0,120.0,0.0,1
CCfbpM0yyhE,UCQ5KMP03ifjJ8mDeyjWeZ7g,2026-08-18 10:29:05,2611,33,0,119.77,120.02,0.02,0
CCjIru_cgZA,UCWwbZhw5M-Q5dZtTK4nDWNw,2026-07-25 03:00:24,61085,798,12,120.0,120.0,0.0,1
CD3D6LzSE7o,UCV7WE8I_UiAN0fa6Arezx_w,2026-08-03 11:00:24,23,0,0,120.0,120.0,0.0,0
CDHXbyNkObY,UCZ-B_El841ME7qGXvYinGmw,2026-08-16 14:41:30,7046,66,6,119.81,120.06,0.06,1
CDJninLIugw,UCqFmG6ofirSWvI9B8mwzvyA,2026-07-29 08:30:23,631,8,3,120.0,120.0,0.0,0
CDKt0BUhzIo,UC-S8JFhLkQ5enhB70c2CYIw,2026-08-05 11:00:21,181231,3964,262,120.0,120.0,0.0,0
CDLOgKXKaCI,UC7hwQp3F6P_OwyRM14p88iQ,2026-08-10 15:42:28,38554,277,0,119.79,120.05,0.05,0
CDTrYsn2E9s,UCjsqgRBvkn8XadWraSQxTKQ,2026-08-17 08:34:06,2762,16,10,119.93,120.18,0.07,0
CDftk1_QX5s,UC78d2aaqdrt02RfmtRLmlAw,2026-08-05 00:05:01,8705,97,0,119.92,120.17,0.08,0
CDv-HaBR_fs,UCBA9XaL5wCdHnC5EmEzwrqw,2026-08-09 14:21:16,327001,1926,180,119.9,120.15,0.1,0
CE-0fmFB4w8,UCAl4HWznMn7KhKBRFO5eiFA,2026-08-07 11:30:08,12605,81,2,120.0,120.0,0.0,1
CESDOwZFRmk,UC3hCAmwyYNgRuOOSFV7evVA,2026-08-26 03:15:24,43075,221,51,120.0,120.0,0.0,1
CEVEhHNp2UE,UChKYbZ9fSz8DMM6wU-t1lMQ,2026-08-19 10:00:28,10306,292,8,120.0,120.0,0.0,0
CEaM3V78EWg,UCksGX0hODm1Ev6mysrToMqg,2026-08-16 06:15:30,8197,188,19,120.0,120.0,0.0,0
CEbN71_MhEo,UClvMduw1MDMQ0PuH753-XSA,2026-07-27 00:06:09,7014,139,0,119.9,120.15,0.1,0
CEh_t3W_YHY,UCRpdlPk671uOMiBtf5HtB3Q,2026-08-31 09:53:37,38479,169,63,119.87,120.12,0.12,0
CEwoM2xQawU,UCyN9yU_YNGDG6z3PN8sC3KA,2026-07-28 12:07:48,455,4,4,119.87,120.12,0.12,1
CFEPA73-MtI,UC1IUMdwaJ22A6FkPiI8dcig,2026-07-24 08:49:08,69920,1460,49,119.93,120.18,0.07,1
CFJSaYSIxc4,UCAl4HWznMn7KhKBRFO5eiFA,2026-08-05 05:39:49,18419,80,4,119.84,120.09,0.09,1
CFKma257SS0,UChLqHuZV0PENIBYxDgXyPLQ,2026-08-18 13:21:23,24731,373,6,119.9,120.15,0.1,1
CFRcoKGhlzg,UCZNTsLA6t6bRoj-5QRmqt_w,2026-08-02 17:00:20,13064,454,10,120.0,120.0,0.0,0
CFSpjqwRFIs,UC8aCmG_y4DqqVI9Xlcym1Jg,2026-08-28 00:36:21,33975,578,61,119.91,120.16,0.09,0
CFUPW95jBI4,UCrfB1-zWijAYkgfZW7Ehc8Q,2026-08-31 08:00:34,141431,4825,612,119.75,120.01,0.01,0
CFWpJFuROzA,UCJ_skdHPp19J9qGsgXxjMnA,2026-08-30 10:39:32,1256,21,11,119.86,120.1,0.1,0
CFhz5OmyjgU,UCV7WE8I_UiAN0fa6Arezx_w,2026-07-11 17:00:27,72,0,0,119.99,120.24,0.01,0
CFnYaCXnw3M,UC0Zl_lyMoTbroBSNv7SpGuQ,2026-07-23 02:03:41,25746,,41,119.94,120.19,0.06,0
CFoYThOQVjU,UC86GXx7Ap-Cahlb0r0xT-ZQ,2026-08-26 12:00:35,7223,72,3,119.75,120.01,0.01,0
CGAidBitNmg,UCL2ZLyAV0H9Pvi46W7TGdHQ,2026-08-28 11:00:29,55085,148,37,120.0,120.0,0.0,0
CGCWXzm8xvw,UCby0vMKcLR05ZdS90aZd5og,2026-08-14 21:39:20,610,2,0,119.85,120.1,0.1,0
CGQQb_GVZqw,UC7hwQp3F6P_OwyRM14p88iQ,2026-07-25 16:03:19,36913,244,0,119.95,120.2,0.05,0
CGaIYPB3HbE,UCdb5lyq0tWbY3jqH35SufmA,2026-08-29 22:30:24,36204,156,24,119.75,120.01,0.01,1
CGgzx_1vwEk,UC_e83kYlGHWbsrr8QCfV_ag,2026-07-26 11:54:30,11365,33,0,119.84,120.09,0.09,0
CGlTlWQlWqc,UCSzHok6X5qXEO7cjvVnE62g,2026-07-21 12:00:19,110356,1105,20,120.0,120.0,0.0,1
CH7eDVaEgxQ,UCXQoI3upwKr47JAiVaYkvIw,2026-08-08 07:53:46,15984,171,33,119.86,120.11,0.11,0
CH8pRF1E2us,UCw1DsweY9b2AKGjV4kGJP1A,2026-08-21 06:00:37,14498,69,3,119.75,120.01,0.01,0
CHDCff20qac,UCXAXCxTCCYYKsLJNzEvjqfw,2026-08-31 20:29:09,119382,1744,344,119.78,120.03,0.03,0
CHTFJ40qreM,UCrY2B2XX41ReYh9DIWrFfCg,2026-07-20 09:59:03,6998,,6,119.77,120.02,0.02,1
CHTXMZBwG4I,UCJmnOEp1-OITEU0mk4icM5A,2026-08-02 23:00:32,52784,673,141,119.99,120.24,0.01,0
CHUkvKsi9c8,UC9qwDE50UcXvdplRNZKEoPA,2026-08-03 07:00:32,18797,414,42,119.99,120.24,0.01,1
CHXls-0iiCg,UCPI40-XQA9-GBGj2k8PPqfg,2026-07-11 08:50:17,55728,1010,70,119.91,120.16,0.09,0
CHb_k4Vqd_4,UCc1VJX_5Z2RdGi58XU4IfbA,2026-08-20 06:30:04,534,7,1,120.0,120.0,0.0,0
CHfvm0kOTUc,UC3hCAmwyYNgRuOOSFV7evVA,2026-08-27 09:35:54,131446,378,57,119.91,120.16,0.09,0
CHvSRdBFQ-I,UCg7rkxrTnIhiHEpXY1ec9NA,2026-08-26 07:17:28,186139,6532,362,119.97,120.22,0.03,0
CHz37LPgeFk,UCmcBe97VA2LqVEQUeeZl6Ew,2026-08-23 09:20:48,120621,556,82,119.92,120.17,0.08,0
CIFxS6xqCH4,UCfq-5-0b5Lzj7cKCrp6-flA,2026-08-24 08:00:17,21730,585,41,119.76,120.01,0.01,1
CIvhznLx61o,UC0FUMakBJHsRrfKCGQuWnRA,2026-08-01 15:14:42,23746,181,71,119.76,120.01,0.01,0
CIvi4PpLWmQ,UCg7rkxrTnIhiHEpXY1ec9NA,2026-07-24 07:00:39,300112,10941,492,119.99,120.24,0.01,0
CIyVTwxHPng,UC-okJdotaXPlzivRzHFqzuA,2026-07-27 03:20:01,102681,1445,39,119.92,120.17,0.08,0
CJFRPdVEKT0,UCYS2NvZlSjrxZfnn1v7b3QQ,2026-08-09 16:32:24,17,1,0,119.96,120.21,0.04,0
CJNs4ffrW8w,UCqIwPYLfMd3EoWYwvyTjPnA,2026-07-18 23:00:27,33876,367,73,119.99,120.24,0.01,0
CJOiIwElETc,UCgsKeCRaBGH6JlnH6VO_7OA,2026-08-30 21:32:48,120,1,0,119.97,120.22,0.03,0
CJPOUa9BxHo,UCab17MxxnFtAhGsJVTkSkCg,2026-08-23 13:09:34,1614,19,2,119.85,120.1,0.1,0
CJUqQ7f5lsY,UCVey3Q_CodrHAWBonTGbHFg,2026-08-14 03:00:32,58204,790,37,119.99,120.24,0.01,0
CJWaFCgOHlo,UCab17MxxnFtAhGsJVTkSkCg,2026-08-17 13:02:42,780,17,1,119.96,120.21,0.04,0
CJeSAzyLzlQ,UC2yOBpLVwB7kzt9C5ZPbB7w,2026-07-31 04:00:24,79246,1121,32,120.0,120.0,0.0,1
CJglwHrT8f0,UCPuD5ZRQWa_JCaY5NokNhtg,2026-08-05 05:33:13,482,12,2,119.95,120.2,0.05,0
CJhfY0uQ7QE,UCab17MxxnFtAhGsJVTkSkCg,2026-08-31 13:00:24,1747,13,1,119.76,120.01,0.01,0
CJqvR6gLb1U,UC5bjQxLK_3XVzIOTQ04sYeg,2026-08-18 10:39:45,3246,78,4,119.85,120.1,0.1,0
CJvfBDPaB2I,UCEcRvF_6IRSux8FO-ogFZug,2026-07-23 17:46:18,23719,728,45,119.98,120.23,0.02,0
CK2SdrOTzQM,UCUbOogiD-4PKDqaJfSOTC0g,2026-08-14 11:03:22,102241,677,88,119.95,120.2,0.05,0
CKBbZ_EDLkI,UCuCmLrNT5MbpqfrSSKHqTug,2026-07-29 14:36:51,35370,73,12,119.89,120.14,0.11,1
CKSBq36x2rA,UCGa52d8Qlv3THghuCAt_nXA,2026-08-13 08:30:39,40417,348,15,119.99,120.24,0.01,1
CK_4OGafVh4,UCgLFbrC7-g0ihBKB0obVPTg,2026-08-10 12:37:12,115,5,0,119.88,120.13,0.12,0
CKmNfZLrAj0,UCim7oePrB5hdfhcYwgUY6Jw,2026-08-29 13:00:12,22326,49,17,119.76,120.01,0.01,0
CKmvqQGyd1k,UCV7WE8I_UiAN0fa6Arezx_w,2026-08-29 11:00:19,342,1,0,119.76,120.01,0.01,0
CL2F1v_Ntao,UCrXfM4HsibSucC_NlIY7v0Q,2026-08-08 08:57:00,152,3,3,119.8,120.05,0.05,0
CL8QlwD5NAQ,UC_9W6Z5Y3lDpLk47Y_y5ITQ,2026-08-26 10:17:02,49463,298,57,119.98,120.23,0.02,0
CLCyINRUkzM,UCJoWNCiFuiN4eZnB80WUf4Q,2026-08-06 05:30:27,106626,1401,81,119.99,120.24,0.01,0
CLFh9g2On3k,UCjiXXUsdl0F0aUkTbv8ZVTA,2026-08-18 15:57:02,2509,67,8,119.81,120.06,0.06,0
CLGtCzzsxJY,UCYGF_xk5RDpltyZDSx040uw,2026-07-16 07:52:42,71931,827,45,119.87,120.12,0.12,1
CLp_XW0Wvxw,UCQDGJQe8X9tbk_i8Na3VVXg,2026-08-18 09:03:34,222,8,0,119.95,120.2,0.05,0
CMNqNlJ2SGw,UCksGX0hODm1Ev6mysrToMqg,2026-08-05 09:02:45,6365,193,30,119.96,120.21,0.04,0
CMRiOl-OOYA,UCSzHok6X5qXEO7cjvVnE62g,2026-07-17 10:00:33,89307,509,64,119.99,120.24,0.01,0
CMSRHiJKqbA,UCPGl9DV2WUgaqGVXtVrhJWQ,2026-07-30 15:00:12,4,0,0,120.0,120.0,0.0,0
CMUvQ52pSXs,UCV2rXchZ5JNpvmSIOVEQ5oA,2026-08-17 13:30:26,9674,51,16,120.0,120.0,0.0,1
CMUyMVXeOq0,UCnhGcri8x6xhehanhAe9ipw,2026-07-29 11:28:04,103391,633,118,119.78,120.03,0.03,1
CMXaq2tJzLM,UCAJ-meoCh1TrPZ7La3UpPrw,2026-08-10 14:06:01,94536,1512,181,119.9,120.15,0.1,0
CMXxuSmzXsk,UC72PuhDwKtZ5MikpGNhPAtA,2026-08-31 07:25:39,2946607,42430,3157,119.84,120.09,0.09,0
CMdf-z6Id-k,UCzDmGDR5RdahQkLCBoWlTEg,2026-08-18 11:51:51,29539,91,4,119.9,120.15,0.1,0
CMhhkg0Znd8,UC0-sEWFXIymAxx0InClynUA,2026-08-06 01:00:06,3965,97,36,120.0,120.0,0.0,0
CMooT_uHPOI,UCjyXK9pWHwWR_-bRibFaWDg,2026-08-05 03:02:45,104471,1078,153,119.96,120.21,0.04,0
CMq-ZoBBUOM,UCBidluUUxzT_5jVOI_2x2MQ,2026-07-29 03:00:27,1776,5,0,120.0,120.0,0.0,1
CN2Jimlc9v0,UCp6n8d8Y8r3MwKNw_MMaouQ,2026-08-31 15:20:11,4459,85,0,119.93,120.18,0.07,1
CNF-GFLHPiA,UC3RzmV2LX3AmWhZVx0A7u0A,2026-07-25 07:00:04,90129,2217,100,120.0,120.0,0.0,1
CNFdeOA7EXc,UC_9W6Z5Y3lDpLk47Y_y5ITQ,2026-07-23 16:59:50,14911,214,29,119.76,120.01,0.01,0
CNFn2Eql-jU,UCifCesg-EUkjKyQedaB3hRg,2026-08-16 23:07:00,30170,471,5,119.89,120.14,0.11,1
CNgJV9t6n9s,UCSl8TBqqflby-ymdEQVfRNQ,2026-08-04 12:34:22,16495,244,34,119.93,120.18,0.07,0
COEDuR9akXg,UCoIEwIHhW-1_roLnb5nK_UA,2026-08-30 06:32:06,812,9,0,119.98,120.23,0.02,0
COOkznmRME0,UCS-X1uBDTNwAYyydiXjcX9A,2026-07-23 03:00:31,752,11,1,120.0,120.0,0.0,1
COP-aoKAsDY,UCwlUB3goOsh4tpqZKIzUAbA,2026-08-16 15:00:28,47340,443,293,120.0,120.0,0.0,0
COU5Q7IN9-k,UCOTJtP0Z9DjpPU43B5m1V6A,2026-08-29 14:49:55,169518,644,19,119.93,120.18,0.07,0
COW4gVzHTOE,UCIOY-akTwtohcU0QB5ksjaA,2026-08-17 00:07:09,69,,0,119.88,120.13,0.12,0
COb3Bmga7Ug,UCei_ecYpQqFjYhjLaDPr2Lw,2026-07-24 15:47:25,152,15,0,119.96,120.21,0.04,0
COef6iRle5o,UCY_vDlvG-BTDRIOk_I9QQ6g,2026-07-10 10:53:30,2576,27,24,117.87,121.73,1.73,0
COeflHaA4LU,UCNNR1-x2NhZARsNGnQlh2sQ,2026-07-28 08:45:11,169962,558,119,120.0,120.0,0.0,1
COhckCrAFSo,UCFHUplScMiWTjJrtv4hxWmg,2026-07-25 07:16:42,24376,176,24,119.98,120.22,0.02,0
COrlyKvnk2Y,UCifCesg-EUkjKyQedaB3hRg,2026-08-01 23:29:24,16959,699,8,119.76,120.01,0.01,1
COwJqXmZ1HU,UCDYAog4sNhwQ5pXtAZiT0Og,2026-08-08 04:00:27,52913,208,66,120.0,120.0,0.0,0
CP30jxVaiDg,UCH29Gz8a6veRLqUxzjBXHrQ,2026-08-23 09:15:16,18940,690,54,119.76,120.01,0.01,0
CPIk0fydsvk,UCpX86JOUhnrzG7MK8e8Gjbw,2026-08-21 05:48:23,51987,257,198,119.96,120.21,0.04,0
CPM2MxGseds,UC_E_qYfGKM3C0kqrp1p8z7Q,2026-08-20 15:00:13,80,6,0,120.0,120.0,0.0,0
CPQo6gTPdsQ,UCfIUuMA7U_jImP7oWfTe4Pw,2026-08-14 08:48:21,317470,2450,748,119.95,120.2,0.05,0
CPcRRWboruI,UCYJDUekoQz0-bo8al1diLWQ,2026-08-04 04:16:36,132044,3626,146,119.98,120.23,0.02,1
CPdz_WCoorY,UCjUnlBpn0Z1L450g79fniRg,2026-07-15 04:40:32,1035,,0,119.83,120.08,0.08,0
CPhOULSHw6M,UCfQOeRevRI14uNqluiJ7TeQ,2026-08-24 16:16:46,1163,15,1,119.98,120.23,0.02,1
CPkKp-_bhAc,UCTbwgCCBrI-4XU8b5B0uGPg,2026-07-26 03:00:30,259926,3045,50,120.0,120.0,0.0,0
CQ7X9-Sff7U,UCo33r3SAf5z9MS-lrXV2aOQ,2026-08-19 01:00:38,32553,390,9,120.0,120.0,0.0,1
CQFgUBpjqUU,UClHTjLVog7CkRF8tYJuNXXQ,2026-08-10 12:45:29,248,10,3,119.99,120.25,0.01,0
CQGIB2OcB4c,UC8CZL4cvFiKwKKDNCuM2lTA,2026-07-31 08:28:40,72266,569,10,119.78,120.03,0.03,1
CQIz76R_Ehk,UCt8CJiye87FMbEwt0npPMuQ,2026-07-10 13:00:22,71711,3653,263,120.0,120.0,0.0,0
CQU0KZ7li88,UCifCesg-EUkjKyQedaB3hRg,2026-08-31 02:43:40,531124,2842,24,119.79,120.04,0.04,0
CQUSTL3gCT8,UC5ThQKdocwo_9UurfT5P_ww,2026-08-23 01:00:20,182907,2723,42,119.76,120.01,0.01,1
CQbwSRTsT0c,UCJDXc9JWCZo-nLNKr_-L2Ng,2026-07-26 13:30:30,3443,135,9,119.99,120.24,0.01,0
CQhmFM0B0zs,UCpcTrCXblq78GZrTUTLWeBw,2026-08-07 07:30:28,141331,2829,54,120.0,120.0,0.0,0
CQzJ03-BEeg,UCYooECrv-fIXlPaDwEIaveA,2026-08-20 09:01:36,30157,310,41,119.98,120.23,0.02,0
CRDJkvHI9jM,UC5ScPjbt-a97AJO7SBj6nAg,2026-08-01 08:30:00,105337,2882,477,120.0,120.0,0.0,0
E7_gQPe1_G0,UC9M8GGVwPqc9ubNruArCNPg,2026-08-26 10:00:31,12174,337,16,120.0,120.0,0.0,1
E7aWrGkUXQM,UCPGl9DV2WUgaqGVXtVrhJWQ,2026-07-23 15:00:22,37,0,0,119.99,120.24,0.01,0
E7l_S6Gg4XM,UC3gl4CHfNtAqNjju1goB0_w,2026-07-31 13:53:57,2216,43,1,119.85,120.1,0.1,0
E7xvW3JdDWA,UCMZFHqDjg1IE5kzm9fZBOFw,2026-08-15 18:47:49,8323,21,0,119.96,120.21,0.04,0
E85RST0l1YQ,UCwBkHOTyu57NQi0syf5MLig,2026-08-29 06:00:28,51413,143,15,119.76,120.01,0.01,1
E8IpxyCB8ZE,UCHMr6VxOrcjE9cgWPlAAdlA,2026-08-21 02:46:49,251,5,1,119.98,120.23,0.02,0
E8hlI4ts2KU,UCt8CJiye87FMbEwt0npPMuQ,2026-07-31 16:11:59,7925,398,19,119.8,120.05,0.05,0
E8lsfuYeAyo,UCirJgPv8RtFaFMj39b6cD8Q,2026-08-28 03:00:17,2692,33,13,119.76,120.01,0.01,1
E8o6_xUfhmo,UClFSQxcVutJFEI9nCAOOkgQ,2026-08-15 17:31:49,1460,,6,119.97,120.22,0.03,0
E9iAIna16kY,UCWU2V62eLE3oQ7AjIGS2STQ,2026-07-23 12:15:52,1436,40,2,119.99,120.24,0.01,0
E9la4VhJtog,UCjUnlBpn0Z1L450g79fniRg,2026-08-12 11:59:29,813,,3,119.76,120.01,0.01,0
EAEBVuM7raM,UCcp8n8YZXg5qko87BgVwg1A,2026-08-11 15:11:38,186491,794,144,119.81,120.06,0.06,0
EAMdHWr3Uqc,UCXNh3eUHXEkL7h1w1KYQRKQ,2026-08-11 02:43:10,24334,299,17,119.78,120.03,0.03,1
EAg9_og8wmQ,UCRpdlPk671uOMiBtf5HtB3Q,2026-07-25 09:57:44,34091,311,147,119.79,120.04,0.04,0
EAiofAydrtc,UCpcTrCXblq78GZrTUTLWeBw,2026-08-03 05:30:08,243720,6203,221,120.0,120.0,0.0,1
EApNmRC4krg,UCarBV0zWlC2k-HteyeKqfag,2026-08-03 15:32:50,21892,136,0,119.95,120.2,0.05,0
EAuG9blNHnY,UCksGX0hODm1Ev6mysrToMqg,2026-08-12 13:19:52,23109,454,49,119.92,120.17,0.08,0
EAzkfWV3Ppg,UCroIk85IFzp6OZzKoJFDKuA,2026-07-22 18:45:22,1351,2,0,120.0,120.0,0.0,0
EB3RJIinb0U,UCp6n8d8Y8r3MwKNw_MMaouQ,2026-08-01 21:29:36,1543,25,1,119.76,120.01,0.01,0
EBGpdllXk38,UCEg24oF81p-THPtp3otdmTA,2026-07-25 09:00:01,94880,2925,110,120.0,120.0,0.0,1
EBVtBf5bvbU,UC-yb5eNBQyXBE9nZnht9u-g,2026-07-22 10:00:35,5962,368,5,119.99,120.24,0.01,1
EBcFHJajkeE,UCqlcSsDNMYxEsem7bWY-66Q,2026-07-23 09:02:16,9304,253,19,119.97,120.22,0.03,0
EBpSoZn_P3A,UCbItyvYa6cqvqtwlU2E9-wA,2026-08-13 16:03:24,3358,242,7,119.95,120.2,0.05,0
ECZk_x2dOqE,UCPv0av3PfTUeTnHGgcXkk8w,2026-07-15 23:59:53,8,0,0,120.0,120.0,0.0,0
ECpZAZMLaIA,UC4G86yAU5PXV5nRT4DlvV8A,2026-07-30 02:35:29,17,0,,119.91,120.16,0.09,1
ECuzpc2xv08,UCgjaQlejpAnIu0q-xtVfTEw,2026-07-25 04:56:27,121415,3018,48,119.81,120.06,0.06,1
ED6ayhnrKw0,UCeB_ZeSo0xDL62wWlkTEtjA,2026-08-11 09:47:35,21447,161,38,119.96,120.21,0.04,0
ED91jo036K8,UCV7WE8I_UiAN0fa6Arezx_w,2026-07-11 16:00:04,20,0,0,120.0,120.0,0.0,0
EDKLbjIJHsE,UCwBkHOTyu57NQi0syf5MLig,2026-07-24 02:00:24,83753,589,88,120.0,120.0,0.0,1
EDOeVzJ1UpM,UC0aKwoKNeqBaUwiEXmkQaGQ,2026-08-24 03:00:15,143732,3191,243,119.76,120.01,0.01,1
EDPUP72wy24,UCgLFbrC7-g0ihBKB0obVPTg,2026-07-23 12:19:29,146,4,1,119.93,120.18,0.07,0
EDQtZXyy5jc,UCxDq2kGOt3h2_ilI0Wih5dw,2026-08-09 13:47:46,4733,26,15,119.96,120.21,0.04,0
EDTZ8TE-hVo,UCVnp5Jumir-XIyeejktUhlg,2026-08-29 23:00:09,47370,124,38,119.76,120.01,0.01,0
EDWKk7iL0Zs,UCV6mNrW8CrmWtcxWfQXy11g,2026-07-22 10:00:17,296779,9670,71,120.0,120.0,0.0,1
EDZ1q1MKK2w,UC5ThQKdocwo_9UurfT5P_ww,2026-08-30 03:10:40,295509,5129,80,119.84,120.09,0.09,1
EDfSDIkVIjA,UCtt0Hg9MhraTkzWwNQpplHg,2026-07-17 02:00:29,78565,893,117,119.99,120.24,0.01,1
EDnqKIlptJs,UCt8CJiye87FMbEwt0npPMuQ,2026-07-16 19:11:29,1789,91,6,119.81,120.06,0.06,0
EDpimo6EcY8,UCab17MxxnFtAhGsJVTkSkCg,2026-07-22 07:16:47,2285,41,1,119.98,120.23,0.02,0
EDs_VH-VphQ,UC1q4Ihlv_YhLELw-ijE0Diw,2026-07-30 11:54:29,171940,2830,252,119.84,120.09,0.09,0
EDxpH3v7J6A,UCElXDMEQqlUnuyDbChjARWQ,2026-08-30 03:00:21,856,6,0,119.76,120.01,0.01,0
EE6imqyw93I,UCv1tOT645xHOJrwdGlzjMaA,2026-08-20 06:30:16,40576,829,15,120.0,120.0,0.0,0
EE7G6Iu5z2Q,UCQJuZxeDv2P05YHcC-tIEVQ,2026-07-28 08:00:33,29694,509,35,119.99,120.24,0.01,0
EEHX10aYyHc,UCbFLnCfOet-u_kFyA7uX-9Q,2026-08-21 15:00:16,39948,602,36,119.76,120.01,0.01,1
EEUy5U-tF84,UCVqmxk6oNOHj9RFVo4uP_lw,2026-08-04 23:00:30,27456,1011,15,119.99,120.24,0.01,1
EErlZKVa6zo,UCXYNuWjnQRSAXCGl9gv8Ncw,2026-08-09 01:00:12,111636,1534,237,120.0,120.0,0.0,0
EErpG3JncbA,UCta3D5-EYqO-pduQLxQ8mNQ,2026-07-28 05:16:54,2217,10,10,119.97,120.22,0.03,0
EF3fNxUVvLU,UCTVkjiEiaiSbEq0Qwd5XTPA,2026-07-24 09:37:51,139,8,1,119.87,120.12,0.12,0
EF8UMMSmY_g,UCO8ToDSM2Gvt3EZdOdosxTw,2026-08-06 09:00:06,77846,1460,121,120.0,120.0,0.0,1
EFDRFWSlmnA,UCWU2V62eLE3oQ7AjIGS2STQ,2026-08-15 10:28:25,82,1,0,119.78,120.03,0.03,0
EFITVCa_Cic,UCOKQpmfKrtu7Nu719CVSw1A,2026-08-05 02:00:24,3985,46,8,120.0,120.0,0.0,1
EFU-ujVHBjw,UCl402YYy7RcH7PBI3npmGPQ,2026-08-13 08:00:30,117321,650,88,119.99,120.25,0.01,0
EFUEIaqmn-E,UCPGl9DV2WUgaqGVXtVrhJWQ,2026-08-03 15:00:11,6,0,0,120.0,120.0,0.0,0
EFYKTKobEWk,UCtRiSpvkhtRXaSjVjEB9LKg,2026-08-24 11:28:42,1587,18,3,119.78,120.03,0.03,0
EFegpvyGlDo,UCZ-UuK86Bk5sGzQQ2cEglJQ,2026-08-14 10:30:03,155857,1837,151,120.0,120.0,0.0,0
EFqDtIGxOvg,UC5pdoCANExIVI4yf6DVoxew,2026-08-11 00:42:06,83,5,7,119.8,120.05,0.05,0
EFy9laa6RHM,UCoqMTw0yGmjIjNayukuOg5Q,2026-07-22 12:27:28,9644,194,64,119.8,120.05,0.05,0
EG84RzaxQFY,UCby0vMKcLR05ZdS90aZd5og,2026-08-19 03:38:19,1436,2,2,119.87,120.12,0.12,1
EG8gRywVx1g,UC0E_zsPAziGgkxaAtwvmFAA,2026-07-24 18:15:08,353426,9458,492,120.0,120.0,0.0,0
EGI9jdbc5N8,UCbFzvzDu17eDZ3RIeaLRswQ,2026-08-24 10:00:06,542965,8338,1103,119.76,120.01,0.01,0
EGY9GFfIcGU,UCaCFlaIQAmiU_mLnZq5E-tA,2026-08-03 11:00:15,1844,22,3,120.0,120.0,0.0,0
EGa8527r0yU,UCPGl9DV2WUgaqGVXtVrhJWQ,2026-08-23 02:57:01,9,0,0,119.81,120.06,0.06,0
EGhMekI-Uis,UCAl4HWznMn7KhKBRFO5eiFA,2026-07-23 15:49:45,5417,28,5,119.92,120.17,0.08,0
EGu-2_HcKYM,UCkrJBQAut47U8xMUuv8D_3g,2026-08-28 08:00:16,8871,122,34,119.76,120.01,0.01,0
EH3vcHKygj0,UC3ozN5tHi449NhCDE6Xtmwg,2026-07-30 12:06:17,96260,686,15,119.9,120.15,0.1,1
EH6YMXQle0U,UCX11f6rIVaoWGvFnKKyPBNQ,2026-08-03 20:50:21,2268,147,1,119.91,120.16,0.09,0
EHdZkfEG7NM,UCw1DsweY9b2AKGjV4kGJP1A,2026-08-02 07:50:32,101560,426,42,119.91,120.16,0.09,0
EHlci0S_qic,UCPI40-XQA9-GBGj2k8PPqfg,2026-08-10 08:50:20,56900,892,74,119.91,120.17,0.09,0
EHyFg5HCQxw,UC3DYSay178fMMPaf3zHwECA,2026-08-22 08:00:01,201330,4232,58,119.76,120.01,0.01,1
EI_hE12Quyw,UCwfbSsZ7_sccxcibe60mWlQ,2026-08-20 03:00:11,11554,47,9,120.0,120.0,0.0,0
EIaGDd1TlHQ,UCUR5w0E-jQTOO8Q0FZ4ilYQ,2026-07-27 09:00:14,231540,807,120,120.0,120.0,0.0,0
EIqom9hZnh8,UCp9skQ2mP_DfVL8c3gZQUzg,2026-08-04 18:52:47,5980,101,2,119.87,120.12,0.12,0
EIuMB_Ug3Y0,UCkd3KAYGnTNPJZZrPOFeWhA,2026-08-30 00:12:47,24599,64,40,119.81,120.05,0.05,0
EIvdQvBY1SU,UCAl4HWznMn7KhKBRFO5eiFA,2026-08-15 13:18:33,1758,11,0,119.94,120.19,0.06,0
EIzSaJLNTtI,UCfIUuMA7U_jImP7oWfTe4Pw,2026-07-25 07:32:29,354291,2826,188,119.96,120.21,0.04,0
EJ0JxGx49z8,UC_8GOc5dWX2Kpb74_nQ7vSQ,2026-08-07 09:02:11,100384,3173,186,119.97,120.22,0.03,0
EJ2dTbGEHhI,UCHCeN9BUgogMGrHBC6zKYvA,2026-08-15 23:47:03,12082,140,53,119.97,120.22,0.03,0
EJIkXJ4hwTY,UCYTQCmuFcacJJ_Tad20qqEw,2026-08-06 17:24:28,23800,1487,68,119.84,120.09,0.09,0
EJXsPnnuG6Y,UCHCeN9BUgogMGrHBC6zKYvA,2026-08-13 13:13:47,10187,153,53,119.77,120.02,0.02,0
EJi6ihbbYrE,UCPGl9DV2WUgaqGVXtVrhJWQ,2026-08-14 15:00:18,15,1,0,120.0,120.0,0.0,0
EJjJfDenxIQ,UCwfbSsZ7_sccxcibe60mWlQ,2026-08-29 15:00:04,41432,62,9,119.76,120.01,0.01,0
EJsNf9Lwo7Q,UCxpXguPL_B5pz7Gq8ozfwlA,2026-07-23 17:24:43,6492,35,0,119.84,120.09,0.09,0
EJu07C2lrj8,UCpcTrCXblq78GZrTUTLWeBw,2026-08-01 21:30:04,54017,1635,141,120.0,120.0,0.0,0
EJx5R01-J40,UCAl4HWznMn7KhKBRFO5eiFA,2026-08-18 04:00:04,9051,56,15,120.0,120.0,0.0,1
EJyUgfc1Hr0,UCklDsqQMGPYIMpIhQ5Jz6jA,2026-08-22 01:30:08,30949,615,54,119.76,120.01,0.01,0
EK3uvYbakss,UC-aXNBQ6nwMNeW2V8XB7sBg,2026-07-26 01:00:12,41504,686,27,120.0,120.0,0.0,1
EK5WckBq20w,UCbaRH9U2BEFwhJiodE3qTpQ,2026-08-16 08:58:25,14768,560,23,119.78,120.03,0.03,1
EK77Ji9x28c,UCt8CJiye87FMbEwt0npPMuQ,2026-08-12 15:05:28,48811,2889,161,119.91,120.16,0.09,0
EK8cCW0Q6Zc,UC_EEqHc75kYwzrN7L8T2Bfg,2026-08-11 10:15:31,328,24,3,119.99,120.24,0.01,0
EKEl-idecQ8,UCpcTrCXblq78GZrTUTLWeBw,2026-08-25 04:30:24,15670,446,25,119.76,120.01,0.01,0
EKTVvX8dESo,UCZ6mNZTiTUrUSbSYPlclI4A,2026-08-29 06:30:23,23741,526,15,119.76,120.01,0.01,1
EKVt3mW8hiw,UCms8Ge7H1ZGgw6nV94fUhUQ,2026-08-08 03:00:14,11440,318,17,120.0,120.0,0.0,0
EKbQVz-RVEI,UCF5RrlbsxJjAVLWgOCoNHMg,2026-08-24 03:32:23,62816,1431,28,119.97,120.22,0.03,1
EKjxtxDG4hc,UCpcTrCXblq78GZrTUTLWeBw,2026-07-13 17:30:27,74970,652,49,120.0,120.0,0.0,0
EKvO6K0gOt8,UCLHwMFguUxHVSk91vzicEJw,2026-07-20 08:06:42,13828,176,24,119.89,120.14,0.11,1
EKwQfQTVArw,UCpI-AhCT02iQRGLC2ZcY0Jw,2026-08-20 07:00:05,26298,328,220,120.0,120.0,0.0,0
EL1Ihqs3U3Y,UCi1Tln5CFg1yExpz8djyxjA,2026-08-21 22:03:08,1236051,49897,185,119.96,120.21,0.04,1
EL1MljwN_xg,UCpcTrCXblq78GZrTUTLWeBw,2026-08-26 08:30:37,43510,1126,19,120.0,120.0,0.0,1
ELHlmCcA3Zc,UCpI-AhCT02iQRGLC2ZcY0Jw,2026-08-02 09:00:38,42379,462,344,119.99,120.24,0.01,0
ELI24PKprTY,UCkoszQp0YiJa9lGm_wK0xGQ,2026-08-04 11:01:04,464,3,1,119.99,120.24,0.01,1
ELMuS-nBPgM,UCzSODDx0zQF3nxXOZISCm_w,2026-08-17 09:30:16,1573,5,0,120.0,120.0,0.0,1
ELN9yccTrbk,UCMF3M48BakI-ptofqoUqdAA,2026-08-08 14:49:29,1083,44,18,119.93,120.18,0.07,0
ELhSD_UFDFY,UCby0vMKcLR05ZdS90aZd5og,2026-07-19 07:38:59,12611,5,2,119.85,120.1,0.1,1
ELuDrYtHXYI,UCsuanL5kXO29Uzz3MWlBsMQ,2026-08-04 09:47:03,68,4,1,119.97,120.22,0.03,0
ELydHyWYNAw,UC_e83kYlGHWbsrr8QCfV_ag,2026-07-23 15:57:19,24424,58,48,119.8,120.05,0.05,0
EM1UpA-1Z-0,UCdK9h1ILxS49c2LguBUY3rw,2026-08-08 10:45:23,17,0,0,120.0,120.0,0.0,1
EML72BFJblI,UC7SIaeUWuuIrWTIOBpayDVQ,2026-07-26 02:46:33,25159,231,48,119.98,120.23,0.02,0
EMQrAm-4lEE,UCwBkHOTyu57NQi0syf5MLig,2026-08-24 05:00:02,52485,327,25,119.76,120.02,0.02,1
EMSgWlcvQEc,UCWwbZhw5M-Q5dZtTK4nDWNw,2026-08-28 03:00:32,88213,768,19,120.0,120.0,0.0,1
EMbb2poxvdY,UCVqmxk6oNOHj9RFVo4uP_lw,2026-07-30 13:09:20,693,33,5,119.85,120.1,0.1,0
EMc0VzE531U,UCBY9rOZPo0fLE45mOV0s0cw,2026-08-09 16:39:46,376,6,0,119.84,120.09,0.09,0
EMngbkgnjao,UCwfbSsZ7_sccxcibe60mWlQ,2026-08-06 03:01:35,14703,81,31,119.98,120.23,0.02,0
EMr1UrGpF5E,UCV7WE8I_UiAN0fa6Arezx_w,2026-07-11 09:00:15,188,1,2,120.0,120.0,0.0,0
EMvWFiGhI1E,UCqVkQsNin4MdGFrWvzFVOKw,2026-07-22 15:49:26,15738,449,0,119.93,120.18,0.07,0
EN16rf7VE4Y,UCn3lLusvOTVdtxZi0EHlSTw,2026-07-23 01:39:37,371,14,0,119.85,120.1,0.1,0
EN9267fWMqQ,UC4VWaR3R17Ruc7j1Cy1-PKQ,2026-08-20 10:34:29,26,3,4,119.93,120.18,0.07,0
ENNDDaZeXuA,UCT-UsvGz4gm7lezXvCEex9A,2026-08-22 05:00:35,150,11,5,120.0,120.0,0.0,0
ENOzqfo-Pig,UC1q4Ihlv_YhLELw-ijE0Diw,2026-07-26 12:00:01,236033,3647,197,120.0,120.0,0.0,0
ENZkMu-bGDw,UCnCeDIkExSpULGqmpj5oafg,2026-08-09 14:12:53,1653,26,7,119.79,120.04,0.04,0
ENgBHvuOK3s,UCPI40-XQA9-GBGj2k8PPqfg,2026-07-10 08:50:21,64152,992,69,119.93,123.78,0.07,0
ENiM1UaHenU,UCPGl9DV2WUgaqGVXtVrhJWQ,2026-08-19 15:00:04,5,0,0,119.76,120.01,0.01,0
ENrz-MAIklc,UCQfISxq5legTqOt1h1us6lg,2026-07-24 11:13:04,4013,14,0,119.79,120.04,0.04,0
EO287MHHjho,UC-aXNBQ6nwMNeW2V8XB7sBg,2026-08-12 21:00:33,338759,3192,120,119.99,120.24,0.01,1
EO5ZT95PW9g,UCpX86JOUhnrzG7MK8e8Gjbw,2026-08-18 14:19:33,41849,151,8,119.94,120.18,0.06,1
EOA37cf1578,UCrY2B2XX41ReYh9DIWrFfCg,2026-08-28 11:41:57,2021,,3,119.81,120.06,0.06,0
EOABZBHwhXI,UCaN3tSrrzIrXSDonEe7LK9A,2026-08-18 08:00:14,1310,29,1,119.76,120.01,0.01,0
EOE6RyySaiU,UC08-hQbwh7eyr8PlaYG2-sQ,2026-08-05 10:00:24,12960,184,147,120.0,120.0,0.0,0
EOJP6Uh9TQ0,UCY_vDlvG-BTDRIOk_I9QQ6g,2026-08-31 01:51:02,3539,17,1,119.91,120.17,0.09,0
EO_tqcbzTLg,UCqI5lyTpC79pOy2D-VXAMdA,2026-08-26 14:18:02,83265,412,226,119.96,120.21,0.04,0
EOiRLeptZCs,UCwBkHOTyu57NQi0syf5MLig,2026-08-22 18:30:38,9777,48,13,120.0,120.0,0.0,0
EOuPm-hooQQ,UCV7WE8I_UiAN0fa6Arezx_w,2026-08-22 23:00:15,27,0,0,119.76,120.01,0.01,0
EP7Wi3p6qRw,UCz5LAkkX66OAW-y_WiWf9vA,2026-08-07 10:02:39,133,2,0,119.96,120.21,0.04,0
EPRZDXLvN7w,UCO8ToDSM2Gvt3EZdOdosxTw,2026-08-08 09:00:39,47964,1328,90,119.99,120.24,0.01,0
EPhYfSPxRqQ,UCr7h47xV4lizW1QR0fV_3kg,2026-07-17 06:23:44,0,0,0,119.86,120.11,0.11,0
EPsiG9qk0WI,UC9JlObZnbOirT4_iyPGrdcw,2026-08-29 14:00:22,35596,114,29,119.76,120.01,0.01,0
EPwAX5k4QFo,UCZ6mNZTiTUrUSbSYPlclI4A,2026-08-13 05:30:06,25144,893,37,120.0,120.0,0.0,1
EPzVP7kFGtw,UC0Zl_lyMoTbroBSNv7SpGuQ,2026-08-23 06:15:39,75343,,146,120.0,120.0,0.0,0
EQ4Ts0N1Chk,UCBtJuwDt6LlXp2YASC-ZMdA,2026-08-11 09:00:17,1070,10,1,120.0,120.0,0.0,1
EQ8yHqW2D9Q,UCgLFbrC7-g0ihBKB0obVPTg,2026-07-31 13:56:54,194,5,0,119.8,120.05,0.05,0
EQB30qovoQY,UCo33r3SAf5z9MS-lrXV2aOQ,2026-08-13 07:00:27,153085,1433,327,120.0,120.0,0.0,0
EQB7LbU_d_g,UC14G5tdSndPhP47RTVgMXcg,2026-08-18 02:26:29,1185,42,7,119.81,120.06,0.06,0
EQQReIKPwss,UC0Zl_lyMoTbroBSNv7SpGuQ,2026-08-22 02:30:21,64921,,80,120.0,120.0,0.0,1
EQVq7O2tZVA,UCqI5lyTpC79pOy2D-VXAMdA,2026-08-07 15:04:26,114750,1372,234,119.93,120.18,0.07,0
EQW-vMOO_k8,UClHTjLVog7CkRF8tYJuNXXQ,2026-08-21 05:00:31,247,9,0,119.75,120.01,0.01,0
ER3LCHOJpnY,UCv1tOT645xHOJrwdGlzjMaA,2026-07-16 03:37:58,4937,116,17,119.87,120.12,0.12,0
ER8ffoQ2iCA,UC7hwQp3F6P_OwyRM14p88iQ,2026-08-27 15:41:39,94445,261,2,119.82,120.07,0.07,0
ERNPdsiCwGU,UCab17MxxnFtAhGsJVTkSkCg,2026-08-07 13:42:26,467,13,1,119.8,120.05,0.05,0
ERj3oeb6USs,UCzDmGDR5RdahQkLCBoWlTEg,2026-07-16 11:30:19,17181,139,20,120.0,120.0,0.0,1
ERnI3gAzsEI,UCkd3KAYGnTNPJZZrPOFeWhA,2026-08-09 07:19:32,73020,105,33,119.93,120.18,0.07,1
ERrVCb3kEkc,UCwBkHOTyu57NQi0syf5MLig,2026-08-12 18:00:09,23922,147,27,120.0,120.0,0.0,0
ESI3_vzfVJs,UCYG8tuvbQzWsDeoADyJFU8Q,2026-08-12 21:20:29,3435,67,2,119.91,120.16,0.09,0
ESPWSnVhb3w,UCAl4HWznMn7KhKBRFO5eiFA,2026-08-16 10:39:40,8857,51,1,119.84,120.09,0.09,1
ESPXAFgrOwo,UCL2ZLyAV0H9Pvi46W7TGdHQ,2026-08-27 11:00:29,90428,211,46,120.0,120.0,0.0,0
ESaKBZXhzIw,UCk1NTIlGP27bQEumkw6sDVA,2026-07-25 09:15:09,9546,81,16,120.0,120.0,0.0,0
ESasLPWPD1g,UCV7WE8I_UiAN0fa6Arezx_w,2026-08-29 03:00:14,152,0,0,119.76,120.01,0.01,0
ESqarjRtl7Y,UCyiKhng8Mr3xlm-rgec6mWQ,2026-08-14 10:00:27,17,1,0,120.0,120.0,0.0,0
ESwFtafzOqw,UC5ThQKdocwo_9UurfT5P_ww,2026-08-19 10:27:29,622829,7766,90,119.8,120.05,0.05,1
ESz0wFlzvBs,UCBmPfbqvGwTTfrV-H_UOfdw,2026-07-26 23:43:28,23910,2265,14,119.78,120.03,0.03,1
ETIZeGGK9fA,UCUPa-gJcbYG9Ql8b9H9FBbg,2026-07-29 08:00:27,5278,75,15,119.99,120.24,0.01,0
ETJILUsKgHQ,UC5RxNUZ9_c94ZEfJGnJZmTw,2026-08-17 12:00:03,2374,125,20,120.0,120.0,0.0,0
ETOR9LNuSlo,UCS-X1uBDTNwAYyydiXjcX9A,2026-08-05 09:00:24,1595,28,11,120.0,120.0,0.0,0
ETaJdYqc67g,UCDBAVzfX3yZ1hah0FHnOoaA,2026-08-20 13:00:19,353437,1728,362,120.0,120.0,0.0,0
ETtD_Q_XXy4,UC-aXNBQ6nwMNeW2V8XB7sBg,2026-07-28 03:00:14,30944,458,13,120.0,120.0,0.0,1
ETyBqrrPptQ,UC543-TDm6IvHHZXwdSFioMw,2026-08-21 13:00:24,8703,36,0,119.75,120.01,0.01,0
EU-z3g8eFQ4,UCifCesg-EUkjKyQedaB3hRg,2026-08-02 23:44:11,22285,435,5,119.77,120.02,0.02,1
EU0GYJNIahg,UC3Z9lUjG5BU60sce2-Axbjw,2026-08-12 00:10:09,178,3,0,119.83,120.08,0.08,1
EU1F4Eouno0,UCoH2pCzAr6zWDG-LtUiLWRw,2026-08-22 00:00:37,40803,529,118,119.75,120.01,0.01,0
EUJ2-GW_QlM,UCJDXc9JWCZo-nLNKr_-L2Ng,2026-08-09 16:00:20,1390,68,7,120.0,120.0,0.0,0
EUL-xybyIH8,UCZ6mNZTiTUrUSbSYPlclI4A,2026-07-29 02:28:45,11453,594,12,119.77,120.02,0.02,1
EUYynbLHol8,UCZ6mNZTiTUrUSbSYPlclI4A,2026-07-29 13:26:05,12323,208,3,119.82,120.07,0.07,1
EUZJgmryqIk,UCPsZX-D7LW99PjZLA-UysPQ,2026-08-01 15:00:38,652,3,0,119.99,120.24,0.01,0
EUmGu4rso3Q,UCZNTsLA6t6bRoj-5QRmqt_w,2026-07-23 17:00:20,9859,458,8,120.0,120.0,0.0,0
EV-BaOo-7SM,UCYM01qjjE_hmqFQAmOo-lNg,2026-07-25 23:00:27,6542,65,53,119.99,120.24,0.01,0
EVACxjbn6Sg,UCzkk3MGFFeiN0E0T3AEeg_g,2026-08-07 08:39:23,170722,519,264,119.85,120.1,0.1,1
EVJ_NU9305c,UCkd3KAYGnTNPJZZrPOFeWhA,2026-08-13 12:00:28,17687,28,8,120.0,120.0,0.0,1
EVMz2NVOssY,UCPGl9DV2WUgaqGVXtVrhJWQ,2026-08-16 13:54:17,24,0,0,119.85,120.1,0.1,0
EVXDisGblFQ,UCdK9h1ILxS49c2LguBUY3rw,2026-08-01 12:00:39,8,2,0,119.99,120.24,0.01,0
EVaht2nfo2Q,UCifCesg-EUkjKyQedaB3hRg,2026-08-22 03:14:40,6944,347,6,119.77,120.02,0.02,1
EVnCrptoKpc,UCzps05UZ7XpX3SFoFyYIDow,2026-08-02 03:00:20,8204,110,9,120.0,120.0,0.0,0
EVo39Fjkz9Y,UCijUV3SuVe_qErzBpdOmKIA,2026-08-20 12:00:37,1301,26,23,120.0,120.0,0.0,0
EVqhLcfFyLo,UCdoTrHNHnoRbaQenxK5PEUg,2026-07-18 08:39:33,64,3,0,119.84,120.09,0.09,0
EVtgfi6rQos,UCdoTrHNHnoRbaQenxK5PEUg,2026-08-29 14:29:17,216,0,0,119.77,120.02,0.02,0
EVwuskgqi7k,UCSGKRGHGqP8W11G-SxsMaOw,2026-08-07 00:52:20,19680,636,64,119.88,120.13,0.12,1
EVxODL5-wy8,UCwfbSsZ7_sccxcibe60mWlQ,2026-07-27 09:15:58,34320,120,42,119.99,120.24,0.01,1
EW0MnIHWL-k,UCKVt3arMXfa6XZezR1UnjqQ,2026-08-01 22:00:06,5006,67,4,120.0,120.0,0.0,0
EW4VC8ZKGc4,UCi1Tln5CFg1yExpz8djyxjA,2026-08-28 23:59:17,461629,18200,112,119.77,120.03,0.03,1
EWAxA98Ooas,UCp6n8d8Y8r3MwKNw_MMaouQ,2026-08-19 20:54:11,57796,403,1,119.86,120.11,0.11,0
EWFsYMy7mHw,UC-2JsFNClcIesgd7UmtGnpw,2026-07-30 06:45:13,72669,1872,49,120.0,120.0,0.0,1
EWOSW9G9-6Q,UCifCesg-EUkjKyQedaB3hRg,2026-07-25 22:21:56,30386,805,6,119.89,120.14,0.11,1
EW_RjiuBx2Y,UCksGX0hODm1Ev6mysrToMqg,2026-08-29 02:28:46,9629,33,7,119.78,120.03,0.03,0
EWvprer0Lqc,UCOTJtP0Z9DjpPU43B5m1V6A,2026-07-29 03:49:33,123791,1282,81,119.93,120.18,0.07,0
EX1vUxlny2I,UC8E29ANOC3_OuB7_5EPY2xw,2026-07-27 08:30:13,604,16,1,120.0,120.0,0.0,0
EX7Zu-FgjAU,UCAVR6Q0YgYa8xwz8rdg9Mrg,2026-07-31 13:15:01,257633,11371,136,120.0,120.0,0.0,1
EXQOhgAG0Q0,UCd-Ziz8pAMZBWl7juEghsag,2026-08-06 11:11:49,35604,498,40,119.81,120.06,0.06,0
EXXv-G6h0Ic,UC7SIaeUWuuIrWTIOBpayDVQ,2026-08-17 13:24:03,18110,168,67,119.85,120.1,0.1,0
EY5ZbUIvhOo,UCN8L7Z-dyzu9FzT39RM0fvw,2026-07-11 02:00:37,12989,161,61,119.99,120.24,0.01,0
EY99rMLHOhM,UCJYdIDfGkqXTsQq5aW4md0Q,2026-07-25 14:00:45,235,7,9,119.99,120.24,0.01,0
EYTdH84spsg,UCwBkHOTyu57NQi0syf5MLig,2026-08-25 02:00:30,269304,2102,276,120.0,120.0,0.0,1
EYVqVmR8Pfk,UCHCeN9BUgogMGrHBC6zKYvA,2026-08-31 06:27:44,10848,60,19,119.8,120.05,0.05,0
EYaUqtYciWo,UCV6mNrW8CrmWtcxWfQXy11g,2026-08-16 08:00:19,42874,1739,94,120.0,120.0,0.0,1
EYeOL_BLTQM,UCei_ecYpQqFjYhjLaDPr2Lw,2026-07-31 13:09:44,46,1,0,119.84,120.09,0.09,0
EYldIX8Dpbw,UC8CIM3d3zDYMk-3T5aAz0yw,2026-08-17 10:04:29,491756,22209,1228,119.93,120.18,0.07,0
EYp9AzFoi7U,UCxe_WKNMrOgvNtgz02oLTjQ,2026-08-12 11:15:38,31399,274,13,119.99,120.24,0.01,1
EYpMOYS4wcw,UCtRiSpvkhtRXaSjVjEB9LKg,2026-07-30 07:47:06,1650,22,1,119.97,120.22,0.03,0
EZ5gIjBiBZs,UCifCesg-EUkjKyQedaB3hRg,2026-07-27 23:30:17,764,10,0,120.0,120.0,0.0,0
EZ6E6skDfO4,UCpwGBltfwjd_fIzp5cb5R0w,2026-08-02 12:44:08,78072,1510,58,119.77,120.02,0.02,0
EZ7mOS_T3TY,UCby0vMKcLR05ZdS90aZd5og,2026-08-13 05:13:51,1930,6,3,119.77,120.02,0.02,1
EZHlEcHJHBs,UCJNEIbzzpRl-l1iGdD2BxGg,2026-08-24 05:46:41,22257,172,36,119.98,120.23,0.02,0
EZIQtoJpY40,UCN5oT4zGJX-_H6pE5isAEeg,2026-08-13 08:00:37,496844,5977,342,119.99,120.24,0.01,1
EZK1MWZvrAY,UCNu00qhYj4nPeMNdxuwV6sg,2026-08-16 09:09:27,1176,41,0,119.85,120.09,0.09,0
EZKxhNzxgTY,UC2yOBpLVwB7kzt9C5ZPbB7w,2026-07-29 12:00:05,158245,2305,55,120.0,120.0,0.0,1
EZNLgaNx33U,UCkoszQp0YiJa9lGm_wK0xGQ,2026-08-05 02:49:56,339,9,2,119.92,120.17,0.08,1
EZXbTJKOv0o,UCAl4HWznMn7KhKBRFO5eiFA,2026-08-14 13:34:14,41898,221,21,119.93,120.18,0.07,0
EZYa5WU-vVI,UC6NXJtCn3p-actkvBUlHwDA,2026-08-30 08:16:22,10513,21,6,119.99,120.24,0.01,0
E_-stQBwA7o,UCJDXc9JWCZo-nLNKr_-L2Ng,2026-08-11 13:00:33,1964,76,3,119.99,120.24,0.01,0
E_76TWktsLM,UCAVR6Q0YgYa8xwz8rdg9Mrg,2026-08-06 10:00:12,97118,5315,71,119.75,120.25,0.25,1
E_OdkuKzO3c,UCSzHok6X5qXEO7cjvVnE62g,2026-08-08 12:00:24,257728,3194,86,120.0,120.0,0.0,1
E_dbR7zzvXg,UCnhGcri8x6xhehanhAe9ipw,2026-08-25 10:30:16,194444,2452,344,119.76,120.01,0.01,0
E_vyRyAU-i0,UCvAetSOU_4lyjM5hVMNzN0Q,2026-08-29 16:40:21,35913,493,31,119.84,120.09,0.09,1
E_x5IBwTYQg,UCPGl9DV2WUgaqGVXtVrhJWQ,2026-07-20 13:54:19,6,0,0,119.85,120.1,0.1,0
E_yR1-XTqK4,UCSzHok6X5qXEO7cjvVnE62g,2026-07-13 12:00:35,326493,3733,79,119.99,120.24,0.01,0
Ea5QacUgYT8,UCBmPfbqvGwTTfrV-H_UOfdw,2026-08-07 13:01:56,609693,6827,120,119.97,120.22,0.03,1
EaA4qs9QulE,UCp6n8d8Y8r3MwKNw_MMaouQ,2026-08-05 15:02:18,10608,194,3,119.96,120.21,0.04,1
EaC4Y1JBcyM,UCV7WE8I_UiAN0fa6Arezx_w,2026-07-16 13:00:11,125,1,0,120.0,120.0,0.0,0
EadIERrizSs,UCJN5mgLqkPCTVC5v-12gKjQ,2026-08-26 12:04:16,5689,234,26,119.94,120.19,0.06,1
EadZwiBe8fs,UC5Yx9RlmznXDUEIrfoSqheA,2026-08-17 02:45:24,31,3,4,120.0,120.0,0.0,0
EahEMKdB5Y0,UC1IUMdwaJ22A6FkPiI8dcig,2026-07-30 14:22:04,107304,2012,132,119.88,120.13,0.12,1
EajR2LOXC3E,UCTUnpbuKoOODvhLhCO_kO_A,2026-08-26 06:00:22,1138,4,1,119.76,120.01,0.01,1
Eatnj0rho8M,UCEebX3m88Arwc91LPmEmTYQ,2026-07-25 23:38:39,9402,593,29,119.86,120.11,0.11,0
EavAJGro3yU,UC3DYSay178fMMPaf3zHwECA,2026-07-22 08:00:05,54227,1985,26,120.0,120.0,0.0,1
Eb2W78TdbZY,UCB4gIGaPUiLtpPreFSf8fKQ,2026-07-28 11:00:17,2557,35,4,120.0,120.0,0.0,0
Eb62BIlruuU,UCtGMgPWJNU2Aj-SNK0zg0Sg,2026-08-18 09:30:07,43721,412,47,119.76,120.01,0.01,1
Eb7k6QOVKjw,UCcJliZnsRbNw4I4uWSGq_wA,2026-08-29 11:28:08,6758,5,1,119.79,120.04,0.04,0
EbTKbfMt3v8,UCV6mNrW8CrmWtcxWfQXy11g,2026-07-29 14:00:12,410877,13121,128,120.0,120.0,0.0,1
EblGtdzS2C8,UCN5oT4zGJX-_H6pE5isAEeg,2026-08-31 08:00:20,195744,3719,203,119.76,120.01,0.01,1
EbmfYmp0kuo,UCcum1rCJ5GJeQ_xv0xrohqg,2026-08-05 04:00:35,39974,1824,77,119.99,120.24,0.01,1
Ec-6jnHHEkI,UCyEIUlSKbzCt3ElAsPFb7EQ,2026-08-29 02:00:15,28721,41,21,119.76,120.01,0.01,0
Ec8CcvYpvJw,UCjSNmS8qcD1jEdQhU5h-zKQ,2026-08-01 08:00:09,162,,1,120.0,120.0,0.0,0
EcJnFdYj2B0,UCXg-6b0X0sIMBDHhbyBuOQg,2026-08-01 11:00:35,12037,282,3,119.99,120.24,0.01,0
EcL2HuGwC0I,UCz5LAkkX66OAW-y_WiWf9vA,2026-08-21 13:20:03,213,4,0,119.93,120.18,0.07,0
EcPae2xFQeU,UCw1DsweY9b2AKGjV4kGJP1A,2026-08-21 10:01:20,4738,23,4,119.99,120.24,0.01,0
EcPfJqPMiao,UCS-X1uBDTNwAYyydiXjcX9A,2026-08-07 07:40:58,16309,235,20,119.82,120.07,0.07,0
EcW_Zfe2Gfs,UCcstDLbuhxEbFKkPZ6wST2A,2026-07-30 09:00:21,19729,81,21,120.0,120.0,0.0,0
DSJCCUY14zE,UCcNdwtZ7ulFFxngmnzsWQNA,2026-08-16 02:00:09,7832,91,35,120.0,120.0,0.0,0
DSKateZ1Uig,UCMAfHuocszM6UTORPwUmeNw,2026-08-08 15:52:24,20985,409,1,119.88,120.13,0.12,0
DSObMm6BbTM,UCdK9h1ILxS49c2LguBUY3rw,2026-07-23 11:30:19,10,2,0,120.0,120.0,0.0,0
DSRQ_i4qYdA,UCXNh3eUHXEkL7h1w1KYQRKQ,2026-08-18 22:00:02,86618,369,84,119.76,120.01,0.01,1
DSVbD0ktIOk,UCcstDLbuhxEbFKkPZ6wST2A,2026-07-22 09:00:09,15750,69,26,120.0,120.0,0.0,0
DSXdijG_EEg,UCD8r5Jgns2V64-NcUmXclpg,2026-07-28 03:15:13,71080,464,63,120.0,120.0,0.0,0
DSaGd-rddLE,UCCiKOocVSjyb2rsbL_Aanhw,2026-07-27 07:40:39,128337,533,226,119.82,120.08,0.08,1
DSrkr4VXTy0,UC3DYSay178fMMPaf3zHwECA,2026-08-02 08:00:18,67260,1942,28,120.0,120.0,0.0,0
DSw5qvT7Yoc,UCCTw9N950kEoELFv3dRcWJQ,2026-08-20 23:33:04,3923,86,6,119.96,120.21,0.04,0
DSyZZH1Muqo,UCvAetSOU_4lyjM5hVMNzN0Q,2026-08-16 16:40:32,74960,628,46,119.83,120.08,0.08,1
DT-j21vQysY,UCL2ZLyAV0H9Pvi46W7TGdHQ,2026-07-21 11:00:02,62324,568,140,120.0,120.0,0.0,0
DT5nbxrNCBE,UC0aKwoKNeqBaUwiEXmkQaGQ,2026-08-27 03:00:31,117960,2836,181,120.0,120.0,0.0,1
DTH5A3xCRI8,UCuXE-MdbuaZcPt_2J2kSsSQ,2026-07-12 12:39:18,313,1,0,119.85,120.1,0.1,1
DTT3L4pNPG4,UC9vz3TBChrJmYbzUo-rqfSg,2026-08-29 01:25:46,20900,47,11,119.83,120.08,0.08,0
DTXj4mCRBH4,UCfq-5-0b5Lzj7cKCrp6-flA,2026-08-01 08:00:19,13006,777,43,120.0,120.0,0.0,1
DTkOWtqJzgY,UCZ6mNZTiTUrUSbSYPlclI4A,2026-08-02 06:15:22,47620,1485,61,120.0,120.0,0.0,1
DUA4b6glVek,UCdK9h1ILxS49c2LguBUY3rw,2026-07-24 11:45:31,8,2,0,119.99,120.24,0.01,0
DUJz4ZUnHPc,UCkavlo6q2XfO_MA9Q24wRvw,2026-08-08 05:17:06,3085,8,0,119.97,120.22,0.03,0
DUVmQ_HCx88,UCPGl9DV2WUgaqGVXtVrhJWQ,2026-08-23 13:37:48,9,0,0,119.88,120.13,0.12,0
DU_tkS-ng-g,UCIxcZWLQpP-mUZC6_Uljc_Q,2026-08-17 15:45:09,9162,44,36,120.0,120.0,0.0,0
DUfGrq6e6PY,UCV7WE8I_UiAN0fa6Arezx_w,2026-08-03 08:00:26,32,1,0,120.0,120.0,0.0,0
DUnMuHBMdPw,UCpwGBltfwjd_fIzp5cb5R0w,2026-07-30 14:18:58,70659,943,17,119.94,120.19,0.06,0
DUs1zb7dMwo,UCoSniqkitCpxlHrQd5L8A1w,2026-07-19 16:29:26,1060,10,1,119.76,120.01,0.01,0
DUs4by04RZA,UC4cKHOBS-nRfKFTwf1n8HGA,2026-07-26 01:33:33,2993,,2,119.94,120.19,0.06,1
DVA9x2fZElw,UCBTsPtRCh6ln3IRQFjhjh1A,2026-07-10 09:00:25,185613,1051,121,119.76,123.61,0.24,0
DVSBvtRrDDI,UCwBkHOTyu57NQi0syf5MLig,2026-08-19 18:00:26,10337,57,16,119.75,120.01,0.01,0
DVT7E1FH7OI,UCpcTrCXblq78GZrTUTLWeBw,2026-08-10 13:30:15,65699,1049,84,120.0,120.0,0.0,0
DVWCdE3myuU,UCCdcpCa4yiDcCPhFErd7TXA,2026-08-22 04:30:09,83483,1209,11,119.76,120.01,0.01,1
DVXkAUIgCI0,UCdb5lyq0tWbY3jqH35SufmA,2026-08-18 22:30:35,6896,42,20,120.0,120.0,0.0,1
DV_N80QxPDY,UCpcTrCXblq78GZrTUTLWeBw,2026-07-18 01:00:07,258100,3102,406,120.0,120.0,0.0,0
DVf2jADivc8,UCi1Tln5CFg1yExpz8djyxjA,2026-08-14 17:31:52,110743,5782,50,119.97,120.22,0.03,1
DVtkhE2DIjM,UC8CZL4cvFiKwKKDNCuM2lTA,2026-07-11 20:20:18,5311,47,0,119.91,120.16,0.09,0
DW06EWEbfY8,UCby0vMKcLR05ZdS90aZd5og,2026-07-15 06:17:23,3484,7,4,119.96,120.21,0.04,1
DWIZ11j31Ec,UCk5C4AR3uvmKwZYkIlSobbg,2026-08-25 01:16:13,4291,53,20,119.99,120.24,0.01,0
DWWBZra0g78,UCCd3jyJmOFzkJEMj5Bp89rw,2026-07-23 15:00:32,2353,147,1,119.99,120.24,0.01,1
DWppkZy1V0k,UCSl8TBqqflby-ymdEQVfRNQ,2026-08-28 17:42:54,29017,242,117,119.8,120.05,0.05,0
DX8Uo6qIC8s,UC5T_FfQwgy56XP0aEVHYULQ,2026-08-07 07:00:10,23354,352,44,120.0,120.0,0.0,0
DXIjkx21_q0,UCHJv9xBR9lkzGSIepie-T_A,2026-08-15 21:30:23,3166,35,0,120.0,120.0,0.0,0
DXanCMja_Mw,UCAl4HWznMn7KhKBRFO5eiFA,2026-07-24 14:35:38,18251,53,3,119.91,120.16,0.09,1
DXasfBOg6r4,UCgLFbrC7-g0ihBKB0obVPTg,2026-08-18 12:04:18,97,2,0,119.94,120.19,0.06,0
DXdjmIxoOcw,UC46X_E7jxvJ1O_3gnaeCxeg,2026-08-05 08:49:07,43583,206,44,119.93,120.18,0.07,0
DXfw-xWo35I,UCpI-AhCT02iQRGLC2ZcY0Jw,2026-07-25 01:00:36,61791,1058,613,119.99,120.24,0.01,0
DXt4jmxNhlI,UCkphwoGMBs2_0raLOqu9aQw,2026-08-25 12:00:16,184,3,5,119.76,120.01,0.01,0
DYD3MvdxolM,UCYsRymb9vAsOOLBy-Wo1kRg,2026-08-13 06:00:04,1713,20,1,120.0,120.0,0.0,0
DYKwF280S0E,UCV7WE8I_UiAN0fa6Arezx_w,2026-07-19 23:00:27,174,1,0,119.99,120.24,0.01,0
DYM1df3YC0k,UCPGl9DV2WUgaqGVXtVrhJWQ,2026-08-31 15:00:31,12,0,0,119.75,120.01,0.01,0
DYU2Vj7uTyo,UCab17MxxnFtAhGsJVTkSkCg,2026-08-08 09:20:58,908,11,0,119.9,120.15,0.1,0
DYVilFaP9AY,UCAVR6Q0YgYa8xwz8rdg9Mrg,2026-08-18 10:00:17,110118,4868,48,119.76,120.01,0.01,1
DYbwrTpTEXA,UCGa52d8Qlv3THghuCAt_nXA,2026-07-22 08:30:02,3753,49,6,120.0,120.0,0.0,0
DYjcSBVb3aU,UCaN3tSrrzIrXSDonEe7LK9A,2026-07-25 08:00:14,2384,29,4,120.0,120.0,0.0,0
DYwux-jNLKI,UCI3DTtB-a3fJPjKtQ5kYHfA,2026-08-22 02:00:18,3757,88,8,119.76,120.01,0.01,0
DZ3PMxk86eo,UCwBkHOTyu57NQi0syf5MLig,2026-07-22 08:00:39,6862,70,2,120.0,120.0,0.0,1
DZD8TC0qGcM,UCFHUplScMiWTjJrtv4hxWmg,2026-08-07 02:00:17,21993,204,17,120.0,120.0,0.0,0
DZHv49YrCwc,UCI3DTtB-a3fJPjKtQ5kYHfA,2026-08-31 18:00:01,22253,167,8,119.76,120.01,0.01,0
DZXKwlRCiaU,UCVZ0SJNurJAv-6hV5VEGB2A,2026-08-14 01:15:02,301821,2877,62,120.0,120.0,0.0,0
DZgEYywXjBo,UC-S8JFhLkQ5enhB70c2CYIw,2026-08-10 11:00:16,184969,3712,246,120.0,120.0,0.0,0
DZgFAtEyzO4,UCt8CJiye87FMbEwt0npPMuQ,2026-08-27 18:21:08,11907,311,21,119.91,120.16,0.09,1
DZhhzTc_J7k,UCv1tOT645xHOJrwdGlzjMaA,2026-07-23 03:00:18,36150,485,5,120.0,120.0,0.0,1
DZhtRhPZEYI,UC8rbhIem-3aAsNXhTDI-nSA,2026-08-24 22:00:11,128428,2269,125,119.76,120.01,0.01,0
DZkeTXmUAMo,UCKUUL3fMVvYVZdGkKhhjP0A,2026-08-23 02:04:07,91012,1215,42,119.94,120.19,0.06,1
DZm09OVYSnY,UCdK9h1ILxS49c2LguBUY3rw,2026-07-28 10:45:36,142,1,4,119.99,120.24,0.01,1
DZoybaG-KFM,UCxpXguPL_B5pz7Gq8ozfwlA,2026-08-10 18:03:44,12350,55,0,119.94,120.19,0.06,0
DZz4KzTgPO4,UCQfISxq5legTqOt1h1us6lg,2026-08-04 10:50:18,3201,11,0,119.91,120.16,0.09,0
DZznr4sd2L8,UCKVt3arMXfa6XZezR1UnjqQ,2026-07-13 22:00:23,6020,46,3,119.99,120.24,0.01,0
D_0dik0GIU8,UC-okJdotaXPlzivRzHFqzuA,2026-08-10 02:59:09,65283,915,46,119.77,120.02,0.02,0
D_1eM6CsUiU,UCZ6mNZTiTUrUSbSYPlclI4A,2026-08-31 13:24:12,6088,351,17,119.86,120.11,0.11,1
D_393Q2UoHU,UCV6mNrW8CrmWtcxWfQXy11g,2026-07-27 10:00:35,390381,11902,107,119.99,120.24,0.01,1
D_8elLElRBM,UChyEdiMY2maW8ySmbcmEyRg,2026-08-14 12:49:26,9,0,0,119.93,120.18,0.07,0
D_9Idha8CZ4,UC7SIaeUWuuIrWTIOBpayDVQ,2026-07-22 15:12:44,14606,247,74,119.79,120.04,0.04,0
D_NBfjhtLUE,UC9qwDE50UcXvdplRNZKEoPA,2026-08-05 08:00:07,11203,608,22,120.0,120.0,0.0,1
D_cNyoKp2ew,UCPGl9DV2WUgaqGVXtVrhJWQ,2026-07-20 13:55:32,4,0,0,119.83,120.08,0.08,0
D_u9TNZgPgI,UCHeg3ApmuXQbqqszaD1fR9g,2026-07-25 02:00:18,27346,208,11,120.0,120.0,0.0,1
Da8VAtGhKEM,UCPuD5ZRQWa_JCaY5NokNhtg,2026-08-18 01:06:12,275,8,2,119.9,120.15,0.1,0
DaMGcIPtYVc,UCpwGBltfwjd_fIzp5cb5R0w,2026-08-22 00:30:26,246670,1746,380,120.0,120.0,0.0,1
Da_-FFzk2jM,UC1q4Ihlv_YhLELw-ijE0Diw,2026-07-13 13:06:36,213107,3412,140,119.89,120.14,0.11,0
DaaIPIS5_KA,UCuZ862fZel1gq9RAf_OkvqA,2026-08-19 01:57:13,8332,39,0,119.81,120.06,0.06,0
DagntR0Iq04,UCPGl9DV2WUgaqGVXtVrhJWQ,2026-07-15 15:00:06,5,0,0,120.0,120.0,0.0,0
DavSsHs-xgg,UCifCesg-EUkjKyQedaB3hRg,2026-07-24 01:19:25,48672,1434,29,119.93,120.18,0.07,1
DawHd3TwWXE,UC5Yx9RlmznXDUEIrfoSqheA,2026-08-14 15:30:59,2489,37,0,119.99,120.24,0.01,0
DaxF7jMNqm4,UCZ6mNZTiTUrUSbSYPlclI4A,2026-07-31 04:32:02,41288,1363,48,119.97,120.22,0.03,1
Db4lLSylvPk,UCPGl9DV2WUgaqGVXtVrhJWQ,2026-08-12 15:00:38,5,0,0,119.99,120.24,0.01,1
Db94yUMBr8M,UC9M8GGVwPqc9ubNruArCNPg,2026-08-26 12:00:00,56686,953,17,119.76,120.02,0.02,1
DbHAnyt4J7Q,UCQfISxq5legTqOt1h1us6lg,2026-08-09 06:49:45,2651,9,3,119.92,120.17,0.08,0
DbHL2UL_XeY,UCAl4HWznMn7KhKBRFO5eiFA,2026-08-20 13:25:33,8290,51,6,119.83,120.08,0.08,0
DbJILKalKyQ,UCqVZTizoA2wQKOj_xaDt10Q,2026-08-15 14:34:41,204,2,0,119.93,120.18,0.07,1
DbJh_IO2br8,UCeRn_02zEifLqXxZkTpiXzA,2026-08-08 23:00:15,10751,83,32,120.0,120.0,0.0,0
DbQf7ajX9KE,UCV7WE8I_UiAN0fa6Arezx_w,2026-07-27 01:00:25,242,3,0,119.99,120.24,0.01,0
DbXDs8Cixqg,UCAl4HWznMn7KhKBRFO5eiFA,2026-07-18 11:27:56,12168,45,4,119.79,120.04,0.04,1
DbZrzquqLWI,UCJDXc9JWCZo-nLNKr_-L2Ng,2026-08-30 12:02:08,3167,78,4,119.98,120.23,0.02,0
DbkF-wqSWtc,UCDmmbxGg8g-EBkC_ku6vybg,2026-07-23 10:13:26,8743,342,21,119.78,120.03,0.03,1
DbuNoamQyoI,UCK8iWEZupSV2pmDMxtwdAmA,2026-08-26 00:41:28,492,9,0,119.82,120.07,0.07,0
DbwRwrZYYJs,UCN8L7Z-dyzu9FzT39RM0fvw,2026-08-18 08:00:22,32731,400,88,120.0,120.0,0.0,0
Dbwoy_wrg7g,UCTmniSiCVyG_UKVCEa9PNKA,2026-08-08 13:54:49,2409,46,10,119.84,120.09,0.09,0
Dc0wuPK1WDI,UCcum1rCJ5GJeQ_xv0xrohqg,2026-08-23 04:00:18,28153,1048,331,119.76,120.01,0.01,0
Dc1ACAuK3MA,UCzSODDx0zQF3nxXOZISCm_w,2026-08-21 13:30:38,975,2,0,120.0,120.0,0.0,1
Dc8ebuquk7g,UCv1tOT645xHOJrwdGlzjMaA,2026-07-25 03:04:37,267401,1972,25,119.92,120.17,0.08,0
DcKBGZPPD0o,UCJVhcdElryFktJmFHaad9jg,2026-07-25 15:41:50,7148,33,24,119.8,120.05,0.05,0
DcfkR4mtFoE,UCgLFbrC7-g0ihBKB0obVPTg,2026-08-05 15:47:22,150,2,0,119.96,120.21,0.04,0
DclzTsaChaQ,UCt6Eo4xMTHhlOWg4_PAz_MA,2026-08-23 01:55:57,5452,84,0,119.83,120.08,0.08,0
DcqClnFzzRg,UC4VWaR3R17Ruc7j1Cy1-PKQ,2026-08-01 22:42:25,279,6,0,119.8,120.05,0.05,0
Dd13XtzleAA,UC1Ns07Rw0lQK-KuaPHfRRTw,2026-07-11 14:50:43,23,0,0,119.91,120.16,0.09,0
Dd97MLHUlKM,UCPsZX-D7LW99PjZLA-UysPQ,2026-08-16 15:00:31,370,4,4,119.99,120.24,0.01,0
Dd9zcBnHekA,UCGa52d8Qlv3THghuCAt_nXA,2026-07-27 08:30:24,24641,308,15,120.0,120.0,0.0,1
DdPmbmYTayw,UCaY7wcqhFb_c2eQ1eRB8rOQ,2026-08-09 05:00:23,11597,165,21,120.0,120.0,0.0,1
DduCkAjY0SI,UCJDXc9JWCZo-nLNKr_-L2Ng,2026-07-26 18:30:24,4092,132,5,119.99,120.24,0.01,0
De1ayKLDZ0s,UCvAetSOU_4lyjM5hVMNzN0Q,2026-08-16 07:04:24,10219,140,24,119.93,120.18,0.07,0
DeA0KA4563s,UCX11f6rIVaoWGvFnKKyPBNQ,2026-07-22 20:15:31,2946,153,5,119.99,120.24,0.01,0
DecAcqfD9cU,UCYJDUekoQz0-bo8al1diLWQ,2026-08-14 03:19:09,221458,5654,211,119.93,120.18,0.07,1
Ded7quLpkiE,UCDnIK80iouL_rb_J6GybOlg,2026-08-31 18:00:18,2,0,0,119.76,120.01,0.01,0
DeqmlpQxxLk,UCNZ87V1E_2h_Nyh-zVTRFWA,2026-07-13 10:00:46,1896,17,2,119.99,120.24,0.01,1
DfDycN_9k24,UCBtJuwDt6LlXp2YASC-ZMdA,2026-07-26 10:59:09,341,11,3,119.77,120.02,0.02,0
DfHq0XgCzAI,UCikKJvpU0Ylua4hRW6faQRg,2026-08-06 00:10:40,4389,78,1,119.82,120.07,0.07,0
DfcHv2OjhRc,UCJj2vuQIpFnk5pbTAtCi3yw,2026-07-30 07:00:21,23902,371,88,120.0,120.0,0.0,0
DffTOXks0R8,UC9qwDE50UcXvdplRNZKEoPA,2026-08-10 07:00:16,21371,605,33,120.0,120.0,0.0,1
DfhbQhpQUDU,UCAVR6Q0YgYa8xwz8rdg9Mrg,2026-08-11 05:00:32,212104,12809,108,119.99,120.24,0.01,1
DfppBJklo84,UCAl4HWznMn7KhKBRFO5eiFA,2026-07-26 14:11:28,18082,104,6,119.81,120.06,0.06,1
Dfq3wEy3cg0,UCD8r5Jgns2V64-NcUmXclpg,2026-08-21 03:15:27,65020,349,38,120.0,120.0,0.0,0
DfwR3rN38Ho,UCpcTrCXblq78GZrTUTLWeBw,2026-07-20 14:30:25,144029,2614,216,119.99,120.24,0.01,0
DfzaUILeM2o,UCPuD5ZRQWa_JCaY5NokNhtg,2026-07-30 11:03:11,2837,18,12,119.95,120.2,0.05,0
Dg622FuAJd8,UCSGKRGHGqP8W11G-SxsMaOw,2026-07-25 13:28:29,11206,354,95,119.78,120.03,0.03,0
DgC9R1ysXQE,UCJDXc9JWCZo-nLNKr_-L2Ng,2026-08-26 19:00:09,4849,136,5,119.76,120.01,0.01,0
DgHvfs8a_GE,UCyAA-Vj4ORjXl5Ui2m6_Llw,2026-07-10 09:00:29,27236,91,23,119.76,123.61,0.24,0
DgL22Nvth04,UCF9Ws3xrNmMKVjL4kg0jzbA,2026-08-24 07:30:27,8457,113,18,120.0,120.0,0.0,1
DgNMnbsyiz4,UCpcTrCXblq78GZrTUTLWeBw,2026-07-29 17:30:28,23573,815,85,120.0,120.0,0.0,0
DgSvN3WBKZI,UC-FiQR2gg8oiNw98ZdsSX6Q,2026-08-16 12:00:32,1856,14,2,119.99,120.24,0.01,0
DgZBNUPgx6g,UCAl4HWznMn7KhKBRFO5eiFA,2026-08-20 14:24:21,13855,96,28,119.85,120.1,0.1,0
Dgir1vS3rBc,UCp6n8d8Y8r3MwKNw_MMaouQ,2026-07-26 14:07:27,4051,253,4,119.88,120.13,0.12,0
DgvX6rmgfRg,UC5bjQxLK_3XVzIOTQ04sYeg,2026-07-27 23:24:22,503,2,0,119.85,120.1,0.1,0
DgyxUdAmE58,UC6oq8RPEH1BmtyldQgXVbJw,2026-08-19 03:36:36,6837,60,36,119.9,120.15,0.1,0
DhJregsWAb4,UC141BuVRzSSXJX33Am9yxEA,2026-08-18 08:00:07,62844,1281,260,119.76,120.01,0.01,0
DhKqPWjkLIE,UCPGl9DV2WUgaqGVXtVrhJWQ,2026-08-04 15:00:12,8,0,0,120.0,120.0,0.0,0
DhNgizhDyA4,UCJmnOEp1-OITEU0mk4icM5A,2026-08-16 03:00:36,167281,2278,166,119.99,120.24,0.01,1
DhOo_IA-yoA,UC0aKwoKNeqBaUwiEXmkQaGQ,2026-08-23 10:30:24,45260,635,241,119.76,120.01,0.01,0
DhR8MFzX31Q,UCwfbSsZ7_sccxcibe60mWlQ,2026-07-27 03:03:31,11298,70,35,119.94,120.19,0.06,0
Dhj7OHw89SM,UCIopBBvx8iIkv27dFsQnUYA,2026-07-12 04:00:18,4807,111,21,120.0,120.0,0.0,0
DhvqkDxByx4,UCAVR6Q0YgYa8xwz8rdg9Mrg,2026-08-04 10:00:11,243873,8642,290,120.0,120.0,0.0,1
Di6ZhhNhuuY,UCdXpKf3aIenvWkMbF3EvcQg,2026-08-29 09:19:23,3543,13,0,119.94,120.19,0.06,0
DidyStSs5XI,UC027x98NgUBw9K4aPT8k0mg,2026-07-25 12:00:09,63336,454,95,120.0,120.0,0.0,0
DiyPb6_7hnQ,UCC1LvVTX2ySKYjeIXkAtvsQ,2026-08-07 09:00:01,3060180,39704,397,120.0,120.0,0.0,1
DjBJsn5xcJc,UCl-VnCUwSxDr5zPu-YlDUYw,2026-08-13 08:00:14,47863,734,27,120.0,120.0,0.0,1
DjG6x-Wubbs,UC_m_uqd_9s0hZvlgfvCzqbQ,2026-07-24 07:50:08,490,3,0,119.92,120.17,0.08,1
DjHil8BDV3o,UC-FiQR2gg8oiNw98ZdsSX6Q,2026-08-17 04:00:38,3280,25,0,119.99,120.24,0.01,1
DjNgR-UwnRg,UCdK9h1ILxS49c2LguBUY3rw,2026-08-11 21:13:42,33,8,0,119.78,120.02,0.02,0
DjXJ4mI4AR4,UC5Yx9RlmznXDUEIrfoSqheA,2026-08-24 10:49:28,14136,67,3,119.94,120.19,0.06,0
Dje7ubbrlWs,UCV7WE8I_UiAN0fa6Arezx_w,2026-08-30 07:00:29,88,0,0,119.76,120.01,0.01,0
DjeSvMjV7ds,UCV6mNrW8CrmWtcxWfQXy11g,2026-08-03 06:00:30,268976,10104,134,119.99,120.24,0.01,1
DjjtP6BOftU,UCwfbSsZ7_sccxcibe60mWlQ,2026-07-24 03:00:19,16841,68,10,120.0,120.0,0.0,0
DjrLQ6CtxLg,UCv1tOT645xHOJrwdGlzjMaA,2026-08-16 11:27:00,121491,884,7,119.8,120.05,0.05,0
Dk0Tuz7IwME,UCN5oT4zGJX-_H6pE5isAEeg,2026-07-30 08:00:07,227998,2990,517,120.0,120.0,0.0,1
DkIUPm3Ak6c,UCN8YcyYvYIrtLcwyT-KqbNg,2026-07-13 03:00:20,12544,148,50,120.0,120.0,0.0,0
DkNVW43QaFU,UCaN3tSrrzIrXSDonEe7LK9A,2026-07-27 03:30:19,2048,23,2,120.0,120.0,0.0,0
DkWTTCJDzZk,UCpI-AhCT02iQRGLC2ZcY0Jw,2026-07-22 10:45:47,50922,651,377,119.99,120.24,0.01,0
Dki3gPi-74E,UCzSODDx0zQF3nxXOZISCm_w,2026-07-31 09:30:37,241,3,0,119.99,120.24,0.01,1
Dl9kMN838nU,UC8rbhIem-3aAsNXhTDI-nSA,2026-07-19 22:00:24,73081,1298,100,119.99,120.24,0.01,0
DlLDPPanuqI,UCt8CJiye87FMbEwt0npPMuQ,2026-08-31 15:30:19,10091,118,5,119.76,120.01,0.01,0
DlWhRqRJrTY,UCiVO_mThS9B3tNc_kzpn-3g,2026-07-29 11:00:39,51256,1284,36,119.99,120.24,0.01,1
DlcCwUmVpLg,UCGi94VU356EAvQLgODywyrA,2026-07-29 23:59:10,4817,82,1,119.77,120.02,0.02,0
Dlk6ak2dgh4,UC_2x8h1QrTHOO0i4Yiss-ww,2026-08-18 10:00:38,143232,1623,28,120.0,120.0,0.0,1
DlvgryGrg4g,UC1sELGmy5jp5fQUugmuYlXQ,2026-08-04 15:00:05,1839518,108120,6315,120.0,120.0,0.0,1
Dm42fOSI218,UCcNdwtZ7ulFFxngmnzsWQNA,2026-08-10 02:30:16,19981,165,57,120.0,120.0,0.0,0
DmDMFtGdiKY,UCw1DsweY9b2AKGjV4kGJP1A,2026-07-11 08:02:52,2668,15,1,119.95,120.2,0.05,0
DmH6oQL6Ydg,UCnju7ULBic4VgkCfDvVXCnA,2026-07-26 02:03:11,42131,378,64,119.95,120.2,0.05,0
DmTLpjMKuKE,UCElXDMEQqlUnuyDbChjARWQ,2026-07-25 03:47:40,1038,4,0,119.96,120.21,0.04,0
DmiCF0mx_qU,UCz5LAkkX66OAW-y_WiWf9vA,2026-08-12 11:48:50,125,5,0,119.94,120.19,0.06,0
Dmns00BUUeI,UCWZqSCSNZT3X8e_HyCJoXMg,2026-07-14 12:54:12,9642,503,7,119.85,120.1,0.1,1
Dn7UtzyqTbg,UCAaLhok91QDrweyuDRsmjqQ,2026-08-03 13:48:04,198106,1286,156,119.95,120.2,0.05,0
DnEoCm_OXPc,UCBvkOBLsSj9kusGYlroQkBg,2026-08-21 12:46:13,249163,1511,103,119.99,120.24,0.01,0
DnnfgGVR9mU,UC-8S20Ll1gzPiu_YY8BgyaQ,2026-08-03 13:11:56,83869,600,140,119.8,120.05,0.05,0
Do8ETnghB-o,UC5ThQKdocwo_9UurfT5P_ww,2026-08-08 14:18:35,247843,3498,42,119.94,120.19,0.06,1
DoBKAiec2Gs,UCSzHok6X5qXEO7cjvVnE62g,2026-08-17 10:00:26,52680,282,32,120.0,120.0,0.0,0
DoTHZBpIGnY,UCCvEN8bTeF8Z2jcN513T1Gg,2026-07-25 01:21:35,2202,18,0,119.89,120.14,0.11,0
DoecC8mkQmU,UCw1DsweY9b2AKGjV4kGJP1A,2026-08-15 10:02:00,10687,34,14,119.97,120.22,0.03,0
Doicm6x8B2M,UCkrNv6xF8j7QZmWb3UeAH8A,2026-08-01 14:13:14,5469,26,3,119.78,120.03,0.03,0
DoviaBAqcao,UCJpAwvQaZyCI5spAz7tipGA,2026-08-12 08:30:18,353880,1780,238,120.0,120.0,0.0,0
DowGfDa04M4,UC4cKHOBS-nRfKFTwf1n8HGA,2026-08-06 12:00:18,579,,0,120.0,120.0,0.0,1
Dp-iUMw4PII,UCZJFaxsby9j3T6h0UVcCcCA,2026-08-24 17:10:17,358,9,7,119.84,120.09,0.09,0
Dp3YDpk2I_E,UC5pdoCANExIVI4yf6DVoxew,2026-08-02 19:54:22,478,9,5,119.85,120.1,0.1,0
Dp9iQxH1ZVw,UCSzHok6X5qXEO7cjvVnE62g,2026-08-25 10:00:17,76095,336,37,119.76,120.01,0.01,0
DpGvqOn3DeQ,UCNu00qhYj4nPeMNdxuwV6sg,2026-08-20 12:16:19,1141,38,0,119.98,120.23,0.02,0
DpH9L_pHklM,UC1IUMdwaJ22A6FkPiI8dcig,2026-08-10 11:51:13,41005,820,19,119.9,120.15,0.1,1
DpIz_CGjSNA,UCpI-AhCT02iQRGLC2ZcY0Jw,2026-08-23 01:00:17,24759,348,280,119.76,120.01,0.01,0
DpKzBHCmAAo,UCnhGcri8x6xhehanhAe9ipw,2026-08-07 12:50:51,9200,97,23,119.91,120.16,0.09,1
DpSVxAiWwPs,UCPGl9DV2WUgaqGVXtVrhJWQ,2026-08-13 00:47:45,11,1,0,119.96,120.21,0.04,0
DpWFDeCWVLs,UCc1VJX_5Z2RdGi58XU4IfbA,2026-08-10 06:30:01,777,13,0,120.0,120.0,0.0,0
Dpcfhi011ME,UCdoTrHNHnoRbaQenxK5PEUg,2026-08-19 13:41:25,220,1,0,119.82,120.07,0.07,0
DpiXRAr91rw,UCp9skQ2mP_DfVL8c3gZQUzg,2026-08-05 10:27:58,134044,446,165,119.79,120.04,0.04,1
DpkXiBrwCvY,UCpcTrCXblq78GZrTUTLWeBw,2026-07-11 07:45:39,70705,981,279,119.99,120.24,0.01,0
DpryiVJCtgY,UC2yOBpLVwB7kzt9C5ZPbB7w,2026-07-27 04:00:03,107841,1082,48,120.0,120.0,0.0,1
Dq8dgKooOgM,UC00raQBBBGagQthJ01ZYIIQ,2026-08-30 03:00:20,29926,536,82,119.76,120.01,0.01,0
DqIMyLqQPSY,UCHeg3ApmuXQbqqszaD1fR9g,2026-08-22 02:00:32,19811,174,6,120.0,120.0,0.0,1
DqJQydAYNJk,UCirJgPv8RtFaFMj39b6cD8Q,2026-08-23 09:00:19,21990,97,1,119.76,120.01,0.01,1
DqNw8e_FgzE,UCXAXCxTCCYYKsLJNzEvjqfw,2026-07-10 12:45:25,18100,295,113,119.99,120.25,0.01,0
DqPDI16cUtE,UCA9f2-9fUklMMOaz8vKW7Jw,2026-08-16 01:32:16,113,4,0,119.96,120.21,0.04,0
DqRh8lJFt7E,UC7SIaeUWuuIrWTIOBpayDVQ,2026-08-26 15:55:48,38519,321,58,119.83,120.08,0.08,0
DqVcmNEQAqU,UCNmN3W2H0r5_hV2drzbEn7Q,2026-07-23 20:33:22,31207,123,0,119.95,120.19,0.05,0
DqYuIHT1Lyw,UCms8Ge7H1ZGgw6nV94fUhUQ,2026-07-27 09:00:29,8062,228,22,120.0,120.0,0.0,0
DqqUqdobG0o,UCV7WE8I_UiAN0fa6Arezx_w,2026-08-29 20:00:24,533,0,0,120.0,120.0,0.0,0
Dqq_meliVYo,UC8x8GQmlxAIhHxzU61z0uLQ,2026-08-04 02:41:39,13963,85,4,119.81,120.06,0.06,0
DqsKktNlqUM,UCV7WE8I_UiAN0fa6Arezx_w,2026-08-08 02:00:10,28,0,0,120.0,120.0,0.0,0
Dr36k9BRd7s,UCrKSaegnzewdj9-YLsUhoZw,2026-07-21 05:04:16,37186,203,132,119.93,120.18,0.07,0
DrNF6dXrW3U,UCby0vMKcLR05ZdS90aZd5og,2026-08-26 05:51:14,1184,5,0,119.91,120.16,0.09,1
DraLwNb1Sps,UCS2OAdHoLt-9T6cG9A2H49Q,2026-08-26 03:00:14,19252,250,125,119.76,120.01,0.01,0
Drbjjibq5G4,UClHGjnruf4A9Us7CHVgLIEQ,2026-08-07 13:32:27,9775,106,5,119.96,120.21,0.04,1
DrvIzcAVgxM,UCV7WE8I_UiAN0fa6Arezx_w,2026-07-21 16:00:18,134,0,0,120.0,120.0,0.0,0
DrwZ1qU1nR0,UCnCFD3met1Ip7OngdF9TRDg,2026-08-04 03:37:47,26585,273,37,119.87,120.12,0.12,0
DsT5lADcpMA,UCJDXc9JWCZo-nLNKr_-L2Ng,2026-08-07 11:00:27,1005,52,3,120.0,120.0,0.0,0
Ds_kxDcQLvc,UCZaNYFjF_SRRJPVuGX7yMjQ,2026-08-16 11:56:17,121,2,0,119.81,120.06,0.06,0
DsbdhhQpOzM,UCvPGGL-OTEAQlwAUxbcJO8g,2026-08-13 08:12:03,109441,1103,150,119.8,120.05,0.05,0
DsjAYG8VVGM,UCt8CJiye87FMbEwt0npPMuQ,2026-07-22 16:00:13,10646,701,36,120.0,120.0,0.0,0
Dt42mWOepi4,UCqPN9LAkx20aBWOafwvQB-Q,2026-07-29 23:00:37,158415,6313,435,119.99,120.24,0.01,0
Dt66is0DQRc,UCPsZX-D7LW99PjZLA-UysPQ,2026-08-17 12:00:03,277,4,0,120.0,120.0,0.0,0
DtF6bFEE8iA,UCPv0av3PfTUeTnHGgcXkk8w,2026-07-10 17:28:35,19,0,0,119.77,120.02,0.02,0
DtFC0BsWRQE,UCwlUB3goOsh4tpqZKIzUAbA,2026-07-25 09:36:35,19352,241,67,119.89,120.14,0.11,0
DtGSPkwnrxE,UC_RRZdJk55ShXE-9d3deRUA,2026-07-28 16:24:52,9862,64,0,119.84,120.09,0.09,0
DtOSgO6MwDY,UCoovEJW0dyTWwHiblWDWvyQ,2026-08-04 02:45:23,31811,190,10,120.0,120.0,0.0,1
DtPl18z-q_Y,UCEGtfhdJiRgH98mVMEQZThQ,2026-08-05 10:50:05,7738,33,15,119.92,120.17,0.08,0
DtVTzPGVjBo,UCPuD5ZRQWa_JCaY5NokNhtg,2026-08-24 23:19:14,503,4,2,119.94,120.19,0.06,0
DtY8ndt-IO8,UCBA9XaL5wCdHnC5EmEzwrqw,2026-07-17 11:45:10,490355,3992,459,120.0,120.0,0.0,0
DtjwCS9uGlc,UC_m_uqd_9s0hZvlgfvCzqbQ,2026-08-04 11:17:50,328,0,0,119.95,120.2,0.05,1
Dtpt2TpzzXI,UCU0-6z_KU9AShyR9J6gcFGw,2026-08-10 02:17:38,439,3,0,119.96,120.21,0.04,0
Du--TZMgqRo,UCksGX0hODm1Ev6mysrToMqg,2026-07-30 10:37:48,1864,37,7,119.87,120.12,0.12,0
Du1riZN3T8A,UCpI-AhCT02iQRGLC2ZcY0Jw,2026-07-20 01:14:31,35920,363,368,119.76,120.01,0.01,0
Du6coUBPbqo,UC_Cp4dXpd94km5Syq2x-xig,2026-07-30 10:01:34,438,1,2,119.98,120.23,0.02,0
Du7Yutc2jmY,UC9qwDE50UcXvdplRNZKEoPA,2026-07-23 11:38:52,1306,22,2,119.86,120.11,0.11,0
DuDjbNsjcy4,UCdK9h1ILxS49c2LguBUY3rw,2026-08-19 11:30:31,7,2,0,120.0,120.0,0.0,0
DuHgf-jmcTA,UC5Yx9RlmznXDUEIrfoSqheA,2026-08-05 15:15:01,2613,40,3,120.0,120.0,0.0,0
DuQbHjkN2Dk,UCGa52d8Qlv3THghuCAt_nXA,2026-08-19 08:30:05,5243,75,12,119.76,120.01,0.01,0
Ducx1U5y7FE,UCt8CJiye87FMbEwt0npPMuQ,2026-07-21 16:30:09,2997,78,20,120.0,120.0,0.0,1
Dud7jGKanyU,UCifCesg-EUkjKyQedaB3hRg,2026-08-19 21:59:09,10863,228,1,119.77,120.02,0.02,1
DudduoDO0_Y,UC5ThQKdocwo_9UurfT5P_ww,2026-08-18 22:00:19,329042,4987,131,119.76,120.01,0.01,1
DusLnWDvbY0,UCzDmGDR5RdahQkLCBoWlTEg,2026-08-24 15:50:26,12326,93,5,119.92,120.17,0.08,0
Dv-dwkoD3as,UCV6mNrW8CrmWtcxWfQXy11g,2026-08-21 02:00:23,428909,23970,252,119.75,120.01,0.01,1
DvHEacCh8YU,UCi1Tln5CFg1yExpz8djyxjA,2026-08-26 18:03:28,1118215,33388,202,119.95,120.2,0.05,1
DvLTKrpUbug,UChKYbZ9fSz8DMM6wU-t1lMQ,2026-08-15 10:30:24,4211,106,5,120.0,120.0,0.0,0
DvbafemoJrk,UCV7WE8I_UiAN0fa6Arezx_w,2026-08-08 05:00:07,45,0,0,120.0,120.0,0.0,0
DvocIjaTGKA,UCV7WE8I_UiAN0fa6Arezx_w,2026-08-28 03:00:20,78,0,0,119.76,120.01,0.01,0
DvtZhqHd_ng,UCKVt3arMXfa6XZezR1UnjqQ,2026-07-10 09:00:03,4785,9,2,119.76,123.62,0.24,0
DvzZ5Qgh_zw,UCV7WE8I_UiAN0fa6Arezx_w,2026-08-24 20:00:33,17,0,0,120.0,120.0,0.0,0
Dw_njv6_sCg,UCV7WE8I_UiAN0fa6Arezx_w,2026-07-14 14:00:20,55,1,0,120.0,120.0,0.0,0
DwlEgfgKKsw,UC3ozN5tHi449NhCDE6Xtmwg,2026-08-22 02:00:07,41612,536,55,119.76,120.01,0.01,0
Dx7NF5PDnts,UCZ8QkhF9gSHi8IL8I4rFrOA,2026-08-18 12:15:11,25614,330,12,119.76,120.01,0.01,1
Dx8WDE_Sg44,UCg5-nd3qoNnz5dzkX-O0b8A,2026-08-20 10:12:55,124119,1189,17,119.79,120.04,0.04,1
DxC4d-73JLI,UCbIQGH_oFu0yfTWNPyquvpw,2026-08-06 12:41:55,197,6,1,119.8,120.05,0.05,0
DxMf5saKxnQ,UCBA9XaL5wCdHnC5EmEzwrqw,2026-07-18 13:17:16,256387,1160,144,119.96,120.21,0.04,0
DxQhBUEGaGc,UCmiTZyj9GwMjyznZxrgCH4Q,2026-08-09 07:42:33,49717,612,65,119.79,120.04,0.04,0
DxXFFpDxKQo,UC8E29ANOC3_OuB7_5EPY2xw,2026-08-14 06:47:53,893,4,0,119.95,120.21,0.05,0
Dx_8vIy2DaY,UChKYbZ9fSz8DMM6wU-t1lMQ,2026-07-25 12:30:06,7179,192,46,120.0,120.0,0.0,0
Dx_K8MiaLp8,UCt6Eo4xMTHhlOWg4_PAz_MA,2026-08-28 06:34:00,11619,53,0,119.95,120.2,0.05,0
DxbHG558Fys,UCpTNtH8yc1Kdl_YFfsQsTYA,2026-08-11 00:59:23,10082,28,0,119.76,120.01,0.01,0
DxvTuFAUsrI,UCaj7p2XHGqfBYb2OI-7Q2DA,2026-08-12 03:24:48,86729,886,132,119.84,120.09,0.09,0
Dy5NxZeAX0w,UC1sELGmy5jp5fQUugmuYlXQ,2026-08-26 15:00:21,1149548,26010,881,119.76,120.01,0.01,1
DyUnD9IeecY,UCooLkG0FfrkPBQsSuC95L6w,2026-07-24 08:00:04,26089,951,34,120.0,120.0,0.0,0
DyfP0Y-scmE,UC7lwS-aSDzYHZJ9uWuzySwQ,2026-08-22 00:30:04,3279,13,2,119.76,120.01,0.01,1
Dygm8qcaAUI,UCPGl9DV2WUgaqGVXtVrhJWQ,2026-07-28 14:36:52,1,0,0,119.89,120.14,0.11,0
DyjFRuTy-bQ,UC_e83kYlGHWbsrr8QCfV_ag,2026-08-17 11:10:54,17143,128,30,119.82,120.07,0.07,0
DymiE18L_z0,UCJoWNCiFuiN4eZnB80WUf4Q,2026-07-31 03:00:30,119140,3397,76,119.99,120.24,0.01,1
Dz99uzOxybE,UCElXDMEQqlUnuyDbChjARWQ,2026-07-30 10:36:09,15,0,2,119.9,120.15,0.1,0
DzASyh4ROKU,UCarBV0zWlC2k-HteyeKqfag,2026-08-08 16:55:06,14218,89,1,119.84,120.09,0.09,0
DzFYfH1rI4g,UCXu_CcxBZA5S_iG33OzA9PQ,2026-08-04 22:31:13,658,10,3,119.98,120.23,0.02,0
DzRqwInLI8I,UCpcTrCXblq78GZrTUTLWeBw,2026-08-30 12:30:32,152599,635,49,120.0,120.0,0.0,0
Dzaf5JPsuWA,UCF-rFAdN7dzd-SI2T3rkCaQ,2026-08-29 09:12:11,42964,216,26,119.81,120.06,0.06,0
Dzfx1c7PxC0,UCiZiTfYWttWl_iLQ4-zuCSA,2026-08-26 13:30:58,1236,5,0,119.99,120.24,0.01,1
DzhFCusBfOg,UCt8CJiye87FMbEwt0npPMuQ,2026-08-27 15:00:14,73864,2430,318,119.76,120.01,0.01,0
Dzttt8IFiTQ,UCoqMTw0yGmjIjNayukuOg5Q,2026-07-29 10:23:11,21679,300,118,119.87,120.12,0.12,0
E-8Tw_ScWeA,UC2yOBpLVwB7kzt9C5ZPbB7w,2026-08-13 10:00:27,80816,1155,25,119.99,120.25,0.01,1
E-Hc2eZySVM,UCnju7ULBic4VgkCfDvVXCnA,2026-07-27 00:51:14,32671,647,2,119.9,120.15,0.1,0
E-_kGoj8jjQ,UCYxwKnNRv4FurQxeKcuR0Sw,2026-07-24 03:00:09,24,2,0,120.0,120.0,0.0,0
E-bfxj60Nrg,UCFQWqbfZ-iEG3K_DRgHwnCw,2026-08-30 03:42:40,1071,3,8,119.8,120.05,0.05,1
E-jxL8ThMnc,UCgyDKBTgkBfa8jWrBb8Npig,2026-07-27 10:40:03,44,0,1,119.84,120.09,0.09,0
E-lf474aK_4,UCaN1Qp37sHiCdQuSaXa3fVw,2026-07-27 12:51:47,79363,1321,174,119.89,120.14,0.11,1
E-lr1GByZYA,UCab17MxxnFtAhGsJVTkSkCg,2026-08-06 14:14:28,4779,64,4,119.76,120.01,0.01,0
E07ts7kPWPo,UCyz5WVrb-cz3myY04x_kVYw,2026-08-16 00:04:40,2050,31,0,119.93,120.18,0.07,0
E0AKcmhBY5A,UCPGl9DV2WUgaqGVXtVrhJWQ,2026-07-20 15:00:09,1,0,0,120.0,120.0,0.0,0
E0FdCa1P2hI,UCNRnCc0hg3ZcKdOGXKKv5Ww,2026-08-05 17:07:45,13070,93,1,119.87,120.12,0.12,0
E0ebpe2413M,UCzDyC6JMEXEufozffWzI9Mg,2026-08-21 04:00:17,118502,856,54,119.76,120.01,0.01,1
E0vdcGkLHTQ,UCp6n8d8Y8r3MwKNw_MMaouQ,2026-08-28 19:29:08,6986,30,1,119.77,120.03,0.03,0
E16OFjsJEms,UCPuD5ZRQWa_JCaY5NokNhtg,2026-08-28 06:59:17,1065,8,2,119.77,120.03,0.03,0
E16gBL9BzBg,UC-S8JFhLkQ5enhB70c2CYIw,2026-08-04 11:00:17,160316,3853,244,120.0,120.0,0.0,0
E16lPuXm3Ho,UCEeib6HEHy95EGWUevS4RcA,2026-08-12 14:20:01,3,0,,119.92,120.17,0.08,1
E17lrEACvWE,UCDHGqgpiHQAsE0UiltRqhfQ,2026-07-30 09:06:36,41634,74,51,119.89,120.14,0.11,0
E1OaW2HcyZk,UCpcTrCXblq78GZrTUTLWeBw,2026-07-20 01:53:23,1329609,20128,806,119.86,120.11,0.11,0
E1R87Ac2JWY,UCCW6uYIUP4YKKe50k-ktVAw,2026-08-20 08:00:27,61557,1106,62,120.0,120.0,0.0,0
E1_uo6QPDv4,UCrKSaegnzewdj9-YLsUhoZw,2026-07-21 00:13:08,6750,31,11,119.78,120.03,0.03,0
E1aL_xRUNl8,UCpI-AhCT02iQRGLC2ZcY0Jw,2026-07-16 07:39:17,31357,363,262,119.85,120.1,0.1,0
E1mIIEo8G5w,UC8x8GQmlxAIhHxzU61z0uLQ,2026-08-01 01:45:05,22654,105,7,120.0,120.0,0.0,0
E2BZWT5l9as,UCPGl9DV2WUgaqGVXtVrhJWQ,2026-08-02 13:50:21,4,0,0,119.91,120.16,0.09,0
E2SwqWKVP4g,UCZRH94I89Ps7giJYeK6DlWA,2026-07-16 03:00:22,31311,472,33,120.0,120.0,0.0,0
E2d0YgZJNvU,UCUae69frfqpKOB3BUMdX5Qw,2026-08-29 03:30:31,43197,467,23,120.0,120.0,0.0,0
E2pQOoQ6JuY,UCSzHok6X5qXEO7cjvVnE62g,2026-07-27 12:00:29,1278939,12734,428,119.99,120.24,0.01,0
E2rUVwbL3AM,UCS2OAdHoLt-9T6cG9A2H49Q,2026-07-29 09:19:12,15403,96,10,119.93,120.18,0.07,1
E3Ihd0Cf62c,UCbFLnCfOet-u_kFyA7uX-9Q,2026-08-29 15:00:20,47660,674,39,119.76,120.01,0.01,1
E3admDJPiQA,UCPI40-XQA9-GBGj2k8PPqfg,2026-08-19 08:50:08,92415,1247,140,119.93,120.18,0.07,0
E3fgAemNEII,UCHeg3ApmuXQbqqszaD1fR9g,2026-07-28 02:00:01,54411,461,26,120.0,120.0,0.0,1
E3lxAi7a60c,UC2U8C7lmbQpfBeAW8fTP_jg,2026-08-10 06:50:27,17933,422,20,119.91,120.16,0.09,0
E3nWu1VgRJU,UCpcTrCXblq78GZrTUTLWeBw,2026-07-20 01:51:43,19249517,927580,26927,119.89,120.14,0.11,0
E3x3zA4c8dw,UCPoEVLrQMMXICwULGDwfvug,2026-07-30 05:55:54,24464,384,41,119.82,120.07,0.07,1
E3zD_JCgBH4,UCQJuZxeDv2P05YHcC-tIEVQ,2026-08-07 08:00:20,17796,204,31,120.0,120.0,0.0,0
E40iJHkbZ4g,UCt6Eo4xMTHhlOWg4_PAz_MA,2026-07-29 08:36:01,14740,241,26,119.9,120.15,0.1,0
E44OQ-SoIAw,UCzDmGDR5RdahQkLCBoWlTEg,2026-08-25 03:00:09,9848,87,1,119.76,120.01,0.01,1
E48Wk5GDYkE,UCvPGGL-OTEAQlwAUxbcJO8g,2026-07-16 08:42:04,181246,2355,146,119.8,120.05,0.05,0
E4GDR1TPZZ4,UClHTjLVog7CkRF8tYJuNXXQ,2026-08-30 22:00:38,786,7,2,119.75,120.01,0.01,0
E4TRCSg2VsU,UCPp6kLLWggTuACsQwFibg8A,2026-07-14 14:55:40,91970,824,49,119.82,120.07,0.07,0
E4ZNEVx-97Q,UC59jWhPazXYi8Ny4vake45A,2026-08-28 13:16:17,12965,654,18,119.99,120.24,0.01,1
E4_zZ5n1Y4Q,UCg7rkxrTnIhiHEpXY1ec9NA,2026-07-31 07:00:04,203683,9318,408,120.0,120.0,0.0,0
E4fGfIJamZA,UC2_VPutZK0o_tG8ca_QrQRA,2026-08-02 11:43:17,44073,,61,119.78,120.03,0.03,1
E545HpEF060,UCw1DsweY9b2AKGjV4kGJP1A,2026-08-22 10:02:34,135846,790,186,119.97,120.22,0.03,0
E58GqyJN_ZU,UCV6mNrW8CrmWtcxWfQXy11g,2026-07-28 16:00:38,41856,1968,37,119.99,120.24,0.01,1
E5PgqectfiI,UCaZv-jDn5Mq5KJ1buXDRd4w,2026-07-29 08:00:29,26639,341,259,119.99,120.24,0.01,0
E5YgNSLm0x4,UCkrNv6xF8j7QZmWb3UeAH8A,2026-07-28 04:06:23,6738,24,30,119.9,120.15,0.1,0
E5ehOp4_0Og,UC-DpK48x4bltMjHHChZ4zBg,2026-08-05 14:31:31,7065,49,13,119.98,120.23,0.02,0
E5pJQG-hSwM,UCnCFD3met1Ip7OngdF9TRDg,2026-08-24 02:49:44,24303,286,47,119.93,120.19,0.07,0
E5u_-TZZlzs,UCnCH3Uhv_ynhTNKEH6ekRtg,2026-07-24 10:39:56,10064,130,38,119.84,120.09,0.09,0
E6DCXPR1Z7g,UC2yOBpLVwB7kzt9C5ZPbB7w,2026-07-25 12:00:11,49474,811,11,120.0,120.0,0.0,1
E6INAI3CyNs,UChfs1dQ5phBDBWZJ1hHLbUA,2026-08-17 09:25:11,72624,743,69,119.83,120.08,0.08,0
E6Sc4sT5hNM,UC2yOBpLVwB7kzt9C5ZPbB7w,2026-08-09 12:00:14,94813,1363,81,120.0,120.0,0.0,1
E6Xa2UrCZUc,UCyN9yU_YNGDG6z3PN8sC3KA,2026-07-29 11:55:30,789,8,3,119.83,120.08,0.08,1
E6dnP-Lmjd8,UC6YqXiwCBfPvPTs3wXgWElQ,2026-07-31 01:16:23,441,5,1,119.98,120.23,0.02,0
E6e3Z-vNNH8,UCsRiYH-VrZ2mYsohk7GhLdQ,2026-08-25 09:00:23,31948,230,18,119.76,120.01,0.01,0
E77viWHuWz8,UCSOeJWyByeoBHpmrm0NnlLw,2026-08-14 07:00:19,278638,2715,488,120.0,120.0,0.0,0
E7AKn7P-rz0,UC7lwS-aSDzYHZJ9uWuzySwQ,2026-08-16 23:00:08,304,1,0,120.0,120.0,0.0,1
E7Ar4Eik8MY,UCFCt5RYu41HTg4eX1jdHNxw,2026-08-12 05:33:54,14113,65,7,119.94,120.19,0.06,0
E7KBd843zeI,UCS3_H_feQRm4QbXipKTvSrw,2026-07-23 23:30:08,29983,476,56,120.0,120.0,0.0,0
E7YujNZ0GXI,UC3gl4CHfNtAqNjju1goB0_w,2026-07-16 15:23:11,4346,124,6,119.87,120.12,0.12,0
F0VyaVCk5Dc,UChLqHuZV0PENIBYxDgXyPLQ,2026-08-19 11:21:35,840838,17779,88,119.9,120.15,0.1,1
F0YuPMibtEk,UCV6mNrW8CrmWtcxWfQXy11g,2026-07-24 10:00:30,334942,10218,61,119.99,120.24,0.01,1
F0Z33HmPwVI,UCdK9h1ILxS49c2LguBUY3rw,2026-07-28 11:45:30,8,3,2,119.99,120.24,0.01,0
F0fwIjfODR4,UCc1VJX_5Z2RdGi58XU4IfbA,2026-08-23 12:40:02,563,9,1,119.84,120.09,0.09,0
F0wXpmTgYOE,UCD8r5Jgns2V64-NcUmXclpg,2026-08-20 03:15:36,73125,362,32,120.0,120.0,0.0,0
F12uk_JZodM,UCY_vDlvG-BTDRIOk_I9QQ6g,2026-07-13 14:47:50,2358,22,4,119.95,120.2,0.05,0
F1BSNa8M9bg,UCZ-UuK86Bk5sGzQQ2cEglJQ,2026-07-31 10:30:06,175552,1937,97,120.0,120.0,0.0,0
F1IQVdLjvVQ,UCeB_ZeSo0xDL62wWlkTEtjA,2026-07-28 23:00:17,31917,293,53,120.0,120.0,0.0,0
F1V3F0JxAX4,UCZ-UuK86Bk5sGzQQ2cEglJQ,2026-07-20 10:35:30,271564,2320,234,119.91,120.16,0.09,0
F1ib2G7Rs7I,UCzSODDx0zQF3nxXOZISCm_w,2026-07-25 09:30:16,228,1,0,120.0,120.0,0.0,1
F1nlgP-B9S8,UCZCZHg_oJiHcrcj2vaPRCag,2026-08-11 09:32:53,1420,0,0,119.95,120.2,0.05,0
F1o5Y_tek7E,UCaY7wcqhFb_c2eQ1eRB8rOQ,2026-07-23 09:00:20,7069,194,26,120.0,120.0,0.0,0
F1q2w-AaRYw,UC2NFRq9s2neD_Ml0tPhNC2Q,2026-08-10 03:00:30,271930,3906,67,119.99,120.24,0.01,1
F2BvFxYZqSM,UC_m_uqd_9s0hZvlgfvCzqbQ,2026-07-29 13:24:26,716,34,0,119.85,120.1,0.1,0
F2CVDuSycFs,UCSzHok6X5qXEO7cjvVnE62g,2026-07-21 10:00:28,27692,182,49,119.99,120.24,0.01,0
F2DUgHhnCC0,UCPoEVLrQMMXICwULGDwfvug,2026-08-12 00:25:46,14641,265,28,119.82,120.07,0.07,1
F2KcuLJ-BPg,UCV6mNrW8CrmWtcxWfQXy11g,2026-08-07 22:00:30,354787,20717,136,119.99,120.24,0.01,1
F2X76q6U6gI,UCPsZX-D7LW99PjZLA-UysPQ,2026-08-13 00:00:27,164,0,0,119.99,120.24,0.01,0
F2fM7Ib2GkA,UCI4wEWWBEElIbp9jHcFllTw,2026-08-22 17:00:07,8546,57,8,119.76,120.01,0.01,0
F2jrtpTu3-M,UCPsZX-D7LW99PjZLA-UysPQ,2026-07-25 03:00:28,653,2,1,120.0,120.0,0.0,0
F30PXPORFsg,UCby0vMKcLR05ZdS90aZd5og,2026-08-06 02:29:10,3172,3,0,119.77,120.02,0.02,1
F32uvcMVd4M,UCgLFbrC7-g0ihBKB0obVPTg,2026-07-22 15:58:52,0,1,0,119.77,120.02,0.02,0
F33sRJW0i2c,UCXVVG5ZM3SJJCh94xatR8Dg,2026-08-10 06:00:31,3284,41,0,120.0,120.0,0.0,1
F3IK2HZ2mms,UC2yOBpLVwB7kzt9C5ZPbB7w,2026-08-07 04:00:09,36032,675,12,120.0,120.0,0.0,1
F3_pDX9HrIY,UCN5oT4zGJX-_H6pE5isAEeg,2026-07-22 08:00:24,634841,8574,782,120.0,120.0,0.0,1
F3cOAmRjwHc,UCoSniqkitCpxlHrQd5L8A1w,2026-07-31 00:11:46,1153,9,0,119.81,120.06,0.06,0
F3d6zmAwhmM,UCIxcZWLQpP-mUZC6_Uljc_Q,2026-08-13 15:15:21,6311,27,18,120.0,120.0,0.0,0
F3hNnBfmO14,UC2t5bjwHdUX4vM2g8TRDq5g,2026-07-11 08:45:44,58238,828,11,119.99,120.24,0.01,1
F40IACovXLs,UCAl4HWznMn7KhKBRFO5eiFA,2026-07-11 13:17:09,739,7,0,119.97,120.22,0.03,0
F45zkyTk1z4,UCmwZePdbUmncnpQptdPH2Jg,2026-08-09 13:21:06,47,1,0,119.9,120.15,0.1,0
F4DpTm5ghrI,UCkrJBQAut47U8xMUuv8D_3g,2026-08-08 11:17:29,20834,689,68,119.96,120.21,0.04,0
F4ULw5LOC_w,UCV7WE8I_UiAN0fa6Arezx_w,2026-08-02 10:00:37,35,0,0,119.99,120.24,0.01,0
F4UzKbWombI,UCqRz_-l3GCmWb92u8P33RYQ,2026-08-27 23:36:56,1026109,4038,1232,119.9,120.15,0.1,0
F4WAYwqkldY,UC4oe-OVZ2Ho-03yrMkrXomQ,2026-08-04 23:00:19,125806,2057,99,120.0,120.0,0.0,1
F4vs-lLqxRA,UC9nWoDbRAl3-fvreBNeStKQ,2026-07-31 18:02:29,5697,31,2,119.96,120.21,0.04,0
F4z83crlPbw,UC1dG3vI9FfHnH3YgyeKUz_A,2026-07-11 14:45:37,146049,641,102,119.99,120.24,0.01,0
F5JX-W8wZjo,UCKrprPfevcAZpPuRnCO6xOA,2026-08-18 09:30:15,803,7,1,120.0,120.0,0.0,0
F5M6G0tAUJw,UCSrQnB-Ip9hc0biFQ3HoKzg,2026-08-18 11:12:05,8691,454,37,119.81,120.06,0.06,0
F5ZUOMcXBOU,UCwBkHOTyu57NQi0syf5MLig,2026-08-06 14:31:57,153547,1311,161,119.97,120.22,0.03,0
F5Za1yjjM64,UCooLkG0FfrkPBQsSuC95L6w,2026-08-11 16:00:23,19625,151,43,120.0,120.0,0.0,1
F5fHMhb2OvI,UCH29Gz8a6veRLqUxzjBXHrQ,2026-08-06 09:05:31,31716,1020,43,119.91,120.16,0.09,0
F5jZYoHWEEk,UCdVIcHpdbEQc65xwAxc_owQ,2026-07-28 10:55:33,12,2,1,119.83,120.08,0.08,1
F5rQqca_MMA,UCPGl9DV2WUgaqGVXtVrhJWQ,2026-07-18 10:49:04,6,0,0,119.93,120.18,0.07,0
F5uqsq7qHi8,UC46X_E7jxvJ1O_3gnaeCxeg,2026-08-16 21:37:19,48308,,1,119.88,120.13,0.12,0
F65xxwMSJ6k,UCN9VGDvz2M3vdR0czEUp6lQ,2026-08-17 02:00:29,1453,30,20,119.99,120.24,0.01,0
F69LW7CRaug,UCcstDLbuhxEbFKkPZ6wST2A,2026-07-25 03:00:39,15826,62,28,119.99,120.24,0.01,0
F69Qr-u3H08,UCBo7GIv99qTzHaa6ip09YLA,2026-08-06 08:00:13,18337,79,16,120.0,120.0,0.0,0
F6BbHLeXu1k,UCikKJvpU0Ylua4hRW6faQRg,2026-07-25 02:58:00,4906,97,0,119.79,120.04,0.04,0
F6H1M6Es4LE,UCqVkQsNin4MdGFrWvzFVOKw,2026-08-17 01:00:39,15432,97,7,119.99,120.24,0.01,0
F6ZAhJERgfA,UCgWwo8FJL3MCxfd66ip7nFg,2026-07-31 09:00:10,61422,,133,120.0,120.0,0.0,0
F6lxilfoiX0,UCbFzvzDu17eDZ3RIeaLRswQ,2026-07-13 08:30:39,1491039,29033,951,119.99,120.24,0.01,0
F71yDcft1RQ,UCbvvdVOF0teLO-U6GWh1RKg,2026-08-30 04:26:11,6457,17,8,119.83,120.08,0.08,0
F78EADSxioU,UClWTMxooQefOLUV0TRcJ1Eg,2026-08-22 08:30:02,5140,261,15,119.76,120.01,0.01,0
F79F1jWmu6Y,UCPGl9DV2WUgaqGVXtVrhJWQ,2026-07-16 15:00:20,1,0,0,120.0,120.0,0.0,0
F7MLeBArKSI,UCAVR6Q0YgYa8xwz8rdg9Mrg,2026-08-17 04:00:08,505295,25581,608,120.0,120.0,0.0,1
F7PumaFjosU,UCCiKOocVSjyb2rsbL_Aanhw,2026-08-01 23:15:20,23935,128,92,120.0,120.0,0.0,0
F7PyPj4B9II,UCKrprPfevcAZpPuRnCO6xOA,2026-08-31 09:30:35,2979,9,3,120.0,120.0,0.0,0
F7c77JSdLt8,UCUt2AEhC-OOC2EPCzj4DkCw,2026-08-04 23:00:03,37418,486,8,120.0,120.0,0.0,1
F7cikYWkrRg,UCQJuZxeDv2P05YHcC-tIEVQ,2026-08-26 08:00:15,150619,1135,89,119.76,120.01,0.01,0
F7dZmbQXL14,UCRq3CDTZ2qe3HiHrZdQKBvQ,2026-08-13 09:24:15,1414,2,1,119.85,120.1,0.1,1
F8NAcjHYRvo,UCC1LvVTX2ySKYjeIXkAtvsQ,2026-08-17 09:00:14,524124,5231,156,120.0,120.0,0.0,1
F8ZsEsGLAgE,UCkcaRxpTcisadUeCbHOYTFw,2026-07-31 10:03:34,49901,487,9,119.95,120.19,0.05,1
F8g-AOMDKgE,UCawK5EIfr66Z7fjAlZgfB2g,2026-08-02 02:59:52,5422,,0,120.0,120.0,0.0,0
F8hB6APultc,UC-2wa6jvprl7hfCpvw0ULzg,2026-08-08 04:00:18,36033,375,129,120.0,120.0,0.0,1
F8irKy8u70M,UClHTjLVog7CkRF8tYJuNXXQ,2026-08-24 07:03:13,160,7,0,119.96,120.21,0.04,0
F8lg6bvLzSs,UCRpdlPk671uOMiBtf5HtB3Q,2026-08-03 09:55:57,25097,262,79,119.82,120.07,0.07,0
F8vs-x_Lx2o,UCV6mNrW8CrmWtcxWfQXy11g,2026-08-08 04:00:21,204374,10572,160,120.0,120.0,0.0,1
F9_sj8bJbyE,UCpn9dP1b5BhBsU9SduEz1hA,2026-07-12 06:30:27,5974,81,6,119.99,120.24,0.01,1
F9pzvU07qqA,UCPGl9DV2WUgaqGVXtVrhJWQ,2026-08-02 15:00:06,3,0,0,120.0,120.0,0.0,0
F9yZUwLw_zE,UCPGl9DV2WUgaqGVXtVrhJWQ,2026-07-26 15:00:31,100,2,0,119.99,120.24,0.01,0
FAI7kDOX_Yg,UCPp6kLLWggTuACsQwFibg8A,2026-07-30 10:50:39,115845,766,53,119.91,120.16,0.09,0
FAW8v93xC1I,UCtGMgPWJNU2Aj-SNK0zg0Sg,2026-08-26 10:00:04,52534,382,21,119.76,120.01,0.01,1
FAYE0_jsLbc,UCt15X5eHLwyP8PpNtQTkuDQ,2026-08-01 14:30:08,220791,906,213,120.0,120.0,0.0,0
FAekPly7Au4,UC-okJdotaXPlzivRzHFqzuA,2026-08-06 03:45:37,81060,1149,35,119.99,120.24,0.01,0
FAev1krbxvk,UCl402YYy7RcH7PBI3npmGPQ,2026-08-20 02:30:06,197707,867,248,120.0,120.0,0.0,0
FAkgIiO71QE,UCpJw2H9KKqwCCGQKRh1Bf2w,2026-08-22 04:00:29,305619,7244,174,120.0,120.0,0.0,0
FAvW-COeAnY,UC3DYSay178fMMPaf3zHwECA,2026-08-24 04:15:07,10688,342,35,119.76,120.01,0.01,0
FB76f6W0moo,UCFHUplScMiWTjJrtv4hxWmg,2026-08-26 11:58:18,62582,311,51,119.79,120.04,0.04,0
FBHv57kZYXo,UCV7WE8I_UiAN0fa6Arezx_w,2026-07-12 15:00:19,97,1,0,120.0,120.0,0.0,0
FBPV_RO8brw,UCPuD5ZRQWa_JCaY5NokNhtg,2026-08-27 16:22:08,1314,7,4,119.89,120.14,0.11,0
FBQO05BcakY,UCah0w9n_eAyjUBG7eHbj8vw,2026-07-25 09:12:52,80773,2196,128,119.79,120.04,0.04,0
FBc8wDPBTho,UC5ThQKdocwo_9UurfT5P_ww,2026-08-16 12:44:54,239958,3664,89,119.76,120.01,0.01,1
FBduQneRYIc,UCsYhDrv21N78Yt5wCQL_soA,2026-07-29 01:00:18,1111,33,4,120.0,120.0,0.0,0
FBiJAX5b7Hc,UCXqP0RsJo6-y-MrKz6k8H-g,2026-08-15 19:17:49,1736,35,6,119.96,120.21,0.04,0
FBlu17rv6jM,UCqVkQsNin4MdGFrWvzFVOKw,2026-08-15 01:59:20,5749,178,0,119.76,120.01,0.01,0
FCGvbzNbuPo,UCOTJtP0Z9DjpPU43B5m1V6A,2026-08-04 12:00:28,222485,1261,28,119.99,120.24,0.01,0
FCPXz5JylG4,UCvfEv6nBnL0QlKqyGmL0orQ,2026-08-06 00:24:02,16043,38,1,119.85,120.1,0.1,0
FCR6EV-03es,UCmZeuRfHYowZhf6odtoaNdg,2026-08-08 12:33:42,27606,270,60,119.94,120.19,0.06,0
FCSP0zd84TY,UCCvEN8bTeF8Z2jcN513T1Gg,2026-07-12 14:12:26,9722,99,4,119.79,120.04,0.04,1
FCVX_ymY6z8,UC5WN-znPsJK0BbA8aHxZHWQ,2026-08-06 10:20:01,5053,39,1,119.92,120.17,0.08,0
FCXqCA5Fk5M,UCHZ9X2Nl3dq8ChEJgScmZCw,2026-07-23 07:10:16,15092,132,53,119.83,120.08,0.08,0
FD-OyYnxROw,UClHGjnruf4A9Us7CHVgLIEQ,2026-08-24 11:25:32,13494,80,8,119.83,120.08,0.08,0
FD1QL66P9Nc,UCbFLnCfOet-u_kFyA7uX-9Q,2026-08-17 15:00:18,231204,1576,90,120.0,120.0,0.0,1
FDE82f0thL4,UC-S8JFhLkQ5enhB70c2CYIw,2026-08-29 11:00:09,269287,2992,253,119.76,120.01,0.01,0
FDTYBH3ECs0,UCp6n8d8Y8r3MwKNw_MMaouQ,2026-07-28 12:00:13,0,4,0,120.0,120.0,0.0,0
FDYN2YEeonE,UCAl4HWznMn7KhKBRFO5eiFA,2026-08-07 13:40:31,2700,18,1,119.83,120.08,0.08,1
FDZDqXfDYb0,UCc1VJX_5Z2RdGi58XU4IfbA,2026-07-24 13:56:02,53686,313,3,119.82,120.07,0.07,0
FDgLqlGX9zk,UCv1tOT645xHOJrwdGlzjMaA,2026-08-20 12:41:05,32706,476,12,119.82,120.07,0.07,1
FDus_X2jT0g,UCBo7GIv99qTzHaa6ip09YLA,2026-08-08 08:00:21,20593,93,21,120.0,120.0,0.0,0
FE14KafLojU,UCm1JuixwDoQEDi5RfcRuHJg,2026-08-17 18:51:30,35141,515,37,119.89,120.14,0.11,0
FE39-oJ5RwQ,UCv1tOT645xHOJrwdGlzjMaA,2026-07-28 11:00:01,4772,33,1,120.0,120.0,0.0,1
FE6m-PixUOQ,UCpI-AhCT02iQRGLC2ZcY0Jw,2026-08-27 10:22:37,43567,296,285,119.89,120.14,0.11,0
FEAwUkz9WLk,UCei_ecYpQqFjYhjLaDPr2Lw,2026-07-10 22:39:13,1732,6,2,119.85,120.1,0.1,1
FEH4tzIL-VM,UCkavlo6q2XfO_MA9Q24wRvw,2026-07-31 03:05:52,139,1,0,119.91,120.15,0.09,0
FEHE9LkjNLY,UCqPN9LAkx20aBWOafwvQB-Q,2026-08-06 23:00:25,65054,2631,133,120.0,120.0,0.0,0
FEMSGBxLnq0,UCp6n8d8Y8r3MwKNw_MMaouQ,2026-08-15 20:34:55,205093,1741,5,119.92,120.17,0.08,0
FEWk0-BZoqM,UCPGl9DV2WUgaqGVXtVrhJWQ,2026-07-31 15:00:26,7,0,0,120.0,120.0,0.0,0
FEol_EiqHdw,UCgLFbrC7-g0ihBKB0obVPTg,2026-08-09 15:04:27,88,4,0,119.93,120.18,0.07,0
FEtqyY_Yihw,UChfs1dQ5phBDBWZJ1hHLbUA,2026-08-13 09:15:29,26372,362,51,119.99,120.24,0.01,0
FF8Z0estUTY,UCJYdIDfGkqXTsQq5aW4md0Q,2026-07-16 03:23:33,116,2,0,119.86,120.11,0.11,0
FFCS08q-xPY,UCKrprPfevcAZpPuRnCO6xOA,2026-08-09 09:30:13,1531,13,1,120.0,120.0,0.0,0
FFHH3oldD2g,UCKrprPfevcAZpPuRnCO6xOA,2026-07-29 10:00:19,941,9,6,120.0,120.0,0.0,0
FFUtsTjb_wA,UCYGF_xk5RDpltyZDSx040uw,2026-08-23 05:17:20,97909,1402,39,119.97,120.22,0.03,1
FFWtYR4pOS0,UCPuD5ZRQWa_JCaY5NokNhtg,2026-08-20 17:32:07,413,6,4,119.97,120.22,0.03,0
FFmTo3DiXIU,UCtt0Hg9MhraTkzWwNQpplHg,2026-07-11 09:00:19,41819,508,66,120.0,120.0,0.0,0
FFu4up9_Jm8,UC1aBdmKvC6yAiq4xgPLOzKA,2026-07-31 04:37:25,118673,2033,62,119.88,120.13,0.12,1
FFxB6BExHD8,UCHeg3ApmuXQbqqszaD1fR9g,2026-08-14 02:00:10,7582,153,17,120.0,120.0,0.0,1
FG3GomjrfjM,UCPGl9DV2WUgaqGVXtVrhJWQ,2026-08-21 15:00:15,5,0,0,119.76,120.01,0.01,0
FG8VNBFemDg,UCw1DsweY9b2AKGjV4kGJP1A,2026-08-23 08:02:34,40826,312,86,119.97,120.22,0.03,0
FGXU9Iymxtg,UCawK5EIfr66Z7fjAlZgfB2g,2026-08-26 02:39:49,2645,,0,119.85,120.1,0.1,0
FGkEDR_LazA,UC-S8JFhLkQ5enhB70c2CYIw,2026-08-12 11:00:17,135219,2984,203,120.0,120.0,0.0,0
FGn-PJNsOAg,UC8FErYSi74YwGUAoTpjvgzQ,2026-08-03 04:43:20,9001,273,20,119.78,120.03,0.03,1
FGt-OMC8aCY,UCPuD5ZRQWa_JCaY5NokNhtg,2026-08-11 16:31:15,518,12,2,119.98,120.23,0.02,0
FGvEEHdZBQc,UCPGl9DV2WUgaqGVXtVrhJWQ,2026-08-25 10:16:07,14,0,0,119.99,120.24,0.01,0
FGz8V4_12GY,UCnhGcri8x6xhehanhAe9ipw,2026-07-10 12:22:47,23468,513,54,116.39,120.24,0.24,0
FH2KVNBYUVE,UCuwnt_REmD4YsCtFJRoqjFw,2026-08-18 10:52:31,35069,336,44,119.89,120.14,0.11,0
FHHFVn9pJqU,UC5RxNUZ9_c94ZEfJGnJZmTw,2026-08-08 12:00:16,2699,108,17,120.0,120.0,0.0,0
FHIRu9ur7vk,UCTK7GGeH0c9INAEnV2EfD0Q,2026-07-20 03:05:46,24195,740,23,119.91,120.16,0.09,1
FHPR1fSo-d0,UC4cKHOBS-nRfKFTwf1n8HGA,2026-08-05 14:52:22,42,,0,119.88,120.13,0.12,0
FH_ELndielw,UCUt2AEhC-OOC2EPCzj4DkCw,2026-08-23 08:00:14,33099,863,29,119.76,120.01,0.01,1
FHjl7Rkuh70,UCPuD5ZRQWa_JCaY5NokNhtg,2026-08-27 16:58:42,10115,22,48,119.78,120.03,0.03,0
FHlTtLWSPLQ,UCM81CAJ2_Y42-bvK1OQnAAA,2026-08-09 01:00:24,67018,651,813,120.0,120.0,0.0,0
FHsF-bSDd_Y,UC-yb5eNBQyXBE9nZnht9u-g,2026-07-10 19:01:27,24099,589,11,119.98,120.23,0.02,1
FI9CRoViYbQ,UClHGjnruf4A9Us7CHVgLIEQ,2026-07-23 08:00:16,4790,16,4,120.0,120.0,0.0,1
FIBmib6aWeU,UCJYdIDfGkqXTsQq5aW4md0Q,2026-07-31 03:02:03,100,2,0,119.97,120.22,0.03,0
FIFPA1j8Hns,UCKC4R6B8bTLIKH1V9PyD7Iw,2026-08-05 05:00:32,520876,5072,40,119.99,120.24,0.01,1
FINJ7oUnSLg,UCw1DsweY9b2AKGjV4kGJP1A,2026-07-31 10:01:15,21806,124,20,119.99,120.23,0.01,0
FIPKPfsvHt8,UCuXE-MdbuaZcPt_2J2kSsSQ,2026-07-12 12:01:23,1238,6,1,119.98,120.23,0.02,1
FIa4fKChQlg,UCV7WE8I_UiAN0fa6Arezx_w,2026-08-21 07:10:28,61,0,0,119.84,120.09,0.09,0
FIbOgh6Y1uQ,UCF5RrlbsxJjAVLWgOCoNHMg,2026-08-14 21:57:12,14855,257,1,119.8,120.05,0.05,0
FIgxE4Q_Qjk,UC2WBkFH1nHcO6aFLWo6sZQg,2026-08-06 11:37:48,24593,772,4,119.87,120.12,0.12,0
FIlvX2Li8Is,UCV7WE8I_UiAN0fa6Arezx_w,2026-07-30 20:00:21,968,8,4,120.0,120.0,0.0,0
FIzJyoMQdE8,UCNrQ0VbdprXAur6OZKexjEw,2026-07-26 08:00:18,44674,766,90,120.0,120.0,0.0,0
FJE9YXVSUek,UCL_IvtOZo6sONpiydbzzHpA,2026-08-02 07:13:48,62127,968,430,119.77,120.02,0.02,0
FJVjgi4Z2h0,UC-okJdotaXPlzivRzHFqzuA,2026-08-29 09:00:16,134264,818,16,119.76,120.01,0.01,0
FJhMKsfDb4w,UCV6mNrW8CrmWtcxWfQXy11g,2026-07-28 14:00:14,113560,5178,224,120.0,120.0,0.0,0
FJjvBUYHgVw,UCgLFbrC7-g0ihBKB0obVPTg,2026-08-22 11:23:07,198,11,4,119.88,120.13,0.12,0
FJvqXXjFRLc,UCkrNv6xF8j7QZmWb3UeAH8A,2026-08-07 08:54:39,10080,52,30,119.84,120.09,0.09,0
FKDjOmMgQ60,UCaN1Qp37sHiCdQuSaXa3fVw,2026-07-26 08:31:45,233534,3533,43,119.98,120.22,0.02,1
FKFGGSEcBWg,UCBvKuSAkXERBnGSQOH0Sarw,2026-08-15 17:40:57,8057,100,2,119.82,120.07,0.07,0
FKLU2IVjkps,UCSrQnB-Ip9hc0biFQ3HoKzg,2026-08-14 04:14:25,4947,282,12,119.76,120.01,0.01,0
FKNu_5G3qxQ,UCKVt3arMXfa6XZezR1UnjqQ,2026-08-02 09:00:10,5461,57,3,120.0,120.0,0.0,0
FKPXoQqxtlM,UCAl4HWznMn7KhKBRFO5eiFA,2026-08-16 13:56:46,53478,248,26,119.81,120.06,0.06,0
FK_xp0891vA,UCzSODDx0zQF3nxXOZISCm_w,2026-07-28 02:30:25,1151,5,0,120.0,120.0,0.0,1
FKevnIGuUw0,UCvrxJgD0T_TFvgsO2nA-fDQ,2026-08-24 02:41:37,115203,1540,471,119.82,120.07,0.07,0
FKgQZoJvypk,UCN5oT4zGJX-_H6pE5isAEeg,2026-08-02 12:00:15,743178,6841,215,120.0,120.0,0.0,1
FKj3TtPcjqs,UC00raQBBBGagQthJ01ZYIIQ,2026-07-26 03:00:32,3653,75,11,119.99,120.24,0.01,0
FKk7WuNGXoY,UCr7h47xV4lizW1QR0fV_3kg,2026-08-22 09:00:11,61,2,5,119.76,120.01,0.01,0
FKmJugVGyvY,UCI3DTtB-a3fJPjKtQ5kYHfA,2026-08-31 14:30:03,51931,591,29,119.76,120.01,0.01,0
FKv2_TKsj6Y,UCe0loHR-Vltq0GPHgYyzmrQ,2026-08-21 01:27:34,240,3,4,119.8,120.05,0.05,0
FL10QD3_ALU,UCAl4HWznMn7KhKBRFO5eiFA,2026-07-21 16:32:43,19589,90,61,119.96,120.21,0.04,0
FL8BM7m_6o4,UCUt2AEhC-OOC2EPCzj4DkCw,2026-08-20 23:00:03,22589,630,12,119.76,120.01,0.01,1
FdWTVV5zSYA,UC-FiQR2gg8oiNw98ZdsSX6Q,2026-08-16 05:59:43,1681,10,0,119.76,120.01,0.01,0
FdcfdprrcWU,UC5ThQKdocwo_9UurfT5P_ww,2026-08-14 09:45:48,288713,3941,160,119.99,120.24,0.01,1
Fdl0xf90NkI,UCkavlo6q2XfO_MA9Q24wRvw,2026-07-28 08:56:20,3000,11,3,119.81,120.06,0.06,0
Fe-cWfExeto,UCp6n8d8Y8r3MwKNw_MMaouQ,2026-08-14 20:40:55,3127,38,7,119.82,120.07,0.07,0
FeJBJO5MRKg,UCpI-AhCT02iQRGLC2ZcY0Jw,2026-08-08 01:00:02,34585,463,267,120.0,120.0,0.0,0
Fee75GjHZlQ,UCpcTrCXblq78GZrTUTLWeBw,2026-07-30 19:30:15,63148,861,74,120.0,120.0,0.0,0
FeogJ1VleLU,UCN8L7Z-dyzu9FzT39RM0fvw,2026-07-18 01:00:26,24866,231,82,119.99,120.24,0.01,0
FeweJUXuvFk,UC6NXJtCn3p-actkvBUlHwDA,2026-08-28 03:00:08,50752,233,66,119.76,120.01,0.01,0
Fex8K2wJXt0,UCV6mNrW8CrmWtcxWfQXy11g,2026-08-12 14:00:32,100606,3551,153,119.99,120.24,0.01,0
Ff-1SeELZpw,UC543-TDm6IvHHZXwdSFioMw,2026-08-22 12:00:15,9074,34,3,119.76,120.01,0.01,1
Ff5jIP5Fzrc,UCKrprPfevcAZpPuRnCO6xOA,2026-08-07 18:27:33,25,0,0,119.79,120.04,0.04,0
Ff7-4SWWYCM,UCPGl9DV2WUgaqGVXtVrhJWQ,2026-07-18 15:00:00,3,0,0,120.0,120.0,0.0,0
FfChP4Qnn3c,UCJGww2K__Q3y-MtDi0XWH2w,2026-07-29 06:17:28,68669,1004,47,119.96,120.21,0.04,0
FfHZ3z7flUY,UCqVZTizoA2wQKOj_xaDt10Q,2026-08-15 00:58:35,441,3,0,119.78,120.03,0.03,1
FfX5bUm3PCY,UC0aKwoKNeqBaUwiEXmkQaGQ,2026-08-07 03:00:15,37719,779,94,120.0,120.0,0.0,1
Ffcza_eqviY,UCYGF_xk5RDpltyZDSx040uw,2026-07-20 13:02:10,78087,1211,37,119.97,120.22,0.03,1
FfdGifNQY3E,UCq6bX1rAJqwt3LmYuHrDPqg,2026-08-31 19:41:17,28291,9,0,119.83,120.07,0.07,0
FfpGkQ5iJwI,UCNu00qhYj4nPeMNdxuwV6sg,2026-07-23 11:55:58,1149,41,0,119.82,120.07,0.07,0
FfyUFSrtKi8,UCZNTsLA6t6bRoj-5QRmqt_w,2026-08-14 17:00:06,64632,1557,58,120.0,120.0,0.0,0
Fg9zcDXv2hI,UC8aCmG_y4DqqVI9Xlcym1Jg,2026-07-31 19:00:29,739,46,0,119.99,120.24,0.01,0
FgPeX30-nyg,UCYooECrv-fIXlPaDwEIaveA,2026-08-13 09:00:39,29630,543,5,119.99,120.24,0.01,1
FgUle-pjoeo,UCgjaQlejpAnIu0q-xtVfTEw,2026-08-23 00:00:17,33361,359,79,119.76,120.01,0.01,0
Fg_O24RQNPg,UCB4gIGaPUiLtpPreFSf8fKQ,2026-08-05 16:52:33,1831,20,3,119.88,120.13,0.12,0
FgbQQ8W2Plw,UCAl4HWznMn7KhKBRFO5eiFA,2026-08-23 08:00:23,29546,212,18,119.76,120.01,0.01,0
FgsSjjnn3yo,UC_m_uqd_9s0hZvlgfvCzqbQ,2026-08-19 11:33:38,545,4,0,119.95,120.2,0.05,1
FgxUrf1McgQ,UCv1tOT645xHOJrwdGlzjMaA,2026-07-14 06:47:23,52173,884,29,119.96,120.21,0.04,1
Fh597rB1iz0,UCpn9dP1b5BhBsU9SduEz1hA,2026-07-27 09:45:19,4155,79,14,120.0,120.0,0.0,0
FhBrFyo_4s0,UC_1zs9WEip0B-2g5ysbf-eg,2026-07-11 12:50:42,5,1,,119.91,120.16,0.09,1
FhHtfS4QodY,UCrfB1-zWijAYkgfZW7Ehc8Q,2026-08-08 15:51:33,143201,4699,801,119.89,120.14,0.11,0
FhKR_m5P4Uw,UCCdcpCa4yiDcCPhFErd7TXA,2026-07-25 00:30:31,386129,8756,65,119.99,120.24,0.01,1
FhLzBZsJsg8,UCqRz_-l3GCmWb92u8P33RYQ,2026-08-25 09:38:37,114523,1050,328,119.87,120.12,0.12,0
FhU6IKemIXY,UCOTJtP0Z9DjpPU43B5m1V6A,2026-07-22 14:44:21,58584,635,11,119.76,120.01,0.01,0
FhX4dR5pOoQ,UCV6mNrW8CrmWtcxWfQXy11g,2026-08-02 23:01:42,136435,2750,59,119.97,120.22,0.03,0
FhbWmfwuvrc,UCgjaQlejpAnIu0q-xtVfTEw,2026-07-20 05:37:30,34435,1099,37,119.88,120.13,0.12,0
FhcVzJnsCT4,UCpcTrCXblq78GZrTUTLWeBw,2026-07-10 16:15:18,22720987,104072,534,120.0,120.0,0.0,1
FhebubZ9oOc,UCTNyl3P7q6PNhPddh6d7WJQ,2026-07-13 22:00:16,1991,5,0,120.0,120.0,0.0,1
FhfC7NrGpV4,UCt8CJiye87FMbEwt0npPMuQ,2026-07-26 14:15:39,2941,138,7,119.99,120.24,0.01,0
Fhiwf2u5p98,UChUNd9Dt96PzfB24BtVviHg,2026-08-15 02:00:18,35305,290,5,120.0,120.0,0.0,1
Fi4wY3Xxg1g,UCXVVG5ZM3SJJCh94xatR8Dg,2026-08-04 06:15:12,1473,35,1,120.0,120.0,0.0,0
Fi8lW8Gn4i0,UCNZiNM2pP6uhIlTQVS2Q5fA,2026-08-26 09:00:14,302991,3944,169,119.76,120.01,0.01,1
FiBMGMm96rI,UC_9W6Z5Y3lDpLk47Y_y5ITQ,2026-07-24 00:28:55,34151,444,68,119.77,120.02,0.02,0
FiYzs9V5Y1M,UCzVXdulvpgEoI8yuFMmhxJw,2026-08-22 15:30:04,474761,24378,575,119.76,120.01,0.01,1
FiZ2rN2KwQQ,UCq0fwcojiA7ztN0FgTEgfXA,2026-07-17 07:29:18,88,2,0,119.76,120.01,0.01,0
Fim4EwSVyDk,UCS-X1uBDTNwAYyydiXjcX9A,2026-08-03 09:00:14,615,14,4,120.0,120.0,0.0,0
FimlW7yzvJQ,UCv1tOT645xHOJrwdGlzjMaA,2026-07-28 11:00:05,1548,32,3,120.0,120.0,0.0,0
Fj36TZdi2os,UCF9Ws3xrNmMKVjL4kg0jzbA,2026-08-31 07:47:32,24480,218,21,119.97,120.22,0.03,1
FjLlwv0G8Ig,UCBidluUUxzT_5jVOI_2x2MQ,2026-08-19 08:00:01,18429,192,161,119.76,120.01,0.01,0
FjXT1eRzkbY,UCV7WE8I_UiAN0fa6Arezx_w,2026-08-03 05:00:29,18,1,0,119.99,120.24,0.01,0
FjZzVpEw4SY,UCMF3M48BakI-ptofqoUqdAA,2026-08-15 14:51:58,5865,167,55,119.89,120.39,0.11,0
FjwOq_5gW9s,UCt8CJiye87FMbEwt0npPMuQ,2026-08-18 15:15:36,24389,732,53,120.0,120.0,0.0,0
FjwvenBKE4w,UCZaNYFjF_SRRJPVuGX7yMjQ,2026-08-13 01:11:58,2,0,0,119.8,120.05,0.05,0
FjxF9sCZ8RY,UCAl4HWznMn7KhKBRFO5eiFA,2026-08-12 09:00:31,3404,20,10,120.0,120.0,0.0,0
Fk3gi2AYykE,UC3BUvshHmW_-ReQX1B_EeOA,2026-08-01 06:47:06,55314,543,94,119.97,120.22,0.03,0
FkOZxl6jM90,UCt8CJiye87FMbEwt0npPMuQ,2026-08-11 01:21:45,3957,95,1,119.89,120.14,0.11,1
FkRO-9q19iY,UCab17MxxnFtAhGsJVTkSkCg,2026-08-11 08:13:50,552,14,0,119.77,120.02,0.02,0
FkZC5uezqxM,UCJDXc9JWCZo-nLNKr_-L2Ng,2026-08-21 12:00:26,3771,133,3,119.75,120.01,0.01,0
Fke7QplvtB8,UCbItyvYa6cqvqtwlU2E9-wA,2026-08-08 13:00:09,8411,466,23,120.0,120.0,0.0,0
FkfrO4DAAVU,UCi8fe6P0_tLeZ1r31wOydvw,2026-08-16 04:00:21,839,13,0,120.0,120.0,0.0,0
FkhxdWS7SVA,UCYooECrv-fIXlPaDwEIaveA,2026-08-30 09:01:29,89735,676,36,119.99,120.24,0.01,0
FkjJIvY_Kew,UCtVBI7YLJyDvrx7iWAukx_Q,2026-08-30 06:00:06,4952,80,41,119.76,120.01,0.01,0
FknnunQsgmQ,UCjUnlBpn0Z1L450g79fniRg,2026-08-19 07:16:50,1560,,0,119.98,120.23,0.02,0
Fkz0WovrTrk,UCXAXCxTCCYYKsLJNzEvjqfw,2026-08-26 15:04:19,104598,1098,314,119.94,120.19,0.06,0
Fl-t9CrkZJc,UCZRH94I89Ps7giJYeK6DlWA,2026-08-27 14:30:06,78424,1463,25,119.76,120.01,0.01,0
Fl4zOD1fTGM,UC72PuhDwKtZ5MikpGNhPAtA,2026-08-12 19:58:09,156709,6366,624,119.78,120.03,0.03,0
FlCn-PGUrzg,UCpnnUKmAQKgVinEV-lV-N2g,2026-08-29 01:15:01,142654,1267,206,119.76,120.01,0.01,0
FlEE0yT_Asw,UCVipGmBXqbYKNODNzVCN86w,2026-07-30 01:00:03,24322,549,30,120.0,120.0,0.0,1
FlG8NJUEYqQ,UC2NFRq9s2neD_Ml0tPhNC2Q,2026-08-02 02:30:01,145603,2744,114,120.0,120.0,0.0,0
FlW-5axifKE,UCPGl9DV2WUgaqGVXtVrhJWQ,2026-07-23 15:00:18,13,0,0,120.0,120.0,0.0,0
FlbIQG4S44M,UCgWOZQvFZhGuqBCtjmee0XQ,2026-08-28 15:00:21,1418,9,0,21.76,228.75,98.24,0
FlvoEbeTt0M,UC141BuVRzSSXJX33Am9yxEA,2026-08-21 09:00:04,26298,482,54,119.76,120.01,0.01,0
Fm3DlFR02pk,UCyZtdaxIiGb4wp5AmkEMrwQ,2026-07-22 03:00:15,46640,1078,16,120.0,120.0,0.0,1
FmTxTvfrLZo,UCepHesz_5Lwr7qRaqjB-p1A,2026-07-18 09:00:31,49208,1007,301,119.99,120.24,0.01,0
Fmf4o8GMr-s,UCdK9h1ILxS49c2LguBUY3rw,2026-08-10 11:30:36,9,2,0,119.99,120.24,0.01,0
FmolH6m1x5g,UCifCesg-EUkjKyQedaB3hRg,2026-08-23 00:20:21,17800,394,4,119.92,120.17,0.08,1
FmwRrOBkznI,UC8aCmG_y4DqqVI9Xlcym1Jg,2026-08-22 18:30:01,1167,20,0,119.76,120.01,0.01,0
Fmzdha4fI3A,UCE-6-bWkikwoP4_ooZNep3g,2026-08-19 22:00:09,15815,583,12,120.0,120.0,0.0,1
Fn5AOZDOnpc,UCkavlo6q2XfO_MA9Q24wRvw,2026-07-25 07:00:21,1108,7,1,120.0,120.0,0.0,0
Fn6OHfWpdeo,UCooLkG0FfrkPBQsSuC95L6w,2026-07-14 15:15:14,7448,22,10,120.0,120.0,0.0,1
FnDdjRY-1Dk,UCZ6mNZTiTUrUSbSYPlclI4A,2026-08-16 10:11:52,11292,351,32,119.8,120.05,0.05,1
FnMVrwIs1JU,UCSl8TBqqflby-ymdEQVfRNQ,2026-07-26 16:52:38,30097,776,357,119.87,120.12,0.12,0
FnYORTKRHiw,UCV6mNrW8CrmWtcxWfQXy11g,2026-08-14 11:00:10,38106,1580,107,120.0,120.0,0.0,1
FnbyrEfCim0,UCIxcZWLQpP-mUZC6_Uljc_Q,2026-08-25 23:00:17,9908,40,19,119.76,120.01,0.01,0
FngO_j6AlkU,UCNu00qhYj4nPeMNdxuwV6sg,2026-07-18 05:43:19,3553,7,4,119.78,120.03,0.03,0
FngvlL9NIAg,UCe9jDZNCsC4sH-Ln2Fn99FQ,2026-08-03 14:35:09,3,1,0,119.92,120.17,0.08,1
FnllD6hmQN0,UCS-X1uBDTNwAYyydiXjcX9A,2026-08-24 01:48:11,697,13,2,119.96,120.21,0.04,0
Fnm2HsiigzA,UCIsrVj53L57rcLAPOre4Xhg,2026-07-31 05:13:22,72144,896,152,119.78,120.03,0.03,0
Fnv4bxCKv68,UCWwbZhw5M-Q5dZtTK4nDWNw,2026-08-22 03:00:32,29996,381,8,120.0,120.0,0.0,1
FnxzCvgbTEI,UCdK9h1ILxS49c2LguBUY3rw,2026-08-07 11:15:14,1,0,0,120.0,120.0,0.0,0
Fo00_I_SMqo,UC-FiQR2gg8oiNw98ZdsSX6Q,2026-07-29 04:00:21,2448,13,0,120.0,120.0,0.0,0
FoFZbmTk51A,UCY_vDlvG-BTDRIOk_I9QQ6g,2026-07-26 10:15:37,2039,14,4,119.99,120.24,0.01,0
FoW-cPVTbwA,UCFrKhWvZ8oeJQTNP5ZabgJw,2026-08-03 07:00:05,195446,1688,275,120.0,120.0,0.0,1
FofF-GJLGUU,UCei_ecYpQqFjYhjLaDPr2Lw,2026-07-28 01:51:13,29,14,0,119.9,120.15,0.1,0
FogdOrkf5iU,UCw1DsweY9b2AKGjV4kGJP1A,2026-08-31 13:00:22,64892,51,12,119.76,120.01,0.01,0
FpG6-oYe8-c,UC4P7F8qenDo1O_5NvgBb_cg,2026-07-26 02:30:12,123192,1218,254,120.0,120.0,0.0,0
FpKjNaFX6JE,UCBY9rOZPo0fLE45mOV0s0cw,2026-07-14 06:20:41,349,1,0,119.91,120.16,0.09,0
FpMdYHDgAHQ,UC2U8C7lmbQpfBeAW8fTP_jg,2026-08-27 04:41:58,65476,472,170,119.81,120.06,0.06,0
FpPiKbzgXc0,UCWwbZhw5M-Q5dZtTK4nDWNw,2026-07-23 03:00:17,126172,2033,37,120.0,120.0,0.0,1
FpRTGFBuRLY,UCOTJtP0Z9DjpPU43B5m1V6A,2026-08-21 05:50:00,464356,2716,76,119.93,120.18,0.07,0
FpRrbHP_WqQ,UC8Xz3BKjDvQk7lKhH7Hi9nA,2026-07-28 03:45:24,3987,19,16,120.0,120.0,0.0,1
FpZj-ifqqk4,UC_E_qYfGKM3C0kqrp1p8z7Q,2026-08-27 17:00:03,647,24,3,119.76,120.01,0.01,1
FpivOTYPlDQ,UCN5789pKaFwqjVBvg6yws_w,2026-07-11 18:44:39,21,0,0,119.76,120.01,0.01,0
FqAj2W9L8OA,UCk5C4AR3uvmKwZYkIlSobbg,2026-08-14 08:27:54,40225,130,133,119.79,120.04,0.04,0
FqCWbGbrwVU,UCTK7GGeH0c9INAEnV2EfD0Q,2026-08-13 09:00:26,11961,384,3,120.0,120.0,0.0,1
FqENV1_xtIg,UCYM01qjjE_hmqFQAmOo-lNg,2026-07-27 08:00:13,6911,47,16,120.0,120.0,0.0,0
FqMU4fhWyFA,UCw1DsweY9b2AKGjV4kGJP1A,2026-08-03 09:15:04,317113,726,66,120.0,120.0,0.0,1
FqaSE8NJYKo,UCfq-5-0b5Lzj7cKCrp6-flA,2026-07-25 08:00:27,44328,1163,61,120.0,120.0,0.0,1
FrF9O3Zl1iQ,UC2f8VfmEF2_0-rFN4RNHaNg,2026-08-10 04:54:15,33678,592,95,119.85,120.1,0.1,0
FrOmh7GEUyg,UCyU5JQ8KVRD9jE4E_xLsHxw,2026-07-13 09:00:02,9,1,0,120.0,120.0,0.0,0
FrQrVjAnkV0,UCEjXNNB9IKEa4HfLQVt8VEg,2026-07-31 11:00:20,63,1,0,120.0,120.0,0.0,0
Fro8qVPK6hg,UCb5NLtXAsTBrmaZVhyFa-Wg,2026-08-18 09:27:24,89061,271,42,119.8,120.05,0.05,1
Fs1WXm6DwqQ,UCN8YcyYvYIrtLcwyT-KqbNg,2026-07-25 11:15:35,34780,484,38,119.99,120.24,0.01,0
Fs7BXEPclWM,UCO94iFhOhtdGb4Ze5DUAtbw,2026-08-05 06:00:09,1359,27,12,120.0,120.0,0.0,0
FsCfTSYitAs,UCt8CJiye87FMbEwt0npPMuQ,2026-07-13 12:00:29,5454,215,24,119.99,120.24,0.01,0
FsHU6msfEpY,UCBtJuwDt6LlXp2YASC-ZMdA,2026-08-16 11:00:07,246,2,0,120.0,120.0,0.0,0
FsId3rTex4A,UCfQOeRevRI14uNqluiJ7TeQ,2026-08-05 08:10:45,8,1,0,119.82,120.08,0.08,0
FsJh-rVs53Q,UCN5oT4zGJX-_H6pE5isAEeg,2026-07-30 12:00:09,124692,2031,98,120.0,120.0,0.0,1
FsT1oiCFozA,UC1dHu9GhbHH7RcHKyJdaOvA,2026-08-20 04:30:10,67479,300,173,120.0,120.0,0.0,0
FsZfX4q0seU,UCQePzo3_oRB-6RAzBioc6pg,2026-08-25 23:33:22,3564,31,12,119.96,120.21,0.04,0
Fs_bUWKgVQ8,UCaN3tSrrzIrXSDonEe7LK9A,2026-08-29 03:30:37,1201,15,3,119.76,120.01,0.01,0
FskDh_NDS7A,UCdT2nXooUR-X_MdmbER25yQ,2026-08-25 00:00:39,44898,640,74,120.0,120.0,0.0,0
Fsu0nW3gvmc,UC2yOBpLVwB7kzt9C5ZPbB7w,2026-07-30 04:00:07,194165,2979,77,120.0,120.0,0.0,1
Fsv69yw8DXc,UCJYdIDfGkqXTsQq5aW4md0Q,2026-08-23 02:12:25,168,2,0,119.8,120.05,0.05,0
Ft02kJJxmkk,UCfQOeRevRI14uNqluiJ7TeQ,2026-07-20 08:00:16,52,2,0,120.0,120.0,0.0,0
Ft2Od8SQ6es,UCPuD5ZRQWa_JCaY5NokNhtg,2026-08-06 14:16:30,595,4,4,119.98,120.23,0.02,0
Ft5jlXwsnMo,UCab17MxxnFtAhGsJVTkSkCg,2026-08-01 11:27:08,631,14,0,119.8,120.05,0.05,0
FtBZvJ8NmkE,UCC1LvVTX2ySKYjeIXkAtvsQ,2026-08-05 09:00:38,989210,15676,542,119.99,120.24,0.01,1
FtMndGrCXTM,UC5ThQKdocwo_9UurfT5P_ww,2026-08-11 09:42:56,270222,4105,156,119.79,120.04,0.04,1
FtX2_a4Mfac,UC_9W6Z5Y3lDpLk47Y_y5ITQ,2026-07-26 23:02:33,23284,230,57,119.96,120.21,0.04,0
FtbEXCZCKgo,UCzDmGDR5RdahQkLCBoWlTEg,2026-08-24 15:22:02,42422,107,26,119.89,120.15,0.11,0
FtcuSW4PXVI,UC1Ns07Rw0lQK-KuaPHfRRTw,2026-07-29 02:41:06,46,0,0,119.82,120.07,0.07,0
FtdVk82JSm8,UCN7FA8FwikP2p5Vrs5kiivw,2026-07-27 13:00:26,19543,312,10,120.0,120.0,0.0,1
FtiXz7F9RBg,UCcum1rCJ5GJeQ_xv0xrohqg,2026-08-24 10:00:31,25933,792,47,120.0,120.0,0.0,1
FtiZHOcDd3c,UCnhGcri8x6xhehanhAe9ipw,2026-08-31 13:40:16,55679,1035,103,119.84,120.09,0.09,0
FtkD1HIwGCo,UCQfISxq5legTqOt1h1us6lg,2026-07-26 13:42:20,90543,330,26,119.8,120.05,0.05,1
Ftl98DPeFPY,UCBY9rOZPo0fLE45mOV0s0cw,2026-08-30 09:24:45,1378,0,0,119.85,120.1,0.1,0
FtoRuudLXTk,UCifCesg-EUkjKyQedaB3hRg,2026-08-01 21:55:57,23341,1375,6,119.82,120.07,0.07,0
FtvTjHde2qo,UCV6mNrW8CrmWtcxWfQXy11g,2026-08-23 14:35:07,12571,874,131,119.93,120.17,0.07,0
Fu7nyve4MZQ,UCAl4HWznMn7KhKBRFO5eiFA,2026-07-26 15:00:19,28998,181,6,120.0,120.0,0.0,0
FuMIUcNgSGI,UCHeg3ApmuXQbqqszaD1fR9g,2026-08-02 02:00:34,213,15,6,119.99,120.24,0.01,0
FuQvYhw5Kso,UCPsZX-D7LW99PjZLA-UysPQ,2026-08-20 12:30:04,1661,14,3,120.0,120.0,0.0,0
FuTaMdEUnI4,UCtVBI7YLJyDvrx7iWAukx_Q,2026-08-03 02:00:14,280463,8810,115,120.0,120.0,0.0,0
FuVDAUfi3wI,UCa2liSwjQST4AGcg6LFQakQ,2026-07-24 04:00:21,1333,13,0,120.0,120.0,0.0,0
FuaDjpJrifU,UCyZtdaxIiGb4wp5AmkEMrwQ,2026-08-08 03:00:25,317500,6689,127,120.0,120.0,0.0,1
Fuo5fMt2cKw,UCAGUSx1hbPKDqzBZH7bTjiA,2026-07-24 10:00:10,27373,152,20,120.0,120.0,0.0,0
FuoZKOFEC3Q,UCoH2pCzAr6zWDG-LtUiLWRw,2026-08-13 23:00:29,68757,611,218,119.99,120.25,0.01,0
Fup5YUXcR2c,UCPsZX-D7LW99PjZLA-UysPQ,2026-08-18 03:00:36,211,2,0,119.99,120.24,0.01,0
Fv7h4EnhiUg,UCS2OAdHoLt-9T6cG9A2H49Q,2026-07-31 09:15:48,36293,190,38,119.99,120.24,0.01,1
FvCROI-iApM,UC1Ns07Rw0lQK-KuaPHfRRTw,2026-08-19 15:28:20,61,1,0,119.79,120.04,0.04,0
FvLNrJsxNUM,UCuWDza8A_ntbjwBZgW0ZSNw,2026-08-16 05:00:24,57054,755,38,120.0,120.0,0.0,1
FvNF5OeKvKg,UCv1tOT645xHOJrwdGlzjMaA,2026-07-16 03:41:45,8443,157,22,119.81,120.06,0.06,0
FvOL06mbfH0,UC5grrciAyUF4xjd42XhV-1Q,2026-07-23 00:08:46,3090,,2,119.86,120.11,0.11,0
FvPJ46_a3iQ,UCV6mNrW8CrmWtcxWfQXy11g,2026-07-30 11:00:07,33707,2271,68,120.0,120.0,0.0,1
FvVBGFf4lRY,UCEg24oF81p-THPtp3otdmTA,2026-08-30 09:00:35,77820,1816,41,119.75,120.01,0.01,0
FvbrXPphKJQ,UCmiTZyj9GwMjyznZxrgCH4Q,2026-07-16 08:46:43,19066,203,37,119.97,120.22,0.03,0
FvxpPDt5Nas,UCKUUL3fMVvYVZdGkKhhjP0A,2026-08-21 08:00:29,100904,1272,39,119.75,120.01,0.01,1
FwLIQbk-87k,UC78d2aaqdrt02RfmtRLmlAw,2026-08-30 16:00:32,84796,859,194,119.75,120.01,0.01,1
FwUj7l93890,UC_m_uqd_9s0hZvlgfvCzqbQ,2026-07-25 14:29:37,509,4,0,119.76,120.01,0.01,1
FwYazx6lwJE,UC3pTpoDKt17IrCDH60kSNPA,2026-08-24 01:39:50,844,17,2,119.85,120.1,0.1,0
FwiBzkpeKcM,UC46X_E7jxvJ1O_3gnaeCxeg,2026-08-08 18:22:46,112016,,7,119.87,120.12,0.12,0
Fwqwb9-Ksf8,UCkrJBQAut47U8xMUuv8D_3g,2026-08-08 00:34:52,525857,8948,74,119.92,120.17,0.08,1
FwsRm0ymv1E,UCBmAvrPyyiohq552LjQvPww,2026-07-23 09:15:17,5388,73,10,120.0,120.0,0.0,1
Fwtvf64OSIU,UC-Pn1i_ot4qmG4l7wMZPvyw,2026-08-24 09:00:36,41604,318,47,120.0,120.0,0.0,0
FLG4l88S-V8,UCl402YYy7RcH7PBI3npmGPQ,2026-08-01 03:00:39,134331,682,130,119.99,120.24,0.01,0
FLGFRYN_aCk,UCPsZX-D7LW99PjZLA-UysPQ,2026-08-28 15:00:07,2960,13,4,119.76,120.01,0.01,0
FLJ0T-gdhBM,UChHxLcNi7e0zu-e33HM6v6A,2026-08-23 10:00:29,17083,118,32,120.0,120.0,0.0,0
FLLnyWa_UJU,UCZ-UuK86Bk5sGzQQ2cEglJQ,2026-08-23 10:30:19,124773,1373,77,119.76,120.01,0.01,0
FLSoHUOA16g,UCyoKcrOcBEY4rmLYkDuXErA,2026-08-06 09:00:15,74272,863,22,120.0,120.0,0.0,1
FLckVUVn6cY,UCfjMjhfjRRy8B0mfqbO_43w,2026-08-26 06:01:15,130900,1149,212,119.99,120.24,0.01,0
FLerBL5Cc10,UCfcfymsN3OMo2cfmbpGTanw,2026-08-06 03:00:01,263622,795,59,120.0,120.0,0.0,1
FLhu3fdH9u8,UCh7XUfZEEV3pct5zDjx6OZA,2026-08-13 13:00:22,22249,255,100,120.0,120.0,0.0,0
FLl16S8JtGQ,UCgWOZQvFZhGuqBCtjmee0XQ,2026-08-07 12:54:59,1020,7,0,25.84,159.09,39.09,0
FLsxBGM9hBY,UCE-6-bWkikwoP4_ooZNep3g,2026-08-20 22:00:36,27273,687,25,120.0,120.0,0.0,1
FLvbqXfE2o0,UCEebX3m88Arwc91LPmEmTYQ,2026-07-24 17:19:21,41303,3233,53,119.93,120.18,0.07,0
FM-WyL5zA2Q,UCpcTrCXblq78GZrTUTLWeBw,2026-08-12 16:30:17,177266,5517,103,120.0,120.0,0.0,0
FM5qs5NRLnk,UCoIEwIHhW-1_roLnb5nK_UA,2026-08-05 12:15:23,1208,19,6,120.0,120.0,0.0,0
FMHRBi_s93Y,UCifCesg-EUkjKyQedaB3hRg,2026-08-07 01:22:16,8378,114,6,119.88,120.13,0.12,0
FMIZCq-6lRo,UCABvetlXpdOwFz10fCpJkwQ,2026-08-21 23:22:28,188711,2019,1362,119.89,120.14,0.11,0
FM_S1s7jKaA,UCSgvQDek_7CQj08fu7kp1Iw,2026-07-27 09:00:40,95912,1771,319,119.99,120.24,0.01,0
FMvyvNu3YCQ,UCV6mNrW8CrmWtcxWfQXy11g,2026-08-04 23:01:53,48221,814,12,119.97,120.22,0.03,0
FN4TtXHHkaY,UCV6mNrW8CrmWtcxWfQXy11g,2026-08-24 20:36:39,131310,5994,907,119.9,120.15,0.1,0
FN4WG1D652I,UCnhGcri8x6xhehanhAe9ipw,2026-08-14 10:31:03,15736,116,27,119.99,120.24,0.01,1
FNEPRpqM4eg,UCr4WCOxirRA-BzVu-MH_WqQ,2026-07-17 10:00:33,33178,147,14,119.99,120.24,0.01,1
FNGebpB78a4,UCAl4HWznMn7KhKBRFO5eiFA,2026-08-16 13:14:57,3660,4,0,120.0,120.0,0.0,1
FNGhx-o_TnE,UCYxwKnNRv4FurQxeKcuR0Sw,2026-08-21 03:00:12,31,3,0,119.76,120.01,0.01,0
FNM1UwVc_40,UCei_ecYpQqFjYhjLaDPr2Lw,2026-07-25 23:31:12,56,2,0,119.98,120.23,0.02,0
FNw8CGYq86M,UCnkytUgy0CtWd06up9CjNxg,2026-07-27 15:26:58,233113,4284,616,119.8,120.05,0.05,0
FNwHi0WKqgw,UCAl4HWznMn7KhKBRFO5eiFA,2026-07-21 15:10:12,9263,32,0,119.83,120.08,0.08,1
FNwO1U8fTTg,UCw1DsweY9b2AKGjV4kGJP1A,2026-08-09 07:50:30,633752,2587,74,119.91,120.16,0.09,1
FNwXjF9H-qM,UCV7WE8I_UiAN0fa6Arezx_w,2026-07-21 12:00:02,122,1,0,120.0,120.0,0.0,0
FO1U5K84t5g,UC1q4Ihlv_YhLELw-ijE0Diw,2026-07-24 13:19:27,99033,3049,271,119.93,120.18,0.07,0
FO81SiczC0o,UCeKjmFzU-Jlqg7diwzf2Udw,2026-07-25 00:13:08,8,0,0,119.78,120.03,0.03,0
FO9PtHCmNvA,UC3hqiw3lZAXaMwhQvMGZkdw,2026-08-12 13:15:00,3343,31,26,120.0,120.0,0.0,0
FOFvaxYuaZk,UC9jOsXFn3RwXEW3qUyySjAQ,2026-08-29 00:38:08,1237,11,0,119.88,120.13,0.12,0
FOLQVB305_I,UCOTJtP0Z9DjpPU43B5m1V6A,2026-08-22 13:00:24,147593,1054,210,119.76,120.01,0.01,0
FONVP-UsXxA,UCwBkHOTyu57NQi0syf5MLig,2026-08-21 09:00:00,350405,1159,78,119.76,120.01,0.01,1
FOPp6pah91A,UCqPN9LAkx20aBWOafwvQB-Q,2026-08-23 23:00:21,267935,9652,630,119.76,120.01,0.01,0
FOYSnT27J0o,UCIxcZWLQpP-mUZC6_Uljc_Q,2026-08-05 14:30:09,7301,22,31,120.0,120.0,0.0,0
FOh2d5XHhcY,UCZ-UuK86Bk5sGzQQ2cEglJQ,2026-07-28 08:27:16,63598,1754,53,119.8,120.05,0.05,1
FOhQx2Vqc94,UCFrKhWvZ8oeJQTNP5ZabgJw,2026-08-18 12:00:07,499649,5693,524,119.76,120.01,0.01,1
FOkFOTjRwRo,UCnCH3Uhv_ynhTNKEH6ekRtg,2026-08-21 07:23:36,12035,136,21,119.87,120.12,0.12,0
FOr46tr2_YA,UCt8CJiye87FMbEwt0npPMuQ,2026-08-26 17:38:58,12789,168,9,119.86,120.11,0.11,1
FOyOXfmhczY,UCdK9h1ILxS49c2LguBUY3rw,2026-08-19 20:42:22,39,4,0,119.8,120.05,0.05,0
FPKJ2zrDSDE,UCBS4sjbGJIcclT-Y6i_Jzkg,2026-08-02 17:05:27,1547,84,4,119.91,120.16,0.09,1
FPMYof5OM-k,UC0D75gKWfWeFY2OhStsQk2Q,2026-07-25 03:15:01,185139,1865,47,120.0,120.0,0.0,1
FPjssaLmPTQ,UCXNh3eUHXEkL7h1w1KYQRKQ,2026-08-07 06:03:23,102422,1248,20,119.95,120.2,0.05,1
FPm-ajRBvoU,UCe0loHR-Vltq0GPHgYyzmrQ,2026-08-24 11:16:55,313,12,4,119.98,120.23,0.02,0
FPq-PAYHqQo,UCwBkHOTyu57NQi0syf5MLig,2026-08-06 06:00:31,589025,4797,165,119.99,120.24,0.01,1
FPs9qugOOQg,UCgLFbrC7-g0ihBKB0obVPTg,2026-08-15 16:10:33,173,2,2,119.83,120.08,0.08,0
FPvd-ZVqUXI,UCN8L7Z-dyzu9FzT39RM0fvw,2026-08-29 01:00:07,27407,199,82,119.76,120.01,0.01,0
FQJ6hJPMqbs,UCBA9XaL5wCdHnC5EmEzwrqw,2026-08-07 03:00:34,294216,1808,122,119.99,120.24,0.01,0
FQNdbBERK4w,UCyZtdaxIiGb4wp5AmkEMrwQ,2026-08-24 09:29:01,135603,2892,39,119.78,120.03,0.03,1
FQ_618kaK6c,UCAGUSx1hbPKDqzBZH7bTjiA,2026-08-19 10:00:22,41536,643,152,120.0,120.0,0.0,0
FQcBMlMThPY,UCAl4HWznMn7KhKBRFO5eiFA,2026-08-13 11:55:48,6276,30,0,119.82,120.07,0.07,1
FQv1Rk4Y2Lg,UCrR_fhiJjoW8OJFzUcmlMMA,2026-08-14 07:00:21,5172,42,10,120.0,120.0,0.0,0
FR1W_zmkHiQ,UC5ThQKdocwo_9UurfT5P_ww,2026-08-08 02:34:03,215996,2882,97,119.93,120.18,0.07,1
FR4s1Z68SZI,UCO8ToDSM2Gvt3EZdOdosxTw,2026-08-20 05:30:38,6133,90,68,119.99,120.25,0.01,0
FR6tQAKJLEU,UC2U8C7lmbQpfBeAW8fTP_jg,2026-07-31 05:56:47,41498,674,40,119.81,120.06,0.06,0
FRB0SZ8Vki0,UCaN3tSrrzIrXSDonEe7LK9A,2026-07-30 08:00:20,1135,25,12,120.0,120.0,0.0,0
FRSFbnrWzFA,UCD9tj7ATjYkyPyWXK_ewNXQ,2026-08-24 20:43:24,56,1,0,119.79,120.04,0.04,0
FRd8b3Pyuvk,UCV7WE8I_UiAN0fa6Arezx_w,2026-08-08 04:00:01,27,0,0,120.0,120.0,0.0,0
FRsGUnsdR2o,UCkNUuK9EfixaK2HbJYZ5YrQ,2026-08-21 21:30:22,113075,7693,101,119.76,120.01,0.01,0
FRyHH2PYE48,UCYS2NvZlSjrxZfnn1v7b3QQ,2026-08-09 16:00:20,9,2,0,120.0,120.0,0.0,0
FS17f5UmmtU,UCpX86JOUhnrzG7MK8e8Gjbw,2026-07-23 04:21:36,22933,166,105,119.89,120.14,0.11,0
FS3XxVStGyI,UCYMXFMiaGBnZ08-wBHS2MPQ,2026-08-30 03:49:23,12618,52,10,119.94,120.19,0.06,0
FSIEbHqZwIY,UCrY2B2XX41ReYh9DIWrFfCg,2026-07-25 11:28:21,2445,,3,119.78,120.03,0.03,0
FSLmRu-XpiA,UCei_ecYpQqFjYhjLaDPr2Lw,2026-08-03 12:14:01,78,6,0,119.77,120.02,0.02,0
FSSmhC4GGuk,UCZ6mNZTiTUrUSbSYPlclI4A,2026-07-24 07:43:52,31199,951,25,119.77,120.02,0.02,1
FSTYF0g_468,UCby0vMKcLR05ZdS90aZd5og,2026-08-28 04:59:02,2281,2,0,119.78,120.03,0.03,1
FSmdJULHpmg,UCab17MxxnFtAhGsJVTkSkCg,2026-08-18 13:44:57,496,13,0,119.76,120.01,0.01,0
FSpuYcve81E,UCYJDUekoQz0-bo8al1diLWQ,2026-07-23 03:40:07,1730805,31812,408,119.83,120.08,0.08,1
FStSxdg9LQs,UCirJgPv8RtFaFMj39b6cD8Q,2026-08-17 09:00:10,3747,26,0,120.0,120.0,0.0,1
FTDbHwg8hXk,UCN5oT4zGJX-_H6pE5isAEeg,2026-08-28 09:57:41,143718,713,43,119.8,120.05,0.05,0
FTNrDNo-WFo,UCOaUTqrtz1yBBiwziVJEAmQ,2026-07-24 19:00:04,3308,18,23,120.0,120.0,0.0,0
FTOb0p5pvcU,UCt8CJiye87FMbEwt0npPMuQ,2026-08-18 14:45:11,1272,49,6,119.76,120.01,0.01,1
FTP6yS6fS9o,UCpI-AhCT02iQRGLC2ZcY0Jw,2026-08-06 09:00:29,40590,439,317,120.0,120.0,0.0,0
FTPr0ifhkvE,UCpcTrCXblq78GZrTUTLWeBw,2026-08-11 04:30:34,137851,736,33,119.99,120.24,0.01,0
FTUQXbUNsyw,UCe0loHR-Vltq0GPHgYyzmrQ,2026-08-31 07:00:24,14925,175,4,119.76,120.01,0.01,1
FTWq_TjahEs,UCrfB1-zWijAYkgfZW7Ehc8Q,2026-07-16 15:55:44,118932,4097,734,119.82,120.07,0.07,0
FTXmtS41O1g,UCV7WE8I_UiAN0fa6Arezx_w,2026-08-14 13:00:25,60,0,0,120.0,120.0,0.0,0
FTYgs1Gjokc,UC9jOsXFn3RwXEW3qUyySjAQ,2026-07-18 00:52:26,625,20,0,119.88,120.13,0.12,0
FTaRy5YC364,UCIOY-akTwtohcU0QB5ksjaA,2026-07-30 13:47:05,46,0,0,119.97,120.22,0.03,0
FThqBzR41qM,UCAl4HWznMn7KhKBRFO5eiFA,2026-08-19 04:35:18,9849,34,4,119.92,120.17,0.08,1
FTz7-eGKkwc,UCJDXc9JWCZo-nLNKr_-L2Ng,2026-08-15 17:46:38,1934,108,5,119.98,120.23,0.02,0
FUGHyrORp7Q,UCV6mNrW8CrmWtcxWfQXy11g,2026-08-24 22:00:12,99126,3271,46,119.76,120.01,0.01,1
FUOLloIhsRc,UCBW_PhuXoHk40xF6nO0Q64w,2026-08-09 12:14:01,2877,109,30,119.77,120.02,0.02,0
FUZsyJ4L-SE,UC3gl4CHfNtAqNjju1goB0_w,2026-08-07 07:24:00,0,0,0,119.85,120.1,0.1,0
FUsQEPwgy00,UCPGl9DV2WUgaqGVXtVrhJWQ,2026-07-19 13:43:35,4,0,0,119.77,120.02,0.02,0
FUvX7NelgYA,UCV7WE8I_UiAN0fa6Arezx_w,2026-08-27 19:00:08,433,0,0,119.76,120.01,0.01,0
FVC3-GFk89k,UCV7WE8I_UiAN0fa6Arezx_w,2026-07-22 13:00:04,54,0,0,120.0,120.0,0.0,0
FVKFY8VxTtU,UCV7WE8I_UiAN0fa6Arezx_w,2026-08-26 05:00:34,101,1,0,119.75,120.01,0.01,0
FVgqoPrSxmo,UCKrprPfevcAZpPuRnCO6xOA,2026-07-31 09:00:14,686,4,4,120.0,120.0,0.0,0
FVh6Xs_9ADE,UCkd3KAYGnTNPJZZrPOFeWhA,2026-08-28 01:07:21,19568,42,14,119.89,120.14,0.11,0
FW4S8tjDQV0,UCJDXc9JWCZo-nLNKr_-L2Ng,2026-08-27 10:00:29,1791,50,4,120.0,120.0,0.0,0
FW5fdy5iuTw,UCMZFHqDjg1IE5kzm9fZBOFw,2026-08-11 17:44:29,6064,21,0,119.76,120.01,0.01,0
FWB_6duxxS4,UC3DYSay178fMMPaf3zHwECA,2026-08-01 08:00:07,47933,1273,19,120.0,120.0,0.0,1
FWER4zNJWyc,UCkd3KAYGnTNPJZZrPOFeWhA,2026-08-07 12:00:09,12805,16,5,120.0,120.0,0.0,1
FWVq_LfxjYw,UCsmsw8102lekPyVYwKMHxmA,2026-07-25 22:00:30,5680,43,29,119.99,120.24,0.01,0
FWdmGXbij30,UCcsC1X0SyiWcxBTbnjoZ9Ag,2026-07-22 09:00:27,2596,23,13,120.0,120.0,0.0,0
FWfIzWFvfjA,UCbYO4SBywZ2oWv1u309oWmQ,2026-08-10 10:00:40,164228,1305,50,119.99,120.24,0.01,1
FWyXSzlXOns,UC_Xb6sEXAdNv9nHU4988vmg,2026-08-09 10:00:05,43403,,1,120.0,120.0,0.0,1
FX--QoSr7DM,UCK1aVlIbEBrdhv-gbSgGIkQ,2026-08-14 12:58:04,263,9,6,119.78,120.03,0.03,0
FX0Wyh6m3Zs,UCjyXK9pWHwWR_-bRibFaWDg,2026-08-12 11:10:32,37311,201,35,119.83,120.08,0.08,0
FX5BUDmN7m4,UC0PMQXAwF6O6aeTpv962miA,2026-08-29 16:03:45,164286,1299,150,119.95,120.2,0.05,0
FX6U44FG1Ho,UCpcTrCXblq78GZrTUTLWeBw,2026-07-15 23:45:34,473373,3599,255,119.99,120.24,0.01,1
FXOg5DqCF_M,UC8rbhIem-3aAsNXhTDI-nSA,2026-08-19 22:00:10,77696,1422,68,120.0,120.0,0.0,0
FXRCb0E0rH8,UC_m_uqd_9s0hZvlgfvCzqbQ,2026-08-11 13:46:36,880,5,0,119.98,120.23,0.02,1
FXSJ_-Yn1kM,UC6oq8RPEH1BmtyldQgXVbJw,2026-08-24 11:33:31,21421,468,17,119.95,120.2,0.05,1
FXubt0mM7wc,UCuXE-MdbuaZcPt_2J2kSsSQ,2026-07-17 03:39:36,185,5,1,119.84,120.09,0.09,0
FY-ePl4edhw,UCyU5JQ8KVRD9jE4E_xLsHxw,2026-08-28 09:00:07,62,0,0,119.76,120.01,0.01,0
FY1klvicMCA,UCVqmxk6oNOHj9RFVo4uP_lw,2026-08-06 23:00:11,31333,548,29,120.0,120.0,0.0,1
FY9da1RtGh8,UCt8CJiye87FMbEwt0npPMuQ,2026-08-25 14:30:29,8926,296,17,120.0,120.0,0.0,0
FYAnGUSIiVg,UCV7WE8I_UiAN0fa6Arezx_w,2026-07-20 00:00:28,83,0,0,119.99,120.24,0.01,0
FYR2yMHx9Tc,UCZ-B_El841ME7qGXvYinGmw,2026-07-26 14:59:07,6360,109,33,119.77,120.02,0.02,0
FYVKW-vCDE8,UCU0-6z_KU9AShyR9J6gcFGw,2026-07-24 15:10:23,287,2,0,119.83,120.08,0.08,0
FYXMlgpeb7I,UC-yb5eNBQyXBE9nZnht9u-g,2026-08-25 12:00:25,4802,189,27,120.0,120.0,0.0,0
FYc9S_6FGRc,UCpcTrCXblq78GZrTUTLWeBw,2026-08-08 20:00:26,19433,699,54,120.0,120.0,0.0,0
FYgNw97zfpk,UCCs1YZHxUTIbLZd-xrvvMCw,2026-08-30 13:31:24,167049,1415,190,119.99,120.24,0.01,0
FYvWaE0Z_Jk,UC6YqXiwCBfPvPTs3wXgWElQ,2026-08-04 08:00:39,5051,16,2,119.99,120.24,0.01,0
FYwjDqMGYrs,UC_m_uqd_9s0hZvlgfvCzqbQ,2026-07-24 07:50:21,538,2,0,119.91,120.16,0.09,1
FZ9jtPIT1j0,UCLbehOwlIi6QrfZNhC39t4Q,2026-07-11 06:36:09,39339,713,55,119.9,120.15,0.1,0
F_-h57Dzzuk,UCLuDznROytXtnMSDwo5aGJQ,2026-08-01 04:00:12,89826,1575,171,120.0,120.0,0.0,0
F_A-SttQ6vg,UCp6n8d8Y8r3MwKNw_MMaouQ,2026-08-28 10:40:43,36266,688,3,119.83,120.08,0.08,1
F_R_sKmDtvI,UCV7WE8I_UiAN0fa6Arezx_w,2026-07-18 09:00:09,46,0,0,120.0,120.0,0.0,0
F_WYu18NCgk,UCqI5lyTpC79pOy2D-VXAMdA,2026-08-22 14:01:37,98680,877,237,119.98,120.23,0.02,0
F_f-ZeEvGn4,UCyoKcrOcBEY4rmLYkDuXErA,2026-08-15 09:00:08,40660,489,19,120.0,120.0,0.0,1
F_gzOtN3spM,UCEcRvF_6IRSux8FO-ogFZug,2026-08-27 03:00:31,20937,771,39,120.0,120.0,0.0,0
F_jKhXz21uA,UCnCeDIkExSpULGqmpj5oafg,2026-08-30 15:00:11,14637,81,12,119.76,120.01,0.01,1
F_uZ1c6zvsc,UC8CZL4cvFiKwKKDNCuM2lTA,2026-08-29 09:32:26,60295,328,46,119.97,120.23,0.03,0
Fa3u2ci069I,UChKYbZ9fSz8DMM6wU-t1lMQ,2026-07-24 12:38:15,10643,351,11,119.86,120.11,0.11,0
Fa5cQbGn6Is,UC9zmo9x1o7xAfgM1Fw3Dg4g,2026-08-18 08:00:36,8896,556,166,120.0,120.0,0.0,0
FaBQAyKkKRk,UCV7WE8I_UiAN0fa6Arezx_w,2026-08-29 23:00:18,486,1,0,119.76,120.01,0.01,0
FaCJZMzsNw4,UCUbOogiD-4PKDqaJfSOTC0g,2026-08-03 13:59:58,163022,922,142,120.0,120.0,0.0,0
FaLK7L7Gtaw,UCz5LAkkX66OAW-y_WiWf9vA,2026-08-16 07:49:20,143,2,0,119.93,120.18,0.07,0
FaTFH8PveEU,UC-yb5eNBQyXBE9nZnht9u-g,2026-07-25 14:46:14,4277,243,4,119.98,120.23,0.02,0
Fac_IYFXmOQ,UC6LLMkdyses2ugPRNEXutMQ,2026-08-10 10:15:11,13079,98,9,120.0,120.0,0.0,1
FadAu2OPsig,UCnhGcri8x6xhehanhAe9ipw,2026-07-31 10:44:28,40230,293,46,119.76,120.01,0.01,1
Fb6rEXH-Cuo,UCikKJvpU0Ylua4hRW6faQRg,2026-08-13 00:09:33,4146,120,0,119.84,120.09,0.09,0
FbAIT-d8jeY,UCZNTsLA6t6bRoj-5QRmqt_w,2026-08-29 15:00:20,78030,1190,97,119.76,120.01,0.01,0
FbP3y62jAyI,UCSfhr4gDPFsKuwdmTOWp2jw,2026-08-05 09:30:09,127,3,2,120.0,120.0,0.0,0
FbRjZeAJsc8,UCuWDza8A_ntbjwBZgW0ZSNw,2026-08-09 03:30:39,56532,201,78,119.99,120.24,0.01,0
FbVtpw6c8NU,UCS2OAdHoLt-9T6cG9A2H49Q,2026-08-27 09:10:54,21957,129,11,119.83,120.08,0.08,1
FbaLJomHh3k,UCI3DTtB-a3fJPjKtQ5kYHfA,2026-07-31 02:06:15,3093,58,0,119.9,120.15,0.1,0
Fbcu9kMAl9g,UCV6mNrW8CrmWtcxWfQXy11g,2026-08-17 00:00:33,152071,4350,180,119.99,120.24,0.01,1
Fbfq0bWvrmA,UCTVkjiEiaiSbEq0Qwd5XTPA,2026-07-28 18:05:26,144,11,1,119.91,120.16,0.09,0
FbiPcmRo2xU,UCD8r5Jgns2V64-NcUmXclpg,2026-08-29 03:15:30,155483,378,85,119.76,120.01,0.01,0
Fbm4Qs6mY5A,UCOaUTqrtz1yBBiwziVJEAmQ,2026-07-27 19:00:22,15864,96,18,120.0,120.0,0.0,1
FbwzjtG-blc,UCw-JzmPsjRcbzJLncr4pIIA,2026-07-15 12:45:09,203887,2963,186,120.0,120.0,0.0,0
Fc1sI0vTjFc,UC3pTpoDKt17IrCDH60kSNPA,2026-08-03 02:46:03,16248,277,154,119.98,120.24,0.02,1
Fc3-Z1DO6c8,UCCd3jyJmOFzkJEMj5Bp89rw,2026-07-19 19:00:34,1498,77,1,119.99,120.24,0.01,1
FcB94OfdxbU,UC5ThQKdocwo_9UurfT5P_ww,2026-08-09 03:27:57,143895,1907,62,119.79,120.04,0.04,1
FcEJLxdAhdc,UCq6bX1rAJqwt3LmYuHrDPqg,2026-08-04 16:00:57,5396,14,1,119.99,120.24,0.01,0
FcHB1tTIfVI,UCmiTZyj9GwMjyznZxrgCH4Q,2026-08-24 07:33:05,73386,1282,94,119.96,120.21,0.04,0
FcLCwzoeWew,UCpX86JOUhnrzG7MK8e8Gjbw,2026-08-13 10:24:51,58714,220,146,119.84,120.09,0.09,0
FcLKQMfWCs8,UCPGl9DV2WUgaqGVXtVrhJWQ,2026-08-24 15:00:33,20,0,0,120.0,120.0,0.0,0
FcjmvzpRhfU,UC5ThQKdocwo_9UurfT5P_ww,2026-08-12 00:00:31,286962,4016,68,119.99,120.24,0.01,1
FcyJrEGl1vE,UChyEdiMY2maW8ySmbcmEyRg,2026-07-31 12:49:01,366,0,0,119.93,120.18,0.07,1
Fd6N_g1teO8,UCyoKcrOcBEY4rmLYkDuXErA,2026-07-28 09:00:17,167685,3748,48,120.0,120.0,0.0,1
FdFqkQRkFyw,UC7lwS-aSDzYHZJ9uWuzySwQ,2026-08-11 14:15:06,473,1,0,120.0,120.0,0.0,1
FdJTbKCTSXc,UCI3DTtB-a3fJPjKtQ5kYHfA,2026-08-14 02:00:34,7342,129,2,119.99,120.24,0.01,0
FdKGPvr9AnQ,UCw1DsweY9b2AKGjV4kGJP1A,2026-08-30 08:01:10,43287,107,27,120.0,120.0,0.0,0
FdL6H6ah8Ss,UC6YqXiwCBfPvPTs3wXgWElQ,2026-07-27 12:57:45,13144,48,18,119.79,120.04,0.04,0
FdNHlLlez1s,UCA2ztZuXhSktpdxb419WvCQ,2026-08-15 04:00:06,8374,94,47,120.0,120.0,0.0,0
FdON7dg6zz4,UCt8CJiye87FMbEwt0npPMuQ,2026-07-16 18:55:08,38107,1441,81,119.83,120.08,0.08,0
FdSOCe_C91U,UCs0LzOveQMLImmmTrMmP2sg,2026-08-22 12:27:45,141856,628,41,119.8,120.05,0.05,0
EccZKzvkqDM,UCSrQnB-Ip9hc0biFQ3HoKzg,2026-08-21 04:10:33,5536,370,20,119.84,120.08,0.08,0
EclA3SV55c8,UC6LLMkdyses2ugPRNEXutMQ,2026-08-15 10:15:15,17031,114,8,120.0,120.0,0.0,1
Ecw-eUQwF4U,UC2_VPutZK0o_tG8ca_QrQRA,2026-07-31 10:38:43,38874,,149,119.86,120.11,0.11,0
Ed4XVs_kqYs,UCyiKhng8Mr3xlm-rgec6mWQ,2026-07-28 06:00:33,22,1,0,119.99,120.24,0.01,0
EdL2z0Xqbbk,UCXS55IczImEf64aU16NzKlg,2026-07-24 14:15:16,4483,30,26,120.0,120.0,0.0,0
EdLy-2kclvQ,UCi8fe6P0_tLeZ1r31wOydvw,2026-07-29 04:00:06,4424,26,9,120.0,120.0,0.0,0
EdYZ7iCYHec,UCp6n8d8Y8r3MwKNw_MMaouQ,2026-08-23 18:57:11,2697,50,3,119.81,120.06,0.06,0
EdmFdNNPs2M,UCqFmG6ofirSWvI9B8mwzvyA,2026-08-12 03:45:33,624,16,0,119.99,120.24,0.01,0
Edp6H90Ah1s,UCJYdIDfGkqXTsQq5aW4md0Q,2026-08-24 02:52:08,307,1,0,119.89,120.15,0.11,0
Edpo9N-DRqk,UCPGl9DV2WUgaqGVXtVrhJWQ,2026-07-26 15:00:11,6,0,0,120.0,120.0,0.0,0
EeB4zzei2Nk,UCFHUplScMiWTjJrtv4hxWmg,2026-08-08 02:00:36,14747,204,19,119.99,120.24,0.01,0
EeHVrMAgKr8,UCpI-AhCT02iQRGLC2ZcY0Jw,2026-08-04 01:00:24,41206,464,298,120.0,120.0,0.0,0
EeKTgBN6Fy0,UCGW76VChAJKee9kYzvyoycQ,2026-08-11 07:00:32,10615,141,60,119.99,120.24,0.01,0
EeM41J2eiqU,UC3hqiw3lZAXaMwhQvMGZkdw,2026-07-20 13:15:04,5321,52,13,120.0,120.0,0.0,0
Ee_2nT8B7d4,UCNNR1-x2NhZARsNGnQlh2sQ,2026-08-10 08:00:01,19522,72,19,120.0,120.0,0.0,0
Ee_G1O09wVI,UCp77saYy1V_F3dld7GfJrcg,2026-08-28 08:00:38,444058,1719,266,120.0,120.0,0.0,0
EeiwwOYUDys,UCOaUTqrtz1yBBiwziVJEAmQ,2026-08-20 01:00:11,2546,131,9,120.0,120.0,0.0,1
EejIuJux29Q,UCcoJiq6MyAqJeo3urxjDqrg,2026-08-30 15:35:44,3042,7,3,119.92,120.17,0.08,0
EejMbcmKYGI,UCKVt3arMXfa6XZezR1UnjqQ,2026-08-29 09:00:17,9538,66,2,119.76,120.01,0.01,0
EetDWoVW_08,UCz4b1O9sT73P8DWwx6OvQwg,2026-08-27 07:00:19,35885,250,33,119.76,120.01,0.01,0
EeuBlkjc-9M,UClpc-7ejy_cntRdmrFLbOfg,2026-08-23 21:38:31,8798,98,14,119.87,120.12,0.12,1
Eex3ybY5_lk,UCdK9h1ILxS49c2LguBUY3rw,2026-08-26 11:30:16,9,2,0,119.76,120.01,0.01,0
EfTvCuqDq84,UCV6mNrW8CrmWtcxWfQXy11g,2026-08-31 23:00:44,227418,1125,5,120.0,120.0,0.0,0
EfaLkozXHUU,UCby0vMKcLR05ZdS90aZd5og,2026-07-22 06:41:33,2587,3,2,119.81,120.06,0.06,1
EfiR6UU9VEw,UCzDmGDR5RdahQkLCBoWlTEg,2026-08-25 15:25:44,32888,163,12,119.83,120.08,0.08,1
EflCByNmteY,UCDq6CfnZgtnqXEwG8tqvBfA,2026-07-21 15:39:41,41,1,0,119.84,120.09,0.09,0
EfsNQmhLfts,UCV7WE8I_UiAN0fa6Arezx_w,2026-07-26 15:00:35,78,0,0,119.99,120.24,0.01,0
EfwjytLNj94,UCPsZX-D7LW99PjZLA-UysPQ,2026-08-09 06:00:01,1063,6,1,120.0,120.0,0.0,0
EgM-z60uqfs,UCoH2pCzAr6zWDG-LtUiLWRw,2026-08-20 22:00:06,39992,578,311,119.76,120.01,0.01,0
EgN9HDyAg-I,UCuCmLrNT5MbpqfrSSKHqTug,2026-08-07 08:00:04,13802,166,32,120.0,120.0,0.0,0
EgWIWNV-fFc,UC6oq8RPEH1BmtyldQgXVbJw,2026-08-19 10:58:23,53531,1157,32,119.79,120.04,0.04,1
Egh3UJOxeCc,UC1Il94cQwl93Zun8ax1Qjlw,2026-07-31 03:24:22,1257,69,2,119.85,120.1,0.1,1
Eh-RIOyLTfE,UCvPDPTxTLitVEyGu4Xt6m8g,2026-08-19 12:37:42,34165,317,22,119.88,120.13,0.12,0
EhDMiOMGqLI,UCY_vDlvG-BTDRIOk_I9QQ6g,2026-08-02 11:59:34,780,20,0,119.76,120.01,0.01,0
EhDPuMeufAA,UCt8CJiye87FMbEwt0npPMuQ,2026-08-06 14:00:01,5003,122,14,120.0,120.0,0.0,0
EhLbX3hg8UU,UCKUUL3fMVvYVZdGkKhhjP0A,2026-08-26 08:09:21,55765,673,25,119.85,120.1,0.1,1
EhQZmzld-dw,UCv1tOT645xHOJrwdGlzjMaA,2026-07-24 06:24:48,73950,1315,19,119.84,120.09,0.09,1
EheuJ8wSBD4,UCTUnpbuKoOODvhLhCO_kO_A,2026-07-30 09:31:33,426,9,0,119.98,120.23,0.02,0
Ehg2Dwh_aPk,UCRpdlPk671uOMiBtf5HtB3Q,2026-07-27 09:56:51,15385,73,8,119.8,120.06,0.06,1
EhgvDJan5K4,UCAl4HWznMn7KhKBRFO5eiFA,2026-08-23 10:50:10,35532,198,14,119.93,120.18,0.07,0
EhxvC2f0Jvw,UCsRiYH-VrZ2mYsohk7GhLdQ,2026-08-13 12:00:36,45111,323,24,119.99,120.24,0.01,0
Ei4ikU1ksQY,UCdK9h1ILxS49c2LguBUY3rw,2026-08-27 11:30:37,15,2,0,120.0,120.0,0.0,0
EiAu3LnGQWY,UC-8S20Ll1gzPiu_YY8BgyaQ,2026-07-21 12:59:01,98875,610,72,119.77,120.02,0.02,0
EiLcfOmn640,UC3hqiw3lZAXaMwhQvMGZkdw,2026-08-21 00:15:28,18842,63,6,120.0,120.0,0.0,0
EiQ_Q3wvmP8,UCADf92tisOOh90hrZee4-LA,2026-08-01 14:24:27,53117,352,15,119.85,120.1,0.1,1
EiVa6ZqesIs,UC5Yx9RlmznXDUEIrfoSqheA,2026-08-14 05:06:42,93,3,1,119.89,120.14,0.11,0
EiYVRuUSEsg,UCwBkHOTyu57NQi0syf5MLig,2026-08-28 02:00:34,1184897,6807,127,120.0,120.0,0.0,1
Eikm4st4TPs,UCWwbZhw5M-Q5dZtTK4nDWNw,2026-08-31 03:00:11,189376,1865,49,119.76,120.01,0.01,1
EiybfBbyUYc,UCPPuXI31ybWYB560T2uAeMg,2026-07-26 11:53:58,5093,42,0,119.85,120.1,0.1,0
Ej2vHryXJeQ,UCjUnlBpn0Z1L450g79fniRg,2026-07-24 00:05:16,841,,0,119.91,120.16,0.09,0
Ej5EQM5eYGI,UCepHesz_5Lwr7qRaqjB-p1A,2026-07-15 03:00:06,105960,740,89,120.0,120.0,0.0,0
Ej5UGK5lsro,UCcNdwtZ7ulFFxngmnzsWQNA,2026-08-02 02:00:18,28182,323,132,120.0,120.0,0.0,0
EjRfQqKztlc,UCV6mNrW8CrmWtcxWfQXy11g,2026-07-29 03:18:47,191697,7656,1951,119.94,120.19,0.06,0
EjZZx6Y3f1A,UCEg24oF81p-THPtp3otdmTA,2026-07-21 09:00:08,87078,1546,34,120.0,120.0,0.0,1
EjjXtrkhKok,UCz4b1O9sT73P8DWwx6OvQwg,2026-08-27 03:00:39,84994,1580,22,120.0,120.0,0.0,1
EjsQP-hGvRw,UCQuY08EEKLFOp0D37Sfpd0A,2026-08-15 11:00:26,200908,1932,52,120.0,120.0,0.0,1
EkBk20P4MXE,UC1Ns07Rw0lQK-KuaPHfRRTw,2026-08-26 14:42:21,39,0,0,119.8,120.06,0.06,0
Ekg__Fo1zxw,UCzSODDx0zQF3nxXOZISCm_w,2026-08-29 09:30:31,964,4,0,119.76,120.01,0.01,1
EkjzxTjos-k,UCwBkHOTyu57NQi0syf5MLig,2026-08-13 14:46:17,67829,436,128,119.98,120.23,0.02,0
Ekpnoy461Yg,UCdK9h1ILxS49c2LguBUY3rw,2026-08-01 10:45:12,99,1,0,120.0,120.0,0.0,1
El7scTq4DZ8,UCl-VnCUwSxDr5zPu-YlDUYw,2026-07-21 08:00:31,36900,366,6,119.99,120.24,0.01,1
ElBW8UlTUbE,UCS2OAdHoLt-9T6cG9A2H49Q,2026-08-14 09:00:08,25469,158,27,120.0,120.0,0.0,1
ElGhAT4Vy-I,UCQJuZxeDv2P05YHcC-tIEVQ,2026-08-25 08:30:24,68626,1877,75,119.76,120.01,0.01,0
ElH-plK2iEI,UCifCesg-EUkjKyQedaB3hRg,2026-08-21 01:46:40,26696,85,0,119.98,120.24,0.02,0
El_qyhzmawA,UCcum1rCJ5GJeQ_xv0xrohqg,2026-08-11 05:00:05,48965,2261,65,120.0,120.0,0.0,1
EldOnXiVdf8,UCcHVk5SFxfYhCbbX8pWWuVg,2026-08-26 09:00:14,16448,117,23,119.76,120.01,0.01,0
ElwP12iKNJA,UCtGMgPWJNU2Aj-SNK0zg0Sg,2026-08-21 12:12:14,3151,9,4,119.81,120.06,0.06,0
Em-Lrd5y1hc,UCFvdXoI9LTADYG07s4pMnhg,2026-07-26 01:45:37,31763,147,121,119.99,120.24,0.01,0
Em55K0P39nU,UC0uQYROl6H_8-Lb2bFz6yyg,2026-08-18 09:00:15,7691,115,28,119.76,120.01,0.01,0
EmFYuTr08as,UCbvvdVOF0teLO-U6GWh1RKg,2026-08-30 03:39:33,2133,11,11,119.86,120.1,0.1,0
EmZ6Rco3dVQ,UCXAXCxTCCYYKsLJNzEvjqfw,2026-08-30 13:36:15,77777,457,65,119.91,120.16,0.09,1
Emke9-p6a9U,UC8x8GQmlxAIhHxzU61z0uLQ,2026-07-10 14:00:12,5629,55,14,120.0,120.0,0.0,0
EmsQB1EHf_c,UCifCesg-EUkjKyQedaB3hRg,2026-08-21 01:05:16,16105,338,0,119.93,120.17,0.07,1
En0MpNlKPew,UCd6CX2LiQE2dEAPXwk2N0jg,2026-07-27 10:00:30,70509,819,189,119.99,120.24,0.01,0
EnIxKpA5MPA,UCM7ccuD_XdAXSTuhVrLUo9A,2026-07-29 13:00:28,5,1,0,119.99,120.24,0.01,0
EnQl9DchoXQ,UCqVkQsNin4MdGFrWvzFVOKw,2026-07-27 01:47:39,9971,260,15,119.96,120.21,0.04,0
EnRtyYHaODQ,UCPsZX-D7LW99PjZLA-UysPQ,2026-08-30 15:00:08,4745,9,3,119.76,120.01,0.01,0
EnV_lZdoqEg,UCifCesg-EUkjKyQedaB3hRg,2026-08-01 02:22:40,62901,1019,30,119.87,120.12,0.12,1
Eo0ial_PI6g,UC3pTpoDKt17IrCDH60kSNPA,2026-08-14 07:00:17,1562,11,5,120.0,120.0,0.0,1
EoAsqwKOPQ0,UCV6mNrW8CrmWtcxWfQXy11g,2026-07-31 02:32:17,34329,659,6,119.96,120.21,0.04,0
EoF2gPmqjJY,UCPI40-XQA9-GBGj2k8PPqfg,2026-07-20 08:50:28,51623,936,108,119.91,120.16,0.09,0
EoFH9cW6WaM,UCPI40-XQA9-GBGj2k8PPqfg,2026-07-30 08:50:39,77186,1389,158,119.91,120.16,0.09,0
EoNsFvSvKqs,UCJ_skdHPp19J9qGsgXxjMnA,2026-07-28 08:00:39,33279,240,48,119.99,120.24,0.01,1
EoYSOvcYdGY,UCV2rXchZ5JNpvmSIOVEQ5oA,2026-08-23 03:00:23,60712,109,19,119.76,120.01,0.01,1
Eog7Z3EGzV0,UC4VWaR3R17Ruc7j1Cy1-PKQ,2026-07-14 11:55:48,228,6,0,119.82,120.07,0.07,0
EolRFVe0p38,UCWZqSCSNZT3X8e_HyCJoXMg,2026-08-15 12:14:10,49269,1420,39,119.77,120.02,0.02,1
EomobrzR8jY,UCzSODDx0zQF3nxXOZISCm_w,2026-08-24 12:00:24,1045,4,0,119.75,120.26,0.25,1
EompK1bDg7I,UCPGl9DV2WUgaqGVXtVrhJWQ,2026-07-13 15:00:27,0,0,0,119.99,120.24,0.01,0
EornRvGdzKM,UCNmN3W2H0r5_hV2drzbEn7Q,2026-08-11 11:35:01,55918,118,0,119.92,120.17,0.08,0
Ep7R4WFqAN8,UCYS2NvZlSjrxZfnn1v7b3QQ,2026-08-12 16:02:03,8,1,0,119.97,120.22,0.03,0
Ep9j25F35wg,UCyiKngyUPUb1bka4yFrn65g,2026-08-04 21:42:54,1040,13,0,119.79,120.04,0.04,0
EpE5jeVREYs,UCFCt5RYu41HTg4eX1jdHNxw,2026-08-24 22:38:05,992,29,0,119.88,120.13,0.12,0
EpfcGpzRSt8,UCTDBdmaY4m3ipZaLiYA6FWg,2026-07-27 03:22:26,16758,117,32,119.88,120.13,0.12,0
EphKgMLqAVc,UCPuD5ZRQWa_JCaY5NokNhtg,2026-08-03 01:04:35,634,8,3,119.93,120.18,0.07,0
EqJOuOb16bw,UCwBkHOTyu57NQi0syf5MLig,2026-08-16 05:19:38,49702,305,14,119.93,120.18,0.07,1
EqJPelzq7pA,UCS2OAdHoLt-9T6cG9A2H49Q,2026-08-29 03:00:12,27574,144,53,119.76,120.01,0.01,0
EqQ1bfPUO34,UC9nWoDbRAl3-fvreBNeStKQ,2026-08-23 02:15:05,7156,90,13,119.76,120.01,0.01,1
Eq_uA6y1KzI,UC_F-jhf8uO0fzrM7NQwvs3Q,2026-08-03 12:32:16,26,0,0,119.96,120.21,0.04,0
Eqh-Gmm1OmA,UCElXDMEQqlUnuyDbChjARWQ,2026-08-12 08:00:08,999,1,0,120.0,120.0,0.0,0
Er9vR6SFU4M,UCzVXdulvpgEoI8yuFMmhxJw,2026-08-05 23:10:07,4246,164,2,119.83,120.08,0.08,0
ErXh91IqBQk,UCV6mNrW8CrmWtcxWfQXy11g,2026-08-28 14:30:04,756134,26038,422,119.76,120.01,0.01,1
ErYyZzbs-UA,UCw-JzmPsjRcbzJLncr4pIIA,2026-08-08 12:30:36,154207,2225,135,119.99,120.24,0.01,0
ErdkemWzixw,UCADf92tisOOh90hrZee4-LA,2026-07-15 15:52:26,98337,1004,47,119.88,120.13,0.12,1
ErwifeCI5Po,UCYM01qjjE_hmqFQAmOo-lNg,2026-08-06 15:44:45,827,12,2,119.76,120.01,0.01,0
EsJDT3TL5xI,UCYJ0Ucu9jPX5kn6SeDcNaIQ,2026-07-31 00:39:17,98901,704,140,119.85,120.1,0.1,0
EsNaJCq6Ys4,UCp6n8d8Y8r3MwKNw_MMaouQ,2026-07-22 18:15:28,7133,204,8,120.0,120.0,0.0,1
Esak_pPw8E0,UCXtU-C_e2iBzPSq9oLXtbVw,2026-08-22 23:15:06,133,2,2,119.76,120.01,0.01,0
EtTgetu3FQc,UCbItyvYa6cqvqtwlU2E9-wA,2026-07-27 15:07:18,13402,602,62,119.88,120.13,0.12,0
EtfMUvuUgLI,UC4VWaR3R17Ruc7j1Cy1-PKQ,2026-08-23 23:49:44,332,3,5,119.93,120.19,0.07,0
Etve1eD2uIQ,UCV7WE8I_UiAN0fa6Arezx_w,2026-08-28 05:00:28,215,0,0,119.75,120.01,0.01,0
Eu0jkK_iEQQ,UCarBV0zWlC2k-HteyeKqfag,2026-07-25 17:42:46,17518,125,0,119.79,120.04,0.04,0
Eu9g9KkM8wU,UC9DNu8JRIcE-rpo9eBx1ffw,2026-08-29 17:03:27,1815,2,8,119.96,120.21,0.04,0
EuBKCceNqy4,UCOTJtP0Z9DjpPU43B5m1V6A,2026-08-27 14:06:00,133010,588,7,119.91,120.16,0.09,0
EuDz2zjLDh8,UC2t5bjwHdUX4vM2g8TRDq5g,2026-07-30 17:00:31,62841,2374,135,119.99,120.24,0.01,0
EugHUe4fZOU,UCz5LAkkX66OAW-y_WiWf9vA,2026-08-09 10:15:17,21090,84,12,120.0,120.0,0.0,1
EuqrDka1gjQ,UC-FiQR2gg8oiNw98ZdsSX6Q,2026-08-22 17:45:36,1014,5,0,120.0,120.0,0.0,0
EusaTkm9hJk,UCgLFbrC7-g0ihBKB0obVPTg,2026-08-17 16:08:28,200,2,2,119.86,120.11,0.11,0
EuxXqmp5ZmM,UCV7WE8I_UiAN0fa6Arezx_w,2026-08-31 16:00:08,424,1,0,119.76,120.01,0.01,0
Ev3ibC9FXPc,UChHxLcNi7e0zu-e33HM6v6A,2026-07-27 09:00:14,7690,129,29,120.0,120.0,0.0,0
EvC30yjlsKQ,UCw1DsweY9b2AKGjV4kGJP1A,2026-07-10 10:59:54,127242,450,355,117.77,121.62,1.62,0
EvEjeGvGoDg,UCN5oT4zGJX-_H6pE5isAEeg,2026-08-25 10:42:48,58057,679,54,119.8,120.05,0.05,0
EvHD57a_yDs,UCEuP8zMn3ln3ZqJa85dp9JQ,2026-08-08 08:45:22,14958,665,10,120.0,120.0,0.0,1
EvMCDts6e1w,UCE8JC9RAVSudDT_8Ji1fuPQ,2026-07-12 08:45:29,69700,920,61,119.99,120.24,0.01,0
EvkAaVJRSoM,UChHxLcNi7e0zu-e33HM6v6A,2026-08-04 04:21:32,10861,139,50,119.89,120.14,0.11,0
EvyQRXqk8_o,UCMswODzU1ZjjrLyUk7NfwPA,2026-08-31 03:45:04,42807,687,35,119.76,120.01,0.01,0
EwABtKCNHs8,UC0aKwoKNeqBaUwiEXmkQaGQ,2026-08-05 10:30:28,32078,552,191,119.99,120.24,0.01,0
Ew_HX3TtyyA,UC8FErYSi74YwGUAoTpjvgzQ,2026-07-16 09:00:33,10313,315,21,119.99,120.24,0.01,0
Ex0NRdNMNXo,UCV6mNrW8CrmWtcxWfQXy11g,2026-08-06 16:27:05,102433,5424,232,119.8,120.05,0.05,1
ExNm98R5Nkg,UCeB_ZeSo0xDL62wWlkTEtjA,2026-08-31 10:53:26,69779,243,206,119.87,120.12,0.12,0
ExOmdZIvX6I,UCbItyvYa6cqvqtwlU2E9-wA,2026-08-21 18:00:02,8676,490,37,119.76,120.01,0.01,0
ExRMJZh3oc0,UCKrprPfevcAZpPuRnCO6xOA,2026-07-31 10:29:40,22,0,0,119.76,120.01,0.01,0
Exj07rvg33A,UCuetAJhNx1unKTXo7e1c0xQ,2026-08-06 04:10:12,6637,37,14,119.83,120.08,0.08,0
ExjpT6-GUZk,UC9nWoDbRAl3-fvreBNeStKQ,2026-08-07 14:45:32,15355,156,18,119.99,120.24,0.01,1
ExocICI5y5w,UCXVVG5ZM3SJJCh94xatR8Dg,2026-08-05 08:00:25,958,7,1,120.0,120.0,0.0,1
ExqHG_nCebE,UCYS2NvZlSjrxZfnn1v7b3QQ,2026-08-03 16:02:27,3,2,0,119.96,120.21,0.04,0
Ey-_NpXJZV4,UC5ThQKdocwo_9UurfT5P_ww,2026-07-15 07:00:17,929595,23650,543,120.0,120.0,0.0,1
Ey0JyVEssFo,UCz4b1O9sT73P8DWwx6OvQwg,2026-08-03 08:34:34,99978,2099,14,119.93,120.18,0.07,1
EyK7JYjbgpU,UCv1tOT645xHOJrwdGlzjMaA,2026-08-04 09:00:29,6471,130,9,119.99,120.25,0.01,0
EySUiOYrg-c,UCq6bX1rAJqwt3LmYuHrDPqg,2026-08-12 18:51:04,4384,8,0,119.9,120.15,0.1,0
EyVXD0K75so,UCYM01qjjE_hmqFQAmOo-lNg,2026-08-17 14:32:21,1124,7,0,119.96,120.21,0.04,0
EyW44TIFBOc,UC-8S20Ll1gzPiu_YY8BgyaQ,2026-07-13 12:55:16,84794,614,92,119.83,120.08,0.08,0
EyWtFKvaviE,UCw1DsweY9b2AKGjV4kGJP1A,2026-08-24 10:02:04,10021,40,12,119.98,120.23,0.02,0
EydNJ1CUd1s,UCcJliZnsRbNw4I4uWSGq_wA,2026-08-28 10:34:01,35147,109,52,119.95,120.2,0.05,0
EygKOkjBgGU,UCeB_ZeSo0xDL62wWlkTEtjA,2026-08-10 17:03:11,27963,226,157,119.95,120.2,0.05,0
EynXBTHAtvo,UC2yOBpLVwB7kzt9C5ZPbB7w,2026-08-05 20:00:37,124680,1586,92,119.99,120.24,0.01,1
EyoDa96z6qI,UCxPMcxq7WJ32M3lnFn58Cpg,2026-08-12 12:45:19,1345,5,3,120.0,120.0,0.0,1
Ez4YXo8CVnI,UC9M8GGVwPqc9ubNruArCNPg,2026-08-01 12:00:12,33835,915,49,120.0,120.0,0.0,1
EzBKkONV6Tc,UCoH2pCzAr6zWDG-LtUiLWRw,2026-07-10 22:30:07,37651,384,79,120.0,120.0,0.0,0
EzJYOe06olI,UCYooECrv-fIXlPaDwEIaveA,2026-07-18 09:01:23,57433,965,99,119.98,120.23,0.02,0
EzaH0SKW5sM,UCKrprPfevcAZpPuRnCO6xOA,2026-07-23 09:30:20,729,6,0,120.0,120.0,0.0,0
Ezgr3uz4Gdg,UCt8CJiye87FMbEwt0npPMuQ,2026-07-22 14:00:04,3949,149,22,120.0,120.0,0.0,0
F-1W6jq6a-E,UCyfvCj_x8SzzSbhqr--dhvg,2026-07-29 03:05:21,252,0,1,119.92,120.16,0.08,1
F-Dq-u2TXDk,UCBA9XaL5wCdHnC5EmEzwrqw,2026-08-07 02:23:56,1447795,26857,477,119.85,120.1,0.1,1
F-RKhAX1Xc4,UCg7rkxrTnIhiHEpXY1ec9NA,2026-08-23 10:30:38,227511,8388,684,120.0,120.0,0.0,0
F-RQ2zeEIxQ,UC5ScPjbt-a97AJO7SBj6nAg,2026-08-29 04:58:00,47839,1404,139,119.8,120.05,0.05,1
F-VU6Ua6VLY,UCIzbqIyEUxtFLYh_sCDoXpw,2026-08-29 17:54:06,81546,850,31,119.86,120.11,0.11,1
F-vkP9365TI,UCJoWNCiFuiN4eZnB80WUf4Q,2026-08-20 05:30:20,138824,2057,202,120.0,120.0,0.0,0
F030Ud96JaM,UC783XWULPW-nDGv_0EYlB6Q,2026-08-08 10:00:15,41751,1044,16,120.0,120.0,0.0,1
F0AQr9MEM30,UCuWDza8A_ntbjwBZgW0ZSNw,2026-07-18 05:02:43,136288,1814,72,119.96,120.21,0.04,1
F0BMFeDYQ04,UCt8CJiye87FMbEwt0npPMuQ,2026-07-17 22:43:29,8439,299,21,119.78,120.03,0.03,0
F0MoQISGPBk,UCs0LzOveQMLImmmTrMmP2sg,2026-08-23 03:00:37,113539,649,92,120.0,120.0,0.0,0
GdY11dA_IuI,UCNu00qhYj4nPeMNdxuwV6sg,2026-08-24 15:25:18,1232,36,0,119.84,120.09,0.09,0
GdpAccavpOM,UCZCZHg_oJiHcrcj2vaPRCag,2026-08-07 09:00:09,34,1,2,120.0,120.0,0.0,0
GdtYoZHCMzo,UCZ6mNZTiTUrUSbSYPlclI4A,2026-08-26 04:00:23,24396,303,23,119.76,120.01,0.01,1
Ge-CZSDLxlc,UCGi94VU356EAvQLgODywyrA,2026-07-26 19:21:38,10966,196,3,119.89,120.14,0.11,0
GeGj5c5inps,UCppLE7C1TC4ovrGbRoTzsmg,2026-08-20 03:00:18,1749,24,29,120.0,120.0,0.0,0
GeNi2hSp2HU,UCV7WE8I_UiAN0fa6Arezx_w,2026-08-05 19:00:19,58,1,0,120.0,120.0,0.0,0
GePZYyaFkWc,UCpcTrCXblq78GZrTUTLWeBw,2026-08-14 16:30:00,47847,883,116,120.0,120.0,0.0,0
GeQPbtb6PTs,UCETJ2rkwgeYb0OojPNh-DRw,2026-07-12 14:52:06,486,4,0,119.88,120.13,0.12,0
GeXLjZ6lN0c,UCw1DsweY9b2AKGjV4kGJP1A,2026-08-03 10:00:06,36698,160,41,120.0,120.0,0.0,0
GefgP1cw6VE,UCzDyC6JMEXEufozffWzI9Mg,2026-08-07 04:00:15,49013,635,37,120.0,120.0,0.0,1
GepTf5tvC4Y,UC_E_qYfGKM3C0kqrp1p8z7Q,2026-07-23 15:00:28,115,9,0,120.0,120.0,0.0,0
Gf1bGGYryYk,UCzps05UZ7XpX3SFoFyYIDow,2026-08-09 11:38:31,98071,278,98,119.86,120.11,0.11,0
Gf7aMb4jOj8,UCzRPPKLkNxjD2of-0Xxfnjw,2026-07-26 14:03:43,28432,328,27,119.94,120.19,0.06,1
GfTcq5bqFAk,UCNZiNM2pP6uhIlTQVS2Q5fA,2026-08-07 18:11:21,305687,3839,362,119.81,120.06,0.06,1
GfX_UMJIxKs,UCcJliZnsRbNw4I4uWSGq_wA,2026-08-29 14:47:54,34162,94,38,119.96,120.21,0.04,0
GfaIjujJBVo,UC6oq8RPEH1BmtyldQgXVbJw,2026-08-16 10:05:19,11294,98,11,119.91,120.17,0.09,1
GfwR02F632Q,UC3hqiw3lZAXaMwhQvMGZkdw,2026-08-06 13:15:28,3057,37,15,120.0,120.0,0.0,0
GgEC-fZgM5k,UCei_ecYpQqFjYhjLaDPr2Lw,2026-07-11 23:49:37,45,7,0,119.92,120.17,0.08,0
GgNN8HDJ050,UCv1tOT645xHOJrwdGlzjMaA,2026-08-28 06:00:07,26366,435,6,119.76,120.01,0.01,1
GgOGoOBZ_Z4,UC1q4Ihlv_YhLELw-ijE0Diw,2026-08-07 12:00:21,145077,2520,154,120.0,120.0,0.0,0
GgtA-8yBZTM,UCPGl9DV2WUgaqGVXtVrhJWQ,2026-07-22 15:00:38,5,0,0,119.99,120.24,0.01,0
GgxM-wknwrw,UCzSODDx0zQF3nxXOZISCm_w,2026-08-12 09:30:35,220,2,0,119.99,120.24,0.01,1
Gh3zvQyU8A4,UCBA9XaL5wCdHnC5EmEzwrqw,2026-08-20 14:29:12,209606,1127,112,119.77,120.02,0.02,0
Gh577vDH66g,UCxpyoLu0jWQJ71_p5zMSgSA,2026-08-28 06:36:05,924,16,1,119.91,120.16,0.09,1
GhK67NN6q0s,UC4VWaR3R17Ruc7j1Cy1-PKQ,2026-08-05 07:43:27,58,7,3,119.78,120.03,0.03,0
GhnCMKitAp0,UC543-TDm6IvHHZXwdSFioMw,2026-08-08 11:00:06,13323,29,2,120.0,120.0,0.0,1
GhwBHeoP5Oo,UC8rbhIem-3aAsNXhTDI-nSA,2026-07-26 22:00:18,88084,1363,86,120.0,120.0,0.0,0
Gi32k_bQMRE,UCQyZh4b4TLaSVldnDWnh7fA,2026-07-26 06:51:23,4,0,0,119.9,120.15,0.1,0
GiDG1URAK4c,UCzRPPKLkNxjD2of-0Xxfnjw,2026-07-17 11:49:50,20254,494,98,119.92,120.17,0.08,0
GiIO7zpfOhY,UCPGl9DV2WUgaqGVXtVrhJWQ,2026-08-16 15:00:25,6,0,0,120.0,120.0,0.0,0
GiZAICs1Otc,UCO94iFhOhtdGb4Ze5DUAtbw,2026-08-01 02:00:28,30957,595,18,119.99,120.24,0.01,0
GidNunpLD3o,UCa4clnMsHg6uJPpxKbxCEmA,2026-07-22 07:00:33,57779,732,51,120.0,120.0,0.0,0
GiiLe-M6vBA,UCAAtd2dSVf8urfwovnEIYaw,2026-07-23 22:42:40,948,2,1,119.79,120.04,0.04,1
GikcSvG2DOY,UCby0vMKcLR05ZdS90aZd5og,2026-07-27 02:49:00,27304,15,0,119.94,120.19,0.06,1
GiwAemHK600,UCUt2AEhC-OOC2EPCzj4DkCw,2026-08-30 08:00:10,30528,293,51,119.76,120.01,0.01,0
GiwHC0TZLaI,UC5RxNUZ9_c94ZEfJGnJZmTw,2026-07-25 12:00:16,3721,165,26,120.0,120.0,0.0,0
GjBsXp-tlXs,UCxn8csYeZg6awRnZS-aqg0g,2026-08-06 17:15:32,19793,680,37,119.99,120.24,0.01,1
GjIFD4olz84,UC-FiQR2gg8oiNw98ZdsSX6Q,2026-07-24 06:14:37,1076,3,0,119.76,120.01,0.01,1
GjQD2KZIXjw,UCxpyoLu0jWQJ71_p5zMSgSA,2026-08-31 08:00:13,64754,804,53,119.76,120.01,0.01,1
GjS_PTLScTE,UCpcTrCXblq78GZrTUTLWeBw,2026-08-27 20:30:18,65296,941,64,119.76,120.01,0.01,0
GjYYp3I6490,UCyiKngyUPUb1bka4yFrn65g,2026-08-11 00:25:56,949,8,3,119.82,120.07,0.07,0
Gjd2bu7qg2o,UCZCZHg_oJiHcrcj2vaPRCag,2026-08-11 15:35:36,60,2,0,119.91,120.16,0.09,0
GjkjvTLr3YI,UCnju7ULBic4VgkCfDvVXCnA,2026-07-31 09:00:29,79097,111,27,119.99,120.24,0.01,1
Gjl5ffndWKE,UC5ScPjbt-a97AJO7SBj6nAg,2026-08-21 07:30:24,169150,4697,124,119.76,120.01,0.01,1
Gjpw5dQ7_So,UCXYNuWjnQRSAXCGl9gv8Ncw,2026-07-12 01:00:21,142885,2437,314,120.0,120.0,0.0,0
GjrKfaFO_40,UCpTNtH8yc1Kdl_YFfsQsTYA,2026-08-24 01:54:06,3374,12,0,119.86,120.11,0.11,0
GkCJ4cPmk3c,UCXQoI3upwKr47JAiVaYkvIw,2026-08-28 13:25:02,27048,118,21,119.85,120.1,0.1,0
GkPluN2wTXk,UCTUnpbuKoOODvhLhCO_kO_A,2026-08-28 08:00:26,891,14,3,119.76,120.01,0.01,0
GkQRJtb6lcE,UChLqHuZV0PENIBYxDgXyPLQ,2026-07-30 08:51:12,154861,3084,134,119.9,120.15,0.1,1
GkaD3V9yj80,UCOTJtP0Z9DjpPU43B5m1V6A,2026-07-28 09:42:00,120044,1150,79,119.8,120.05,0.05,0
GkajJfnEHd4,UC8x8GQmlxAIhHxzU61z0uLQ,2026-08-14 11:33:31,20860,163,6,119.94,120.19,0.06,0
GkdjOH6R884,UC43hOVGChFuQRV47vxc_c-g,2026-08-30 17:07:16,0,0,0,119.89,120.14,0.11,0
GkrWvm01Ruo,UC2yOBpLVwB7kzt9C5ZPbB7w,2026-08-03 20:00:10,95709,1154,49,120.0,120.0,0.0,1
Gkv0ZszeFXc,UCjyXK9pWHwWR_-bRibFaWDg,2026-07-26 04:27:14,40984,377,73,119.8,120.05,0.05,0
Gl2gcgkjxwA,UCJDXc9JWCZo-nLNKr_-L2Ng,2026-08-28 15:54:33,1758,54,5,119.85,120.1,0.1,0
Gl8Mg5lIUeI,UCJPseQU9-GQKn7CGt3pDJjQ,2026-08-25 16:35:57,89,3,1,119.91,120.16,0.09,0
GlC7_bqL_bY,UCCiKOocVSjyb2rsbL_Aanhw,2026-08-16 22:00:05,100525,248,95,120.0,120.0,0.0,1
GlJIgztHI2I,UCt8CJiye87FMbEwt0npPMuQ,2026-07-25 15:45:33,4487,174,20,119.99,120.24,0.01,0
GlUY8SvFu6Y,UCAGUSx1hbPKDqzBZH7bTjiA,2026-07-23 10:00:01,76146,1251,216,120.0,120.0,0.0,0
GldpWK2tcuI,UC2f8VfmEF2_0-rFN4RNHaNg,2026-08-11 22:24:29,35594,2083,298,119.84,120.09,0.09,0
GleRjRyRqMk,UCt8CJiye87FMbEwt0npPMuQ,2026-08-15 15:00:06,13408,491,72,119.75,120.25,0.25,0
GlpApeZSL3I,UCyAA-Vj4ORjXl5Ui2m6_Llw,2026-08-27 09:00:13,43980,91,26,119.76,120.01,0.01,0
Glr57-1Pkao,UCzSODDx0zQF3nxXOZISCm_w,2026-07-25 02:30:06,1346,4,0,120.0,120.0,0.0,1
Glx3OkjT9DU,UCjUnlBpn0Z1L450g79fniRg,2026-08-29 10:11:51,49198,83,54,119.81,120.06,0.06,0
GmE3txW3NBM,UCE8JC9RAVSudDT_8Ji1fuPQ,2026-08-26 08:45:00,81921,1719,74,119.76,120.01,0.01,0
GmGN2zy9WNE,UCifCesg-EUkjKyQedaB3hRg,2026-08-14 01:49:37,981,21,0,119.93,120.18,0.07,0
GmJ-rRYHfiE,UCM81CAJ2_Y42-bvK1OQnAAA,2026-07-31 11:07:32,45054,522,394,119.88,120.13,0.12,0
GmOTW9ThR8Y,UCjyXK9pWHwWR_-bRibFaWDg,2026-07-27 10:12:56,30773,318,55,119.79,120.04,0.04,0
GmcS898vXwM,UCw1DsweY9b2AKGjV4kGJP1A,2026-08-06 14:00:32,12600,47,9,119.99,120.24,0.01,0
Gmj4ZM6oXOM,UCNrQ0VbdprXAur6OZKexjEw,2026-08-17 09:00:26,34694,591,96,120.0,120.0,0.0,0
Gn6U79uCBZE,UC0tmAwhgk_1ATJtFyVHrFxg,2026-08-04 14:19:00,400883,11198,865,119.94,120.19,0.06,0
GnGFYNewdiI,UCRCK5FCJtomQT3b88jXI_DA,2026-08-12 05:24:07,6993,,,119.85,120.1,0.1,0
GnMXmQzsoeI,UClHTjLVog7CkRF8tYJuNXXQ,2026-08-02 22:30:30,207,11,1,119.99,120.25,0.01,0
GnNEQt0Hv5I,UCt8CJiye87FMbEwt0npPMuQ,2026-07-29 16:30:35,3209,114,6,119.99,120.24,0.01,0
GniNxJ46PpI,UCjOtzpfj5lF9erwTEQYkxtQ,2026-08-31 03:00:09,99625,1108,75,119.76,120.01,0.01,0
GnpxrvjtxKk,UC0Zl_lyMoTbroBSNv7SpGuQ,2026-07-24 22:11:00,159252,,112,119.82,120.07,0.07,1
GnykH_JU5_Q,UCm1JuixwDoQEDi5RfcRuHJg,2026-08-25 07:00:28,18777,442,39,120.0,120.0,0.0,0
GnzFprCfwqw,UCV7WE8I_UiAN0fa6Arezx_w,2026-08-03 10:00:05,28,1,0,120.0,120.0,0.0,0
GoBn0XKLkKg,UCBidluUUxzT_5jVOI_2x2MQ,2026-08-24 08:00:16,262,7,0,119.76,120.01,0.01,0
GoMh8fmyjFs,UCV7WE8I_UiAN0fa6Arezx_w,2026-07-19 10:00:18,154,2,0,120.0,120.0,0.0,0
GoNWkVhLI0w,UC4P7F8qenDo1O_5NvgBb_cg,2026-07-31 02:30:32,128620,1194,133,119.99,120.24,0.01,0
GoRmFSMooss,UC2NFRq9s2neD_Ml0tPhNC2Q,2026-07-19 02:30:06,255929,3195,357,120.0,120.0,0.0,0
GoRt6w5VaXg,UCPGl9DV2WUgaqGVXtVrhJWQ,2026-08-12 15:00:09,1,0,0,120.0,120.0,0.0,0
GoW2gvFsRy4,UCYxwKnNRv4FurQxeKcuR0Sw,2026-07-27 14:45:40,37,4,0,119.99,120.24,0.01,0
GoXJoo48iEs,UCpcTrCXblq78GZrTUTLWeBw,2026-07-20 01:15:31,290681,2909,279,119.99,120.24,0.01,0
GoYaasEFfD4,UC-S8JFhLkQ5enhB70c2CYIw,2026-07-31 11:42:18,168027,3588,230,119.8,120.05,0.05,0
Go_srdDtCRg,UCpcTrCXblq78GZrTUTLWeBw,2026-07-14 22:38:26,29030586,284072,1622,119.86,120.11,0.11,1
GoaOgvzY-V4,UCpcTrCXblq78GZrTUTLWeBw,2026-07-12 23:00:38,222345,3445,873,119.99,120.24,0.01,0
Gob5BtAxC_k,UCNu00qhYj4nPeMNdxuwV6sg,2026-07-16 10:43:43,1160,31,0,119.77,120.02,0.02,0
Got26fFHgzw,UCwBkHOTyu57NQi0syf5MLig,2026-08-27 05:00:14,447337,3892,91,119.76,120.01,0.01,1
GoyXTk2Z_Qc,UCS2OAdHoLt-9T6cG9A2H49Q,2026-08-08 03:00:20,9788,131,48,120.0,120.0,0.0,0
GpLVrgyp5VY,UCV6mNrW8CrmWtcxWfQXy11g,2026-08-28 12:30:29,1943535,51847,1180,120.0,120.0,0.0,1
GpWsAu8s53o,UCirJgPv8RtFaFMj39b6cD8Q,2026-07-29 03:00:27,2810,35,2,119.99,120.24,0.01,1
Gp_qBShyDGI,UC8rbhIem-3aAsNXhTDI-nSA,2026-08-13 22:00:18,205003,4732,1424,120.0,120.0,0.0,0
GpyvnO0V1CI,UCWWbq-bWMCC3eCaGjdyU10w,2026-07-31 08:18:01,377841,6324,64,119.95,120.2,0.05,1
Gq7dQfY2OHc,UCab17MxxnFtAhGsJVTkSkCg,2026-07-29 07:24:45,975,24,0,119.84,120.09,0.09,0
GqJY1vEXQHc,UCifCesg-EUkjKyQedaB3hRg,2026-07-24 00:46:44,32432,65,1,119.97,120.22,0.03,0
GqKjI1YHqwo,UCbaRH9U2BEFwhJiodE3qTpQ,2026-07-26 09:04:26,17941,636,12,119.93,120.18,0.07,1
GqRAWRbvczM,UCXNh3eUHXEkL7h1w1KYQRKQ,2026-07-29 08:33:15,20499,337,14,119.95,120.2,0.05,0
Gqb-sHJ3XVM,UCyfvCj_x8SzzSbhqr--dhvg,2026-07-26 10:20:58,216,0,0,119.9,120.15,0.1,0
GqbB8oXUB5Q,UCKttwyzsHvW7bCo7YfTacVQ,2026-08-24 17:19:23,616,13,0,119.94,120.19,0.06,0
Gqf7PRjFD1M,UCBA9XaL5wCdHnC5EmEzwrqw,2026-08-25 11:55:42,400583,1519,395,119.83,120.08,0.08,0
Gqh-tSLmB2c,UCV6mNrW8CrmWtcxWfQXy11g,2026-08-10 02:00:37,132533,6621,96,119.99,120.24,0.01,1
GqppCjxZZ50,UC6NXJtCn3p-actkvBUlHwDA,2026-08-23 23:00:15,227473,1776,117,119.76,120.01,0.01,0
GrPp2KtP1zU,UCZ8QkhF9gSHi8IL8I4rFrOA,2026-07-28 13:15:32,22766,128,8,119.99,120.24,0.01,1
GrXB8rE0MMA,UCPuD5ZRQWa_JCaY5NokNhtg,2026-08-11 02:52:57,535,9,14,119.87,120.12,0.12,0
GrkSBrh4ong,UCgyDKBTgkBfa8jWrBb8Npig,2026-08-09 02:44:44,12,2,1,119.76,120.01,0.01,0
GrnbCW0GHJc,UCQJuZxeDv2P05YHcC-tIEVQ,2026-08-23 07:30:17,32140,759,13,119.76,120.01,0.01,0
GrzCzeHqpqY,UCKttwyzsHvW7bCo7YfTacVQ,2026-08-04 13:17:29,2388,27,0,119.96,120.21,0.04,0
Gs2O1xbjXT0,UCt8CJiye87FMbEwt0npPMuQ,2026-07-14 14:00:33,2203,149,2,119.99,120.24,0.01,0
Gs5ofvQ8dsQ,UCOaUTqrtz1yBBiwziVJEAmQ,2026-08-06 16:00:27,2073,11,1,120.0,120.0,0.0,0
GsdWn0SBkLE,UCqI5lyTpC79pOy2D-VXAMdA,2026-07-10 14:54:35,85228,695,304,119.84,120.09,0.09,0
GsjNadaUC5E,UCmXPCG7sSBwTjlMopTn78tg,2026-07-25 06:40:11,1281,2,2,119.83,120.08,0.08,1
GszIV1hZBb4,UCr4WCOxirRA-BzVu-MH_WqQ,2026-08-24 09:00:35,57702,386,15,120.0,120.0,0.0,1
Gt239aEu_LM,UC4cKHOBS-nRfKFTwf1n8HGA,2026-08-04 08:30:11,1930,,4,120.0,120.0,0.0,1
Gt24mmf2cec,UCyz5WVrb-cz3myY04x_kVYw,2026-08-20 12:43:47,4475,65,8,119.78,120.03,0.03,0
Gt7nMG7fmus,UC9M8GGVwPqc9ubNruArCNPg,2026-08-05 12:00:08,562857,2135,38,120.0,120.0,0.0,1
Gt8CytEGaP4,UCEuP8zMn3ln3ZqJa85dp9JQ,2026-08-29 09:15:02,8679,697,7,119.77,120.01,0.01,0
GtCP8M7GjgU,UCt8CJiye87FMbEwt0npPMuQ,2026-08-17 16:30:15,9850,474,18,120.0,120.0,0.0,1
GtEbUDI_Eqk,UCYGF_xk5RDpltyZDSx040uw,2026-08-23 07:32:13,72727,965,53,119.98,120.23,0.02,1
GtJi8nfs63Y,UCv1tOT645xHOJrwdGlzjMaA,2026-08-20 06:00:07,31935,360,9,120.0,120.0,0.0,1
Gtf0SDa53t0,UC6JB_a6rD1lZ_aZgQvORfrQ,2026-08-20 23:43:57,1920,37,2,119.78,120.03,0.03,0
GtyrRnOCBBU,UCpcTrCXblq78GZrTUTLWeBw,2026-07-18 23:37:35,177767,3875,6,119.87,120.12,0.12,0
Gu8NSNbOTak,UCNu00qhYj4nPeMNdxuwV6sg,2026-07-30 13:15:26,1087,39,0,119.99,120.24,0.01,0
GuDtctKeYEc,UCPGl9DV2WUgaqGVXtVrhJWQ,2026-07-22 15:00:16,3,0,0,120.0,120.0,0.0,0
GuMAcVDa-M0,UCL2ZLyAV0H9Pvi46W7TGdHQ,2026-07-27 11:00:04,33772,187,54,120.0,120.0,0.0,0
GuN6UtH4aDw,UCZ6mNZTiTUrUSbSYPlclI4A,2026-07-28 10:27:21,30818,1281,27,119.8,120.05,0.05,1
GuNaTWC6e2M,UCDq6CfnZgtnqXEwG8tqvBfA,2026-07-14 06:09:37,38,2,2,119.84,120.09,0.09,0
GuVN0jVZyp0,UCV7WE8I_UiAN0fa6Arezx_w,2026-08-16 08:00:01,15,0,0,120.0,120.0,0.0,0
GuYRL2ZKKt0,UCqIwPYLfMd3EoWYwvyTjPnA,2026-08-22 23:00:38,48066,452,108,120.0,120.0,0.0,0
GulxoOpHyRk,UCY_vDlvG-BTDRIOk_I9QQ6g,2026-08-31 02:39:32,3484,21,6,119.86,120.1,0.1,1
GurxcflNe7E,UCzVXdulvpgEoI8yuFMmhxJw,2026-08-19 07:15:14,155271,10118,184,119.76,120.01,0.01,1
Gv2XM5m4yWY,UCnkytUgy0CtWd06up9CjNxg,2026-07-26 15:12:08,155610,2429,569,119.8,120.05,0.05,0
Gv88Gl4HK7k,UC1Ns07Rw0lQK-KuaPHfRRTw,2026-07-11 01:12:54,16,0,0,119.79,120.04,0.04,0
GvJEsnUPELY,UCFrKhWvZ8oeJQTNP5ZabgJw,2026-08-01 05:00:35,160756,1735,89,119.99,120.24,0.01,1
GvOQmpoXP2c,UCvfEv6nBnL0QlKqyGmL0orQ,2026-08-21 00:00:18,15449,77,34,119.76,120.01,0.01,0
GvUA5CGaweI,UCM7ccuD_XdAXSTuhVrLUo9A,2026-07-31 01:11:50,9,0,0,119.8,120.05,0.05,0
GvWTltwhH3I,UCt8CJiye87FMbEwt0npPMuQ,2026-07-16 17:38:12,11379,563,31,119.86,120.11,0.11,1
Gvn-HzYikNw,UC-okJdotaXPlzivRzHFqzuA,2026-08-04 09:10:07,93818,1248,60,119.83,120.08,0.08,0
GwCvH5rfUGk,UCjsqgRBvkn8XadWraSQxTKQ,2026-07-26 16:18:56,117,0,0,119.94,120.19,0.06,0
GwNwLKnpWrQ,UCuXE-MdbuaZcPt_2J2kSsSQ,2026-08-09 07:42:49,1380,6,0,119.79,120.04,0.04,1
GwTg_mO4uIE,UCabScupufwcOzAdcVXZrmlg,2026-07-11 13:03:20,28103,542,90,119.95,120.2,0.05,0
GwgfH_p-nvU,UCV7WE8I_UiAN0fa6Arezx_w,2026-07-28 12:00:03,89,1,0,120.0,120.0,0.0,0
Gwj9Dd1cdUA,UC4oe-OVZ2Ho-03yrMkrXomQ,2026-08-17 23:00:25,225866,3371,246,120.0,120.0,0.0,1
GwtyS-313D8,UCV6mNrW8CrmWtcxWfQXy11g,2026-08-28 16:30:23,583329,20560,292,119.76,120.01,0.01,1
Gx6I695hwlM,UC-8S20Ll1gzPiu_YY8BgyaQ,2026-08-22 13:22:15,77475,499,49,119.89,120.14,0.11,0
Gx6vzfJlv_I,UCtUHgx7SA_eZFssVODDh82A,2026-08-05 09:33:32,6574,109,14,119.94,120.19,0.06,0
Gx89rtKxNNY,UCs_WRbzQddt52LuUQUFUMog,2026-08-29 03:31:33,1097572,16774,1289,119.99,120.24,0.01,0
GxK7r__hAAo,UC24GgPBq5W3v34z0p0uk1Ow,2026-08-31 10:10:09,13639,42,5,119.84,120.09,0.09,0
Gxi3uwQugm0,UC3_QWAvQRhPW4CDoQU8acKw,2026-08-29 03:52:20,73304,645,107,119.89,120.15,0.11,0
Gxp__gpOUI0,UCJDXc9JWCZo-nLNKr_-L2Ng,2026-08-03 14:30:15,9313,242,9,120.0,120.0,0.0,0
Gxq77HGxVAg,UCwfbSsZ7_sccxcibe60mWlQ,2026-08-08 09:00:08,8961,61,11,120.0,120.0,0.0,1
GxqS-EexhEo,UCw1DsweY9b2AKGjV4kGJP1A,2026-08-29 08:00:08,382372,1294,68,119.76,120.02,0.02,1
Gxs1QFbA-gM,UCgsKeCRaBGH6JlnH6VO_7OA,2026-08-07 05:28:28,5,0,0,119.78,120.03,0.03,0
GxtCFCmULDA,UCaHIZAKows704_gk6bjdAog,2026-08-25 07:28:42,31157,429,78,119.78,120.03,0.03,0
GxucCDjejFM,UCV7WE8I_UiAN0fa6Arezx_w,2026-08-22 09:00:09,15,0,0,119.76,120.01,0.01,0
GxwgFRaYaM4,UCooLkG0FfrkPBQsSuC95L6w,2026-07-12 06:53:44,17384,83,13,119.86,120.11,0.11,1
Gy--GooBQrQ,UCV6mNrW8CrmWtcxWfQXy11g,2026-08-10 23:00:01,44889,899,17,120.0,120.0,0.0,0
Gy6U5jWXdxQ,UCFrKhWvZ8oeJQTNP5ZabgJw,2026-08-05 12:53:59,76589,672,120,119.85,120.1,0.1,1
GyDi6cjhKeM,UCv0cBz_Vdmd84xYl7gKWwQA,2026-08-30 14:00:24,2422,58,5,119.76,120.01,0.01,1
GyHXPUDnnQU,UCN5oT4zGJX-_H6pE5isAEeg,2026-07-25 12:00:09,1113102,13062,312,120.0,120.0,0.0,1
GyIUx2P_gMQ,UC8CIM3d3zDYMk-3T5aAz0yw,2026-07-29 08:15:03,86367,2833,89,120.0,120.0,0.0,0
GyVjfcyBQBE,UCsYhDrv21N78Yt5wCQL_soA,2026-08-19 07:00:14,28328,501,18,119.76,120.01,0.01,1
GybDVNe_0ak,UC_E_qYfGKM3C0kqrp1p8z7Q,2026-07-24 15:00:03,107,6,1,120.0,120.0,0.0,0
GykGaI74vhQ,UCk1NTIlGP27bQEumkw6sDVA,2026-08-11 09:00:36,10918,96,12,119.99,120.24,0.01,0
GyqRLbLGjRo,UC_E_qYfGKM3C0kqrp1p8z7Q,2026-08-22 17:00:03,219,4,2,119.76,120.01,0.01,1
Gyv4HZuI6KY,UCp6n8d8Y8r3MwKNw_MMaouQ,2026-08-26 11:30:03,5966,304,10,119.76,120.01,0.01,0
Gz1AXtazUD0,UCJDXc9JWCZo-nLNKr_-L2Ng,2026-08-17 12:00:29,2529,125,9,119.99,120.24,0.01,0
Gz1esBkZ68E,UCCd3jyJmOFzkJEMj5Bp89rw,2026-07-14 15:00:04,1464,76,0,120.0,120.0,0.0,1
Gz4kJH1GJw4,UCdcjduaR6hyGHVNmpbJzSsw,2026-08-21 21:50:35,2322,34,1,119.92,120.17,0.08,0
GzYN16ZI0d0,UCN8L7Z-dyzu9FzT39RM0fvw,2026-08-01 09:52:34,10606,163,71,119.88,120.13,0.12,0
GzmC7wjR9gw,UC4P7F8qenDo1O_5NvgBb_cg,2026-08-14 02:30:37,101194,909,122,119.99,120.24,0.01,0
GzoDcxm4hpY,UClHTjLVog7CkRF8tYJuNXXQ,2026-08-11 14:00:18,303,14,1,120.0,120.0,0.0,0
GzpPneV3Qiw,UCYooECrv-fIXlPaDwEIaveA,2026-08-14 09:01:27,36504,553,29,119.98,120.23,0.02,0
H-3pGPliaR8,UCNNR1-x2NhZARsNGnQlh2sQ,2026-08-22 09:15:04,20091,94,25,119.76,120.01,0.01,0
H-6oOtUoHv8,UCHbz27HAkCIQNw_G2Pa7XVg,2026-08-01 06:00:05,23341,375,86,120.0,120.0,0.0,0
H-EjXCAuob0,UCBS4sjbGJIcclT-Y6i_Jzkg,2026-08-23 22:02:49,21324,549,3,119.97,120.22,0.03,1
H-Gh5ccztsk,UCqyzJW0VRYRP_sFELZYdxGg,2026-08-31 04:01:39,41994,219,50,119.99,120.24,0.01,0
H-MdJE6-CBs,UCcstDLbuhxEbFKkPZ6wST2A,2026-08-29 10:30:36,30864,228,12,120.0,120.0,0.0,0
H-SVT_3ZPIw,UC8CIM3d3zDYMk-3T5aAz0yw,2026-07-31 10:11:19,278931,6363,743,119.82,120.06,0.06,0
H-W5GEzSG_A,UCpcTrCXblq78GZrTUTLWeBw,2026-07-13 16:00:44,745538,11839,91,119.99,120.24,0.01,1
H-coItDD0JM,UC59jWhPazXYi8Ny4vake45A,2026-07-31 08:00:10,205020,7448,68,120.0,120.0,0.0,0
H-gmtnFBh-k,UCw1DsweY9b2AKGjV4kGJP1A,2026-08-31 08:00:31,208517,452,39,119.75,120.01,0.01,1
H-o1FHgcDDU,UCYJ0Ucu9jPX5kn6SeDcNaIQ,2026-08-11 15:04:46,34062,421,24,119.92,120.17,0.08,0
H-pl_Cvi9e8,UCa2liSwjQST4AGcg6LFQakQ,2026-08-03 05:00:33,1,1,0,119.99,120.24,0.01,0
H0LQoYbuom0,UCmiTZyj9GwMjyznZxrgCH4Q,2026-07-18 08:48:23,25090,363,10,119.94,120.19,0.06,1
H0Ob87BgVaU,UCvjzWMh2bihwlIN-WRtddkg,2026-08-19 09:00:12,2025,35,10,119.76,120.01,0.01,0
H0PHN--b_oc,UCV6mNrW8CrmWtcxWfQXy11g,2026-08-08 22:00:18,141738,4956,54,120.0,120.0,0.0,1
H0n6XI6sRPQ,UCvAetSOU_4lyjM5hVMNzN0Q,2026-07-26 16:40:32,79598,480,84,119.83,120.08,0.08,1
H0xoh9B9yj4,UCBidluUUxzT_5jVOI_2x2MQ,2026-08-19 13:10:06,144,6,1,119.84,120.09,0.09,0
H1-sRcjVf-A,UCAl4HWznMn7KhKBRFO5eiFA,2026-08-07 12:39:54,1113,6,1,119.84,120.09,0.09,1
H10shdcSFeg,UCJDXc9JWCZo-nLNKr_-L2Ng,2026-07-23 17:30:05,2398,123,19,120.0,120.0,0.0,0
H1TviNf6HAs,UCg7rkxrTnIhiHEpXY1ec9NA,2026-08-14 07:51:02,232130,10261,687,119.9,120.15,0.1,0
H1qaWZYLuP8,UCb5NLtXAsTBrmaZVhyFa-Wg,2026-08-28 13:30:30,83503,217,2,120.0,120.0,0.0,1
H1stpZwzSnc,UCzVXdulvpgEoI8yuFMmhxJw,2026-07-27 13:05:09,75508,3111,112,119.92,120.17,0.08,0
H1uOXRilY6c,UCJYdIDfGkqXTsQq5aW4md0Q,2026-08-01 03:20:25,170,3,0,119.91,120.16,0.09,0
H1vKiP9XUXk,UCgLFbrC7-g0ihBKB0obVPTg,2026-08-21 15:35:49,53,5,0,119.91,120.16,0.09,0
H1zx7h3rYak,UC_m_uqd_9s0hZvlgfvCzqbQ,2026-07-24 07:50:26,1249,3,0,119.91,120.16,0.09,1
H2Dik1Gg_f8,UCN8L7Z-dyzu9FzT39RM0fvw,2026-08-28 07:00:27,31235,200,81,119.75,120.01,0.01,0
H2EXKH8JVIg,UCbFLnCfOet-u_kFyA7uX-9Q,2026-08-01 15:00:01,40348,363,13,120.0,120.0,0.0,1
H2MnsNAeXsI,UCHZ9X2Nl3dq8ChEJgScmZCw,2026-08-09 15:08:50,33235,508,54,119.86,120.11,0.11,0
H2XQgx7FZgI,UCrY2B2XX41ReYh9DIWrFfCg,2026-07-27 10:01:45,2321,,9,119.97,120.22,0.03,0
H2YokVGwDjU,UCoSniqkitCpxlHrQd5L8A1w,2026-07-21 20:28:42,1367,13,4,119.77,120.02,0.02,0
H2_-iJTaoUU,UCoSniqkitCpxlHrQd5L8A1w,2026-08-04 23:38:05,5606,37,3,119.87,120.12,0.12,1
H2_1SxZtTrU,UCt8CJiye87FMbEwt0npPMuQ,2026-07-18 13:30:08,3152,122,13,120.0,120.0,0.0,0
H2buWEECVHA,UCpcTrCXblq78GZrTUTLWeBw,2026-08-28 19:30:00,102856,1724,105,119.76,120.01,0.01,0
H2cdrE8d-QE,UCV7WE8I_UiAN0fa6Arezx_w,2026-08-24 09:00:29,19,0,0,120.0,120.0,0.0,0
H2eJyIOxlZo,UCAGUSx1hbPKDqzBZH7bTjiA,2026-08-02 05:00:31,31528,682,28,119.99,120.24,0.01,1
H2ez9tl8LrE,UC00raQBBBGagQthJ01ZYIIQ,2026-08-22 09:07:43,26130,374,29,119.88,120.13,0.12,1
H2i3X1qZylc,UCvUKUkIM67eWFbQemjj2-eA,2026-08-17 13:00:07,28310,694,58,120.0,120.0,0.0,0
H2mNZvkwTY8,UClHTjLVog7CkRF8tYJuNXXQ,2026-08-14 23:35:00,330,12,0,119.92,120.17,0.08,0
H2n_yDrtmgc,UC783XWULPW-nDGv_0EYlB6Q,2026-07-29 08:30:16,37488,428,55,120.0,120.0,0.0,0
H2vux5tKWWY,UCJA6MZLzTeljmGNFaugdoWQ,2026-07-29 10:20:14,114,4,9,119.91,120.16,0.09,0
H2xRrEKZIe8,UCfcfymsN3OMo2cfmbpGTanw,2026-08-11 08:02:29,29902,151,64,119.96,120.21,0.04,0
H2yF0eWxaqU,UC027x98NgUBw9K4aPT8k0mg,2026-07-11 13:00:35,91400,886,206,119.99,120.24,0.01,0
H3OEOzmbC4E,UC_E_qYfGKM3C0kqrp1p8z7Q,2026-07-26 17:00:19,658,21,2,120.0,120.0,0.0,1
H3XmYSfYAXg,UCgWwo8FJL3MCxfd66ip7nFg,2026-07-23 09:22:18,38484,,35,119.88,120.13,0.12,0
H3aVJXF--qI,UCV7WE8I_UiAN0fa6Arezx_w,2026-08-25 23:00:23,35,0,0,120.0,120.0,0.0,0
H3cHYkdJwZM,UCkd3KAYGnTNPJZZrPOFeWhA,2026-08-15 10:13:32,112125,273,41,119.78,120.03,0.03,1
H3jioqb7bfU,UC-okJdotaXPlzivRzHFqzuA,2026-08-02 16:22:57,124417,2530,1,119.87,120.12,0.12,0
H3mkGyRfcNI,UC2yOBpLVwB7kzt9C5ZPbB7w,2026-07-27 20:00:28,105800,1065,77,119.99,120.24,0.01,1
H3zqI5JTHjo,UCAEQiQ4Mg6fFkPshBMhPaxw,2026-08-04 03:00:04,4364,39,8,120.0,120.0,0.0,1
H4-arRroHBE,UCJmnOEp1-OITEU0mk4icM5A,2026-07-24 10:00:02,34684,355,14,120.0,120.0,0.0,1
H49TxdQSGi4,UCos3GN2gX0wLcfuhOAiMotQ,2026-07-24 10:36:41,32069,449,19,119.89,120.14,0.11,1
H4G_DTMuZzk,UCPoEVLrQMMXICwULGDwfvug,2026-08-29 09:22:38,25665,229,52,119.88,120.13,0.12,1
H4QB3ov-Gos,UCi1Tln5CFg1yExpz8djyxjA,2026-08-23 21:27:13,1046750,38343,308,119.81,120.06,0.06,1
H4_F3NYjTWc,UCk1NTIlGP27bQEumkw6sDVA,2026-08-29 03:00:36,43127,216,62,120.0,120.0,0.0,0
H4h9y3a8F-4,UCr4WCOxirRA-BzVu-MH_WqQ,2026-08-23 09:00:14,7417,62,1,119.76,120.01,0.01,1
H4n4qxQBL6o,UCV7WE8I_UiAN0fa6Arezx_w,2026-07-12 08:00:01,96,2,0,120.0,120.0,0.0,0
H4q26ng0u14,UCdK9h1ILxS49c2LguBUY3rw,2026-08-06 22:14:53,20,2,0,120.0,120.0,0.0,0
H4teGv3KTPA,UCM81CAJ2_Y42-bvK1OQnAAA,2026-08-29 15:14:06,266831,3154,466,119.78,120.03,0.03,0
H4y0ev7vG5A,UCJ0tK-1sP4BKqy6fBDQmZKg,2026-08-27 01:07:58,103,0,0,119.88,120.13,0.12,0
H51sVvDQxpg,UChfs1dQ5phBDBWZJ1hHLbUA,2026-08-03 09:15:22,69540,717,129,120.0,120.0,0.0,0
H5A_5SUMi9w,UCBvkOBLsSj9kusGYlroQkBg,2026-08-04 12:43:15,280860,1454,139,119.78,120.03,0.03,0
H5G89if9vtI,UCAhmOb9JWkI2HV_KIe9X_3A,2026-08-28 09:16:21,1826,69,0,119.99,120.24,0.01,0
H5dXhGYiJ10,UCDnIK80iouL_rb_J6GybOlg,2026-07-13 21:27:45,2,0,0,119.79,120.04,0.04,0
H5eeQOZ5_2k,UCv1tOT645xHOJrwdGlzjMaA,2026-08-22 10:52:20,28793,547,18,119.89,120.14,0.11,1
H5oGsa5qQr0,UCzSODDx0zQF3nxXOZISCm_w,2026-08-24 10:30:05,579,1,0,119.76,120.01,0.01,0
H6AjPqCMerc,UCKVt3arMXfa6XZezR1UnjqQ,2026-07-29 22:00:03,4856,44,6,120.0,120.0,0.0,0
H6Ea0gLj-m4,UCJj2vuQIpFnk5pbTAtCi3yw,2026-08-23 05:05:07,54853,664,29,119.93,120.18,0.07,1
H6M2BiUjpt0,UCrKSaegnzewdj9-YLsUhoZw,2026-07-17 04:57:56,39088,225,120,119.79,120.04,0.04,0
H6NtpUo6RAk,UC783XWULPW-nDGv_0EYlB6Q,2026-07-30 09:30:24,39300,1029,24,120.0,120.0,0.0,1
FxLYXmNXY_Y,UCFiHjGyrJux8Rt4e6mUPU-w,2026-08-15 17:00:14,2183,50,14,120.0,120.0,0.0,1
FxtguSSkpl8,UCd9oeoY-jLSkhd-J5y_1aYg,2026-07-15 14:47:07,798,7,3,119.97,120.22,0.03,0
FyCeS953MWI,UCxPMcxq7WJ32M3lnFn58Cpg,2026-08-17 09:33:57,3917,10,3,119.94,120.19,0.06,1
FyLtT2OWUCo,UCgjaQlejpAnIu0q-xtVfTEw,2026-08-28 08:26:09,23388,266,35,119.83,120.08,0.08,0
FySnn3mSbng,UCEeib6HEHy95EGWUevS4RcA,2026-08-21 14:47:13,5,1,0,119.98,120.23,0.02,1
FyWXIAdDqvE,UCUae69frfqpKOB3BUMdX5Qw,2026-08-30 08:00:12,29346,215,24,119.76,120.01,0.01,0
FyY_EJpchfU,UCSzHok6X5qXEO7cjvVnE62g,2026-08-06 10:00:14,62389,299,37,119.75,120.25,0.25,0
FyYvaiIt458,UCjsqgRBvkn8XadWraSQxTKQ,2026-08-23 15:12:02,543,5,0,119.81,120.06,0.06,0
FymDm1z9158,UC-8S20Ll1gzPiu_YY8BgyaQ,2026-07-19 10:09:40,59251,466,22,119.84,120.09,0.09,1
Fyz6kwuHv9M,UCikKJvpU0Ylua4hRW6faQRg,2026-08-11 10:12:46,3625,114,0,119.79,120.04,0.04,0
Fz1AeE85Jdo,UCpn9dP1b5BhBsU9SduEz1hA,2026-08-18 16:46:14,30619,220,9,119.99,120.24,0.01,1
FzBUpOHj6m8,UCYGF_xk5RDpltyZDSx040uw,2026-07-12 13:03:51,105812,1538,107,119.94,120.19,0.06,1
FzCmUXy6rKM,UCPGl9DV2WUgaqGVXtVrhJWQ,2026-07-28 15:00:14,10,0,0,120.0,120.0,0.0,0
FzTJDTw-iXM,UCBidluUUxzT_5jVOI_2x2MQ,2026-08-08 08:00:13,135,6,0,120.0,120.0,0.0,0
FzXmBuQHU2M,UCqlcSsDNMYxEsem7bWY-66Q,2026-08-27 16:08:50,25529,474,0,119.87,120.11,0.11,0
FzYV9iu3dmU,UCfQOeRevRI14uNqluiJ7TeQ,2026-07-30 02:54:30,15755,180,13,119.84,120.09,0.09,1
Fz_byhqmxko,UCt8CJiye87FMbEwt0npPMuQ,2026-07-29 12:30:05,32009,1534,105,120.0,120.0,0.0,1
FzkiQoRbsfk,UCw1DsweY9b2AKGjV4kGJP1A,2026-07-31 10:00:32,160707,579,32,120.0,120.0,0.0,1
G-SeU60iB10,UCBvkOBLsSj9kusGYlroQkBg,2026-07-23 12:32:06,470147,9681,198,119.97,120.22,0.03,0
G-WDERMGCJ4,UCsRiYH-VrZ2mYsohk7GhLdQ,2026-07-21 04:49:46,193796,6270,542,119.92,120.17,0.08,1
G-jAY1C4w8A,UC2k1bSUZ4X02jMs_sTS9jiQ,2026-08-16 12:00:05,7756,123,15,120.0,120.0,0.0,0
G-ns99V7d7Y,UCFvdXoI9LTADYG07s4pMnhg,2026-07-27 03:02:16,15851,113,115,119.97,120.21,0.03,0
G-skyN7DNLM,UC_yxsHiFh1_j174x4AxICSg,2026-08-10 09:16:42,21707,496,119,119.97,120.22,0.03,0
G04KIjgNoHw,UCZCZHg_oJiHcrcj2vaPRCag,2026-07-25 16:19:06,143,1,0,119.93,120.18,0.07,0
G0B2ybpdBR8,UCV7WE8I_UiAN0fa6Arezx_w,2026-08-28 00:00:08,84,0,0,119.76,120.01,0.01,0
G0ITs8HOceM,UCpX86JOUhnrzG7MK8e8Gjbw,2026-08-11 13:47:14,37940,265,173,119.96,120.22,0.04,0
G0JsNpZ1UVA,UCV7WE8I_UiAN0fa6Arezx_w,2026-07-22 05:00:01,31,0,0,120.0,120.0,0.0,0
G0X2C_YlsEs,UCqlcSsDNMYxEsem7bWY-66Q,2026-07-23 17:56:38,17233,488,7,119.81,120.06,0.06,0
G0ghs7P47Xo,UCaMV-CjrWYh2Aefg_8iLwJQ,2026-08-24 04:00:18,147551,996,48,119.76,120.01,0.01,1
G0jzV4GWldU,UC1sELGmy5jp5fQUugmuYlXQ,2026-08-29 15:00:23,1964192,63839,1751,119.76,120.01,0.01,1
G0ljLX5-QoY,UCN8YcyYvYIrtLcwyT-KqbNg,2026-08-16 03:00:06,7335,50,17,120.0,120.0,0.0,0
G103ORIkVOQ,UC2yOBpLVwB7kzt9C5ZPbB7w,2026-08-25 13:00:01,73689,1260,81,119.76,120.01,0.01,1
G143FXwup7s,UCBmPfbqvGwTTfrV-H_UOfdw,2026-08-09 02:47:20,1388713,16151,224,119.96,120.22,0.04,1
G1FqW3fqeuA,UCUPa-gJcbYG9Ql8b9H9FBbg,2026-08-14 08:00:12,8408,101,11,120.0,120.0,0.0,0
G1L2njQYdcs,UCpn9dP1b5BhBsU9SduEz1hA,2026-08-05 15:45:18,29082,230,11,120.0,120.0,0.0,1
G1mzzzU8slM,UCAZVLirygDNDfCNfyIVnTWA,2026-08-29 17:57:58,985,13,0,119.8,120.05,0.05,0
G1tSLMP1O5M,UCN9VGDvz2M3vdR0czEUp6lQ,2026-08-06 22:00:01,9326,159,96,120.0,120.0,0.0,0
G1tmPzMv_SI,UC3hCAmwyYNgRuOOSFV7evVA,2026-08-24 03:15:23,289684,1242,252,120.0,120.0,0.0,1
G1tqtDKRMuY,UCAhmOb9JWkI2HV_KIe9X_3A,2026-08-20 13:00:02,17357,216,59,120.0,120.0,0.0,0
G26yi2ZGuBU,UC-okJdotaXPlzivRzHFqzuA,2026-07-24 16:10:42,91417,1857,4,119.82,120.07,0.07,0
G29vDUiNv3I,UCdoTrHNHnoRbaQenxK5PEUg,2026-08-11 02:41:09,102,0,0,119.82,120.07,0.07,0
G2ON52-MU7U,UCcNdwtZ7ulFFxngmnzsWQNA,2026-07-29 02:00:36,5214,72,23,119.99,120.24,0.01,0
G2R2kffRiCM,UCe0loHR-Vltq0GPHgYyzmrQ,2026-08-17 05:46:41,9982,127,14,119.97,120.22,0.03,1
G2Vp6bCGZco,UCJDXc9JWCZo-nLNKr_-L2Ng,2026-08-25 15:00:30,1657,69,3,120.0,120.0,0.0,0
G2XincsZMoM,UCv1tOT645xHOJrwdGlzjMaA,2026-07-25 11:38:33,27061,237,42,119.86,120.11,0.11,0
G2Z6QIvNSL8,UCCMQyaKDjQJY79VimTdaYYQ,2026-08-25 21:59:21,134874,634,817,119.77,120.02,0.02,0
G2j2q_9FGEA,UCvx8JsZvDVER74lG39dN9nw,2026-08-26 22:00:00,3430,60,11,119.76,120.01,0.01,1
G2j6NTPkCrY,UCCvEN8bTeF8Z2jcN513T1Gg,2026-07-11 14:15:26,5882,109,5,119.99,120.24,0.01,1
G2qhaGojB7I,UCPuD5ZRQWa_JCaY5NokNhtg,2026-08-16 07:38:36,445,12,2,119.86,120.11,0.11,0
G2t5iysvWv0,UCDBAVzfX3yZ1hah0FHnOoaA,2026-07-10 13:01:04,424576,2009,262,119.98,120.23,0.02,0
G2tzlVLpa4U,UCj5Y6sl23ln9PL6OiDTL7Gg,2026-08-29 15:46:00,1799,42,3,119.99,120.25,0.01,0
G3FVwjQ9Rmc,UCH29Gz8a6veRLqUxzjBXHrQ,2026-08-27 09:16:11,8364,308,4,119.99,120.24,0.01,0
G3LIFtbrrQ0,UCI3DTtB-a3fJPjKtQ5kYHfA,2026-08-27 02:00:25,11909,75,1,120.0,120.0,0.0,0
G3odPteFq4o,UCvfEv6nBnL0QlKqyGmL0orQ,2026-08-17 00:00:18,15261,63,30,120.0,120.0,0.0,0
G3pYwbwJmbc,UC-2wa6jvprl7hfCpvw0ULzg,2026-08-06 18:00:31,68751,915,363,119.99,120.24,0.01,0
G3xGjKcfleg,UCW_Ptq0v8ck67w9oKiwXz2g,2026-08-10 09:05:41,18,1,0,119.91,120.16,0.09,0
G3xInUGBQr0,UC5ScPjbt-a97AJO7SBj6nAg,2026-08-17 07:00:19,57710,1767,107,120.0,120.0,0.0,1
G3y6YhGNAp0,UCtjlhCmFXYFXC4uqg1flTBg,2026-08-25 11:51:23,146,1,0,119.9,120.16,0.1,0
G41UmgkCBJM,UCifCesg-EUkjKyQedaB3hRg,2026-08-09 00:13:13,7903,79,3,119.78,120.03,0.03,0
G46e86Lex4A,UC4VWaR3R17Ruc7j1Cy1-PKQ,2026-08-16 01:53:58,144,4,2,119.85,120.1,0.1,0
G49NO2Tc9Gs,UC3Z9lUjG5BU60sce2-Axbjw,2026-08-12 00:06:45,1854,1,1,119.89,120.14,0.11,1
G4N87CgQhno,UCJDXc9JWCZo-nLNKr_-L2Ng,2026-08-29 12:00:08,2734,69,4,119.76,120.01,0.01,0
G4Uuh_DtglQ,UCd9oeoY-jLSkhd-J5y_1aYg,2026-08-15 16:24:40,904,12,0,119.84,120.09,0.09,0
G4hsfNLN6AU,UCJYdIDfGkqXTsQq5aW4md0Q,2026-07-29 02:30:21,43,3,0,120.0,120.0,0.0,0
G4wt_m2qoBE,UCcum1rCJ5GJeQ_xv0xrohqg,2026-07-22 05:00:24,10477,401,86,120.0,120.0,0.0,0
G5PRi-pMbts,UCSGKRGHGqP8W11G-SxsMaOw,2026-07-28 00:45:28,33766,1195,573,119.99,120.25,0.01,1
G5SFRoypWN4,UCv1tOT645xHOJrwdGlzjMaA,2026-07-23 10:03:28,15107,112,28,119.94,120.19,0.06,0
G5c-Z3CbVjk,UCZPBWThSlgWT0DVaxxUEX4A,2026-08-08 10:34:40,424,13,0,119.92,120.17,0.08,0
G5rIxYyDhhY,UCbFLnCfOet-u_kFyA7uX-9Q,2026-08-18 15:00:25,717551,6935,163,120.0,120.0,0.0,1
G62MiQJDBds,UCqlcSsDNMYxEsem7bWY-66Q,2026-07-26 16:48:03,19528,565,1,119.95,120.2,0.05,0
G660__7Z0wI,UCPsZX-D7LW99PjZLA-UysPQ,2026-08-30 06:00:00,788,3,2,119.76,120.01,0.01,0
G6Iz_ZgRk1U,UCV7WE8I_UiAN0fa6Arezx_w,2026-08-18 12:00:33,13,0,0,120.0,120.0,0.0,0
G6axTC1V05U,UC0E_zsPAziGgkxaAtwvmFAA,2026-08-28 01:00:23,266838,6320,306,119.76,120.01,0.01,0
G6cbz48HRfI,UCwBkHOTyu57NQi0syf5MLig,2026-08-09 00:00:02,640514,3992,286,120.0,120.0,0.0,1
G6rppIWK3co,UCBexUDlBSJM2h4xZB3ch53g,2026-08-12 07:30:40,21379,510,52,119.99,120.24,0.01,1
G6sZ2Hoxk28,UCQJuZxeDv2P05YHcC-tIEVQ,2026-08-01 08:00:11,13559,166,21,120.0,120.0,0.0,0
G6zqOgym0-4,UCJoWNCiFuiN4eZnB80WUf4Q,2026-08-31 05:30:10,76502,585,64,119.76,120.01,0.01,0
G7-7m-ZaX4I,UCV6mNrW8CrmWtcxWfQXy11g,2026-08-23 05:00:35,2483952,80143,1517,120.0,120.0,0.0,1
G73TOYlH_rw,UCt8CJiye87FMbEwt0npPMuQ,2026-08-25 15:00:34,112782,1740,357,120.0,120.0,0.0,1
G73zUCYf3bU,UCs7mzshFv0PbUMUM0x1Waug,2026-07-10 14:38:33,210,2,0,119.86,120.11,0.11,0
G74WkiyoZy8,UCPp6kLLWggTuACsQwFibg8A,2026-08-29 15:00:36,402240,2821,51,120.0,120.0,0.0,1
G7HEC725J6M,UCTVkjiEiaiSbEq0Qwd5XTPA,2026-07-30 14:32:31,332,15,1,119.96,120.21,0.04,0
G7P6u0izwsk,UCe-7GwWL1XNlCJyfqBhgrHA,2026-08-24 10:00:17,72075,1467,46,119.76,120.01,0.01,0
G7iNifmKFkU,UC_9W6Z5Y3lDpLk47Y_y5ITQ,2026-07-29 20:33:02,25387,349,30,119.95,120.2,0.05,0
G7oc3_Srv9A,UCw1DsweY9b2AKGjV4kGJP1A,2026-08-17 10:00:17,7902,45,12,120.0,120.0,0.0,0
G7w_ajh33zI,UCPsZX-D7LW99PjZLA-UysPQ,2026-08-04 15:00:19,232,2,1,120.0,120.0,0.0,0
G83O9lHcoiM,UCIiwlFqKiJiULzRMgILMlcA,2026-07-22 03:17:55,1565,6,2,119.96,120.21,0.04,1
G87sut2fnl0,UCaN3tSrrzIrXSDonEe7LK9A,2026-08-21 08:00:34,733,9,5,119.75,120.01,0.01,0
G89rxPK6ITU,UCt8CJiye87FMbEwt0npPMuQ,2026-08-25 18:47:50,34663,872,50,119.96,120.21,0.04,0
G8QlnbZaYC4,UCzVXdulvpgEoI8yuFMmhxJw,2026-08-14 17:00:05,176368,10003,105,120.0,120.0,0.0,0
G8Sk4w0YWG8,UC5ThQKdocwo_9UurfT5P_ww,2026-08-10 07:09:39,239333,3744,98,119.84,120.09,0.09,1
G8i8ml9M6Nc,UCp6n8d8Y8r3MwKNw_MMaouQ,2026-08-22 11:45:32,4820,289,7,120.0,120.0,0.0,1
G9An8w8eY9E,UCzVXdulvpgEoI8yuFMmhxJw,2026-08-08 10:46:24,13392,553,31,119.98,120.23,0.02,0
G9ZLrz7GIRA,UCa2liSwjQST4AGcg6LFQakQ,2026-08-31 04:00:30,819,2,0,119.76,120.01,0.01,1
G9f2brHFUp4,UCCd3jyJmOFzkJEMj5Bp89rw,2026-07-19 15:00:04,1711,56,2,120.0,120.0,0.0,1
GA00p2QNUWk,UCJd2uIrg_ZrSOaaQQr30XoA,2026-07-17 04:37:24,1676,9,0,119.88,120.13,0.12,1
GA8F_7LQ74k,UCElXDMEQqlUnuyDbChjARWQ,2026-07-29 09:57:17,1093,1,0,119.8,120.05,0.05,1
GAE3B2lGaY0,UCfcfymsN3OMo2cfmbpGTanw,2026-08-03 08:00:15,12775,95,52,120.0,120.0,0.0,0
GAG8IPAw4Z4,UC5RxNUZ9_c94ZEfJGnJZmTw,2026-08-23 14:15:20,11095,413,253,119.76,120.01,0.01,0
GASat_e0dLU,UCZNTsLA6t6bRoj-5QRmqt_w,2026-08-09 14:28:28,90082,2618,190,119.78,120.03,0.03,0
GASlPImUqOA,UCnhGcri8x6xhehanhAe9ipw,2026-07-24 11:28:42,348213,3837,116,119.77,120.02,0.02,1
GAaNzv0rs1c,UCwBkHOTyu57NQi0syf5MLig,2026-07-30 16:15:47,34345,315,67,119.99,120.24,0.01,0
GAhEyV4lUTU,UCmZeuRfHYowZhf6odtoaNdg,2026-08-26 03:35:56,65159,636,341,119.91,120.16,0.09,0
GAoBozlMZGo,UCd6CX2LiQE2dEAPXwk2N0jg,2026-08-30 11:00:53,304869,1434,368,120.0,120.0,0.0,0
GB-gu_IcD-s,UC2yOBpLVwB7kzt9C5ZPbB7w,2026-08-15 04:00:29,62055,874,39,120.0,120.0,0.0,1
GBTi-SemG7U,UCAl4HWznMn7KhKBRFO5eiFA,2026-08-05 13:55:47,32494,136,7,119.82,120.07,0.07,1
GBZN6Js7eig,UCW_Ptq0v8ck67w9oKiwXz2g,2026-07-24 06:00:01,134,1,0,120.0,120.0,0.0,0
GBsuMduPgug,UCzDmGDR5RdahQkLCBoWlTEg,2026-08-18 04:00:29,7481,36,8,120.0,120.0,0.0,1
GBysfNtgluA,UCgLFbrC7-g0ihBKB0obVPTg,2026-07-24 11:46:26,246,13,0,119.98,120.23,0.02,0
GCAULOea1kU,UCzDmGDR5RdahQkLCBoWlTEg,2026-08-17 12:00:16,5447,53,3,120.0,120.0,0.0,1
GCJbIavk-Jc,UCZ6mNZTiTUrUSbSYPlclI4A,2026-08-26 14:49:11,2513,21,2,119.94,120.19,0.06,0
GCOlUcYPlb4,UCFCt5RYu41HTg4eX1jdHNxw,2026-08-03 01:16:40,655,9,0,119.97,120.22,0.03,0
GCV9xF8bOyI,UC3NIb2qVtwunRNmypsDpQzA,2026-08-25 08:13:48,154361,3911,254,119.78,120.03,0.03,0
GCcbnuhtLbY,UChKYbZ9fSz8DMM6wU-t1lMQ,2026-08-24 10:35:00,9420,290,10,119.93,120.18,0.07,0
GCfBSihyChY,UCd9oeoY-jLSkhd-J5y_1aYg,2026-08-12 14:31:45,1052,7,0,119.97,120.22,0.03,0
GCkuarVjmLc,UCw1DsweY9b2AKGjV4kGJP1A,2026-08-23 10:01:27,5487,20,12,119.99,120.24,0.01,0
GCy7NGzLOQw,UCkrNv6xF8j7QZmWb3UeAH8A,2026-08-01 13:11:22,13845,84,14,119.81,120.06,0.06,0
GD2v_TuRiCk,UCby0vMKcLR05ZdS90aZd5og,2026-08-04 05:13:21,1880,7,0,119.78,120.03,0.03,1
GDAJYI9vU_s,UCUR5w0E-jQTOO8Q0FZ4ilYQ,2026-08-13 08:03:51,68923,185,38,119.94,120.19,0.06,0
GDOqgVOChl0,UCEcRvF_6IRSux8FO-ogFZug,2026-08-18 08:00:19,11510,783,19,120.0,120.0,0.0,0
GDfJOwXOmEY,UCzDmGDR5RdahQkLCBoWlTEg,2026-07-13 15:58:56,24477,304,4,119.77,120.02,0.02,0
GDfcdS2Qq18,UCdK9h1ILxS49c2LguBUY3rw,2026-08-07 12:00:27,5,2,0,120.0,120.0,0.0,0
GDnGphNlgL8,UCV7WE8I_UiAN0fa6Arezx_w,2026-08-14 03:00:36,28,0,0,119.99,120.24,0.01,0
GE4CKRFoyyg,UCV6mNrW8CrmWtcxWfQXy11g,2026-07-22 15:00:23,71273,2769,75,120.0,120.0,0.0,1
GE8ET_AKEoQ,UC7hwQp3F6P_OwyRM14p88iQ,2026-08-19 15:33:07,34930,242,0,119.96,120.21,0.04,0
GEL-E6m1vAE,UCGW76VChAJKee9kYzvyoycQ,2026-08-21 04:00:14,2868,84,17,119.76,120.01,0.01,0
GEPPuw4zXRM,UCPqqyxHmSvJygac5TH52qJw,2026-07-16 08:42:14,56677,989,67,119.8,120.05,0.05,1
GEVOyKfawZk,UCV6mNrW8CrmWtcxWfQXy11g,2026-08-27 22:00:38,240127,5849,45,120.0,120.0,0.0,1
GEZGOFKeAUQ,UCPsZX-D7LW99PjZLA-UysPQ,2026-08-05 06:00:33,920,5,1,119.99,120.24,0.01,0
GEnJcoI8HW8,UCXVVG5ZM3SJJCh94xatR8Dg,2026-08-20 08:00:23,538,9,2,120.0,120.0,0.0,1
GEuXNvN9C8k,UCGVy07wZs8W-EpKAGchrmCQ,2026-08-08 08:09:23,28649,196,4,119.85,120.1,0.1,1
GFBhDwufLZE,UCgWOZQvFZhGuqBCtjmee0XQ,2026-07-28 15:09:45,0,0,0,119.84,120.09,0.09,0
GFE9vLgeDlY,UCZ6mNZTiTUrUSbSYPlclI4A,2026-08-02 01:00:28,1217,22,5,119.99,120.24,0.01,0
GFKraB-uwog,UCAl4HWznMn7KhKBRFO5eiFA,2026-08-20 12:54:10,3738,26,0,119.85,120.1,0.1,0
GFROn42Qk2o,UCw1DsweY9b2AKGjV4kGJP1A,2026-08-16 10:00:10,14511,76,32,120.0,120.0,0.0,0
GFj3E_wZumQ,UCr4WCOxirRA-BzVu-MH_WqQ,2026-08-31 09:18:09,4801,25,8,119.96,120.21,0.04,1
GFv-rSTnvtY,UCVWAdUQGUiY2Kzh0JoB5PtQ,2026-08-26 07:57:58,2752,6,0,119.79,120.05,0.05,0
GFxA9l4Ve94,UCpcTrCXblq78GZrTUTLWeBw,2026-07-10 14:00:29,216680,2151,253,119.99,120.24,0.01,0
GG8djeQV_yY,UCCd3jyJmOFzkJEMj5Bp89rw,2026-07-12 23:00:16,1459,95,5,120.0,120.0,0.0,1
GGAxuG0cwuY,UCAl4HWznMn7KhKBRFO5eiFA,2026-07-13 06:00:30,11686,122,3,119.99,120.24,0.01,1
GGSEXp3b_8s,UCpcTrCXblq78GZrTUTLWeBw,2026-08-18 19:30:34,22800,402,71,120.0,120.0,0.0,0
GGVCHBX64_s,UCOTJtP0Z9DjpPU43B5m1V6A,2026-07-22 12:00:32,105897,1210,34,119.99,120.24,0.01,1
GGhIy8n96qM,UCNNR1-x2NhZARsNGnQlh2sQ,2026-08-18 07:30:23,46295,159,8,120.0,120.0,0.0,1
GGi4D9yJ7MA,UCkd3KAYGnTNPJZZrPOFeWhA,2026-08-08 12:00:21,13938,25,1,120.0,120.0,0.0,1
GGoMsACBfBE,UCw1DsweY9b2AKGjV4kGJP1A,2026-08-15 10:00:22,4703,32,14,120.0,120.0,0.0,0
GGxvC_TyOlQ,UC5Yx9RlmznXDUEIrfoSqheA,2026-07-27 21:50:37,46,4,0,119.91,120.16,0.09,0
GHDk9WnBknk,UCt8CJiye87FMbEwt0npPMuQ,2026-08-18 15:00:36,3893,170,10,120.0,120.0,0.0,0
GHJKORWLwCo,UCta3D5-EYqO-pduQLxQ8mNQ,2026-07-31 10:15:19,2614,12,2,120.0,120.0,0.0,0
GHKX7lyHdaU,UCBexUDlBSJM2h4xZB3ch53g,2026-08-14 07:30:27,27261,419,35,120.0,120.0,0.0,1
GHduoPOp1Sg,UCGa52d8Qlv3THghuCAt_nXA,2026-08-19 08:30:17,81473,467,24,119.76,120.01,0.01,1
GHi4_F61-_E,UCWVS5IJOkNnkKS5rjiAt9rw,2026-08-24 19:30:52,46817,146,2,120.0,120.0,0.0,0
GHkC6GVwLRA,UCbItyvYa6cqvqtwlU2E9-wA,2026-08-17 13:00:17,6545,453,20,120.0,120.0,0.0,0
GHlK4X4_u3M,UCV6mNrW8CrmWtcxWfQXy11g,2026-08-08 14:00:32,74639,3599,51,119.99,120.24,0.01,1
GHutcMdNXRU,UCQDGJQe8X9tbk_i8Na3VVXg,2026-08-02 11:09:00,37,2,0,119.85,120.1,0.1,0
GI3QZJX-BWo,UCcJliZnsRbNw4I4uWSGq_wA,2026-08-18 02:19:47,272,0,0,119.92,120.17,0.08,0
GIBHZSoSmlk,UCxtZZzggcfOmsW99gYkxsNA,2026-08-05 05:58:00,3152,23,11,119.79,120.04,0.04,0
GIEn2tFT6BA,UCw1DsweY9b2AKGjV4kGJP1A,2026-08-21 10:02:26,11478,46,9,119.97,120.22,0.03,0
GIUELbRdcOA,UCtVBI7YLJyDvrx7iWAukx_Q,2026-08-17 04:36:00,72049,1015,68,119.9,120.15,0.1,0
GIfwzFT31ZI,UC2yOBpLVwB7kzt9C5ZPbB7w,2026-07-31 04:00:11,47224,1036,28,120.0,120.0,0.0,1
GIpudS0Nkg0,UCirJgPv8RtFaFMj39b6cD8Q,2026-08-31 03:00:39,4004,27,1,119.75,120.01,0.01,1
GIsWPF1y2dE,UCpcTrCXblq78GZrTUTLWeBw,2026-08-04 08:30:27,12195,275,29,120.0,120.0,0.0,0
GItqEPGj__g,UCnkytUgy0CtWd06up9CjNxg,2026-08-11 11:00:03,201060,3222,105,120.0,120.0,0.0,0
GIwYTXR4e4I,UCElXDMEQqlUnuyDbChjARWQ,2026-07-25 03:49:16,1204,2,0,119.93,120.18,0.07,0
GJHAWFsFVNw,UC9vI-9WYQLXKI6n9XdXXo3g,2026-08-06 08:04:18,9634,60,15,119.93,120.18,0.07,0
GJm8glydeIs,UC-2JsFNClcIesgd7UmtGnpw,2026-07-12 02:00:18,32063,829,26,120.0,120.0,0.0,1
GJr0XER3BvU,UClvMduw1MDMQ0PuH753-XSA,2026-08-06 01:12:03,3548,105,11,119.8,120.05,0.05,0
GJrKLjWxUxI,UCuXE-MdbuaZcPt_2J2kSsSQ,2026-07-11 12:35:26,404,2,0,119.91,120.16,0.09,1
GJwNBkaaZUU,UC3RzmV2LX3AmWhZVx0A7u0A,2026-08-14 07:00:14,36340,745,154,120.0,120.0,0.0,0
GJwz5AUbB5A,UCbvvdVOF0teLO-U6GWh1RKg,2026-07-23 11:53:26,1775,23,2,119.86,120.11,0.11,0
GK1cQprT4TQ,UCAGUSx1hbPKDqzBZH7bTjiA,2026-08-24 04:00:27,661047,6580,349,120.0,120.0,0.0,0
GKEjuLZGzjI,UCJYdIDfGkqXTsQq5aW4md0Q,2026-08-27 01:36:54,249,5,0,119.9,120.15,0.1,0
GKZPFdMudZo,UCraf4ugZTyvFY6AJ0VjIxFA,2026-08-06 21:00:22,876,14,1,120.0,120.0,0.0,0
GKcdouW1j4c,UCkd3KAYGnTNPJZZrPOFeWhA,2026-08-16 12:00:29,25162,98,12,120.0,120.0,0.0,1
GKpXVejNfYQ,UC2yOBpLVwB7kzt9C5ZPbB7w,2026-07-26 20:00:27,70764,898,36,119.99,120.24,0.01,1
GKvcOuTadM8,UCV6mNrW8CrmWtcxWfQXy11g,2026-08-22 17:00:07,314787,11839,1266,119.76,120.01,0.01,1
GL2tNaF1Nic,UCdK9h1ILxS49c2LguBUY3rw,2026-07-31 12:00:11,3,2,0,120.0,120.0,0.0,0
GL2vslRiiGI,UCV7WE8I_UiAN0fa6Arezx_w,2026-08-09 11:00:27,45,0,0,119.99,120.24,0.01,0
GL3LzXF4X0E,UCgT-gb3favw2jQgwxbbwwaA,2026-08-26 03:00:03,72042,537,10,119.76,120.01,0.01,1
GLAsbXIO3gg,UCpcTrCXblq78GZrTUTLWeBw,2026-08-14 10:30:17,38040,303,26,120.0,120.0,0.0,0
GLKCsN_jGzA,UCVZ0SJNurJAv-6hV5VEGB2A,2026-07-28 08:00:19,46557,803,275,120.0,120.0,0.0,0
GLUOdCwuKCU,UCV7WE8I_UiAN0fa6Arezx_w,2026-08-02 19:00:25,50,1,0,120.0,120.0,0.0,0
GLYbjZXrn4A,UCBidluUUxzT_5jVOI_2x2MQ,2026-08-26 03:00:06,1912,14,1,119.76,120.01,0.01,1
GLmwrWBNzAE,UCOTJtP0Z9DjpPU43B5m1V6A,2026-08-20 02:30:23,129188,1266,119,120.0,120.0,0.0,0
GLpR9DQ9e-o,UCqyzJW0VRYRP_sFELZYdxGg,2026-08-13 08:00:01,8049,111,13,120.0,120.0,0.0,1
GLuzUyDmeys,UCsRiYH-VrZ2mYsohk7GhLdQ,2026-07-28 09:00:29,87991,745,50,120.0,120.0,0.0,0
GM7YgPA03ws,UC8E29ANOC3_OuB7_5EPY2xw,2026-08-23 06:52:08,1208,1,0,119.89,120.15,0.11,1
GM8ZzW-jvQg,UC9zmo9x1o7xAfgM1Fw3Dg4g,2026-08-24 08:00:09,4018,196,59,119.76,120.01,0.01,0
GMB-3IoxV2E,UCooLkG0FfrkPBQsSuC95L6w,2026-07-14 09:00:40,22787,256,22,119.99,120.24,0.01,1
GMEx5m5_KAk,UCwBkHOTyu57NQi0syf5MLig,2026-08-05 05:00:26,78363,386,13,120.0,120.0,0.0,1
GMNZ8cqNXzo,UCbYO4SBywZ2oWv1u309oWmQ,2026-07-23 10:00:24,3019,57,22,120.0,120.0,0.0,0
GMaakkad1Uk,UCt6Eo4xMTHhlOWg4_PAz_MA,2026-08-03 00:25:25,4461,15,4,119.83,120.08,0.08,1
GMv5YMdxTGQ,UCt8CJiye87FMbEwt0npPMuQ,2026-08-04 15:30:02,13398,420,14,120.0,120.0,0.0,0
GMzqKf51Eyw,UCUbOogiD-4PKDqaJfSOTC0g,2026-08-10 13:20:43,46817,107,3,119.91,120.16,0.09,1
GN6VrvwVGO8,UCXtU-C_e2iBzPSq9oLXtbVw,2026-07-28 23:15:09,84,6,7,120.0,120.0,0.0,0
GNGQPe7CEGM,UCbFLnCfOet-u_kFyA7uX-9Q,2026-08-25 15:00:27,73998,1068,20,120.0,120.0,0.0,1
GNL_5nyQenc,UCgyDKBTgkBfa8jWrBb8Npig,2026-07-22 10:59:24,520,3,1,119.76,120.01,0.01,1
GNQEovyPZ3Q,UCk5C4AR3uvmKwZYkIlSobbg,2026-07-26 14:52:49,66150,238,188,119.87,120.12,0.12,0
GN_4INVHUME,UCab17MxxnFtAhGsJVTkSkCg,2026-07-28 15:02:07,633,16,0,119.97,120.22,0.03,0
GNswKcBShLs,UCt8CJiye87FMbEwt0npPMuQ,2026-08-12 02:19:24,3996,80,16,119.93,120.18,0.07,0
GNuenQjWgew,UCIzbqIyEUxtFLYh_sCDoXpw,2026-08-18 09:30:32,68417,654,31,120.0,120.0,0.0,0
GNvWiUH5WZU,UCifCesg-EUkjKyQedaB3hRg,2026-08-21 23:59:24,43796,1060,19,119.77,120.02,0.02,1
GO0Ccz1bOk4,UCrD6viwK0DHbQuZSOZBbofg,2026-08-10 14:02:48,255841,2818,232,119.96,120.21,0.04,0
GO5OIPER-rQ,UC_1zs9WEip0B-2g5ysbf-eg,2026-07-13 22:14:54,9,1,0,120.0,120.0,0.0,1
GO6W4LRjRtw,UCV7WE8I_UiAN0fa6Arezx_w,2026-07-11 11:00:06,53,3,0,120.0,120.0,0.0,0
GOA-Ky8JG0k,UCb5NLtXAsTBrmaZVhyFa-Wg,2026-08-14 12:47:27,30579,85,0,119.96,120.21,0.04,0
GOA4xyeL4cA,UCp6n8d8Y8r3MwKNw_MMaouQ,2026-07-23 20:14:08,2071,38,2,119.77,120.02,0.02,0
GORLaTx29jw,UCKVt3arMXfa6XZezR1UnjqQ,2026-08-12 03:00:05,6576,55,4,120.0,120.0,0.0,0
GOaxibAXmLE,UCyEIUlSKbzCt3ElAsPFb7EQ,2026-08-07 20:00:36,7284,27,23,119.99,120.24,0.01,0
GOhLspDa2bA,UCjBPx2oip2bKnnfqKyas0ew,2026-08-10 09:00:17,7938,369,66,120.0,120.0,0.0,0
GOlHtHkRVQo,UCroIk85IFzp6OZzKoJFDKuA,2026-07-24 22:38:20,2700,7,0,119.86,120.11,0.11,0
GOnCKoZHAz0,UCBvkOBLsSj9kusGYlroQkBg,2026-08-31 13:18:41,72657,553,28,119.95,120.2,0.05,0
GPM92UxZSjE,UCIH7bdyhaJ0nD7jIcgqmQbQ,2026-07-13 08:00:15,621,30,11,120.0,120.0,0.0,0
GPQjbVWkWRw,UCxe_WKNMrOgvNtgz02oLTjQ,2026-08-03 11:15:28,110417,872,242,120.0,120.0,0.0,1
GPS5ebCWqKg,UCM81CAJ2_Y42-bvK1OQnAAA,2026-08-29 14:29:07,139192,874,1527,119.78,120.03,0.03,0
GPUkaWQiMvk,UCHoo90P0hvh2rrbGvX53G0A,2026-08-03 21:00:52,1456,36,0,119.99,120.24,0.01,0
GPopRRL1gkY,UCS2OAdHoLt-9T6cG9A2H49Q,2026-07-26 03:00:01,13744,169,45,120.0,120.0,0.0,0
GPsHncJ-x6U,UC4oe-OVZ2Ho-03yrMkrXomQ,2026-08-10 23:00:38,537092,8506,289,119.99,120.24,0.01,1
GQQb-FvHycI,UCv1tOT645xHOJrwdGlzjMaA,2026-07-30 11:26:57,44217,618,10,119.8,120.05,0.05,1
GQus4xPFPTM,UCV6mNrW8CrmWtcxWfQXy11g,2026-08-21 03:30:08,93900,2831,78,119.76,120.01,0.01,1
GQwKnsE1Q7Q,UCdb5lyq0tWbY3jqH35SufmA,2026-07-27 22:30:10,19620,215,78,120.0,120.0,0.0,0
GR1TaZ7pPvY,UC08-hQbwh7eyr8PlaYG2-sQ,2026-08-13 10:00:11,44962,857,559,120.0,120.0,0.0,0
GRB6qUvCgSk,UCBo7GIv99qTzHaa6ip09YLA,2026-08-15 08:00:23,16835,39,2,120.0,120.0,0.0,1
GRD1DpMqoSE,UCepHesz_5Lwr7qRaqjB-p1A,2026-08-25 03:00:17,57504,598,81,119.76,120.01,0.01,0
GRrvCUZWe-4,UCyoSQyaCrZHro6F_nBiXIYg,2026-08-08 14:58:59,208282,806,311,119.77,120.02,0.02,0
GS6l2d5EdTc,UC4VWaR3R17Ruc7j1Cy1-PKQ,2026-07-18 04:25:41,108,5,1,119.82,120.07,0.07,0
GS6tbzqCe0Q,UCIxcZWLQpP-mUZC6_Uljc_Q,2026-08-23 23:00:20,20735,105,60,119.76,120.01,0.01,0
GSOjCNcm3zI,UCULRVjf5z_WoR106msn8HoA,2026-08-12 14:02:24,51064,622,156,119.96,120.21,0.04,0
GSkrQ2S16-Q,UCTbwgCCBrI-4XU8b5B0uGPg,2026-07-29 15:21:15,35581,679,21,119.9,120.15,0.1,1
GSmAujy52j0,UCzVXdulvpgEoI8yuFMmhxJw,2026-08-27 09:45:49,361300,19452,267,120.0,120.0,0.0,0
GSmgk9EUEiY,UC-8S20Ll1gzPiu_YY8BgyaQ,2026-07-26 08:00:31,106127,781,21,119.99,120.24,0.01,1
GStQuQb96_U,UCdK9h1ILxS49c2LguBUY3rw,2026-08-11 11:30:01,11,2,0,120.0,120.0,0.0,0
GSuk2dino7E,UCvAetSOU_4lyjM5hVMNzN0Q,2026-07-13 16:40:06,33838,311,10,119.83,120.08,0.08,1
GT2EIPIjLdc,UCAGUSx1hbPKDqzBZH7bTjiA,2026-08-21 08:00:23,68487,530,145,119.76,120.01,0.01,0
GT8AKhE9bHQ,UCZaNYFjF_SRRJPVuGX7yMjQ,2026-07-31 02:01:21,31,2,0,119.98,120.23,0.02,0
GT8y3bI0mbE,UC4cKHOBS-nRfKFTwf1n8HGA,2026-08-30 15:38:06,322,,0,119.88,120.13,0.12,0
GTDwDWZe4mQ,UCxtZZzggcfOmsW99gYkxsNA,2026-08-05 05:57:23,1726,9,3,119.8,120.05,0.05,0
GTJx5l-UbRA,UChHxLcNi7e0zu-e33HM6v6A,2026-07-26 03:00:32,10412,94,36,119.99,120.24,0.01,0
GTRS0744Poo,UCZ49HaU_D0Tlf1aDA2jU_Vg,2026-08-21 15:51:23,63208,591,119,119.9,120.16,0.1,0
GTXBwsSMWq0,UCBidluUUxzT_5jVOI_2x2MQ,2026-08-18 08:00:20,104,3,1,120.0,120.0,0.0,0
GT_tkyrOa9s,UCPuD5ZRQWa_JCaY5NokNhtg,2026-08-19 14:42:07,846,10,7,119.81,120.06,0.06,0
GTfSbvZkxyw,UC4ncZM9bnBknxPkJbq4miHQ,2026-08-09 10:19:42,71342,889,106,119.92,120.17,0.08,1
GTiJHmBzOlE,UCWyumbJC1uZS-obctkwSAuQ,2026-08-20 06:54:03,6,0,1,119.85,120.1,0.1,0
GTp-elyVO10,UCwBkHOTyu57NQi0syf5MLig,2026-08-02 06:00:10,429190,2930,251,120.0,120.0,0.0,1
GUKlf-1jxqw,UC8a9-ubjMyQkDH9Jr8EX0JQ,2026-07-18 18:41:17,4,1,0,119.81,120.06,0.06,0
GUQhQgEVaZM,UCPGl9DV2WUgaqGVXtVrhJWQ,2026-07-31 13:52:43,4,0,0,119.87,120.12,0.12,0
GUTBtf0D8cQ,UCV6mNrW8CrmWtcxWfQXy11g,2026-07-23 08:00:20,38035,1307,19,120.0,120.0,0.0,1
GUWSDysrM_o,UC2yOBpLVwB7kzt9C5ZPbB7w,2026-07-30 12:00:23,125074,1934,92,120.0,120.0,0.0,1
GUfJqIeM1sc,UCF-rFAdN7dzd-SI2T3rkCaQ,2026-07-31 08:12:08,16428,118,36,119.8,120.05,0.05,0
GUghA5JbQwE,UCI3DTtB-a3fJPjKtQ5kYHfA,2026-08-28 01:11:31,3406,2,0,119.82,120.07,0.07,0
GUpR9GcEUUM,UC-okJdotaXPlzivRzHFqzuA,2026-08-30 05:00:08,84569,430,12,119.76,120.01,0.01,1
GUqqZ89sMhI,UC-okJdotaXPlzivRzHFqzuA,2026-08-26 08:59:09,154035,1375,44,119.77,120.02,0.02,0
GUxHfJC2qjg,UCOTJtP0Z9DjpPU43B5m1V6A,2026-07-29 09:30:24,164311,1478,97,120.0,120.0,0.0,0
GVAM9rfNwRU,UCHZ9X2Nl3dq8ChEJgScmZCw,2026-07-29 09:56:58,18920,200,32,119.8,120.05,0.05,0
GVELVoGyq9I,UCJj2vuQIpFnk5pbTAtCi3yw,2026-08-24 09:52:49,33555,569,29,119.88,120.13,0.12,1
GVFHw4X_1a4,UC_E_qYfGKM3C0kqrp1p8z7Q,2026-08-23 19:00:38,422,10,3,120.0,120.0,0.0,1
GVQwXxbi-1M,UCPGl9DV2WUgaqGVXtVrhJWQ,2026-07-26 12:05:48,5,0,0,119.91,120.15,0.09,0
GVS9dEuVbCU,UCdb5lyq0tWbY3jqH35SufmA,2026-08-31 23:40:21,45637,519,7,119.84,120.09,0.09,1
GVTE_MuInQg,UC6VcWc1rAoWdBCM0JxrRQ3A,2026-08-28 01:01:18,1078230,41046,1112,119.99,120.24,0.01,1
GVTuHr2Si_Y,UCab17MxxnFtAhGsJVTkSkCg,2026-08-06 04:03:05,576,12,0,119.95,120.2,0.05,0
GVauBoRjepY,UCMgTCM5mGx3y4Hg0aMOXrbw,2026-08-19 11:30:32,6619,48,4,120.0,120.0,0.0,0
GVoOOTxbWn8,UCN5oT4zGJX-_H6pE5isAEeg,2026-08-24 03:00:06,406275,6731,584,119.76,120.01,0.01,1
GW7Uz-2qWtk,UCepHesz_5Lwr7qRaqjB-p1A,2026-08-04 09:00:19,41121,880,244,120.0,120.0,0.0,0
GWApIfw3_qw,UC-FiQR2gg8oiNw98ZdsSX6Q,2026-08-12 15:00:31,3762,40,5,119.99,120.24,0.01,0
GWT0tVUEgm0,UCPGl9DV2WUgaqGVXtVrhJWQ,2026-07-30 15:00:36,229,0,0,119.99,120.24,0.01,0
GWVPo8xxYa0,UCOTJtP0Z9DjpPU43B5m1V6A,2026-08-28 05:00:27,137859,1245,35,119.75,120.01,0.01,1
GWVgi1waEpc,UCooLkG0FfrkPBQsSuC95L6w,2026-07-14 15:00:06,6046,45,31,120.0,120.0,0.0,0
GWds-jCRDpw,UCzps05UZ7XpX3SFoFyYIDow,2026-08-29 03:00:16,79523,185,70,119.76,120.01,0.01,0
GWj4m4vvZ-U,UC9vI-9WYQLXKI6n9XdXXo3g,2026-08-19 03:00:04,30421,173,31,119.76,120.01,0.01,0
GWlN9f_9kbo,UCgvtwZJPhSfbKOxh3EoVXng,2026-08-18 11:15:25,46,1,0,120.0,120.0,0.0,0
GWzyRgSGgYQ,UC3DYSay178fMMPaf3zHwECA,2026-08-20 08:00:33,140165,3142,90,120.0,120.0,0.0,1
GX2k1UPcyQo,UCp6n8d8Y8r3MwKNw_MMaouQ,2026-08-18 13:17:34,313073,2863,12,119.97,120.22,0.03,0
GX7jxvdXTEQ,UCJd2uIrg_ZrSOaaQQr30XoA,2026-08-22 10:46:26,1112,4,3,119.99,120.24,0.01,1
GXXmwfh5cGE,UCab17MxxnFtAhGsJVTkSkCg,2026-07-27 13:11:31,1181,22,1,119.81,120.06,0.06,0
GX_Fd5fG5VY,UCab17MxxnFtAhGsJVTkSkCg,2026-07-24 14:18:23,659,15,1,119.95,120.2,0.05,0
GYS4GR_Bey0,UCw1DsweY9b2AKGjV4kGJP1A,2026-08-21 08:30:38,139006,709,54,120.0,120.0,0.0,1
GYUthuNJ938,UCe0loHR-Vltq0GPHgYyzmrQ,2026-08-05 05:27:58,31669,396,24,119.79,120.04,0.04,1
GYlI0DhJ0TM,UC9M8GGVwPqc9ubNruArCNPg,2026-08-12 17:46:11,53316,1484,246,119.98,120.23,0.02,1
GYpHwXc2_kA,UCV7WE8I_UiAN0fa6Arezx_w,2026-08-28 01:00:06,161,0,0,119.76,120.01,0.01,0
GYqLksGLtGE,UCtt0Hg9MhraTkzWwNQpplHg,2026-07-11 02:00:26,48068,470,21,120.0,120.0,0.0,0
GYsM5j8nTNE,UCd-Ziz8pAMZBWl7juEghsag,2026-07-21 04:54:07,25783,572,78,119.85,120.1,0.1,0
GYvfhDssrVo,UCDLDbittWhk2KXvaCT0YpZQ,2026-08-10 22:17:28,191951,5663,131,119.96,120.21,0.04,0
GYyFo5okfMA,UCab17MxxnFtAhGsJVTkSkCg,2026-08-12 09:38:43,864,16,0,119.86,120.11,0.11,0
GZ1IZEPHgzs,UCifCesg-EUkjKyQedaB3hRg,2026-08-23 01:25:09,8947,98,10,119.84,120.09,0.09,0
GZGEQJ2I0jA,UCdcjduaR6hyGHVNmpbJzSsw,2026-08-23 18:38:18,1562,27,1,119.87,120.12,0.12,0
GZKrwbQN_4M,UCV6mNrW8CrmWtcxWfQXy11g,2026-08-20 01:44:25,8196,484,33,119.76,120.01,0.01,0
GZhQIgUcOf4,UCnMshUhBxDsKFPnxBGmGEpg,2026-08-06 07:39:55,328,8,1,119.84,120.09,0.09,0
GZxLnu9qmSI,UCfQOeRevRI14uNqluiJ7TeQ,2026-08-02 07:37:41,256,1,0,119.87,120.12,0.12,0
G_9oLt3CqXI,UCUae69frfqpKOB3BUMdX5Qw,2026-08-19 03:30:32,12717,304,29,120.0,120.0,0.0,0
G_CyKAbEwLk,UCA9f2-9fUklMMOaz8vKW7Jw,2026-08-24 09:04:45,11826,45,0,119.93,120.18,0.07,0
G_hJZ-cp7yA,UCWwbZhw5M-Q5dZtTK4nDWNw,2026-08-23 03:00:10,18596,289,10,119.76,120.01,0.01,1
G_llJe34fYw,UC8rbhIem-3aAsNXhTDI-nSA,2026-07-28 22:00:06,111922,1971,116,120.0,120.0,0.0,0
G_tgZwssUS4,UCOwgg4IVhPQtq6qtxEeX3XA,2026-08-14 08:45:19,2148,4,4,120.0,120.0,0.0,0
Ga48JSrvuLg,UCk3w4CQ_SlLH4V0-V6WjFZg,2026-08-24 15:34:53,74576,3203,203,119.93,120.18,0.07,0
Ga9_jaGTPaM,UC3kVT7zilzGf_7fIEkc4dDA,2026-08-28 06:00:28,48543,720,167,119.75,120.01,0.01,0
GaI90wXDARU,UC1IUMdwaJ22A6FkPiI8dcig,2026-07-26 22:00:01,91501,1968,86,120.0,120.0,0.0,1
GaK9fiyK_HY,UCV7WE8I_UiAN0fa6Arezx_w,2026-07-29 08:00:07,130,1,0,120.0,120.0,0.0,0
GaL_1OTkN7w,UCZ6mNZTiTUrUSbSYPlclI4A,2026-08-07 12:42:48,9270,234,15,119.79,120.04,0.04,1
GaRqjTD6Mrc,UCl402YYy7RcH7PBI3npmGPQ,2026-08-18 06:00:08,122401,765,394,119.76,120.01,0.01,0
GaZq7z0b2nI,UCV7WE8I_UiAN0fa6Arezx_w,2026-08-20 20:00:19,47,0,1,119.76,120.01,0.01,0
GamENbKH97M,UC86GXx7Ap-Cahlb0r0xT-ZQ,2026-08-01 12:00:33,42217,319,19,119.99,120.24,0.01,0
Gb4M1ZGBlJg,UCoIEwIHhW-1_roLnb5nK_UA,2026-08-21 16:30:22,315,8,1,119.76,120.01,0.01,0
GbC42fuFg3Y,UCADf92tisOOh90hrZee4-LA,2026-08-18 13:34:04,25453,279,5,119.94,120.19,0.06,1
GbHWZhUjyJw,UC4ncZM9bnBknxPkJbq4miHQ,2026-07-26 10:00:33,214131,1871,128,119.99,120.24,0.01,1
Gbd1rXf3Cw0,UCvuc6-wCcCeDrQ9dA52pBBQ,2026-08-13 09:00:37,2594,19,16,119.99,120.24,0.01,0
Gbp358Dl8kE,UCOLDn9gw0yegXRgjoi5MzNQ,2026-08-09 02:02:08,206,8,1,119.97,120.22,0.03,0
GbrxC2XiKfw,UCYJ0Ucu9jPX5kn6SeDcNaIQ,2026-08-02 15:00:39,33387,169,5,119.99,120.24,0.01,1
Gbss24ym6Ag,UCdK9h1ILxS49c2LguBUY3rw,2026-08-23 20:43:44,33,6,0,119.78,120.03,0.03,0
Gc0SgghEVsg,UCms8Ge7H1ZGgw6nV94fUhUQ,2026-08-11 06:00:08,47499,609,315,120.0,120.0,0.0,0
Gc6-qZfuz4I,UCSzHok6X5qXEO7cjvVnE62g,2026-07-22 10:00:05,55292,284,87,120.0,120.0,0.0,0
Gc7HkRf34ec,UC1IUMdwaJ22A6FkPiI8dcig,2026-08-06 06:48:49,98193,1732,41,119.94,120.19,0.06,1
GcEvwFLHTNA,UC-okJdotaXPlzivRzHFqzuA,2026-08-19 08:59:25,39752,338,17,119.77,120.02,0.02,0
GcHxlw_zx_E,UCOX0M9VYOm2FVBORW9XLChg,2026-07-25 02:43:47,39,2,0,119.77,120.02,0.02,0
GcNQph6FN-g,UC8x8GQmlxAIhHxzU61z0uLQ,2026-07-16 12:07:06,17153,81,0,119.88,120.13,0.12,0
GcOBq8NRQIY,UCyU5JQ8KVRD9jE4E_xLsHxw,2026-08-09 09:00:13,4162,109,2,120.0,120.0,0.0,1
Gca8FE6wiHg,UCjnghZoZuL_U3AByO_oq7CQ,2026-08-17 16:13:58,36,5,1,119.77,120.02,0.02,0
GcozMrGm0Mw,UCS-X1uBDTNwAYyydiXjcX9A,2026-08-12 03:00:30,5535,41,2,120.0,120.0,0.0,1
Gcub8Yy54H4,UCuXE-MdbuaZcPt_2J2kSsSQ,2026-07-12 10:01:24,175,0,0,119.98,120.23,0.02,0
GcwttNmIkF8,UCMswODzU1ZjjrLyUk7NfwPA,2026-07-16 10:00:06,11575,436,32,120.0,120.0,0.0,0
Gd20JpIAgU0,UCoH2pCzAr6zWDG-LtUiLWRw,2026-07-15 22:00:31,45030,391,75,119.99,120.24,0.01,0
Gd4r5-cKx8I,UCxe_WKNMrOgvNtgz02oLTjQ,2026-08-24 09:15:32,34512,242,53,120.0,120.0,0.0,1
GdHbEzYWazI,UCt8CJiye87FMbEwt0npPMuQ,2026-08-10 17:00:11,26773,824,41,120.0,120.0,0.0,1
GdK4411IiUY,UCpcTrCXblq78GZrTUTLWeBw,2026-07-22 08:30:10,202425,3625,250,120.0,120.0,0.0,0
GdM8vh9bBAQ,UCrR_fhiJjoW8OJFzUcmlMMA,2026-07-29 10:00:15,7115,69,26,120.0,120.0,0.0,0
GdQYt9MvXis,UCOTJtP0Z9DjpPU43B5m1V6A,2026-07-28 02:30:34,122135,1540,180,119.99,120.24,0.01,0
HSsebPDtYQQ,UCpcTrCXblq78GZrTUTLWeBw,2026-08-30 19:00:07,42519,245,14,119.76,120.02,0.02,0
HSx8633M7JY,UC5ThQKdocwo_9UurfT5P_ww,2026-08-15 01:00:02,317579,4676,192,120.0,120.0,0.0,1
HSy5rQ53nVs,UCWjfI3wnNOgQCTu2SijfgMg,2026-08-03 13:01:36,9567,262,28,119.98,120.23,0.02,0
HT0HndQZ7To,UCg5Ew4lj74r_ohbc4AeQj1w,2026-08-18 09:00:07,35988,1214,25,119.76,120.01,0.01,1
HT1GJlF0qZA,UCPsZX-D7LW99PjZLA-UysPQ,2026-07-27 09:00:35,501,10,0,119.99,120.24,0.01,0
HTCxdRXT4b4,UC3hCAmwyYNgRuOOSFV7evVA,2026-08-22 12:33:02,9181,56,3,119.96,120.21,0.04,0
HTE5XpFXQEg,UCN8L7Z-dyzu9FzT39RM0fvw,2026-08-22 02:00:02,20808,161,54,119.76,120.01,0.01,0
HTFbTGcrDGA,UCXVVG5ZM3SJJCh94xatR8Dg,2026-07-30 02:01:00,839,23,0,119.98,120.24,0.02,1
HTUl6xGW4NY,UCPGl9DV2WUgaqGVXtVrhJWQ,2026-08-18 12:08:04,16,0,0,119.88,120.13,0.12,0
HTZ2ZNVXCsQ,UCzSODDx0zQF3nxXOZISCm_w,2026-07-27 09:30:19,388,3,0,120.0,120.0,0.0,1
HTconoH-3mQ,UCYM01qjjE_hmqFQAmOo-lNg,2026-08-07 15:29:42,608,7,2,119.76,120.01,0.01,0
HTwUry6g9ro,UCYGF_xk5RDpltyZDSx040uw,2026-07-11 04:29:38,189129,1909,32,119.76,120.01,0.01,1
HUDmsJO9NkE,UC6JB_a6rD1lZ_aZgQvORfrQ,2026-07-21 15:20:12,900,28,1,119.91,120.16,0.09,0
HUED7UmvA_M,UCJPseQU9-GQKn7CGt3pDJjQ,2026-08-03 16:41:09,86,3,2,119.82,120.07,0.07,0
HUHYNwGhB_A,UCV6mNrW8CrmWtcxWfQXy11g,2026-08-23 10:00:30,25136,989,22,120.0,120.0,0.0,1
HUTVihau3e4,UCN5oT4zGJX-_H6pE5isAEeg,2026-08-08 08:00:05,695830,10532,905,120.0,120.0,0.0,1
HUU_z1MGjEA,UCVZ0SJNurJAv-6hV5VEGB2A,2026-08-13 01:00:03,101618,2905,299,120.0,120.0,0.0,0
HUVANcVL9Lc,UCab17MxxnFtAhGsJVTkSkCg,2026-08-03 15:22:44,5927,90,4,119.87,120.12,0.12,1
HUVeCcCg3Bo,UCZ6mNZTiTUrUSbSYPlclI4A,2026-08-27 13:10:19,41567,553,29,119.84,120.09,0.09,1
HUao2xajMYc,UC8CZL4cvFiKwKKDNCuM2lTA,2026-08-19 09:32:34,23390,267,41,119.97,120.22,0.03,0
HUbd4j3Jo4M,UC1q4Ihlv_YhLELw-ijE0Diw,2026-07-20 14:01:08,159060,4020,188,119.98,120.23,0.02,0
HUdU_zF4CEA,UCAVR6Q0YgYa8xwz8rdg9Mrg,2026-07-31 13:10:27,301630,14783,632,119.83,120.08,0.08,0
HUe4L-BSvWY,UC-2JsFNClcIesgd7UmtGnpw,2026-08-30 02:00:34,32109,804,29,120.0,120.0,0.0,1
HUiwPsmpToA,UC5Yx9RlmznXDUEIrfoSqheA,2026-08-14 04:54:03,113,4,0,119.85,120.1,0.1,0
HUoeELh_0oI,UCPuD5ZRQWa_JCaY5NokNhtg,2026-08-31 22:13:38,2343,13,4,119.79,120.04,0.04,0
HVCPkzb7J1Q,UCt8CJiye87FMbEwt0npPMuQ,2026-07-30 12:00:07,1015,43,6,120.0,120.0,0.0,1
HVGK2IEcaDw,UCPsZX-D7LW99PjZLA-UysPQ,2026-08-16 09:00:06,1634,26,4,120.0,120.0,0.0,0
HVKVkxN5BnI,UCNZiNM2pP6uhIlTQVS2Q5fA,2026-08-07 09:00:29,213198,2985,49,120.0,120.0,0.0,1
HVVvlgzQzLs,UCYxwKnNRv4FurQxeKcuR0Sw,2026-08-13 03:00:22,7,1,0,120.0,120.0,0.0,0
HVXtArF9fTs,UCpX86JOUhnrzG7MK8e8Gjbw,2026-08-26 15:37:58,18861,66,10,119.88,120.13,0.12,1
HV_AW3FGpCg,UC_9W6Z5Y3lDpLk47Y_y5ITQ,2026-08-07 13:20:21,13391,148,19,119.91,120.16,0.09,0
HVrE5oo7PWY,UC8CZL4cvFiKwKKDNCuM2lTA,2026-08-05 10:11:10,47055,333,23,119.82,120.07,0.07,1
HVtSmD7XDQc,UChHxLcNi7e0zu-e33HM6v6A,2026-08-21 11:00:12,9744,60,12,119.76,120.01,0.01,0
HVyIbcNZuEQ,UCzRPPKLkNxjD2of-0Xxfnjw,2026-08-26 14:16:49,11330,131,13,119.98,120.23,0.02,1
HW3LXNTR2bM,UCCd3jyJmOFzkJEMj5Bp89rw,2026-08-27 07:23:11,0,34,3,119.88,120.13,0.12,0
HW4Vc0Ky86k,UCeB_ZeSo0xDL62wWlkTEtjA,2026-08-14 00:56:05,17418,120,63,119.82,120.07,0.07,0
HW8h8nXaXgQ,UC3gl4CHfNtAqNjju1goB0_w,2026-08-14 13:33:42,2498,46,6,119.94,120.19,0.06,0
HWCev9QDyHg,UCAl4HWznMn7KhKBRFO5eiFA,2026-07-25 13:29:23,55397,280,30,119.76,120.01,0.01,0
HWELvzYADR4,UC0FUMakBJHsRrfKCGQuWnRA,2026-08-21 14:01:08,30407,262,72,119.99,120.24,0.01,0
HWKHekzUzQ4,UCgvtwZJPhSfbKOxh3EoVXng,2026-08-16 09:26:35,26,1,0,119.81,120.06,0.06,0
HWPPpyHgphg,UCZNTsLA6t6bRoj-5QRmqt_w,2026-08-05 15:00:03,62788,1727,175,120.0,120.0,0.0,0
HWXe99khpgs,UCF5RrlbsxJjAVLWgOCoNHMg,2026-08-29 19:00:45,25163,51,0,119.75,120.01,0.01,0
HWuSOVFdHLY,UCV7WE8I_UiAN0fa6Arezx_w,2026-08-05 10:00:17,36,1,0,120.0,120.0,0.0,0
HWvgaXy8Wnw,UCrR_fhiJjoW8OJFzUcmlMMA,2026-08-20 10:00:23,15839,152,8,120.0,120.0,0.0,1
HX0Is3yAoPc,UCPsZX-D7LW99PjZLA-UysPQ,2026-07-26 09:00:23,970,9,4,120.0,120.0,0.0,0
HXBwRb4aIgQ,UCPGl9DV2WUgaqGVXtVrhJWQ,2026-07-11 14:06:06,1,0,0,119.9,120.15,0.1,0
HXKKpyOmO2c,UC8rbhIem-3aAsNXhTDI-nSA,2026-08-05 22:00:30,184794,3730,199,119.99,120.24,0.01,0
HXLYVWIaP1Q,UCSrQnB-Ip9hc0biFQ3HoKzg,2026-07-28 11:28:14,46213,1910,86,119.78,120.03,0.03,0
HXQCKwmUOOM,UCv1tOT645xHOJrwdGlzjMaA,2026-07-31 12:43:14,258742,1324,17,119.78,120.03,0.03,0
HXSQMN80vv0,UCqIwPYLfMd3EoWYwvyTjPnA,2026-07-29 03:00:11,10017,61,10,120.0,120.0,0.0,0
HXXqr_L2zY4,UC1IUMdwaJ22A6FkPiI8dcig,2026-08-17 09:59:12,103974,2535,77,119.77,120.02,0.02,1
HXkks8Y877c,UCV7WE8I_UiAN0fa6Arezx_w,2026-08-11 13:00:30,48,0,0,119.99,120.24,0.01,0
HY79pfLTqG4,UCPoEVLrQMMXICwULGDwfvug,2026-07-29 11:50:15,14431,146,50,119.91,120.16,0.09,1
HYIX3cuEXHM,UCgeazIBHz3JS7ft7_nyj-0A,2026-08-06 08:00:26,15007,71,10,119.99,120.25,0.01,0
HYLjuoKayKM,UCifCesg-EUkjKyQedaB3hRg,2026-07-31 00:13:22,38377,1557,19,119.78,120.03,0.03,1
HYSXMVSJfms,UCrR_fhiJjoW8OJFzUcmlMMA,2026-07-21 07:00:38,4633,60,17,119.99,120.24,0.01,0
HYTDdLh8CWM,UCSh__r5HS4Y1xBkccWnV0TA,2026-08-10 19:12:48,194868,4234,148,119.79,120.04,0.04,0
HYiNGJtmwzY,UCF5RrlbsxJjAVLWgOCoNHMg,2026-07-26 05:21:58,80237,2588,71,119.89,120.14,0.11,1
HYxYMIePaM8,UCSl8TBqqflby-ymdEQVfRNQ,2026-08-08 14:11:56,29990,621,114,119.8,120.05,0.05,0
HZ98YtuyeWc,UCSh__r5HS4Y1xBkccWnV0TA,2026-07-29 18:10:40,116815,2753,89,119.82,120.07,0.07,0
HZAO9n5e2H4,UC-pobd8lZE33BSDz-iyHfJQ,2026-08-15 11:30:37,4697,74,32,119.99,120.24,0.01,0
HZDof68tei4,UCO94iFhOhtdGb4Ze5DUAtbw,2026-07-12 01:00:04,3243,68,25,120.0,120.0,0.0,0
HZN9XlQ-UCI,UCaova9Q4UZLPqFnSvq8VxzA,2026-08-05 16:46:02,19906,129,157,119.99,120.24,0.01,0
HZS7PZywepc,UCHYMpkGhNIr8A0m2H3lIjUA,2026-08-25 12:00:05,89750,1074,128,119.76,120.01,0.01,1
HZcI8l_3JnU,UCZaNYFjF_SRRJPVuGX7yMjQ,2026-07-20 22:26:20,3,1,0,119.81,120.06,0.06,0
HZcvf2L8fMQ,UCuWDza8A_ntbjwBZgW0ZSNw,2026-07-27 08:00:08,46014,589,12,120.0,120.0,0.0,1
HZnKz1g94Ko,UCnju7ULBic4VgkCfDvVXCnA,2026-07-25 02:57:18,67867,243,54,119.8,120.05,0.05,1
HZny5c73xSg,UCRq3CDTZ2qe3HiHrZdQKBvQ,2026-08-05 09:48:01,2331,15,3,119.95,120.2,0.05,1
H_6B960Nk_s,UCoH2pCzAr6zWDG-LtUiLWRw,2026-07-10 10:00:20,416275,10401,141,118.76,122.62,1.24,1
H_A3Te0hPwo,UCz5LAkkX66OAW-y_WiWf9vA,2026-08-28 06:13:53,780,2,0,119.78,120.04,0.04,0
H_LPnSlHdXY,UCvfEv6nBnL0QlKqyGmL0orQ,2026-08-18 00:00:17,15782,83,28,120.0,120.0,0.0,0
H_TaXp5OQoQ,UCO8ToDSM2Gvt3EZdOdosxTw,2026-08-14 14:00:03,40218,869,123,120.0,120.0,0.0,1
H_UOLiq_vvg,UCbFLnCfOet-u_kFyA7uX-9Q,2026-08-24 15:00:01,106336,1996,57,119.76,120.01,0.01,1
H_geg-H4M-Q,UCPN9TrChCye1s97iEUOsIeA,2026-08-16 07:52:23,44,4,0,119.88,120.13,0.12,0
H_iuOafvV7g,UCZPBWThSlgWT0DVaxxUEX4A,2026-08-15 03:08:33,76,1,1,119.86,120.11,0.11,0
H_l_x2cqIi8,UCeiQKedLZob9Cb797XfsrRw,2026-07-25 01:00:20,20277,281,155,120.0,120.0,0.0,0
HaFtXyfipWs,UC8CIM3d3zDYMk-3T5aAz0yw,2026-08-12 08:15:25,1455935,40687,314,120.0,120.0,0.0,1
HaO5fYYs4pE,UCV7WE8I_UiAN0fa6Arezx_w,2026-08-10 09:00:00,32,1,0,120.0,120.0,0.0,0
HafBavpJD6I,UCdK9h1ILxS49c2LguBUY3rw,2026-08-08 11:45:14,11,1,0,120.0,120.0,0.0,0
HbJlbTiiPeM,UCY_vDlvG-BTDRIOk_I9QQ6g,2026-08-30 02:30:11,11821,51,11,119.76,120.01,0.01,1
HbN4MCXet94,UCpcTrCXblq78GZrTUTLWeBw,2026-07-20 00:30:33,395080,5099,1456,119.99,120.24,0.01,0
HbsDIVbiNMw,UCpcTrCXblq78GZrTUTLWeBw,2026-07-14 04:10:21,32405,347,27,119.83,120.08,0.08,0
Hc-Ld6eIknY,UCKUUL3fMVvYVZdGkKhhjP0A,2026-08-21 23:00:10,14608,211,58,119.76,120.01,0.01,0
Hc0vgVgPHOg,UCBS4sjbGJIcclT-Y6i_Jzkg,2026-07-28 18:00:07,27613,579,5,120.0,120.0,0.0,1
Hc1_9vrrKlo,UCSzHok6X5qXEO7cjvVnE62g,2026-08-20 12:00:10,203908,2382,57,120.0,120.0,0.0,1
HcAx2ZP_8rY,UCPI40-XQA9-GBGj2k8PPqfg,2026-08-22 08:50:26,72770,1068,92,119.92,120.17,0.08,0
HcAz0-LGZIs,UC2ja61Zku_rw3ZBfDZi8cuQ,2026-08-31 01:00:13,23244,117,10,119.76,120.01,0.01,0
HcJAYruIHV8,UCoSniqkitCpxlHrQd5L8A1w,2026-08-19 22:37:32,1961,15,5,119.88,120.13,0.12,0
Hc_J59SOtAk,UCk1NTIlGP27bQEumkw6sDVA,2026-07-28 09:00:40,29201,317,69,119.99,120.24,0.01,0
HcdJFKTl6Vw,UCC1LvVTX2ySKYjeIXkAtvsQ,2026-08-02 09:00:40,630865,7860,151,119.99,120.24,0.01,1
Hchui_174CI,UCcNdwtZ7ulFFxngmnzsWQNA,2026-08-04 02:00:17,29923,275,94,120.0,120.0,0.0,0
Hcj7BxFAjl0,UCY_vDlvG-BTDRIOk_I9QQ6g,2026-07-24 09:59:41,3052,31,14,119.76,120.01,0.01,0
HclCRbsW4Uc,UCjBPx2oip2bKnnfqKyas0ew,2026-08-07 07:15:36,4820,220,58,119.99,120.24,0.01,0
HclShSh7JJw,UC-StHq1pWM-t4XS9ycZpn9w,2026-07-17 05:37:20,16735,239,25,119.88,120.13,0.12,1
HcwQYV7JDZk,UCQDGJQe8X9tbk_i8Na3VVXg,2026-08-13 10:05:39,1086,26,6,119.91,120.16,0.09,0
Hcy64NltCD0,UCKVt3arMXfa6XZezR1UnjqQ,2026-07-22 09:00:32,1936,33,2,119.99,120.24,0.01,0
Hd6TgcJWm-c,UC7bcRlidTERRb_MKRHPVSnw,2026-08-12 12:03:14,63168,1377,97,119.95,120.2,0.05,0
HdIol7H0QrE,UC3RzmV2LX3AmWhZVx0A7u0A,2026-08-16 07:00:32,174158,2500,143,119.99,120.25,0.01,1
HdWOU-4AzoQ,UCPJGXrPIVKBR8PJY7w33WZw,2026-08-30 04:49:41,43450,539,138,119.93,120.19,0.07,0
HdlZwETAjoM,UC_9W6Z5Y3lDpLk47Y_y5ITQ,2026-08-01 00:12:03,13296,135,26,119.8,120.05,0.05,0
Hdu-_wvRBeM,UCAl4HWznMn7KhKBRFO5eiFA,2026-08-14 13:23:40,13787,91,37,119.86,120.11,0.11,0
HdzDcW-wpj4,UCB4gIGaPUiLtpPreFSf8fKQ,2026-08-14 11:00:34,2117,21,4,119.99,120.24,0.01,0
HeBCI6biQh4,UCULRVjf5z_WoR106msn8HoA,2026-07-20 09:53:01,91433,1018,226,119.87,120.12,0.12,0
HeNHa4Zv0nQ,UCt8CJiye87FMbEwt0npPMuQ,2026-07-28 12:00:33,15171,601,78,119.99,120.24,0.01,0
HeRRMciIjZg,UCyEIUlSKbzCt3ElAsPFb7EQ,2026-08-05 20:15:11,6959,22,13,120.0,120.0,0.0,0
HedD8sm7DvA,UCms8Ge7H1ZGgw6nV94fUhUQ,2026-07-12 03:00:00,35069,465,249,120.0,120.0,0.0,1
HegOAnlhU-Q,UC9JlObZnbOirT4_iyPGrdcw,2026-07-22 13:00:30,52188,323,68,119.99,120.24,0.01,0
HehDf6xGp90,UC3_QWAvQRhPW4CDoQU8acKw,2026-08-06 10:36:04,23544,350,75,119.9,120.15,0.1,0
HehX__ZOoHU,UCe0loHR-Vltq0GPHgYyzmrQ,2026-08-15 06:52:42,1112,24,4,119.87,120.13,0.13,0
HenbPEYZ4Mc,UC2ja61Zku_rw3ZBfDZi8cuQ,2026-08-30 01:00:04,20054,84,10,119.76,120.01,0.01,1
Het7faI8EL0,UCifCesg-EUkjKyQedaB3hRg,2026-08-20 01:10:46,66478,1753,23,119.82,120.08,0.08,1
HeuMX4kixmQ,UCQhIdo5nRQY9DB3uo7vawtw,2026-07-25 15:35:49,381,26,7,119.91,120.16,0.09,0
Hew32dud3zI,UCuFguUhr9Wr0tFY85nDGk9w,2026-08-19 13:35:00,5796,45,10,119.93,120.18,0.07,0
HewdQVdGMB8,UCPGl9DV2WUgaqGVXtVrhJWQ,2026-08-21 09:49:40,362,1,0,119.93,120.18,0.07,0
HfGaATgJrIY,UCV7WE8I_UiAN0fa6Arezx_w,2026-08-31 11:00:35,206,0,0,120.0,120.0,0.0,0
HfjDxNfDLBU,UCvagJYsZ_uvB3jJoNwuimZQ,2026-08-04 10:48:04,9157,19,0,119.95,120.2,0.05,0
Hg8B4aGD6CY,UC_Xb6sEXAdNv9nHU4988vmg,2026-08-07 08:00:36,549,,0,119.99,120.24,0.01,0
HgEMBFsn7Zs,UC-8S20Ll1gzPiu_YY8BgyaQ,2026-08-18 13:35:50,73753,512,63,119.91,120.16,0.09,0
HgGOi4Z8OSA,UCzps05UZ7XpX3SFoFyYIDow,2026-08-21 09:23:06,8085,128,38,119.88,120.13,0.12,0
HgM7ZmqpedA,UCJA6MZLzTeljmGNFaugdoWQ,2026-08-17 07:00:02,1432,8,2,120.0,120.0,0.0,1
Hg_qXUzREBQ,UCPsZX-D7LW99PjZLA-UysPQ,2026-08-15 12:00:19,744,5,2,120.0,120.0,0.0,0
HgjgiaOJDaE,UCXVVG5ZM3SJJCh94xatR8Dg,2026-08-06 07:00:02,164,5,0,120.0,120.0,0.0,1
HgnbD6iFPb0,UCuWDza8A_ntbjwBZgW0ZSNw,2026-07-14 12:26:37,49242,523,7,119.81,120.06,0.06,1
Hgox9qKv6qs,UCBY9rOZPo0fLE45mOV0s0cw,2026-07-25 22:49:24,76,0,0,119.93,120.18,0.07,0
Hgq_ZhwiYQM,UC60HSePkZwGFzRj6VSDa6Ew,2026-08-27 15:24:58,13090,39,4,119.85,120.1,0.1,0
Hh1OlCDcY6s,UCz4b1O9sT73P8DWwx6OvQwg,2026-08-13 23:00:31,54625,779,21,119.99,120.24,0.01,1
Hh2RLueDh18,UCv1tOT645xHOJrwdGlzjMaA,2026-07-16 12:05:28,41319,482,96,119.91,120.16,0.09,0
Hh4bqrCURZ4,UCEcRvF_6IRSux8FO-ogFZug,2026-07-28 03:00:09,10315,658,39,120.0,120.0,0.0,0
Hh5spTujzuc,UCZRH94I89Ps7giJYeK6DlWA,2026-07-11 14:30:00,122094,3853,35,120.0,120.0,0.0,0
Hh8mdjQNM_g,UCnCH3Uhv_ynhTNKEH6ekRtg,2026-08-07 05:51:11,4541,101,16,119.9,120.15,0.1,0
Hh98_zB_QDk,UC3DYSay178fMMPaf3zHwECA,2026-08-09 04:15:06,27186,707,34,120.0,120.0,0.0,0
HhNFlcoAZYA,UCb3wpKfVlnPx2bym2Tivbzw,2026-08-03 14:45:58,14214,515,119,119.99,120.24,0.01,1
HhOa9u5dB1s,UC1IUMdwaJ22A6FkPiI8dcig,2026-08-09 08:24:15,36833,628,22,119.85,120.1,0.1,1
HhTHqS3I11Q,UC-okJdotaXPlzivRzHFqzuA,2026-07-27 09:05:02,94815,1180,34,119.92,120.17,0.08,0
HhWablI86FY,UC4VWaR3R17Ruc7j1Cy1-PKQ,2026-08-21 21:31:10,189,2,4,119.99,120.24,0.01,0
HhX3biIcezU,UCby0vMKcLR05ZdS90aZd5og,2026-07-14 02:37:51,8627,14,14,119.87,120.12,0.12,1
Hh_cHaYMdXw,UCPv0av3PfTUeTnHGgcXkk8w,2026-08-28 23:59:29,14,0,0,119.77,120.02,0.02,0
HiSY0l7i7vE,UClvMduw1MDMQ0PuH753-XSA,2026-08-22 00:28:40,2652,68,1,119.78,120.03,0.03,0
HijM_cb7EhI,UCS2OAdHoLt-9T6cG9A2H49Q,2026-08-01 12:13:35,33224,186,43,119.78,120.03,0.03,1
HijiCNUmpfY,UCtGMgPWJNU2Aj-SNK0zg0Sg,2026-08-03 09:45:25,10238,206,16,120.0,120.0,0.0,1
HiwuB0aETXQ,UCDHGqgpiHQAsE0UiltRqhfQ,2026-08-04 14:38:41,6358,53,6,119.86,120.11,0.11,0
Hj3u0GLLJBE,UCPGl9DV2WUgaqGVXtVrhJWQ,2026-08-26 14:05:35,137,0,0,119.92,120.17,0.08,0
Hj4AtM9U6Dc,UCxpXguPL_B5pz7Gq8ozfwlA,2026-08-22 01:18:04,5668,21,0,119.96,120.21,0.04,0
HjKBFdWiols,UC3DYSay178fMMPaf3zHwECA,2026-07-19 08:00:05,69792,1710,31,120.0,120.0,0.0,1
HjStWcgm4b8,UCV7WE8I_UiAN0fa6Arezx_w,2026-08-05 17:00:28,57,0,0,119.99,120.24,0.01,0
HjY9qzopVHQ,UCUae69frfqpKOB3BUMdX5Qw,2026-07-23 03:30:27,80557,742,84,119.99,120.24,0.01,1
HjfRJ-FGrww,UCz5LAkkX66OAW-y_WiWf9vA,2026-07-25 11:13:54,5807,28,2,119.77,120.02,0.02,1
HjkjZy_eax0,UC9zmo9x1o7xAfgM1Fw3Dg4g,2026-07-22 08:00:02,2989,150,66,120.0,120.0,0.0,0
HjnM1zDGSe0,UCV6mNrW8CrmWtcxWfQXy11g,2026-07-28 14:00:39,56222,2295,63,119.99,120.24,0.01,1
HjzuR8qNP_U,UCw1DsweY9b2AKGjV4kGJP1A,2026-08-10 10:00:25,9524,50,7,120.0,120.0,0.0,0
Hk20_PSAtcU,UCrKSaegnzewdj9-YLsUhoZw,2026-07-13 00:20:55,12848,93,26,119.9,120.15,0.1,0
Hk38JrRyETg,UCFJAOgvqcc3fPqdu7fTl-zA,2026-08-28 09:00:35,3748,57,21,120.0,120.0,0.0,0
HkAdwLRQrJE,UCwfbSsZ7_sccxcibe60mWlQ,2026-08-03 03:58:43,23661,89,22,119.77,120.02,0.02,0
HkC9aiO_9mg,UC8a9-ubjMyQkDH9Jr8EX0JQ,2026-07-31 08:29:01,45,0,0,119.77,120.02,0.02,0
HkN2sUJJtK4,UCOTJtP0Z9DjpPU43B5m1V6A,2026-08-26 02:30:01,120212,1059,130,119.76,120.01,0.01,0
HkW-1xH8hiY,UCAl4HWznMn7KhKBRFO5eiFA,2026-07-21 14:04:27,1721,4,0,119.93,120.18,0.07,1
HkcTQja4lsQ,UC5WN-znPsJK0BbA8aHxZHWQ,2026-08-06 10:45:24,47429,740,21,120.0,120.0,0.0,1
HkeB8nfIp1o,UCSfhr4gDPFsKuwdmTOWp2jw,2026-07-11 09:30:19,424,6,0,120.0,120.0,0.0,0
HkkGbB-ywXY,UC59jWhPazXYi8Ny4vake45A,2026-08-06 08:45:39,240010,5010,42,119.99,120.24,0.01,1
HkqdK1RVKCo,UCfcfymsN3OMo2cfmbpGTanw,2026-08-11 09:00:38,51508,257,19,119.99,120.24,0.01,1
HksR4tB_cp0,UC1aBdmKvC6yAiq4xgPLOzKA,2026-08-08 03:00:39,89207,992,45,119.99,120.24,0.01,1
Hl6QDb1ln4Y,UCyZXLzORHoh9QMwA7IwS0pA,2026-08-02 14:13:22,929,8,0,119.78,120.03,0.03,0
I6I0cFzVD2Y,UC5pdoCANExIVI4yf6DVoxew,2026-08-10 00:43:25,1866,,12,119.78,120.03,0.03,1
I6INhTyPagE,UCV7WE8I_UiAN0fa6Arezx_w,2026-07-29 05:00:21,78,0,0,120.0,120.0,0.0,0
I6No15rk53I,UCulcJNJPF25ncT7GvJm6iEg,2026-08-01 08:09:10,108447,1635,35,119.85,120.1,0.1,1
I6NwA4mRrUg,UC-yb5eNBQyXBE9nZnht9u-g,2026-07-24 10:00:31,3932,122,20,119.99,120.24,0.01,0
I6Q6mx5F-v0,UC0aKwoKNeqBaUwiEXmkQaGQ,2026-07-28 03:00:14,48833,719,55,120.0,120.0,0.0,1
I6_XZjAUI5k,UCzDmGDR5RdahQkLCBoWlTEg,2026-08-11 03:00:27,17093,64,4,120.0,120.0,0.0,1
I6pHiO7IfK0,UClHTjLVog7CkRF8tYJuNXXQ,2026-08-16 22:46:42,276,13,1,119.97,120.22,0.03,0
I776tmWJPLA,UCYsRymb9vAsOOLBy-Wo1kRg,2026-07-27 09:13:05,2030,73,24,119.78,120.03,0.03,0
I7HsWqNfcgk,UCYjNEoVziojh1ZCum1q0PNQ,2026-07-14 01:15:29,11072,223,29,119.99,120.24,0.01,0
I7LFHsOK0zA,UCUPa-gJcbYG9Ql8b9H9FBbg,2026-07-31 08:00:04,3707,22,9,120.0,120.0,0.0,0
I7_JGh3WQsI,UCZ6mNZTiTUrUSbSYPlclI4A,2026-08-11 04:40:19,6987,376,10,119.83,120.08,0.08,1
I7h27HfVO0U,UCS2OAdHoLt-9T6cG9A2H49Q,2026-08-11 09:24:17,29631,166,31,119.85,120.1,0.1,1
I7hEdv-VWYQ,UCYsRymb9vAsOOLBy-Wo1kRg,2026-07-19 06:07:01,5067,40,5,119.89,120.14,0.11,0
I7jcgCWJCoI,UCa2liSwjQST4AGcg6LFQakQ,2026-08-19 04:00:36,1045,5,0,120.0,120.0,0.0,0
I87DVp8tpkQ,UCz5LAkkX66OAW-y_WiWf9vA,2026-07-24 07:33:39,45,5,0,119.94,120.19,0.06,0
I88x1iCoxjo,UChLqHuZV0PENIBYxDgXyPLQ,2026-08-10 11:51:21,1372857,15046,346,119.9,120.15,0.1,1
I8IhlwU76c4,UCpTNtH8yc1Kdl_YFfsQsTYA,2026-08-16 09:00:07,23419,122,19,120.0,120.0,0.0,1
I8QxC3-5n9g,UCQyZh4b4TLaSVldnDWnh7fA,2026-07-23 11:43:51,2,0,0,119.77,120.02,0.02,0
I8_ch1qhQQw,UCikKJvpU0Ylua4hRW6faQRg,2026-07-22 06:37:01,3305,87,0,119.89,120.14,0.11,0
I8zrVFsX4B0,UCdQHEqTxcFzjFCrq0o4V7dg,2026-08-28 22:20:30,370591,7893,708,119.92,120.17,0.08,0
I90PvCEkWXo,UC08-hQbwh7eyr8PlaYG2-sQ,2026-07-18 10:00:37,17676,253,119,119.99,120.24,0.01,0
I9OiHeZ4Apw,UCt8CJiye87FMbEwt0npPMuQ,2026-08-13 16:30:38,5526,228,36,119.99,120.24,0.01,0
I9dUB2Yk3qQ,UCPGl9DV2WUgaqGVXtVrhJWQ,2026-08-22 06:07:19,8,0,0,119.89,120.14,0.11,0
IA0p8jGiz0Q,UCdb5lyq0tWbY3jqH35SufmA,2026-07-27 01:32:47,12679,64,51,119.96,120.21,0.04,0
IA1D-dV6xJo,UC9qwDE50UcXvdplRNZKEoPA,2026-07-26 01:59:46,30109,963,24,119.76,120.01,0.01,1
IA3estPD8uM,UC1aBdmKvC6yAiq4xgPLOzKA,2026-08-15 06:45:01,8789,129,21,120.0,120.0,0.0,0
IA8CXDpWNlo,UC0vqyzJ-1l3AJl3IkKu0bhQ,2026-07-27 09:40:05,103,3,0,119.83,120.08,0.08,0
IAD3JgvzWNA,UCPJGXrPIVKBR8PJY7w33WZw,2026-08-05 01:00:18,184530,2208,336,120.0,120.0,0.0,0
IAIJqoaILXw,UCV6mNrW8CrmWtcxWfQXy11g,2026-07-23 11:00:16,203334,12309,323,120.0,120.0,0.0,1
IALJ2vLJxVo,UCqlcSsDNMYxEsem7bWY-66Q,2026-08-04 16:19:01,18494,669,3,119.94,120.19,0.06,0
IAMq4xxqx2E,UCEebX3m88Arwc91LPmEmTYQ,2026-07-23 15:02:08,43147,4480,79,119.97,120.22,0.03,0
IAXGT1AqzRI,UCSrQnB-Ip9hc0biFQ3HoKzg,2026-07-27 10:22:10,11512,693,26,119.88,120.13,0.12,0
IAlQWnrtGLc,UCV6mNrW8CrmWtcxWfQXy11g,2026-08-16 02:00:01,93806,3365,34,120.0,120.0,0.0,1
IAowRIXnT-I,UCWruBQD5z0KK04l3KvsjW-A,2026-08-30 07:00:04,2502,12,6,119.76,120.01,0.01,1
IAqBIiHVdD8,UCtIbfg_6gjbdFqCqAiUcqyQ,2026-08-07 08:00:19,26198,362,15,120.0,120.0,0.0,1
IBAHNBJvQ1k,UCuWDza8A_ntbjwBZgW0ZSNw,2026-08-05 03:00:02,11899,81,25,120.0,120.0,0.0,0
IBWcLYOhDiQ,UCDLDbittWhk2KXvaCT0YpZQ,2026-08-27 09:00:22,134413,1553,95,119.76,120.01,0.01,0
IBdR_tJHwZ8,UCbFLnCfOet-u_kFyA7uX-9Q,2026-08-25 15:00:13,128299,2402,51,119.76,120.01,0.01,1
IBfSTg_kLG0,UCzSODDx0zQF3nxXOZISCm_w,2026-08-04 11:00:10,1950,4,0,120.0,120.0,0.0,1
IBwf_fTYOUY,UCybfHuHkJRzGDymek2Dsqvw,2026-08-02 11:00:39,56218,1052,238,119.99,120.24,0.01,0
ICDCZ3dYZoc,UCkrNv6xF8j7QZmWb3UeAH8A,2026-08-24 07:11:19,22794,100,17,119.82,120.07,0.07,0
ICNEavBREWY,UCV7WE8I_UiAN0fa6Arezx_w,2026-07-18 14:00:25,75,0,0,119.99,120.24,0.01,0
ICPLRNQ4oMs,UCt8CJiye87FMbEwt0npPMuQ,2026-08-27 19:03:08,152202,4044,145,119.96,120.21,0.04,1
ICivjhT3218,UC1aBdmKvC6yAiq4xgPLOzKA,2026-08-29 02:51:50,111938,994,33,119.9,120.15,0.1,1
ICp0BLjlc78,UCY_vDlvG-BTDRIOk_I9QQ6g,2026-08-17 02:03:07,9290,87,29,119.95,120.2,0.05,0
ICpLBn16lZU,UC-FiQR2gg8oiNw98ZdsSX6Q,2026-08-26 15:00:16,91,2,0,119.76,120.01,0.01,0
ICqIJtXbvRY,UCJmnOEp1-OITEU0mk4icM5A,2026-08-31 05:00:38,122458,1793,111,119.75,120.01,0.01,0
ICrFALFgsjc,UCPuD5ZRQWa_JCaY5NokNhtg,2026-07-30 07:55:21,305,8,2,119.83,120.08,0.08,0
ID-nFShX750,UCw1DsweY9b2AKGjV4kGJP1A,2026-08-16 14:00:07,10940,33,79,120.0,120.0,0.0,0
IDWouwsOvbc,UCO8ToDSM2Gvt3EZdOdosxTw,2026-07-29 09:30:21,42517,660,70,120.0,120.0,0.0,1
IDaq_T3w6bw,UCPGl9DV2WUgaqGVXtVrhJWQ,2026-07-24 15:00:39,13,0,0,119.99,120.24,0.01,0
IDjKB8RdrvQ,UC9JlObZnbOirT4_iyPGrdcw,2026-08-17 12:00:08,15387,164,22,120.0,120.0,0.0,0
IDwU-WeWFvU,UCOTJtP0Z9DjpPU43B5m1V6A,2026-07-27 12:30:03,304544,1963,78,120.0,120.0,0.0,0
IDylZEY1uqs,UCGa52d8Qlv3THghuCAt_nXA,2026-07-17 08:30:40,32858,282,5,119.99,120.24,0.01,1
IDzEJ3fqPZY,UCFHUplScMiWTjJrtv4hxWmg,2026-08-24 12:09:21,66441,408,62,119.6,120.11,0.11,0
IDzKwAsEiwg,UChEATwTajZl4Wjypr0cBj3w,2026-08-18 20:56:33,4038,323,89,119.82,120.07,0.07,0
IEGLVOjrvBk,UCsuanL5kXO29Uzz3MWlBsMQ,2026-08-11 09:05:07,50,2,1,119.92,120.17,0.08,0
IETi7Pqv_iQ,UC_8GOc5dWX2Kpb74_nQ7vSQ,2026-08-16 04:00:13,70434,2094,199,120.0,120.0,0.0,0
IEbSC75NCos,UCiE9ZR51IeGPRbD4_Px6_Fw,2026-08-30 07:00:23,211825,6152,423,119.76,120.01,0.01,0
IEeoOypW1K8,UCqEoc6yuYRg5CFG4NIG8euQ,2026-07-24 23:30:27,10784,113,19,120.0,120.0,0.0,0
IEmhKNMLMHY,UCXAXCxTCCYYKsLJNzEvjqfw,2026-07-14 04:30:49,26895,308,114,119.99,120.24,0.01,1
IF1AA1I7ULw,UCAGUSx1hbPKDqzBZH7bTjiA,2026-08-18 05:15:30,93246,2251,410,120.0,120.0,0.0,0
IFC8z4gfV_8,UC7SIaeUWuuIrWTIOBpayDVQ,2026-07-24 04:37:19,12679,151,44,119.88,120.13,0.12,0
IFEr4vyf8es,UCbFLnCfOet-u_kFyA7uX-9Q,2026-08-03 02:11:13,69119,915,40,119.82,120.06,0.06,1
IFHEfqIIPYc,UC0aKwoKNeqBaUwiEXmkQaGQ,2026-07-31 03:00:18,82248,1996,150,120.0,120.0,0.0,1
IFJTqPVpEtI,UCCs1YZHxUTIbLZd-xrvvMCw,2026-08-02 09:00:34,66429,1224,116,119.99,120.24,0.01,0
IFonHpwwzJ4,UCV7WE8I_UiAN0fa6Arezx_w,2026-08-14 16:00:34,36,0,0,119.99,120.24,0.01,0
IFt38eU2bhs,UCO8ToDSM2Gvt3EZdOdosxTw,2026-07-18 05:15:18,7731,94,54,120.0,120.0,0.0,0
IFtE-HLJnII,UCwfbSsZ7_sccxcibe60mWlQ,2026-07-26 03:44:18,34653,132,45,119.76,120.01,0.01,0
IG8WupAqnEk,UCdK9h1ILxS49c2LguBUY3rw,2026-08-17 11:45:21,8,2,0,120.0,120.0,0.0,0
IGSLZ2Sjl_U,UCM81CAJ2_Y42-bvK1OQnAAA,2026-08-23 12:00:09,180101,1323,167,119.76,120.01,0.01,0
IGiZbMLH5pE,UCOTJtP0Z9DjpPU43B5m1V6A,2026-08-01 12:00:11,195619,1649,79,120.0,120.0,0.0,0
IGjySzBTdy4,UC4VWaR3R17Ruc7j1Cy1-PKQ,2026-08-01 07:07:35,16,3,2,119.88,120.13,0.12,0
IHQ6OaHSDXQ,UCQDGJQe8X9tbk_i8Na3VVXg,2026-08-28 10:07:25,2098,23,0,119.89,120.14,0.11,0
IHiTlkwDvD0,UCtGMgPWJNU2Aj-SNK0zg0Sg,2026-08-06 16:13:36,3185,18,2,119.78,120.03,0.03,0
II2qE18gop4,UCBY9rOZPo0fLE45mOV0s0cw,2026-08-01 06:22:42,176,0,0,119.88,120.12,0.12,0
II2tL9AItEY,UCmZeuRfHYowZhf6odtoaNdg,2026-08-18 15:42:57,19780,231,11,119.79,120.05,0.05,0
IIHXNRR8hHw,UCPsZX-D7LW99PjZLA-UysPQ,2026-07-22 06:00:31,168,3,0,119.99,120.25,0.01,0
IIP4fJtpHZE,UCv1tOT645xHOJrwdGlzjMaA,2026-07-17 11:23:21,21295,177,48,119.86,120.11,0.11,0
IIPmQP-uZOM,UCab17MxxnFtAhGsJVTkSkCg,2026-08-18 12:39:26,1442,29,1,119.85,120.1,0.1,0
IImZOsXFbSU,UCHeg3ApmuXQbqqszaD1fR9g,2026-07-29 05:20:46,42223,494,31,119.91,120.16,0.09,1
IInh2xaV8a4,UCZPfs7xIjGmOGs9kvgGhUKQ,2026-08-14 09:55:35,343,2,0,119.83,120.08,0.08,0
IIyIP26LDaU,UCJzfS-WmieHog0H2OQoXkeQ,2026-08-12 07:00:37,41664,806,41,119.99,120.24,0.01,0
IJ30wK0c8p0,UCifCesg-EUkjKyQedaB3hRg,2026-08-15 00:24:46,2478,23,0,119.84,120.09,0.09,0
IJ4AzT4QBiE,UCwfbSsZ7_sccxcibe60mWlQ,2026-08-09 03:00:08,10636,40,14,120.0,120.0,0.0,0
IJ74-zv7b-4,UCPuD5ZRQWa_JCaY5NokNhtg,2026-08-05 11:07:57,660,13,2,119.87,120.12,0.12,0
IJJPUNAElBE,UCuwnt_REmD4YsCtFJRoqjFw,2026-07-16 02:30:38,36569,405,86,119.99,120.24,0.01,0
IJYBFchze_I,UCt8CJiye87FMbEwt0npPMuQ,2026-07-16 14:00:27,99265,4068,234,119.99,120.24,0.01,0
IJamKPBiGUo,UCU0-6z_KU9AShyR9J6gcFGw,2026-08-28 08:51:59,506,0,0,119.9,120.15,0.1,0
IJdjumGUixk,UCS2OAdHoLt-9T6cG9A2H49Q,2026-07-27 03:00:36,10474,146,45,119.99,120.24,0.01,0
IJh3UO_BYiY,UCElXDMEQqlUnuyDbChjARWQ,2026-08-15 15:20:35,227,0,0,119.91,120.16,0.09,0
IJjL2pB9yqw,UCbvvdVOF0teLO-U6GWh1RKg,2026-08-10 03:23:05,2766,21,7,119.87,120.12,0.12,0
IKBDUQn0aJU,UCNRnCc0hg3ZcKdOGXKKv5Ww,2026-08-20 03:15:07,15927,87,18,120.0,120.0,0.0,1
IKKvnuwZYpY,UC-8S20Ll1gzPiu_YY8BgyaQ,2026-07-17 12:58:33,68905,420,38,119.78,120.03,0.03,0
IKRGpFnWQAU,UCv1tOT645xHOJrwdGlzjMaA,2026-07-17 12:03:48,131788,3235,42,119.94,120.19,0.06,1
IKV4sAvxERM,UCzSODDx0zQF3nxXOZISCm_w,2026-08-30 09:00:11,176,1,0,119.76,120.01,0.01,0
IKZaelv_nVg,UCg7rkxrTnIhiHEpXY1ec9NA,2026-08-11 07:00:12,164227,6627,407,120.0,120.0,0.0,0
IKj8h-VlVVg,UCMswODzU1ZjjrLyUk7NfwPA,2026-07-25 09:05:07,21193,564,23,119.92,120.17,0.08,1
IKoIBZhVhjs,UCooLkG0FfrkPBQsSuC95L6w,2026-07-29 18:00:36,194772,2883,630,119.99,120.24,0.01,0
IKyeLpRZaZE,UCvrxJgD0T_TFvgsO2nA-fDQ,2026-07-27 17:16:49,37982,468,133,119.97,120.22,0.03,0
IL-b6dIRu-s,UCPGl9DV2WUgaqGVXtVrhJWQ,2026-08-04 15:00:19,5,0,0,120.0,120.0,0.0,0
IL2Wdxv2Tbo,UCPGl9DV2WUgaqGVXtVrhJWQ,2026-07-27 15:00:17,2,0,0,120.0,120.0,0.0,0
IL5aH3aiFsY,UC9qwDE50UcXvdplRNZKEoPA,2026-07-25 14:31:31,1188,15,5,119.98,120.23,0.02,0
ILRK4-unDAY,UCooLkG0FfrkPBQsSuC95L6w,2026-07-31 03:00:18,14979,105,176,120.0,120.0,0.0,0
ILXKnC81954,UCJDXc9JWCZo-nLNKr_-L2Ng,2026-08-20 15:00:29,5276,139,10,120.0,120.0,0.0,0
ILs_R-vHUb0,UC3_QWAvQRhPW4CDoQU8acKw,2026-08-02 12:04:23,26616,572,67,119.93,120.18,0.07,0
ILsexryvNzM,UCE8JC9RAVSudDT_8Ji1fuPQ,2026-08-12 08:45:19,80729,954,58,120.0,120.0,0.0,1
IM1TaX8IqF8,UCLHwMFguUxHVSk91vzicEJw,2026-07-22 13:00:09,65643,789,76,120.0,120.0,0.0,0
IM4fqnRUS9w,UCkavlo6q2XfO_MA9Q24wRvw,2026-08-11 10:09:09,598,1,0,119.85,120.1,0.1,0
IMaUm3gtp5c,UC2yOBpLVwB7kzt9C5ZPbB7w,2026-08-24 04:00:31,73466,1162,97,120.0,120.0,0.0,1
IMb0JKA6HMM,UCO8ToDSM2Gvt3EZdOdosxTw,2026-08-25 14:05:08,25693,386,32,119.93,120.18,0.07,1
IMeh1X-bd0k,UCiEMsnnzti6PDNi8TAlSnFw,2026-08-08 20:40:01,18,,0,119.84,120.09,0.09,0
IMiJLLzbRwE,UCroIk85IFzp6OZzKoJFDKuA,2026-07-26 06:31:43,2566,5,0,119.97,120.22,0.03,0
INERYmUou0w,UCvx8JsZvDVER74lG39dN9nw,2026-08-28 22:00:38,2048,32,10,120.0,120.0,0.0,0
INPcCHvGrHg,UCqVkQsNin4MdGFrWvzFVOKw,2026-07-28 02:45:35,4622,134,4,119.99,120.24,0.01,0
INTXr88HxmQ,UCxVspLehsLr4bfqbJLFkS0w,2026-08-20 09:00:22,3981,137,12,120.0,120.0,0.0,0
INYIDQTq0hw,UCXS55IczImEf64aU16NzKlg,2026-08-13 03:00:13,3184,15,0,120.0,120.0,0.0,1
INcTPrtVDk8,UCS2OAdHoLt-9T6cG9A2H49Q,2026-07-30 03:00:33,11878,134,32,119.99,120.24,0.01,0
INg5LzXBaXE,UC5ThQKdocwo_9UurfT5P_ww,2026-08-27 22:00:03,473253,6777,84,119.76,120.01,0.01,1
INhr5XL8wKg,UCms8Ge7H1ZGgw6nV94fUhUQ,2026-07-21 03:00:29,22036,456,78,119.99,120.24,0.01,0
INiCv_d7vzw,UCpI-AhCT02iQRGLC2ZcY0Jw,2026-08-09 09:00:16,40195,430,295,120.0,120.0,0.0,0
IO4l42jomto,UCkavlo6q2XfO_MA9Q24wRvw,2026-08-10 02:57:56,53,0,0,119.79,120.04,0.04,0
IOD-AYN48VA,UCoH2pCzAr6zWDG-LtUiLWRw,2026-08-06 23:00:18,46634,673,216,120.0,120.0,0.0,0
IOQgV3cXiVQ,UC86GXx7Ap-Cahlb0r0xT-ZQ,2026-08-05 13:50:12,10028,101,11,119.92,120.17,0.08,0
IOR0kqaHLXY,UChLqHuZV0PENIBYxDgXyPLQ,2026-08-19 09:51:24,8211,124,52,119.9,120.15,0.1,0
IOSfbGanMWU,UC5pdoCANExIVI4yf6DVoxew,2026-08-16 07:22:23,669,,1,119.88,120.13,0.12,1
IOmhp1jjfno,UCJDXc9JWCZo-nLNKr_-L2Ng,2026-08-07 15:00:13,2347,82,7,120.0,120.0,0.0,0
IOmvOd5t8YM,UC5grrciAyUF4xjd42XhV-1Q,2026-08-29 10:33:48,9638,,0,119.95,120.2,0.05,0
IOvsOpO414k,UCMCgtTicwOhae1N8VCokkvw,2026-08-18 13:10:03,1601,3,0,119.84,120.09,0.09,1
IOxgNilU8WE,UCV6mNrW8CrmWtcxWfQXy11g,2026-08-13 09:13:16,16896,1668,22,119.78,120.03,0.03,0
IP9oOvhevTw,UCaN1Qp37sHiCdQuSaXa3fVw,2026-08-16 05:00:33,192328,3321,36,119.99,120.24,0.01,1
IPCuer5ZfLM,UCcJliZnsRbNw4I4uWSGq_wA,2026-08-10 14:29:41,552,1,0,119.76,120.01,0.01,0
IPReu26kdcU,UC8x8GQmlxAIhHxzU61z0uLQ,2026-07-24 14:00:08,7492,60,11,120.0,120.0,0.0,0
IPTbA-ccmzw,UCbYO4SBywZ2oWv1u309oWmQ,2026-08-23 09:50:28,39476,667,25,119.92,120.17,0.08,1
IPqxeoxRwyI,UCrY2B2XX41ReYh9DIWrFfCg,2026-07-21 11:11:53,7075,,14,119.8,120.05,0.05,0
IPtTq6KOMuo,UCarBV0zWlC2k-HteyeKqfag,2026-08-09 14:36:05,17360,59,0,119.9,120.15,0.1,0
IPyOGv5PACM,UCePy6AqRuTfKDC4aTrqcAqQ,2026-08-21 09:00:21,294,21,8,119.76,120.01,0.01,0
IQ31druIeOM,UCAhmOb9JWkI2HV_KIe9X_3A,2026-08-29 03:23:02,21336,77,5,119.88,120.13,0.12,0
IQIAEizKnsA,UCPsZX-D7LW99PjZLA-UysPQ,2026-08-09 09:00:38,232,3,1,119.99,120.24,0.01,0
IQL6UPDAhIg,UCyyZcZdT7qe2VzTz2bVHWPQ,2026-08-19 08:00:39,5001,118,12,120.0,120.0,0.0,0
IQOtOqg7Tpw,UCyZXLzORHoh9QMwA7IwS0pA,2026-08-09 10:35:39,4149,69,14,119.91,120.16,0.09,0
IQlTUkVEi3A,UCAVR6Q0YgYa8xwz8rdg9Mrg,2026-07-31 13:15:39,69680,3226,86,119.99,120.24,0.01,1
IQpfXlARDFg,UC5ScPjbt-a97AJO7SBj6nAg,2026-08-15 08:30:17,111258,2720,479,120.0,120.0,0.0,0
IQwB8ErP85k,UC7hwQp3F6P_OwyRM14p88iQ,2026-08-07 06:57:52,5182,64,52,119.79,120.04,0.04,0
IQwHV56Uh1M,UCIvLQ5lZ2kebqnLaGv_FP4w,2026-08-06 17:02:01,1182,10,0,119.97,120.22,0.03,0
IR7ivY6MyOY,UCN5oT4zGJX-_H6pE5isAEeg,2026-07-26 08:00:05,430502,4729,198,120.0,120.0,0.0,1
IR8A46Yahk0,UCtGMgPWJNU2Aj-SNK0zg0Sg,2026-08-10 09:30:32,24054,223,19,119.99,120.24,0.01,1
IRERCXI2u7E,UCN8YcyYvYIrtLcwyT-KqbNg,2026-08-10 08:00:23,17047,92,65,120.0,120.0,0.0,0
IRFP3Qo43ok,UCE8JC9RAVSudDT_8Ji1fuPQ,2026-07-16 08:45:00,67895,935,58,120.0,120.0,0.0,1
IRFaxeUny6I,UCgWOZQvFZhGuqBCtjmee0XQ,2026-08-08 10:33:06,2393,56,7,119.95,120.2,0.05,0
IRHj2D-WkWs,UC5ScPjbt-a97AJO7SBj6nAg,2026-08-20 08:00:35,43784,1441,62,120.0,120.0,0.0,1
IRNOE37WxbI,UCPsZX-D7LW99PjZLA-UysPQ,2026-08-08 09:00:01,234,3,2,120.0,120.0,0.0,0
IRNwA2ql1OE,UCzDmGDR5RdahQkLCBoWlTEg,2026-08-23 10:21:24,5815,30,6,119.91,120.16,0.09,0
IRO0biNNwJM,UC1IUMdwaJ22A6FkPiI8dcig,2026-07-19 11:10:39,92004,2168,130,119.82,120.07,0.07,1
IROUT1p5jjs,UCw1DsweY9b2AKGjV4kGJP1A,2026-07-12 05:12:42,37524,377,199,119.79,120.04,0.04,0
IRP3NzWZbXY,UCmnCuNh2owRLP48nnS3pe2w,2026-07-30 19:24:20,43,0,0,119.85,120.1,0.1,0
IRQ0NljUfZU,UCSzHok6X5qXEO7cjvVnE62g,2026-07-20 08:00:30,34561,225,22,119.99,120.24,0.01,0
IRUwmYwbeO0,UCV6mNrW8CrmWtcxWfQXy11g,2026-08-31 17:00:13,256419,9928,419,119.76,120.01,0.01,1
IRe_gjjWkRQ,UCePo3etp2PDhGSvdKwz2fwQ,2026-08-27 16:35:49,235,2,0,119.91,120.16,0.09,1
IRlDK7dRJ6U,UC_9W6Z5Y3lDpLk47Y_y5ITQ,2026-08-27 11:16:56,30164,176,19,119.98,120.23,0.02,0
IRwdVkB1awQ,UCJDXc9JWCZo-nLNKr_-L2Ng,2026-07-28 11:00:03,2746,110,6,120.0,120.0,0.0,0
IRwyiL6bQdE,UCvuc6-wCcCeDrQ9dA52pBBQ,2026-07-22 09:00:32,2460,27,30,120.0,120.0,0.0,0
Hl6g-ypAMXs,UCqIwPYLfMd3EoWYwvyTjPnA,2026-07-21 23:00:29,11603,125,40,119.99,120.24,0.01,0
Hl8akEjUpvg,UCPGl9DV2WUgaqGVXtVrhJWQ,2026-07-26 12:05:35,1,0,0,119.91,120.16,0.09,0
HlVPxyoCIaY,UCbItyvYa6cqvqtwlU2E9-wA,2026-08-24 23:37:51,6347,333,7,119.88,120.13,0.12,0
HlXlMHL4-uE,UCMswODzU1ZjjrLyUk7NfwPA,2026-07-30 10:56:04,49069,535,27,119.82,120.07,0.07,1
HlYJaZCurGU,UC72PuhDwKtZ5MikpGNhPAtA,2026-08-28 00:15:35,647024,23159,1858,120.0,120.0,0.0,0
HlgvmsWnpt4,UCYooECrv-fIXlPaDwEIaveA,2026-07-27 09:01:19,40664,587,63,119.98,120.23,0.02,0
Hlk1YWL4h3Q,UCuWcjpKbIDAbZfHoru1toFg,2026-08-17 01:00:40,8402,299,5,119.99,120.24,0.01,0
Hlt0P5Ph_7I,UCYooECrv-fIXlPaDwEIaveA,2026-08-12 09:00:36,28285,542,9,119.99,120.24,0.01,1
Hm0oxAw-bQE,UCKrprPfevcAZpPuRnCO6xOA,2026-08-26 09:00:33,2878,12,0,120.0,120.0,0.0,0
Hm2mKLY8Enk,UCI6Ro_MOr36re4Bhb7nCY7g,2026-08-29 10:00:30,51696,282,73,119.76,120.01,0.01,0
Hm6keD1aZTQ,UCw1DsweY9b2AKGjV4kGJP1A,2026-07-30 08:01:18,8656,41,18,119.98,120.23,0.02,0
HmF4lIS9eIE,UC9qwDE50UcXvdplRNZKEoPA,2026-07-28 08:02:55,37941,737,20,119.95,120.2,0.05,1
HmGCJj1wjcE,UCnju7ULBic4VgkCfDvVXCnA,2026-08-27 22:54:13,5986,93,0,119.86,120.11,0.11,0
HmGojyqud8U,UCV7WE8I_UiAN0fa6Arezx_w,2026-08-15 16:00:23,20,0,0,120.0,120.0,0.0,0
HmtR3ksEYOs,UC8chC5rneP-LHm43q-jF3oQ,2026-08-09 13:59:22,0,0,0,119.76,120.01,0.01,0
HmzFK7lQLCY,UCqVkQsNin4MdGFrWvzFVOKw,2026-07-25 05:48:17,4934,179,2,119.95,120.2,0.05,0
HnHtj3fuQYU,UCgWOZQvFZhGuqBCtjmee0XQ,2026-07-18 15:03:48,519,5,0,23.94,652.44,96.06,0
HnPB1MqN12I,UCPGl9DV2WUgaqGVXtVrhJWQ,2026-08-15 15:00:13,6,0,0,119.75,120.25,0.25,0
HnRh8nz8C9Q,UCL_IvtOZo6sONpiydbzzHpA,2026-08-27 04:43:16,38513,547,11,119.79,120.04,0.04,1
Ho-y6cgraMA,UCV7WE8I_UiAN0fa6Arezx_w,2026-07-15 07:00:12,126,0,0,120.0,120.0,0.0,0
Ho90ChEpdVc,UCcvKf8NxAw9i09hZw1MQPBQ,2026-08-10 09:00:05,31864,466,34,120.0,120.0,0.0,1
HoIQ0kbU9Dg,UCab17MxxnFtAhGsJVTkSkCg,2026-08-10 11:16:11,519,10,0,119.98,120.23,0.02,0
HoTbpKenxmQ,UCYooECrv-fIXlPaDwEIaveA,2026-08-29 09:00:34,20866,293,4,120.0,120.0,0.0,1
HoVElfGXbyI,UCSfhr4gDPFsKuwdmTOWp2jw,2026-08-17 09:30:33,139,2,0,119.99,120.24,0.01,0
HoXLFhp7gAE,UCSGKRGHGqP8W11G-SxsMaOw,2026-07-23 01:13:34,21958,,19,119.78,120.03,0.03,1
Hoy8Vk6NKd4,UCabScupufwcOzAdcVXZrmlg,2026-07-19 13:32:52,12379,291,44,119.95,120.2,0.05,0
HozYVkNRc3Q,UCl402YYy7RcH7PBI3npmGPQ,2026-08-17 03:00:19,218484,1308,289,120.0,120.0,0.0,0
Hp-658KFDxE,UClHTjLVog7CkRF8tYJuNXXQ,2026-08-12 22:07:05,251,17,0,119.88,120.14,0.12,0
HpOPVCwfltk,UC3RzmV2LX3AmWhZVx0A7u0A,2026-08-10 07:00:19,29528,560,118,120.0,120.0,0.0,0
Hpkm5RMU-Xg,UCYJ0Ucu9jPX5kn6SeDcNaIQ,2026-08-16 23:00:12,136060,824,159,120.0,120.0,0.0,0
Hq-ueyWtuLI,UC-yb5eNBQyXBE9nZnht9u-g,2026-07-24 10:09:30,5254,165,2,119.84,120.09,0.09,1
Hq3c03vnUN8,UCr4WCOxirRA-BzVu-MH_WqQ,2026-08-29 09:00:16,4593,30,3,119.76,120.01,0.01,1
HqYwyYfm3Vg,UC2yOBpLVwB7kzt9C5ZPbB7w,2026-07-24 20:00:17,181496,2623,64,120.0,120.0,0.0,1
HqtyJBJ3tLo,UCU0-6z_KU9AShyR9J6gcFGw,2026-08-12 01:59:02,253,5,0,119.77,120.02,0.02,0
HqwFtHEF-A4,UC2_VPutZK0o_tG8ca_QrQRA,2026-07-27 10:00:06,22075,,47,120.0,120.0,0.0,0
Hr2a9y0dlac,UC2yOBpLVwB7kzt9C5ZPbB7w,2026-07-26 20:00:26,380120,4884,193,119.99,120.24,0.01,1
Hr9r0V7UoRo,UCN8YcyYvYIrtLcwyT-KqbNg,2026-07-11 03:00:05,5448,25,21,120.0,120.0,0.0,0
HrOf7Q0XQ1k,UC9JlObZnbOirT4_iyPGrdcw,2026-07-10 11:00:11,30693,186,30,117.76,121.62,1.62,0
HrVtfLJYzh4,UCNRnCc0hg3ZcKdOGXKKv5Ww,2026-08-27 10:15:06,10253,65,5,119.76,120.01,0.01,0
HrxAxCN91Rc,UCVipGmBXqbYKNODNzVCN86w,2026-08-13 01:11:31,80796,937,16,119.81,120.06,0.06,1
Hs22KobVlcA,UCYGF_xk5RDpltyZDSx040uw,2026-08-03 06:37:34,48500,739,48,119.88,120.13,0.12,1
HsQ3b4T1ltc,UCMCgtTicwOhae1N8VCokkvw,2026-08-29 11:30:44,1231,2,1,120.0,120.0,0.0,1
HsWFoXzwCH4,UCw1DsweY9b2AKGjV4kGJP1A,2026-08-02 08:00:10,170855,936,9,120.0,120.0,0.0,1
HsXiJbXOP8I,UCp6n8d8Y8r3MwKNw_MMaouQ,2026-07-31 21:45:18,2998,52,2,120.0,120.0,0.0,0
HsZjQq6LBmw,UCV6mNrW8CrmWtcxWfQXy11g,2026-08-27 23:30:05,1061578,36549,812,119.76,120.01,0.01,1
HskLpXmCSsc,UCuwnt_REmD4YsCtFJRoqjFw,2026-07-23 05:00:30,85320,763,67,119.99,120.24,0.01,1
Hsl97HzRLN0,UCBo7GIv99qTzHaa6ip09YLA,2026-08-17 06:00:06,4692,14,8,120.0,120.0,0.0,1
Ht5i8g_rkiw,UC6NXJtCn3p-actkvBUlHwDA,2026-08-17 23:00:23,29578,234,7,120.0,120.0,0.0,0
HtFszCKi_ow,UCzDyC6JMEXEufozffWzI9Mg,2026-08-16 04:00:03,69881,739,52,120.0,120.0,0.0,1
HtMmR4sF_Mc,UCAaLhok91QDrweyuDRsmjqQ,2026-08-11 00:29:33,472839,3976,69,119.76,120.01,0.01,1
HtQj7QHEu24,UC9JlObZnbOirT4_iyPGrdcw,2026-08-13 12:00:19,14462,105,40,120.0,120.0,0.0,0
Htwofk9Wm0k,UCl-VnCUwSxDr5zPu-YlDUYw,2026-08-05 08:00:13,33253,723,22,120.0,120.0,0.0,1
Hu6puN_pGAU,UCFQWqbfZ-iEG3K_DRgHwnCw,2026-07-30 00:54:23,8,0,0,119.85,120.1,0.1,0
HuETHBYJOB0,UCgsKeCRaBGH6JlnH6VO_7OA,2026-08-06 08:08:39,20,2,0,119.86,120.11,0.11,0
HuMO996W9N0,UCY_vDlvG-BTDRIOk_I9QQ6g,2026-08-10 04:06:24,2363,24,9,119.9,120.15,0.1,0
HuNztV92PrM,UCZ6mNZTiTUrUSbSYPlclI4A,2026-08-11 04:23:36,6197,302,8,119.86,120.11,0.11,1
HuSvbzLrrCw,UCO8ToDSM2Gvt3EZdOdosxTw,2026-07-25 05:15:07,5107,34,59,120.0,120.0,0.0,0
HuVpbjBTCHQ,UCXAXCxTCCYYKsLJNzEvjqfw,2026-07-19 08:42:02,36886,452,178,119.8,120.05,0.05,0
HunYsocwj0Y,UCifCesg-EUkjKyQedaB3hRg,2026-08-17 00:52:44,31809,969,23,119.87,120.12,0.12,1
HuoudRoeCHc,UC5Yx9RlmznXDUEIrfoSqheA,2026-07-29 17:56:01,7702,54,0,119.82,120.07,0.07,0
HusMtbFglDA,UCATlfGN7EDjXS_2ofklb3bw,2026-08-06 09:22:59,31867,176,22,119.87,120.12,0.12,0
HutK1IOud1E,UCPN9TrChCye1s97iEUOsIeA,2026-08-16 07:52:39,1287,8,1,119.88,120.13,0.12,0
HuuND6H9MTQ,UC4cKHOBS-nRfKFTwf1n8HGA,2026-08-07 07:00:10,761,,2,120.0,120.0,0.0,1
Hv8-2ugrRvg,UC6tlo9WajrgiX3Eej_jEr2A,2026-08-23 03:00:09,466432,6967,95,119.76,120.01,0.01,1
HvOq7ZRbnPI,UCNpcMizRJ73OJm48LszuytQ,2026-07-27 08:00:00,1861,133,20,120.0,120.0,0.0,0
HvQ7-iYGmws,UCI6Ro_MOr36re4Bhb7nCY7g,2026-08-10 10:00:13,6201,52,14,120.0,120.0,0.0,0
HvUYYcLKz_s,UCzDmGDR5RdahQkLCBoWlTEg,2026-08-16 09:10:38,24662,149,1,119.83,120.08,0.08,1
Hvbsx5tDvTE,UCI4wEWWBEElIbp9jHcFllTw,2026-07-26 10:00:24,2239,13,22,120.0,120.0,0.0,0
Hvc5hR66rO8,UCTUnpbuKoOODvhLhCO_kO_A,2026-08-23 06:00:11,3662,21,1,119.76,120.01,0.01,1
Hw3XQGULP18,UCyN9yU_YNGDG6z3PN8sC3KA,2026-08-31 11:49:26,1101,9,4,119.94,120.19,0.06,0
Hw5ZFKgVHAk,UC-FiQR2gg8oiNw98ZdsSX6Q,2026-08-01 11:00:07,2291,11,3,120.0,120.0,0.0,0
HwFRTfu3ue4,UCdF0eCyf5np3lPO4y1fJVdw,2026-08-08 03:00:07,6876,172,15,120.0,120.0,0.0,0
HwFec2m-b0A,UCNu00qhYj4nPeMNdxuwV6sg,2026-08-24 15:18:18,1230,38,0,119.96,120.2,0.04,0
HwQBEahgmGc,UCrKSaegnzewdj9-YLsUhoZw,2026-08-09 00:43:29,7992,51,15,119.78,120.03,0.03,0
HwVM6UgmbLQ,UCYGF_xk5RDpltyZDSx040uw,2026-08-15 04:41:31,79465,867,21,119.81,120.06,0.06,1
HwXnHtPvF9E,UCJDXc9JWCZo-nLNKr_-L2Ng,2026-08-29 13:00:34,2595,70,9,120.0,120.0,0.0,0
HwbgQnJJv2E,UCp6n8d8Y8r3MwKNw_MMaouQ,2026-08-25 16:00:16,8630,476,12,119.76,120.01,0.01,1
HwsBZDiQ6F0,UC3RzmV2LX3AmWhZVx0A7u0A,2026-07-24 07:00:01,51089,997,225,120.0,120.0,0.0,0
HwzpqnfoW8A,UCV7WE8I_UiAN0fa6Arezx_w,2026-08-11 05:00:09,44,0,0,120.0,120.0,0.0,0
Hx2n1VOjkVw,UCt8CJiye87FMbEwt0npPMuQ,2026-07-30 15:01:42,125883,5494,290,119.97,120.22,0.03,1
HxAdkdE3PNY,UCn3lLusvOTVdtxZi0EHlSTw,2026-08-10 01:23:58,559,7,2,119.85,120.1,0.1,0
HxBVgcWw5wg,UCtt0Hg9MhraTkzWwNQpplHg,2026-07-16 04:19:15,128900,1026,69,119.93,120.18,0.07,1
HxDwQKZyvl0,UCV7WE8I_UiAN0fa6Arezx_w,2026-07-28 14:00:35,61,0,0,119.99,120.24,0.01,0
HxHb6A1lac8,UCJzfS-WmieHog0H2OQoXkeQ,2026-07-22 07:13:19,62618,1113,68,119.78,120.03,0.03,0
HxRcNPQHPCE,UC8CIM3d3zDYMk-3T5aAz0yw,2026-08-22 10:28:57,723681,32027,1967,119.78,120.03,0.03,0
HxV1x975XZk,UCaj7p2XHGqfBYb2OI-7Q2DA,2026-08-16 07:25:01,101539,1049,185,119.84,120.09,0.09,0
Hx_7FLcIIJc,UCFQWqbfZ-iEG3K_DRgHwnCw,2026-08-29 12:33:31,252,5,0,119.96,120.21,0.04,1
Hxnqi80h6oE,UCCs1YZHxUTIbLZd-xrvvMCw,2026-08-07 08:59:53,8237,137,16,119.75,120.01,0.01,0
Hxp9Vz9Om7g,UCpcTrCXblq78GZrTUTLWeBw,2026-08-11 10:30:04,32069,749,67,120.0,120.0,0.0,0
Hxr8ReHmiMc,UCO203d-HvWROK_vpGbWASDw,2026-07-29 02:00:05,17,6,0,120.0,120.0,0.0,0
HxyRDEUs2Xg,UCV7WE8I_UiAN0fa6Arezx_w,2026-07-24 13:00:07,38,0,0,120.0,120.0,0.0,0
Hy3ZX2E6HP4,UCqVkQsNin4MdGFrWvzFVOKw,2026-08-16 01:44:37,5807,175,2,119.76,120.01,0.01,0
Hy4p8SBRCt0,UC8CIM3d3zDYMk-3T5aAz0yw,2026-08-31 10:27:23,492717,6068,695,119.81,120.06,0.06,0
Hy7MGcCbUd0,UCV7WE8I_UiAN0fa6Arezx_w,2026-08-25 17:00:23,81,0,0,120.0,120.0,0.0,0
HyFYTOfR12I,UCZPfs7xIjGmOGs9kvgGhUKQ,2026-08-02 09:51:36,169,2,0,119.89,120.14,0.11,0
HyIaWEkQHXw,UCZCZHg_oJiHcrcj2vaPRCag,2026-08-27 09:00:06,2225,5,0,119.76,120.01,0.01,0
HyLLusiO7AI,UCCMQyaKDjQJY79VimTdaYYQ,2026-08-09 08:00:36,19442,104,21,119.99,120.24,0.01,1
HydkahXMr-k,UC1Ns07Rw0lQK-KuaPHfRRTw,2026-07-27 14:32:44,16,0,0,119.96,120.21,0.04,0
Hynr3IUle_M,UCL_IvtOZo6sONpiydbzzHpA,2026-08-24 08:49:12,34647,552,93,119.94,120.19,0.06,0
Hywz8RzvSGo,UCifCesg-EUkjKyQedaB3hRg,2026-08-15 23:04:18,8290,97,2,119.93,120.18,0.07,0
HyymtW5gDms,UCHK-FRuAjk8g798dD7L7xqA,2026-08-20 10:00:39,6369,94,25,119.99,120.24,0.01,0
HzFeCU499Vk,UChfA8Yu8dk5k78UzaM6tsRw,2026-07-28 10:17:20,32647,907,149,119.96,120.21,0.04,0
HzJCJw7WQwI,UC1Il94cQwl93Zun8ax1Qjlw,2026-08-13 10:22:38,5275,10,6,119.88,120.13,0.12,1
HzKBQ0s9KWU,UCO94iFhOhtdGb4Ze5DUAtbw,2026-07-17 02:00:04,31026,502,17,120.0,120.0,0.0,0
HzbABqPPVZQ,UC8aCmG_y4DqqVI9Xlcym1Jg,2026-08-28 01:45:23,408,20,1,120.0,120.0,0.0,1
I-3Lvzxi_Z0,UCBtJuwDt6LlXp2YASC-ZMdA,2026-07-25 23:46:07,291,3,0,119.98,120.23,0.02,0
I-5pyjIlQrg,UCTbwgCCBrI-4XU8b5B0uGPg,2026-08-12 09:00:04,59987,473,20,120.0,120.0,0.0,0
I-6TdxdnQho,UCifCesg-EUkjKyQedaB3hRg,2026-08-14 00:25:56,27694,652,6,119.82,120.07,0.07,1
I-VWjsl04Jg,UC6JB_a6rD1lZ_aZgQvORfrQ,2026-08-23 23:51:33,2092,35,4,119.9,120.16,0.1,0
I-WG7CgwJl8,UCgLFbrC7-g0ihBKB0obVPTg,2026-08-06 14:07:11,31,0,0,119.88,120.13,0.12,0
I-iV3GaDQeg,UCnhGcri8x6xhehanhAe9ipw,2026-07-16 10:49:17,836,21,17,119.93,120.18,0.07,0
I-q3YYy2Ml0,UCxPMcxq7WJ32M3lnFn58Cpg,2026-08-26 09:27:10,8357,22,2,119.81,120.06,0.06,1
I-sVe-XPpKo,UCV7WE8I_UiAN0fa6Arezx_w,2026-08-12 15:00:10,60,0,0,120.0,120.0,0.0,0
I-tbDegKzdo,UCFCt5RYu41HTg4eX1jdHNxw,2026-08-07 23:42:57,17309,112,4,119.79,120.04,0.04,0
I-uvAERIgyE,UCNmN3W2H0r5_hV2drzbEn7Q,2026-07-25 09:47:42,117518,1426,144,119.96,120.21,0.04,1
I-wIGRhfbh0,UCNmN3W2H0r5_hV2drzbEn7Q,2026-07-27 08:34:48,17869,325,17,119.92,120.17,0.08,1
I05DpvP-jqo,UCxpXguPL_B5pz7Gq8ozfwlA,2026-08-05 18:05:56,7304,39,1,119.9,120.15,0.1,0
I0Q5VTv48Sc,UCooLkG0FfrkPBQsSuC95L6w,2026-08-05 17:24:32,2783,37,29,119.84,120.09,0.09,0
I0SKO3ZXrl0,UCPsZX-D7LW99PjZLA-UysPQ,2026-07-26 06:00:07,1176,12,2,120.0,120.0,0.0,0
I0U5Wtdf9O8,UCAAtd2dSVf8urfwovnEIYaw,2026-07-23 22:40:23,5556,45,32,119.83,120.08,0.08,0
I0ai0zJqpRM,UCPGl9DV2WUgaqGVXtVrhJWQ,2026-08-11 03:02:57,34,0,0,119.95,120.2,0.05,1
I0mGde_NZx0,UC8E29ANOC3_OuB7_5EPY2xw,2026-08-19 14:27:38,3806,7,0,119.8,120.05,0.05,1
I0r0C48tMuA,UCdb5lyq0tWbY3jqH35SufmA,2026-08-13 22:30:02,134166,443,78,120.0,120.0,0.0,1
I0t0FCT-uIU,UCo77zdYpvhgUsdP0Z0vmz2g,2026-08-02 06:48:23,1465,25,16,119.95,120.2,0.05,0
I11Y_HbHUK4,UCFHUplScMiWTjJrtv4hxWmg,2026-08-11 02:00:36,7038,92,20,119.99,120.24,0.01,0
I12QhXIc78A,UCb5NLtXAsTBrmaZVhyFa-Wg,2026-08-20 08:15:54,157831,806,199,119.99,120.24,0.01,0
I15eZMhrXTo,UCgsKeCRaBGH6JlnH6VO_7OA,2026-08-05 05:05:32,21,1,0,119.91,120.16,0.09,0
I1AaPLdC-wM,UCgLFbrC7-g0ihBKB0obVPTg,2026-08-10 12:19:09,79,3,0,119.93,120.18,0.07,0
I1MMRFmGCkE,UC08-hQbwh7eyr8PlaYG2-sQ,2026-07-15 10:00:02,17318,239,173,120.0,120.0,0.0,0
I1QTYN2YZn8,UCV7WE8I_UiAN0fa6Arezx_w,2026-07-18 21:00:01,30,0,0,120.0,120.0,0.0,0
I1l9zvZw-Fw,UCaMV-CjrWYh2Aefg_8iLwJQ,2026-08-16 09:59:03,82084,352,58,119.77,120.02,0.02,0
I1pSNicYeUs,UCV6mNrW8CrmWtcxWfQXy11g,2026-08-22 16:30:38,210172,7440,191,120.0,120.0,0.0,1
I1tZDIUhbRo,UCmsXCfQoKp5DcW8J9dMWnNQ,2026-08-27 10:36:30,13444,207,20,119.9,120.15,0.1,1
I1uIXZB1ao8,UCAl4HWznMn7KhKBRFO5eiFA,2026-07-25 13:28:05,9214,76,3,119.78,120.03,0.03,1
I2Fjiwj8ZaE,UCI3DTtB-a3fJPjKtQ5kYHfA,2026-08-29 22:30:23,6312,15,0,119.76,120.01,0.01,0
I2JPLhjRML4,UCifCesg-EUkjKyQedaB3hRg,2026-08-28 01:01:44,27419,154,8,119.98,120.23,0.02,0
I2SPGTu5gec,UCawK5EIfr66Z7fjAlZgfB2g,2026-07-23 10:06:59,24706,,60,119.89,120.14,0.11,0
I2r7V_mlN7Q,UCSl8TBqqflby-ymdEQVfRNQ,2026-07-29 14:02:04,26385,379,43,119.97,120.22,0.03,1
I35EO_Q_5A0,UCRq3CDTZ2qe3HiHrZdQKBvQ,2026-08-24 09:34:06,1901,17,5,119.94,120.19,0.06,1
I36YMFRlwhw,UCBtJuwDt6LlXp2YASC-ZMdA,2026-08-08 10:00:37,1130,7,0,119.99,120.24,0.01,1
I3eVVPuUh28,UCAl4HWznMn7KhKBRFO5eiFA,2026-07-18 12:12:23,13884,48,1,119.8,120.04,0.04,1
I3lhKbC8cpE,UCPuD5ZRQWa_JCaY5NokNhtg,2026-08-26 01:49:48,2084,13,3,119.93,120.18,0.07,0
I3lvMIfAeXI,UC2f8VfmEF2_0-rFN4RNHaNg,2026-08-18 12:11:13,29976,633,98,119.82,120.07,0.07,0
I3xspHQZWWg,UCCoU5ViXgoK-_2neelNhQaA,2026-08-07 05:30:30,95436,789,126,119.99,120.24,0.01,0
I4N2dNPba5E,UCXNh3eUHXEkL7h1w1KYQRKQ,2026-08-02 08:25:44,98642,1019,8,119.82,120.07,0.07,1
I4Orh7APUxc,UCYsRymb9vAsOOLBy-Wo1kRg,2026-07-31 07:01:30,443,11,2,119.98,120.23,0.02,0
I4S2Z3nq8BI,UCZCZHg_oJiHcrcj2vaPRCag,2026-07-28 09:00:11,50,0,0,120.0,120.0,0.0,0
I4YB4lmHQCM,UCN5oT4zGJX-_H6pE5isAEeg,2026-07-28 10:11:01,60279,815,122,119.82,120.07,0.07,0
I4ZYL8X17zg,UCb5NLtXAsTBrmaZVhyFa-Wg,2026-08-30 13:30:00,43975,241,25,119.76,120.01,0.01,0
I4eCMRmIxKk,UCMCgtTicwOhae1N8VCokkvw,2026-08-23 14:38:51,1275,2,0,119.86,120.11,0.11,1
I4hc2Fqi8bY,UCUbOogiD-4PKDqaJfSOTC0g,2026-08-01 10:02:13,1464177,9686,42,119.97,120.22,0.03,1
I4nkuyP8K4c,UCZFGZ_LhwgiTxaJzJ0QGdFw,2026-07-25 18:33:59,9712,30,0,119.94,120.19,0.06,0
I54Lt0T9MMQ,UCwlUB3goOsh4tpqZKIzUAbA,2026-08-22 15:57:26,18939,211,124,119.8,120.05,0.05,0
I55gNr_I5Q0,UCUbOogiD-4PKDqaJfSOTC0g,2026-07-16 10:58:58,208891,324,9,119.77,120.02,0.02,1
I5M9BottJDo,UCnju7ULBic4VgkCfDvVXCnA,2026-07-31 05:54:52,168345,480,202,119.84,120.09,0.09,1
I5ThNsJLxEA,UCPGl9DV2WUgaqGVXtVrhJWQ,2026-07-29 15:00:32,4,0,0,119.99,120.24,0.01,0
I5dZ0HHCifQ,UCV7WE8I_UiAN0fa6Arezx_w,2026-07-12 16:00:37,83,0,0,119.99,120.24,0.01,0
I5eRtgjtLOc,UCKttwyzsHvW7bCo7YfTacVQ,2026-07-27 17:42:06,1117,18,0,119.8,120.05,0.05,0
I5uynGrsWIg,UCVqmxk6oNOHj9RFVo4uP_lw,2026-08-01 23:00:28,12724,538,40,119.99,120.24,0.01,1
I5vGFrYg5BE,UC7nIK3KpkhbGee5K_sVBscQ,2026-08-29 02:56:27,26145,149,26,119.82,120.07,0.07,0
I61p-ki7EgM,UCPsZX-D7LW99PjZLA-UysPQ,2026-07-24 00:00:31,481,7,2,119.99,120.24,0.01,0
I62ZxFfe8fE,UCvuc6-wCcCeDrQ9dA52pBBQ,2026-07-29 01:21:53,2470,24,24,119.89,120.14,0.11,0
H6WdL0ip6Ag,UCPuD5ZRQWa_JCaY5NokNhtg,2026-08-14 10:16:45,655,6,3,119.97,120.22,0.03,0
H6ZIhJ49rR4,UCIvLQ5lZ2kebqnLaGv_FP4w,2026-08-26 17:06:00,2834,17,1,119.91,120.16,0.09,0
H6bEosRMI9M,UCOTJtP0Z9DjpPU43B5m1V6A,2026-08-25 09:30:15,100522,1041,88,119.76,120.01,0.01,0
H6g5CeLCk8s,UCl-VnCUwSxDr5zPu-YlDUYw,2026-08-31 09:15:10,11145,132,46,119.76,120.01,0.01,0
H70NhYMO-6U,UC2yOBpLVwB7kzt9C5ZPbB7w,2026-08-07 12:00:21,74765,1174,66,120.0,120.0,0.0,1
H71eySMNITA,UCN5789pKaFwqjVBvg6yws_w,2026-07-13 08:57:00,13,1,0,119.8,120.05,0.05,0
H79t6zzjlSI,UC-aXNBQ6nwMNeW2V8XB7sBg,2026-08-18 21:00:22,51657,537,25,120.0,120.0,0.0,1
H7FvR64TNcg,UC_m_uqd_9s0hZvlgfvCzqbQ,2026-07-22 13:05:20,1182,4,0,119.92,120.17,0.08,1
H7NQm04zzCw,UCAVR6Q0YgYa8xwz8rdg9Mrg,2026-08-10 04:00:32,154109,11651,391,119.99,120.24,0.01,0
H7YU3iOLFds,UCaZv-jDn5Mq5KJ1buXDRd4w,2026-08-19 06:10:39,14034,136,36,119.84,120.08,0.08,0
H7jw4FmHsWM,UCaHIZAKows704_gk6bjdAog,2026-08-13 04:01:54,386774,7187,635,119.97,120.22,0.03,1
H7re0L-Uv6I,UCZaNYFjF_SRRJPVuGX7yMjQ,2026-07-10 12:28:55,6,1,0,116.28,120.14,0.14,0
H815gtXifro,UCzRPPKLkNxjD2of-0Xxfnjw,2026-08-09 11:04:50,4121,71,1,119.92,120.17,0.08,0
H8GS7lDMk6U,UCnkytUgy0CtWd06up9CjNxg,2026-08-20 11:00:32,46299,706,21,120.0,120.0,0.0,0
H8OoeEUcAfY,UCEebX3m88Arwc91LPmEmTYQ,2026-08-15 22:49:00,30112,2328,48,119.94,120.19,0.06,0
H8UK66wh6yM,UC-FiQR2gg8oiNw98ZdsSX6Q,2026-08-18 06:48:29,1192,6,0,119.95,120.2,0.05,0
H9e1LQF8k8o,UCzSODDx0zQF3nxXOZISCm_w,2026-07-25 10:00:02,200,3,0,120.0,120.0,0.0,0
H9r7BeEFIl8,UCt6Eo4xMTHhlOWg4_PAz_MA,2026-08-21 23:13:18,8338,110,2,119.79,120.04,0.04,0
H9w9gy1XdaM,UCdK9h1ILxS49c2LguBUY3rw,2026-07-31 21:18:47,28,3,0,119.94,120.19,0.06,0
H9xOwrSDImo,UCNRnCc0hg3ZcKdOGXKKv5Ww,2026-08-14 12:20:56,5578,45,2,119.9,120.15,0.1,0
HA98nPh1qec,UCQePzo3_oRB-6RAzBioc6pg,2026-08-28 14:17:30,6731,42,20,119.97,120.22,0.03,0
HA9TLVSmcbY,UCrY2B2XX41ReYh9DIWrFfCg,2026-07-23 09:50:37,6616,,16,119.91,120.16,0.09,0
HABQvzvgSlE,UCiVO_mThS9B3tNc_kzpn-3g,2026-08-27 19:00:23,41857,85,53,119.76,120.01,0.01,0
HAQ_8i9Z8Kc,UCaMV-CjrWYh2Aefg_8iLwJQ,2026-08-01 12:00:05,67094,313,82,120.0,120.0,0.0,0
HAXIx5p_e9I,UCKrprPfevcAZpPuRnCO6xOA,2026-08-22 09:30:20,1010,10,2,119.76,120.01,0.01,0
HAeligH3hW8,UCqI5lyTpC79pOy2D-VXAMdA,2026-08-15 14:19:55,104825,1075,279,119.92,120.17,0.08,0
HAgWzLPIyhA,UC-ntxe7eU_afJWEpcTNlVFA,2026-08-05 03:24:24,9471,182,20,119.85,120.1,0.1,1
HAofbEXUKf8,UC3hCAmwyYNgRuOOSFV7evVA,2026-08-26 09:15:19,122264,437,147,120.0,120.0,0.0,1
HAtjN0tQvN0,UC3hCAmwyYNgRuOOSFV7evVA,2026-08-31 10:00:00,48036,163,21,119.76,120.01,0.01,0
HAu4OfA-t9I,UCgLFbrC7-g0ihBKB0obVPTg,2026-08-27 15:53:32,530,6,1,119.87,120.12,0.12,0
HB2gHh1Z0f0,UCQePzo3_oRB-6RAzBioc6pg,2026-08-25 23:04:01,15255,78,200,119.95,120.19,0.05,0
HB9TjOkxh6Q,UCt8CJiye87FMbEwt0npPMuQ,2026-07-31 14:30:28,3713,100,9,119.99,120.24,0.01,0
HBP_HaOlNO8,UCoH2pCzAr6zWDG-LtUiLWRw,2026-07-13 10:00:02,826274,22015,76,120.0,120.0,0.0,0
HB_-VZRkqPQ,UCg5-nd3qoNnz5dzkX-O0b8A,2026-08-28 10:56:36,44980,532,17,119.82,120.07,0.07,1
HB_goZsHujw,UCTNyl3P7q6PNhPddh6d7WJQ,2026-08-05 22:00:09,2433,5,2,120.0,120.0,0.0,1
HC-6yp6r4Qw,UCim7oePrB5hdfhcYwgUY6Jw,2026-07-28 13:00:25,15308,77,21,120.0,120.0,0.0,0
HC05QN70wqY,UCnCH3Uhv_ynhTNKEH6ekRtg,2026-08-06 06:35:21,15785,193,26,119.66,120.16,0.16,0
HCLPVjqqnHk,UCmiTZyj9GwMjyznZxrgCH4Q,2026-07-25 20:00:19,18741,154,21,120.0,120.0,0.0,0
HCRA6e8ETLw,UCab17MxxnFtAhGsJVTkSkCg,2026-08-03 11:22:39,1428,23,0,119.87,120.13,0.13,0
HCSmSyt9qvo,UC_2x8h1QrTHOO0i4Yiss-ww,2026-08-02 10:00:08,212544,2019,29,120.0,120.0,0.0,1
HD1BwS5z2SM,UCrR_fhiJjoW8OJFzUcmlMMA,2026-07-20 10:00:37,5141,57,23,119.99,120.24,0.01,0
HD81_v8NhKA,UCF9Ws3xrNmMKVjL4kg0jzbA,2026-08-19 07:51:08,16337,230,29,119.91,120.16,0.09,1
HDHwHROwAD4,UCV6mNrW8CrmWtcxWfQXy11g,2026-08-02 14:08:44,132483,5983,244,119.86,120.11,0.11,0
HDMH9ZjrcTA,UCZ6mNZTiTUrUSbSYPlclI4A,2026-08-12 11:30:11,9791,445,19,120.0,120.0,0.0,1
HDR-vnEbsMo,UCPGl9DV2WUgaqGVXtVrhJWQ,2026-07-27 15:00:12,4,0,0,120.0,120.0,0.0,0
HDdRcrhH1hM,UChHxLcNi7e0zu-e33HM6v6A,2026-08-25 10:00:16,12578,87,26,119.76,120.01,0.01,0
HDfRtwEg0OE,UCei_ecYpQqFjYhjLaDPr2Lw,2026-08-23 23:57:09,72,2,0,119.81,120.06,0.06,0
HDkAF4mnqcQ,UCPGl9DV2WUgaqGVXtVrhJWQ,2026-08-05 15:00:06,33,1,0,120.0,120.0,0.0,0
HDlzS--BCR0,UCT-UsvGz4gm7lezXvCEex9A,2026-08-05 08:00:03,152,20,12,120.0,120.0,0.0,0
HDqddKiVs4k,UCl-VnCUwSxDr5zPu-YlDUYw,2026-08-25 08:00:25,83427,749,38,119.76,120.01,0.01,1
HE1WjPESA0E,UC4VWaR3R17Ruc7j1Cy1-PKQ,2026-07-17 07:54:31,25,2,1,119.84,120.09,0.09,0
HEJWw0_kqaA,UC5ScPjbt-a97AJO7SBj6nAg,2026-07-29 07:10:35,531210,13180,632,119.83,120.08,0.08,1
HENgijGuWbo,UCms8Ge7H1ZGgw6nV94fUhUQ,2026-08-06 03:00:38,8305,298,18,119.99,120.24,0.01,0
HERmX2R_Oik,UCXtU-C_e2iBzPSq9oLXtbVw,2026-08-31 23:15:29,340,3,4,120.0,120.0,0.0,0
HEWPu1rfIk4,UCT-UsvGz4gm7lezXvCEex9A,2026-07-28 10:00:26,13210,323,24,119.99,120.25,0.01,1
HEz4oBowMyA,UCOgXOOKbZRtfQvlggBpN6zw,2026-08-25 07:51:21,15727,120,69,119.91,120.16,0.09,0
HF5TMQpzpHI,UCz4b1O9sT73P8DWwx6OvQwg,2026-08-23 09:00:29,246710,4898,152,119.75,120.01,0.01,1
HFCD0meWAbQ,UCJNEIbzzpRl-l1iGdD2BxGg,2026-07-29 02:04:01,15172,98,39,119.93,120.18,0.07,0
HFLShkBbr1E,UCp6n8d8Y8r3MwKNw_MMaouQ,2026-07-22 22:07:20,2100,31,2,119.88,120.13,0.12,0
HFN3Q0Blfo4,UCUt2AEhC-OOC2EPCzj4DkCw,2026-08-01 23:00:21,60215,1052,21,120.0,120.0,0.0,1
HFhm1b49bas,UCgLFbrC7-g0ihBKB0obVPTg,2026-08-14 13:14:05,263,8,0,119.77,120.02,0.02,0
HFl6O6GL2Qg,UCPGl9DV2WUgaqGVXtVrhJWQ,2026-07-26 15:00:27,25,0,0,119.99,120.24,0.01,0
HFqJCbn_bbQ,UCjyXK9pWHwWR_-bRibFaWDg,2026-08-01 10:55:27,38294,252,40,119.83,120.08,0.08,0
HFwTKJAxTXY,UC3Oe-jfrIqEGygxYBYyN6jQ,2026-08-02 14:47:41,2222,42,0,119.96,120.21,0.04,0
HG7H6nRZ6h4,UCL2ZLyAV0H9Pvi46W7TGdHQ,2026-08-12 11:00:12,158559,702,30,120.0,120.0,0.0,1
HGNFaiXBE-Y,UCJd2uIrg_ZrSOaaQQr30XoA,2026-07-14 13:23:49,225,1,0,119.85,120.1,0.1,1
HGlTxNZGzhc,UCSzHok6X5qXEO7cjvVnE62g,2026-08-15 10:00:28,56816,251,90,120.0,120.0,0.0,0
HGm0zw6Fz1U,UCFiHjGyrJux8Rt4e6mUPU-w,2026-08-19 17:21:51,27877,789,358,119.9,120.15,0.1,0
HGxrdmVE-1Y,UCmiTZyj9GwMjyznZxrgCH4Q,2026-08-20 04:55:55,12532,280,19,119.83,120.08,0.08,0
HGzkGSzj8F8,UCJDXc9JWCZo-nLNKr_-L2Ng,2026-08-23 19:00:02,2411,97,6,119.76,120.01,0.01,0
HH-ayMPUGs8,UCby0vMKcLR05ZdS90aZd5og,2026-08-29 10:14:58,19134,11,0,119.77,120.02,0.02,1
HH6DwS2x4Dw,UCV7WE8I_UiAN0fa6Arezx_w,2026-08-12 14:00:01,39,1,0,120.0,120.0,0.0,0
HHI6OStOJPg,UCms8Ge7H1ZGgw6nV94fUhUQ,2026-08-02 03:00:24,66829,619,37,120.0,120.0,0.0,1
HHJ2NLNWQ-o,UCdK9h1ILxS49c2LguBUY3rw,2026-07-23 10:45:03,291,1,3,120.0,120.0,0.0,1
HHK6--hTCb4,UC9nWoDbRAl3-fvreBNeStKQ,2026-08-16 15:47:14,4100,27,1,119.97,120.22,0.03,0
HHM2CSkzzY0,UCfq-5-0b5Lzj7cKCrp6-flA,2026-08-25 08:00:01,19091,571,42,119.76,120.01,0.01,1
HHYboquYbAI,UClFxbDnu3-z8B002ns6JnBQ,2026-08-20 21:00:31,0,0,0,119.75,120.01,0.01,1
HHdnb6bHMog,UCdK9h1ILxS49c2LguBUY3rw,2026-07-30 11:30:32,6,2,0,119.99,120.24,0.01,0
HICkNccVzJY,UCOaUTqrtz1yBBiwziVJEAmQ,2026-07-29 11:00:17,4698,48,4,120.0,120.0,0.0,1
HIO6uEZjDzQ,UCBTsPtRCh6ln3IRQFjhjh1A,2026-08-01 12:00:04,39183,215,15,120.0,120.0,0.0,1
HIP2WPvTlfk,UCw1DsweY9b2AKGjV4kGJP1A,2026-08-15 08:02:38,109007,664,195,119.96,120.21,0.04,0
HIS6uZo_9SQ,UCV7WE8I_UiAN0fa6Arezx_w,2026-08-25 04:00:30,22,0,0,119.75,120.01,0.01,0
HIk5cwxDNy8,UCEeib6HEHy95EGWUevS4RcA,2026-08-12 14:18:36,4,0,0,119.94,120.19,0.06,1
HJ9_dWN5mzE,UC2yOBpLVwB7kzt9C5ZPbB7w,2026-08-28 04:00:00,105602,1214,222,119.76,120.01,0.01,1
HJLUVzd3I0Q,UCPGl9DV2WUgaqGVXtVrhJWQ,2026-08-04 01:18:54,37,1,0,119.94,120.19,0.06,0
HJZVSvzaN4s,UCIzbqIyEUxtFLYh_sCDoXpw,2026-08-09 04:01:40,30547,509,13,119.98,120.22,0.02,0
HJjz0hkR1gE,UCAhmOb9JWkI2HV_KIe9X_3A,2026-08-06 09:00:34,2948,81,0,119.99,120.24,0.01,1
HJkt3TvhUhQ,UCAenntxQB3F7AH637vySglg,2026-08-01 11:32:16,164,3,0,119.96,120.21,0.04,0
HJlWs3ng1KY,UCNZiNM2pP6uhIlTQVS2Q5fA,2026-08-03 09:00:11,258462,3775,122,120.0,120.0,0.0,1
HK-ufKfklRM,UCV6mNrW8CrmWtcxWfQXy11g,2026-08-04 06:00:11,252675,8084,67,120.0,120.0,0.0,1
HK4uI0SiMwY,UCms8Ge7H1ZGgw6nV94fUhUQ,2026-08-10 09:00:02,13828,195,51,120.0,120.0,0.0,1
HKNaaNcz-hM,UCuCmLrNT5MbpqfrSSKHqTug,2026-08-20 11:23:34,8751,101,23,119.86,120.11,0.11,0
HKT4oOGSU0Q,UCPGl9DV2WUgaqGVXtVrhJWQ,2026-07-16 12:43:02,2,0,0,119.78,120.03,0.03,1
HKdwee9tzk8,UCt8CJiye87FMbEwt0npPMuQ,2026-08-26 17:21:05,1827,44,2,119.91,120.16,0.09,0
HKpp8cYD9ZM,UCEcRvF_6IRSux8FO-ogFZug,2026-08-16 08:00:34,27673,1598,111,119.99,120.25,0.01,1
HKqJuJEs7uY,UC_EEqHc75kYwzrN7L8T2Bfg,2026-08-04 22:49:28,670,36,9,119.93,120.18,0.07,1
HKwMXQw5o3Y,UC5ThQKdocwo_9UurfT5P_ww,2026-08-16 06:36:03,420480,5717,68,119.9,120.15,0.1,1
HLGD4Xm93DM,UC46X_E7jxvJ1O_3gnaeCxeg,2026-08-30 01:45:40,37344,82,29,120.0,120.0,0.0,0
HLGUA3Ujsv8,UC08-hQbwh7eyr8PlaYG2-sQ,2026-08-17 10:00:03,30678,451,149,120.0,120.0,0.0,0
HLM46hE-ScE,UCvPGGL-OTEAQlwAUxbcJO8g,2026-07-26 04:29:30,247168,5303,121,119.76,120.01,0.01,1
HLNGJVD15oo,UCN5oT4zGJX-_H6pE5isAEeg,2026-07-28 12:00:25,1805015,26797,1358,120.0,120.0,0.0,1
HLoaIX9JZ7U,UCnMshUhBxDsKFPnxBGmGEpg,2026-08-03 11:29:39,392,5,4,119.76,120.01,0.01,0
HLp88jyJTSI,UCHYMpkGhNIr8A0m2H3lIjUA,2026-07-26 13:00:03,124122,988,332,120.0,120.0,0.0,0
HLqgr3ssh2A,UCo33r3SAf5z9MS-lrXV2aOQ,2026-08-18 08:30:29,126891,1015,112,120.0,120.0,0.0,0
HM76ePeiMHc,UCJDXc9JWCZo-nLNKr_-L2Ng,2026-07-28 14:00:27,3700,117,6,119.99,120.24,0.01,0
HMEx9892xWg,UC-okJdotaXPlzivRzHFqzuA,2026-08-16 17:41:41,107182,2781,2,119.81,120.06,0.06,0
HMQeTNbEeWs,UCby0vMKcLR05ZdS90aZd5og,2026-07-13 08:14:43,2227,9,0,119.76,120.01,0.01,1
HMRXeYA0G88,UCBidluUUxzT_5jVOI_2x2MQ,2026-08-31 03:00:28,1569,7,1,119.75,120.01,0.01,1
HMZL3NiCs2w,UChLqHuZV0PENIBYxDgXyPLQ,2026-08-17 12:21:13,64028,1142,18,119.9,120.15,0.1,1
HMfHALdgPBA,UC0vqyzJ-1l3AJl3IkKu0bhQ,2026-08-09 00:28:05,30,3,0,119.78,120.03,0.03,1
HMnTxNO-lHk,UC3gl4CHfNtAqNjju1goB0_w,2026-08-17 09:00:01,56713,749,31,120.0,120.0,0.0,1
HMrri3xhLCo,UCT807kAu6fmwES8B5698e2w,2026-08-12 06:00:23,56238,2460,132,120.0,120.0,0.0,1
HMs-IQrSJI0,UCpcTrCXblq78GZrTUTLWeBw,2026-08-30 16:30:17,32845,369,22,119.76,120.01,0.01,0
HN0FBaUeSPQ,UCxtZZzggcfOmsW99gYkxsNA,2026-08-05 05:56:14,9050,550,73,119.82,120.07,0.07,0
HN4NLeim6So,UCa2liSwjQST4AGcg6LFQakQ,2026-08-13 04:00:27,962,2,0,120.0,120.0,0.0,1
HNE4Z-Y8xmE,UCz5LAkkX66OAW-y_WiWf9vA,2026-07-24 07:34:05,41,1,0,119.94,120.19,0.06,0
HNj7wfPxLjs,UCCTw9N950kEoELFv3dRcWJQ,2026-08-12 16:13:59,70582,2037,258,119.77,120.02,0.02,0
HNjoTOx47Mc,UCOaUTqrtz1yBBiwziVJEAmQ,2026-07-31 17:00:32,7152,57,4,119.99,120.24,0.01,1
HNnKqmxpiF0,UCJDXc9JWCZo-nLNKr_-L2Ng,2026-08-18 16:00:10,8846,192,14,119.76,120.01,0.01,0
HNxt_KblMdA,UC9qwDE50UcXvdplRNZKEoPA,2026-08-09 12:59:33,3179,58,9,119.76,120.01,0.01,0
HO3l5OhUvlI,UC_VnGdRI_SUZjLAuDDvMOlg,2026-08-19 09:00:13,61426,1588,175,119.76,120.01,0.01,0
HOFum_vTLhM,UCQJuZxeDv2P05YHcC-tIEVQ,2026-08-20 08:30:18,130878,2134,92,120.0,120.0,0.0,1
HOIZb8dHUWo,UCcum1rCJ5GJeQ_xv0xrohqg,2026-08-09 12:00:26,56791,1787,68,120.0,120.0,0.0,1
HOJwCQ0hhz8,UCpX86JOUhnrzG7MK8e8Gjbw,2026-08-25 09:55:21,24611,148,111,119.84,120.09,0.09,0
HOPlQjloafM,UCNZiNM2pP6uhIlTQVS2Q5fA,2026-08-02 09:00:10,364827,5556,134,120.0,120.0,0.0,1
HOWW1gxvIEU,UCqPN9LAkx20aBWOafwvQB-Q,2026-08-30 23:00:17,149927,4476,556,119.76,120.01,0.01,0
HOgAt3kT1aw,UCpX86JOUhnrzG7MK8e8Gjbw,2026-07-10 11:06:42,18876,116,112,117.65,121.51,1.51,0
HOguVu7X2FM,UCrY2B2XX41ReYh9DIWrFfCg,2026-08-11 12:15:29,3354,,3,119.99,120.24,0.01,0
HPCiGRwMC3E,UCT-UsvGz4gm7lezXvCEex9A,2026-08-19 08:00:21,3346,46,1,119.75,120.01,0.01,1
HPQoEsSCe5o,UCAJ-meoCh1TrPZ7La3UpPrw,2026-08-01 13:12:03,105546,2156,143,119.8,120.05,0.05,0
HPUE5eN_Fy8,UCwfbSsZ7_sccxcibe60mWlQ,2026-08-11 03:00:43,10436,57,23,119.99,120.24,0.01,0
HPVZL8EmfhE,UC8C0Yd20ke5XqOiZvMVgM9w,2026-08-26 03:00:06,4662506,10,7,119.76,120.01,0.01,1
HPhF2O3yazw,UCv1tOT645xHOJrwdGlzjMaA,2026-07-31 07:16:13,24926,505,12,119.98,120.23,0.02,1
HPkfp7QnZPM,UCd4PDK0JYfPf0DUeYZThguw,2026-08-14 13:34:03,10502,171,25,119.94,120.19,0.06,0
HQDS_qmgCno,UClHTjLVog7CkRF8tYJuNXXQ,2026-07-26 13:33:47,255,8,0,119.94,120.19,0.06,0
HQIdXWLdJc8,UCqI5lyTpC79pOy2D-VXAMdA,2026-08-17 15:04:49,118250,891,535,119.92,120.17,0.08,0
HQJm61V5Yhc,UCW_Ptq0v8ck67w9oKiwXz2g,2026-08-07 12:07:32,235,1,0,119.88,120.13,0.12,1
HQQajJiivoo,UCr4WCOxirRA-BzVu-MH_WqQ,2026-07-23 10:00:18,4334,29,13,120.0,120.0,0.0,1
HQUKUOMCNRE,UCpI-AhCT02iQRGLC2ZcY0Jw,2026-08-29 09:00:32,46287,244,299,119.76,120.01,0.01,0
HQ_OIgZQ8jA,UCPGl9DV2WUgaqGVXtVrhJWQ,2026-08-01 15:00:02,20,0,0,120.0,120.0,0.0,0
HQgMzsa4hBQ,UCdQHEqTxcFzjFCrq0o4V7dg,2026-07-27 23:45:14,60476,3217,331,120.0,120.0,0.0,0
HQtk0t8gtxo,UCZaNYFjF_SRRJPVuGX7yMjQ,2026-08-17 14:49:04,4,2,0,119.93,120.19,0.07,0
HQu62zYTcBU,UC_e83kYlGHWbsrr8QCfV_ag,2026-08-25 12:53:07,18870,135,9,119.88,120.13,0.12,0
HR062zA-m38,UCv1tOT645xHOJrwdGlzjMaA,2026-07-15 10:00:36,9026,97,0,119.99,120.24,0.01,1
HR28VhM46f4,UCa4clnMsHg6uJPpxKbxCEmA,2026-08-23 12:21:40,5462,113,10,119.9,120.15,0.1,0
HRH7KzANKBo,UCab17MxxnFtAhGsJVTkSkCg,2026-08-27 10:36:03,745,11,0,119.91,120.16,0.09,0
HRIY7wBcMJI,UC699Y51pMl0wWLPA4atcZjQ,2026-08-29 04:16:00,20720,412,242,120.0,120.0,0.0,0
HRM9muho-f0,UCjOtzpfj5lF9erwTEQYkxtQ,2026-08-29 03:00:37,42327,1867,98,120.0,120.0,0.0,1
HR_-Plv8pac,UCyz5WVrb-cz3myY04x_kVYw,2026-08-02 18:05:36,0,0,0,119.91,120.16,0.09,0
HRxgFgrbEIM,UCABvetlXpdOwFz10fCpJkwQ,2026-08-26 07:23:46,49376,532,454,119.86,120.11,0.11,0
HS0Hn-Phgwo,UC3hCAmwyYNgRuOOSFV7evVA,2026-08-23 02:05:46,14463,105,0,119.92,120.17,0.08,0
HS0nb3cuhy8,UCrdRt77s53QWevhMYX-8UPg,2026-08-13 01:14:10,160289,68,32,119.77,120.02,0.02,1
HS4d_xxUXJQ,UCqlcSsDNMYxEsem7bWY-66Q,2026-08-27 09:02:08,20929,259,21,119.98,120.23,0.02,0
HSArzvYKU-k,UCqPN9LAkx20aBWOafwvQB-Q,2026-08-27 23:00:09,106647,2434,154,119.76,120.01,0.01,0
HSF_I6ZVBf0,UCAtGPbK4AWmeoaREsNLLZhg,2026-08-24 05:43:39,99072,3646,95,119.78,120.03,0.03,1
HSIVDi4an0g,UC7lwS-aSDzYHZJ9uWuzySwQ,2026-08-22 23:00:17,1287,4,6,119.76,120.01,0.01,1
HST0yBg3cuI,UCdK9h1ILxS49c2LguBUY3rw,2026-08-03 12:00:10,5,2,0,120.0,120.0,0.0,0
HSVBOVwyfNE,UCFrKhWvZ8oeJQTNP5ZabgJw,2026-08-10 11:15:53,120727,1032,281,119.99,120.24,0.01,1
HSYfLENBWhc,UC6oq8RPEH1BmtyldQgXVbJw,2026-07-27 15:07:05,6384,82,7,119.88,120.13,0.12,0
HSenMzLBP18,UCpI-AhCT02iQRGLC2ZcY0Jw,2026-08-19 10:00:22,25943,303,236,120.0,120.0,0.0,0
HSpsRWb99pk,UChI9sq2ifMFu5L8iJ582F_A,2026-08-19 15:54:52,15,0,0,119.85,120.1,0.1,0
VeiBQQg_OCw,UCGi94VU356EAvQLgODywyrA,2026-07-27 19:29:33,4477,79,0,119.76,120.01,0.01,0
VenHiigitcY,UC2_VPutZK0o_tG8ca_QrQRA,2026-08-23 09:18:55,41594,,107,119.95,120.2,0.05,0
VexqWmt8tK0,UCYxwKnNRv4FurQxeKcuR0Sw,2026-08-08 18:49:54,68,2,2,119.92,120.17,0.08,0
Vf3iS9bKQvY,UCyiKngyUPUb1bka4yFrn65g,2026-08-23 20:44:19,1415,2,9,119.77,120.02,0.02,0
VfN9pKPUYJM,UCCiKOocVSjyb2rsbL_Aanhw,2026-08-11 20:18:22,14840,57,34,119.95,120.2,0.05,0
VfOSqz5qpvk,UC2WBkFH1nHcO6aFLWo6sZQg,2026-08-18 15:05:55,8869,430,2,119.91,120.16,0.09,0
VfSE_e4mq0g,UC_e83kYlGHWbsrr8QCfV_ag,2026-08-19 11:40:27,16100,153,14,119.84,120.09,0.09,0
VfdhRluorw0,UCEcRvF_6IRSux8FO-ogFZug,2026-07-30 17:26:43,34222,785,60,119.81,120.06,0.06,0
VfxJvUw5zF8,UCRLoyYlPR9ufzlbeI9lLDqg,2026-08-11 09:00:32,18834,661,32,120.0,120.0,0.0,1
VgB4ivYR8Bo,UC4oe-OVZ2Ho-03yrMkrXomQ,2026-08-20 07:00:02,123798,2548,195,120.0,120.0,0.0,1
VgChtX8qbhE,UCsii9gve3wx7kHDfVlM2Stw,2026-07-28 03:00:01,152101,5662,122,120.0,120.0,0.0,0
VgCp7gK-vqk,UC3hCAmwyYNgRuOOSFV7evVA,2026-08-26 15:52:23,14911,93,0,119.89,120.14,0.11,0
VgDRO44aozM,UCZ_xE8U6MVnpwefrYvl2uvA,2026-08-27 03:00:12,221,1,0,119.76,120.01,0.01,1
VgOvxJFRB10,UCl402YYy7RcH7PBI3npmGPQ,2026-07-27 11:08:52,119877,1089,280,119.86,120.11,0.11,0
VgUKoBcTU7I,UCiVO_mThS9B3tNc_kzpn-3g,2026-08-20 02:00:34,55952,2355,172,119.99,120.24,0.01,0
VgXUGKsemJM,UCv1tOT645xHOJrwdGlzjMaA,2026-07-17 14:06:14,23290,263,65,119.9,120.15,0.1,0
Vg_HVLRDH9E,UClwuK569whFirD9-u7luRbw,2026-07-10 15:07:29,2806,7,2,119.88,120.13,0.12,1
Vgbo5iyFYJw,UCF-rFAdN7dzd-SI2T3rkCaQ,2026-07-12 09:19:55,17415,207,33,119.92,120.17,0.08,0
VgrwfRKk4PM,UClHTjLVog7CkRF8tYJuNXXQ,2026-07-27 13:52:54,283,13,0,119.87,120.12,0.12,0
VgtjTZRPcjA,UCQhIdo5nRQY9DB3uo7vawtw,2026-08-08 17:55:22,891,31,3,119.83,120.08,0.08,0
VgtlIx1iciE,UCOaUTqrtz1yBBiwziVJEAmQ,2026-08-12 09:00:25,58116,411,101,120.0,120.0,0.0,1
VguRWSU-Ryg,UCzSODDx0zQF3nxXOZISCm_w,2026-07-22 09:30:20,185,3,0,120.0,120.0,0.0,1
VgywWBGA9qY,UCeG0ONJtjwE20ThR5iSYdsA,2026-08-23 12:27:08,21075,383,60,119.81,120.06,0.06,0
Vh1uteD8X64,UCNRnCc0hg3ZcKdOGXKKv5Ww,2026-08-19 17:15:54,3839,41,0,120.0,120.0,0.0,0
Vh2N8X2gW5g,UCPGl9DV2WUgaqGVXtVrhJWQ,2026-07-21 15:00:29,163,1,0,119.99,120.24,0.01,0
Vh94-1RrOMk,UCDHGqgpiHQAsE0UiltRqhfQ,2026-07-20 09:51:12,31583,70,62,119.9,120.15,0.1,0
VhCRwvck5Og,UCn3lLusvOTVdtxZi0EHlSTw,2026-08-17 07:54:45,2158,4,2,119.84,120.09,0.09,1
VheFHQ_Z65c,UCQfISxq5legTqOt1h1us6lg,2026-08-01 19:51:37,3063,8,0,119.89,120.14,0.11,0
Vhf_v4GcNKU,UC7hwQp3F6P_OwyRM14p88iQ,2026-08-13 15:28:00,35314,225,0,119.79,120.04,0.04,0
Vho2nyhJSZE,UCHJv9xBR9lkzGSIepie-T_A,2026-07-29 21:30:36,6737,58,8,119.99,120.24,0.01,0
Vho7HH9zqU8,UCHK-FRuAjk8g798dD7L7xqA,2026-07-18 02:15:37,134882,1729,41,119.99,120.24,0.01,1
ViDrXpmCGQg,UCl402YYy7RcH7PBI3npmGPQ,2026-07-31 14:00:05,270120,2817,54,120.0,120.0,0.0,1
ViOtyBrD8Bw,UClHGjnruf4A9Us7CHVgLIEQ,2026-08-21 09:09:34,397,9,2,119.85,120.1,0.1,0
ViaFr4Pw5og,UC_9W6Z5Y3lDpLk47Y_y5ITQ,2026-08-29 02:00:18,58501,406,79,119.76,120.01,0.01,0
Vif1UU-JBjg,UCRCK5FCJtomQT3b88jXI_DA,2026-08-28 01:00:04,13854,,,119.76,120.01,0.01,1
VirO_vE-E9k,UCtjlhCmFXYFXC4uqg1flTBg,2026-08-04 08:37:10,142,0,0,119.88,120.13,0.12,0
ViwVWY4OdlQ,UCei_ecYpQqFjYhjLaDPr2Lw,2026-08-03 01:53:49,85,3,0,119.86,120.11,0.11,0
Vj4azKK3zV0,UCg7rkxrTnIhiHEpXY1ec9NA,2026-08-04 07:45:05,243215,8899,526,120.0,120.0,0.0,0
VjPqEPCMEFw,UCXS55IczImEf64aU16NzKlg,2026-08-12 02:00:04,659,6,4,120.0,120.0,0.0,0
VjVNYSUV9go,UCp6n8d8Y8r3MwKNw_MMaouQ,2026-08-21 21:18:38,1645,17,4,119.95,120.2,0.05,0
VjY9gZcg8e8,UC783XWULPW-nDGv_0EYlB6Q,2026-07-16 10:09:54,38225,597,65,119.84,120.09,0.09,0
Vjd7Y-Rb0KA,UCZuT6NXrfZzYbqCG_RWgSgA,2026-07-30 03:00:05,184,8,6,120.0,120.0,0.0,0
VjzXDEb5I_A,UCktXAh1Sd7wf8eQHc029-8g,2026-08-12 09:38:11,3224,24,4,119.87,120.12,0.12,0
VkI3pt9QkK0,UCOKQpmfKrtu7Nu719CVSw1A,2026-08-14 04:00:07,2146,16,3,120.0,120.0,0.0,1
VkNzvzz-CHY,UCpn9dP1b5BhBsU9SduEz1hA,2026-07-26 16:30:15,4577,81,8,120.0,120.0,0.0,1
VkOH-mYkowQ,UCSfhr4gDPFsKuwdmTOWp2jw,2026-07-25 09:30:40,64,4,0,119.99,120.24,0.01,0
VkUShujNbcA,UCFrKhWvZ8oeJQTNP5ZabgJw,2026-07-29 08:11:51,165184,947,211,119.81,120.06,0.06,1
VkaL50mtQvI,UCdb5lyq0tWbY3jqH35SufmA,2026-08-07 15:04:30,2919,8,9,119.93,120.18,0.07,0
Vkr-Hhf07X0,UCaN3tSrrzIrXSDonEe7LK9A,2026-08-20 08:00:10,2310,48,9,120.0,120.0,0.0,0
VkuKWBbORog,UCA9f2-9fUklMMOaz8vKW7Jw,2026-08-21 15:15:44,8201,41,0,120.0,120.0,0.0,0
Vl-DFm4Qees,UCV6mNrW8CrmWtcxWfQXy11g,2026-08-11 02:00:37,1190846,48016,319,119.99,120.24,0.01,1
VlCYnph-wx0,UCzDyC6JMEXEufozffWzI9Mg,2026-08-03 04:00:37,92944,1301,66,119.99,120.24,0.01,0
VlJGrg89MCs,UCuwnt_REmD4YsCtFJRoqjFw,2026-08-09 03:24:07,33915,334,101,119.85,120.1,0.1,0
VlR_3mgiqHQ,UCt8CJiye87FMbEwt0npPMuQ,2026-08-26 17:27:49,38067,714,39,119.8,120.05,0.05,0
VllfmWUE50Y,UCqPN9LAkx20aBWOafwvQB-Q,2026-08-14 23:00:21,154114,5985,461,120.0,120.0,0.0,0
VltGSkXll1k,UCL_IvtOZo6sONpiydbzzHpA,2026-07-27 15:00:34,26282,590,42,119.99,120.24,0.01,0
Vlwtrig1Uhc,UCrwOSKEMgNGb1SIWqiYaulA,2026-07-23 15:00:29,2468,59,2,120.0,120.0,0.0,1
Vm8UQrdqAno,UC543-TDm6IvHHZXwdSFioMw,2026-08-24 11:00:24,17053,302,25,120.0,120.0,0.0,0
VmCsOb4GGm4,UCAl4HWznMn7KhKBRFO5eiFA,2026-08-08 12:29:23,2316,6,0,119.76,120.01,0.01,1
VmVfWQkO3Ws,UCgLFbrC7-g0ihBKB0obVPTg,2026-07-28 12:26:46,510,14,3,119.81,120.06,0.06,0
VmVmuueDfkI,UCPv0av3PfTUeTnHGgcXkk8w,2026-07-27 23:59:19,4,1,0,119.76,120.01,0.01,0
VmYQjeFDSAU,UChfs1dQ5phBDBWZJ1hHLbUA,2026-07-25 09:15:35,90539,1211,146,119.99,120.24,0.01,0
VmipzaE4EJg,UCCLXbGyCKdL-t9hQ-IdFyCQ,2026-08-11 08:30:26,2191,99,27,120.0,120.0,0.0,0
Vmr4zXgJbmI,UCeB_ZeSo0xDL62wWlkTEtjA,2026-08-07 02:32:42,18546,156,69,119.96,120.21,0.04,0
VmvVzhc4xV4,UCab17MxxnFtAhGsJVTkSkCg,2026-08-15 09:07:42,474,11,1,119.88,120.12,0.12,0
VmzJZX-gDZc,UCV7WE8I_UiAN0fa6Arezx_w,2026-08-31 09:00:06,270,0,0,119.76,120.01,0.01,0
VnAS3QJ9PQM,UCybfHuHkJRzGDymek2Dsqvw,2026-08-20 07:49:07,62357,2174,47,119.94,120.19,0.06,0
VnFoa43nyk8,UCFCt5RYu41HTg4eX1jdHNxw,2026-08-24 22:52:46,11123,54,0,119.88,120.13,0.12,0
VnaE_0Mcwtc,UCt8CJiye87FMbEwt0npPMuQ,2026-08-03 16:00:02,3489,126,12,120.0,120.0,0.0,1
VnpYh6VdlkI,UCEg24oF81p-THPtp3otdmTA,2026-08-15 12:07:59,103757,2345,112,119.87,120.12,0.12,1
Vo0HDv1bsAk,UC9M8GGVwPqc9ubNruArCNPg,2026-08-20 12:00:23,3831,61,6,120.0,120.0,0.0,1
VoAJJmgic9c,UCbvvdVOF0teLO-U6GWh1RKg,2026-08-11 23:18:37,2614,26,9,119.94,120.19,0.06,0
VoAzpeNk_sY,UCaN1Qp37sHiCdQuSaXa3fVw,2026-08-29 00:03:02,16652,,8,119.96,120.21,0.04,1
VoYicXVw1BM,UC-ntxe7eU_afJWEpcTNlVFA,2026-08-11 10:48:04,14346,503,24,119.95,120.2,0.05,0
VobAucsN3NI,UCv1tOT645xHOJrwdGlzjMaA,2026-08-18 09:00:13,9433,148,3,119.76,120.01,0.01,1
Vog4Mjr2Zbw,UC-S8JFhLkQ5enhB70c2CYIw,2026-08-22 11:00:38,64599,1172,88,120.0,120.0,0.0,0
Vohaul1NPUU,UC2yOBpLVwB7kzt9C5ZPbB7w,2026-08-05 12:00:20,71740,934,97,120.0,120.0,0.0,1
VoiLPF7wkCI,UCwBkHOTyu57NQi0syf5MLig,2026-08-20 13:00:38,67302,352,16,120.0,120.0,0.0,1
Vp14s3YCQY0,UC2WBkFH1nHcO6aFLWo6sZQg,2026-08-27 14:35:35,43414,917,6,119.92,120.17,0.08,0
Vp3b2BmGsjM,UCOTJtP0Z9DjpPU43B5m1V6A,2026-08-23 05:05:21,312412,1945,52,119.92,120.17,0.08,0
Vp8u-q6Mplk,UCWwbZhw5M-Q5dZtTK4nDWNw,2026-08-03 09:25:50,14899,248,33,119.82,120.07,0.07,0
_2O8rDg14NY,UCjBPx2oip2bKnnfqKyas0ew,2026-08-22 09:00:36,2963,253,36,120.0,120.0,0.0,1
_2R8sCIlwtw,UCO8ToDSM2Gvt3EZdOdosxTw,2026-08-06 05:15:13,7752,58,59,120.0,120.0,0.0,0
_2aPZNNJ7II,UCab17MxxnFtAhGsJVTkSkCg,2026-08-24 16:32:43,1682,26,0,119.96,120.22,0.04,0
_2iAf5s8_uI,UCCiKOocVSjyb2rsbL_Aanhw,2026-08-15 10:58:22,13274,73,28,119.78,120.03,0.03,0
_2rixHNXwOE,UCMZFHqDjg1IE5kzm9fZBOFw,2026-08-19 18:36:20,9167,24,0,119.9,120.15,0.1,0
_31J3g7_R_4,UC_F-jhf8uO0fzrM7NQwvs3Q,2026-07-26 21:52:38,13,0,0,119.87,120.12,0.12,0
_3HBc2thE40,UCOX0M9VYOm2FVBORW9XLChg,2026-08-23 07:50:19,41,2,0,119.92,120.18,0.08,0
_3VbYxuz1-A,UCt8CJiye87FMbEwt0npPMuQ,2026-08-14 14:00:11,4262,193,15,120.0,120.0,0.0,1
_3XQDfYRiS0,UCyoKcrOcBEY4rmLYkDuXErA,2026-07-11 09:00:08,65975,945,21,120.0,120.0,0.0,1
_3Xm5t6TbxU,UCyoKcrOcBEY4rmLYkDuXErA,2026-08-26 13:00:26,71400,976,99,119.76,120.01,0.01,0
_3Y2T-JRAfw,UCt8CJiye87FMbEwt0npPMuQ,2026-07-21 15:30:18,8090,537,49,120.0,120.0,0.0,0
_3YjT-O6iDg,UCSzHok6X5qXEO7cjvVnE62g,2026-08-14 10:00:21,137208,612,76,120.0,120.0,0.0,0
_3rZy4P1hyw,UCnCFD3met1Ip7OngdF9TRDg,2026-08-22 04:08:40,22301,327,57,119.87,120.12,0.12,0
_3wyZz-86R0,UC0FUMakBJHsRrfKCGQuWnRA,2026-08-14 13:59:43,18726,124,32,119.76,120.01,0.01,0
_43THfMk2fE,UCYooECrv-fIXlPaDwEIaveA,2026-07-17 09:01:08,42661,616,140,119.98,120.23,0.02,0
_46qGkdjJIY,UCFHUplScMiWTjJrtv4hxWmg,2026-08-19 13:00:15,68840,552,89,119.76,120.01,0.01,0
_4EPg2n-dYw,UC_9W6Z5Y3lDpLk47Y_y5ITQ,2026-08-09 02:23:45,28443,324,63,119.86,120.11,0.11,0
_4EY4ycdi1s,UCO94iFhOhtdGb4Ze5DUAtbw,2026-07-25 09:15:35,956,40,27,119.99,120.24,0.01,0
_4F_y8Adagw,UCHeg3ApmuXQbqqszaD1fR9g,2026-08-26 22:16:39,316,6,0,119.98,120.23,0.02,0
_4N_v6M6HIQ,UCkpKYfb8wM67QnKxBj9bZXA,2026-07-13 11:05:28,2530,14,5,119.91,120.16,0.09,0
_4TvjQmdxyA,UCdQHEqTxcFzjFCrq0o4V7dg,2026-08-30 22:20:04,204138,4208,418,119.93,120.18,0.07,0
_4VRBXX_hQg,UCWKOw78U77xw8alsPSW_AeA,2026-08-26 09:15:15,21943,520,54,119.76,120.01,0.01,0
_4Z6vkpeDYM,UCjiPEaapiHbJMoAdi_L8fNA,2026-07-28 17:02:50,92242,2024,1170,119.95,120.2,0.05,1
_4ZQEcf2n3U,UCApYlKNymyHZ9dlOCImFVBg,2026-07-26 13:47:57,1500,78,1,119.95,120.2,0.05,0
_4fn7ZEDwrA,UCl-VnCUwSxDr5zPu-YlDUYw,2026-07-23 09:15:29,5165,81,33,119.99,120.24,0.01,0
_4oUAqi9Z7c,UCJmnOEp1-OITEU0mk4icM5A,2026-08-09 02:00:12,81225,1003,365,120.0,120.0,0.0,0
_4qjCon1HWc,UCutaHUD-Oos2EBNNEwd4QQg,2026-07-23 08:00:17,40027,141,7,120.0,120.0,0.0,1
_4rX4F_geAk,UCApYlKNymyHZ9dlOCImFVBg,2026-08-30 02:43:58,4605,96,4,119.78,120.03,0.03,0
_4sHrdGfo80,UCnju7ULBic4VgkCfDvVXCnA,2026-07-30 07:40:59,70780,421,82,119.82,120.07,0.07,1
_4wfaLMY9cg,UCDBAVzfX3yZ1hah0FHnOoaA,2026-08-09 13:00:15,437632,2024,294,120.0,120.0,0.0,0
_4zRSfneDWg,UCFrKhWvZ8oeJQTNP5ZabgJw,2026-08-06 03:00:09,457458,4210,336,120.0,120.0,0.0,1
_56rwe2bB70,UCmZeuRfHYowZhf6odtoaNdg,2026-08-17 11:35:36,149539,1674,238,119.91,120.16,0.09,0
_59KzEPPQUA,UCBY9rOZPo0fLE45mOV0s0cw,2026-07-17 06:56:35,270,2,0,119.81,120.06,0.06,0
_5I9WXyDYCQ,UC-S8JFhLkQ5enhB70c2CYIw,2026-07-24 11:00:21,173083,4121,325,120.0,120.0,0.0,0
_5MM02CFwbY,UCPv0av3PfTUeTnHGgcXkk8w,2026-07-11 15:57:07,10,0,0,119.8,120.05,0.05,0
_5es04lwUv0,UCV7WE8I_UiAN0fa6Arezx_w,2026-07-26 10:00:05,75,0,0,120.0,120.0,0.0,0
_5gGKOFAOXM,UCZ6mNZTiTUrUSbSYPlclI4A,2026-08-28 05:00:27,38621,910,21,119.75,120.01,0.01,1
_5k3Qepzlyw,UCxpXguPL_B5pz7Gq8ozfwlA,2026-08-28 18:39:59,29473,54,2,119.84,120.09,0.09,0
_5mOCcmOx3k,UC6YqXiwCBfPvPTs3wXgWElQ,2026-08-04 12:15:56,31286,132,27,119.99,120.24,0.01,0
_5qexSJKCKk,UC-yb5eNBQyXBE9nZnht9u-g,2026-08-27 09:41:20,5333,221,7,119.82,120.07,0.07,1
_67RoXa5BuI,UCPp6kLLWggTuACsQwFibg8A,2026-08-01 09:00:05,34466,229,15,120.0,120.0,0.0,0
_6H9aWtnltA,UCt8CJiye87FMbEwt0npPMuQ,2026-08-16 12:45:26,9225,519,36,120.0,120.0,0.0,1
_6JGRpbIvQg,UCNmN3W2H0r5_hV2drzbEn7Q,2026-08-22 09:18:13,291827,3997,261,119.96,120.21,0.04,1
_6NOjKEcDQM,UCnCFD3met1Ip7OngdF9TRDg,2026-07-27 03:10:53,10233,110,9,119.82,120.07,0.07,0
_6O0ESSRp1g,UCXCa03lRK6tlntZoJ7TUWRw,2026-08-08 02:00:06,13316,563,108,120.0,120.0,0.0,0
_6PCg69zUQg,UCMAfHuocszM6UTORPwUmeNw,2026-08-24 09:47:58,15969,259,1,119.96,120.21,0.04,0
_6SfK4sYCE4,UCLHwMFguUxHVSk91vzicEJw,2026-08-14 06:12:05,38626,503,23,119.8,120.05,0.05,0
_6Zt1IJ0jsU,UCz5LAkkX66OAW-y_WiWf9vA,2026-08-10 07:54:31,65,4,0,119.84,120.09,0.09,0
_6i75q2t3j0,UCmcBe97VA2LqVEQUeeZl6Ew,2026-08-22 09:00:29,96228,481,72,120.0,120.0,0.0,0
_7HC2_nrESQ,UCCs1YZHxUTIbLZd-xrvvMCw,2026-07-31 09:00:03,53893,1232,106,120.0,120.0,0.0,0
_7Ikk_hYs0s,UCyz5WVrb-cz3myY04x_kVYw,2026-08-23 13:34:15,423,7,0,119.94,120.19,0.06,0
_7WSpUdYDzA,UC_9W6Z5Y3lDpLk47Y_y5ITQ,2026-08-14 01:39:52,20503,282,54,119.84,120.09,0.09,0
_811J0VZP98,UC_m_uqd_9s0hZvlgfvCzqbQ,2026-07-25 14:29:51,1188,2,0,119.75,120.01,0.01,1
_8208YTMFuM,UCpcTrCXblq78GZrTUTLWeBw,2026-07-10 23:30:08,59602,346,27,120.0,120.0,0.0,0
_84997nw2yA,UC9qwDE50UcXvdplRNZKEoPA,2026-08-24 07:00:22,18429,599,49,120.0,120.0,0.0,1
_84LaGzHLD4,UCyAA-Vj4ORjXl5Ui2m6_Llw,2026-08-14 09:30:03,14807,63,19,120.0,120.0,0.0,0
_85rulDX50w,UCaZv-jDn5Mq5KJ1buXDRd4w,2026-07-22 08:00:10,22235,300,52,120.0,120.0,0.0,0
_8DATgx5cnw,UChHxLcNi7e0zu-e33HM6v6A,2026-07-28 05:30:58,26198,158,77,119.99,120.24,0.01,0
_8Jaoen6Ck0,UCPsZX-D7LW99PjZLA-UysPQ,2026-08-21 15:00:09,414,2,1,119.76,120.01,0.01,0
_8WH1ae1SaQ,UC4VWaR3R17Ruc7j1Cy1-PKQ,2026-08-10 01:47:18,132,3,0,119.96,120.21,0.04,0
_8YUINdMpzc,UCy8OX8RrstkjRrnM5hND_ug,2026-08-25 07:42:28,1644,40,5,119.8,120.05,0.05,0
_97F3w9Czrg,UCGVy07wZs8W-EpKAGchrmCQ,2026-07-24 18:24:55,11897,79,41,119.84,120.09,0.09,0
_9d7Wm4v_7g,UCKVt3arMXfa6XZezR1UnjqQ,2026-08-15 22:00:32,6668,82,8,119.99,120.24,0.01,0
_9jsN-BXWzU,UCuWDza8A_ntbjwBZgW0ZSNw,2026-08-25 13:06:54,103093,1314,49,119.9,120.15,0.1,1
_9wrp-T6-oM,UCy8OX8RrstkjRrnM5hND_ug,2026-08-09 16:15:31,2372,67,0,119.99,120.24,0.01,0
_9zJeCrb0cM,UCirJgPv8RtFaFMj39b6cD8Q,2026-08-24 03:00:35,17786,139,2,120.0,120.0,0.0,1
_A4KuZBt4sE,UCarBV0zWlC2k-HteyeKqfag,2026-08-05 08:00:08,3727,26,0,120.0,120.0,0.0,0
_AHMU22ihlE,UC9vI-9WYQLXKI6n9XdXXo3g,2026-07-25 01:54:50,15203,155,32,119.84,120.09,0.09,0
_AX6DawTNMs,UCOTJtP0Z9DjpPU43B5m1V6A,2026-08-04 09:57:11,152527,1352,112,119.8,120.05,0.05,0
_AcEPwDnSrs,UC-FiQR2gg8oiNw98ZdsSX6Q,2026-07-28 06:58:30,1901,7,0,119.78,120.03,0.03,0
_Akp2GiDLa0,UCw1DsweY9b2AKGjV4kGJP1A,2026-07-30 10:02:29,152318,425,267,119.96,120.21,0.04,0
_ApK83c6DNA,UCCiKOocVSjyb2rsbL_Aanhw,2026-08-08 22:52:11,23268,89,69,119.88,120.13,0.12,0
_BN4NKcxaO0,UCuXE-MdbuaZcPt_2J2kSsSQ,2026-07-11 10:56:31,55,0,0,119.81,120.06,0.06,0
_BZy8utmuK8,UCv1tOT645xHOJrwdGlzjMaA,2026-08-29 14:32:51,33643,407,32,119.97,120.22,0.03,1
_BqwZ8sdwSs,UCab17MxxnFtAhGsJVTkSkCg,2026-08-10 10:22:40,4289,93,12,119.88,120.13,0.12,0
_Bv3p7bss-c,UCPuD5ZRQWa_JCaY5NokNhtg,2026-07-29 11:25:02,407,9,3,119.83,120.08,0.08,0
_C0dUOivaxs,UCE3q8VKqIT_vOL4b9Nl8chA,2026-08-18 22:06:25,4992,106,16,119.91,120.15,0.09,0
_C53VlnXJ4g,UC_9W6Z5Y3lDpLk47Y_y5ITQ,2026-07-30 19:39:49,22381,278,63,119.84,120.09,0.09,0
_C7jpQl7F18,UCww3MeqGQnIatVvEr3pSjhA,2026-08-06 16:27:40,5196,34,0,119.79,120.04,0.04,0
_CE692_Dieo,UCGa52d8Qlv3THghuCAt_nXA,2026-07-30 08:30:26,4417,59,13,120.0,120.0,0.0,0
_CHogtow1fI,UC2yOBpLVwB7kzt9C5ZPbB7w,2026-08-23 04:00:21,115518,1953,62,119.76,120.01,0.01,1
bk9MJ9Ok-u4,UC9nWoDbRAl3-fvreBNeStKQ,2026-08-19 21:10:50,16732,259,82,119.83,120.07,0.07,1
bkcTByfR5HQ,UCdK9h1ILxS49c2LguBUY3rw,2026-08-27 10:45:25,260,3,2,120.0,120.0,0.0,1
bkfyqTWIHrw,UCwBkHOTyu57NQi0syf5MLig,2026-08-27 00:00:16,76816,273,15,119.76,120.01,0.01,0
bkhOy0dR0qs,UCDGbm9jZgqNeMWyK4j-Kduw,2026-08-01 02:20:50,787,,0,119.9,120.15,0.1,1
bkljbaImeLg,UCHeg3ApmuXQbqqszaD1fR9g,2026-08-24 15:34:52,80,5,0,119.93,120.18,0.07,0
bl3qyijNKe0,UC0tmAwhgk_1ATJtFyVHrFxg,2026-08-01 11:00:06,62470,3096,251,120.0,120.0,0.0,0
blCyPJWaIPQ,UCnCFD3met1Ip7OngdF9TRDg,2026-08-22 04:48:32,4993,75,12,119.95,120.2,0.05,0
blE9Y74H73Q,UCNmN3W2H0r5_hV2drzbEn7Q,2026-08-29 14:17:36,161794,1168,40,119.97,120.22,0.03,0
blGtahswOl8,UCZ6mNZTiTUrUSbSYPlclI4A,2026-08-27 04:30:21,26885,853,31,119.76,120.01,0.01,1
blGthnTGSXQ,UCd6CX2LiQE2dEAPXwk2N0jg,2026-08-14 10:00:03,102521,985,145,120.0,120.0,0.0,0
blHqSJ88ElA,UCJmnOEp1-OITEU0mk4icM5A,2026-08-12 09:00:23,465408,7696,452,120.0,120.0,0.0,1
blMMKgDCpaw,UCV7WE8I_UiAN0fa6Arezx_w,2026-08-15 09:00:06,24,0,0,120.0,120.0,0.0,0
blN6Ir1cpL4,UC1Ns07Rw0lQK-KuaPHfRRTw,2026-08-31 13:45:42,1,0,0,120.0,120.0,0.0,0
blQG-jW4KBk,UCYMXFMiaGBnZ08-wBHS2MPQ,2026-08-20 19:43:19,3262,23,5,119.79,120.04,0.04,0
bld72sIcyPA,UCpTNtH8yc1Kdl_YFfsQsTYA,2026-08-11 11:22:00,23201,55,0,119.89,120.14,0.11,0
blvPt-hzTGI,UCATlfGN7EDjXS_2ofklb3bw,2026-08-29 01:10:30,14001,171,0,119.84,120.09,0.09,0
blxrHqP9va8,UCmcBe97VA2LqVEQUeeZl6Ew,2026-08-19 09:00:03,105621,558,71,119.76,120.01,0.01,0
bm-tUcIeA-k,UCKrprPfevcAZpPuRnCO6xOA,2026-08-03 18:28:18,10,0,0,119.78,120.03,0.03,0
bm3yFybbGew,UC8aCmG_y4DqqVI9Xlcym1Jg,2026-08-29 15:55:12,9042,142,27,119.85,120.1,0.1,0
bmdaSkr7qjk,UCd6CX2LiQE2dEAPXwk2N0jg,2026-07-24 13:13:42,75302,837,296,119.77,120.02,0.02,0
bmlrp83047w,UCRq3CDTZ2qe3HiHrZdQKBvQ,2026-08-29 12:28:12,2761,27,5,119.79,120.04,0.04,1
bmo-NuFGRI8,UCV7WE8I_UiAN0fa6Arezx_w,2026-07-22 00:00:11,146,0,0,120.0,120.0,0.0,0
bmocLnamsT4,UCN8YcyYvYIrtLcwyT-KqbNg,2026-08-13 04:00:39,5095,53,42,119.99,120.24,0.01,0
bmuZgvFuDVc,UCaN1Qp37sHiCdQuSaXa3fVw,2026-08-07 08:15:54,142576,2223,84,119.99,120.24,0.01,1
bn3u_tvsw7Y,UChLqHuZV0PENIBYxDgXyPLQ,2026-08-09 01:21:19,8542,131,37,119.9,120.15,0.1,0
bnGMaXgsrmk,UCCiKOocVSjyb2rsbL_Aanhw,2026-08-13 08:03:41,11656,52,35,119.94,120.19,0.06,0
bnK0r_UeptQ,UCjnghZoZuL_U3AByO_oq7CQ,2026-08-14 00:31:34,49,6,0,119.98,120.23,0.02,0
bnKUgkS46UM,UCNZiNM2pP6uhIlTQVS2Q5fA,2026-08-12 03:00:30,192013,3118,201,120.0,120.0,0.0,0
bnTZvPwN1WI,UCxPMcxq7WJ32M3lnFn58Cpg,2026-07-31 11:33:08,4807,29,3,119.95,120.2,0.05,1
bnYTdUvpLvA,UCirJgPv8RtFaFMj39b6cD8Q,2026-07-27 09:00:01,30922,167,7,120.0,120.0,0.0,1
bnaypM_uAfc,UCgjaQlejpAnIu0q-xtVfTEw,2026-08-31 08:28:13,209443,4696,142,119.79,120.04,0.04,1
bnbSa7rn2oU,UCV7WE8I_UiAN0fa6Arezx_w,2026-07-21 14:00:19,136,1,0,120.0,120.0,0.0,0
bnla5gkRsd4,UCC1LvVTX2ySKYjeIXkAtvsQ,2026-08-16 09:00:08,508678,6409,181,120.0,120.0,0.0,1
bnoqxc2lWuA,UCmcBe97VA2LqVEQUeeZl6Ew,2026-07-23 09:00:22,125923,719,112,120.0,120.0,0.0,0
bntVY4SagY0,UCAl4HWznMn7KhKBRFO5eiFA,2026-08-16 11:26:49,25467,79,1,119.81,120.06,0.06,1
bo6dmNve0Ng,UCKUUL3fMVvYVZdGkKhhjP0A,2026-08-18 08:00:26,63779,715,22,120.0,120.0,0.0,1
boRQly1T6wk,UCB4YEVYp6LynBpz7bXyZsTg,2026-08-14 11:00:05,29568,288,56,120.0,120.0,0.0,0
boZaCh9KV-k,UC6JB_a6rD1lZ_aZgQvORfrQ,2026-08-20 21:14:34,823,27,0,119.77,120.02,0.02,0
bosp0IMzk88,UCV7WE8I_UiAN0fa6Arezx_w,2026-08-23 04:00:12,38,0,0,119.76,120.01,0.01,0
botffkIYJAo,UCdF0eCyf5np3lPO4y1fJVdw,2026-08-06 08:45:38,5241,140,10,119.99,120.24,0.01,0
boxTK_rjfE4,UCV7WE8I_UiAN0fa6Arezx_w,2026-07-24 21:00:11,88,0,0,120.0,120.0,0.0,0
boySw-QYEn4,UCuXE-MdbuaZcPt_2J2kSsSQ,2026-08-15 14:25:11,90,2,2,119.83,120.08,0.08,0
boyY4RRvhgU,UCAl4HWznMn7KhKBRFO5eiFA,2026-07-22 10:00:27,1790,17,2,119.99,120.24,0.01,1
bp7QTQLsdus,UCT-UsvGz4gm7lezXvCEex9A,2026-07-25 05:00:18,16920,325,9,120.0,120.0,0.0,1
bpEIFkB1hFw,UCPpSXwAg3hkSpa85Ah-dpgA,2026-08-21 02:24:57,437,19,5,119.84,120.1,0.1,0
bpGpBsr5Pws,UCV6mNrW8CrmWtcxWfQXy11g,2026-08-17 02:00:28,347601,12270,157,119.99,120.24,0.01,1
bpMbHyWDPdI,UCdK9h1ILxS49c2LguBUY3rw,2026-08-27 12:00:10,16,2,0,119.76,120.01,0.01,0
bpRMqtK6nDk,UCYJ0Ucu9jPX5kn6SeDcNaIQ,2026-07-11 15:00:29,18807,127,4,119.99,120.24,0.01,1
bpUmEBpOtTY,UCl-VnCUwSxDr5zPu-YlDUYw,2026-08-24 08:00:07,32887,480,33,119.76,120.01,0.01,1
bpZXMkNC8ug,UCCTw9N950kEoELFv3dRcWJQ,2026-07-26 23:41:42,3487,117,7,119.81,120.06,0.06,0
bpdmoDzBlEg,UCuCmLrNT5MbpqfrSSKHqTug,2026-07-31 10:40:09,60705,79,13,119.83,120.08,0.08,1
bpeSWR92YPY,UCqVkQsNin4MdGFrWvzFVOKw,2026-07-24 15:21:17,13551,374,1,119.9,120.15,0.1,0
bprHBewsIOQ,UCIKORyfTZ0cN-u0hrxHcgUw,2026-08-12 21:00:20,79,2,0,120.0,120.0,0.0,0
bqPdHc4QKj8,UC027x98NgUBw9K4aPT8k0mg,2026-08-27 12:00:06,256603,1106,81,119.76,120.01,0.01,0
bqPmh87UCYM,UCADf92tisOOh90hrZee4-LA,2026-08-14 04:11:01,127841,970,27,119.82,120.07,0.07,1
bqZ4xEL25mI,UCab17MxxnFtAhGsJVTkSkCg,2026-07-29 10:32:39,2184,29,5,119.96,120.21,0.04,0
br77I__AzV4,UCuXE-MdbuaZcPt_2J2kSsSQ,2026-08-09 06:08:10,1603,10,1,119.87,120.12,0.12,1
brBbsU2uNrU,UCQJuZxeDv2P05YHcC-tIEVQ,2026-08-24 08:00:24,13461,202,14,119.75,120.01,0.01,0
brLuluxBePg,UC2_VPutZK0o_tG8ca_QrQRA,2026-08-03 10:29:21,40464,,110,119.76,120.01,0.01,0
brciz39mWi0,UC0dzSeefT8twKtHh-1mjScA,2026-08-03 11:00:25,149859,4454,470,120.0,120.0,0.0,0
brjwHbRbr6M,UCifCesg-EUkjKyQedaB3hRg,2026-08-01 22:29:35,16431,335,2,119.76,120.01,0.01,1
bs3dULgCrpw,UCNNR1-x2NhZARsNGnQlh2sQ,2026-07-22 06:30:36,23688,107,37,119.99,120.24,0.01,0
bsS2tx62N2g,UCFCt5RYu41HTg4eX1jdHNxw,2026-08-29 00:03:25,36985,58,2,119.96,120.2,0.04,0
bsj8OaALYcg,UC4VWaR3R17Ruc7j1Cy1-PKQ,2026-08-07 10:12:48,222,5,4,119.79,120.04,0.04,0
bsjOQgvC63Q,UC1IUMdwaJ22A6FkPiI8dcig,2026-08-01 10:46:30,107876,2558,134,119.98,120.23,0.02,1
bsmQwFDdtWk,UCQePzo3_oRB-6RAzBioc6pg,2026-08-25 23:30:34,3941,31,15,120.0,120.0,0.0,0
bsodrZP9Zbs,UCBtJuwDt6LlXp2YASC-ZMdA,2026-07-27 03:25:26,720,12,1,119.83,120.08,0.08,0
bszloAmEg-A,UCL_IvtOZo6sONpiydbzzHpA,2026-08-12 09:19:30,39601,672,83,119.93,120.18,0.07,0
bt4J6DOd7DY,UCYS2NvZlSjrxZfnn1v7b3QQ,2026-07-23 16:05:17,7,1,0,119.92,120.16,0.08,0
btB6i72_fmE,UCyZtdaxIiGb4wp5AmkEMrwQ,2026-07-30 03:00:19,38630,942,36,120.0,120.0,0.0,1
btGzgbRCL1o,UCSzHok6X5qXEO7cjvVnE62g,2026-07-11 12:00:33,332265,3257,108,119.99,120.24,0.01,0
btagO1eMESQ,UC8aCmG_y4DqqVI9Xlcym1Jg,2026-07-28 21:30:20,788,41,0,120.0,120.0,0.0,1
btndn3UGPoE,UC5ScPjbt-a97AJO7SBj6nAg,2026-08-07 06:33:34,498388,10703,403,119.94,120.19,0.06,1
btpB4PrTSc0,UC1dG3vI9FfHnH3YgyeKUz_A,2026-08-28 13:30:32,373029,900,99,120.0,120.0,0.0,0
bu56Tmf2420,UCcum1rCJ5GJeQ_xv0xrohqg,2026-08-07 10:00:05,51642,1367,115,120.0,120.0,0.0,1
buAfGwLK3pk,UC2U8C7lmbQpfBeAW8fTP_jg,2026-08-11 03:14:36,3490,28,1,119.76,120.01,0.01,1
buC0B35e0ew,UCgLFbrC7-g0ihBKB0obVPTg,2026-07-22 16:05:20,0,0,0,119.92,120.17,0.08,0
buCQHhPOHT0,UCPGl9DV2WUgaqGVXtVrhJWQ,2026-08-07 15:00:32,3,0,0,119.99,120.24,0.01,0
buDeJwNBkN8,UC-FiQR2gg8oiNw98ZdsSX6Q,2026-08-30 10:00:19,1651,12,0,119.76,120.01,0.01,0
buDrOBquK-w,UCUae69frfqpKOB3BUMdX5Qw,2026-08-30 03:30:07,56026,732,39,119.76,120.01,0.01,1
buRIuXYgwa8,UCqIwPYLfMd3EoWYwvyTjPnA,2026-08-30 03:00:15,32706,129,10,119.76,120.01,0.01,0
TG77LFY4jIg,UCmiTZyj9GwMjyznZxrgCH4Q,2026-07-24 00:51:03,10022,82,15,119.9,120.15,0.1,0
TG8dPGgR5Fs,UCe-7GwWL1XNlCJyfqBhgrHA,2026-08-27 04:01:24,218809,3301,23,119.99,120.24,0.01,1
TGOP0PGNXaU,UCAVR6Q0YgYa8xwz8rdg9Mrg,2026-08-02 10:00:05,89047,4447,114,120.0,120.0,0.0,1
TGQ7PzR1Hl0,UC-8S20Ll1gzPiu_YY8BgyaQ,2026-07-28 08:00:16,69566,470,16,120.0,120.0,0.0,1
TGUlIgOz6vw,UCO94iFhOhtdGb4Ze5DUAtbw,2026-07-31 06:50:43,0,0,0,119.91,120.16,0.09,0
TGjRU2vbBkg,UCjOtzpfj5lF9erwTEQYkxtQ,2026-08-17 03:00:32,37105,727,16,120.0,120.0,0.0,0
TGl4KuNKzLo,UCO8ToDSM2Gvt3EZdOdosxTw,2026-08-13 06:30:01,5290,54,68,120.0,120.0,0.0,0
TGwDmp1yTnA,UCBidluUUxzT_5jVOI_2x2MQ,2026-08-07 08:00:24,184,6,2,120.0,120.0,0.0,0
TGzUIejQKvI,UCFJAOgvqcc3fPqdu7fTl-zA,2026-08-07 09:30:20,2501,88,55,120.0,120.0,0.0,0
TH3LpP3kNsU,UC2yOBpLVwB7kzt9C5ZPbB7w,2026-08-04 12:00:37,71467,1101,49,119.99,120.24,0.01,1
TH3lfJxuua0,UCLbehOwlIi6QrfZNhC39t4Q,2026-08-10 00:50:00,320501,8385,345,119.92,120.17,0.08,0
THQLn-NNFQg,UC8x8GQmlxAIhHxzU61z0uLQ,2026-08-15 11:33:14,9583,66,4,119.95,120.2,0.05,0
THSVQEU3td8,UCOMVY7jsl569k0UYXWv3OgQ,2026-07-12 09:27:07,66,1,0,119.8,120.05,0.05,1
THTpwOHDU2Q,UC3RzmV2LX3AmWhZVx0A7u0A,2026-08-24 07:00:00,161681,2768,150,119.76,120.01,0.01,1
THU2P0m6IYo,UC3_QWAvQRhPW4CDoQU8acKw,2026-08-18 07:00:05,195252,3396,104,119.76,120.01,0.01,0
THispx3rhic,UCyAA-Vj4ORjXl5Ui2m6_Llw,2026-08-22 03:00:39,22213,76,20,120.0,120.0,0.0,0
THjW4YlAUfE,UC4VWaR3R17Ruc7j1Cy1-PKQ,2026-08-08 06:22:31,43,4,0,119.88,120.13,0.12,0
THvkCgT1Vsw,UCt8CJiye87FMbEwt0npPMuQ,2026-08-27 14:30:23,14887,171,45,119.76,120.01,0.01,1
TI8f5-_4Wf8,UCYTQCmuFcacJJ_Tad20qqEw,2026-08-15 15:38:03,72363,1488,87,119.87,120.12,0.12,0
TI8msjI0qVQ,UCFCt5RYu41HTg4eX1jdHNxw,2026-08-12 18:06:20,783,10,1,119.9,120.15,0.1,0
TIRVQLLThAY,UCgLFbrC7-g0ihBKB0obVPTg,2026-08-22 11:19:53,96,1,0,119.93,120.18,0.07,0
TI_iwHs7-MI,UCUbOogiD-4PKDqaJfSOTC0g,2026-08-26 10:54:19,160527,480,179,119.86,120.11,0.11,0
TIikTg3HdVw,UC_2x8h1QrTHOO0i4Yiss-ww,2026-07-31 10:00:30,50514,779,21,120.0,120.0,0.0,1
TImwyx7dTus,UCg5Ew4lj74r_ohbc4AeQj1w,2026-08-18 08:19:23,25238,727,134,119.94,120.19,0.06,0
TIuNvDiXQbM,UCeiDuGZqWT4iiIXRTfhM3qQ,2026-07-24 08:05:44,3386,97,0,119.91,120.16,0.09,0
TIyv5ezlmxM,UC6LLMkdyses2ugPRNEXutMQ,2026-08-13 09:30:32,15582,442,119,119.99,120.24,0.01,0
TJ6K1YgzWaY,UC_e83kYlGHWbsrr8QCfV_ag,2026-08-26 08:05:20,218,1,0,119.92,120.17,0.08,0
TJdhUKYIrWo,UCHJv9xBR9lkzGSIepie-T_A,2026-07-23 21:30:29,3952,52,2,120.0,120.0,0.0,0
TJhFUO-7mqI,UC7hwQp3F6P_OwyRM14p88iQ,2026-08-08 14:40:17,25902,209,0,119.83,120.08,0.08,0
TJk_la66ouE,UCaHIZAKows704_gk6bjdAog,2026-08-15 23:30:05,41383,591,198,120.0,120.0,0.0,0
TK1IE-zFQuE,UC9M8GGVwPqc9ubNruArCNPg,2026-08-08 06:00:01,17131,488,32,120.0,120.0,0.0,1
TK57Dj_tLIQ,UCv1tOT645xHOJrwdGlzjMaA,2026-08-13 07:44:53,3776,42,4,119.76,120.01,0.01,0
TK7SQaNdBWo,UCPGl9DV2WUgaqGVXtVrhJWQ,2026-08-24 13:59:37,1,0,0,119.77,120.02,0.02,0
TKMVRfjQ5q4,UC2yOBpLVwB7kzt9C5ZPbB7w,2026-08-30 20:00:34,117897,1761,79,119.75,120.01,0.01,1
TKWR2c_Wsxw,UCKmOaDLQpgbsmGsHpV9688g,2026-08-07 14:54:57,1975,57,33,119.84,120.09,0.09,0
TK_iVgvcBNk,UCzRPPKLkNxjD2of-0Xxfnjw,2026-08-08 04:03:27,12754,125,18,119.95,120.2,0.05,1
TKf1HbAzoy0,UCvUKUkIM67eWFbQemjj2-eA,2026-08-31 13:53:27,97685,1150,88,119.87,120.13,0.13,0
TKg-YAQxKH4,UC2yOBpLVwB7kzt9C5ZPbB7w,2026-08-15 10:00:26,106049,1325,102,120.0,120.0,0.0,1
TKohK0M_RF0,UCpcTrCXblq78GZrTUTLWeBw,2026-07-18 10:30:32,123318,968,97,119.99,120.24,0.01,0
TKukcjvUOVM,UCpcTrCXblq78GZrTUTLWeBw,2026-08-31 15:30:20,95709,2291,49,119.76,120.01,0.01,0
TKvErqvvaFU,UCqVkQsNin4MdGFrWvzFVOKw,2026-07-29 03:49:39,4127,151,8,119.93,120.18,0.07,0
TKwTVLoGo-4,UC6aF-skLT_1X6cdPJxVJXxQ,2026-08-07 07:40:22,333546,8190,116,119.83,120.08,0.08,1
TKygXi8IBvQ,UC6JB_a6rD1lZ_aZgQvORfrQ,2026-08-23 22:30:15,9827,38,17,119.76,120.01,0.01,1
TL-Iddr5ptE,UC2ja61Zku_rw3ZBfDZi8cuQ,2026-07-31 08:00:14,69317,1251,91,120.0,120.0,0.0,0
TLWJOClymNY,UCYJ0Ucu9jPX5kn6SeDcNaIQ,2026-07-14 12:00:01,68571,810,81,120.0,120.0,0.0,0
TLaQUxT-vy4,UCpcTrCXblq78GZrTUTLWeBw,2026-08-12 13:30:38,42736,1046,67,119.99,120.24,0.01,0
TLetpUPPHaM,UCv1tOT645xHOJrwdGlzjMaA,2026-08-22 12:02:36,20484,243,58,119.97,120.22,0.03,0
TLiZ2c26W74,UCdK9h1ILxS49c2LguBUY3rw,2026-08-25 12:00:13,6,2,0,119.76,120.01,0.01,0
TLzJY5AuiX8,UCmwZePdbUmncnpQptdPH2Jg,2026-08-16 03:25:06,39,1,0,119.84,120.09,0.09,0
TM8BTPlz8lw,UCN7FA8FwikP2p5Vrs5kiivw,2026-08-31 12:00:26,950645,7367,69,119.75,120.01,0.01,1
TMH8Q8umx9g,UCB4gIGaPUiLtpPreFSf8fKQ,2026-08-18 16:30:07,4630,67,25,119.76,120.01,0.01,0
TMP5MfUX_ys,UCpI-AhCT02iQRGLC2ZcY0Jw,2026-07-13 11:00:36,73803,941,15,119.99,120.24,0.01,1
TM_EaQEBAMw,UCV7WE8I_UiAN0fa6Arezx_w,2026-08-02 20:00:37,19,1,0,119.99,120.24,0.01,0
TMfBWjgCApU,UCawK5EIfr66Z7fjAlZgfB2g,2026-08-19 12:55:11,24212,,109,119.84,120.09,0.09,0
TN7hOhvctVI,UCcvKf8NxAw9i09hZw1MQPBQ,2026-08-21 11:00:25,118144,1523,405,120.0,120.0,0.0,0
TNK_simGguk,UCe-7GwWL1XNlCJyfqBhgrHA,2026-08-02 13:40:13,75209,3142,375,119.83,120.08,0.08,0
TNMTbdXsIK8,UCv1tOT645xHOJrwdGlzjMaA,2026-07-20 11:46:29,74205,457,8,119.98,120.23,0.02,0
TNZB8CU_Yk8,UCV6mNrW8CrmWtcxWfQXy11g,2026-08-20 13:00:14,693434,22787,257,120.0,120.0,0.0,1
TNgEpAmqZIc,UCWVS5IJOkNnkKS5rjiAt9rw,2026-07-22 10:25:44,53981,447,79,119.82,120.07,0.07,0
TNshYfPsID8,UCyZXLzORHoh9QMwA7IwS0pA,2026-08-10 16:26:46,689,7,0,119.81,120.06,0.06,0
TOE_BF0WqOM,UC-DpK48x4bltMjHHChZ4zBg,2026-08-09 13:48:15,5591,42,8,119.95,120.2,0.05,0
TOI47jKLz6A,UCN5oT4zGJX-_H6pE5isAEeg,2026-08-18 09:00:33,49495,708,46,120.0,120.0,0.0,0
TOI4QtsqQdo,UCV6mNrW8CrmWtcxWfQXy11g,2026-08-25 20:00:35,343178,11955,450,120.0,120.0,0.0,1
TOQHSwvvIv0,UCjsqgRBvkn8XadWraSQxTKQ,2026-08-28 11:34:56,8593,42,6,119.93,120.18,0.07,0
TOTb7dkM2PM,UCby0vMKcLR05ZdS90aZd5og,2026-07-13 07:39:21,7782,10,0,119.85,120.1,0.1,1
TOhKF-2bxsk,UCuWDza8A_ntbjwBZgW0ZSNw,2026-07-15 08:00:05,24937,109,16,120.0,120.0,0.0,0
TOkypQqpY_A,UCRpdlPk671uOMiBtf5HtB3Q,2026-08-15 09:56:10,23682,190,51,119.82,120.07,0.07,0
TP0RTJrpGig,UC5RxNUZ9_c94ZEfJGnJZmTw,2026-07-22 16:36:54,1202,38,1,119.89,120.14,0.11,0
TPAu5qywBMU,UCDUpJh1Ek3plo34sGriwe-w,2026-08-22 22:00:40,104226,5247,452,120.0,120.0,0.0,0
TPE2N6rG_ec,UCo33r3SAf5z9MS-lrXV2aOQ,2026-07-15 07:26:15,144993,1097,170,119.81,120.06,0.06,0
TPH82EEqWoc,UCzps05UZ7XpX3SFoFyYIDow,2026-08-12 10:06:49,102743,296,75,119.89,120.14,0.11,1
TPRo9iNkIzg,UC141BuVRzSSXJX33Am9yxEA,2026-07-21 09:00:02,8439,226,28,120.0,120.0,0.0,0
TPU4RZQeHVY,UCeG0ONJtjwE20ThR5iSYdsA,2026-08-13 07:30:06,66020,895,115,120.0,120.0,0.0,0
TPhptQ-_pZU,UC0PMQXAwF6O6aeTpv962miA,2026-08-08 15:00:20,29780,805,129,120.0,120.0,0.0,0
TPikcfJ6UFg,UCnkytUgy0CtWd06up9CjNxg,2026-07-20 15:30:49,172754,2399,914,119.99,120.24,0.01,0
TPkCZWkBQew,UCuwnt_REmD4YsCtFJRoqjFw,2026-07-22 05:21:24,45772,382,33,119.9,120.14,0.1,0
TPumJBkhmKI,UCkmUJzaZfP7Wsb5-89pAK4Q,2026-08-22 01:30:44,5137,58,0,120.0,120.0,0.0,0
TPxdf3DVE3Q,UCPsZX-D7LW99PjZLA-UysPQ,2026-07-27 12:00:25,317,3,2,120.0,120.0,0.0,0
TQ6CWetlJE0,UCL_IvtOZo6sONpiydbzzHpA,2026-08-31 09:12:57,65690,635,72,119.8,120.05,0.05,0
TQCvPtZpMNA,UCQJuZxeDv2P05YHcC-tIEVQ,2026-07-17 08:00:28,16668,184,24,119.99,120.24,0.01,0
TQDnAPuuhsc,UCdK9h1ILxS49c2LguBUY3rw,2026-08-03 10:45:23,210,1,4,120.0,120.0,0.0,1
VpU-UnYoONc,UC9DNu8JRIcE-rpo9eBx1ffw,2026-08-06 08:22:27,7963,39,6,119.88,120.13,0.12,0
VppHSQMz2zQ,UCa8Z4uUp51Aqtx4Fq4-3wMA,2026-07-22 08:01:54,2187,39,4,119.97,120.22,0.03,1
VprsNsSlXXA,UCdoTrHNHnoRbaQenxK5PEUg,2026-08-08 08:07:18,185,1,0,119.88,120.13,0.12,0
Vq26m4PdyXA,UCAl4HWznMn7KhKBRFO5eiFA,2026-08-24 10:03:43,34634,316,31,119.95,120.2,0.05,0
Vq7DyIbeUao,UC_m_uqd_9s0hZvlgfvCzqbQ,2026-08-11 13:46:43,778,4,0,119.97,120.22,0.03,1
Vq8FC5lFiNM,UC_m_uqd_9s0hZvlgfvCzqbQ,2026-08-13 14:29:46,713,27,0,119.76,120.01,0.01,0
VqHgQVtAYKA,UCOTJtP0Z9DjpPU43B5m1V6A,2026-07-30 11:04:00,133937,1342,107,119.94,120.19,0.06,0
VqSyrjnxVxc,UCt6Eo4xMTHhlOWg4_PAz_MA,2026-08-09 08:38:41,2242,27,0,119.86,120.11,0.11,0
VqXnb0WE03o,UCDGbm9jZgqNeMWyK4j-Kduw,2026-07-21 01:00:12,2895,,4,120.0,120.0,0.0,1
VqjiexgaETw,UCt8CJiye87FMbEwt0npPMuQ,2026-08-30 13:30:25,13084,198,9,119.76,120.01,0.01,0
VqrbxJBn0zM,UC60HSePkZwGFzRj6VSDa6Ew,2026-07-23 16:45:36,7454,97,15,119.99,120.24,0.01,0
VrDtBDRWsTA,UCBidluUUxzT_5jVOI_2x2MQ,2026-08-15 08:00:14,82,3,0,120.0,120.0,0.0,0
VrSaJYC9hc0,UCDYAog4sNhwQ5pXtAZiT0Og,2026-08-17 04:00:08,16944,72,30,120.0,120.0,0.0,0
VrY9Xh6TraI,UCIxcZWLQpP-mUZC6_Uljc_Q,2026-08-14 23:00:02,10031,43,32,120.0,120.0,0.0,0
Vraj3mYQthk,UCbIQGH_oFu0yfTWNPyquvpw,2026-08-01 14:57:50,224,8,2,119.79,120.04,0.04,0
VriS_vwYGcE,UCOgXOOKbZRtfQvlggBpN6zw,2026-08-04 15:01:35,280,12,8,119.98,120.23,0.02,0
VroSvnY5C_8,UCAl4HWznMn7KhKBRFO5eiFA,2026-08-08 11:10:43,17847,53,0,119.83,120.07,0.07,1
VrpyWxzB-9I,UCYMXFMiaGBnZ08-wBHS2MPQ,2026-08-13 12:59:32,1658,10,1,119.76,120.01,0.01,0
VrxG5eS1e1k,UC6JB_a6rD1lZ_aZgQvORfrQ,2026-08-12 23:34:34,1081,28,0,119.93,120.18,0.07,0
Vs49FJzJr6o,UCqlcSsDNMYxEsem7bWY-66Q,2026-08-20 09:02:39,4734,154,16,119.96,120.21,0.04,0
VsBBhWdbAzc,UC5ScPjbt-a97AJO7SBj6nAg,2026-08-28 08:11:13,192643,4607,184,119.83,120.08,0.08,1
VsT7V49x80c,UCATlfGN7EDjXS_2ofklb3bw,2026-07-24 00:52:34,17087,368,4,119.88,120.13,0.12,0
VsVfzYMbJNA,UC6YqXiwCBfPvPTs3wXgWElQ,2026-08-17 16:32:35,93715,453,91,119.96,120.21,0.04,0
VsZctIAVVpo,UCPGl9DV2WUgaqGVXtVrhJWQ,2026-08-05 15:00:07,4,0,0,120.0,120.0,0.0,0
VsxLRd_KBvw,UCt8CJiye87FMbEwt0npPMuQ,2026-08-12 13:00:35,3810,151,13,119.99,120.24,0.01,1
Vt-m7VE5tP0,UCaMV-CjrWYh2Aefg_8iLwJQ,2026-08-13 12:27:49,76242,367,150,119.79,120.04,0.04,0
VtBN-cl8_eI,UCD8r5Jgns2V64-NcUmXclpg,2026-08-14 03:15:10,69833,354,40,120.0,120.0,0.0,0
VtImbw5miUA,UCt8CJiye87FMbEwt0npPMuQ,2026-07-29 13:00:17,9299,302,11,120.0,120.0,0.0,1
VtTkWqpj0YA,UCgsKeCRaBGH6JlnH6VO_7OA,2026-08-08 12:35:34,45,1,0,119.91,120.16,0.09,0
VtxCxjtPU7w,UCYxwKnNRv4FurQxeKcuR0Sw,2026-07-24 15:19:22,16,3,0,119.93,120.18,0.07,0
Vtzkue9yxw0,UCdK9h1ILxS49c2LguBUY3rw,2026-07-29 12:00:28,3,2,0,119.99,120.24,0.01,0
Vu-NaRmCMvo,UC2ja61Zku_rw3ZBfDZi8cuQ,2026-07-25 01:00:37,34020,181,29,119.99,120.24,0.01,1
VuEhZH4J4QE,UCZ49HaU_D0Tlf1aDA2jU_Vg,2026-08-16 06:13:59,6461,89,19,119.77,120.02,0.02,0
VuIG9ZSOF8I,UCV7WE8I_UiAN0fa6Arezx_w,2026-08-03 01:00:08,26,1,0,120.0,120.0,0.0,0
VueyuEO_KSc,UCYooECrv-fIXlPaDwEIaveA,2026-07-29 09:01:06,28738,335,22,119.98,120.23,0.02,0
VuhKT3YaXRc,UCV2rXchZ5JNpvmSIOVEQ5oA,2026-08-27 13:30:12,45618,204,44,119.76,120.01,0.01,1
Vv3MuQnljgo,UCdK9h1ILxS49c2LguBUY3rw,2026-07-24 21:17:48,8,3,0,119.96,120.21,0.04,0
Vv3T4onKuG8,UCms8Ge7H1ZGgw6nV94fUhUQ,2026-07-25 03:00:08,12902,321,25,120.0,120.0,0.0,1
Vv54nT_04OM,UCRq3CDTZ2qe3HiHrZdQKBvQ,2026-08-24 12:25:23,1160,6,4,119.84,120.09,0.09,1
VvA4-zjJqFc,UC_m_uqd_9s0hZvlgfvCzqbQ,2026-07-24 07:50:46,991,3,0,119.91,120.16,0.09,1
Vv_x1AK_9V0,UCsbo5VemDR505Etd5ZKnWNA,2026-07-17 02:30:33,12409,114,6,119.99,120.24,0.01,1
VvkVyMJm2SM,UCYM01qjjE_hmqFQAmOo-lNg,2026-08-20 15:07:57,771,5,0,119.87,120.12,0.12,0
VvlCCVHUcWQ,UCrfB1-zWijAYkgfZW7Ehc8Q,2026-07-29 10:00:08,52497,2799,159,120.0,120.0,0.0,1
Vw11BG6L_Zw,UCrKSaegnzewdj9-YLsUhoZw,2026-08-20 04:55:30,17892,88,34,119.83,120.08,0.08,0
Vw8N9JvWjj8,UC_yxsHiFh1_j174x4AxICSg,2026-08-24 07:00:37,42093,802,159,120.0,120.0,0.0,0
VwGuto10oIo,UCpcTrCXblq78GZrTUTLWeBw,2026-08-20 07:00:27,124988,474,31,120.0,120.0,0.0,1
VwHNRAa3lYc,UCvsw3aXHnikw3MVGSwOICxA,2026-08-10 14:00:16,10517,257,58,120.0,120.0,0.0,0
VwNPTCZde-8,UCV7WE8I_UiAN0fa6Arezx_w,2026-08-31 12:00:11,341,0,0,119.76,120.01,0.01,0
VwTMHtPfRbQ,UCgjaQlejpAnIu0q-xtVfTEw,2026-08-27 13:47:47,10931,76,5,119.97,120.22,0.03,0
VwYLToPxXfA,UCwfbSsZ7_sccxcibe60mWlQ,2026-08-27 03:00:33,28477,42,21,120.0,120.0,0.0,0
VwugH8XOXdI,UCBS4sjbGJIcclT-Y6i_Jzkg,2026-08-13 18:35:28,28918,570,13,119.91,120.16,0.09,1
VwvE5c3FlGY,UCAl4HWznMn7KhKBRFO5eiFA,2026-07-22 17:10:14,17632,102,32,119.83,120.08,0.08,0
Vwxq0qeHGR8,UCvPGGL-OTEAQlwAUxbcJO8g,2026-08-08 05:20:05,176234,2003,249,119.92,120.17,0.08,0
Vx7Uol0an-o,UCKY2DOkLOyPLlvGHI3XQw0Q,2026-07-12 10:59:45,334,17,0,119.76,120.01,0.01,0
VxKJC6-3aH0,UC_9W6Z5Y3lDpLk47Y_y5ITQ,2026-08-15 03:05:45,23907,292,23,119.91,120.16,0.09,0
VxN-aILrFjs,UC4cKHOBS-nRfKFTwf1n8HGA,2026-07-25 14:48:15,31,,0,119.95,120.2,0.05,0
VxP74HEmgW4,UCFrKhWvZ8oeJQTNP5ZabgJw,2026-08-02 02:53:38,91967,720,91,119.86,120.11,0.11,1
VxYu_us4e5Y,UCt8CJiye87FMbEwt0npPMuQ,2026-07-28 08:21:13,3994,208,8,119.9,120.15,0.1,0
Vx_yTfypVCg,UCpcTrCXblq78GZrTUTLWeBw,2026-07-15 03:30:19,86212,909,143,120.0,120.0,0.0,0
VxfNIGRKBNg,UCPGl9DV2WUgaqGVXtVrhJWQ,2026-07-28 15:00:29,25,0,0,119.99,120.24,0.01,0
VxfaJcl0xvQ,UCl-VnCUwSxDr5zPu-YlDUYw,2026-07-11 08:00:38,111270,1451,31,119.99,120.24,0.01,1
VxgEYnG-EjI,UC-S8JFhLkQ5enhB70c2CYIw,2026-07-26 11:00:15,75736,2000,185,120.0,120.0,0.0,0
Vxh45UhF-tk,UCp6n8d8Y8r3MwKNw_MMaouQ,2026-08-06 14:09:32,6860,384,13,119.84,120.09,0.09,0
Vy0PLYE7rF0,UCgyDKBTgkBfa8jWrBb8Npig,2026-07-22 07:50:20,13,0,1,119.91,120.16,0.09,0
Vy2e8hhEHbA,UCV7WE8I_UiAN0fa6Arezx_w,2026-08-14 20:00:27,64,1,0,120.0,120.0,0.0,0
Vy3qjFonvlY,UCk5C4AR3uvmKwZYkIlSobbg,2026-08-21 04:51:11,52871,213,45,119.91,120.16,0.09,1
Vy8XN3_EmRs,UCg7rkxrTnIhiHEpXY1ec9NA,2026-08-12 07:30:07,186582,6780,383,120.0,120.0,0.0,0
VyDb12Jp2JU,UCKrprPfevcAZpPuRnCO6xOA,2026-08-10 09:30:31,1152,8,3,119.99,120.24,0.01,0
VySa45v2uSw,UC7hwQp3F6P_OwyRM14p88iQ,2026-08-18 15:37:26,38474,221,2,119.89,120.14,0.11,0
VyTObjYImAE,UCDYAog4sNhwQ5pXtAZiT0Og,2026-08-12 08:00:35,67634,398,135,119.99,120.24,0.01,0
Vyn0G2Ei3po,UCUae69frfqpKOB3BUMdX5Qw,2026-08-22 03:30:25,39807,643,92,120.0,120.0,0.0,1
Vyqq1bzzd0I,UCGa52d8Qlv3THghuCAt_nXA,2026-08-17 08:30:02,44619,256,16,120.0,120.0,0.0,1
Vyu5D5Wu5Ws,UCjOtzpfj5lF9erwTEQYkxtQ,2026-08-10 03:00:25,46865,893,61,120.0,120.0,0.0,0
Vyua_velIrk,UCBtJuwDt6LlXp2YASC-ZMdA,2026-07-25 17:28:25,306,10,2,119.78,120.03,0.03,0
Vz734VU69yQ,UCfq-5-0b5Lzj7cKCrp6-flA,2026-08-01 11:12:54,1237,47,29,119.79,120.04,0.04,0
Vz85QJSmhK4,UCPuD5ZRQWa_JCaY5NokNhtg,2026-08-08 08:54:15,1039,16,5,119.85,120.1,0.1,0
Vz8V07ursCM,UCOX0M9VYOm2FVBORW9XLChg,2026-08-15 07:53:53,47,3,0,119.86,120.11,0.11,0
VzF9cIf2FEw,UCS2OAdHoLt-9T6cG9A2H49Q,2026-08-01 03:00:09,9748,159,48,120.0,120.0,0.0,0
VzICGc0oJBs,UCT807kAu6fmwES8B5698e2w,2026-08-12 09:00:04,36403,2226,113,120.0,120.0,0.0,1
VzInCxV55ro,UCt8CJiye87FMbEwt0npPMuQ,2026-08-26 08:00:12,4144,76,11,119.76,120.01,0.01,1
VzLBryyM1e0,UCrR_fhiJjoW8OJFzUcmlMMA,2026-08-22 07:00:04,11361,96,20,119.76,120.01,0.01,0
_CKa90CjJGI,UCeiQKedLZob9Cb797XfsrRw,2026-08-17 14:48:51,54219,759,139,119.94,120.19,0.06,0
_CYfDNFOi_U,UC46X_E7jxvJ1O_3gnaeCxeg,2026-07-14 12:40:31,49783,466,119,119.83,120.08,0.08,0
_CZcxIx9gIM,UCV7WE8I_UiAN0fa6Arezx_w,2026-07-12 19:00:27,58,3,0,119.99,120.24,0.01,0
_CdDSuUycKE,UCT-UsvGz4gm7lezXvCEex9A,2026-08-05 08:00:17,17431,456,16,120.0,120.0,0.0,1
_Ce2LxSF3xo,UCkd3KAYGnTNPJZZrPOFeWhA,2026-08-11 04:02:41,40123,115,68,119.96,120.21,0.04,1
_CwodWXN6o8,UCJJZkVUNIxq8XNDzHiAD-eQ,2026-07-29 11:05:16,75286,422,120,119.91,120.16,0.09,0
_CyL_Jk4Bhw,UC_O4_e0nbsMoU1rg7JU_nwQ,2026-08-19 05:40:19,95314,1386,231,119.84,120.09,0.09,0
_DA6FmfsFDU,UCqIwPYLfMd3EoWYwvyTjPnA,2026-08-29 09:00:38,97827,274,49,119.75,120.01,0.01,0
_DGlVHG-J3U,UCuWDza8A_ntbjwBZgW0ZSNw,2026-08-24 08:30:12,68920,135,57,119.76,120.01,0.01,0
_DI_bCuOAzw,UCWwbZhw5M-Q5dZtTK4nDWNw,2026-08-24 03:00:26,79757,788,16,119.75,120.01,0.01,1
_DIyZSd4EQM,UC7SIaeUWuuIrWTIOBpayDVQ,2026-08-24 01:24:55,31748,481,106,119.85,120.1,0.1,0
_DZWpxv_Nc0,UCkd3KAYGnTNPJZZrPOFeWhA,2026-08-12 10:50:09,12865,44,14,119.92,120.17,0.08,0
_DuTfYuNX0Q,UC4VWaR3R17Ruc7j1Cy1-PKQ,2026-08-10 10:33:48,71,3,0,119.94,120.19,0.06,0
_E2edsb8Aog,UCHJv9xBR9lkzGSIepie-T_A,2026-08-04 21:30:28,4737,33,0,119.99,120.24,0.01,1
_E38ldMOPV0,UCoIEwIHhW-1_roLnb5nK_UA,2026-08-28 08:45:13,14727,39,21,119.76,120.01,0.01,0
_EK47l9FNXM,UCvjzWMh2bihwlIN-WRtddkg,2026-08-26 09:00:13,1820,35,6,119.76,120.01,0.01,0
_EOil7kfUq8,UCdZNJItzkmKrpwtQ3cxTEVA,2026-08-24 10:52:09,34018,98,50,119.89,120.14,0.11,1
_ETFkMfeq0I,UCXAXCxTCCYYKsLJNzEvjqfw,2026-08-10 20:55:39,82669,945,401,119.83,120.08,0.08,0
_EXSHF-rDCI,UC8E29ANOC3_OuB7_5EPY2xw,2026-08-27 01:00:23,1847,17,5,120.0,120.0,0.0,0
_EcnaEK9llE,UCbItyvYa6cqvqtwlU2E9-wA,2026-08-16 13:00:01,2955,242,12,120.0,120.0,0.0,0
_EiqakI0ak8,UCAl4HWznMn7KhKBRFO5eiFA,2026-07-21 11:55:05,6887,32,3,119.83,120.08,0.08,1
_EpFmItUmeU,UCqlcSsDNMYxEsem7bWY-66Q,2026-08-26 09:02:38,13673,293,10,119.97,120.22,0.03,0
_EwaJJI65Nw,UCvPDPTxTLitVEyGu4Xt6m8g,2026-08-29 03:24:58,52323,196,16,119.85,120.1,0.1,0
_FNR93MwUGQ,UCSzHok6X5qXEO7cjvVnE62g,2026-08-25 08:00:14,106726,471,49,119.76,120.01,0.01,0
_FSsk63dssE,UCpwGBltfwjd_fIzp5cb5R0w,2026-08-01 00:30:00,232670,1754,415,120.0,120.0,0.0,1
_FcRigM2soQ,UCYooECrv-fIXlPaDwEIaveA,2026-08-13 09:01:35,50714,748,53,119.98,120.23,0.02,0
_GC1ywkg2EA,UCV6mNrW8CrmWtcxWfQXy11g,2026-08-16 22:00:24,88482,3660,65,120.0,120.0,0.0,1
_GTqYh-viW0,UCXQoI3upwKr47JAiVaYkvIw,2026-08-24 12:56:54,9660,167,48,119.81,120.06,0.06,0
_Gdw9PZrjSA,UCc1VJX_5Z2RdGi58XU4IfbA,2026-07-22 04:00:18,381,11,1,120.0,120.0,0.0,0
_GfCb_VBg28,UCkavlo6q2XfO_MA9Q24wRvw,2026-08-18 09:13:02,1679,11,1,119.79,120.04,0.04,0
_Gup9WnS7Xc,UCifCesg-EUkjKyQedaB3hRg,2026-08-23 01:34:23,42635,128,0,119.94,120.19,0.06,0
_H-JnSmUt4k,UCPGl9DV2WUgaqGVXtVrhJWQ,2026-07-30 15:00:07,242,3,0,120.0,120.0,0.0,0
_H01DvCyuaQ,UCyyZcZdT7qe2VzTz2bVHWPQ,2026-08-15 08:39:55,4445,128,11,119.84,120.09,0.09,0
_H4lprZq8J0,UCBvKuSAkXERBnGSQOH0Sarw,2026-07-24 17:49:27,11962,99,2,119.93,120.18,0.07,0
_HKBCkUvX2I,UCwBkHOTyu57NQi0syf5MLig,2026-08-12 13:55:43,56109,571,81,119.83,120.08,0.08,0
_HUsy3Bl01w,UCGX5t-qAZjL4xl5xZ36Md5g,2026-08-09 10:00:18,3633,151,46,120.0,120.0,0.0,0
_HaPo0acT1I,UC783XWULPW-nDGv_0EYlB6Q,2026-07-15 12:50:17,49517,780,78,119.91,120.16,0.09,0
_He_q5LJPuk,UCPGl9DV2WUgaqGVXtVrhJWQ,2026-08-28 13:57:06,3,0,0,119.81,120.06,0.06,0
_HnBG1Jbv3E,UCaN1Qp37sHiCdQuSaXa3fVw,2026-08-12 06:54:38,2890,87,130,119.84,120.09,0.09,0
_HnT-GCXqxA,UCkphwoGMBs2_0raLOqu9aQw,2026-08-24 12:00:29,230,3,9,119.75,120.25,0.25,0
_HsBgrYbiXs,UCjOtzpfj5lF9erwTEQYkxtQ,2026-08-02 06:30:04,88322,4079,160,120.0,120.0,0.0,0
_HtlvOvXRCM,UCoH2pCzAr6zWDG-LtUiLWRw,2026-07-25 10:41:32,6034,96,4,119.81,120.06,0.06,0
_HzoxenmVdA,UC7gozbdUqpQOYN1og_d-J9g,2026-08-17 07:51:48,13516,893,122,119.89,120.14,0.11,0
_I27DQoc5LM,UCnDcpS7XLQ9KFPqULb9TH8g,2026-08-21 15:36:31,80675,924,90,119.9,120.15,0.1,0
_IVO30MfiXw,UCS2OAdHoLt-9T6cG9A2H49Q,2026-08-17 03:00:20,10023,118,53,120.0,120.0,0.0,0
_InW5Pkf2AQ,UCq0fwcojiA7ztN0FgTEgfXA,2026-07-19 00:14:59,83,2,0,120.0,120.0,0.0,0
_ItNJoLiNXA,UCPI40-XQA9-GBGj2k8PPqfg,2026-07-18 08:50:17,58765,1409,141,119.91,120.16,0.09,0
_IxsASdnsEc,UCdoTrHNHnoRbaQenxK5PEUg,2026-08-05 16:39:39,16,0,0,119.84,120.09,0.09,0
_J0oJrqNNAA,UCNu00qhYj4nPeMNdxuwV6sg,2026-08-03 10:49:39,1072,43,0,119.92,120.17,0.08,0
_J2pb5XVDMw,UCBmPfbqvGwTTfrV-H_UOfdw,2026-08-30 04:48:05,33328,1335,37,119.96,120.21,0.04,1
_JIP-RPfDYk,UCgeazIBHz3JS7ft7_nyj-0A,2026-08-28 08:00:06,80625,199,37,119.76,120.01,0.01,0
_JX670x2j6w,UCZ6mNZTiTUrUSbSYPlclI4A,2026-07-25 11:30:35,659,9,2,119.99,120.24,0.01,0
_JYsC-rhEbQ,UCDLDbittWhk2KXvaCT0YpZQ,2026-08-17 13:35:44,30674,855,41,119.91,120.16,0.09,0
_JrVYH3XHRI,UCV6mNrW8CrmWtcxWfQXy11g,2026-08-29 13:44:07,97789,629,10,119.78,120.03,0.03,0
_Js9Sgi8GJg,UCEg24oF81p-THPtp3otdmTA,2026-08-22 10:30:16,60377,1508,74,119.76,120.01,0.01,1
_JyDLLKf2yA,UCmXPCG7sSBwTjlMopTn78tg,2026-08-13 12:03:52,1386,8,3,119.94,120.19,0.06,1
_KAlWGjCcvM,UCzps05UZ7XpX3SFoFyYIDow,2026-07-24 04:48:35,24129,592,43,119.94,120.2,0.06,0
_KF3Q6XYGKw,UC46X_E7jxvJ1O_3gnaeCxeg,2026-08-05 00:27:52,204829,,4,119.79,120.04,0.04,0
_KQjExwtOzw,UCdK9h1ILxS49c2LguBUY3rw,2026-08-01 11:15:23,3,0,0,120.0,120.0,0.0,0
_KlmoOk6bo4,UCD8r5Jgns2V64-NcUmXclpg,2026-08-16 03:15:05,64433,321,34,120.0,120.0,0.0,0
_KunOTZ9hPM,UC_m_uqd_9s0hZvlgfvCzqbQ,2026-08-11 13:46:50,706,7,1,119.97,120.22,0.03,1
_KuyHEEfgUw,UCeRn_02zEifLqXxZkTpiXzA,2026-08-27 02:00:10,53488,199,83,119.76,120.01,0.01,0
_KwnHJ_wa-k,UCuwnt_REmD4YsCtFJRoqjFw,2026-08-12 10:59:04,41270,399,197,119.77,120.02,0.02,0
_L4-srilXeY,UCyZXLzORHoh9QMwA7IwS0pA,2026-07-10 13:56:50,446,7,1,119.81,120.06,0.06,0
_L5uo_LEuRk,UCdK9h1ILxS49c2LguBUY3rw,2026-08-30 11:30:22,7,2,0,119.76,120.01,0.01,0
_LQ4HwxP2Z4,UCI3DTtB-a3fJPjKtQ5kYHfA,2026-08-28 00:31:18,3584,7,0,119.99,120.24,0.01,0
_LQCHvoYTOE,UCJDXc9JWCZo-nLNKr_-L2Ng,2026-08-12 16:00:13,1420,74,2,120.0,120.0,0.0,0
_LWic48M-Zg,UCkavlo6q2XfO_MA9Q24wRvw,2026-08-06 00:41:48,74,0,0,119.81,120.06,0.06,0
_LYHkfkLB9Q,UCcum1rCJ5GJeQ_xv0xrohqg,2026-08-18 04:00:22,86965,3993,235,120.0,120.0,0.0,1
_LZhNYTRrgA,UCzps05UZ7XpX3SFoFyYIDow,2026-07-29 16:40:38,24367,82,167,119.83,120.08,0.08,0
_Lmqjjvg86A,UCV7WE8I_UiAN0fa6Arezx_w,2026-08-28 12:00:04,113,1,0,119.76,120.01,0.01,0
_LpWKfRB0YQ,UCFHUplScMiWTjJrtv4hxWmg,2026-08-17 10:36:09,51076,418,64,119.9,120.15,0.1,0
_LvhGi2hoJc,UC_m_uqd_9s0hZvlgfvCzqbQ,2026-08-15 14:26:43,995,39,0,119.81,120.06,0.06,0
_M4oKGGXdzY,UCU_2hkpWvqpRb3VfTwbK9Ag,2026-08-15 05:30:26,23,1,0,120.0,120.0,0.0,0
_M9Krenilg0,UCeiQKedLZob9Cb797XfsrRw,2026-08-20 04:28:03,136619,1800,122,119.79,120.04,0.04,0
_MCr-9Lwx7I,UCws1FXlgdkXB-3FKN_lqgiw,2026-08-29 08:14:23,1502,20,3,119.78,120.03,0.03,1
_MHO2xY2gac,UC_Xb6sEXAdNv9nHU4988vmg,2026-07-29 10:00:26,37371,,1,120.0,120.0,0.0,1
_MN3rgMqrr8,UC3pTpoDKt17IrCDH60kSNPA,2026-07-31 02:27:57,527,14,2,119.79,120.04,0.04,1
_Ma2N_zKwFs,UCAaLhok91QDrweyuDRsmjqQ,2026-07-19 09:57:47,479444,5760,109,119.79,120.04,0.04,1
_Mc-zQ6nOoI,UCUt2AEhC-OOC2EPCzj4DkCw,2026-08-06 23:00:02,46197,609,12,120.0,120.0,0.0,1
_MhIW55L8rs,UC7SIaeUWuuIrWTIOBpayDVQ,2026-08-16 01:23:23,12349,181,49,119.86,120.11,0.11,0
buVVhaw0sd8,UCL_IvtOZo6sONpiydbzzHpA,2026-08-27 09:46:24,62203,516,75,119.99,120.24,0.01,0
buf0zjAow6Y,UCpcTrCXblq78GZrTUTLWeBw,2026-07-14 19:00:16,511366,8919,941,120.0,120.0,0.0,0
buiwgN9EMoI,UCd9oeoY-jLSkhd-J5y_1aYg,2026-08-21 16:04:55,773,8,1,119.93,120.18,0.07,0
buo5IMZ9mdU,UC5RxNUZ9_c94ZEfJGnJZmTw,2026-07-25 11:30:33,1372,37,0,119.99,120.24,0.01,0
buo8zxwrtNc,UCJVhcdElryFktJmFHaad9jg,2026-08-04 09:58:10,347,3,4,119.78,120.03,0.03,0
butEQjaQqSE,UCab17MxxnFtAhGsJVTkSkCg,2026-08-07 16:52:07,274,8,0,119.88,120.13,0.12,0
bv24EUz6u9Y,UCkavlo6q2XfO_MA9Q24wRvw,2026-08-22 06:31:46,1843,6,2,119.98,120.23,0.02,0
bv89h8l6Rq4,UCAl4HWznMn7KhKBRFO5eiFA,2026-08-20 10:59:26,4958,46,0,119.76,120.01,0.01,1
bvDEYDBaLs8,UCIKORyfTZ0cN-u0hrxHcgUw,2026-07-29 22:55:33,27,1,0,119.83,120.08,0.08,0
bvMyI10h3RA,UCIXQkaLrM7_t87SEM_pmHpA,2026-08-10 00:19:16,2506,17,11,119.93,120.18,0.07,0
bvXZzl84Cgo,UCHYMpkGhNIr8A0m2H3lIjUA,2026-08-26 13:00:23,55082,225,102,119.75,120.01,0.01,0
bvgOHpAfLpk,UCgLFbrC7-g0ihBKB0obVPTg,2026-07-22 16:01:22,0,0,0,119.98,120.23,0.02,0
bvobDKnkJko,UC9jOsXFn3RwXEW3qUyySjAQ,2026-08-23 00:42:16,711,11,0,119.81,120.06,0.06,0
bvq-z4caRlk,UCaHIZAKows704_gk6bjdAog,2026-08-05 09:15:33,40780,530,199,119.99,120.24,0.01,0
bvxmD4TdQaI,UC78d2aaqdrt02RfmtRLmlAw,2026-08-11 16:00:36,22275,460,80,119.99,120.24,0.01,0
bwGQSJHlomA,UCFrKhWvZ8oeJQTNP5ZabgJw,2026-08-23 01:00:19,192725,1985,100,119.76,120.01,0.01,1
bwKEkdsWk5g,UCoqMTw0yGmjIjNayukuOg5Q,2026-08-18 10:00:24,32842,177,15,120.0,120.0,0.0,0
bwLN3unJS-g,UCDbOXmGL7EkmOcnUb5Kki4A,2026-08-06 17:18:54,14283,214,98,119.94,120.19,0.06,0
bwMxjavcSok,UC9bicYGdrx2YllCCg5H81Cw,2026-08-06 09:00:38,21705,637,40,119.99,120.24,0.01,0
bwNRwTyGPp4,UC2U8C7lmbQpfBeAW8fTP_jg,2026-07-30 07:01:25,1450,69,6,119.98,120.23,0.02,0
bwcb-upL3bY,UCei_ecYpQqFjYhjLaDPr2Lw,2026-08-09 03:01:17,41,4,0,119.98,120.23,0.02,0
bwg3rdSbKvE,UCb5NLtXAsTBrmaZVhyFa-Wg,2026-07-29 08:25:19,100402,1434,531,119.83,120.08,0.08,0
bwm-Y3oIJks,UCO8ToDSM2Gvt3EZdOdosxTw,2026-08-02 09:00:08,26152,428,40,120.0,120.0,0.0,1
bwpspizM7Ic,UCg80LjrsnWo0T3T3uYCPhrQ,2026-08-07 09:00:36,6089,120,112,119.99,120.24,0.01,0
bwqiLfgzvAA,UCroIk85IFzp6OZzKoJFDKuA,2026-07-31 21:31:38,1397,5,0,119.98,120.23,0.02,0
bwuAkD6wbjs,UC46X_E7jxvJ1O_3gnaeCxeg,2026-07-31 01:45:38,95207,665,94,119.99,120.24,0.01,0
bx-ciHvooDQ,UCKUUL3fMVvYVZdGkKhhjP0A,2026-07-23 08:39:25,124759,2220,42,119.85,120.1,0.1,1
bx6OiGyatRA,UC_e83kYlGHWbsrr8QCfV_ag,2026-07-22 13:37:56,1435,0,0,119.87,120.12,0.12,0
bxADT4UbPL8,UCePo3etp2PDhGSvdKwz2fwQ,2026-08-25 11:00:05,1226,2,1,119.76,120.01,0.01,1
bxCh4OwshR4,UC5ScPjbt-a97AJO7SBj6nAg,2026-08-06 08:30:24,126503,3317,589,120.0,120.0,0.0,0
bxKRkFDSMbc,UCV6mNrW8CrmWtcxWfQXy11g,2026-08-28 17:30:21,376615,10606,1703,119.76,120.01,0.01,1
bxO8aM4KsFk,UCp6n8d8Y8r3MwKNw_MMaouQ,2026-08-19 11:36:51,2742,136,7,119.9,120.15,0.1,1
bxTz71ZAygM,UCpTNtH8yc1Kdl_YFfsQsTYA,2026-08-08 06:46:45,16539,43,0,119.97,120.22,0.03,0
bxYDMAKkMsY,UCOaUTqrtz1yBBiwziVJEAmQ,2026-08-25 03:00:09,5864,168,13,119.76,120.01,0.01,0
bxqc5rB1So0,UC72PuhDwKtZ5MikpGNhPAtA,2026-08-29 06:24:07,1423002,38067,2713,119.86,120.11,0.11,0
bxu6t4R_tmI,UCPsZX-D7LW99PjZLA-UysPQ,2026-08-27 00:00:16,4041,15,17,119.76,120.01,0.01,0
bxwAYLyIKv4,UCkavlo6q2XfO_MA9Q24wRvw,2026-08-07 02:51:14,61,1,0,119.9,120.15,0.1,0
by-mnCrI6yY,UCfq-5-0b5Lzj7cKCrp6-flA,2026-08-03 08:00:26,56419,1104,124,120.0,120.0,0.0,1
by5A6LinwSQ,UCwlUB3goOsh4tpqZKIzUAbA,2026-08-28 12:57:09,69443,558,434,119.81,120.06,0.06,0
byNTmTmGBG4,UCI3DTtB-a3fJPjKtQ5kYHfA,2026-08-31 14:45:21,68777,694,33,119.76,120.01,0.01,0
byRnHw2_mjQ,UCZPfs7xIjGmOGs9kvgGhUKQ,2026-08-16 09:40:44,226,3,0,119.82,120.07,0.07,0
bySJyYB7zec,UCNRnCc0hg3ZcKdOGXKKv5Ww,2026-08-22 03:15:39,25725,253,60,120.0,120.0,0.0,1
bylFIOXIlJ8,UCab17MxxnFtAhGsJVTkSkCg,2026-08-25 13:30:00,4810,46,1,119.76,120.01,0.01,0
bz7ildvtHAg,UCZ8QkhF9gSHi8IL8I4rFrOA,2026-08-04 13:15:29,2140,19,5,119.99,120.24,0.01,0
bzKntKp8lDM,UC8chC5rneP-LHm43q-jF3oQ,2026-07-16 08:56:33,952125,10752,265,119.81,120.06,0.06,1
bzcwd7P8UGc,UCZ-UuK86Bk5sGzQQ2cEglJQ,2026-07-12 10:30:35,190938,1935,101,119.99,120.24,0.01,0
bzlEhvT8zWk,UCO94iFhOhtdGb4Ze5DUAtbw,2026-08-12 07:00:31,2928,67,34,119.99,120.24,0.01,0
bzsezpXNlas,UC6fx3aU3i3C51oXwXm8idTQ,2026-08-13 13:53:56,0,0,0,119.85,120.1,0.1,0
bzxCdWXMnKM,UCPuD5ZRQWa_JCaY5NokNhtg,2026-07-27 16:12:15,1428,16,6,119.8,120.05,0.05,0
c-4eiq5GJRg,UCV7WE8I_UiAN0fa6Arezx_w,2026-08-18 18:00:33,23,1,0,120.0,120.0,0.0,0
c-BgKiC6p4k,UCt8CJiye87FMbEwt0npPMuQ,2026-07-16 18:09:53,2849,79,4,119.84,120.09,0.09,1
c-HctfOC8rk,UC8FErYSi74YwGUAoTpjvgzQ,2026-07-29 13:20:51,13001,288,24,119.9,120.15,0.1,1
c-NA27E1elY,UCCMQyaKDjQJY79VimTdaYYQ,2026-07-15 01:34:38,386036,2189,2219,119.92,120.17,0.08,0
c-TAvWA2cLQ,UCG3uX-OwJ82T3L3EhC3GPXA,2026-07-13 02:00:06,8581,366,49,120.0,120.0,0.0,0
c-VE57jd-vU,UC2yOBpLVwB7kzt9C5ZPbB7w,2026-07-22 06:30:36,94590,1212,56,119.99,120.24,0.01,1
c-XirOvlfHI,UCN8L7Z-dyzu9FzT39RM0fvw,2026-08-01 02:16:20,12511,145,50,119.98,120.23,0.02,0
c-eSCnSMrvg,UCp6n8d8Y8r3MwKNw_MMaouQ,2026-07-30 17:48:23,17249,516,8,119.95,120.2,0.05,1
c-hhMVaky34,UCgLFbrC7-g0ihBKB0obVPTg,2026-07-22 15:48:37,15,0,0,119.94,120.19,0.06,0
c-rvtib-hls,UCAVR6Q0YgYa8xwz8rdg9Mrg,2026-08-21 04:00:37,73100,3326,135,120.0,120.0,0.0,0
c-t1fBYJcF0,UCrGNa63AQ-rcINIoE_UqdxA,2026-08-11 18:32:04,51,2,0,119.97,120.22,0.03,0
c-uPhcYc91g,UCV7WE8I_UiAN0fa6Arezx_w,2026-08-07 12:00:14,32,0,0,120.0,120.0,0.0,0
c04aFIiQluE,UCd6CX2LiQE2dEAPXwk2N0jg,2026-08-06 13:45:18,65813,815,168,120.0,120.0,0.0,0
c07aQB8G_Kk,UCEcRvF_6IRSux8FO-ogFZug,2026-07-30 08:00:10,18481,959,11,120.0,120.0,0.0,1
c0EH-L0ep9o,UCFrKhWvZ8oeJQTNP5ZabgJw,2026-08-24 12:00:36,502863,7823,432,119.75,120.25,0.25,1
c0Pts0y1UGA,UC6YqXiwCBfPvPTs3wXgWElQ,2026-08-03 09:57:21,0,0,0,119.8,120.05,0.05,0
c0Wcca_5APQ,UCFVRXOqBeh8ynDdYWztewXg,2026-07-28 10:00:40,5321,107,20,119.99,120.24,0.01,0
c0gg-JQHX1Y,UCWZqSCSNZT3X8e_HyCJoXMg,2026-08-01 01:47:26,18249,1411,18,119.96,120.21,0.04,0
c0uBvjvH6MU,UC3DYSay178fMMPaf3zHwECA,2026-08-30 04:15:06,33305,465,63,119.76,120.01,0.01,0
c0uvl6rD7nM,UC8IxyKkhu4YUYK_c76AdcDw,2026-08-20 16:22:22,2293,7,2,119.88,120.13,0.12,0
c10ICSxr3sI,UCQfISxq5legTqOt1h1us6lg,2026-07-29 17:30:54,6067,15,0,119.99,120.24,0.01,0
c1OHYL6FDgs,UCBtJuwDt6LlXp2YASC-ZMdA,2026-08-18 11:00:34,975,5,0,120.0,120.0,0.0,0
c1jwcODCDjU,UClHGjnruf4A9Us7CHVgLIEQ,2026-08-27 08:49:24,2261,12,0,119.94,120.19,0.06,1
c1koSCBaMhM,UCgjaQlejpAnIu0q-xtVfTEw,2026-08-02 00:00:24,15327,263,31,120.0,120.0,0.0,0
c1sgN7ZysuM,UCqIwPYLfMd3EoWYwvyTjPnA,2026-08-06 09:00:04,24769,168,10,120.0,120.0,0.0,0
c2DkEptJiCM,UCAl4HWznMn7KhKBRFO5eiFA,2026-08-19 09:00:36,1551,27,3,120.0,120.0,0.0,0
c2RjOuPlGR0,UC9vz3TBChrJmYbzUo-rqfSg,2026-08-16 03:20:01,46633,395,192,119.92,120.17,0.08,0
c2YH-y8Kr7g,UCbeQg95cAxVRsxxh6FyilxA,2026-07-21 10:59:58,14253,50,11,120.0,120.0,0.0,0
c2brdUjnvYI,UCKVt3arMXfa6XZezR1UnjqQ,2026-08-14 03:00:12,3956,14,3,120.0,120.0,0.0,0
c2tDbzxhNc0,UCSzHok6X5qXEO7cjvVnE62g,2026-07-17 08:00:03,37496,246,38,120.0,120.0,0.0,0
c3QdrFHgxTU,UCw1DsweY9b2AKGjV4kGJP1A,2026-08-21 08:02:03,39702,182,31,119.98,120.23,0.02,0
c3WsG1EJMoY,UCnkytUgy0CtWd06up9CjNxg,2026-08-31 15:00:13,371886,2256,423,119.76,120.01,0.01,0
TQIYl_hBzw4,UCXu_CcxBZA5S_iG33OzA9PQ,2026-08-10 09:13:14,546,11,0,119.78,120.03,0.03,0
TQMIhQ7hB2c,UCfcfymsN3OMo2cfmbpGTanw,2026-08-29 08:00:33,77476,154,48,120.0,120.0,0.0,0
TQTpIDDhpCs,UCp6n8d8Y8r3MwKNw_MMaouQ,2026-07-22 12:39:43,25483,1308,17,119.84,120.09,0.09,0
TQ_cVMoyX3Y,UC24GgPBq5W3v34z0p0uk1Ow,2026-08-19 14:42:11,337,2,0,119.81,120.06,0.06,0
TQe9EgTaMSg,UCPuD5ZRQWa_JCaY5NokNhtg,2026-07-25 15:11:58,572,8,7,119.8,120.05,0.05,0
TQkDAiay32I,UCbFzvzDu17eDZ3RIeaLRswQ,2026-08-31 02:24:10,465934,3331,538,119.86,120.11,0.11,0
TR-Zo4jiZvA,UC4oe-OVZ2Ho-03yrMkrXomQ,2026-08-26 07:00:05,185372,3926,70,119.76,120.01,0.01,1
TR4cB4MnM7Y,UC_E_qYfGKM3C0kqrp1p8z7Q,2026-07-26 15:00:16,110,6,0,120.0,120.0,0.0,0
TR7bzao34iY,UCTNyl3P7q6PNhPddh6d7WJQ,2026-07-14 23:08:16,11,1,0,119.86,120.11,0.11,0
TRFBJnoRgY4,UCBvKuSAkXERBnGSQOH0Sarw,2026-08-31 17:36:05,11244,76,0,119.91,120.16,0.09,0
TRGgqFnfF40,UCzps05UZ7XpX3SFoFyYIDow,2026-08-02 05:00:04,14060,160,112,120.0,120.0,0.0,0
TRISddJroiw,UC0-ZCUCeCQBwKU15x0Aqk_g,2026-08-28 09:00:24,41545,467,64,120.0,120.0,0.0,0
TRSBnsXcAJ8,UCXb8sP7slkJyunTEAsP-CiQ,2026-07-30 02:39:05,6348,326,66,119.85,120.1,0.1,0
TRj7pdVzEwo,UCC1veMJY2wElX0lpYOoNB1Q,2026-07-27 02:09:56,20336,157,23,119.84,120.09,0.09,0
TRjBo6eJVvU,UCAJ-meoCh1TrPZ7La3UpPrw,2026-08-06 08:40:37,80799,1463,254,119.83,120.08,0.08,0
TRn3rnhxY9U,UCpX86JOUhnrzG7MK8e8Gjbw,2026-08-01 04:36:57,36917,209,250,119.89,120.14,0.11,0
TRx1Ylh4u7Y,UCXAXCxTCCYYKsLJNzEvjqfw,2026-07-17 13:40:01,23133,337,153,119.84,120.09,0.09,0
TRz5eg26Ak0,UC7SIaeUWuuIrWTIOBpayDVQ,2026-08-28 02:17:30,92012,688,200,119.97,120.22,0.03,0
TSE2JeHzuYs,UChI9sq2ifMFu5L8iJ582F_A,2026-08-16 08:06:08,9,0,0,119.9,120.15,0.1,0
TSKs_Cjh8pg,UCl402YYy7RcH7PBI3npmGPQ,2026-08-20 10:15:35,200531,960,112,120.0,120.0,0.0,0
TSLREvcudrk,UCqlcSsDNMYxEsem7bWY-66Q,2026-08-15 09:04:39,13576,321,19,119.93,120.18,0.07,0
TSMnOwj9KAc,UCPGl9DV2WUgaqGVXtVrhJWQ,2026-08-23 15:00:29,2,0,0,120.0,120.0,0.0,0
TS_lBUhDWE0,UCN5oT4zGJX-_H6pE5isAEeg,2026-07-26 12:00:24,331689,4402,208,120.0,120.0,0.0,1
TSbtBzkzKQg,UCdb5lyq0tWbY3jqH35SufmA,2026-08-09 12:49:35,2480,13,8,119.93,120.18,0.07,0
TSdxfn9Rx8A,UCby0vMKcLR05ZdS90aZd5og,2026-08-07 02:43:29,7639,7,0,119.78,120.03,0.03,1
TSvfHtT08aQ,UCd9oeoY-jLSkhd-J5y_1aYg,2026-08-06 15:44:30,378,1,0,119.76,120.01,0.01,0
TSxdlOK5WCE,UC72PuhDwKtZ5MikpGNhPAtA,2026-07-29 20:00:27,185579,7550,1007,120.0,120.0,0.0,0
TT9f9sgH7OM,UCQhIdo5nRQY9DB3uo7vawtw,2026-07-27 16:11:30,1533,70,23,119.81,120.06,0.06,0
TTRqkizDZpI,UCDYAog4sNhwQ5pXtAZiT0Og,2026-07-13 12:30:24,32867,132,33,119.99,120.24,0.01,0
TT_s0m6frF0,UC5RxNUZ9_c94ZEfJGnJZmTw,2026-08-05 12:00:15,1709,90,24,120.0,120.0,0.0,0
TTaDVsZlGak,UCGa52d8Qlv3THghuCAt_nXA,2026-08-21 08:30:03,77822,338,17,119.76,120.01,0.01,1
TTe4euLuBNc,UCwBkHOTyu57NQi0syf5MLig,2026-08-15 11:00:13,398618,2161,122,120.0,120.0,0.0,1
TTwCoFTSZJ8,UC2NFRq9s2neD_Ml0tPhNC2Q,2026-08-10 02:30:01,137788,2717,77,120.0,120.0,0.0,1
TUNbylEwBYA,UCTDBdmaY4m3ipZaLiYA6FWg,2026-08-30 03:42:26,11362,97,23,119.81,120.06,0.06,1
TUPZx80x4Yg,UCFiHjGyrJux8Rt4e6mUPU-w,2026-08-20 17:00:16,3276,113,32,119.75,120.01,0.01,0
TURmH-pc7bI,UCw1DsweY9b2AKGjV4kGJP1A,2026-08-09 10:00:32,14724,66,27,119.99,120.24,0.01,0
TUf8HRv1cQ4,UCrR_fhiJjoW8OJFzUcmlMMA,2026-07-10 10:00:02,16524,127,20,118.77,122.62,1.23,0
TUtbNdk2eXM,UCw-JzmPsjRcbzJLncr4pIIA,2026-07-31 12:45:13,181025,2576,213,120.0,120.0,0.0,0
TV22d8wi4IE,UCksGX0hODm1Ev6mysrToMqg,2026-08-28 03:00:03,17411,136,13,119.76,120.01,0.01,0
TV4ihtfk_lQ,UCp8jCam8r3SU3A2sxksHaag,2026-07-17 20:36:57,16,0,0,119.89,120.14,0.11,0
TVBcJeIuIVk,UCnCH3Uhv_ynhTNKEH6ekRtg,2026-07-13 05:43:29,8793,135,13,119.78,120.03,0.03,0
TVUl2s10fJY,UCZ-UuK86Bk5sGzQQ2cEglJQ,2026-08-07 10:30:09,159944,1836,90,120.0,120.0,0.0,0
TVWQPc6TcCQ,UCabScupufwcOzAdcVXZrmlg,2026-08-12 11:55:41,17537,414,73,119.82,120.07,0.07,0
TVfqqBbVHnI,UCZ6mNZTiTUrUSbSYPlclI4A,2026-08-17 09:45:33,10899,336,20,119.99,120.24,0.01,1
TVinnIU4U4U,UCQhIdo5nRQY9DB3uo7vawtw,2026-08-05 15:18:41,2213,47,17,119.94,120.19,0.06,0
TVsXd26kw7k,UCgLFbrC7-g0ihBKB0obVPTg,2026-07-22 15:57:16,0,0,0,119.8,120.05,0.05,0
TVxRZx3dPao,UC_e83kYlGHWbsrr8QCfV_ag,2026-08-26 12:16:07,25395,166,61,119.99,120.24,0.01,0
TW-F_yUr4jM,UCybn_0S0Ec6Il1ZhiQM1Vww,2026-07-29 03:00:40,49803,217,266,119.99,120.24,0.01,0
TW2GdBWovQA,UCPGl9DV2WUgaqGVXtVrhJWQ,2026-08-17 01:32:19,16,0,0,119.96,120.21,0.04,0
TW9qtZzJ7Zc,UC-Ni_a4hVmmOwnZ4alPzoTQ,2026-07-28 09:15:15,1186,17,1,120.0,120.0,0.0,1
TWCLQoHdQoQ,UClvMduw1MDMQ0PuH753-XSA,2026-08-17 23:58:48,3204,90,2,119.77,120.02,0.02,0
TWH0TsqD-Xo,UCJDXc9JWCZo-nLNKr_-L2Ng,2026-08-25 18:00:25,3414,104,4,120.0,120.0,0.0,0
TWLnMjsufIQ,UCTK7GGeH0c9INAEnV2EfD0Q,2026-08-14 10:00:18,11620,828,10,120.0,120.0,0.0,0
TWRTb-La5AE,UCEebX3m88Arwc91LPmEmTYQ,2026-07-25 18:51:19,71493,6657,141,119.9,120.15,0.1,0
TWy8Y0oD8JI,UCcum1rCJ5GJeQ_xv0xrohqg,2026-08-04 10:00:22,30599,1093,42,120.0,120.0,0.0,1
TXLGbEABupk,UCPGl9DV2WUgaqGVXtVrhJWQ,2026-07-20 11:51:07,163,0,0,119.9,120.15,0.1,0
TXYEP6VIXU0,UC1Ns07Rw0lQK-KuaPHfRRTw,2026-08-02 04:04:51,0,0,0,119.92,120.17,0.08,0
TXn3_Ni8DrU,UCCdcpCa4yiDcCPhFErd7TXA,2026-07-21 06:30:34,106761,2245,14,119.99,120.24,0.01,1
TY6jkXWIwf4,UCqPN9LAkx20aBWOafwvQB-Q,2026-08-16 23:00:19,177809,6743,553,120.0,120.0,0.0,0
TYGdzsNtcMU,UCp6n8d8Y8r3MwKNw_MMaouQ,2026-08-19 14:11:48,2920,98,5,119.81,120.06,0.06,0
TYIz32V9LYs,UCV7WE8I_UiAN0fa6Arezx_w,2026-08-24 19:00:08,25,0,0,119.76,120.01,0.01,0
TYVsGQYasos,UCpTNtH8yc1Kdl_YFfsQsTYA,2026-08-22 01:40:42,29602,54,0,119.83,120.08,0.08,0
TYd-y0ak_4w,UCl-VnCUwSxDr5zPu-YlDUYw,2026-07-15 08:00:00,29356,676,42,120.0,120.0,0.0,1
TYeiBgEQI5o,UCBtJuwDt6LlXp2YASC-ZMdA,2026-08-31 09:00:12,980,2,0,119.76,120.01,0.01,1
TZHjTvDTPr0,UCQuY08EEKLFOp0D37Sfpd0A,2026-08-09 10:44:47,240,6,1,119.76,120.01,0.01,0
TZJd3_7pE1k,UCV6mNrW8CrmWtcxWfQXy11g,2026-08-25 11:23:00,72351,1975,261,119.88,120.13,0.12,0
TZVIT-afqGU,UCkavlo6q2XfO_MA9Q24wRvw,2026-08-23 05:19:34,3588,9,2,119.94,120.19,0.06,0
TZXcwkunvBU,UCTUnpbuKoOODvhLhCO_kO_A,2026-08-13 06:00:22,2271,6,1,120.0,120.0,0.0,1
TZeHBGsBURM,UCtVBI7YLJyDvrx7iWAukx_Q,2026-08-23 04:00:06,18169,305,73,119.76,120.01,0.01,0
TZhCL_rLxF4,UCrY2B2XX41ReYh9DIWrFfCg,2026-07-18 12:03:37,17082,,43,119.94,120.19,0.06,1
TZmycvZG1WE,UCvUKUkIM67eWFbQemjj2-eA,2026-07-14 13:48:24,25552,637,46,119.95,120.19,0.05,0
TZng3T96-gw,UCPI40-XQA9-GBGj2k8PPqfg,2026-07-22 08:50:17,113133,1442,151,119.91,120.16,0.09,0
TZzbofzHrec,UCqPN9LAkx20aBWOafwvQB-Q,2026-08-29 23:00:11,183469,3731,282,119.76,120.02,0.02,0
T_QDgaDH7H4,UCOLDn9gw0yegXRgjoi5MzNQ,2026-08-19 00:52:53,0,0,0,119.88,120.13,0.12,0
T_QE4IjPQZc,UCcsC1X0SyiWcxBTbnjoZ9Ag,2026-08-05 09:00:24,967,31,7,120.0,120.0,0.0,0
T_Rsw7PNvCE,UCi1Tln5CFg1yExpz8djyxjA,2026-08-13 21:49:50,229289,13506,124,119.92,120.17,0.08,1
T_XXOkl50Cs,UCeAsj1O73pcqd-xQ4AZbJeQ,2026-08-14 11:58:14,1072,5,8,119.78,120.03,0.03,0
T_tKFOSAZVQ,UCOTJtP0Z9DjpPU43B5m1V6A,2026-08-02 02:36:31,88765,948,136,119.9,120.14,0.1,0
Ta7WKOe2KDw,UCV7WE8I_UiAN0fa6Arezx_w,2026-07-22 03:00:05,86,0,0,120.0,120.0,0.0,0
TaW0KTP9LcY,UCvAetSOU_4lyjM5hVMNzN0Q,2026-07-26 07:56:45,14547,181,45,119.81,120.06,0.06,0
TaYWQxmbO5s,UC7Fh4LtlazaQnzT84qCzl6A,2026-07-22 04:00:30,129407,1549,16,120.0,120.0,0.0,1
Xq_k_F0ZB3s,UCJA6MZLzTeljmGNFaugdoWQ,2026-08-31 01:00:38,1098,4,1,120.0,120.0,0.0,1
Xqcp-G4Cm2E,UCp6n8d8Y8r3MwKNw_MMaouQ,2026-08-15 15:30:33,11639,246,2,120.0,120.0,0.0,1
Xr1WGyjQiWE,UCTUnpbuKoOODvhLhCO_kO_A,2026-08-18 08:00:32,2403,28,12,120.0,120.0,0.0,0
XrE80tyo4MI,UCI3DTtB-a3fJPjKtQ5kYHfA,2026-08-28 01:23:12,3853,10,0,119.88,120.13,0.12,0
XrakfDIO92Y,UCnkytUgy0CtWd06up9CjNxg,2026-08-06 15:00:06,241297,3113,479,120.0,120.0,0.0,0
Xrbok38SnSE,UC-yb5eNBQyXBE9nZnht9u-g,2026-08-09 12:47:40,16788,387,9,119.96,120.21,0.04,1
XrfZ-Rsoc3c,UCby0vMKcLR05ZdS90aZd5og,2026-08-28 06:14:49,2975,3,0,119.77,120.02,0.02,1
XrjA3vFNKPA,UCc1VJX_5Z2RdGi58XU4IfbA,2026-08-08 13:58:15,52328,297,1,119.78,120.03,0.03,0
XrlBUTujcXY,UC-FiQR2gg8oiNw98ZdsSX6Q,2026-08-13 10:00:06,891,5,0,120.0,120.0,0.0,0
XroX2od7QFY,UCXQoI3upwKr47JAiVaYkvIw,2026-08-31 05:57:55,33329,118,13,119.8,120.05,0.05,0
XrtqBIzpvo4,UCv1tOT645xHOJrwdGlzjMaA,2026-08-12 10:28:01,51145,385,4,119.79,120.04,0.04,1
XsW3moYSyiA,UCZ-UuK86Bk5sGzQQ2cEglJQ,2026-07-14 08:26:19,90516,1323,15,119.81,120.06,0.06,0
XsYf1QRr8D0,UCfIUuMA7U_jImP7oWfTe4Pw,2026-08-28 06:01:44,953480,4314,244,119.98,120.24,0.02,0
XsctoXaV-Wo,UChKYbZ9fSz8DMM6wU-t1lMQ,2026-08-25 11:20:36,9653,306,11,119.92,120.17,0.08,0
XsfgjEydeJg,UCt8CJiye87FMbEwt0npPMuQ,2026-08-18 12:30:14,6674,326,51,119.76,120.01,0.01,0
Xso29pTa550,UC3RUc7q8XLdPQtG16A9ad6A,2026-07-24 11:04:54,7,0,0,119.92,120.17,0.08,0
XswEIWG3M-0,UCV6mNrW8CrmWtcxWfQXy11g,2026-08-27 02:55:44,42203,658,4,119.83,120.08,0.08,0
XswJ2bJVRKE,UCDBAVzfX3yZ1hah0FHnOoaA,2026-08-30 13:01:21,813580,1946,340,119.99,120.24,0.01,0
Xt4FPXgVOsg,UCFQWqbfZ-iEG3K_DRgHwnCw,2026-07-27 00:09:33,23,1,,119.84,120.09,0.09,0
Xt4l3vnTyDE,UCV7WE8I_UiAN0fa6Arezx_w,2026-07-14 12:00:04,58,1,0,120.0,120.0,0.0,0
XtBPhGGGh3Y,UCI3DTtB-a3fJPjKtQ5kYHfA,2026-08-01 02:00:26,4967,70,6,119.99,120.25,0.01,0
XtLE5uvNSXc,UCPuD5ZRQWa_JCaY5NokNhtg,2026-08-24 08:44:11,343,6,4,119.77,120.02,0.02,0
XtLRNUoa6Fw,UCa4clnMsHg6uJPpxKbxCEmA,2026-07-24 07:00:10,33844,450,19,120.0,120.0,0.0,1
XtT8Rdzf8_c,UC5bjQxLK_3XVzIOTQ04sYeg,2026-07-29 14:05:49,766,10,0,119.91,120.16,0.09,0
XtWyFQqem8A,UCz5UFGucIyJGH0nf_8d0ghA,2026-08-26 23:26:45,2775,25,6,119.82,120.07,0.07,0
XtjrFlFUTxc,UCw-JzmPsjRcbzJLncr4pIIA,2026-08-16 12:30:00,242289,3224,362,120.0,120.0,0.0,0
XtyTn0NIN3s,UCV7WE8I_UiAN0fa6Arezx_w,2026-08-25 09:00:19,21,0,0,119.76,120.01,0.01,0
Xu4BIZU6KfQ,UCnkytUgy0CtWd06up9CjNxg,2026-07-27 11:00:13,182605,4258,113,120.0,120.0,0.0,0
Xu8ATqiD47E,UCXS55IczImEf64aU16NzKlg,2026-08-15 01:00:34,815,3,2,119.99,120.24,0.01,1
XuAYljgPloc,UCL2ZLyAV0H9Pvi46W7TGdHQ,2026-07-19 08:59:20,39569,260,75,119.76,120.01,0.01,0
XuY2ALFzNvI,UCd9oeoY-jLSkhd-J5y_1aYg,2026-07-11 13:22:26,821,8,0,119.88,120.13,0.12,0
XudUrdDQX9w,UCuCmLrNT5MbpqfrSSKHqTug,2026-08-15 07:08:00,11794,155,23,119.87,120.12,0.12,0
XutfuxA_bEs,UCAl4HWznMn7KhKBRFO5eiFA,2026-08-09 13:04:12,4381,27,3,119.93,120.18,0.07,1
XvGlR7kut74,UCbFzvzDu17eDZ3RIeaLRswQ,2026-08-23 10:00:04,163148,1470,70,119.76,120.01,0.01,1
XvXS4tSZcQk,UCBS4sjbGJIcclT-Y6i_Jzkg,2026-08-22 22:00:26,25207,603,5,120.0,120.0,0.0,1
XvY-rbRERz0,UCAl4HWznMn7KhKBRFO5eiFA,2026-08-22 12:41:46,13030,94,5,119.81,120.07,0.07,1
XvtD6TLLi2A,UCw1DsweY9b2AKGjV4kGJP1A,2026-07-31 07:30:37,280187,678,53,119.99,120.24,0.01,1
Xvvl8nyco4o,UCaMV-CjrWYh2Aefg_8iLwJQ,2026-08-21 04:00:10,1010417,8948,281,119.76,120.01,0.01,1
Xw4ZUQ09RoI,UCV6mNrW8CrmWtcxWfQXy11g,2026-08-25 22:00:34,148038,4806,32,120.0,120.0,0.0,1
XwKLwUCGXsE,UCv1tOT645xHOJrwdGlzjMaA,2026-08-27 04:01:31,15686,157,5,119.99,120.24,0.01,0
XwKyeUshgJU,UCVZ0SJNurJAv-6hV5VEGB2A,2026-08-09 02:00:39,118309,1211,260,119.99,120.24,0.01,0
XwXHZoMMdGs,UCtVBI7YLJyDvrx7iWAukx_Q,2026-08-26 06:00:02,177799,3921,181,119.76,120.01,0.01,0
XwXQYIcCEZU,UCeiQKedLZob9Cb797XfsrRw,2026-07-16 18:36:19,28937,485,214,119.9,120.15,0.1,0
XwYGHoDFvcM,UC9jOsXFn3RwXEW3qUyySjAQ,2026-07-19 00:50:16,876,21,0,119.91,120.16,0.09,0
XwldjD68lRo,UCmiTZyj9GwMjyznZxrgCH4Q,2026-08-23 01:30:58,33142,772,52,120.0,120.0,0.0,0
XwxSeT3Awmc,UCt8CJiye87FMbEwt0npPMuQ,2026-08-04 14:15:22,1681,69,5,120.0,120.0,0.0,0
Xx1_eYaV_WU,UC6oq8RPEH1BmtyldQgXVbJw,2026-08-14 10:54:09,16212,248,57,119.85,120.1,0.1,0
XxSFOEdJ72Q,UCV6mNrW8CrmWtcxWfQXy11g,2026-08-08 14:00:09,86039,4117,90,120.0,120.0,0.0,0
XxuOr1X7DF8,UCMo4MnhHhSDkiUIXS6dytTQ,2026-07-20 08:24:19,17780,777,84,119.85,120.1,0.1,0
XxwO2Ec2yT0,UCV7WE8I_UiAN0fa6Arezx_w,2026-07-18 17:00:09,72,1,0,120.0,120.0,0.0,0
Xy7tK-Uc6NY,UCPGl9DV2WUgaqGVXtVrhJWQ,2026-07-18 15:00:31,2,0,0,119.99,120.24,0.01,0
XyFf1_gnW4k,UClHGjnruf4A9Us7CHVgLIEQ,2026-07-26 04:00:25,1835,9,0,120.0,120.0,0.0,1
XyWSrXmcx14,UC2_VPutZK0o_tG8ca_QrQRA,2026-08-12 10:37:30,41630,,81,119.88,120.13,0.12,0
XyfVFJ1M6q8,UCXtU-C_e2iBzPSq9oLXtbVw,2026-07-31 23:15:05,99,5,3,120.0,120.0,0.0,0
XyrgwBXDgeo,UCifCesg-EUkjKyQedaB3hRg,2026-08-29 21:11:43,36103,827,13,119.82,120.07,0.07,1
Xys6lDs6-ZM,UCPuD5ZRQWa_JCaY5NokNhtg,2026-08-24 13:32:17,458,7,2,119.97,120.22,0.03,0
XzB5Q4XWkCc,UCQDGJQe8X9tbk_i8Na3VVXg,2026-08-23 10:15:00,6354,35,0,119.76,120.01,0.01,0
XzJZmuDbBhM,UCD8r5Jgns2V64-NcUmXclpg,2026-08-10 03:15:06,72550,372,29,120.0,120.0,0.0,0
XzNzZEGz400,UCby0vMKcLR05ZdS90aZd5og,2026-08-11 05:08:21,23161,17,6,119.86,120.11,0.11,1
XzOCXtCnpBo,UCPuD5ZRQWa_JCaY5NokNhtg,2026-08-23 11:46:09,429,10,2,119.99,120.24,0.01,0
XzOVjc5bXcM,UCt8CJiye87FMbEwt0npPMuQ,2026-08-06 13:30:13,2210,32,6,120.0,120.0,0.0,0
XzTj1pkn-GM,UCw1DsweY9b2AKGjV4kGJP1A,2026-07-12 12:55:20,65647,1379,302,119.83,120.08,0.08,0
XzWisLf_Bx8,UCBtJuwDt6LlXp2YASC-ZMdA,2026-08-23 11:00:35,1216,9,0,120.0,120.0,0.0,1
XzX9Ym4g3E8,UCYooECrv-fIXlPaDwEIaveA,2026-08-17 09:01:09,34985,357,34,119.98,120.23,0.02,0
XziMUxrWcCA,UCBtJuwDt6LlXp2YASC-ZMdA,2026-07-26 01:03:25,416,11,1,119.95,120.2,0.05,0
XzpmsDhb3bM,UCdK9h1ILxS49c2LguBUY3rw,2026-08-21 11:30:26,10,2,0,120.0,120.0,0.0,0
Xzwuvr34NXk,UC_8GOc5dWX2Kpb74_nQ7vSQ,2026-07-25 04:00:54,112956,3360,295,119.99,120.24,0.01,0
Xzxv75FjMJk,UC6VcWc1rAoWdBCM0JxrRQ3A,2026-08-28 01:01:15,343834,15881,346,119.99,120.24,0.01,1
Y-2y5MEllSU,UCDLDbittWhk2KXvaCT0YpZQ,2026-08-25 22:30:08,53165,1885,46,119.76,120.01,0.01,1
Y-3YduJBREo,UCt8CJiye87FMbEwt0npPMuQ,2026-08-26 17:44:15,6638,76,8,119.77,120.02,0.02,1
Y-9U3eZvlgM,UC7hwQp3F6P_OwyRM14p88iQ,2026-08-03 02:53:28,2400,26,13,119.86,120.11,0.11,0
Y-AgSgIegOQ,UCZCZHg_oJiHcrcj2vaPRCag,2026-08-30 16:49:02,251,2,0,119.95,120.2,0.05,0
Y-CRrz7vbPw,UC1dG3vI9FfHnH3YgyeKUz_A,2026-08-21 13:04:05,170870,892,224,119.94,120.19,0.06,0
Y-cstgAZSFM,UCPGl9DV2WUgaqGVXtVrhJWQ,2026-08-13 15:00:26,2,0,0,120.0,120.0,0.0,0
Y-fDPhLi7wY,UC5ThQKdocwo_9UurfT5P_ww,2026-08-28 22:00:23,270708,3559,72,120.0,120.0,0.0,1
Y-kIKHJLVsk,UCr7h47xV4lizW1QR0fV_3kg,2026-07-12 10:30:25,2255,14,11,119.99,120.24,0.01,1
Y0-lXIXK30U,UCMAfHuocszM6UTORPwUmeNw,2026-08-17 21:28:07,22257,360,1,119.78,120.03,0.03,0
Y02yAT9Y4-8,UC5WN-znPsJK0BbA8aHxZHWQ,2026-08-09 04:00:25,3779,85,13,120.0,120.0,0.0,0
Y06wm8kBUaY,UCw1DsweY9b2AKGjV4kGJP1A,2026-08-17 10:00:34,124890,262,20,119.99,120.24,0.01,1
Y0P_epN4xpI,UCAl4HWznMn7KhKBRFO5eiFA,2026-07-11 12:03:21,10513,100,1,119.95,120.2,0.05,1
Y0SsnAnwzIU,UCS3_H_feQRm4QbXipKTvSrw,2026-08-20 11:30:06,16083,304,54,120.0,120.0,0.0,0
_Mjr2nepXEg,UCYS2NvZlSjrxZfnn1v7b3QQ,2026-08-22 16:00:34,9,1,0,120.0,120.0,0.0,0
_NGJGHcSsKg,UCt8CJiye87FMbEwt0npPMuQ,2026-07-25 14:15:21,3078,229,12,120.0,120.0,0.0,0
_NOIl1n9uJU,UCPGl9DV2WUgaqGVXtVrhJWQ,2026-08-29 09:56:23,66,1,2,119.82,120.07,0.07,1
_NPQPADml4s,UCO94iFhOhtdGb4Ze5DUAtbw,2026-08-20 06:00:08,1501,34,17,120.0,120.0,0.0,0
_NQMJYhdd5U,UC_RRZdJk55ShXE-9d3deRUA,2026-08-25 18:23:07,7226,60,1,119.88,120.13,0.12,0
_NRZ_Wh52BY,UCkphwoGMBs2_0raLOqu9aQw,2026-07-30 12:00:23,123,3,5,120.0,120.0,0.0,0
_NWYA0Usehc,UCZCZHg_oJiHcrcj2vaPRCag,2026-08-14 16:21:01,57,0,1,119.9,120.15,0.1,0
_NoCJ1yjUUQ,UCAZVLirygDNDfCNfyIVnTWA,2026-08-16 23:44:27,704,19,1,119.76,120.01,0.01,0
_NvSQ72ciyo,UCV7WE8I_UiAN0fa6Arezx_w,2026-07-30 21:00:13,53,0,0,120.0,120.0,0.0,0
_NynnSf0KPA,UCWZqSCSNZT3X8e_HyCJoXMg,2026-07-24 12:17:57,15559,664,13,119.95,120.2,0.05,1
_O2L8vP9aSI,UC2yOBpLVwB7kzt9C5ZPbB7w,2026-08-19 07:00:22,151765,2504,157,119.75,120.01,0.01,1
_O3JdnU-F5k,UCYMXFMiaGBnZ08-wBHS2MPQ,2026-08-09 04:16:16,1599,7,1,119.98,120.23,0.02,0
_OEc_Pq9Hyg,UCO8ToDSM2Gvt3EZdOdosxTw,2026-08-31 14:05:23,143967,2300,106,119.92,120.17,0.08,0
_Oew2vnRlAc,UCCs1YZHxUTIbLZd-xrvvMCw,2026-07-28 08:59:31,109487,1983,100,119.76,120.01,0.01,0
_OlmCBdQ9_Y,UCt8CJiye87FMbEwt0npPMuQ,2026-08-17 12:30:33,8444,502,26,119.99,120.24,0.01,0
_OoLHUJxq_A,UCKUUL3fMVvYVZdGkKhhjP0A,2026-08-08 03:27:07,80005,1792,42,119.8,120.05,0.05,1
_OomVfedyVI,UCJDXc9JWCZo-nLNKr_-L2Ng,2026-08-29 16:00:30,2479,65,2,120.0,120.0,0.0,0
_Ougg4ak81E,UCV7WE8I_UiAN0fa6Arezx_w,2026-07-14 18:00:35,71,0,0,119.99,120.24,0.01,0
_PD_bSk3uw0,UCV7WE8I_UiAN0fa6Arezx_w,2026-08-03 21:00:37,79,2,0,119.99,120.24,0.01,0
_PR6PWZhoQ4,UCXAXCxTCCYYKsLJNzEvjqfw,2026-07-29 03:01:09,106740,1780,349,119.98,120.23,0.02,0
_PVIyWSE2tk,UC_e83kYlGHWbsrr8QCfV_ag,2026-07-27 14:16:58,45215,164,291,119.97,120.22,0.03,0
_Q0q_N_3f0w,UC-yb5eNBQyXBE9nZnht9u-g,2026-08-21 12:18:23,7102,211,4,119.95,120.2,0.05,1
_Q1FEpYEcDM,UC_yxsHiFh1_j174x4AxICSg,2026-07-22 10:36:21,30201,773,131,119.9,120.15,0.1,0
_Q5yRPp7QmA,UCMAfHuocszM6UTORPwUmeNw,2026-08-21 13:29:48,11757,251,1,119.76,120.01,0.01,0
_QEqRpim6hg,UCCiKOocVSjyb2rsbL_Aanhw,2026-08-21 22:58:58,15747,75,48,119.78,120.03,0.03,0
_QI255MDTjc,UCjUnlBpn0Z1L450g79fniRg,2026-07-29 23:00:23,2671,6,7,120.0,120.0,0.0,0
_QLuCggqjkk,UC9qwDE50UcXvdplRNZKEoPA,2026-08-30 01:15:38,24127,539,22,120.0,120.0,0.0,1
_QUUBqklnhM,UCV7WE8I_UiAN0fa6Arezx_w,2026-08-25 20:00:21,48,0,0,120.0,120.0,0.0,0
_QhmDWYD4Pw,UCNNR1-x2NhZARsNGnQlh2sQ,2026-08-31 07:00:17,108172,471,58,119.76,120.01,0.01,1
_Qo5hue_quc,UCfjMjhfjRRy8B0mfqbO_43w,2026-07-12 01:45:33,79967,1242,135,119.99,120.24,0.01,0
_QokSXsOAcQ,UCGa52d8Qlv3THghuCAt_nXA,2026-08-25 08:30:35,76419,467,31,120.0,120.0,0.0,1
_QqV_vBXw4M,UCSfhr4gDPFsKuwdmTOWp2jw,2026-07-26 09:30:06,170,4,0,120.0,120.0,0.0,0
_QuOCnizz1g,UCjiPEaapiHbJMoAdi_L8fNA,2026-08-24 16:01:13,53262,1301,454,119.99,120.24,0.01,0
_R6vrCQz3dE,UC-FiQR2gg8oiNw98ZdsSX6Q,2026-08-14 05:57:15,3594,39,0,119.8,120.05,0.05,0
_RMl9ANyVug,UCaHIZAKows704_gk6bjdAog,2026-08-29 11:42:56,291896,3127,80,119.8,120.05,0.05,1
_RnsFKSW_fQ,UCvrxJgD0T_TFvgsO2nA-fDQ,2026-08-07 06:20:26,330623,3273,1112,119.91,120.16,0.09,0
_S0SZY24Mgg,UCN5oT4zGJX-_H6pE5isAEeg,2026-08-06 08:00:03,497688,6440,179,120.0,120.0,0.0,1
_S1KRv1dpRA,UCYJDUekoQz0-bo8al1diLWQ,2026-07-26 08:25:52,1696343,26370,331,119.82,120.07,0.07,0
_S7iCI_sNRM,UC4cKHOBS-nRfKFTwf1n8HGA,2026-08-26 15:06:04,37,,0,119.91,120.16,0.09,0
_S9PEBCNnzU,UCt8CJiye87FMbEwt0npPMuQ,2026-08-27 16:00:04,556577,9852,696,119.76,120.01,0.01,0
_SQF7eDFvAY,UCAVR6Q0YgYa8xwz8rdg9Mrg,2026-08-24 10:00:33,88967,3993,81,120.0,120.0,0.0,1
_SQuLfmS5ws,UCei_ecYpQqFjYhjLaDPr2Lw,2026-08-29 15:11:29,226,10,0,119.82,120.07,0.07,0
_SVBVOJNPoI,UCV7WE8I_UiAN0fa6Arezx_w,2026-07-18 18:00:19,66,1,0,120.0,120.0,0.0,0
_SbeG5TqnQ0,UCdQHEqTxcFzjFCrq0o4V7dg,2026-07-31 00:15:12,36304,2083,189,120.0,120.0,0.0,0
_SfeFLe2NSo,UCL2ZLyAV0H9Pvi46W7TGdHQ,2026-07-12 11:50:03,41998,252,73,119.92,120.17,0.08,0
_SsOTrut_Lw,UCN5oT4zGJX-_H6pE5isAEeg,2026-08-13 09:00:36,37812,566,50,119.99,120.24,0.01,0
_Swzc4S7THM,UCgsKeCRaBGH6JlnH6VO_7OA,2026-07-29 23:40:07,111,0,0,119.83,120.08,0.08,0
_TL3lfC4km8,UCdK9h1ILxS49c2LguBUY3rw,2026-08-22 12:00:33,6,2,0,120.0,120.0,0.0,0
_TeS-hwK8LM,UC0FUMakBJHsRrfKCGQuWnRA,2026-08-12 09:30:22,21168,347,100,120.0,120.0,0.0,0
_TjkGVI0naY,UCv1tOT645xHOJrwdGlzjMaA,2026-08-13 11:19:14,92126,2163,39,119.93,120.18,0.07,1
_TlLEWn8EJ8,UCAl4HWznMn7KhKBRFO5eiFA,2026-07-26 13:05:37,10837,41,4,119.91,120.16,0.09,1
_TmBv8U0Xgw,UCpTNtH8yc1Kdl_YFfsQsTYA,2026-08-09 06:46:11,11761,31,1,119.98,120.23,0.02,0
_TrFC-mfar0,UCtLWxhEMKOio-GzdVJ1CVhg,2026-07-23 06:22:28,424,12,2,119.88,120.14,0.12,1
_U9lTU92ZZY,UCSOeJWyByeoBHpmrm0NnlLw,2026-08-31 07:00:05,70829,651,81,119.76,120.02,0.02,0
_UYTGFrnVvc,UCeiDuGZqWT4iiIXRTfhM3qQ,2026-08-30 23:32:12,9077,139,2,119.98,120.23,0.02,0
_Ugaj6uLqb8,UC7loyhgCm1NRTtyF36hO-jA,2026-08-21 03:00:01,11507,131,65,119.76,120.01,0.01,0
_UlMoZvWW0o,UC-FiQR2gg8oiNw98ZdsSX6Q,2026-08-28 06:38:39,347,2,0,119.87,120.12,0.12,0
_V5-eRN0Gf8,UC2_VPutZK0o_tG8ca_QrQRA,2026-07-30 10:26:01,35744,,120,119.82,120.07,0.07,0
_V5Zc-rfQrU,UCw1DsweY9b2AKGjV4kGJP1A,2026-08-07 07:58:17,8935,48,26,119.78,120.03,0.03,0
_V94ma9-R4I,UCsrLyevZL_AEZY0LaYVCYzA,2026-08-25 23:00:17,57,3,2,119.76,120.01,0.01,0
_VGm_2Hh5Rc,UCq6bX1rAJqwt3LmYuHrDPqg,2026-08-22 21:41:24,10154,15,0,119.82,120.07,0.07,0
_Vg7IQFKql0,UC_m_uqd_9s0hZvlgfvCzqbQ,2026-08-04 11:17:36,578,2,0,119.96,120.21,0.04,1
_W0eEcWgXJk,UCjsqgRBvkn8XadWraSQxTKQ,2026-08-21 16:28:50,477,6,0,119.78,120.03,0.03,0
_W5lnVI2Rlg,UC6oq8RPEH1BmtyldQgXVbJw,2026-08-15 10:47:52,11005,67,6,119.95,120.21,0.05,1
_WBxkRR6yNw,UCPGl9DV2WUgaqGVXtVrhJWQ,2026-07-17 15:00:05,4,0,0,120.0,120.0,0.0,0
_WGOIi0Twn0,UCN8L7Z-dyzu9FzT39RM0fvw,2026-08-26 07:14:51,23403,218,58,119.76,120.01,0.01,0
_WUJKpYfqcE,UC6NXJtCn3p-actkvBUlHwDA,2026-08-25 23:06:28,16299,73,6,119.9,120.15,0.1,0
_WUUWkazL8E,UC-okJdotaXPlzivRzHFqzuA,2026-08-29 02:59:02,123796,733,18,119.78,120.03,0.03,0
_WVSUc5th2A,UCuXE-MdbuaZcPt_2J2kSsSQ,2026-07-25 10:40:59,33,0,0,119.82,120.07,0.07,0
_WdzfvUO2mU,UCt8CJiye87FMbEwt0npPMuQ,2026-08-17 15:30:39,6737,306,15,119.99,120.24,0.01,1
_WyCLXVJGDc,UCnju7ULBic4VgkCfDvVXCnA,2026-08-07 13:48:14,56058,92,1,119.95,120.2,0.05,1
_X6Gmdy2aIw,UC59jWhPazXYi8Ny4vake45A,2026-08-14 10:25:39,68437,2056,24,119.83,120.08,0.08,1
_X7CcZSghGM,UCTbwgCCBrI-4XU8b5B0uGPg,2026-07-23 10:00:14,76448,1573,19,120.0,120.0,0.0,0
_XnzbqA3isU,UCdK9h1ILxS49c2LguBUY3rw,2026-08-04 02:54:46,20,4,0,119.84,120.09,0.09,0
_XveDOZ0M5M,UCNmN3W2H0r5_hV2drzbEn7Q,2026-07-18 23:59:27,8034,84,5,119.76,120.01,0.01,0
_Y3FKcfQ09k,UCUR5w0E-jQTOO8Q0FZ4ilYQ,2026-07-26 09:00:39,253440,1009,183,119.99,120.24,0.01,0
_YEcnp91s9Q,UCjOtzpfj5lF9erwTEQYkxtQ,2026-08-05 03:00:06,45325,851,39,120.0,120.0,0.0,0
_YFxR63eySI,UCah0w9n_eAyjUBG7eHbj8vw,2026-08-08 08:09:03,0,0,0,119.85,120.1,0.1,0
_YQ_6JhQWBU,UCby0vMKcLR05ZdS90aZd5og,2026-07-12 17:12:07,442,7,2,119.8,120.05,0.05,0
_YTA3BR5yqs,UCdVIcHpdbEQc65xwAxc_owQ,2026-08-08 08:15:32,32,1,0,119.99,120.24,0.01,0
_YadN4xh6WE,UCOgXOOKbZRtfQvlggBpN6zw,2026-07-28 14:14:42,427,20,4,119.76,120.01,0.01,0
VzkTURVpVZs,UC2yOBpLVwB7kzt9C5ZPbB7w,2026-08-23 13:00:08,34820,591,34,119.76,120.01,0.01,1
VzlIzfsa48I,UCZ-B_El841ME7qGXvYinGmw,2026-08-27 13:17:15,22898,82,21,119.97,120.22,0.03,0
W--AKpVPGmE,UC9jOsXFn3RwXEW3qUyySjAQ,2026-07-26 00:40:08,775,25,0,119.83,120.08,0.08,0
W-06PeT7pgE,UCF7IBIvHZ2be4Ufo8i0uHBw,2026-07-11 09:00:01,11599,165,50,120.0,120.0,0.0,0
W-9YMxcaQwE,UCkavlo6q2XfO_MA9Q24wRvw,2026-07-31 12:17:37,2498,4,2,119.96,120.21,0.04,0
W-Q-VzYZIk4,UC9_jYyQpclAhI2qNo3Yf_4A,2026-08-03 15:00:04,3,1,0,120.0,120.0,0.0,0
W-S73sJnIuI,UCH29Gz8a6veRLqUxzjBXHrQ,2026-07-24 10:30:08,24229,779,36,120.0,120.0,0.0,0
W-SEWTbu8Uk,UCYooECrv-fIXlPaDwEIaveA,2026-07-19 09:00:38,192143,1915,27,119.99,120.24,0.01,1
W-kNj1pTbc0,UC0FUMakBJHsRrfKCGQuWnRA,2026-08-23 12:00:16,6066,45,18,119.76,120.01,0.01,0
W-u9MxxDwXE,UCawK5EIfr66Z7fjAlZgfB2g,2026-08-22 02:09:12,3426,,0,119.86,120.11,0.11,0
W-wgVzg8WZY,UC5ThQKdocwo_9UurfT5P_ww,2026-08-08 08:47:47,293445,3776,65,119.96,120.21,0.04,1
W04X780yOLY,UC-FiQR2gg8oiNw98ZdsSX6Q,2026-08-21 13:42:26,438,8,0,119.8,120.05,0.05,0
W0N3u17G0Uc,UCK8iWEZupSV2pmDMxtwdAmA,2026-08-25 09:16:16,57,2,0,119.99,120.24,0.01,0
W0aFr7pnWmw,UCqVkQsNin4MdGFrWvzFVOKw,2026-08-12 01:00:01,4276,96,1,120.0,120.0,0.0,0
W0oP7EObwog,UCgjaQlejpAnIu0q-xtVfTEw,2026-07-26 06:30:26,22192,277,32,119.99,120.24,0.01,0
W1V-cEC1Oks,UCpwGBltfwjd_fIzp5cb5R0w,2026-08-09 00:30:19,950669,9036,186,120.0,120.0,0.0,1
W1g0WEVAOAo,UCw1DsweY9b2AKGjV4kGJP1A,2026-08-16 08:01:36,18240,154,30,119.98,120.23,0.02,0
W1llsJFlWvY,UCt8CJiye87FMbEwt0npPMuQ,2026-07-15 20:47:45,2785,87,10,119.96,120.21,0.04,0
W1oXfpJfhyM,UCdK9h1ILxS49c2LguBUY3rw,2026-08-17 10:45:25,118,2,2,120.0,120.0,0.0,1
W20rAQu3N84,UCkd3KAYGnTNPJZZrPOFeWhA,2026-08-19 10:00:26,38410,97,20,120.0,120.0,0.0,1
W26qodU_hik,UCQJuZxeDv2P05YHcC-tIEVQ,2026-07-17 08:30:34,11248,139,20,119.99,120.24,0.01,0
W2BsOrMtO-g,UCarBV0zWlC2k-HteyeKqfag,2026-08-17 11:00:43,9792,81,1,119.99,120.24,0.01,0
W2JTJkrGzwc,UC08-hQbwh7eyr8PlaYG2-sQ,2026-08-21 10:00:15,21397,304,216,119.76,120.01,0.01,0
W2RSxVW5b4A,UCN8YcyYvYIrtLcwyT-KqbNg,2026-07-27 12:01:11,30014,378,21,119.98,120.23,0.02,1
W2RV1glifLQ,UCQzgMwT5Q6x-Mtq65HRS_0Q,2026-08-18 10:09:19,21439,149,9,119.85,120.1,0.1,0
W2VFF97_o4A,UCSOeJWyByeoBHpmrm0NnlLw,2026-08-19 07:00:00,80908,889,94,119.76,120.01,0.01,0
W2V_zFYnYVc,UCzVXdulvpgEoI8yuFMmhxJw,2026-08-28 05:54:04,207387,12270,185,119.86,120.11,0.11,1
W2mMowuiBF8,UCPp6kLLWggTuACsQwFibg8A,2026-07-15 09:00:03,12158,121,6,120.0,120.0,0.0,0
W2oNAcqjTGE,UC_yxsHiFh1_j174x4AxICSg,2026-07-24 07:21:45,43644,633,15,119.89,120.14,0.11,1
W3PEeskoASI,UCnCFD3met1Ip7OngdF9TRDg,2026-07-31 03:35:14,17810,214,19,119.92,120.17,0.08,0
W3ckTccCilQ,UCK1aVlIbEBrdhv-gbSgGIkQ,2026-08-27 11:54:22,14062,33,20,119.86,120.11,0.11,0
W3fny0sFiJk,UCPGl9DV2WUgaqGVXtVrhJWQ,2026-08-31 15:00:06,4,0,0,119.76,120.01,0.01,0
W3iSRJvDpbo,UCAz2J8EIRNfEPIXN05bc1Sg,2026-08-25 08:58:04,3600,41,11,119.79,120.04,0.04,0
W3mUNyzmbjs,UC2WBkFH1nHcO6aFLWo6sZQg,2026-08-23 15:55:22,13636,878,6,119.84,120.09,0.09,0
W3qMgbDuFbc,UCYsRymb9vAsOOLBy-Wo1kRg,2026-07-29 11:24:16,1205,12,6,119.85,120.1,0.1,1
W43gKjvdsUU,UCt8CJiye87FMbEwt0npPMuQ,2026-08-08 15:00:38,54800,2100,171,119.99,120.24,0.01,0
W43shkz_0pk,UCPGl9DV2WUgaqGVXtVrhJWQ,2026-08-01 15:00:33,8,0,0,119.99,120.24,0.01,0
W49FEFtYg6g,UC0Zl_lyMoTbroBSNv7SpGuQ,2026-08-18 02:00:09,63966,,109,120.0,120.0,0.0,0
W49gRR56l_U,UCgvtwZJPhSfbKOxh3EoVXng,2026-08-08 11:58:32,12,1,2,119.78,120.03,0.03,0
W4ZYqNavwwk,UC9vI-9WYQLXKI6n9XdXXo3g,2026-07-27 01:01:30,32538,244,38,119.98,120.23,0.02,0
W4lEuwzZ2qg,UCO8ToDSM2Gvt3EZdOdosxTw,2026-07-26 04:15:30,6025,67,41,119.99,120.24,0.01,0
W5-Qe4lrowA,UCyZXLzORHoh9QMwA7IwS0pA,2026-08-13 15:04:31,540,14,0,119.93,120.18,0.07,0
W5HbDn2bfHU,UCPGl9DV2WUgaqGVXtVrhJWQ,2026-08-10 15:00:08,53,0,0,120.0,120.0,0.0,0
W5LZEai6Klk,UCPuD5ZRQWa_JCaY5NokNhtg,2026-08-21 12:03:06,1690,15,11,119.96,120.21,0.04,0
W5fAbcX1MNo,UC0FUMakBJHsRrfKCGQuWnRA,2026-08-29 14:28:10,41745,184,78,119.79,120.04,0.04,0
W5kiulWNR6k,UCmiTZyj9GwMjyznZxrgCH4Q,2026-07-12 02:03:35,43205,464,59,119.94,120.19,0.06,0
W5mUzGUW0Po,UCijUV3SuVe_qErzBpdOmKIA,2026-07-11 09:22:28,3192,15,17,119.88,120.13,0.12,0
W5qpIig4e2I,UCpn9dP1b5BhBsU9SduEz1hA,2026-08-24 10:15:19,20797,531,225,119.76,120.01,0.01,0
W62peJrlSaI,UCab17MxxnFtAhGsJVTkSkCg,2026-07-25 09:13:22,683,16,0,119.78,120.03,0.03,0
W6G4RF9qFhs,UChHxLcNi7e0zu-e33HM6v6A,2026-08-01 10:00:23,32077,274,123,120.0,120.0,0.0,0
W6eAPV2rXOw,UCAJ-meoCh1TrPZ7La3UpPrw,2026-07-23 13:24:08,153028,2674,192,119.85,120.1,0.1,0
W6t8YC7nxRw,UCB4YEVYp6LynBpz7bXyZsTg,2026-07-21 10:00:01,27953,315,46,120.0,120.0,0.0,0
W7IDMx3CyX0,UCN5oT4zGJX-_H6pE5isAEeg,2026-07-29 08:00:24,477887,7018,746,120.0,120.0,0.0,1
W7Vrl6rRtsM,UC-aXNBQ6nwMNeW2V8XB7sBg,2026-07-12 01:00:26,56692,720,44,119.99,120.24,0.01,1
W7aAuPGKVWs,UCVipGmBXqbYKNODNzVCN86w,2026-08-04 01:17:07,94746,2017,28,119.97,120.22,0.03,1
W7dqCJgLzNY,UC-yb5eNBQyXBE9nZnht9u-g,2026-07-12 15:15:23,128807,1030,18,119.99,120.24,0.01,1
W7o7eIS9QFc,UCAl4HWznMn7KhKBRFO5eiFA,2026-07-24 16:01:57,18589,87,52,119.97,120.22,0.03,0
W85QovPOMao,UCmwZePdbUmncnpQptdPH2Jg,2026-08-05 08:03:54,16,1,0,119.94,120.19,0.06,0
W86ge_XTTWg,UC5ScPjbt-a97AJO7SBj6nAg,2026-08-03 07:00:04,259561,7675,225,120.0,120.0,0.0,1
W87_a8RTypM,UCq0fwcojiA7ztN0FgTEgfXA,2026-07-22 07:51:07,107,2,0,119.9,120.15,0.1,0
W8IhhzXyE-I,UCYooECrv-fIXlPaDwEIaveA,2026-08-17 09:00:36,56406,816,19,119.99,120.24,0.01,1
W8h1-2BAPJY,UCYGF_xk5RDpltyZDSx040uw,2026-07-28 11:46:05,61355,794,54,119.98,120.23,0.02,1
W8oDpRqhQDU,UCrR_fhiJjoW8OJFzUcmlMMA,2026-08-26 07:50:06,6249,36,7,119.92,120.18,0.08,0
W8uo64jpOwQ,UCKrprPfevcAZpPuRnCO6xOA,2026-08-20 09:30:36,671,5,2,120.0,120.0,0.0,0
W96G0re7XtQ,UC-2wa6jvprl7hfCpvw0ULzg,2026-08-23 02:00:22,9629,319,47,120.0,120.0,0.0,0
W9C36AJ6opA,UCcNdwtZ7ulFFxngmnzsWQNA,2026-08-12 04:00:27,13571,126,45,120.0,120.0,0.0,0
W9K4DIbFUA8,UC4VWaR3R17Ruc7j1Cy1-PKQ,2026-08-05 22:03:58,82,2,0,119.94,120.19,0.06,0
W9KuFDyRrFw,UC3hCAmwyYNgRuOOSFV7evVA,2026-08-25 16:23:48,13335,107,0,119.86,120.11,0.11,0
WA0Qg0YP_5k,UC7nIK3KpkhbGee5K_sVBscQ,2026-08-02 03:28:52,6079,97,29,119.77,120.02,0.02,0
WAQh6ai5m6w,UCMAfHuocszM6UTORPwUmeNw,2026-07-28 15:12:40,12680,272,0,119.79,120.04,0.04,0
WAW1DVVVO38,UCAl4HWznMn7KhKBRFO5eiFA,2026-07-24 13:51:37,2251,14,0,119.89,120.14,0.11,1
WAoAjLgiMoM,UCv1tOT645xHOJrwdGlzjMaA,2026-08-14 11:00:07,15705,139,59,120.0,120.0,0.0,0
WAvg-vN3b6k,UCN5oT4zGJX-_H6pE5isAEeg,2026-08-12 08:00:38,243560,2368,302,119.99,120.24,0.01,1
WAzopPDt66o,UCtIbfg_6gjbdFqCqAiUcqyQ,2026-07-10 09:30:18,19208,655,18,119.26,123.12,0.74,1
WBDn7eBWIAg,UCV7WE8I_UiAN0fa6Arezx_w,2026-08-28 19:00:19,335,0,0,120.0,120.0,0.0,0
WBHk_2g49zY,UC3hCAmwyYNgRuOOSFV7evVA,2026-08-23 10:30:07,98658,295,42,119.76,120.01,0.01,1
WBNWX9hotok,UCvUKUkIM67eWFbQemjj2-eA,2026-07-24 14:07:11,39834,958,73,119.88,120.13,0.12,0
WBOtKbFjJwo,UC2t5bjwHdUX4vM2g8TRDq5g,2026-08-04 17:00:05,37349,1382,33,120.0,120.0,0.0,0
WBS7Lq77nX8,UCQJuZxeDv2P05YHcC-tIEVQ,2026-07-30 08:00:26,16439,319,35,120.0,120.0,0.0,0
WBkdAnxB4Ys,UCw1DsweY9b2AKGjV4kGJP1A,2026-08-20 10:02:18,7737,30,8,119.97,120.22,0.03,0
WBtkHtqZJ3I,UCKYqtXYbSqaEwBmX43Q13Tw,2026-08-08 06:50:06,4680,22,9,119.92,120.17,0.08,0
Tab0dr8yPsA,UCqVkQsNin4MdGFrWvzFVOKw,2026-08-03 02:48:59,7801,183,8,119.94,120.19,0.06,0
TahHvScjmSA,UCw1DsweY9b2AKGjV4kGJP1A,2026-08-15 10:01:09,5739,23,5,119.99,120.23,0.01,0
Tas7am6adjc,UC8aCmG_y4DqqVI9Xlcym1Jg,2026-08-22 18:14:27,1501,34,0,119.77,120.02,0.02,0
TbAUkUvoD_w,UCpcTrCXblq78GZrTUTLWeBw,2026-07-28 19:00:37,65571,686,41,119.99,120.24,0.01,1
TbCB4PTY-yw,UCqVkQsNin4MdGFrWvzFVOKw,2026-07-23 01:46:17,12278,102,6,119.98,120.23,0.02,0
TbD8jNEiNCM,UCpn9dP1b5BhBsU9SduEz1hA,2026-07-26 02:30:16,31093,618,25,120.0,120.0,0.0,0
TbGwd9an8o4,UCY_vDlvG-BTDRIOk_I9QQ6g,2026-08-31 02:21:54,8456,50,7,119.9,120.15,0.1,0
TbSqyIb_1-c,UC60HSePkZwGFzRj6VSDa6Ew,2026-08-13 18:10:26,2224,37,3,119.83,120.08,0.08,0
TbcETp33ELk,UCYGF_xk5RDpltyZDSx040uw,2026-07-19 10:45:58,78463,979,38,119.99,120.24,0.01,1
TbhzJE-e9a0,UC1dHu9GhbHH7RcHKyJdaOvA,2026-08-14 05:05:12,97144,480,198,119.92,120.17,0.08,0
TbiIKVWt4z4,UCoH2pCzAr6zWDG-LtUiLWRw,2026-08-01 23:00:14,54590,678,158,120.0,120.0,0.0,0
TbupdBhz6fg,UCTDBdmaY4m3ipZaLiYA6FWg,2026-08-29 11:52:26,17532,84,5,119.89,120.14,0.11,1
Tc5ZRH7sw20,UCBvKuSAkXERBnGSQOH0Sarw,2026-08-27 18:55:14,17281,74,0,119.84,120.09,0.09,0
Tc96kuj36h0,UCZ-B_El841ME7qGXvYinGmw,2026-08-05 14:47:07,5155,79,23,119.97,120.22,0.03,0
TcM1N3dKjIc,UCYMXFMiaGBnZ08-wBHS2MPQ,2026-07-31 11:20:46,569,4,0,119.91,120.16,0.09,0
TcNGHrZUflY,UCV7WE8I_UiAN0fa6Arezx_w,2026-08-25 05:00:13,29,0,0,119.76,120.01,0.01,0
TcPlWpeS7-o,UCXAXCxTCCYYKsLJNzEvjqfw,2026-08-30 13:01:06,154095,2896,191,120.0,120.0,0.0,0
TcURgQpM8rw,UCPsZX-D7LW99PjZLA-UysPQ,2026-08-22 09:00:28,321,3,0,120.0,120.0,0.0,0
TcZg__rUjb8,UCp9skQ2mP_DfVL8c3gZQUzg,2026-08-29 07:01:52,48406,178,15,119.99,120.23,0.01,1
Tcd3gF2jAVM,UCt8CJiye87FMbEwt0npPMuQ,2026-07-28 15:00:33,5357,323,43,119.99,120.24,0.01,0
TcfV-8Paeno,UCPGl9DV2WUgaqGVXtVrhJWQ,2026-07-25 11:08:11,3,0,0,119.86,120.11,0.11,0
TcgHibmc7ko,UCUbOogiD-4PKDqaJfSOTC0g,2026-07-26 11:14:10,96985,413,115,119.77,120.02,0.02,0
TcjFOWAAP1w,UCbvvdVOF0teLO-U6GWh1RKg,2026-07-26 08:36:43,2261,34,7,119.89,120.14,0.11,0
Tck1wy2hx_g,UC0aKwoKNeqBaUwiEXmkQaGQ,2026-08-05 03:00:33,144510,2517,146,119.99,120.24,0.01,1
Td6UxvCe7gI,UCBidluUUxzT_5jVOI_2x2MQ,2026-08-24 03:00:30,1084,1,0,119.75,120.01,0.01,1
TdIg2ioYuQM,UC9qwDE50UcXvdplRNZKEoPA,2026-08-18 08:00:21,15335,420,16,120.0,120.0,0.0,1
TdQrKU2Ma_4,UC4P7F8qenDo1O_5NvgBb_cg,2026-07-27 02:30:09,122801,1272,271,120.0,120.0,0.0,0
TdYG8NVlbck,UCp6n8d8Y8r3MwKNw_MMaouQ,2026-07-23 15:53:56,18002,865,8,119.86,120.11,0.11,1
TdZ-2t6Wl4A,UCqFmG6ofirSWvI9B8mwzvyA,2026-08-06 08:00:01,357,10,1,120.0,120.0,0.0,0
TdffcbyiBqI,UCV7WE8I_UiAN0fa6Arezx_w,2026-08-08 08:00:03,49,1,0,120.0,120.0,0.0,0
TdtiPz4aZz8,UCM81CAJ2_Y42-bvK1OQnAAA,2026-08-28 13:28:23,158048,1310,1869,119.79,120.04,0.04,0
Te2ZROtmkMc,UC86C8ooWL5F9NDMT6o-AZjQ,2026-07-17 04:50:23,19767,52,0,119.91,120.16,0.09,1
Te9Of4x-SCA,UCTVkjiEiaiSbEq0Qwd5XTPA,2026-08-27 14:09:28,14356,568,18,119.86,120.1,0.1,1
Te9l0O7FLIY,UCKVt3arMXfa6XZezR1UnjqQ,2026-08-17 22:00:13,2545,36,8,120.0,120.0,0.0,0
TeA6ItJ1TYU,UCAl4HWznMn7KhKBRFO5eiFA,2026-08-07 10:47:15,25714,88,1,119.96,120.22,0.04,1
TeHGYtvHx04,UCta3D5-EYqO-pduQLxQ8mNQ,2026-07-30 10:15:04,2116,8,4,120.0,120.0,0.0,0
TecRKTZhMXg,UCRpdlPk671uOMiBtf5HtB3Q,2026-08-12 09:57:42,20917,170,56,119.79,120.04,0.04,0
Tei-WTYwnYk,UC9nWoDbRAl3-fvreBNeStKQ,2026-08-22 15:17:26,5116,35,0,119.97,120.22,0.03,0
TfLxnMWk_v8,UCc5LaJlWqlQ6d2whZa5bjYQ,2026-08-05 23:30:15,54629,993,24,120.0,120.0,0.0,1
TfWm-0sextw,UC60HSePkZwGFzRj6VSDa6Ew,2026-07-22 16:48:10,7546,100,21,119.95,120.2,0.05,0
TfZNeHeTdMg,UC5ThQKdocwo_9UurfT5P_ww,2026-08-31 12:24:08,280067,3470,63,119.86,120.11,0.11,1
TfgplA7O7cA,UCt8CJiye87FMbEwt0npPMuQ,2026-08-12 14:30:21,5429,242,10,120.0,120.0,0.0,1
TfiBALRHjDY,UCab17MxxnFtAhGsJVTkSkCg,2026-08-03 12:28:44,3576,59,6,119.77,120.02,0.02,0
Tfo-ovnL3f4,UCZ6mNZTiTUrUSbSYPlclI4A,2026-08-03 07:12:23,28042,783,13,119.8,120.05,0.05,1
Tfo1cTtEMaI,UCfq-5-0b5Lzj7cKCrp6-flA,2026-08-26 11:00:09,19158,569,60,119.76,120.01,0.01,1
Tg8CxzxC5gI,UCzkk3MGFFeiN0E0T3AEeg_g,2026-07-26 10:13:08,62474,310,232,119.78,120.03,0.03,1
TgM_C3NVRVg,UCFHUplScMiWTjJrtv4hxWmg,2026-08-31 01:38:27,62107,196,95,119.87,120.12,0.12,0
Tgfs94Npoz0,UC2yOBpLVwB7kzt9C5ZPbB7w,2026-07-24 12:00:12,28627,563,19,120.0,120.0,0.0,1
Tgii_JArF4M,UC1Ns07Rw0lQK-KuaPHfRRTw,2026-08-25 15:42:26,34,0,0,119.8,120.05,0.05,0
TglfgDkYLX8,UCuwnt_REmD4YsCtFJRoqjFw,2026-08-10 02:30:38,71480,670,84,119.99,120.24,0.01,0
Tharui_Urzs,UCDHGqgpiHQAsE0UiltRqhfQ,2026-07-14 09:30:10,30311,72,74,120.0,120.0,0.0,0
ThehQ_Pilr0,UCt8CJiye87FMbEwt0npPMuQ,2026-07-18 12:00:08,2786,94,7,120.0,120.0,0.0,0
ThsYsKmTVW0,UCNZiNM2pP6uhIlTQVS2Q5fA,2026-08-13 09:00:33,375330,4360,593,119.99,120.24,0.01,1
ThxWqegwYmM,UCpcTrCXblq78GZrTUTLWeBw,2026-07-13 22:15:39,113183,1328,244,119.99,120.24,0.01,0
TiGuFnwsYxY,UCiVO_mThS9B3tNc_kzpn-3g,2026-07-27 16:00:24,60459,1424,187,120.0,120.0,0.0,0
TiQD1U3-7wE,UCXu_CcxBZA5S_iG33OzA9PQ,2026-08-03 22:39:24,793,11,0,119.85,120.1,0.1,0
TiUOP1fG5Dw,UCFCt5RYu41HTg4eX1jdHNxw,2026-08-27 02:03:39,40973,72,3,119.95,120.2,0.05,0
Tij63AsRmQQ,UCpI-AhCT02iQRGLC2ZcY0Jw,2026-07-13 07:00:29,33175,358,258,119.99,120.24,0.01,0
TilDYBFD4F4,UCab17MxxnFtAhGsJVTkSkCg,2026-08-28 08:26:19,3226,10,0,119.82,120.07,0.07,0
TioneTIj2lQ,UCpTNtH8yc1Kdl_YFfsQsTYA,2026-08-07 00:24:50,7633,28,2,119.84,120.09,0.09,0
TiuFir1xX7g,UCmuHiG18x6qvBRAoFXCk9eg,2026-07-15 05:29:54,1899,13,0,120.0,120.0,0.0,0
Tiwyfc_FarY,UCCiKOocVSjyb2rsbL_Aanhw,2026-07-23 16:53:46,37250,196,126,119.86,120.11,0.11,0
Tj9ahqXg-1w,UC_Xb6sEXAdNv9nHU4988vmg,2026-07-22 11:00:31,11335,,2,120.0,120.0,0.0,1
TjIrQxyo544,UCSl8TBqqflby-ymdEQVfRNQ,2026-07-27 13:41:45,33863,448,55,119.81,120.06,0.06,1
TjNUVFl29Zo,UCaova9Q4UZLPqFnSvq8VxzA,2026-08-04 13:37:43,26599,181,70,119.87,120.12,0.12,0
TjcRDIho_hY,UC6pvGgQuZwKWlAQN50dU-wg,2026-08-02 23:24:41,4,1,,119.84,120.09,0.09,0
TjnSNRwsNz0,UCBtJuwDt6LlXp2YASC-ZMdA,2026-08-19 11:00:20,415,5,0,119.76,120.01,0.01,1
TjyeEx5oRw4,UC78d2aaqdrt02RfmtRLmlAw,2026-08-04 19:00:07,50292,386,52,120.0,120.0,0.0,1
Tk-64Ywx68o,UCdK9h1ILxS49c2LguBUY3rw,2026-07-22 11:45:14,7,2,0,120.0,120.0,0.0,0
TkIFjWGpdXg,UCYsRymb9vAsOOLBy-Wo1kRg,2026-08-12 06:00:35,2064,28,7,119.99,120.24,0.01,1
TkMD-66VraA,UC-2wa6jvprl7hfCpvw0ULzg,2026-07-15 03:13:33,16777,295,144,119.78,120.03,0.03,0
TkX5jArQIGA,UCybfHuHkJRzGDymek2Dsqvw,2026-07-17 00:24:44,55441,1062,216,119.84,120.09,0.09,0
TlA_yqi-gUE,UCkmUJzaZfP7Wsb5-89pAK4Q,2026-08-24 09:00:24,8158,208,19,119.75,120.01,0.01,0
TlFDHArCTgo,UCv1tOT645xHOJrwdGlzjMaA,2026-07-29 12:30:11,22399,274,3,120.0,120.0,0.0,1
TlK-mQhqTgA,UC9nWoDbRAl3-fvreBNeStKQ,2026-08-19 17:57:53,6702,33,1,119.8,120.05,0.05,0
TlU4mCi9SPY,UCV6mNrW8CrmWtcxWfQXy11g,2026-08-31 19:00:01,386447,13443,346,119.76,120.01,0.01,1
TlZUIDR4zok,UCv1tOT645xHOJrwdGlzjMaA,2026-07-30 15:49:10,21472,176,67,119.93,120.18,0.07,0
Tl_x243PjXU,UCab17MxxnFtAhGsJVTkSkCg,2026-08-09 17:54:15,4094,86,16,119.85,120.1,0.1,0
Tm34qcFxv7E,UCNu00qhYj4nPeMNdxuwV6sg,2026-07-19 15:18:13,1094,31,0,119.95,120.2,0.05,0
TmAbCNpPPxY,UCKttwyzsHvW7bCo7YfTacVQ,2026-08-26 15:49:00,1909,12,0,119.94,120.19,0.06,0
TmV7DnT3ATw,UCQfISxq5legTqOt1h1us6lg,2026-08-06 18:49:39,1928,4,0,119.93,120.18,0.07,0
Y0Uyda0JnwU,UCw1DsweY9b2AKGjV4kGJP1A,2026-07-31 09:15:14,356497,1146,45,120.0,120.0,0.0,1
Y0Vog5c6GQ4,UCXAXCxTCCYYKsLJNzEvjqfw,2026-08-29 13:52:34,119571,791,310,119.89,120.14,0.11,0
Y0fSji5KRj8,UCaHIZAKows704_gk6bjdAog,2026-08-21 23:00:01,36354,321,67,119.76,120.01,0.01,0
Y0fUibzePyE,UCPI40-XQA9-GBGj2k8PPqfg,2026-08-15 04:00:31,26706,473,20,120.0,120.0,0.0,1
Y0nrmCmBYYg,UCyiKngyUPUb1bka4yFrn65g,2026-07-11 21:50:37,1048,8,4,119.91,120.16,0.09,0
Y0tzPHViAxU,UC_9W6Z5Y3lDpLk47Y_y5ITQ,2026-08-02 20:25:46,31220,384,90,119.82,120.07,0.07,0
Y16dHBHSB8A,UC-yb5eNBQyXBE9nZnht9u-g,2026-07-24 10:19:12,19236,425,5,119.93,120.18,0.07,1
Y18eCMVofK4,UCzRPPKLkNxjD2of-0Xxfnjw,2026-08-07 03:38:05,10602,82,9,119.87,120.12,0.12,1
Y1BWDF-ZCOE,UCL2ZLyAV0H9Pvi46W7TGdHQ,2026-07-14 11:00:38,32797,209,121,119.99,120.24,0.01,0
Y1DSOWuIlzc,UCnkytUgy0CtWd06up9CjNxg,2026-08-02 11:00:37,660133,10112,110,119.99,120.24,0.01,0
Y1Jm1QA8QxU,UCnCFD3met1Ip7OngdF9TRDg,2026-08-03 03:50:18,13760,206,21,119.92,120.17,0.08,0
Y1ms5IsBJ4E,UCIxcZWLQpP-mUZC6_Uljc_Q,2026-08-03 14:57:11,5530,27,13,119.8,120.05,0.05,0
Y1xI-d4Qw68,UCnhGcri8x6xhehanhAe9ipw,2026-08-15 10:34:16,174327,1602,96,119.93,120.18,0.07,1
Y24JWkl4U1g,UC1Ns07Rw0lQK-KuaPHfRRTw,2026-07-14 14:50:30,19,0,0,119.91,120.16,0.09,0
Y2A7vdEioR0,UCV6mNrW8CrmWtcxWfQXy11g,2026-08-25 17:00:19,170816,5595,55,119.76,120.01,0.01,1
Y2FwL47Ptt8,UCwBkHOTyu57NQi0syf5MLig,2026-08-10 02:00:35,81988,446,23,119.99,120.24,0.01,1
Y2LZQDTFnao,UC5Yx9RlmznXDUEIrfoSqheA,2026-07-31 15:57:56,8166,47,0,119.79,120.04,0.04,0
Y2RChWZy3qA,UCJmnOEp1-OITEU0mk4icM5A,2026-08-29 05:00:09,140525,1946,49,119.76,120.01,0.01,0
Y2SotsUWo3w,UCkd3KAYGnTNPJZZrPOFeWhA,2026-08-20 02:14:42,41514,113,48,119.76,120.01,0.01,1
Y2Y0LO4QDhk,UCYJDUekoQz0-bo8al1diLWQ,2026-08-11 09:06:24,279366,6697,583,119.9,120.15,0.1,0
Y2_yHRozjUY,UC7bcRlidTERRb_MKRHPVSnw,2026-07-28 12:03:18,145849,1901,121,119.95,120.2,0.05,0
Y2jCblLgWmc,UCS2OAdHoLt-9T6cG9A2H49Q,2026-08-05 09:40:51,14942,115,22,119.82,120.07,0.07,1
Y2qrrktAnK8,UCraf4ugZTyvFY6AJ0VjIxFA,2026-07-23 18:10:29,1356,,0,119.83,120.08,0.08,0
Y2rIHt3J5Kw,UCbvvdVOF0teLO-U6GWh1RKg,2026-08-17 02:41:00,3898,67,22,119.82,120.07,0.07,0
Y2wuqGSKv2Q,UCKY2DOkLOyPLlvGHI3XQw0Q,2026-08-23 04:07:46,184,5,5,119.88,120.13,0.12,0
Y34SeJPdh0U,UCq6bX1rAJqwt3LmYuHrDPqg,2026-08-21 20:35:33,7207,7,0,119.92,120.17,0.08,0
Y3B_QAwYNAs,UCK8iWEZupSV2pmDMxtwdAmA,2026-07-25 06:22:52,338,6,1,119.87,120.12,0.12,0
Y3_vjoTIWxg,UC2yOBpLVwB7kzt9C5ZPbB7w,2026-07-28 20:00:36,242828,3538,39,119.99,120.24,0.01,1
Y3h-Nv7_6S4,UC1Il94cQwl93Zun8ax1Qjlw,2026-07-27 11:42:09,93,1,0,119.8,120.05,0.05,0
Y3lfualbKe8,UCrKSaegnzewdj9-YLsUhoZw,2026-08-23 23:48:33,9142,47,43,119.95,120.21,0.05,0
Y3nZoxgeTWw,UCmXPCG7sSBwTjlMopTn78tg,2026-08-05 00:55:21,1716,15,1,119.83,120.08,0.08,1
Y3oFMQEwOXE,UCzDmGDR5RdahQkLCBoWlTEg,2026-08-22 09:01:17,9956,38,2,119.99,120.24,0.01,0
Y3voEQK88d8,UCi8fe6P0_tLeZ1r31wOydvw,2026-08-15 04:00:25,3759,40,7,120.0,120.0,0.0,0
Y3yPNc92TUQ,UCpcTrCXblq78GZrTUTLWeBw,2026-07-17 16:00:21,479082,7030,308,120.0,120.0,0.0,0
Y4-5W7GiI14,UCtVBI7YLJyDvrx7iWAukx_Q,2026-08-17 02:00:08,41568,1465,148,120.0,120.0,0.0,0
Y4B0MfUfOBg,UCN8L7Z-dyzu9FzT39RM0fvw,2026-08-25 07:00:07,15536,173,57,119.76,120.01,0.01,0
Y4_8sebppzw,UCQ5KMP03ifjJ8mDeyjWeZ7g,2026-08-26 09:45:46,6495,38,8,120.0,120.0,0.0,0
Y4duF7HMul8,UCgLFbrC7-g0ihBKB0obVPTg,2026-08-05 15:25:44,111,5,0,119.82,120.07,0.07,0
Y4hGiJ1SRfg,UCAl4HWznMn7KhKBRFO5eiFA,2026-07-24 13:00:37,9500,84,3,119.99,120.24,0.01,1
Y4iLK0OVSaA,UCV7WE8I_UiAN0fa6Arezx_w,2026-08-29 08:00:19,295,1,0,119.76,120.01,0.01,0
Y4jt7QpknPY,UCBmPfbqvGwTTfrV-H_UOfdw,2026-08-31 21:15:03,33779,669,18,119.76,120.01,0.01,1
Y4pLrFoWbsA,UCzps05UZ7XpX3SFoFyYIDow,2026-07-22 09:00:36,13550,287,67,120.0,120.0,0.0,0
Y52WelWew3g,UCdQHEqTxcFzjFCrq0o4V7dg,2026-08-01 00:15:13,28475,1636,179,120.0,120.0,0.0,0
Y55mNGMowDw,UC1dHu9GhbHH7RcHKyJdaOvA,2026-07-28 03:05:10,57647,252,69,119.92,120.17,0.08,0
Y56W1omn_ko,UCPv0av3PfTUeTnHGgcXkk8w,2026-07-17 17:01:44,6,0,0,119.97,120.22,0.03,0
Y5TdFne3NBs,UCZ6mNZTiTUrUSbSYPlclI4A,2026-08-13 07:30:16,38566,977,74,120.0,120.0,0.0,1
Y5tZWI_yFzc,UCJENagCOfjMxdQUDxO4kq2Q,2026-08-10 07:03:03,607,3,2,119.95,120.2,0.05,0
Y5v1ahEAFoE,UC9qwDE50UcXvdplRNZKEoPA,2026-08-17 02:27:47,31935,711,74,119.79,120.04,0.04,1
Y5zihHdstes,UC9jOsXFn3RwXEW3qUyySjAQ,2026-08-07 04:30:30,8598,53,28,119.99,120.24,0.01,1
Y67c9iCaW5g,UC2yOBpLVwB7kzt9C5ZPbB7w,2026-08-24 20:00:22,213281,3086,54,120.0,120.0,0.0,1
Y6QuYv5gH7Y,UCF-rFAdN7dzd-SI2T3rkCaQ,2026-08-15 12:58:39,562462,6895,173,119.78,120.03,0.03,1
Y6R8mVqjQCI,UCzHnjIeMxo1gViogzN9xMLw,2026-07-27 23:00:22,15293,168,26,120.0,120.0,0.0,1
Y6TQaayqg9o,UCXg-6b0X0sIMBDHhbyBuOQg,2026-08-04 11:00:07,2227,33,0,120.0,120.0,0.0,0
Y6Z1XCZKAuY,UC7hwQp3F6P_OwyRM14p88iQ,2026-07-29 15:56:15,40186,195,0,119.82,120.07,0.07,0
Y6aW_PPxvZE,UCCs1YZHxUTIbLZd-xrvvMCw,2026-08-28 08:59:37,243906,2027,122,119.77,120.02,0.02,0
Y6aZVaW87uQ,UC4VWaR3R17Ruc7j1Cy1-PKQ,2026-08-17 21:21:38,72,4,5,119.89,120.14,0.11,0
Y6jD1dZiomI,UCJENagCOfjMxdQUDxO4kq2Q,2026-08-31 06:02:32,8386,7,5,119.97,120.22,0.03,0
Y6mGItC943U,UCDBAVzfX3yZ1hah0FHnOoaA,2026-08-04 14:00:33,447507,2388,273,119.99,120.24,0.01,0
Y6vtPHOgn0o,UCEGtfhdJiRgH98mVMEQZThQ,2026-08-17 10:30:24,5990,36,19,120.0,120.0,0.0,0
Y71-4Nx6Veg,UCFCt5RYu41HTg4eX1jdHNxw,2026-08-21 01:06:13,6888,37,1,119.91,120.16,0.09,0
Y72OpMa_uG8,UCksGX0hODm1Ev6mysrToMqg,2026-08-18 05:56:05,16943,417,5,119.83,120.08,0.08,1
Y73GcxnOJ14,UCKYdD83f363lIzcAwwhB-_A,2026-08-02 15:04:54,3746,13,2,119.92,120.17,0.08,0
Y7DIU3UzcpY,UCw1DsweY9b2AKGjV4kGJP1A,2026-08-29 08:02:37,30946,42,25,119.97,120.22,0.03,0
Y7DvbYP6Rk4,UClWTMxooQefOLUV0TRcJ1Eg,2026-08-06 08:30:10,4681,358,22,120.0,120.0,0.0,0
Y7FFqtZsdRQ,UCw1DsweY9b2AKGjV4kGJP1A,2026-08-30 08:05:34,290220,651,140,119.92,120.17,0.08,0
Y7MENI5ZuCc,UCV7WE8I_UiAN0fa6Arezx_w,2026-07-19 01:00:24,40,0,0,119.99,120.24,0.01,0
Y7VQBjkCIHM,UCl-VnCUwSxDr5zPu-YlDUYw,2026-08-21 08:00:27,267804,3271,79,119.75,120.01,0.01,1
Y7ZKfPNg3r4,UCzVXdulvpgEoI8yuFMmhxJw,2026-08-20 08:39:04,352226,20906,495,119.86,120.1,0.1,1
Y7_IrG1Opsk,UCgLFbrC7-g0ihBKB0obVPTg,2026-08-05 14:54:29,105,5,0,119.84,120.09,0.09,0
Y7i8t3Ls26w,UCYxwKnNRv4FurQxeKcuR0Sw,2026-07-23 13:34:31,18,3,2,119.93,120.18,0.07,0
Y7pn0Q4Ie0c,UC3_QWAvQRhPW4CDoQU8acKw,2026-08-17 03:00:30,88023,1329,94,120.0,120.0,0.0,0
Y7wnoLfXX3o,UCC1LvVTX2ySKYjeIXkAtvsQ,2026-08-31 09:00:36,396991,5412,197,120.0,120.0,0.0,1
Y7xDN5r43P0,UCnCH3Uhv_ynhTNKEH6ekRtg,2026-08-12 05:13:17,12454,166,29,119.78,120.03,0.03,0
Y89Bz0_-sBE,UCyz5WVrb-cz3myY04x_kVYw,2026-07-26 19:34:28,1170,14,0,119.93,120.18,0.07,0
Y8Aex6BCH20,UCTUnpbuKoOODvhLhCO_kO_A,2026-07-28 02:05:08,5208,32,6,119.92,120.17,0.08,1
Y8OFCN-_hrE,UCKHx_yf3dI2ajWAjXRJ_9Rw,2026-08-18 20:57:50,613,21,2,119.8,120.05,0.05,0
Y8_k5xJHQVk,UCVipGmBXqbYKNODNzVCN86w,2026-08-09 14:00:02,32229,434,48,120.0,120.0,0.0,1
Y8aQV7Rw2OY,UC-FiQR2gg8oiNw98ZdsSX6Q,2026-08-23 04:00:10,1143,6,0,119.76,120.01,0.01,0
Y8fIOWmrixE,UCpcTrCXblq78GZrTUTLWeBw,2026-07-13 19:00:07,199417,2828,366,120.0,120.0,0.0,0
Y8icBVlwOAA,UCuWcjpKbIDAbZfHoru1toFg,2026-08-06 12:21:45,23121,1514,193,119.89,120.14,0.11,1
_YnDuNDpiWA,UCVey3Q_CodrHAWBonTGbHFg,2026-07-13 03:00:23,30490,603,18,120.0,120.0,0.0,1
_YqRShQHeBc,UC59jWhPazXYi8Ny4vake45A,2026-07-30 10:57:09,60500,1236,19,119.8,120.05,0.05,1
_Z94GQLja_0,UCYGF_xk5RDpltyZDSx040uw,2026-08-24 03:13:54,69232,869,19,119.78,120.03,0.03,1
_ZD7itZCToA,UCPGl9DV2WUgaqGVXtVrhJWQ,2026-07-25 15:00:20,5,0,0,120.0,120.0,0.0,0
_ZRMr3R9UTE,UC6JB_a6rD1lZ_aZgQvORfrQ,2026-08-18 21:16:23,1239,28,2,119.99,120.24,0.01,0
_ZS-n3fz_s4,UCw1DsweY9b2AKGjV4kGJP1A,2026-08-26 07:00:26,186994,1702,209,120.0,120.0,0.0,0
_ZXPE8F0_DA,UCV7WE8I_UiAN0fa6Arezx_w,2026-08-30 20:00:17,159,0,0,119.76,120.01,0.01,0
_ZXQF-ET7iE,UCYsRymb9vAsOOLBy-Wo1kRg,2026-07-17 07:02:02,4327,129,40,119.97,120.22,0.03,0
_ZgHueF-fsI,UCYMXFMiaGBnZ08-wBHS2MPQ,2026-07-25 02:15:37,6669,38,9,119.99,120.24,0.01,0
_ZlUkNSLcRY,UCQ5KMP03ifjJ8mDeyjWeZ7g,2026-08-20 10:39:12,2072,23,4,119.85,120.1,0.1,0
_ZoTFlVg0vU,UCoovEJW0dyTWwHiblWDWvyQ,2026-07-22 10:30:30,2455,46,16,120.0,120.0,0.0,0
_ZuMaIii_eo,UCw1DsweY9b2AKGjV4kGJP1A,2026-08-06 08:00:27,4819,20,6,120.0,120.0,0.0,0
__2b4MukIZc,UCgvtwZJPhSfbKOxh3EoVXng,2026-08-29 02:18:35,227,1,0,119.95,120.2,0.05,0
__WN4h99o_I,UCqIwPYLfMd3EoWYwvyTjPnA,2026-08-02 03:00:06,77132,452,39,120.0,120.0,0.0,0
__Y9gLs5kGI,UCJDXc9JWCZo-nLNKr_-L2Ng,2026-08-26 11:09:06,17065,162,7,119.86,120.11,0.11,0
__edo5IZiHo,UCHeg3ApmuXQbqqszaD1fR9g,2026-07-22 15:31:54,84,3,0,119.97,120.22,0.03,0
__mNUXWzagE,UCl-VnCUwSxDr5zPu-YlDUYw,2026-07-16 08:00:13,8319,116,42,120.0,120.0,0.0,0
__nKI8EtLC8,UCkavlo6q2XfO_MA9Q24wRvw,2026-08-28 09:54:10,26613,42,5,119.86,120.11,0.11,0
__s31uHZE7k,UCV7WE8I_UiAN0fa6Arezx_w,2026-08-11 01:00:30,24,0,0,119.99,120.24,0.01,0
_aRl0xSyAio,UCksGX0hODm1Ev6mysrToMqg,2026-08-07 13:00:27,47840,554,60,120.0,120.0,0.0,1
_aTFDpkknDc,UCaZv-jDn5Mq5KJ1buXDRd4w,2026-07-28 08:00:16,23809,288,163,120.0,120.0,0.0,0
_aXAadRMAZ4,UCdK9h1ILxS49c2LguBUY3rw,2026-07-25 11:30:34,7,2,0,119.99,120.24,0.01,0
_a_skOlZ6m8,UCYJDUekoQz0-bo8al1diLWQ,2026-07-14 08:04:47,413818,6351,275,119.92,120.17,0.08,1
_aaWWWL_ucU,UCifCesg-EUkjKyQedaB3hRg,2026-08-13 21:29:33,35761,722,12,119.76,120.01,0.01,1
_asSfgIIJRQ,UCKYdD83f363lIzcAwwhB-_A,2026-07-27 15:07:02,2543,13,0,119.88,120.13,0.12,0
_b4089sc6D0,UCPI40-XQA9-GBGj2k8PPqfg,2026-08-20 08:50:12,58170,924,70,119.92,120.17,0.08,0
_bLvzKCNX_U,UCJj2vuQIpFnk5pbTAtCi3yw,2026-07-25 11:45:05,8069,204,26,120.0,120.0,0.0,0
_bWwFTqG5nE,UCBvKuSAkXERBnGSQOH0Sarw,2026-07-29 17:56:18,13573,100,0,119.81,120.06,0.06,0
_bhKL7r8GY0,UCPuD5ZRQWa_JCaY5NokNhtg,2026-08-14 04:01:06,740,11,2,119.99,120.24,0.01,0
_cE9n9zZMzA,UCcum1rCJ5GJeQ_xv0xrohqg,2026-08-12 03:30:22,21526,1083,62,120.0,120.0,0.0,1
_cV8QcKp3GU,UCpcTrCXblq78GZrTUTLWeBw,2026-07-15 00:31:09,9689212,89928,4744,119.98,120.23,0.02,0
_ceNGeDWMgU,UCw1DsweY9b2AKGjV4kGJP1A,2026-08-22 08:03:31,6728,24,6,119.96,120.2,0.04,0
_d3Yl456Gkk,UCxtZZzggcfOmsW99gYkxsNA,2026-08-05 06:00:31,11894,99,57,119.99,120.24,0.01,0
_d4y8HsWK70,UC6YqXiwCBfPvPTs3wXgWElQ,2026-08-10 09:53:57,214299,1285,124,119.85,120.1,0.1,0
_dGO1M166Nw,UCc1VJX_5Z2RdGi58XU4IfbA,2026-08-14 12:45:32,51958,226,0,119.99,120.24,0.01,0
_dLnV7cw79Q,UC08-hQbwh7eyr8PlaYG2-sQ,2026-08-29 10:00:03,41282,295,166,119.76,120.01,0.01,0
_dOGIm0AVTE,UC0FUMakBJHsRrfKCGQuWnRA,2026-08-27 13:46:55,37007,148,79,119.98,120.23,0.02,0
_deYixD0PPc,UC3gl4CHfNtAqNjju1goB0_w,2026-08-19 07:00:32,86301,798,35,120.0,120.0,0.0,1
_dfU_uyKF90,UC59jWhPazXYi8Ny4vake45A,2026-08-29 11:14:54,305071,10899,163,119.77,120.02,0.02,0
_dqAOQCbSnE,UC0FUMakBJHsRrfKCGQuWnRA,2026-07-22 09:30:38,20528,227,72,119.99,120.24,0.01,0
_dqbP-rJYKY,UCt8CJiye87FMbEwt0npPMuQ,2026-07-16 19:47:13,49167,1595,287,119.96,120.21,0.04,1
_e0DuluAmFw,UCrR_fhiJjoW8OJFzUcmlMMA,2026-08-02 08:00:26,10954,109,22,120.0,120.0,0.0,0
_e2U5nz2wUQ,UCV7WE8I_UiAN0fa6Arezx_w,2026-08-11 08:00:36,32,1,0,119.99,120.24,0.01,0
_eIjv3stW34,UCt8CJiye87FMbEwt0npPMuQ,2026-07-24 15:30:16,103470,3680,244,120.0,120.0,0.0,0
_eMNUoAvpxI,UCwlUB3goOsh4tpqZKIzUAbA,2026-08-05 09:50:46,13905,222,76,119.91,120.16,0.09,0
_eZKcrFwZtA,UCDLDbittWhk2KXvaCT0YpZQ,2026-08-30 03:00:26,34363,636,50,119.76,120.01,0.01,0
_ee8aJa3NUA,UC6YqXiwCBfPvPTs3wXgWElQ,2026-08-17 16:32:31,77794,303,262,119.96,120.21,0.04,0
_ekjKz3aRZY,UCO94iFhOhtdGb4Ze5DUAtbw,2026-07-16 12:00:06,12841,203,9,120.0,120.0,0.0,0
_ezXmxlOJqw,UCN5oT4zGJX-_H6pE5isAEeg,2026-08-15 03:00:11,173462,4807,208,120.0,120.0,0.0,1
_fBK69e0HOk,UCCTw9N950kEoELFv3dRcWJQ,2026-08-23 20:14:09,17822,584,9,119.78,120.03,0.03,1
_fJAsKn6Gms,UCby0vMKcLR05ZdS90aZd5og,2026-07-27 03:40:53,32673,9,0,119.82,120.07,0.07,1
_fKwwwkh2Zw,UCGi94VU356EAvQLgODywyrA,2026-08-03 16:11:55,2681,52,1,119.8,120.05,0.05,0
_fWZFMtwYFk,UCD8r5Jgns2V64-NcUmXclpg,2026-08-11 03:15:30,57019,294,45,119.99,120.24,0.01,0
_frbWrxDS0w,UCrR_fhiJjoW8OJFzUcmlMMA,2026-07-23 10:00:35,9294,98,57,119.99,120.24,0.01,0
_g03A5xnuiY,UCQePzo3_oRB-6RAzBioc6pg,2026-08-28 02:59:46,465233,2640,933,119.77,120.02,0.02,0
_g14zmsUuNI,UCgT-gb3favw2jQgwxbbwwaA,2026-08-05 05:09:47,184937,1446,14,119.84,120.09,0.09,1
_g2KKW6B49w,UChKYbZ9fSz8DMM6wU-t1lMQ,2026-07-29 11:21:57,4998,109,12,119.89,120.14,0.11,0
_g9he_UlLYs,UCjyXK9pWHwWR_-bRibFaWDg,2026-08-15 12:54:00,32760,222,40,119.85,120.1,0.1,0
_gB8SBw2TRw,UCzVXdulvpgEoI8yuFMmhxJw,2026-08-19 09:35:56,136007,5032,526,119.91,120.16,0.09,0
_gD0aJPC1QY,UCEeib6HEHy95EGWUevS4RcA,2026-08-21 14:53:25,8,0,0,119.87,120.12,0.12,1
_gEbW5zzf6I,UCPp6kLLWggTuACsQwFibg8A,2026-08-19 12:31:47,59369,432,24,119.98,120.23,0.02,0
_gYU7MQlBgw,UC2k1bSUZ4X02jMs_sTS9jiQ,2026-08-18 13:00:05,15474,244,13,119.76,120.01,0.01,0
_gZHFj2e-ck,UCzSODDx0zQF3nxXOZISCm_w,2026-07-28 09:30:04,429,3,0,120.0,120.0,0.0,1
_gbOJeESfdQ,UCc1VJX_5Z2RdGi58XU4IfbA,2026-07-25 05:00:38,790,15,0,119.99,120.24,0.01,0
_geUGVabTTw,UCHZ9X2Nl3dq8ChEJgScmZCw,2026-08-26 04:08:31,27309,149,34,119.87,120.12,0.12,0
_gemDB2otMo,UC78d2aaqdrt02RfmtRLmlAw,2026-07-23 22:12:30,8757,96,6,119.8,120.05,0.05,0
_gfqkeUEcXY,UCPuD5ZRQWa_JCaY5NokNhtg,2026-08-03 11:07:01,335,8,2,119.89,120.14,0.11,0
_ggrVfwPaEg,UCTUnpbuKoOODvhLhCO_kO_A,2026-08-05 08:00:06,1264,21,6,120.0,120.0,0.0,0
_hCE2KLMRfU,UC_e83kYlGHWbsrr8QCfV_ag,2026-08-17 10:41:52,7601,79,13,119.81,120.05,0.05,0
_hP3r-D9mFY,UC6NXJtCn3p-actkvBUlHwDA,2026-08-26 15:25:24,7290,42,5,119.84,120.09,0.09,0
_hSQpL68vqM,UCp6n8d8Y8r3MwKNw_MMaouQ,2026-08-22 17:06:10,33301,531,3,119.91,120.16,0.09,1
_hX5sdPDI7E,UC8chC5rneP-LHm43q-jF3oQ,2026-08-21 06:00:22,1355030,21597,398,119.76,120.01,0.01,1
_hZ2ol2Ieis,UCPGl9DV2WUgaqGVXtVrhJWQ,2026-07-14 15:00:16,10,0,0,120.0,120.0,0.0,0
_heGtKgnBb0,UC8E29ANOC3_OuB7_5EPY2xw,2026-08-19 13:39:12,1884,6,0,119.86,120.11,0.11,1
_i-afbKn3YA,UC3_QWAvQRhPW4CDoQU8acKw,2026-08-24 06:25:58,17110,466,208,119.83,120.08,0.08,0
_i5eU7-wrAM,UCN5oT4zGJX-_H6pE5isAEeg,2026-08-25 22:00:26,276389,6408,153,120.0,120.0,0.0,1
_i5tHAbfrmE,UCab17MxxnFtAhGsJVTkSkCg,2026-07-25 02:10:02,615,10,0,119.84,120.09,0.09,0
_i6NMTj3Kxc,UCcJ_oPUSkS_h96_PuizxMGA,2026-08-18 09:46:46,277,7,9,119.98,120.23,0.02,0
_i6i2XqI-iU,UCvAetSOU_4lyjM5hVMNzN0Q,2026-08-01 07:04:38,13858,156,47,119.93,120.18,0.07,0
_iKdickztWo,UCkvz_CZlthtVo7E2sGa43cg,2026-08-18 13:42:39,137631,2015,253,119.8,120.05,0.05,0
WBxGlJUiAWI,UCV7WE8I_UiAN0fa6Arezx_w,2026-08-29 16:00:24,157,0,1,119.75,120.01,0.01,0
WC51ooqBNPU,UCV6mNrW8CrmWtcxWfQXy11g,2026-08-13 06:00:34,42620,1824,17,119.99,120.24,0.01,1
WC5x8Lckrk8,UC5T_FfQwgy56XP0aEVHYULQ,2026-08-21 12:30:36,34122,499,61,120.0,120.0,0.0,0
WCChhpl5D9U,UCV6mNrW8CrmWtcxWfQXy11g,2026-07-31 02:00:32,76877,3728,23,119.99,120.24,0.01,1
WCh4RQnwCKU,UCzDyC6JMEXEufozffWzI9Mg,2026-08-01 04:00:14,63282,983,35,120.0,120.0,0.0,1
WCpxLgpSxW8,UCw1DsweY9b2AKGjV4kGJP1A,2026-08-14 07:57:20,3607,20,3,119.8,120.05,0.05,0
WCubM6YWDqk,UC4cKHOBS-nRfKFTwf1n8HGA,2026-07-29 14:20:46,33,,2,119.91,120.16,0.09,0
WCyS45ya3p0,UCADf92tisOOh90hrZee4-LA,2026-08-14 15:43:32,41284,310,16,119.78,120.03,0.03,1
WDBFpSy9XvQ,UCZFGZ_LhwgiTxaJzJ0QGdFw,2026-08-17 14:53:54,3454,12,0,119.85,120.1,0.1,0
WDDYQ4nBgDQ,UCxVspLehsLr4bfqbJLFkS0w,2026-08-15 09:00:09,3277,68,10,120.0,120.0,0.0,0
WDTcMbgBhao,UCC1LvVTX2ySKYjeIXkAtvsQ,2026-08-26 09:00:35,57122,868,39,120.0,120.0,0.0,1
WDWX3H-3mlQ,UC9nWoDbRAl3-fvreBNeStKQ,2026-08-06 15:00:41,4724,28,0,119.99,120.24,0.01,0
WDX5hKAAZrg,UCQfISxq5legTqOt1h1us6lg,2026-08-03 16:51:04,2829,6,0,119.9,120.15,0.1,0
WDa24t12_oQ,UCPGl9DV2WUgaqGVXtVrhJWQ,2026-08-26 08:19:10,37,1,0,119.94,120.19,0.06,0
WDpWj8gP70M,UCtIbfg_6gjbdFqCqAiUcqyQ,2026-08-31 08:00:23,68934,350,15,119.76,120.01,0.01,1
WE-QX_xpo7U,UCjSNmS8qcD1jEdQhU5h-zKQ,2026-08-02 09:00:09,47,,1,120.0,120.0,0.0,0
WEDY6DGiLUQ,UCdK9h1ILxS49c2LguBUY3rw,2026-07-26 12:00:24,3,2,0,120.0,120.0,0.0,0
WEFtqAfMcyU,UC2NFRq9s2neD_Ml0tPhNC2Q,2026-08-20 02:30:25,160894,2610,165,120.0,120.0,0.0,0
WE__TD-D8tQ,UCxPMcxq7WJ32M3lnFn58Cpg,2026-07-30 10:28:33,4634,28,4,119.78,120.03,0.03,1
WEai_yfYWsA,UCaY7wcqhFb_c2eQ1eRB8rOQ,2026-08-13 09:00:33,31473,710,165,120.0,120.0,0.0,0
WEcmInNNaWA,UCF9Ws3xrNmMKVjL4kg0jzbA,2026-08-12 09:45:09,33092,275,22,120.0,120.0,0.0,1
WEgUDgoYXGw,UCB4YEVYp6LynBpz7bXyZsTg,2026-07-22 10:00:26,12192,147,30,119.99,120.25,0.01,0
WEtS9EwQI_c,UCw1DsweY9b2AKGjV4kGJP1A,2026-07-11 02:15:07,36735,180,13,120.0,120.0,0.0,1
WEvsh46UD1k,UCpcTrCXblq78GZrTUTLWeBw,2026-08-22 13:30:27,49190,1099,18,120.0,120.0,0.0,1
WF--SGNvXIM,UCbFLnCfOet-u_kFyA7uX-9Q,2026-08-04 15:00:19,105441,1841,50,120.0,120.0,0.0,1
WF4FzNcb-cY,UC_e83kYlGHWbsrr8QCfV_ag,2026-08-18 12:10:13,10685,98,7,119.84,120.09,0.09,0
WF7apESM_RM,UCp8jCam8r3SU3A2sxksHaag,2026-07-28 17:28:28,230,0,0,119.78,120.03,0.03,1
WFDP48U9mvQ,UCr7h47xV4lizW1QR0fV_3kg,2026-07-26 06:30:25,245,6,12,120.0,120.0,0.0,0
WFM4_dhdjUU,UCPsZX-D7LW99PjZLA-UysPQ,2026-08-02 15:00:40,795,14,1,119.99,120.24,0.01,0
WF_IKVKM64g,UCt8CJiye87FMbEwt0npPMuQ,2026-07-16 09:01:58,4036,338,81,119.97,120.22,0.03,0
WFhL-O-_8Rs,UCksGX0hODm1Ev6mysrToMqg,2026-08-26 10:55:43,21112,284,21,119.83,120.08,0.08,0
WFpRkCWWYyQ,UCJj2vuQIpFnk5pbTAtCi3yw,2026-08-17 06:55:23,27126,419,15,119.83,120.08,0.08,1
WFynPYS5vMU,UCJDXc9JWCZo-nLNKr_-L2Ng,2026-08-07 16:00:34,1492,66,7,119.99,120.24,0.01,0
WG-TyVh_8-U,UCjOtzpfj5lF9erwTEQYkxtQ,2026-08-23 03:04:13,23511,545,21,119.94,120.19,0.06,1
WG09UAcHA8o,UCgyDKBTgkBfa8jWrBb8Npig,2026-07-23 06:35:10,64,0,1,119.92,120.17,0.08,0
WG8K2a2q8Z0,UCfUBetWW8MFvXekLKF63Jbw,2026-08-15 05:13:09,3599,19,2,119.78,120.03,0.03,1
WG8cavvS1HI,UC0aKwoKNeqBaUwiEXmkQaGQ,2026-08-20 03:00:32,702454,21475,1484,120.0,120.0,0.0,1
WGCVwvYxePE,UCyoKcrOcBEY4rmLYkDuXErA,2026-07-16 09:00:26,117074,1138,22,119.99,120.24,0.01,1
WGJKHUL1IPA,UCk3w4CQ_SlLH4V0-V6WjFZg,2026-08-07 12:10:06,107423,4564,264,119.84,120.08,0.08,0
WGKSpCikavo,UCjsqgRBvkn8XadWraSQxTKQ,2026-08-17 14:38:11,373,2,0,119.87,120.12,0.12,0
WGPw2pw58z4,UCt8CJiye87FMbEwt0npPMuQ,2026-07-24 12:00:00,1766,72,4,120.0,120.0,0.0,0
WGWeP05KNHc,UCMswODzU1ZjjrLyUk7NfwPA,2026-08-27 03:55:54,44947,711,34,119.83,120.08,0.08,0
WGXcHO1S0i0,UC_m_uqd_9s0hZvlgfvCzqbQ,2026-07-22 13:05:05,318,1,0,119.92,120.17,0.08,1
WGcaGvPdzxk,UC0PMQXAwF6O6aeTpv962miA,2026-07-24 19:30:04,13054,472,64,120.0,120.0,0.0,0
WGrYS04RGxI,UCe-7GwWL1XNlCJyfqBhgrHA,2026-08-02 07:15:38,11003,352,16,119.99,120.24,0.01,1
WHEMX3DdmKA,UCPsZX-D7LW99PjZLA-UysPQ,2026-08-15 15:00:38,880,13,4,119.74,120.24,0.24,0
WHEnEdUZROQ,UCyU5JQ8KVRD9jE4E_xLsHxw,2026-08-20 09:00:10,18,0,0,120.0,120.0,0.0,0
WHNiUgQDooc,UChLjnQW5QK6hEP5IIh_xX0w,2026-08-16 13:02:11,85,4,2,119.97,120.22,0.03,0
WHwVxPo09cc,UC-2JsFNClcIesgd7UmtGnpw,2026-07-17 06:45:11,130646,2740,152,120.0,120.0,0.0,1
WI-EeU3Re90,UCDGbm9jZgqNeMWyK4j-Kduw,2026-07-11 03:00:18,1198,,3,120.0,120.0,0.0,1
WIHgUcDKD4k,UCRq3CDTZ2qe3HiHrZdQKBvQ,2026-08-22 13:09:08,1074,7,17,119.86,120.11,0.11,1
WIajtuWtZFk,UCBmPfbqvGwTTfrV-H_UOfdw,2026-08-07 00:54:27,122665,1695,38,119.85,120.1,0.1,1
WJ4gu5Rdsa8,UCqIwPYLfMd3EoWYwvyTjPnA,2026-08-01 08:00:02,57106,264,11,120.0,120.0,0.0,0
WJ8-sMFJlS4,UCcum1rCJ5GJeQ_xv0xrohqg,2026-08-10 05:00:01,46699,2063,97,120.0,120.0,0.0,1
WJSs7VS1Qmg,UCw1DsweY9b2AKGjV4kGJP1A,2026-08-01 10:02:22,11184,52,13,119.96,120.21,0.04,0
WJTe2S22_Tk,UCwfbSsZ7_sccxcibe60mWlQ,2026-08-28 15:00:31,28670,43,11,120.0,120.0,0.0,0
WJWsNLtSRhw,UCBS4sjbGJIcclT-Y6i_Jzkg,2026-07-27 18:30:48,33645,807,4,119.99,120.24,0.01,1
WJYqsl4UHOI,UCPuD5ZRQWa_JCaY5NokNhtg,2026-08-19 03:05:18,596,7,6,119.92,120.17,0.08,0
WJbbyXlNauk,UCcp8n8YZXg5qko87BgVwg1A,2026-07-23 11:54:20,3657,42,35,119.85,120.1,0.1,0
WJdWZIZpPIs,UCPGl9DV2WUgaqGVXtVrhJWQ,2026-08-13 15:00:14,2,0,0,120.0,120.0,0.0,0
WJkex5yFJLg,UCVWAdUQGUiY2Kzh0JoB5PtQ,2026-08-24 08:12:57,2320,25,2,119.8,120.05,0.05,0
WJlVxlDkTRI,UCN5oT4zGJX-_H6pE5isAEeg,2026-07-27 12:00:04,888889,15993,326,120.0,120.0,0.0,1
WJlzJpMj-_A,UChLqHuZV0PENIBYxDgXyPLQ,2026-07-31 09:51:03,5862,299,51,119.9,120.15,0.1,0
WJy1Ktw2WNo,UCZ_xE8U6MVnpwefrYvl2uvA,2026-08-07 03:00:29,2271,13,0,120.0,120.0,0.0,1
WK9z_zm6U6s,UCaj7p2XHGqfBYb2OI-7Q2DA,2026-08-04 09:58:10,60637,684,183,119.78,120.03,0.03,0
WKA60QtPVz4,UCawK5EIfr66Z7fjAlZgfB2g,2026-08-31 08:00:23,55568,,15,119.76,120.01,0.01,0
WKE8C1lbzO0,UCPv0av3PfTUeTnHGgcXkk8w,2026-08-31 00:00:22,12,1,0,119.76,120.01,0.01,0
WKIr9qfX8m4,UCnju7ULBic4VgkCfDvVXCnA,2026-08-01 04:12:05,90110,302,29,119.8,120.05,0.05,1
WKOn-ChUMYY,UCpcTrCXblq78GZrTUTLWeBw,2026-08-18 16:00:11,459843,16615,259,119.76,120.01,0.01,0
WKWpwdUj47k,UCN5oT4zGJX-_H6pE5isAEeg,2026-07-29 22:00:22,157682,4693,222,120.0,120.0,0.0,1
WKcF58z1AOI,UCNRnCc0hg3ZcKdOGXKKv5Ww,2026-08-02 03:15:06,33261,216,13,120.0,120.0,0.0,1
WKcs1kg_srM,UCqVZTizoA2wQKOj_xaDt10Q,2026-08-16 02:32:19,857,4,0,119.96,120.21,0.04,1
WKx4G71aAR8,UCjiPEaapiHbJMoAdi_L8fNA,2026-08-11 21:09:19,58308,939,480,119.85,120.1,0.1,1
WLIPkBEwJKY,UCp9skQ2mP_DfVL8c3gZQUzg,2026-08-29 18:30:09,62023,357,0,119.76,120.01,0.01,0
WLJIYYBLYgw,UCd6CX2LiQE2dEAPXwk2N0jg,2026-08-22 12:11:15,164857,3048,427,119.82,120.07,0.07,0
WLJfOgAiGJI,UCQJuZxeDv2P05YHcC-tIEVQ,2026-08-06 08:00:37,18509,389,25,119.99,120.24,0.01,0
WLXbP5YKfp8,UC3DYSay178fMMPaf3zHwECA,2026-08-31 04:15:06,21524,330,24,119.77,120.01,0.01,0
WLqM0S-YQG8,UCZPBWThSlgWT0DVaxxUEX4A,2026-08-07 00:35:48,36,2,0,119.91,120.16,0.09,0
WLtiiaiVdic,UCN8YcyYvYIrtLcwyT-KqbNg,2026-08-12 12:00:32,46881,319,29,119.99,120.24,0.01,1
WM-Z24lblMs,UCPuD5ZRQWa_JCaY5NokNhtg,2026-07-24 17:31:00,1963,15,3,119.99,120.24,0.01,0
WM7z7HhDR88,UCBtJuwDt6LlXp2YASC-ZMdA,2026-08-29 07:00:03,1079,3,0,119.76,120.02,0.02,1
Tmhyo4RdUUo,UC5ThQKdocwo_9UurfT5P_ww,2026-08-07 01:30:05,192544,3078,89,120.0,120.0,0.0,1
Tmk0VkdaRt0,UCms8Ge7H1ZGgw6nV94fUhUQ,2026-08-23 12:10:06,6443,38,0,119.84,120.09,0.09,0
TnJZhsWXufo,UCYG8tuvbQzWsDeoADyJFU8Q,2026-07-24 20:27:46,3414,48,3,119.79,120.04,0.04,0
TnXd3ayS7S4,UCv1tOT645xHOJrwdGlzjMaA,2026-07-19 10:01:37,85973,1552,18,119.98,120.22,0.02,1
TnYub21_7Hg,UCQyZh4b4TLaSVldnDWnh7fA,2026-07-27 09:57:45,1,0,0,119.79,120.04,0.04,0
Tnbrk-gIVEs,UCSl8TBqqflby-ymdEQVfRNQ,2026-08-05 16:02:56,33190,196,38,119.95,120.2,0.05,1
TnegAJMvsjU,UCJDXc9JWCZo-nLNKr_-L2Ng,2026-08-13 12:00:00,2073,81,5,120.0,120.0,0.0,0
Tniv6ZQJYHU,UCw1DsweY9b2AKGjV4kGJP1A,2026-08-28 08:00:03,25315,30,9,119.76,120.01,0.01,0
ToCDw4qgUZA,UCgvtwZJPhSfbKOxh3EoVXng,2026-08-02 01:38:15,29,0,0,119.86,120.11,0.11,0
ToCSs4X0kvg,UCpcTrCXblq78GZrTUTLWeBw,2026-08-19 12:30:13,20686,452,35,119.76,120.01,0.01,0
ToD2vAhVOgg,UCifCesg-EUkjKyQedaB3hRg,2026-07-25 01:38:29,171675,1719,12,119.86,120.11,0.11,0
ToGLCP9WEmc,UCrKSaegnzewdj9-YLsUhoZw,2026-07-23 00:04:07,6344,35,2,119.93,120.18,0.07,0
ToLSmOsnhKU,UCVZ0SJNurJAv-6hV5VEGB2A,2026-07-30 08:00:32,112798,1036,261,119.99,120.24,0.01,0
ToVn16481mY,UC8aCmG_y4DqqVI9Xlcym1Jg,2026-07-23 21:00:10,569,16,1,120.0,120.0,0.0,0
Toc1v7FpCiM,UCYJDUekoQz0-bo8al1diLWQ,2026-07-13 09:00:47,258940,4400,717,119.99,120.24,0.01,0
Tog-xkKVZ4I,UCZNTsLA6t6bRoj-5QRmqt_w,2026-08-12 14:00:10,56363,1705,83,120.0,120.0,0.0,0
Toidr8kDxkk,UC_m_uqd_9s0hZvlgfvCzqbQ,2026-08-25 08:34:46,254,1,0,119.93,120.18,0.07,1
ToikKbqFYEQ,UCybfHuHkJRzGDymek2Dsqvw,2026-08-30 22:00:36,62116,670,167,119.75,120.01,0.01,0
TokPCb3hgFU,UCwBkHOTyu57NQi0syf5MLig,2026-08-14 02:00:34,111205,834,42,119.99,120.24,0.01,1
TooelOTx8cY,UCqIwPYLfMd3EoWYwvyTjPnA,2026-08-12 11:30:24,15265,112,9,120.0,120.0,0.0,0
TpJW478iNHI,UCV6mNrW8CrmWtcxWfQXy11g,2026-07-29 01:05:56,12833,394,18,119.9,120.15,0.1,0
TpjBlU1MP5w,UCgjaQlejpAnIu0q-xtVfTEw,2026-07-17 04:50:40,41848,487,196,119.91,120.16,0.09,0
TpqY9DOrOBw,UCdT2nXooUR-X_MdmbER25yQ,2026-08-15 00:00:29,53271,1347,128,120.0,120.0,0.0,0
TptXZJFxWsE,UC78d2aaqdrt02RfmtRLmlAw,2026-08-31 11:03:50,50512,455,52,119.95,120.2,0.05,0
Tq-4q4uWEiY,UCPuD5ZRQWa_JCaY5NokNhtg,2026-08-02 14:57:43,420,7,2,119.79,120.04,0.04,0
Tq-6FXOhha4,UCAVR6Q0YgYa8xwz8rdg9Mrg,2026-08-14 10:00:08,80628,5347,32,120.0,120.0,0.0,1
Tq4oyRdUJMY,UCV6mNrW8CrmWtcxWfQXy11g,2026-08-16 04:00:07,32666,1663,64,120.0,120.0,0.0,1
TqEzDjSKmFE,UC-okJdotaXPlzivRzHFqzuA,2026-08-13 09:05:12,136067,1529,41,119.92,120.17,0.08,0
TqGJ9xWgZek,UCZCZHg_oJiHcrcj2vaPRCag,2026-08-17 16:44:44,64,1,0,119.76,120.01,0.01,0
TqJoSbXVAUk,UCei_ecYpQqFjYhjLaDPr2Lw,2026-07-22 18:54:56,28,6,0,119.84,120.09,0.09,0
TqOypa5c6is,UCkphwoGMBs2_0raLOqu9aQw,2026-08-21 12:00:33,111,4,5,120.0,120.0,0.0,0
TqRYedaW3fk,UCY_vDlvG-BTDRIOk_I9QQ6g,2026-08-25 03:34:45,5859,36,16,119.93,120.18,0.07,0
TqYWnNyz2jg,UCIvLQ5lZ2kebqnLaGv_FP4w,2026-07-22 16:38:04,1421,10,1,119.87,120.12,0.12,0
TqmjX6o2boM,UChHxLcNi7e0zu-e33HM6v6A,2026-08-12 03:00:00,6213,77,41,120.0,120.0,0.0,0
TqqNXJtDbN8,UC_E_qYfGKM3C0kqrp1p8z7Q,2026-08-25 15:00:05,106,6,0,119.76,120.01,0.01,0
TqvadASp-tA,UCV7WE8I_UiAN0fa6Arezx_w,2026-08-24 23:00:29,19,0,0,120.0,120.0,0.0,0
Tr3lmFzrEAc,UC-Pn1i_ot4qmG4l7wMZPvyw,2026-07-30 09:00:04,6953,169,28,120.0,120.0,0.0,0
Tr7R4UGgnkU,UClWTMxooQefOLUV0TRcJ1Eg,2026-07-30 08:30:23,3378,343,25,120.0,120.0,0.0,0
TrNMHMI_8sY,UCIsrVj53L57rcLAPOre4Xhg,2026-07-25 23:49:23,39032,316,46,119.93,120.18,0.07,0
TrRAKvc2SYQ,UCOLDn9gw0yegXRgjoi5MzNQ,2026-08-19 00:54:02,0,0,0,119.86,120.11,0.11,0
TrY-92iS5Tw,UClvMduw1MDMQ0PuH753-XSA,2026-08-27 01:29:16,3751,44,0,119.77,120.02,0.02,0
TreZ3_ykono,UCJDXc9JWCZo-nLNKr_-L2Ng,2026-08-20 14:00:36,2146,77,3,119.99,120.24,0.01,0
TrguHj0UjRM,UCpI-AhCT02iQRGLC2ZcY0Jw,2026-07-31 01:00:33,61029,555,442,119.99,120.24,0.01,0
TrooBDqz1y4,UCN5oT4zGJX-_H6pE5isAEeg,2026-08-29 22:00:36,1771264,31003,893,120.0,120.0,0.0,1
Ts65kpvG6yc,UC027x98NgUBw9K4aPT8k0mg,2026-07-30 12:00:14,137856,2120,436,120.0,120.0,0.0,0
Ts8EsABaVyY,UCgWwo8FJL3MCxfd66ip7nFg,2026-08-24 09:00:27,133864,,121,120.0,120.0,0.0,0
TsNOW4s_oAw,UCdQHEqTxcFzjFCrq0o4V7dg,2026-08-27 22:20:59,178488,4221,443,119.91,120.16,0.09,0
TsYVVRzxyJU,UCirJgPv8RtFaFMj39b6cD8Q,2026-07-24 09:00:09,5228,76,1,120.0,120.0,0.0,1
TsmXPH8ghJs,UC9nWoDbRAl3-fvreBNeStKQ,2026-08-04 10:55:46,21855,363,59,119.82,120.07,0.07,0
TsmadmKDsjE,UCPGl9DV2WUgaqGVXtVrhJWQ,2026-08-03 05:01:28,19,1,1,119.98,120.23,0.02,0
TtRt1nQIv6s,UCeG0ONJtjwE20ThR5iSYdsA,2026-07-31 07:00:06,38509,566,125,120.0,120.0,0.0,0
TtVZDODYJ9U,UCzps05UZ7XpX3SFoFyYIDow,2026-08-14 09:00:10,34344,353,123,120.0,120.0,0.0,0
TtZgvlifKCw,UCS-X1uBDTNwAYyydiXjcX9A,2026-08-04 07:00:22,4558,79,53,120.0,120.0,0.0,0
TtfI7ZX-alk,UCYJDUekoQz0-bo8al1diLWQ,2026-07-16 08:15:51,145008,2313,96,119.99,120.24,0.01,1
Ttht6-F_-Z0,UCah0w9n_eAyjUBG7eHbj8vw,2026-07-24 02:34:13,15458,685,183,119.93,120.18,0.07,0
Ttq7wWKBrVQ,UCs0LzOveQMLImmmTrMmP2sg,2026-08-03 10:05:02,65849,260,31,119.92,120.17,0.08,0
Ttuf5hM4hVI,UC9qwDE50UcXvdplRNZKEoPA,2026-08-19 00:58:37,6207,120,29,119.78,120.03,0.03,0
Tu4u3VcUsR0,UCby0vMKcLR05ZdS90aZd5og,2026-07-23 15:59:14,31487,22,20,119.76,120.01,0.01,1
TuDPQSEd7z8,UCt8CJiye87FMbEwt0npPMuQ,2026-07-28 15:30:05,3531,121,8,120.0,120.0,0.0,0
TuKdXC3Ua3k,UCPsZX-D7LW99PjZLA-UysPQ,2026-08-11 12:00:27,616,8,1,120.0,120.0,0.0,0
TuOhYeXjbnk,UC7wosSPUA3os3b3-RMZZe6g,2026-07-11 08:30:42,2417,14,1,119.99,120.24,0.01,1
TutTwJuHw9A,UCV6mNrW8CrmWtcxWfQXy11g,2026-08-04 14:00:39,103205,2765,35,119.99,120.24,0.01,1
TuwjIla2GhM,UCJDXc9JWCZo-nLNKr_-L2Ng,2026-08-03 13:03:25,2560,126,6,119.95,120.2,0.05,0
Tv2ahs4pI-k,UCcJliZnsRbNw4I4uWSGq_wA,2026-08-31 19:38:16,15390,15,0,119.87,120.12,0.12,0
Tv5VuWhpVNA,UC_e83kYlGHWbsrr8QCfV_ag,2026-07-26 14:54:57,41968,112,68,119.84,120.09,0.09,0
TvC5HVh7j_I,UCgLFbrC7-g0ihBKB0obVPTg,2026-08-07 16:07:00,0,0,0,119.89,120.14,0.11,0
Tvl28KO-GfE,UCR1ctqL11HoxQkbSkoUAYeA,2026-08-02 10:22:19,38193,538,359,119.88,120.13,0.12,0
Tvr8hLOAZpY,UCv1tOT645xHOJrwdGlzjMaA,2026-07-31 09:45:49,41122,587,13,119.99,120.24,0.01,1
Tw8NRcNO97M,UC3RzmV2LX3AmWhZVx0A7u0A,2026-07-18 07:00:32,184381,3593,156,119.99,120.24,0.01,1
TwC-jeeLQQk,UCnkytUgy0CtWd06up9CjNxg,2026-07-16 11:00:10,66203,1249,31,120.0,120.0,0.0,0
TwOta3C0QIU,UCbaRH9U2BEFwhJiodE3qTpQ,2026-08-10 08:57:39,10756,314,13,119.79,120.04,0.04,1
TwkyK5eufYo,UC6JB_a6rD1lZ_aZgQvORfrQ,2026-07-14 15:50:48,1122,23,3,119.9,120.15,0.1,0
Twu30RlXCDo,UCws1FXlgdkXB-3FKN_lqgiw,2026-07-30 08:34:19,27,1,1,119.93,120.18,0.07,0
TxCdNLUlbrw,UCdK9h1ILxS49c2LguBUY3rw,2026-08-20 10:45:35,151,2,6,120.0,120.0,0.0,1
TxD_ab9-lTU,UCv1tOT645xHOJrwdGlzjMaA,2026-08-22 12:12:39,156582,2799,52,119.8,120.05,0.05,1
TxZEJdCRUSs,UC8chC5rneP-LHm43q-jF3oQ,2026-08-14 07:45:25,1173369,12197,120,120.0,120.0,0.0,1
TxZLmUTkD8c,UCV6mNrW8CrmWtcxWfQXy11g,2026-08-09 14:00:13,54959,3927,179,120.0,120.0,0.0,0
Txg6vu3nZtg,UCiVO_mThS9B3tNc_kzpn-3g,2026-07-27 19:00:38,105337,1766,42,119.99,120.24,0.01,1
Txrlb1E0u48,UCEJF0q0SqEJ64uA9LCXuSrQ,2026-08-09 08:30:38,5936,150,21,119.99,120.24,0.01,1
Ty1VQSS4ytg,UCraf4ugZTyvFY6AJ0VjIxFA,2026-08-06 16:26:37,921,,0,119.81,120.06,0.06,0
TyTIDGHX3IM,UCei_ecYpQqFjYhjLaDPr2Lw,2026-07-28 21:23:43,27,3,0,119.86,120.11,0.11,0
Y8mzom8SH4s,UCB4gIGaPUiLtpPreFSf8fKQ,2026-08-09 11:00:06,2959,30,11,120.0,120.0,0.0,0
Y8spruzc0mc,UCoH2pCzAr6zWDG-LtUiLWRw,2026-08-03 23:00:36,79153,1022,102,119.99,120.24,0.01,0
Y8xYVH1L17s,UCdK9h1ILxS49c2LguBUY3rw,2026-08-29 12:00:38,10,2,0,120.0,120.0,0.0,0
Y93dIlORz98,UCCiKOocVSjyb2rsbL_Aanhw,2026-08-23 23:17:06,17188,65,7,119.98,120.23,0.02,1
Y98p8lYhgnI,UCDHGqgpiHQAsE0UiltRqhfQ,2026-08-18 09:30:32,31552,75,38,120.0,120.0,0.0,0
Y98qLG0xYZA,UCWVS5IJOkNnkKS5rjiAt9rw,2026-08-04 20:19:39,8354,77,0,119.92,120.17,0.08,0
Y9U_8OfuL9U,UCNZiNM2pP6uhIlTQVS2Q5fA,2026-08-26 09:00:39,18481,229,99,120.0,120.0,0.0,0
Y9Xhfs-gpXE,UC8chC5rneP-LHm43q-jF3oQ,2026-08-16 11:15:13,665329,9254,262,120.0,120.0,0.0,1
Y9aXBSq6oCU,UCPsZX-D7LW99PjZLA-UysPQ,2026-08-16 00:00:38,2171,21,4,119.99,120.24,0.01,0
Y9d1WhqXeBk,UCtjBNJ4UbuWGLe-415urMOw,2026-07-15 10:05:33,90864,1739,81,119.91,120.16,0.09,0
Y9jVnvLg8lQ,UCt8CJiye87FMbEwt0npPMuQ,2026-07-14 12:00:27,304948,13109,937,119.99,120.24,0.01,0
Y9oPN5UFkJY,UC6ApCfhTtNb1hiUHFffXqvQ,2026-07-18 08:28:42,156,0,1,119.77,120.02,0.02,0
YAD4kAktMPI,UCC1LvVTX2ySKYjeIXkAtvsQ,2026-07-30 09:00:28,497709,4358,218,120.0,120.0,0.0,1
YAGzynzrr58,UC3gl4CHfNtAqNjju1goB0_w,2026-08-13 13:47:30,3190,86,8,119.96,120.21,0.04,0
YAWRjZn2pCg,UCV7WE8I_UiAN0fa6Arezx_w,2026-07-29 04:00:11,79,1,0,120.0,120.0,0.0,0
YAfC3rQZ5dc,UCkpKYfb8wM67QnKxBj9bZXA,2026-07-19 11:36:00,33394,278,125,119.9,120.15,0.1,0
YAl2lyxNe00,UCFrKhWvZ8oeJQTNP5ZabgJw,2026-07-26 01:00:25,96210,895,84,120.0,120.0,0.0,1
YApZ2-N3rvg,UCAGUSx1hbPKDqzBZH7bTjiA,2026-08-15 05:00:27,80426,1032,91,120.0,120.0,0.0,0
YAsYzar89Mc,UCPGl9DV2WUgaqGVXtVrhJWQ,2026-08-10 15:00:11,4,0,0,120.0,120.0,0.0,0
YAxNyrzhe-E,UCei_ecYpQqFjYhjLaDPr2Lw,2026-07-21 02:57:43,1899,16,7,119.79,120.04,0.04,1
YAyDs7wCQrE,UCBidluUUxzT_5jVOI_2x2MQ,2026-08-10 08:00:12,264,12,1,120.0,120.0,0.0,0
YAzaH--EwXY,UC2yOBpLVwB7kzt9C5ZPbB7w,2026-08-07 20:00:03,82973,1161,23,120.0,120.0,0.0,1
YB67V99KPPQ,UC3NIb2qVtwunRNmypsDpQzA,2026-08-08 02:55:05,275789,5611,291,119.83,120.09,0.09,0
YBGS_7T_Mvk,UCZ6mNZTiTUrUSbSYPlclI4A,2026-08-22 06:30:03,15307,564,19,119.76,120.01,0.01,1
YBSnkF54pkc,UCpX86JOUhnrzG7MK8e8Gjbw,2026-08-22 09:44:21,51355,373,142,119.77,120.02,0.02,0
YB_IEjGLg8I,UCPGl9DV2WUgaqGVXtVrhJWQ,2026-08-19 06:21:34,12,0,0,119.9,120.15,0.1,0
YBcY56MqT0s,UCgO8sNnksVuKcuTVTQKSK3A,2026-08-10 10:56:16,62692,1313,119,119.82,120.07,0.07,1
YBnemNXi3Ao,UCKmOaDLQpgbsmGsHpV9688g,2026-08-24 15:32:13,2924,67,52,119.97,120.22,0.03,0
YBs6SXuf-KI,UCUbOogiD-4PKDqaJfSOTC0g,2026-07-21 12:15:29,150665,1337,399,119.99,120.24,0.01,0
YC4n-4DOA9w,UCgLFbrC7-g0ihBKB0obVPTg,2026-08-23 13:35:20,62,4,0,119.92,120.17,0.08,0
YCg0mDaYYiE,UCC1LvVTX2ySKYjeIXkAtvsQ,2026-08-12 11:00:17,184405,1597,141,120.0,120.0,0.0,0
YCk7nLs_yXk,UCe0loHR-Vltq0GPHgYyzmrQ,2026-08-26 08:05:11,2680,55,3,119.92,120.17,0.08,1
YCvPXv2xI84,UCC1LvVTX2ySKYjeIXkAtvsQ,2026-08-24 09:00:35,119886,1929,63,120.0,120.0,0.0,1
YCxR2xwOHSY,UCzSODDx0zQF3nxXOZISCm_w,2026-08-24 09:30:36,1007,1,0,120.0,120.0,0.0,1
YD3XaRBHK9E,UCgvtwZJPhSfbKOxh3EoVXng,2026-08-21 23:19:14,20,1,0,119.94,120.19,0.06,0
YDErMtdfpSI,UCe-7GwWL1XNlCJyfqBhgrHA,2026-08-11 09:18:45,18360,503,9,119.94,120.19,0.06,1
YDHqMr2YeVw,UCN8L7Z-dyzu9FzT39RM0fvw,2026-07-24 02:00:02,20908,215,91,120.0,120.0,0.0,0
YDMUdg-qA2k,UCMo4MnhHhSDkiUIXS6dytTQ,2026-07-14 10:37:00,22618,362,69,119.88,120.13,0.12,0
YDS1Iz0sPUs,UCO94iFhOhtdGb4Ze5DUAtbw,2026-07-29 07:00:18,11508,337,14,120.0,120.0,0.0,0
YDUyyVaALJU,UCBvKuSAkXERBnGSQOH0Sarw,2026-08-26 17:34:13,3584,43,0,119.94,120.19,0.06,0
YDYUwh8Qg38,UC-pobd8lZE33BSDz-iyHfJQ,2026-08-01 00:51:48,1384,9,0,119.89,120.14,0.11,0
YDb7XNKtJl4,UC7hwQp3F6P_OwyRM14p88iQ,2026-07-24 15:51:49,39297,243,5,119.89,120.14,0.11,0
YDjVfiAC3mg,UCPv0av3PfTUeTnHGgcXkk8w,2026-07-14 23:59:19,3,0,0,119.76,120.01,0.01,0
YDvaRIyYgAM,UC783XWULPW-nDGv_0EYlB6Q,2026-08-13 08:56:10,29660,459,35,119.82,120.07,0.07,0
YE1VOpx2oyQ,UC2k1bSUZ4X02jMs_sTS9jiQ,2026-07-22 12:00:06,13941,244,27,120.0,120.0,0.0,0
YE2AXUfLyxM,UCV7WE8I_UiAN0fa6Arezx_w,2026-08-19 03:00:33,36,0,0,120.0,120.0,0.0,0
YE3_0PYw9do,UCFCt5RYu41HTg4eX1jdHNxw,2026-07-27 22:48:14,972,14,3,119.95,120.2,0.05,0
YE4bi1k0dMw,UCKVt3arMXfa6XZezR1UnjqQ,2026-07-25 09:00:27,4388,43,4,119.99,120.24,0.01,0
YEMjqxyO40w,UC_2x8h1QrTHOO0i4Yiss-ww,2026-08-05 10:00:32,49150,542,12,119.99,120.24,0.01,1
YEPcPQOXZxg,UCw1DsweY9b2AKGjV4kGJP1A,2026-08-15 08:03:05,133723,496,174,119.95,120.2,0.05,0
YERMbJh3INk,UCz5LAkkX66OAW-y_WiWf9vA,2026-08-05 17:09:07,156,3,0,119.85,120.1,0.1,0
YEWGglguoZs,UCrGNa63AQ-rcINIoE_UqdxA,2026-08-12 02:29:40,8,1,0,119.76,120.01,0.01,0
YEXtFIygmKM,UCiVO_mThS9B3tNc_kzpn-3g,2026-08-27 00:10:47,16526,267,24,119.83,120.08,0.08,1
YEe2L09XZaQ,UCKrprPfevcAZpPuRnCO6xOA,2026-08-27 09:30:33,3026,7,4,120.0,120.0,0.0,0
YEeFWaMeO9E,UCwBkHOTyu57NQi0syf5MLig,2026-08-20 04:00:38,580913,2744,278,120.0,120.0,0.0,1
YEfh42uaaAA,UCN5oT4zGJX-_H6pE5isAEeg,2026-07-24 02:59:19,527818,4640,151,119.76,120.02,0.02,1
YEfmlDHcNOI,UC_9W6Z5Y3lDpLk47Y_y5ITQ,2026-08-17 03:35:36,25161,283,39,119.91,120.16,0.09,0
YEkshcwsgDk,UCkrJBQAut47U8xMUuv8D_3g,2026-08-02 04:23:30,29795,1150,67,119.86,120.11,0.11,1
YEpF_XzVocw,UCS-X1uBDTNwAYyydiXjcX9A,2026-07-23 07:26:48,778,34,8,119.81,120.06,0.06,0
YF3EvQfJ2uE,UC783XWULPW-nDGv_0EYlB6Q,2026-08-19 09:30:28,136659,3329,68,120.0,120.0,0.0,0
YF4newmLFqc,UCt8CJiye87FMbEwt0npPMuQ,2026-08-25 14:00:31,364379,4885,243,120.0,120.0,0.0,0
YF6-oz2pIJI,UCFrKhWvZ8oeJQTNP5ZabgJw,2026-08-13 03:00:02,384505,2988,621,120.0,120.0,0.0,1
YFWGLopNbs0,UCyoSQyaCrZHro6F_nBiXIYg,2026-07-27 14:52:02,165421,1131,403,119.89,120.14,0.11,0
YFsYW21JSl0,UCMAfHuocszM6UTORPwUmeNw,2026-08-04 03:02:30,13203,288,1,119.96,120.21,0.04,0
YFuwM_LijOw,UCPGl9DV2WUgaqGVXtVrhJWQ,2026-08-17 14:14:49,2,0,0,119.76,120.01,0.01,0
YFw6cTPApfU,UC2yOBpLVwB7kzt9C5ZPbB7w,2026-08-21 20:00:18,32709,849,40,119.76,120.01,0.01,1
YG27-d47J-Q,UCYxwKnNRv4FurQxeKcuR0Sw,2026-07-22 14:32:47,18,3,0,119.96,120.21,0.04,0
YGSbZYtmf2U,UCmwZePdbUmncnpQptdPH2Jg,2026-08-13 14:36:03,96,3,0,119.9,120.15,0.1,0
YGaBADZjdI0,UCPGl9DV2WUgaqGVXtVrhJWQ,2026-08-17 14:07:14,13,0,0,119.88,120.13,0.12,0
YGcPF9BGdEo,UCl402YYy7RcH7PBI3npmGPQ,2026-08-24 03:00:24,177921,868,247,119.76,120.01,0.01,0
YGeZIPr5BqM,UCpn9dP1b5BhBsU9SduEz1hA,2026-07-25 10:00:23,602,24,10,119.99,120.24,0.01,0
YGgL9ZJvdQE,UCPuD5ZRQWa_JCaY5NokNhtg,2026-08-15 18:35:02,701,5,3,119.92,120.17,0.08,0
YGihEaI62Wo,UCzDmGDR5RdahQkLCBoWlTEg,2026-07-17 11:00:24,30277,193,25,120.0,120.0,0.0,1
YGjFFBeRTic,UCgLFbrC7-g0ihBKB0obVPTg,2026-08-16 13:28:39,287,8,0,119.78,120.03,0.03,0
YGou1-8nCSg,UCYGF_xk5RDpltyZDSx040uw,2026-08-09 03:04:29,139270,1329,37,119.93,120.18,0.07,1
YGwX3WZGp0I,UC5RxNUZ9_c94ZEfJGnJZmTw,2026-08-14 12:00:04,3007,153,55,120.0,120.0,0.0,0
YHFkuieqJJ4,UCgysH1Lm7jP3pjyFoGLwTcw,2026-07-26 14:21:38,79,0,1,119.89,120.14,0.11,0
YHO3o84jztE,UCkmUJzaZfP7Wsb5-89pAK4Q,2026-07-31 15:37:55,2403,29,2,119.87,120.12,0.12,0
YHToIgQnEgc,UC0aKwoKNeqBaUwiEXmkQaGQ,2026-08-08 03:00:13,75252,1487,172,120.0,120.0,0.0,1
YHhuCv3lVSo,UCKttwyzsHvW7bCo7YfTacVQ,2026-08-12 08:58:54,128131,822,47,119.77,120.02,0.02,1
YHj05bi9PwU,UCULRVjf5z_WoR106msn8HoA,2026-07-13 14:12:58,97079,1118,236,119.79,120.04,0.04,0
_iRSKIInseY,UCuFguUhr9Wr0tFY85nDGk9w,2026-08-08 13:30:34,6789,26,6,119.99,120.24,0.01,0
_igSMDhR-n0,UC-8S20Ll1gzPiu_YY8BgyaQ,2026-08-29 10:39:26,88565,521,11,119.86,120.1,0.1,0
_jFITaV1d1w,UCgWwo8FJL3MCxfd66ip7nFg,2026-08-16 10:51:11,65475,,150,119.9,120.15,0.1,0
_jHIRa8kgaE,UCYS2NvZlSjrxZfnn1v7b3QQ,2026-08-19 16:02:05,6,1,0,119.98,120.23,0.02,0
_jQECBwNmIk,UChKYbZ9fSz8DMM6wU-t1lMQ,2026-08-28 09:00:38,6865,57,5,120.0,120.0,0.0,0
_jShuTteaW4,UCPsZX-D7LW99PjZLA-UysPQ,2026-08-15 06:00:05,1352,12,3,120.0,120.0,0.0,0
_jYySegSilg,UC8rbhIem-3aAsNXhTDI-nSA,2026-07-30 22:00:36,87371,1291,65,119.99,120.24,0.01,0
_j_TGtFXlrU,UCPGl9DV2WUgaqGVXtVrhJWQ,2026-08-22 15:00:21,7,0,0,119.76,120.01,0.01,0
_jqVUnqIiEs,UCYTQCmuFcacJJ_Tad20qqEw,2026-07-27 17:19:19,11976,554,50,119.93,120.18,0.07,0
_juU5ScfFq4,UCeKjmFzU-Jlqg7diwzf2Udw,2026-08-30 23:27:30,12,0,0,119.8,120.06,0.06,0
_k3T-OShX48,UCvfEv6nBnL0QlKqyGmL0orQ,2026-07-22 23:00:22,99829,412,97,120.0,120.0,0.0,1
_kDMhZbEgGg,UCAl4HWznMn7KhKBRFO5eiFA,2026-08-22 11:17:48,8159,126,20,119.96,120.21,0.04,1
_kOiEmZbQmM,UCCd3jyJmOFzkJEMj5Bp89rw,2026-07-13 23:00:09,2173,109,0,120.0,120.0,0.0,0
_kSjQVotK0Y,UCt8CJiye87FMbEwt0npPMuQ,2026-08-03 14:00:23,1919,91,8,120.0,120.0,0.0,1
_kTW4zemc3Y,UCY_vDlvG-BTDRIOk_I9QQ6g,2026-08-28 22:16:31,4679,19,0,119.99,120.24,0.01,0
_kVeQ1moyT4,UCdK9h1ILxS49c2LguBUY3rw,2026-07-31 10:45:04,32,1,2,120.0,120.0,0.0,1
_kXSZedVOI0,UCYJ0Ucu9jPX5kn6SeDcNaIQ,2026-08-13 23:20:24,79595,457,84,119.91,120.16,0.09,0
_km-yH8Ru-0,UCAl4HWznMn7KhKBRFO5eiFA,2026-07-21 14:13:23,19515,62,2,119.78,120.03,0.03,1
_kpTtGeF81Q,UC7wtTnMorJi_d93lb_P2Xow,2026-08-22 10:31:40,155272,1009,95,119.98,120.23,0.02,1
_kwrBLLKXlc,UCw1DsweY9b2AKGjV4kGJP1A,2026-08-15 08:01:26,72643,286,57,119.98,120.23,0.02,0
_lDyDZJB4Ok,UCV6mNrW8CrmWtcxWfQXy11g,2026-08-26 14:28:19,80608,3020,84,119.79,120.04,0.04,0
_lUmrp3PG-o,UCzVXdulvpgEoI8yuFMmhxJw,2026-08-22 14:25:39,385733,21309,656,119.83,120.08,0.08,0
_lXWBQ1HHoA,UCoqMTw0yGmjIjNayukuOg5Q,2026-08-13 10:00:13,38863,193,26,120.0,120.0,0.0,0
_lYq9P3kFoE,UCgLFbrC7-g0ihBKB0obVPTg,2026-08-24 15:13:57,104,3,0,119.78,120.03,0.03,0
_m5L8odhVjg,UCABvetlXpdOwFz10fCpJkwQ,2026-07-11 13:57:19,19189,319,214,119.8,120.05,0.05,0
_mHUhwWDQnI,UC_m_uqd_9s0hZvlgfvCzqbQ,2026-08-28 14:54:04,1018,7,1,119.86,120.11,0.11,1
_mJQqYUat4o,UCo33r3SAf5z9MS-lrXV2aOQ,2026-08-14 06:00:31,68691,957,68,119.99,120.24,0.01,1
_mR7tc75hBo,UCos3GN2gX0wLcfuhOAiMotQ,2026-08-15 05:07:05,35519,150,33,119.89,120.14,0.11,0
_mSWMnPUD1k,UCw1DsweY9b2AKGjV4kGJP1A,2026-08-22 10:15:06,213592,674,90,119.76,120.01,0.01,1
_mhX7jWSJ44,UCI4wEWWBEElIbp9jHcFllTw,2026-07-23 14:30:29,968,4,4,120.0,120.0,0.0,0
_nEQ39J-MTk,UCxpXguPL_B5pz7Gq8ozfwlA,2026-08-12 14:12:51,7141,43,0,119.79,120.04,0.04,0
_nEYgsi9qdo,UCNu00qhYj4nPeMNdxuwV6sg,2026-08-20 13:16:31,1133,6,2,119.98,120.23,0.02,0
_nFUij4Af1I,UCPGl9DV2WUgaqGVXtVrhJWQ,2026-08-15 15:00:22,6,0,0,119.75,120.25,0.25,0
_nSIjI_RVtU,UC-yb5eNBQyXBE9nZnht9u-g,2026-08-16 14:59:25,3162,134,2,119.76,120.01,0.01,1
_nZduBCrq08,UCqyzJW0VRYRP_sFELZYdxGg,2026-08-26 09:00:37,4648,48,1,120.0,120.0,0.0,1
_nn8G_N5SXo,UCO94iFhOhtdGb4Ze5DUAtbw,2026-07-13 10:15:27,19749,256,9,119.99,120.24,0.01,1
_nslo_JAkR0,UC3pTpoDKt17IrCDH60kSNPA,2026-07-24 01:39:51,430,8,0,119.84,120.09,0.09,0
_nug6Sw3FC0,UCrR_fhiJjoW8OJFzUcmlMMA,2026-07-18 02:00:33,15748,147,25,119.99,120.24,0.01,0
_oSB83OXH6k,UCdVIcHpdbEQc65xwAxc_owQ,2026-08-11 19:59:00,1123,10,0,119.77,120.02,0.02,1
_oVUqeU1jrM,UCBW_PhuXoHk40xF6nO0Q64w,2026-07-22 16:00:34,1269,74,9,119.99,120.24,0.01,0
_oYLEuwyI_Q,UCvjzWMh2bihwlIN-WRtddkg,2026-08-01 00:00:17,1092,27,7,120.0,120.0,0.0,0
_o_ioPRGa7Y,UCa4clnMsHg6uJPpxKbxCEmA,2026-08-30 08:30:10,13845,466,39,119.76,120.01,0.01,1
_od58kT0Z-Y,UC-okJdotaXPlzivRzHFqzuA,2026-08-24 02:59:27,64208,969,28,119.77,120.02,0.02,0
_ogc1K2tX5c,UCvAetSOU_4lyjM5hVMNzN0Q,2026-08-03 16:40:01,28905,460,30,119.84,120.09,0.09,1
_on2EyqNWlU,UCp9skQ2mP_DfVL8c3gZQUzg,2026-08-17 15:08:55,2107,63,3,119.85,120.1,0.1,0
_oyrnTZoR9g,UC0-sEWFXIymAxx0InClynUA,2026-08-05 02:00:11,550697,13317,105,120.0,120.0,0.0,0
_p-3-7qNgkU,UCt8CJiye87FMbEwt0npPMuQ,2026-07-24 14:30:20,1783,73,10,120.0,120.0,0.0,0
_p1BMrInCqU,UCcstDLbuhxEbFKkPZ6wST2A,2026-08-19 09:00:06,6779,20,7,119.76,120.01,0.01,0
_p67Skn7Q3s,UCei_ecYpQqFjYhjLaDPr2Lw,2026-07-26 00:59:52,95,7,0,120.0,120.0,0.0,0
_pruqhX3Gww,UCZ-UuK86Bk5sGzQQ2cEglJQ,2026-08-24 08:35:25,57954,1046,22,119.92,120.17,0.08,0
_puLwf9BIEI,UCZRH94I89Ps7giJYeK6DlWA,2026-08-22 14:30:05,169064,6259,78,119.76,120.01,0.01,0
_pwf2PWlKpI,UCV7WE8I_UiAN0fa6Arezx_w,2026-07-26 17:00:17,44,0,0,120.0,120.0,0.0,0
_qC2-EknSpM,UCw1DsweY9b2AKGjV4kGJP1A,2026-08-09 10:02:36,14603,61,12,119.96,120.21,0.04,0
_qGbotDnUJo,UC_E_qYfGKM3C0kqrp1p8z7Q,2026-08-25 19:00:06,409,9,1,119.76,120.01,0.01,1
_qJEWLi8-fQ,UCZ49HaU_D0Tlf1aDA2jU_Vg,2026-08-12 13:54:19,50137,463,111,119.85,120.1,0.1,0
_qLSkty6KNc,UCbvvdVOF0teLO-U6GWh1RKg,2026-08-17 02:59:39,2213,31,4,119.76,120.01,0.01,0
_qMTN5u2ZeY,UCJoWNCiFuiN4eZnB80WUf4Q,2026-07-14 05:30:19,38842,524,32,120.0,120.0,0.0,0
_qZtyrxzWsw,UCrR_fhiJjoW8OJFzUcmlMMA,2026-08-05 07:00:38,6948,127,22,119.99,120.24,0.01,0
_qgHiZEYEuA,UCrKSaegnzewdj9-YLsUhoZw,2026-08-12 05:00:44,28365,192,47,119.99,120.24,0.01,0
_ql7Nvr0X_Y,UCRq3CDTZ2qe3HiHrZdQKBvQ,2026-08-26 12:59:32,1774,15,2,119.77,120.02,0.02,1
_qqdxddIBBg,UCMswODzU1ZjjrLyUk7NfwPA,2026-08-17 09:26:44,20348,330,13,119.81,120.06,0.06,1
_qvUjeSZ6l0,UCr4WCOxirRA-BzVu-MH_WqQ,2026-08-02 10:00:21,2476,22,3,120.0,120.0,0.0,1
_r8bHwb78ss,UC-aXNBQ6nwMNeW2V8XB7sBg,2026-07-23 22:00:26,57078,549,21,119.99,120.24,0.01,1
_rILCpReh7o,UC6LLMkdyses2ugPRNEXutMQ,2026-08-01 10:15:05,27257,161,57,120.0,120.0,0.0,1
_rTdc0olqnQ,UCV6mNrW8CrmWtcxWfQXy11g,2026-08-11 14:00:24,474453,40191,344,120.0,120.0,0.0,0
_sIvdJOeDqU,UCQJuZxeDv2P05YHcC-tIEVQ,2026-07-26 08:00:09,14734,320,16,120.0,120.0,0.0,0
_sNGhv8oe9I,UCo33r3SAf5z9MS-lrXV2aOQ,2026-08-07 07:00:09,21961,166,24,120.0,120.0,0.0,0
_sl26fdY_kY,UC3kVT7zilzGf_7fIEkc4dDA,2026-08-04 12:30:46,45243,1193,167,119.99,120.24,0.01,0
_sp7yJKEnvs,UCjUnlBpn0Z1L450g79fniRg,2026-08-19 16:08:14,1817,25,0,119.87,120.12,0.12,0
_ss-_qoBND0,UCl402YYy7RcH7PBI3npmGPQ,2026-08-12 15:00:19,168050,1167,305,120.0,120.0,0.0,0
_tLmQuvrthI,UCbaRH9U2BEFwhJiodE3qTpQ,2026-08-14 08:59:48,18716,708,21,119.76,120.01,0.01,1
_tTmwEJXA6A,UCSGKRGHGqP8W11G-SxsMaOw,2026-08-14 07:33:54,31523,640,28,119.94,120.19,0.06,1
_trIMuWSm6k,UCqIwPYLfMd3EoWYwvyTjPnA,2026-08-20 07:30:30,12131,78,11,120.0,120.0,0.0,0
_ttGVcTqRVg,UCOTJtP0Z9DjpPU43B5m1V6A,2026-08-07 02:30:07,79013,891,73,120.0,120.0,0.0,0
_u09TMnBLwg,UCOgXOOKbZRtfQvlggBpN6zw,2026-07-24 16:03:42,200,11,6,119.95,120.19,0.05,0
_uH_y_kXZR4,UC543-TDm6IvHHZXwdSFioMw,2026-08-30 12:00:32,12185,42,1,119.75,120.01,0.01,1
_uNncxH5DVw,UCKVt3arMXfa6XZezR1UnjqQ,2026-08-01 09:00:34,9838,94,6,119.99,120.24,0.01,0
_ucLP6dMV2Y,UCZ-UuK86Bk5sGzQQ2cEglJQ,2026-08-04 10:30:34,196382,2394,145,119.99,120.24,0.01,0
_uhVHrxNl5c,UCS2OAdHoLt-9T6cG9A2H49Q,2026-08-15 09:06:33,25284,94,15,119.9,120.14,0.1,1
_ukcvUe6sT8,UCKYdD83f363lIzcAwwhB-_A,2026-07-24 14:43:08,2498,17,0,119.78,120.03,0.03,0
_ul8nqF8Auk,UCAl4HWznMn7KhKBRFO5eiFA,2026-07-15 10:00:36,22700,159,28,119.99,120.24,0.01,1
WMHyjqhN4S4,UCDbOXmGL7EkmOcnUb5Kki4A,2026-08-11 18:00:18,70270,730,275,120.0,120.0,0.0,0
WMJP3lyleJE,UCuFguUhr9Wr0tFY85nDGk9w,2026-08-18 13:30:25,7090,44,24,120.0,120.0,0.0,0
WMLDrU1F_-I,UC4cKHOBS-nRfKFTwf1n8HGA,2026-08-19 15:20:15,56,,0,119.92,120.17,0.08,0
WMLqsFC8GS0,UCby0vMKcLR05ZdS90aZd5og,2026-07-19 09:41:40,3441,5,0,119.81,120.06,0.06,1
WM_innddBNc,UCbFLnCfOet-u_kFyA7uX-9Q,2026-08-20 15:00:12,19459,156,18,120.0,120.0,0.0,1
WMxNLbYrpRk,UCJGww2K__Q3y-MtDi0XWH2w,2026-08-08 06:00:34,123961,2139,96,119.99,120.24,0.01,0
WN27n1M1vTg,UCrR_fhiJjoW8OJFzUcmlMMA,2026-08-28 07:00:14,6887,40,59,119.76,120.01,0.01,0
WN3lrGzmyhU,UCe-7GwWL1XNlCJyfqBhgrHA,2026-08-22 09:41:45,39871,1272,62,119.82,120.07,0.07,0
WNN8Hc-73Rg,UCV7WE8I_UiAN0fa6Arezx_w,2026-07-24 23:00:09,56,0,0,120.0,120.0,0.0,0
WNPKGfWNOok,UCwfbSsZ7_sccxcibe60mWlQ,2026-08-30 15:00:15,26295,48,10,119.76,120.01,0.01,0
WO2l0bbTAWk,UCpX86JOUhnrzG7MK8e8Gjbw,2026-08-10 04:10:26,47454,322,19,119.83,120.08,0.08,1
WO8ikNSx9RE,UCY_vDlvG-BTDRIOk_I9QQ6g,2026-08-18 16:23:27,3184,57,12,119.87,120.12,0.12,0
WOA1vj3ljRI,UCdVIcHpdbEQc65xwAxc_owQ,2026-07-23 09:50:37,13,2,0,119.91,120.16,0.09,1
WOWHhKVzFcs,UCJDXc9JWCZo-nLNKr_-L2Ng,2026-08-13 16:00:14,1933,87,6,120.0,120.0,0.0,0
WOaF_Y4ubeE,UCV7WE8I_UiAN0fa6Arezx_w,2026-08-20 14:00:17,14,0,0,120.0,120.0,0.0,0
WOaFzs5LWiw,UCkNUuK9EfixaK2HbJYZ5YrQ,2026-07-29 12:36:26,37406,1404,49,119.9,120.15,0.1,1
WOjA_qcVztY,UCRLoyYlPR9ufzlbeI9lLDqg,2026-08-22 09:00:14,37185,1113,72,119.76,120.01,0.01,1
WOo16nBaTWI,UCoH2pCzAr6zWDG-LtUiLWRw,2026-07-19 22:02:19,42249,444,67,119.96,120.21,0.04,0
WOyiqA6IaXo,UCSfhr4gDPFsKuwdmTOWp2jw,2026-08-12 09:30:09,294,7,0,120.0,120.0,0.0,0
WP31GLKpfDM,UC_Xb6sEXAdNv9nHU4988vmg,2026-07-30 10:00:08,141826,,1,120.0,120.0,0.0,1
WP8hxEo-OKA,UCa4clnMsHg6uJPpxKbxCEmA,2026-08-22 08:00:27,12703,257,39,119.75,120.01,0.01,0
WPIpRWdiP6o,UC3_QWAvQRhPW4CDoQU8acKw,2026-08-22 15:00:28,40723,605,24,120.0,120.0,0.0,1
WPLCERxQlfY,UCSzHok6X5qXEO7cjvVnE62g,2026-08-13 08:00:36,49971,245,68,119.99,120.24,0.01,0
WPfcFnkMqUE,UCpcTrCXblq78GZrTUTLWeBw,2026-07-14 21:24:59,319564,8596,9,119.83,120.09,0.09,0
WPl_ELdnq7g,UCPI40-XQA9-GBGj2k8PPqfg,2026-08-07 09:00:05,184153,2740,261,120.0,120.0,0.0,0
WPnvRIXtrzA,UCpcTrCXblq78GZrTUTLWeBw,2026-07-12 03:45:12,195882,903,105,120.0,120.0,0.0,1
WPq9oEWTCnk,UCnCeDIkExSpULGqmpj5oafg,2026-08-23 15:00:29,12276,48,47,120.0,120.0,0.0,1
WPqM-rwE4T4,UCcp8n8YZXg5qko87BgVwg1A,2026-08-16 01:10:39,126863,1180,166,119.82,120.07,0.07,0
WPszqLMmBzA,UCJDXc9JWCZo-nLNKr_-L2Ng,2026-08-25 12:00:11,1761,57,7,119.76,120.01,0.01,0
WPwIrMiiLZg,UCv1tOT645xHOJrwdGlzjMaA,2026-08-27 12:24:30,64382,392,231,119.85,120.1,0.1,0
WQP5UdoH214,UC_E_qYfGKM3C0kqrp1p8z7Q,2026-07-27 19:00:20,406,4,2,120.0,120.0,0.0,1
WQRtI_3bTbk,UC-yb5eNBQyXBE9nZnht9u-g,2026-08-26 15:41:26,6660,311,10,119.82,120.07,0.07,0
WQjHASAxtnw,UCei_ecYpQqFjYhjLaDPr2Lw,2026-07-23 12:25:43,65,15,0,119.82,120.07,0.07,0
WQp1pMtKQ-U,UCkd3KAYGnTNPJZZrPOFeWhA,2026-08-12 01:13:56,15077,65,72,119.77,120.02,0.02,0
WQxkwOQeJSQ,UCAGfDVBYmUlAxUYYLvtrvyA,2026-08-12 09:00:13,19,7,3,120.0,120.0,0.0,0
WR3mpl8Sfzo,UC4oe-OVZ2Ho-03yrMkrXomQ,2026-08-22 23:00:03,559193,13163,600,119.76,120.01,0.01,1
WR4HcqesDL8,UCQJuZxeDv2P05YHcC-tIEVQ,2026-08-11 08:00:34,19173,279,26,119.99,120.24,0.01,0
WRCEH1f1U2E,UCei_ecYpQqFjYhjLaDPr2Lw,2026-07-22 00:06:00,31,2,0,119.9,120.15,0.1,0
WRLQPrlqoGE,UCrY2B2XX41ReYh9DIWrFfCg,2026-07-11 10:07:00,7946,,7,119.89,120.14,0.11,0
WRNosQa7Cks,UCYsRymb9vAsOOLBy-Wo1kRg,2026-08-07 07:00:09,1646,13,1,120.0,120.0,0.0,0
WRa-zX-r1vg,UC_quKmfPeL5ERxe1qw97G4g,2026-07-25 01:32:23,15,1,0,119.96,120.21,0.04,0
WRe9bwS_psI,UCtRiSpvkhtRXaSjVjEB9LKg,2026-08-31 03:00:28,20861,130,25,119.75,120.01,0.01,0
WReaZV1iI1k,UCV7WE8I_UiAN0fa6Arezx_w,2026-08-11 02:00:28,55,2,1,120.0,120.0,0.0,0
WRfRfgkOOq8,UCqrNzVI2-BhhoFnlAPiHLCA,2026-07-28 06:30:02,429,5,2,120.0,120.0,0.0,1
WRgdQCm76nY,UC-yb5eNBQyXBE9nZnht9u-g,2026-07-12 15:15:15,53275,677,25,120.0,120.0,0.0,1
WRoIDUcNlsY,UCdQHEqTxcFzjFCrq0o4V7dg,2026-08-06 00:20:04,30651,1784,171,119.92,120.17,0.08,0
WRslZRDUQH0,UCWwbZhw5M-Q5dZtTK4nDWNw,2026-08-19 03:00:13,28373,417,20,119.76,120.01,0.01,1
WSHn9K2qrZ8,UCBtJuwDt6LlXp2YASC-ZMdA,2026-08-09 10:00:33,277,2,0,119.99,120.24,0.01,1
WSIV1JirHws,UCbFLnCfOet-u_kFyA7uX-9Q,2026-08-31 23:53:23,64562,625,99,119.87,120.13,0.13,0
WShzYTwzPLg,UCZ-B_El841ME7qGXvYinGmw,2026-08-08 14:24:25,5017,81,18,119.85,120.1,0.1,0
WSiW9KsQLAc,UCoSniqkitCpxlHrQd5L8A1w,2026-07-21 21:14:52,8571,22,2,120.0,120.0,0.0,1
WSnkeuq6J5g,UCKttwyzsHvW7bCo7YfTacVQ,2026-07-31 16:37:05,1875,22,0,119.88,120.13,0.12,0
WT2ZtSJFoc4,UCc1VJX_5Z2RdGi58XU4IfbA,2026-08-19 07:00:03,904,12,2,119.76,120.01,0.01,0
WT2ugPg-h4A,UCeG0ONJtjwE20ThR5iSYdsA,2026-08-14 03:59:21,35341,537,75,119.76,120.01,0.01,0
WT3fAaxcu_Y,UCBtJuwDt6LlXp2YASC-ZMdA,2026-08-25 10:00:31,828,8,0,120.0,120.0,0.0,0
WTCYvQW8F5U,UCo33r3SAf5z9MS-lrXV2aOQ,2026-08-20 07:00:01,90237,710,19,119.76,120.01,0.01,1
WTaeUySl8K4,UCSzHok6X5qXEO7cjvVnE62g,2026-07-15 08:00:10,37404,247,59,120.0,120.0,0.0,0
WTnctT8ospI,UCV6mNrW8CrmWtcxWfQXy11g,2026-08-05 16:00:08,27177,1571,44,120.0,120.0,0.0,1
WU-5R_vyij8,UChLqHuZV0PENIBYxDgXyPLQ,2026-08-22 12:21:02,296196,3305,37,119.91,120.16,0.09,1
WU2Qo2AN2lY,UCmwZePdbUmncnpQptdPH2Jg,2026-08-18 10:49:56,44,1,0,119.93,120.18,0.07,0
WU4deHZk6ac,UCuWDza8A_ntbjwBZgW0ZSNw,2026-07-28 09:32:51,61017,830,52,119.96,120.21,0.04,1
WUASZTDW-q4,UCV6mNrW8CrmWtcxWfQXy11g,2026-08-29 14:04:13,236218,7623,1366,119.94,120.19,0.06,0
WUBWD-OHXl4,UCt8CJiye87FMbEwt0npPMuQ,2026-08-05 16:00:36,1713,78,6,119.99,120.24,0.01,1
WUEg8GoL8ng,UC2YA1b6qKO2YteKYFuMiYPg,2026-07-24 23:38:13,241,14,1,119.86,120.11,0.11,1
WUTirSOVSZ4,UC1q4Ihlv_YhLELw-ijE0Diw,2026-07-28 14:11:49,179659,2978,158,119.8,120.06,0.06,0
WUVo4LwVXCk,UCZRH94I89Ps7giJYeK6DlWA,2026-07-23 03:00:22,37279,552,34,120.0,120.0,0.0,0
WUYEhP_PO4A,UC-yb5eNBQyXBE9nZnht9u-g,2026-07-10 19:01:21,21633,606,20,119.98,120.23,0.02,1
WUZvUDMV240,UCyiKngyUPUb1bka4yFrn65g,2026-07-15 08:52:53,6835,36,5,119.87,120.12,0.12,0
WUfs3eBAMLw,UC7hwQp3F6P_OwyRM14p88iQ,2026-08-16 15:41:36,37215,271,4,119.81,120.06,0.06,0
WUl0PrwDPUM,UCkavlo6q2XfO_MA9Q24wRvw,2026-08-26 10:27:17,5595,13,13,119.81,120.06,0.06,0
WV4WpdqupOs,UC4oe-OVZ2Ho-03yrMkrXomQ,2026-08-25 23:00:13,184702,4212,80,119.76,120.01,0.01,1
WVATVYHDADo,UCZ49HaU_D0Tlf1aDA2jU_Vg,2026-08-05 18:45:52,57773,359,132,119.99,120.24,0.01,0
WVC4BmA9UHo,UCrY2B2XX41ReYh9DIWrFfCg,2026-08-10 10:02:22,3330,,6,119.96,120.21,0.04,0
WVPHxH3AwcA,UCV7WE8I_UiAN0fa6Arezx_w,2026-08-12 17:00:27,33,0,0,120.0,120.0,0.0,0
WVT_5J1ckzU,UCDnIK80iouL_rb_J6GybOlg,2026-08-14 04:28:15,1,0,,119.78,120.03,0.03,0
WVcd7oV-zNk,UCPsZX-D7LW99PjZLA-UysPQ,2026-07-30 03:00:27,192,2,0,120.0,120.0,0.0,0
WVdIN_zLTcc,UCjiXXUsdl0F0aUkTbv8ZVTA,2026-08-01 15:57:02,10717,244,94,119.8,120.05,0.05,0
WVnn4jVjj0U,UCN9VGDvz2M3vdR0czEUp6lQ,2026-07-23 22:00:36,13329,221,150,119.99,120.24,0.01,0
WWetITIedww,UCy8OX8RrstkjRrnM5hND_ug,2026-08-06 15:22:38,1040,42,5,119.88,120.13,0.12,0
WWqiu95DB8s,UCBW_PhuXoHk40xF6nO0Q64w,2026-07-14 15:00:17,2661,87,8,120.0,120.0,0.0,0
WWs5Oy97R30,UCdT2nXooUR-X_MdmbER25yQ,2026-08-08 00:00:21,22265,354,49,120.0,120.0,0.0,0
TyZaw5eZkG8,UCp9skQ2mP_DfVL8c3gZQUzg,2026-08-07 20:18:01,57037,497,155,119.95,120.2,0.05,0
Tz26UXPXG2k,UC08-hQbwh7eyr8PlaYG2-sQ,2026-08-12 11:00:32,19992,273,85,119.99,120.24,0.01,0
Tz2ld3JRlMc,UCt8CJiye87FMbEwt0npPMuQ,2026-08-20 12:45:17,3000,64,6,120.0,120.0,0.0,0
Tz4NkD9_-Pw,UCFVRXOqBeh8ynDdYWztewXg,2026-08-02 04:00:06,2925,37,14,120.0,120.0,0.0,0
TzGpoNLdhjg,UCTDBdmaY4m3ipZaLiYA6FWg,2026-08-07 11:12:26,4067,37,7,119.8,120.05,0.05,0
TzM8gT1PsuQ,UCuwnt_REmD4YsCtFJRoqjFw,2026-08-16 02:46:35,27697,264,19,119.98,120.23,0.02,0
TzTRYo314jE,UC3hqiw3lZAXaMwhQvMGZkdw,2026-07-31 13:15:03,4826,50,21,120.0,120.0,0.0,0
TzUfHpEDNOU,UCw1DsweY9b2AKGjV4kGJP1A,2026-08-13 10:01:02,26874,128,43,119.99,120.24,0.01,0
TzWH8hIJDDU,UCvAetSOU_4lyjM5hVMNzN0Q,2026-08-30 16:40:38,56717,551,49,119.84,120.09,0.09,1
TzYWpUCZ1mE,UCYJ0Ucu9jPX5kn6SeDcNaIQ,2026-08-22 02:41:24,202563,1537,121,119.82,120.07,0.07,0
TzcaO5P-0Po,UCZ6mNZTiTUrUSbSYPlclI4A,2026-08-31 13:05:51,11465,494,12,119.92,120.16,0.08,1
TzgvibQ1TOI,UCQfISxq5legTqOt1h1us6lg,2026-07-31 12:39:10,2986,8,0,119.85,120.1,0.1,0
TzhBwe0iKXA,UChHxLcNi7e0zu-e33HM6v6A,2026-07-29 03:06:44,98653,431,165,119.89,120.14,0.11,0
TzsRRz4AT8w,UCrR_fhiJjoW8OJFzUcmlMMA,2026-08-12 10:00:31,8162,77,26,119.99,120.25,0.01,0
Tztv_DhasGA,UC_m_uqd_9s0hZvlgfvCzqbQ,2026-08-11 13:46:22,1024,4,0,119.98,120.23,0.02,1
Tzu-y2X2xuc,UCN8L7Z-dyzu9FzT39RM0fvw,2026-07-15 07:04:07,16493,210,75,119.93,120.18,0.07,0
U-4cIzbYr9A,UCt8CJiye87FMbEwt0npPMuQ,2026-08-06 17:00:30,5560,235,9,119.99,120.24,0.01,0
U-FsG6qptRE,UCzju3TlIRi6tkO9o4gwXdVA,2026-08-22 17:11:05,17149,,27,119.83,120.08,0.08,0
U-SXq6yJ0TM,UCMgTCM5mGx3y4Hg0aMOXrbw,2026-07-25 11:30:09,10486,47,3,120.0,120.0,0.0,0
U-W5cCuG8R4,UCqIwPYLfMd3EoWYwvyTjPnA,2026-08-12 23:00:17,30437,218,23,120.0,120.0,0.0,0
U-Xpn54YHCQ,UCbItyvYa6cqvqtwlU2E9-wA,2026-08-22 14:42:34,3805,326,3,119.8,120.05,0.05,0
U-eLYUf2668,UCPsZX-D7LW99PjZLA-UysPQ,2026-08-09 00:00:33,2203,27,13,119.99,120.24,0.01,0
U-eRU6mtXwk,UCOTJtP0Z9DjpPU43B5m1V6A,2026-08-30 16:07:43,197359,762,15,119.89,120.13,0.11,0
U-hJaI31OnI,UCz5UFGucIyJGH0nf_8d0ghA,2026-07-31 22:02:10,10532,85,23,119.97,120.22,0.03,0
U-rQvOvN7uk,UCzDmGDR5RdahQkLCBoWlTEg,2026-07-13 15:25:41,23063,82,44,119.82,120.07,0.07,0
U-roR-p9g90,UCi5yzN6jpdz2akGTm-mJSKQ,2026-08-29 10:52:51,10210,56,11,119.88,120.13,0.12,0
U-xjxDLI65c,UCPGl9DV2WUgaqGVXtVrhJWQ,2026-08-07 15:00:13,10,0,0,120.0,120.0,0.0,0
U02Erh3AFDY,UC6YqXiwCBfPvPTs3wXgWElQ,2026-07-28 15:09:50,18045,105,78,119.84,120.09,0.09,0
U08SgXJszU8,UCOTJtP0Z9DjpPU43B5m1V6A,2026-08-05 05:30:10,141139,1088,23,120.0,120.0,0.0,1
U0CNWrbPrZE,UCyU5JQ8KVRD9jE4E_xLsHxw,2026-07-17 09:00:18,63,2,0,120.0,120.0,0.0,0
U0CNyA0jNRI,UCktXAh1Sd7wf8eQHc029-8g,2026-07-26 03:48:51,3702,24,13,119.94,120.19,0.06,0
U0O95uRITZk,UC6YqXiwCBfPvPTs3wXgWElQ,2026-08-03 09:58:56,0,0,0,119.77,120.02,0.02,0
U0Q_wDk-TpY,UCElXDMEQqlUnuyDbChjARWQ,2026-08-05 10:00:03,53,2,0,120.0,120.0,0.0,0
U0RhDA3cbgg,UCmwZePdbUmncnpQptdPH2Jg,2026-08-02 06:51:06,26,1,0,119.9,120.15,0.1,0
U0gG1ZcGaDE,UC3_QWAvQRhPW4CDoQU8acKw,2026-07-12 03:00:16,41117,1093,63,120.0,120.0,0.0,0
U0gp87Bm1Mk,UCv1tOT645xHOJrwdGlzjMaA,2026-07-19 11:27:16,32949,324,83,119.8,120.05,0.05,0
U1IvAbCN9gY,UCS-X1uBDTNwAYyydiXjcX9A,2026-08-06 03:40:04,11558,104,3,119.84,120.09,0.09,1
U1QT5VJ9GHM,UCDq6CfnZgtnqXEwG8tqvBfA,2026-07-20 18:13:28,12,0,0,119.78,120.03,0.03,0
U1S6u3nnQ2I,UCV7WE8I_UiAN0fa6Arezx_w,2026-08-11 06:00:02,35,0,0,120.0,120.0,0.0,0
U1YcCjPZNzs,UCt8CJiye87FMbEwt0npPMuQ,2026-07-18 15:00:28,79288,4519,345,119.99,120.24,0.01,1
U1buR3U5HZo,UCRq3CDTZ2qe3HiHrZdQKBvQ,2026-08-14 12:28:22,8797,55,5,119.78,120.03,0.03,1
U1dMcmD3aJg,UCV7WE8I_UiAN0fa6Arezx_w,2026-08-22 18:00:18,39,1,0,120.0,120.0,0.0,0
U1ncTx_keVI,UCZ6mNZTiTUrUSbSYPlclI4A,2026-08-09 11:15:31,27605,909,31,119.99,120.24,0.01,1
U1px4SIwlTA,UCJ_skdHPp19J9qGsgXxjMnA,2026-08-06 08:00:21,7791,140,27,120.0,120.0,0.0,1
U1qt6tn6Qv0,UCiVO_mThS9B3tNc_kzpn-3g,2026-07-27 13:15:12,26653,986,40,120.0,120.0,0.0,1
U20bWG0i3jg,UCt8CJiye87FMbEwt0npPMuQ,2026-08-19 13:45:32,2965,89,1,120.0,120.0,0.0,1
U25F8ax3B2s,UCpcTrCXblq78GZrTUTLWeBw,2026-07-15 23:20:06,377885,2650,1415,119.92,120.17,0.08,0
U2DKOe5atKw,UCgLFbrC7-g0ihBKB0obVPTg,2026-08-06 14:27:09,434,15,2,119.8,120.05,0.05,0
U2GBz7LW6gU,UC6NXJtCn3p-actkvBUlHwDA,2026-08-18 13:30:14,43310,645,11,119.76,120.01,0.01,0
U2GfD0NFoBo,UC_9W6Z5Y3lDpLk47Y_y5ITQ,2026-08-10 00:59:36,24744,328,21,119.76,120.01,0.01,0
U2Yt_0TCz30,UC4VWaR3R17Ruc7j1Cy1-PKQ,2026-07-31 09:15:50,178,8,4,119.99,120.24,0.01,0
U2ixqvswFu0,UC783XWULPW-nDGv_0EYlB6Q,2026-08-14 08:30:28,6623,105,23,120.0,120.0,0.0,0
U2kMONGniRE,UC-FiQR2gg8oiNw98ZdsSX6Q,2026-08-16 15:00:03,2264,14,0,120.0,120.0,0.0,0
U38TQqrvTKU,UCV7WE8I_UiAN0fa6Arezx_w,2026-07-19 06:00:24,77,0,0,120.0,120.0,0.0,0
U3EwKRfjvTk,UCBidluUUxzT_5jVOI_2x2MQ,2026-08-13 13:36:57,119,7,0,119.89,120.14,0.11,0
U3FOT5DLNZM,UCSrQnB-Ip9hc0biFQ3HoKzg,2026-07-25 06:49:37,5443,398,10,119.93,120.18,0.07,0
U3J0SHMWDUs,UCpX86JOUhnrzG7MK8e8Gjbw,2026-08-31 15:52:21,60738,299,292,119.89,120.14,0.11,0
U3SPtFUZ68k,UC4P7F8qenDo1O_5NvgBb_cg,2026-08-24 02:30:03,112022,1020,195,119.76,120.01,0.01,0
U3cdbq9Iv3Q,UCSfhr4gDPFsKuwdmTOWp2jw,2026-08-21 09:30:10,399,7,0,119.76,120.01,0.01,0
U3edVLruHVg,UC-Pn1i_ot4qmG4l7wMZPvyw,2026-08-19 09:02:04,12760,170,21,119.98,120.23,0.02,0
U3htenmSubA,UCt8CJiye87FMbEwt0npPMuQ,2026-07-25 12:45:28,2096,70,3,119.99,120.24,0.01,0
U3zzsIXKz8Y,UCIvLQ5lZ2kebqnLaGv_FP4w,2026-08-26 08:30:01,9722,88,39,119.76,120.01,0.01,0
U4q8mt6jVn8,UCZ_xE8U6MVnpwefrYvl2uvA,2026-08-21 03:00:37,1195,5,0,120.0,120.0,0.0,1
U5-U0ShUCyg,UC8chC5rneP-LHm43q-jF3oQ,2026-07-18 06:03:11,938696,12191,147,119.95,120.2,0.05,1
U56n9rEf0GI,UCq0fwcojiA7ztN0FgTEgfXA,2026-08-14 23:27:41,83,0,0,119.79,120.04,0.04,0
U59sJi8J7ow,UCw1DsweY9b2AKGjV4kGJP1A,2026-08-07 07:59:14,8851,27,15,119.77,120.02,0.02,0
U5Dkjj95cHg,UCby0vMKcLR05ZdS90aZd5og,2026-08-26 02:20:12,1215,4,4,119.93,120.17,0.07,1
U5EchkFzVIA,UCgvtwZJPhSfbKOxh3EoVXng,2026-08-21 12:48:47,20,1,0,119.95,120.2,0.05,0
U5L6sZnFHKY,UC_9W6Z5Y3lDpLk47Y_y5ITQ,2026-08-26 13:28:18,30530,322,39,119.79,120.04,0.04,0
U5SEqzW7SYQ,UCZRH94I89Ps7giJYeK6DlWA,2026-07-22 03:00:34,71119,1023,135,119.99,120.24,0.01,0
U5Uh95RqTIQ,UC4VWaR3R17Ruc7j1Cy1-PKQ,2026-08-11 12:13:00,85,4,0,119.79,120.04,0.04,0
U5do_GFivdc,UCCoU5ViXgoK-_2neelNhQaA,2026-08-20 07:00:22,96047,904,121,120.0,120.0,0.0,0
U5jf54VK98g,UCvUKUkIM67eWFbQemjj2-eA,2026-08-01 13:09:12,45304,1226,90,119.85,120.1,0.1,0
U5nIDrb2Gow,UCl-VnCUwSxDr5zPu-YlDUYw,2026-08-06 08:00:07,147256,1701,63,120.0,120.0,0.0,1
U5sOU0P6Jjo,UCrfB1-zWijAYkgfZW7Ehc8Q,2026-08-03 08:00:11,84967,1060,39,120.0,120.0,0.0,1
U5uUgGU6ijY,UCE8JC9RAVSudDT_8Ji1fuPQ,2026-08-15 08:45:21,102215,1268,80,120.0,120.0,0.0,1
U5x6yNl1uqQ,UCrR_fhiJjoW8OJFzUcmlMMA,2026-07-13 10:00:29,8702,91,18,119.99,120.24,0.01,0
U5zl_g0fCYw,UCgsKeCRaBGH6JlnH6VO_7OA,2026-08-16 16:21:06,61,2,0,119.9,120.15,0.1,0
U6NT6CAHG_I,UCV6mNrW8CrmWtcxWfQXy11g,2026-08-10 14:00:16,164923,10730,437,120.0,120.0,0.0,0
U6Q4gw06B8k,UCQhIdo5nRQY9DB3uo7vawtw,2026-08-28 13:56:41,2644,21,4,119.82,120.07,0.07,0
U6RlLyZMg_4,UCuXE-MdbuaZcPt_2J2kSsSQ,2026-07-11 11:30:55,1742,5,2,119.99,120.24,0.01,1
YIHMRwk-Vdg,UCE-6-bWkikwoP4_ooZNep3g,2026-08-30 22:00:13,7592,377,14,119.76,120.01,0.01,1
YIS7P2Ijvdo,UCHZ9X2Nl3dq8ChEJgScmZCw,2026-08-08 07:01:09,25577,250,25,119.98,120.23,0.02,0
YIfZwUtU8A4,UC-8S20Ll1gzPiu_YY8BgyaQ,2026-07-27 12:53:28,80878,515,68,119.86,120.11,0.11,0
YIgzXSzuplY,UCdcjduaR6hyGHVNmpbJzSsw,2026-07-22 22:24:46,1418,19,1,119.84,120.09,0.09,0
YIhtgZT0zS0,UC9vI-9WYQLXKI6n9XdXXo3g,2026-07-31 00:39:48,31036,268,67,119.84,120.09,0.09,0
YIy4O1_IxSg,UCABvetlXpdOwFz10fCpJkwQ,2026-08-26 02:17:24,68740,789,519,119.97,120.22,0.03,0
YIyLIRBhmPk,UCkd3KAYGnTNPJZZrPOFeWhA,2026-08-31 14:50:53,30066,57,30,119.92,120.17,0.08,0
YJGLz5xhlk4,UCbItyvYa6cqvqtwlU2E9-wA,2026-08-22 16:40:16,21214,800,28,119.84,120.09,0.09,0
YJIiLV2hHkw,UCiVO_mThS9B3tNc_kzpn-3g,2026-08-06 16:00:13,16409,741,17,120.0,120.0,0.0,0
YJOK_OY0KwM,UC3_QWAvQRhPW4CDoQU8acKw,2026-08-14 07:59:46,22465,390,16,119.76,120.01,0.01,0
YJ_6ThPP7gs,UCZaNYFjF_SRRJPVuGX7yMjQ,2026-08-12 11:14:54,608,3,0,120.0,120.0,0.0,0
YJgoSdumpY4,UCpcTrCXblq78GZrTUTLWeBw,2026-07-20 06:56:03,56721,606,125,119.82,120.07,0.07,0
YJidFRE7uj0,UCYG8tuvbQzWsDeoADyJFU8Q,2026-08-22 17:53:53,3479,66,2,119.86,120.11,0.11,0
YJimBL00wOs,UCX11f6rIVaoWGvFnKKyPBNQ,2026-08-15 17:12:13,14955,456,92,119.8,120.05,0.05,0
YJoG9UZ76xM,UCpcTrCXblq78GZrTUTLWeBw,2026-07-26 21:30:21,86050,886,67,120.0,120.0,0.0,1
YJvuwqgoJl8,UCPGl9DV2WUgaqGVXtVrhJWQ,2026-08-28 15:00:35,107,1,0,120.0,120.0,0.0,0
YJw5YtnYIU0,UCpcTrCXblq78GZrTUTLWeBw,2026-07-12 02:00:39,208973,2011,488,119.99,120.24,0.01,0
YJztRMIJiB8,UCBmAvrPyyiohq552LjQvPww,2026-08-10 09:15:21,2953,65,7,120.0,120.0,0.0,1
YKE0TjpkmOs,UCKttwyzsHvW7bCo7YfTacVQ,2026-07-26 19:06:10,2050,19,0,119.9,120.15,0.1,0
YKE0uCz7gCw,UCv1tOT645xHOJrwdGlzjMaA,2026-08-19 10:36:08,20851,175,54,119.91,120.16,0.09,0
YKjM2awjpvI,UCO94iFhOhtdGb4Ze5DUAtbw,2026-07-17 09:00:21,941,43,18,120.0,120.0,0.0,0
YKxknkdGHcA,UC3DYSay178fMMPaf3zHwECA,2026-08-23 08:00:32,38037,1286,58,119.75,120.01,0.01,1
YKzWz5PzOSA,UCnCFD3met1Ip7OngdF9TRDg,2026-08-17 07:54:01,5207,81,15,119.85,120.1,0.1,0
YL2k1t7Wjp0,UCarBV0zWlC2k-HteyeKqfag,2026-07-27 13:49:44,233,36,0,119.92,120.17,0.08,0
YLMB_pftojU,UCqyzJW0VRYRP_sFELZYdxGg,2026-08-30 01:00:24,63383,9,9,119.76,120.01,0.01,1
YLOiq2wzTic,UCPGl9DV2WUgaqGVXtVrhJWQ,2026-08-03 15:00:30,5,0,0,119.99,120.24,0.01,0
YLSY72sxheY,UCtGMgPWJNU2Aj-SNK0zg0Sg,2026-08-22 09:30:00,37049,324,38,119.76,120.01,0.01,1
YLeIS0ulE-g,UCRpdlPk671uOMiBtf5HtB3Q,2026-08-24 09:54:19,23461,228,77,119.85,120.11,0.11,0
YLh1WYW5EgU,UC7wosSPUA3os3b3-RMZZe6g,2026-08-12 08:00:16,3795,32,19,120.0,120.0,0.0,1
YLjIiCMDSTA,UCSzHok6X5qXEO7cjvVnE62g,2026-08-28 10:00:07,102087,231,60,119.76,120.01,0.01,0
YMGz0zvxfBQ,UCgLFbrC7-g0ihBKB0obVPTg,2026-08-27 15:50:40,576,12,3,119.92,120.17,0.08,0
YMH6NPiFZJQ,UCDLDbittWhk2KXvaCT0YpZQ,2026-08-23 03:00:29,20754,770,53,120.0,120.0,0.0,0
YMIYtwtusjM,UCL_IvtOZo6sONpiydbzzHpA,2026-07-28 15:00:08,64803,922,277,120.0,120.0,0.0,0
YMN5bN2d5c0,UCmiTZyj9GwMjyznZxrgCH4Q,2026-08-14 08:25:54,28352,498,66,119.82,120.07,0.07,0
YMVnrwPmCNk,UCe9jDZNCsC4sH-Ln2Fn99FQ,2026-08-20 10:07:16,30,0,0,119.88,120.13,0.12,1
YMVvPkQ0LaM,UCvrxJgD0T_TFvgsO2nA-fDQ,2026-08-30 16:56:37,147530,622,164,119.82,120.07,0.07,0
YMdGP2XLaOg,UCDbOXmGL7EkmOcnUb5Kki4A,2026-07-22 10:54:01,21552,329,107,119.85,120.1,0.1,0
YMi_81yX_9Q,UCt8CJiye87FMbEwt0npPMuQ,2026-07-29 02:47:22,32792,1004,64,119.96,120.21,0.04,0
YN48F4cl1FA,UC2yOBpLVwB7kzt9C5ZPbB7w,2026-08-07 12:00:11,377510,4728,268,120.0,120.0,0.0,1
YN5C_dRCuLs,UC6fx3aU3i3C51oXwXm8idTQ,2026-07-16 14:24:54,2,0,0,119.84,120.09,0.09,0
YN9F_HsCHY8,UCPGl9DV2WUgaqGVXtVrhJWQ,2026-08-22 15:00:10,6,0,0,119.76,120.01,0.01,0
YNDCbNL4nK8,UCvPDPTxTLitVEyGu4Xt6m8g,2026-07-26 05:37:20,27018,74,4,119.88,120.13,0.12,1
YNSOERQti7M,UCPuD5ZRQWa_JCaY5NokNhtg,2026-08-22 03:44:20,457,9,7,119.77,120.02,0.02,0
YNYK4vVuBFc,UCc1VJX_5Z2RdGi58XU4IfbA,2026-08-08 06:30:05,387,12,1,120.0,120.0,0.0,0
YNdOllmmW6Y,UCYxwKnNRv4FurQxeKcuR0Sw,2026-08-04 03:00:12,12,2,0,120.0,120.0,0.0,0
YNi-N7G9bC8,UCwBkHOTyu57NQi0syf5MLig,2026-08-15 03:00:22,425041,3093,142,120.0,120.0,0.0,1
YNphWVRZPhs,UCBA9XaL5wCdHnC5EmEzwrqw,2026-08-14 03:00:39,352791,2177,174,119.99,120.24,0.01,0
YO09qHkvJvQ,UCPGl9DV2WUgaqGVXtVrhJWQ,2026-07-11 15:00:10,7,0,0,120.0,120.0,0.0,0
YOd_DfFm238,UCaN1Qp37sHiCdQuSaXa3fVw,2026-08-23 07:02:04,107177,,84,119.98,120.23,0.02,1
YOey5qnR8mE,UCaHIZAKows704_gk6bjdAog,2026-08-22 23:30:27,79102,1026,243,120.0,120.0,0.0,0
YOgLpXLxyqI,UCuWcjpKbIDAbZfHoru1toFg,2026-08-14 08:34:37,11248,431,3,119.93,120.18,0.07,0
YOjW9DUpnq4,UC7hwQp3F6P_OwyRM14p88iQ,2026-08-15 15:31:30,36270,238,0,119.98,120.23,0.02,0
YP03V2i5Icg,UCw1DsweY9b2AKGjV4kGJP1A,2026-08-06 10:30:18,38136,157,24,120.0,120.0,0.0,1
YPDvMq5tZFg,UC3Oe-jfrIqEGygxYBYyN6jQ,2026-08-01 11:47:36,4153,91,0,119.96,120.21,0.04,0
YPRuQTFYUTk,UCpTNtH8yc1Kdl_YFfsQsTYA,2026-08-11 09:30:34,43476,132,6,119.99,120.24,0.01,1
YPmBIPXOfRA,UCPGl9DV2WUgaqGVXtVrhJWQ,2026-07-31 13:52:12,2,0,0,119.88,120.13,0.12,0
YPoK7MDdgag,UCZ6mNZTiTUrUSbSYPlclI4A,2026-08-15 10:00:13,7531,199,8,120.0,120.0,0.0,1
YPxWA88IrJ4,UCuWDza8A_ntbjwBZgW0ZSNw,2026-08-21 03:15:16,75957,683,26,119.76,120.01,0.01,1
YPz1-ZPa9FY,UC-okJdotaXPlzivRzHFqzuA,2026-07-28 02:59:04,103869,1267,21,119.77,120.02,0.02,0
YQ-2C40PKqQ,UCKrprPfevcAZpPuRnCO6xOA,2026-08-21 06:09:58,49,0,0,119.85,120.1,0.1,0
YQ3H76RRKHU,UC-FiQR2gg8oiNw98ZdsSX6Q,2026-08-20 12:00:37,2582,17,0,119.99,120.24,0.01,0
YQ8uEsfAPHU,UCms8Ge7H1ZGgw6nV94fUhUQ,2026-07-11 09:00:24,22044,361,113,119.99,120.25,0.01,1
YQHZn9PRt-k,UCgvtwZJPhSfbKOxh3EoVXng,2026-07-31 12:51:14,31,1,0,119.9,120.15,0.1,0
YQJBqWe6YVE,UCYooECrv-fIXlPaDwEIaveA,2026-08-16 09:01:33,35316,396,77,119.98,120.23,0.02,0
YQKTjsE3fnQ,UCXVVG5ZM3SJJCh94xatR8Dg,2026-08-04 06:15:05,2093,13,1,120.0,120.0,0.0,1
YQXGihxRcEU,UCdK9h1ILxS49c2LguBUY3rw,2026-08-17 21:51:57,19,4,0,119.89,120.14,0.11,0
YQg_tjg-dM4,UC6LLMkdyses2ugPRNEXutMQ,2026-08-30 10:15:28,26108,177,11,119.76,120.01,0.01,1
YQq9sX3S80E,UCdGiRd1dTixfQxQrb2pbn5Q,2026-07-23 10:56:51,17244,329,20,119.8,120.05,0.05,1
YQtnhm8auIk,UCBtJuwDt6LlXp2YASC-ZMdA,2026-08-07 11:00:31,2278,15,1,119.99,120.24,0.01,1
YRXKb6_wA-0,UC_m_uqd_9s0hZvlgfvCzqbQ,2026-08-13 01:21:50,1210,3,1,119.89,120.14,0.11,1
YR_V2J63LOI,UCHZ9X2Nl3dq8ChEJgScmZCw,2026-07-28 08:40:28,23094,263,63,119.83,120.08,0.08,0
YRdB0QS6e2w,UCuWDza8A_ntbjwBZgW0ZSNw,2026-07-17 03:00:37,30807,242,28,119.99,120.24,0.01,0
YRewy90hwlA,UCSl8TBqqflby-ymdEQVfRNQ,2026-08-31 14:48:27,58048,558,69,119.95,120.21,0.05,1
YRqSiryyOgA,UC2yOBpLVwB7kzt9C5ZPbB7w,2026-08-08 20:00:05,67103,870,8,120.0,120.0,0.0,1
YRuhV-OftHU,UCd9oeoY-jLSkhd-J5y_1aYg,2026-08-15 15:58:54,1113,5,1,119.77,120.02,0.02,0
YS2QgMTp_8s,UCJmnOEp1-OITEU0mk4icM5A,2026-08-12 05:00:10,179442,1708,302,120.0,120.0,0.0,1
YS2s9PHenmc,UCaZv-jDn5Mq5KJ1buXDRd4w,2026-08-04 10:00:06,28939,339,176,120.0,120.0,0.0,0
YS7H3vYtYdA,UC_9W6Z5Y3lDpLk47Y_y5ITQ,2026-07-25 01:13:27,18355,256,36,119.78,120.03,0.03,0
YS91K_BYLLE,UC9DNu8JRIcE-rpo9eBx1ffw,2026-08-07 05:28:19,3711,21,18,119.78,120.03,0.03,1
YSHD1bxFqS0,UCei_ecYpQqFjYhjLaDPr2Lw,2026-08-13 02:52:06,55,6,0,119.88,120.14,0.12,0
YSOBoIudWzc,UCL2ZLyAV0H9Pvi46W7TGdHQ,2026-08-16 01:00:00,991136,7575,258,120.0,120.0,0.0,1
_umph_E9RIU,UCV7WE8I_UiAN0fa6Arezx_w,2026-08-31 06:00:26,375,0,0,119.76,120.01,0.01,0
_v0633JgjOs,UCzps05UZ7XpX3SFoFyYIDow,2026-07-31 02:48:56,54532,214,85,119.94,120.19,0.06,1
_vCI6UUSdTQ,UCFrKhWvZ8oeJQTNP5ZabgJw,2026-08-14 06:46:48,70656,856,92,119.97,120.22,0.03,1
_vKjaqEg80E,UCV7WE8I_UiAN0fa6Arezx_w,2026-08-30 08:00:24,5379,5,0,119.76,120.01,0.01,0
_vLlW4C8HKo,UCifCesg-EUkjKyQedaB3hRg,2026-08-14 01:47:41,6856,117,6,119.96,120.21,0.04,0
_vMFb1Qx_j0,UCzVXdulvpgEoI8yuFMmhxJw,2026-08-07 13:30:07,152781,5693,17,120.0,120.0,0.0,1
_vP5CQbav1E,UCNZiNM2pP6uhIlTQVS2Q5fA,2026-08-27 09:00:21,299929,3787,388,119.75,120.01,0.01,1
_vXVvJf-62s,UCYJDUekoQz0-bo8al1diLWQ,2026-08-19 10:01:06,324049,3705,347,119.99,120.24,0.01,0
_vXjlWsr14g,UCFVRXOqBeh8ynDdYWztewXg,2026-08-13 09:00:17,4851,108,20,120.0,120.0,0.0,0
_vcgR06IS8k,UCmcBe97VA2LqVEQUeeZl6Ew,2026-08-31 09:00:37,219203,507,118,120.0,120.0,0.0,0
_vgoA8LK3hY,UC3ozN5tHi449NhCDE6Xtmwg,2026-07-13 04:54:54,304496,2458,42,119.84,120.09,0.09,1
_w5P5IOi0qs,UChLqHuZV0PENIBYxDgXyPLQ,2026-08-20 11:51:34,11953,193,2,119.9,120.15,0.1,1
_w82A9t-lKU,UCO8ToDSM2Gvt3EZdOdosxTw,2026-08-04 09:00:22,82115,1225,72,120.0,120.0,0.0,0
_wDA2LR_v8w,UC_e83kYlGHWbsrr8QCfV_ag,2026-08-25 12:03:51,5274,17,2,119.95,120.2,0.05,0
_wFKingXKog,UCKUUL3fMVvYVZdGkKhhjP0A,2026-08-16 02:29:31,78903,1211,35,119.76,120.01,0.01,1
_wHMyHp-fyA,UCyoKcrOcBEY4rmLYkDuXErA,2026-07-26 14:16:39,48364,607,10,119.97,120.23,0.03,1
_wJEKoEu_q4,UCrR_fhiJjoW8OJFzUcmlMMA,2026-08-16 08:00:39,8774,69,20,119.99,120.24,0.01,0
_wKKUiBR4uM,UCFCt5RYu41HTg4eX1jdHNxw,2026-08-21 23:25:20,15150,97,1,119.84,120.09,0.09,0
_wYCjrHF248,UCnDcpS7XLQ9KFPqULb9TH8g,2026-08-22 06:01:48,209631,1727,53,119.98,120.23,0.02,1
_waiO-TV0W4,UCyU5JQ8KVRD9jE4E_xLsHxw,2026-08-01 09:00:22,70,2,1,120.0,120.0,0.0,0
_wzRQDFh0oU,UCV7WE8I_UiAN0fa6Arezx_w,2026-08-18 08:00:07,53,0,0,119.76,120.01,0.01,0
_x853dMXSt0,UCZCZHg_oJiHcrcj2vaPRCag,2026-08-27 09:00:27,1772,0,0,120.0,120.0,0.0,0
_xD0CdqzXIc,UC6JB_a6rD1lZ_aZgQvORfrQ,2026-08-22 01:19:17,7558,95,0,119.94,120.19,0.06,0
_xEYrpDBRqc,UCVqmxk6oNOHj9RFVo4uP_lw,2026-07-31 13:10:26,490,64,7,119.83,120.08,0.08,0
_xFGsvKqE9E,UCAl4HWznMn7KhKBRFO5eiFA,2026-07-14 10:00:32,14647,324,11,119.99,120.24,0.01,1
_xFosugVDvE,UCN7FA8FwikP2p5Vrs5kiivw,2026-08-02 13:00:11,31978,916,31,120.0,120.0,0.0,1
_xNF_HVGNQA,UCXCa03lRK6tlntZoJ7TUWRw,2026-08-01 02:00:06,64151,1646,279,120.0,120.0,0.0,0
_xODv79XGd8,UC_m_uqd_9s0hZvlgfvCzqbQ,2026-08-23 12:12:53,1212,5,0,119.8,120.05,0.05,1
_xQG-Q4UURM,UCi5yzN6jpdz2akGTm-mJSKQ,2026-07-30 02:00:07,256,20,5,120.0,120.0,0.0,0
_xS7RYW9dvI,UCvAetSOU_4lyjM5hVMNzN0Q,2026-08-10 16:40:32,138086,851,50,119.83,120.08,0.08,1
_xlR6X74ucw,UCb5NLtXAsTBrmaZVhyFa-Wg,2026-07-24 09:15:12,96150,466,118,120.0,120.0,0.0,0
_xz9aylffSE,UCmcBe97VA2LqVEQUeeZl6Ew,2026-08-05 09:33:12,79661,528,95,119.95,120.2,0.05,0
_y2YsBntmW8,UCuWDza8A_ntbjwBZgW0ZSNw,2026-07-14 03:20:54,27077,550,5,119.9,120.15,0.1,0
_yCJTZr6Y7Q,UCEg24oF81p-THPtp3otdmTA,2026-07-23 09:00:17,17011,869,49,120.0,120.0,0.0,1
_yINM87NbI4,UCSrQnB-Ip9hc0biFQ3HoKzg,2026-08-10 04:15:41,27349,861,36,119.99,120.24,0.01,1
_yJOG7MMMnE,UCm1JuixwDoQEDi5RfcRuHJg,2026-08-22 02:00:20,58618,1503,200,119.75,120.01,0.01,0
_yNe_c6JWCg,UCarBV0zWlC2k-HteyeKqfag,2026-07-31 13:39:18,245,27,0,119.85,120.1,0.1,0
_ySLEHySiv0,UCijUV3SuVe_qErzBpdOmKIA,2026-08-23 06:00:07,4555,82,76,119.76,120.01,0.01,0
_yT9MI3_gaM,UCt8CJiye87FMbEwt0npPMuQ,2026-08-26 17:47:01,5331,113,14,119.98,120.23,0.02,0
_y_yoYzAFdQ,UCZ_xE8U6MVnpwefrYvl2uvA,2026-07-24 09:00:01,18,0,0,120.0,120.0,0.0,0
_yaI8q3fxQE,UCcNdwtZ7ulFFxngmnzsWQNA,2026-08-03 02:00:24,8078,134,32,120.0,120.0,0.0,0
_yavsyIqT48,UCv1tOT645xHOJrwdGlzjMaA,2026-07-20 09:00:32,50017,1684,165,119.99,120.24,0.01,0
_ycxbTVPD8U,UCJDXc9JWCZo-nLNKr_-L2Ng,2026-08-12 14:00:05,2885,114,3,120.0,120.0,0.0,0
_ydC0yusB7s,UC4oe-OVZ2Ho-03yrMkrXomQ,2026-08-01 23:00:07,149797,1734,29,120.0,120.0,0.0,1
_yiKx6VVbxc,UCvagJYsZ_uvB3jJoNwuimZQ,2026-08-02 13:56:44,14916,37,0,119.81,120.06,0.06,0
_ynTyN2os8o,UCEuP8zMn3ln3ZqJa85dp9JQ,2026-07-30 08:45:24,17024,1287,34,120.0,120.0,0.0,1
_yrcq5w7a5o,UCSgvQDek_7CQj08fu7kp1Iw,2026-08-07 09:00:16,75115,1760,334,120.0,120.0,0.0,0
_yteR-Z__ZI,UCk1NTIlGP27bQEumkw6sDVA,2026-08-17 09:00:21,13858,148,24,120.0,120.0,0.0,0
_zQ6mFVttBo,UCt8CJiye87FMbEwt0npPMuQ,2026-08-05 13:00:03,239043,9673,433,120.0,120.0,0.0,0
_zRs2Jlcua0,UCyZtdaxIiGb4wp5AmkEMrwQ,2026-08-13 08:54:31,6906,186,26,119.84,120.1,0.1,0
_zasSL1COxc,UC5ThQKdocwo_9UurfT5P_ww,2026-08-16 09:16:16,258305,3398,1439,119.98,120.23,0.02,1
_zcQ7Jkvsd0,UCAl4HWznMn7KhKBRFO5eiFA,2026-08-15 12:53:43,8821,48,2,119.86,120.11,0.11,1
_zckyL8H6n0,UCa8Z4uUp51Aqtx4Fq4-3wMA,2026-07-31 04:53:50,1971,16,8,119.86,120.11,0.11,1
_zrKpOeNzr4,UCPGl9DV2WUgaqGVXtVrhJWQ,2026-07-14 15:00:37,12,0,0,119.99,120.24,0.01,0
_zwFsMrNWyo,UCxpXguPL_B5pz7Gq8ozfwlA,2026-07-29 17:02:07,7751,37,0,119.97,120.22,0.03,0
_zyNkNSGZJI,UCoSniqkitCpxlHrQd5L8A1w,2026-07-24 12:28:44,1712,6,0,119.77,120.02,0.02,1
a-8t7BqvGjU,UCpcTrCXblq78GZrTUTLWeBw,2026-07-12 02:15:00,100532,915,364,120.0,120.0,0.0,0
a-D1ta9GJ5Y,UC9vz3TBChrJmYbzUo-rqfSg,2026-08-14 03:34:38,27621,348,118,119.93,120.18,0.07,0
a-HD8SvYsag,UCrY2B2XX41ReYh9DIWrFfCg,2026-07-24 11:23:38,9444,,11,119.86,120.11,0.11,0
a-I1wRSI9_8,UC6JB_a6rD1lZ_aZgQvORfrQ,2026-08-24 23:45:49,2324,32,0,120.0,120.0,0.0,0
a-LtbgJUnus,UCarBV0zWlC2k-HteyeKqfag,2026-08-06 19:46:34,7565,30,0,119.98,120.23,0.02,0
a-Nu4E26W2o,UC3foO9bhZJHkeROLdu0m2MQ,2026-07-30 07:30:03,4856,164,23,120.0,120.0,0.0,0
a-OqeZy-Aqg,UCJDXc9JWCZo-nLNKr_-L2Ng,2026-08-07 14:00:25,1378,68,4,120.0,120.0,0.0,0
a-dq89C7Y9s,UCnCFD3met1Ip7OngdF9TRDg,2026-08-10 02:54:47,5369,68,16,119.84,120.09,0.09,0
a-sidgHVDfU,UC08-hQbwh7eyr8PlaYG2-sQ,2026-08-03 10:00:19,15700,245,173,120.0,120.0,0.0,0
a-zEbwBGVdc,UCF5RrlbsxJjAVLWgOCoNHMg,2026-08-21 03:56:45,14169,414,21,119.82,120.07,0.07,1
a07z1uxSi9k,UCnMshUhBxDsKFPnxBGmGEpg,2026-08-10 16:54:51,1246,48,18,119.84,120.09,0.09,0
a0CBqfPDlas,UCby0vMKcLR05ZdS90aZd5og,2026-08-04 04:18:23,6460,5,2,119.95,120.2,0.05,1
a0DIyul6gzg,UCXVVG5ZM3SJJCh94xatR8Dg,2026-07-26 06:00:23,1840,27,1,120.0,120.0,0.0,1
a0DqTeiSEKs,UCcZLS3cRPf6ObjvKuPM7KDw,2026-08-08 12:54:21,4659,22,2,119.85,120.1,0.1,1
a0K-yY23Ea8,UCVqmxk6oNOHj9RFVo4uP_lw,2026-08-29 00:26:47,6572,76,30,119.82,120.07,0.07,0
a0QG53R4_3I,UCPuD5ZRQWa_JCaY5NokNhtg,2026-08-09 15:47:34,576,4,2,119.96,120.21,0.04,0
a0Yc8wpPwww,UC59jWhPazXYi8Ny4vake45A,2026-08-27 20:29:12,5384,104,15,119.78,120.03,0.03,0
a0f6Nm-_dNQ,UCby0vMKcLR05ZdS90aZd5og,2026-08-03 02:26:43,12323,10,5,119.81,120.06,0.06,1
a0g3l9nLRDY,UCcJliZnsRbNw4I4uWSGq_wA,2026-08-16 07:02:31,762,3,0,119.96,120.21,0.04,0
a0qFmYVSf8I,UCS-X1uBDTNwAYyydiXjcX9A,2026-07-24 06:16:00,16495,205,32,119.99,120.24,0.01,0
a1B6jbfDP1U,UCHoo90P0hvh2rrbGvX53G0A,2026-08-13 21:00:17,2133,36,0,120.0,120.0,0.0,0
a1T_Ww4xxGI,UCawK5EIfr66Z7fjAlZgfB2g,2026-07-31 02:35:48,4293,,0,119.91,120.16,0.09,0
a1TuGlZmOVQ,UClwuK569whFirD9-u7luRbw,2026-08-19 13:51:28,10,1,0,119.9,120.15,0.1,0
a1e8dqAWc3E,UCpcTrCXblq78GZrTUTLWeBw,2026-07-15 23:38:42,21329960,231028,1582,119.86,120.11,0.11,1
a1fyYpYq8AI,UCZ6mNZTiTUrUSbSYPlclI4A,2026-08-10 04:35:00,11538,381,21,119.92,120.17,0.08,1
WX3ljcJ38Vo,UCUbOogiD-4PKDqaJfSOTC0g,2026-08-05 11:29:51,76460,376,92,119.75,120.01,0.01,0
WXUu-yWJ1ec,UCVWAdUQGUiY2Kzh0JoB5PtQ,2026-08-28 08:57:05,5716,129,12,119.81,120.06,0.06,0
WXWzY7r7sVY,UCbItyvYa6cqvqtwlU2E9-wA,2026-08-06 22:21:43,12820,630,7,119.89,120.14,0.11,0
WXbHyA8ihao,UC14G5tdSndPhP47RTVgMXcg,2026-08-15 08:40:19,570,18,0,119.83,120.08,0.08,0
WXgWKSRXpr0,UCxPMcxq7WJ32M3lnFn58Cpg,2026-08-18 12:43:31,3484,9,7,119.79,120.04,0.04,1
WXwPIN0f20Y,UC_m_uqd_9s0hZvlgfvCzqbQ,2026-08-12 03:00:17,1203,42,6,120.0,120.0,0.0,0
WY4UkPVvtao,UCFCt5RYu41HTg4eX1jdHNxw,2026-08-26 12:54:31,5977,30,6,119.85,120.1,0.1,1
WYCb_q0nOJs,UCdK9h1ILxS49c2LguBUY3rw,2026-08-25 10:45:07,160,0,0,119.76,120.01,0.01,1
WYJQqnwWVdI,UCzRPPKLkNxjD2of-0Xxfnjw,2026-08-14 08:12:53,11229,263,47,119.79,120.04,0.04,0
WYOKAPp2BXg,UCNu00qhYj4nPeMNdxuwV6sg,2026-07-21 13:58:05,1116,33,0,119.78,120.03,0.03,0
WYnNi5i8K3Q,UCqPN9LAkx20aBWOafwvQB-Q,2026-08-09 23:00:12,183157,6834,510,120.0,120.0,0.0,0
WZ47HBnCeZw,UC3ozN5tHi449NhCDE6Xtmwg,2026-07-23 11:36:49,14511,174,41,119.89,120.14,0.11,0
WZ9hK7MhS9g,UCE-6-bWkikwoP4_ooZNep3g,2026-08-16 22:00:36,82015,1542,30,119.99,120.24,0.01,1
WZAKvsujUk0,UCt8CJiye87FMbEwt0npPMuQ,2026-07-16 20:45:08,21835,810,85,120.0,120.0,0.0,1
WZDc2ZxzGDs,UC5XxoFRHYOG7pjjfkEwgpug,2026-08-06 23:21:26,0,0,0,119.9,120.15,0.1,0
WZE4ot8rNlg,UCab17MxxnFtAhGsJVTkSkCg,2026-08-19 15:19:13,2157,30,3,119.94,120.19,0.06,0
WZNT1YWy0h0,UC1Ns07Rw0lQK-KuaPHfRRTw,2026-07-22 14:40:02,3,0,0,119.83,120.08,0.08,0
WZTCeK1jLAQ,UCZCZHg_oJiHcrcj2vaPRCag,2026-08-23 16:07:05,100,1,0,119.89,120.14,0.11,0
WZXKMJ15mOk,UC2yOBpLVwB7kzt9C5ZPbB7w,2026-08-18 04:00:37,259431,4330,65,119.99,120.24,0.01,1
WZugYLntG_8,UCaY7wcqhFb_c2eQ1eRB8rOQ,2026-08-07 12:15:21,2062,31,10,120.0,120.0,0.0,0
WZvP3GuW_-0,UC027x98NgUBw9K4aPT8k0mg,2026-08-15 12:00:06,9934,85,29,120.0,120.0,0.0,0
W_1iB-MzoXM,UCS7gEaMmBPAaI8dHNnrSofg,2026-07-26 10:20:55,61042,,47,119.9,120.15,0.1,0
W_4hXo1MEg0,UCuCmLrNT5MbpqfrSSKHqTug,2026-08-13 09:05:11,6026,35,7,119.92,120.17,0.08,0
W_IVipmCgH4,UCV6mNrW8CrmWtcxWfQXy11g,2026-08-03 10:00:01,939138,36172,632,120.0,120.0,0.0,1
W_fRJhkgZIU,UCTK7GGeH0c9INAEnV2EfD0Q,2026-07-31 06:20:59,144092,2579,12,119.9,120.15,0.1,1
W_kdzYm2z1M,UCoH2pCzAr6zWDG-LtUiLWRw,2026-07-28 23:00:18,50703,560,107,120.0,120.0,0.0,0
Wa-KA4H41zw,UC1Il94cQwl93Zun8ax1Qjlw,2026-08-30 22:33:57,1086,2,0,119.95,120.2,0.05,0
Wa09Z1aif1o,UCq0fwcojiA7ztN0FgTEgfXA,2026-07-30 02:51:03,72,1,0,119.9,120.15,0.1,0
Wa4C4SLdRJk,UCCd3jyJmOFzkJEMj5Bp89rw,2026-08-29 16:14:01,29301,620,34,119.78,120.03,0.03,0
Wa4o5PjzijU,UCV6mNrW8CrmWtcxWfQXy11g,2026-07-29 14:00:25,11208,909,76,120.0,120.0,0.0,0
Wa9g0wrMBvc,UCPsZX-D7LW99PjZLA-UysPQ,2026-08-09 03:00:07,417,4,0,120.0,120.0,0.0,0
WaUaDoLPNAk,UCzDyC6JMEXEufozffWzI9Mg,2026-08-19 04:00:14,64898,795,86,119.76,120.01,0.01,1
WagO5rwi75w,UCdK9h1ILxS49c2LguBUY3rw,2026-08-15 11:30:25,9,2,0,120.0,120.0,0.0,0
Wah-wKHlUv8,UCpcTrCXblq78GZrTUTLWeBw,2026-07-17 09:30:33,57643,661,86,119.99,120.24,0.01,0
Wap-iWT6fL0,UCnMshUhBxDsKFPnxBGmGEpg,2026-08-27 07:45:29,299,3,1,120.0,120.0,0.0,0
WavNz2ct_SQ,UCc1VJX_5Z2RdGi58XU4IfbA,2026-08-22 13:45:09,101282,819,37,119.76,120.01,0.01,0
Wb7ojOlSAOc,UCAl4HWznMn7KhKBRFO5eiFA,2026-08-06 09:02:58,1429,13,1,119.95,120.2,0.05,0
WbQlJjSapCc,UC_9W6Z5Y3lDpLk47Y_y5ITQ,2026-08-24 03:23:02,18986,190,16,119.88,120.13,0.12,0
WbfYwaBj7Nw,UCpTNtH8yc1Kdl_YFfsQsTYA,2026-08-05 08:22:13,13855,36,1,119.89,120.13,0.11,0
Wbi7hJaIqy0,UC7hwQp3F6P_OwyRM14p88iQ,2026-08-20 08:30:29,2730,20,6,120.0,120.0,0.0,0
Wbn2xJRMjds,UCrfB1-zWijAYkgfZW7Ehc8Q,2026-08-10 08:00:14,79418,2477,202,120.0,120.0,0.0,0
Wc9RtbJ30ow,UCmvMUe1GqpZFkj1e-V532LA,2026-07-30 00:52:42,301,3,0,119.87,120.12,0.12,0
WcDANU4pn2o,UCXyR5IAVMaId9kpuCrQWpPg,2026-08-15 13:00:20,1385,61,35,120.0,120.0,0.0,0
WcDRIg3CtaA,UCElXDMEQqlUnuyDbChjARWQ,2026-08-26 12:00:12,598,0,2,119.76,120.01,0.01,0
WcFa67reAfw,UCwBkHOTyu57NQi0syf5MLig,2026-08-24 08:00:14,140479,1229,56,119.76,120.01,0.01,0
WcLlkFw1m8A,UCV7WE8I_UiAN0fa6Arezx_w,2026-08-03 15:00:24,54,2,0,120.0,120.0,0.0,0
WcPz26Fy69c,UC7wosSPUA3os3b3-RMZZe6g,2026-08-17 10:00:26,372,15,23,120.0,120.0,0.0,0
WcUNDfMjC7g,UC2k1bSUZ4X02jMs_sTS9jiQ,2026-08-07 12:00:06,6519,124,5,120.0,120.0,0.0,0
Wcg8cwqdePQ,UCdm06VHBWF5Mg5kYxffzikw,2026-07-28 14:33:41,15125,117,56,119.94,120.19,0.06,0
WcgLQ-JBoSg,UCYjNEoVziojh1ZCum1q0PNQ,2026-08-30 01:15:26,36940,747,38,120.0,120.0,0.0,1
WclR4VY-Vao,UCLbehOwlIi6QrfZNhC39t4Q,2026-07-28 10:44:27,21387,382,27,119.76,120.01,0.01,0
Wcxb-yXP-ac,UCtVBI7YLJyDvrx7iWAukx_Q,2026-08-13 02:00:35,96224,3311,68,119.99,120.24,0.01,0
WcyUeB1A3ZA,UCl-VnCUwSxDr5zPu-YlDUYw,2026-08-10 08:00:13,48607,781,60,120.0,120.0,0.0,1
Wd0aoaf9aRs,UCtVBI7YLJyDvrx7iWAukx_Q,2026-08-09 02:00:17,393528,13373,960,120.0,120.0,0.0,0
Wd1chGQ7eGM,UCb3FktMOqZJLzAkWLwVAYow,2026-08-01 10:00:18,5019,169,22,120.0,120.0,0.0,0
Wd8BgiPQWSI,UCpI-AhCT02iQRGLC2ZcY0Jw,2026-08-17 09:04:07,34641,397,306,119.94,120.18,0.06,0
WdMTPrODp8U,UC4P7F8qenDo1O_5NvgBb_cg,2026-08-07 02:30:35,126975,1242,266,119.99,120.24,0.01,0
WdMY0bfCeDE,UC60HSePkZwGFzRj6VSDa6Ew,2026-08-29 06:50:57,23861,307,27,119.92,120.17,0.08,0
WdOPX7Y5iQ4,UCTUnpbuKoOODvhLhCO_kO_A,2026-08-18 06:00:01,3057,20,1,119.76,120.01,0.01,1
WdR_5euL3J4,UC5grrciAyUF4xjd42XhV-1Q,2026-08-11 00:11:02,4252,,0,119.82,120.07,0.07,0
WdZEi9Dd3rA,UCbFLnCfOet-u_kFyA7uX-9Q,2026-08-30 07:51:43,56083,583,163,119.9,120.15,0.1,0
WdaiA6rVXPQ,UCOV7VUv7pBCETy6VrpFraoQ,2026-07-10 23:31:27,450,4,0,119.98,120.23,0.02,1
WdbE77-5y1E,UCgLFbrC7-g0ihBKB0obVPTg,2026-08-07 16:10:22,0,0,0,119.83,120.08,0.08,0
Wdyfp-ADoFw,UCBA9XaL5wCdHnC5EmEzwrqw,2026-08-30 10:02:53,1223650,4889,593,119.97,120.22,0.03,0
Wdz_9YF1nkk,UCT-UsvGz4gm7lezXvCEex9A,2026-07-30 08:00:32,248,15,7,119.99,120.24,0.01,0
WdzaIZTZ_Hw,UCvAetSOU_4lyjM5hVMNzN0Q,2026-08-08 16:40:10,60282,511,46,119.83,120.08,0.08,1
We9gzjUPHQg,UCvPDPTxTLitVEyGu4Xt6m8g,2026-07-31 09:00:10,30719,186,16,120.0,120.0,0.0,1
WeFjFl7aAGk,UC7lwS-aSDzYHZJ9uWuzySwQ,2026-08-15 23:00:26,1853,4,11,120.0,120.0,0.0,1
WeMgSQZHVqk,UC2U8C7lmbQpfBeAW8fTP_jg,2026-08-28 05:09:26,52860,413,36,119.85,120.1,0.1,0
WecMlKChCwg,UChKYbZ9fSz8DMM6wU-t1lMQ,2026-07-22 12:27:41,11616,227,4,119.79,120.04,0.04,0
WengxuA6ouc,UCifCesg-EUkjKyQedaB3hRg,2026-08-22 02:56:51,406,6,0,119.81,120.06,0.06,0
WeoUZ0JLmLA,UCPuD5ZRQWa_JCaY5NokNhtg,2026-08-06 09:36:00,405,6,3,119.9,120.15,0.1,0
WeryQyYY-zk,UC5Yx9RlmznXDUEIrfoSqheA,2026-08-14 05:04:45,41,3,0,119.92,120.17,0.08,0
Weyf_i9JQRY,UCAl4HWznMn7KhKBRFO5eiFA,2026-08-14 10:30:03,19865,92,3,120.0,120.0,0.0,1
WfAE4bquzhA,UC9vz3TBChrJmYbzUo-rqfSg,2026-08-05 01:45:24,23930,216,76,120.0,120.0,0.0,0
WfHXwykdgCg,UCw1DsweY9b2AKGjV4kGJP1A,2026-07-12 12:50:20,277688,1747,722,119.91,120.16,0.09,0
WfTE0itrfN4,UCZHBZUrLKMoL6FxpvdRzhKA,2026-07-25 00:21:59,2063,16,0,119.89,120.14,0.11,0
WfZE3Cm4ABE,UCDHGqgpiHQAsE0UiltRqhfQ,2026-08-19 09:30:09,23942,63,31,119.76,120.01,0.01,0
Wfpv5uEerKw,UCPv0av3PfTUeTnHGgcXkk8w,2026-08-07 00:00:34,7,0,0,119.99,120.24,0.01,0
Wg-jw5m47Aw,UCSzHok6X5qXEO7cjvVnE62g,2026-08-11 12:00:34,96114,1014,22,119.99,120.24,0.01,1
Wg160ZvN1c8,UCHZ9X2Nl3dq8ChEJgScmZCw,2026-07-31 08:00:36,21576,157,30,119.99,120.24,0.01,0
U6SRO6ZyODI,UCifCesg-EUkjKyQedaB3hRg,2026-08-29 01:11:31,27224,1436,20,119.82,120.07,0.07,1
U6WM8hHhzcM,UCGW76VChAJKee9kYzvyoycQ,2026-08-03 09:00:10,5902,151,61,120.0,120.0,0.0,0
U6fHBnX7UO4,UCt8CJiye87FMbEwt0npPMuQ,2026-08-22 14:00:36,4025,134,6,120.0,120.0,0.0,0
U6kEiohdbdI,UCMswODzU1ZjjrLyUk7NfwPA,2026-07-22 09:15:04,67546,898,50,120.0,120.0,0.0,1
U6wuPkN8K2g,UCSl8TBqqflby-ymdEQVfRNQ,2026-08-15 15:32:20,8326,62,7,119.97,120.22,0.03,1
U71ELn46zSY,UCBkvEgeJ3_UMwbW7VCxzs8g,2026-07-17 13:01:16,418,,13,119.98,120.23,0.02,0
U7Cjdg4SY5I,UCXg-6b0X0sIMBDHhbyBuOQg,2026-07-13 09:00:33,77,6,1,119.99,120.24,0.01,0
U7GedJCjFvE,UCjiXXUsdl0F0aUkTbv8ZVTA,2026-08-05 15:19:36,4953,127,40,119.93,120.18,0.07,0
U7kywI52Q54,UC0tmAwhgk_1ATJtFyVHrFxg,2026-07-28 16:49:42,7247,326,15,119.92,120.17,0.08,0
U85qON3Z_og,UCPGl9DV2WUgaqGVXtVrhJWQ,2026-07-30 15:00:36,34,0,0,119.99,120.24,0.01,0
U8E9YZqhrtk,UCOTJtP0Z9DjpPU43B5m1V6A,2026-08-01 16:02:55,66195,638,12,119.95,120.2,0.05,0
U8RxvsY69fA,UCAl4HWznMn7KhKBRFO5eiFA,2026-07-23 11:55:23,9959,101,4,119.83,120.08,0.08,1
U8ZMmRPYHU8,UCB4gIGaPUiLtpPreFSf8fKQ,2026-08-08 16:09:26,3172,38,14,119.85,120.1,0.1,0
U8pxTiHOLOg,UCqIwPYLfMd3EoWYwvyTjPnA,2026-08-06 06:00:37,19847,130,10,119.99,120.24,0.01,0
U8qeUfkjeCk,UCFCt5RYu41HTg4eX1jdHNxw,2026-08-19 23:28:03,13380,70,2,119.79,120.04,0.04,0
U8woyz5szZ0,UCSOeJWyByeoBHpmrm0NnlLw,2026-07-28 07:00:03,706879,10663,407,120.0,120.0,0.0,1
U98rHEbNzeM,UCzSODDx0zQF3nxXOZISCm_w,2026-08-14 03:30:36,734,5,0,119.99,120.24,0.01,1
U9D-nQxfsG4,UCPGl9DV2WUgaqGVXtVrhJWQ,2026-08-14 15:00:25,1,0,0,120.0,120.0,0.0,0
U9KTmrqTKyo,UCvagJYsZ_uvB3jJoNwuimZQ,2026-08-30 15:07:39,91266,58,0,119.89,120.14,0.11,0
U9g6RC7P8V8,UCnCFD3met1Ip7OngdF9TRDg,2026-08-10 02:53:16,6679,98,21,119.86,120.12,0.12,0
U9hL9shrTcM,UCaN3tSrrzIrXSDonEe7LK9A,2026-07-24 03:30:32,484,24,11,119.99,120.24,0.01,0
U9yl3hYdaTY,UCqyzJW0VRYRP_sFELZYdxGg,2026-08-08 14:00:31,9998,124,22,119.99,120.24,0.01,1
UA1gslP5188,UCIzbqIyEUxtFLYh_sCDoXpw,2026-08-27 15:20:28,155294,1956,73,119.92,120.17,0.08,1
UAILZbMCZJ0,UC_E_qYfGKM3C0kqrp1p8z7Q,2026-08-03 19:00:26,348,4,1,120.0,120.0,0.0,1
UAJr8fdyaxY,UCei_ecYpQqFjYhjLaDPr2Lw,2026-07-21 02:25:52,4,1,0,119.82,120.07,0.07,0
UAPj9evYR00,UC2U8C7lmbQpfBeAW8fTP_jg,2026-07-27 05:45:45,12740,324,85,119.99,120.24,0.01,0
UAUBsWBCiac,UCl-VnCUwSxDr5zPu-YlDUYw,2026-07-28 08:00:22,28772,879,24,120.0,120.0,0.0,1
UAc_zLEVNtQ,UCp6n8d8Y8r3MwKNw_MMaouQ,2026-08-16 22:49:45,43566,264,0,119.92,120.17,0.08,0
UAe4K5mfyxU,UCab17MxxnFtAhGsJVTkSkCg,2026-08-29 11:34:50,1450,12,0,119.93,120.18,0.07,0
UAklnpOmSEI,UCKVt3arMXfa6XZezR1UnjqQ,2026-08-11 09:00:06,3003,44,3,120.0,120.0,0.0,0
UAy0HhBk8-8,UCQJuZxeDv2P05YHcC-tIEVQ,2026-08-20 08:00:12,26539,685,32,120.0,120.0,0.0,0
UBNRyXltflE,UCgyDKBTgkBfa8jWrBb8Npig,2026-07-22 07:50:15,2,0,1,119.92,120.17,0.08,0
UBhZzyrML9c,UCfjMjhfjRRy8B0mfqbO_43w,2026-07-23 10:47:53,65862,740,161,119.95,120.2,0.05,0
UBpbrpTwIOY,UCyoKcrOcBEY4rmLYkDuXErA,2026-08-05 09:00:02,30439,644,16,120.0,120.0,0.0,1
UC2rXaRXSxg,UC_1zs9WEip0B-2g5ysbf-eg,2026-08-12 12:37:13,384,3,,119.88,120.13,0.12,1
UC9vA66Mj4M,UClHTjLVog7CkRF8tYJuNXXQ,2026-08-20 04:00:02,319,12,2,119.76,120.01,0.01,0
UCAZmSa6plA,UCUbOogiD-4PKDqaJfSOTC0g,2026-08-15 12:04:15,86093,462,61,119.93,120.18,0.07,0
UCB0393RLCc,UCqIwPYLfMd3EoWYwvyTjPnA,2026-07-20 14:02:49,24083,373,22,119.95,120.2,0.05,0
UCCoDs2QuY8,UCrXfM4HsibSucC_NlIY7v0Q,2026-08-09 09:02:27,1070,13,0,119.96,120.21,0.04,0
UCTjEi5DXbA,UCBidluUUxzT_5jVOI_2x2MQ,2026-07-24 03:00:40,1159,2,0,119.99,120.24,0.01,1
UCUZyVUFFgo,UCI3DTtB-a3fJPjKtQ5kYHfA,2026-08-04 03:00:15,2198,35,0,120.0,120.0,0.0,0
UCZi6WHubU0,UCR0aLp4aIvxS07g6rGWZr_g,2026-08-04 05:45:15,19767,154,43,120.0,120.0,0.0,0
UCb93UzCh4M,UCd9oeoY-jLSkhd-J5y_1aYg,2026-08-04 15:37:46,676,7,0,119.87,120.12,0.12,0
UCfAmVTK3DY,UCxtZZzggcfOmsW99gYkxsNA,2026-08-05 05:57:37,2761,18,9,119.79,120.04,0.04,0
UDHulHToVyw,UCwBkHOTyu57NQi0syf5MLig,2026-08-13 04:00:08,373988,2336,104,120.0,120.0,0.0,1
UDIKFk7aNxY,UChKYbZ9fSz8DMM6wU-t1lMQ,2026-08-22 10:42:47,8046,225,6,119.8,120.05,0.05,0
UDNLZjdoEBw,UC-FiQR2gg8oiNw98ZdsSX6Q,2026-07-30 21:00:09,1774,10,0,120.0,120.0,0.0,1
UDTR-jxaPPg,UCpcTrCXblq78GZrTUTLWeBw,2026-07-18 01:02:57,28670895,141132,858,119.95,120.2,0.05,1
UDX-1Ti7JBs,UCADf92tisOOh90hrZee4-LA,2026-07-13 10:24:49,381709,6756,466,119.84,120.09,0.09,1
UDeq-a4FGDg,UCt8CJiye87FMbEwt0npPMuQ,2026-07-20 15:11:14,25085,1301,113,119.81,120.06,0.06,1
UDixxh4uWOg,UC3gl4CHfNtAqNjju1goB0_w,2026-08-16 11:10:32,38900,560,65,119.83,120.08,0.08,1
UDpDh5VwtCI,UCl402YYy7RcH7PBI3npmGPQ,2026-07-22 11:00:04,91480,448,96,120.0,120.0,0.0,0
UDtyO4GCoek,UCElXDMEQqlUnuyDbChjARWQ,2026-08-22 03:45:27,54,2,1,120.0,120.0,0.0,0
UDwab6HpOR8,UCJDXc9JWCZo-nLNKr_-L2Ng,2026-07-27 12:15:07,1988,95,4,120.0,120.0,0.0,0
UE2X86sJVA0,UCV6mNrW8CrmWtcxWfQXy11g,2026-08-30 16:00:24,87585,3828,40,119.76,120.01,0.01,1
UEEMKeswEuM,UCcstDLbuhxEbFKkPZ6wST2A,2026-08-26 09:00:02,31960,82,44,119.76,120.01,0.01,0
UESSqRX5Iho,UC59jWhPazXYi8Ny4vake45A,2026-08-01 13:29:11,140946,3671,37,119.77,120.02,0.02,1
UEXNCvS93n8,UCv1tOT645xHOJrwdGlzjMaA,2026-08-08 12:30:49,50970,777,15,119.99,120.24,0.01,1
UEXzKzdlTJw,UCNrQ0VbdprXAur6OZKexjEw,2026-08-03 10:00:05,49154,668,77,120.0,120.0,0.0,0
UEjiRuwwVQE,UCZ-UuK86Bk5sGzQQ2cEglJQ,2026-08-01 09:22:55,83409,1098,17,119.87,120.12,0.12,1
UEw_MCyFn4w,UCAl4HWznMn7KhKBRFO5eiFA,2026-08-21 14:34:14,14509,82,39,119.94,120.19,0.06,0
UEyFEY8K5gY,UCEcRvF_6IRSux8FO-ogFZug,2026-08-17 03:00:02,16103,980,57,119.75,120.01,0.01,0
UF2Er3KPHqQ,UCSfhr4gDPFsKuwdmTOWp2jw,2026-07-29 09:30:23,6147,59,3,120.0,120.0,0.0,0
UF6nnVLA6tY,UCrfB1-zWijAYkgfZW7Ehc8Q,2026-07-20 08:50:10,83241,3354,69,119.92,120.17,0.08,1
UFEWbJUZTY8,UCL2ZLyAV0H9Pvi46W7TGdHQ,2026-07-28 11:00:29,52949,215,61,119.99,120.24,0.01,0
UFJU1Ge6uUs,UCcum1rCJ5GJeQ_xv0xrohqg,2026-08-03 04:00:37,22080,1003,42,119.99,120.24,0.01,1
UFKRjqsLBqU,UC9qwDE50UcXvdplRNZKEoPA,2026-08-05 07:00:17,31254,1111,79,120.0,120.0,0.0,1
UFmASg2Hcu0,UCeRn_02zEifLqXxZkTpiXzA,2026-08-04 13:36:30,16909,136,47,119.89,120.14,0.11,0
UFmRhG6l5Mg,UCYGK33LxFlgh9QtmvCYMR3A,2026-08-30 03:00:07,22993,264,32,119.76,120.01,0.01,0
UFmtnhEX7a0,UC0aKwoKNeqBaUwiEXmkQaGQ,2026-08-21 10:30:08,56551,1295,319,119.76,120.01,0.01,0
UFxW0cHM5IM,UCN9VGDvz2M3vdR0czEUp6lQ,2026-08-25 22:00:34,6394,63,140,120.0,120.0,0.0,0
UG5excMCW20,UCTK7GGeH0c9INAEnV2EfD0Q,2026-08-17 09:00:01,4724,195,17,120.0,120.0,0.0,0
UGNzrB0Y-gg,UCYJ0Ucu9jPX5kn6SeDcNaIQ,2026-08-31 15:00:06,64036,166,2,119.76,120.01,0.01,1
UG_JUnao3Xk,UCXqP0RsJo6-y-MrKz6k8H-g,2026-08-07 20:06:18,1309,15,7,119.9,120.15,0.1,0
UGcqDwWED8U,UCMCgtTicwOhae1N8VCokkvw,2026-08-19 13:37:37,881,5,0,119.88,120.13,0.12,1
UGjcYaFpWLY,UCPuD5ZRQWa_JCaY5NokNhtg,2026-08-15 12:38:56,181,6,2,119.85,120.1,0.1,0
UGzMZWjuFE8,UCt8CJiye87FMbEwt0npPMuQ,2026-07-26 13:30:05,19775,806,41,120.0,120.0,0.0,0
UHAmUwmE2Ic,UC8rbhIem-3aAsNXhTDI-nSA,2026-07-17 23:00:13,56358,971,46,120.0,120.0,0.0,0
UHHJyyg-6dc,UCYS2NvZlSjrxZfnn1v7b3QQ,2026-08-26 16:01:19,2,1,0,119.99,120.24,0.01,0
UHTYeoAlfPA,UCZPBWThSlgWT0DVaxxUEX4A,2026-08-22 09:33:25,275,3,0,119.95,120.2,0.05,0
UHZaMUgT660,UCJDXc9JWCZo-nLNKr_-L2Ng,2026-08-25 13:00:33,4519,117,5,120.0,120.0,0.0,0
YSPybaTXmcM,UCwBkHOTyu57NQi0syf5MLig,2026-08-15 05:02:02,42030,360,21,119.97,120.22,0.03,1
YSSKDYCfTkw,UCeOXoe4zJCBTBwHN1M_djUw,2026-08-16 17:15:38,759,2,1,119.99,120.24,0.01,0
YSVss2W_LzU,UC9_jYyQpclAhI2qNo3Yf_4A,2026-08-03 15:30:18,7,0,0,120.0,120.0,0.0,0
YSjeBZG7SLM,UCd6CX2LiQE2dEAPXwk2N0jg,2026-08-31 13:02:18,199311,1182,392,119.97,120.22,0.03,0
YSwkkVHTs7g,UCYJDUekoQz0-bo8al1diLWQ,2026-08-21 04:58:07,778361,23688,425,119.79,120.04,0.04,0
YT-oFDTamC8,UCeAsj1O73pcqd-xQ4AZbJeQ,2026-08-13 20:18:49,250,1,1,119.94,120.19,0.06,0
YT2lOhgSGIA,UCDHGqgpiHQAsE0UiltRqhfQ,2026-08-04 09:30:13,20114,51,28,120.0,120.0,0.0,0
YTBalZurvKs,UCqIwPYLfMd3EoWYwvyTjPnA,2026-08-27 13:00:23,87573,324,80,119.76,120.01,0.01,0
YTEb8B18woA,UCzDmGDR5RdahQkLCBoWlTEg,2026-08-20 03:00:15,29573,110,7,120.0,120.0,0.0,1
YTGgHvBZTIU,UCQJuZxeDv2P05YHcC-tIEVQ,2026-08-29 08:00:33,49356,397,40,120.0,120.0,0.0,0
YTcXitcMJqc,UC5Yx9RlmznXDUEIrfoSqheA,2026-07-25 17:10:28,5294,42,0,119.83,120.08,0.08,0
YTzYVFJfeU4,UCHCeN9BUgogMGrHBC6zKYvA,2026-07-24 07:14:43,5147,99,38,119.76,120.01,0.01,0
YU6l8gxETvo,UCzDyC6JMEXEufozffWzI9Mg,2026-08-07 02:00:20,5050,83,45,120.0,120.0,0.0,0
YUMmVXfYEKM,UCPuD5ZRQWa_JCaY5NokNhtg,2026-08-16 12:09:37,533,6,3,119.84,120.09,0.09,0
YUV1GkJaiHo,UC_E_qYfGKM3C0kqrp1p8z7Q,2026-08-28 19:00:37,1085,17,2,120.0,120.0,0.0,1
YUXLVbU2hoY,UC_F-jhf8uO0fzrM7NQwvs3Q,2026-07-24 21:24:30,9,0,0,119.84,120.09,0.09,0
YUfivlAeOlw,UCnCFD3met1Ip7OngdF9TRDg,2026-08-31 05:09:08,31210,143,14,119.87,120.11,0.11,0
YUk5mke4BZY,UCKUUL3fMVvYVZdGkKhhjP0A,2026-07-29 08:29:59,57016,1074,64,120.0,120.0,0.0,1
YUn5-aLIizQ,UCZuT6NXrfZzYbqCG_RWgSgA,2026-08-07 15:44:49,8569,37,7,119.76,120.01,0.01,1
YUs6jqedqcQ,UCYooECrv-fIXlPaDwEIaveA,2026-07-20 09:01:36,50052,710,38,119.97,120.23,0.03,0
YUsDG6LjCUI,UCgLFbrC7-g0ihBKB0obVPTg,2026-08-02 13:05:34,77,0,0,119.91,120.16,0.09,0
YUudj311zZQ,UC86GXx7Ap-Cahlb0r0xT-ZQ,2026-07-22 12:00:01,10275,100,7,120.0,120.0,0.0,0
YUwjoXUlC7c,UC9M8GGVwPqc9ubNruArCNPg,2026-08-19 00:00:22,21220,272,23,119.75,120.01,0.01,1
YV3NiXayZ8Q,UCS-X1uBDTNwAYyydiXjcX9A,2026-08-12 08:03:05,1880,46,15,119.95,120.2,0.05,0
YVJefYLbYZ8,UC-yb5eNBQyXBE9nZnht9u-g,2026-08-16 10:56:16,11001,338,11,119.82,120.07,0.07,1
YVVYmXElZvc,UCjOtzpfj5lF9erwTEQYkxtQ,2026-07-30 03:00:30,33505,713,44,119.99,120.24,0.01,0
YVYKO_CUbkY,UCpcTrCXblq78GZrTUTLWeBw,2026-07-21 08:01:56,53882842,328392,1711,119.97,120.22,0.03,1
YVlB7R9nUpk,UClpc-7ejy_cntRdmrFLbOfg,2026-08-21 17:42:38,8335,124,36,119.8,120.05,0.05,0
YVvZ75sk_Is,UCV7WE8I_UiAN0fa6Arezx_w,2026-07-26 21:00:30,200,0,0,119.99,120.24,0.01,0
YW8YbJuxPQI,UC0FUMakBJHsRrfKCGQuWnRA,2026-08-04 12:00:33,4184,25,3,119.99,120.24,0.01,0
YWUqawmSmOo,UCTNyl3P7q6PNhPddh6d7WJQ,2026-07-29 22:00:23,2837,9,0,120.0,120.0,0.0,1
YWghvsuFui0,UCnju7ULBic4VgkCfDvVXCnA,2026-08-10 23:22:33,4066,121,2,119.88,120.13,0.12,0
YX2rYuQxvJQ,UCifCesg-EUkjKyQedaB3hRg,2026-07-27 01:18:09,8238,111,3,119.95,120.2,0.05,0
YX3YA_YeXh0,UCz1Gc37nWsdF_jbJ_SvMl4g,2026-08-01 11:13:36,7418,71,13,119.78,120.03,0.03,0
YX7WeTGykPo,UCMswODzU1ZjjrLyUk7NfwPA,2026-08-29 03:00:39,30797,401,15,120.0,120.0,0.0,0
YXBogE_UlYc,UC5Yx9RlmznXDUEIrfoSqheA,2026-08-31 12:41:25,30863,51,3,119.82,120.07,0.07,0
YXCYhCZi4-c,UCw1DsweY9b2AKGjV4kGJP1A,2026-08-09 13:00:27,8177,77,31,120.0,120.0,0.0,0
YXSavKXcYiI,UCNRnCc0hg3ZcKdOGXKKv5Ww,2026-08-05 16:47:04,5939,44,2,119.97,120.22,0.03,0
YXTgtS7L7us,UCGa52d8Qlv3THghuCAt_nXA,2026-07-30 08:30:35,28562,255,4,119.99,120.24,0.01,1
YXXKexo2VrE,UCtVBI7YLJyDvrx7iWAukx_Q,2026-08-30 02:00:25,220315,4557,103,119.76,120.01,0.01,0
YXXVnTEefqM,UCnju7ULBic4VgkCfDvVXCnA,2026-08-02 02:47:34,34301,91,11,119.96,120.21,0.04,1
YXkyUEDrmIw,UCAhmOb9JWkI2HV_KIe9X_3A,2026-08-30 01:11:19,42909,137,16,119.83,120.08,0.08,0
YXuRBK-nbus,UCjsqgRBvkn8XadWraSQxTKQ,2026-08-25 16:57:53,377,3,0,119.8,120.05,0.05,0
YY2J5LoO6JU,UCw55Gv3z7xgtG34fOP1-Aiw,2026-08-21 12:59:56,3875,36,17,119.76,120.01,0.01,0
YY3Pz5eTvms,UCgwFckIyCAj4Znu3c8A1dOQ,2026-08-16 12:01:54,7,0,,119.97,120.22,0.03,1
YYbZHJEUeRU,UC5Yx9RlmznXDUEIrfoSqheA,2026-08-30 01:29:02,95148,90,0,119.78,120.03,0.03,0
YYdEwePcZ-Q,UCV6mNrW8CrmWtcxWfQXy11g,2026-08-06 02:15:01,63690,2358,293,120.0,120.0,0.0,0
YYdShGDDHXo,UCifCesg-EUkjKyQedaB3hRg,2026-08-02 21:35:49,10759,269,7,119.91,120.16,0.09,1
YYgiZFCBxm4,UCpcTrCXblq78GZrTUTLWeBw,2026-07-13 12:30:37,73869,596,44,119.99,120.24,0.01,1
YYkn66f2Tyo,UCby0vMKcLR05ZdS90aZd5og,2026-07-23 15:09:22,3752,3,0,119.84,120.09,0.09,1
YYkuvYaoXK8,UCbItyvYa6cqvqtwlU2E9-wA,2026-07-23 04:28:56,17843,857,36,119.77,120.02,0.02,0
YYrHFigUePc,UCoH2pCzAr6zWDG-LtUiLWRw,2026-08-14 23:00:04,49393,427,142,120.0,120.0,0.0,0
YZ7ZqnUwHr0,UCE8JC9RAVSudDT_8Ji1fuPQ,2026-08-17 08:45:30,113702,1459,292,120.0,120.0,0.0,1
YZIVV1ke5eo,UCEg24oF81p-THPtp3otdmTA,2026-07-24 09:00:13,147811,3639,106,120.0,120.0,0.0,0
YZSTnsO4I7w,UCms8Ge7H1ZGgw6nV94fUhUQ,2026-07-13 03:00:18,17445,274,17,120.0,120.0,0.0,1
YZpNRYRyDjc,UCo33r3SAf5z9MS-lrXV2aOQ,2026-08-25 09:38:55,61436,729,12,119.86,120.11,0.11,1
Y_PBfxuqKt8,UC2yOBpLVwB7kzt9C5ZPbB7w,2026-07-22 06:30:33,39392,695,24,119.99,120.24,0.01,1
Y_XKHxaEBWE,UCAl4HWznMn7KhKBRFO5eiFA,2026-08-14 11:46:16,26430,84,9,119.98,120.23,0.02,1
Y_dOrDfALjI,UCI3DTtB-a3fJPjKtQ5kYHfA,2026-08-30 09:30:07,6656,9,1,119.76,120.01,0.01,0
Y_fhT3228kg,UCgLFbrC7-g0ihBKB0obVPTg,2026-08-21 14:58:40,216,5,1,119.78,120.03,0.03,0
Y_m3hXp-SMc,UCPuD5ZRQWa_JCaY5NokNhtg,2026-07-26 07:39:44,769,6,6,119.84,120.09,0.09,0
Y_qvoLEu4TI,UCz5LAkkX66OAW-y_WiWf9vA,2026-08-29 10:49:47,5875,22,10,119.94,120.19,0.06,0
Ya0XYSUOGSU,UCIb0mO7d6_6WsPYDFLQZnTQ,2026-07-27 10:34:14,38,0,0,119.93,120.18,0.07,0
Ya6YqlaJNOc,UCS2OAdHoLt-9T6cG9A2H49Q,2026-08-06 03:00:19,7498,90,20,120.0,120.0,0.0,0
YaAWArhdRYA,UCnju7ULBic4VgkCfDvVXCnA,2026-07-26 02:11:45,62649,324,27,119.81,120.06,0.06,1
YaNvVVS4GkY,UCPsZX-D7LW99PjZLA-UysPQ,2026-08-12 06:00:15,738,8,2,120.0,120.0,0.0,0
YaPoh3x8kfk,UCpI-AhCT02iQRGLC2ZcY0Jw,2026-08-28 07:11:01,46556,386,182,119.83,120.08,0.08,0
YallrqM819w,UCzDmGDR5RdahQkLCBoWlTEg,2026-08-18 13:36:27,20423,91,38,119.9,120.15,0.1,0
Yawak2brSas,UCIH7bdyhaJ0nD7jIcgqmQbQ,2026-08-21 03:53:33,29156,638,13,119.87,120.12,0.12,1
YbFDWf2h62o,UCBvKuSAkXERBnGSQOH0Sarw,2026-08-02 17:49:16,9327,88,0,119.93,120.18,0.07,0
YbG_hMP0I9M,UClHTjLVog7CkRF8tYJuNXXQ,2026-08-01 00:14:40,238,11,1,119.76,120.01,0.01,0
YbQ2ah9s3QQ,UCaY7wcqhFb_c2eQ1eRB8rOQ,2026-08-19 04:00:14,7149,186,36,119.76,120.01,0.01,0
YbUh-7hM7T8,UCYooECrv-fIXlPaDwEIaveA,2026-07-18 09:00:16,60258,583,11,120.0,120.0,0.0,1
Ybe-k7Re6I4,UCYGF_xk5RDpltyZDSx040uw,2026-08-10 03:03:26,71751,888,18,119.95,120.2,0.05,1
YbkDBKtebAc,UCI3DTtB-a3fJPjKtQ5kYHfA,2026-08-30 11:45:39,14971,71,5,120.0,120.0,0.0,0
YbkL5jjz53I,UChHxLcNi7e0zu-e33HM6v6A,2026-07-31 03:00:16,9287,106,41,120.0,120.0,0.0,0
YboIAHLdjxU,UCxe_WKNMrOgvNtgz02oLTjQ,2026-08-26 06:15:21,139663,509,187,119.76,120.01,0.01,1
YcPEkguYTrI,UCkphwoGMBs2_0raLOqu9aQw,2026-08-20 12:00:03,286,4,3,119.75,120.01,0.01,0
YcozuSOF5X8,UCBtJuwDt6LlXp2YASC-ZMdA,2026-07-26 11:28:22,329,3,1,119.78,120.03,0.03,0
Ycr1Von59XY,UCawK5EIfr66Z7fjAlZgfB2g,2026-08-01 02:43:15,4816,,0,119.78,120.03,0.03,0
Yd0OnZDrU_U,UCSh__r5HS4Y1xBkccWnV0TA,2026-08-04 18:12:30,159414,2675,171,119.79,120.04,0.04,0
a2I0rd_oZg0,UCqRz_-l3GCmWb92u8P33RYQ,2026-08-14 23:00:32,47002,596,137,119.99,120.24,0.01,0
a2UEQwLhlxo,UCw1DsweY9b2AKGjV4kGJP1A,2026-07-31 10:03:18,75111,314,85,119.95,120.2,0.05,0
a2UaiGqJ1KU,UCkd3KAYGnTNPJZZrPOFeWhA,2026-08-13 00:00:19,35667,74,74,120.0,120.0,0.0,1
a2ZTz3otAE0,UCl-VnCUwSxDr5zPu-YlDUYw,2026-08-07 08:00:29,58576,1081,39,120.0,120.0,0.0,1
a2ia0OyZY18,UCbFLnCfOet-u_kFyA7uX-9Q,2026-08-08 12:28:34,33701,348,34,119.78,120.03,0.03,1
a2qJH12J9E0,UCyZXLzORHoh9QMwA7IwS0pA,2026-07-27 13:38:55,491,12,0,119.85,120.1,0.1,0
a34RzyzFFT8,UCYooECrv-fIXlPaDwEIaveA,2026-08-21 09:00:29,41117,793,15,120.0,120.0,0.0,1
a3cePM8_83k,UCBtJuwDt6LlXp2YASC-ZMdA,2026-08-06 15:17:01,948,34,2,119.97,120.22,0.03,0
a3cxDOGySxE,UCZ-B_El841ME7qGXvYinGmw,2026-08-15 13:18:16,5876,56,5,119.95,120.2,0.05,1
a3jB1jFIi3Y,UCVWAdUQGUiY2Kzh0JoB5PtQ,2026-08-22 11:05:04,131,0,9,119.93,120.18,0.07,0
a3yBqWLvVzg,UCv1tOT645xHOJrwdGlzjMaA,2026-08-25 10:00:29,18689,487,12,120.0,120.0,0.0,0
a40Pnf_CJxw,UC3DYSay178fMMPaf3zHwECA,2026-07-24 08:00:04,64727,1737,38,120.0,120.0,0.0,1
a4Ha5PVlCXk,UCifCesg-EUkjKyQedaB3hRg,2026-08-21 01:42:41,481,2,1,119.8,120.05,0.05,0
a4Pk8AgawvU,UCl-VnCUwSxDr5zPu-YlDUYw,2026-07-31 08:00:26,39026,888,34,120.0,120.0,0.0,1
a4ZpxjuK-uk,UCS-X1uBDTNwAYyydiXjcX9A,2026-08-20 03:11:18,4817,72,17,119.82,120.07,0.07,0
a4awTj4YWWg,UCZ6mNZTiTUrUSbSYPlclI4A,2026-08-20 12:40:11,485,12,2,119.84,120.09,0.09,0
a4eoH3Njjnk,UCTbwgCCBrI-4XU8b5B0uGPg,2026-08-02 02:41:31,422542,5511,87,119.81,120.06,0.06,0
a4jNj575UKY,UCdoTrHNHnoRbaQenxK5PEUg,2026-07-28 14:04:56,129,0,0,119.92,120.17,0.08,0
a4jOI7g723Y,UCF9Ws3xrNmMKVjL4kg0jzbA,2026-07-29 06:56:07,11892,149,40,119.82,120.07,0.07,1
a4mfHXm97q8,UCV6mNrW8CrmWtcxWfQXy11g,2026-08-26 22:00:19,231997,10311,214,119.76,120.01,0.01,1
a4x8EVDM4S8,UC_2x8h1QrTHOO0i4Yiss-ww,2026-07-24 10:00:36,24630,399,11,119.99,120.24,0.01,1
a54NqPSVulQ,UCPuD5ZRQWa_JCaY5NokNhtg,2026-08-24 10:46:06,257,10,3,119.99,120.24,0.01,0
a5O4yX5QstE,UCeRn_02zEifLqXxZkTpiXzA,2026-08-13 23:00:23,9367,78,9,120.0,120.0,0.0,0
a5SAquxMHg0,UCjhRgb1NpnlRs01s9rAhuug,2026-08-28 05:27:27,783,3,0,119.8,120.05,0.05,0
a5dr4m-8nus,UCV6mNrW8CrmWtcxWfQXy11g,2026-08-28 15:00:11,702102,18131,317,119.76,120.01,0.01,1
a6GGlodsRXc,UCaHIZAKows704_gk6bjdAog,2026-08-31 05:40:50,343724,5768,384,119.83,120.08,0.08,1
a6KvvrnAFik,UCp6n8d8Y8r3MwKNw_MMaouQ,2026-08-06 12:55:34,14721,342,0,119.83,120.08,0.08,1
a6WmkHtrFfU,UCZCZHg_oJiHcrcj2vaPRCag,2026-08-04 16:08:42,56,0,0,119.86,120.11,0.11,0
a6bB_JREzw8,UCvuc6-wCcCeDrQ9dA52pBBQ,2026-08-22 21:39:26,1455,11,0,119.85,120.1,0.1,0
a6lcIaO5UlU,UCmcBe97VA2LqVEQUeeZl6Ew,2026-08-26 09:00:07,157237,747,427,119.76,120.01,0.01,0
a6zFcUSptcg,UCnkytUgy0CtWd06up9CjNxg,2026-08-12 11:00:28,935930,19036,221,120.0,120.0,0.0,1
a713MEQcvr0,UCV6mNrW8CrmWtcxWfQXy11g,2026-08-08 06:00:26,450412,20007,156,120.0,120.0,0.0,1
a7YdMcpMCM8,UCZRH94I89Ps7giJYeK6DlWA,2026-08-26 03:00:19,71932,807,71,119.76,120.01,0.01,0
a7nuzXwIHMU,UC7lwS-aSDzYHZJ9uWuzySwQ,2026-08-27 22:00:25,2713,22,4,119.75,120.01,0.01,1
a7o_S04LVl8,UCv1tOT645xHOJrwdGlzjMaA,2026-08-16 10:17:29,24522,270,44,119.96,120.21,0.04,0
a84rY2j3JiI,UCAl4HWznMn7KhKBRFO5eiFA,2026-07-18 13:37:42,8948,70,2,119.87,120.12,0.12,0
a8BxAutUCW0,UCWVS5IJOkNnkKS5rjiAt9rw,2026-08-14 07:48:11,49608,381,107,119.95,120.2,0.05,0
a8MCGfHpjGQ,UCpI-AhCT02iQRGLC2ZcY0Jw,2026-07-24 01:02:23,23556,300,421,119.96,120.21,0.04,0
a8MfhAGqFxU,UC2WBkFH1nHcO6aFLWo6sZQg,2026-08-16 14:32:23,7236,234,3,119.96,120.21,0.04,0
a8PSnJBOyW8,UCzDmGDR5RdahQkLCBoWlTEg,2026-08-10 13:44:37,15245,92,23,119.76,120.01,0.01,0
a8fK1C3pBWU,UCyaMGpNb-UiLHMY833ai7IQ,2026-08-08 19:14:44,63,2,0,119.76,120.01,0.01,0
a8kpXnubNC8,UCt8CJiye87FMbEwt0npPMuQ,2026-08-07 13:30:31,6971,285,13,119.99,120.24,0.01,1
a8mGrkdazDg,UCeG0ONJtjwE20ThR5iSYdsA,2026-07-22 09:02:11,34526,521,48,119.97,120.22,0.03,0
a8xkBylAsRM,UCPGl9DV2WUgaqGVXtVrhJWQ,2026-08-17 14:13:55,2,0,0,119.77,120.02,0.02,0
a97Ubi3y4Uk,UCMAfHuocszM6UTORPwUmeNw,2026-08-22 13:20:37,22324,306,3,119.92,120.17,0.08,0
a9I1pVfdl4U,UCJA6MZLzTeljmGNFaugdoWQ,2026-07-23 06:45:09,1774,11,4,120.0,120.0,0.0,1
a9M4d5Fyxi4,UCtVBI7YLJyDvrx7iWAukx_Q,2026-07-25 01:00:07,170790,2290,724,120.0,120.0,0.0,0
a9Y4-ShdqWE,UCJA6MZLzTeljmGNFaugdoWQ,2026-08-11 07:00:05,2116,10,0,120.0,120.0,0.0,1
a9_OYsGdCNU,UCt8CJiye87FMbEwt0npPMuQ,2026-08-13 13:00:02,4503,111,18,120.0,120.0,0.0,0
a9hA7-sPzfU,UCDnIK80iouL_rb_J6GybOlg,2026-08-06 03:09:00,19,0,0,119.86,120.1,0.1,0
a9jHR5R5pxA,UC3gl4CHfNtAqNjju1goB0_w,2026-07-27 14:10:58,2801,52,2,119.82,120.07,0.07,0
a9jQvMrIxX0,UCYGF_xk5RDpltyZDSx040uw,2026-07-18 04:24:21,98486,1474,614,119.85,120.1,0.1,1
a9lGrcVtrqg,UCyU5JQ8KVRD9jE4E_xLsHxw,2026-07-15 09:00:10,7,0,0,120.0,120.0,0.0,0
a9z9M3-Sgn4,UCOTJtP0Z9DjpPU43B5m1V6A,2026-07-31 12:00:01,259700,1609,49,120.0,120.0,0.0,0
aAWFrAYOaG8,UC1aBdmKvC6yAiq4xgPLOzKA,2026-08-23 05:05:51,128253,1520,77,119.92,120.16,0.08,0
aAXTIwzvNxs,UCIQEX0V3QxP-tY_jpRT-waQ,2026-08-11 13:22:26,4726,152,36,119.88,120.13,0.12,0
aAbIztW52D8,UCBidluUUxzT_5jVOI_2x2MQ,2026-08-16 08:00:08,147,3,2,120.0,120.0,0.0,0
aAd_saPFehY,UCJzfS-WmieHog0H2OQoXkeQ,2026-07-29 07:00:15,63177,1137,62,120.0,120.0,0.0,0
aAgom9NMK5I,UCta3D5-EYqO-pduQLxQ8mNQ,2026-08-17 12:07:26,2287,15,2,119.88,120.13,0.12,0
aAl5IIR4Lu0,UC-FiQR2gg8oiNw98ZdsSX6Q,2026-08-13 14:00:13,1099,7,0,120.0,120.0,0.0,0
aAlC9MHViOU,UCb5NLtXAsTBrmaZVhyFa-Wg,2026-07-31 08:15:13,107857,518,121,120.0,120.0,0.0,0
aApRMO-BtOk,UC8IxyKkhu4YUYK_c76AdcDw,2026-08-30 15:49:52,20750,25,9,119.93,120.18,0.07,1
aAq0HvfmY9s,UCt8CJiye87FMbEwt0npPMuQ,2026-08-19 12:00:34,13598,360,18,120.0,120.0,0.0,0
aAwFZko70Xk,UC2f8VfmEF2_0-rFN4RNHaNg,2026-08-10 09:15:02,23588,454,94,120.0,120.0,0.0,0
aB7lvznIhxU,UCV7WE8I_UiAN0fa6Arezx_w,2026-08-02 07:00:32,66,2,1,119.99,120.24,0.01,0
aB98w0S140g,UCby0vMKcLR05ZdS90aZd5og,2026-08-21 05:41:04,3854,4,0,119.83,120.08,0.08,1
aBHOurgGIlM,UCI3DTtB-a3fJPjKtQ5kYHfA,2026-08-30 09:45:09,13656,46,6,119.76,120.01,0.01,0
aBMIGuEhRE0,UCBo7GIv99qTzHaa6ip09YLA,2026-08-04 07:00:26,1567,4,2,120.0,120.0,0.0,0
aBPU-dPzHxw,UCYDg0_mq6Ik8V2nF72mfDPw,2026-08-26 09:00:36,290332,4967,90,120.0,120.0,0.0,0
aBVa26FVsUk,UCC1LvVTX2ySKYjeIXkAtvsQ,2026-07-22 09:00:15,583649,10865,389,120.0,120.0,0.0,1
aBYnA6fSFBU,UCv1tOT645xHOJrwdGlzjMaA,2026-07-25 04:00:14,17021,326,5,120.0,120.0,0.0,1
aBcWYwRM9Z8,UCdm06VHBWF5Mg5kYxffzikw,2026-08-01 07:38:24,71845,522,42,119.86,120.11,0.11,0
aC3WCu8nofA,UCV7WE8I_UiAN0fa6Arezx_w,2026-08-18 14:00:35,36,0,0,120.0,120.0,0.0,0
aCGSmhts6uE,UCN7FA8FwikP2p5Vrs5kiivw,2026-08-10 22:00:20,3778,136,2,120.0,120.0,0.0,1
aDGJAgaGpwI,UCU0-6z_KU9AShyR9J6gcFGw,2026-08-14 02:14:29,322,6,0,119.76,120.01,0.01,0
aDGPv2ZE2WI,UCiVO_mThS9B3tNc_kzpn-3g,2026-07-31 17:00:19,19592,367,16,120.0,120.0,0.0,1
aDNU1YydBfk,UCqVkQsNin4MdGFrWvzFVOKw,2026-08-13 01:00:40,6504,184,8,119.99,120.24,0.01,0
aDOKAoLcPok,UCt8CJiye87FMbEwt0npPMuQ,2026-07-14 15:30:28,7125,289,21,119.99,120.24,0.01,0
aDTi67oP6g4,UCdT2nXooUR-X_MdmbER25yQ,2026-08-31 00:00:36,51224,648,236,119.75,120.01,0.01,0
aDa87C2oS8M,UCa4clnMsHg6uJPpxKbxCEmA,2026-08-15 00:00:39,32338,645,67,119.99,120.24,0.01,0
aDfqHt3loag,UC6JB_a6rD1lZ_aZgQvORfrQ,2026-07-16 22:30:36,4718,60,24,119.99,120.24,0.01,0
WgLqe9iVb34,UCbItyvYa6cqvqtwlU2E9-wA,2026-08-01 18:30:07,8465,449,36,120.0,120.0,0.0,0
WgjRWMe0ffY,UCJzfS-WmieHog0H2OQoXkeQ,2026-08-18 07:00:13,25389,539,25,119.76,120.01,0.01,0
WgrKYa6rDLg,UCz4b1O9sT73P8DWwx6OvQwg,2026-08-18 13:00:33,645928,13568,216,120.0,120.0,0.0,1
WgueDsqU3O0,UCPGl9DV2WUgaqGVXtVrhJWQ,2026-07-16 15:00:08,1,0,0,120.0,120.0,0.0,0
Wguied_9nYU,UCPGl9DV2WUgaqGVXtVrhJWQ,2026-08-03 15:00:27,41,0,0,119.99,120.24,0.01,0
Wh5dmkAu-L8,UCOaUTqrtz1yBBiwziVJEAmQ,2026-08-15 01:00:03,2194,20,8,120.0,120.0,0.0,0
WhSma1YhYss,UCO8ToDSM2Gvt3EZdOdosxTw,2026-08-21 14:05:38,93958,1596,57,119.92,120.17,0.08,1
WhZTy1iamQM,UCooLkG0FfrkPBQsSuC95L6w,2026-08-07 16:00:09,8680,74,23,120.0,120.0,0.0,0
WhmTOZxaV4A,UCdm06VHBWF5Mg5kYxffzikw,2026-08-04 03:38:10,14903,113,4,119.87,120.12,0.12,1
Whp3zkGgi-s,UCei_ecYpQqFjYhjLaDPr2Lw,2026-08-13 04:44:24,2247,16,7,119.76,120.01,0.01,1
WhqcpEbW2N0,UCYooECrv-fIXlPaDwEIaveA,2026-07-12 09:01:06,31408,438,117,119.98,120.23,0.02,0
WhvCVRel9Ls,UC9M8GGVwPqc9ubNruArCNPg,2026-08-06 12:00:22,62621,667,40,120.0,120.0,0.0,1
Wi15ZIJTv0A,UC8CZL4cvFiKwKKDNCuM2lTA,2026-07-10 11:07:12,16577,213,44,117.64,121.5,1.5,0
Wi219RyLK2I,UCifCesg-EUkjKyQedaB3hRg,2026-08-16 00:15:27,29973,541,26,120.0,120.0,0.0,1
WiB5XQUPHVU,UCIb0mO7d6_6WsPYDFLQZnTQ,2026-08-20 11:20:17,71,5,4,119.92,120.17,0.08,0
WiSONRV_6ms,UCmwZePdbUmncnpQptdPH2Jg,2026-08-06 12:59:20,17,1,0,119.76,120.01,0.01,0
WidSdm2oUJM,UCpTNtH8yc1Kdl_YFfsQsTYA,2026-07-26 00:49:02,4750,18,0,119.94,120.19,0.06,0
WigNDDJyO0o,UCQDGJQe8X9tbk_i8Na3VVXg,2026-08-26 08:23:57,545,15,2,119.86,120.11,0.11,0
Wir0Du3WfqU,UCT-UsvGz4gm7lezXvCEex9A,2026-08-01 05:00:19,1713,46,11,120.0,120.0,0.0,1
WivCfizyFiI,UCZFGZ_LhwgiTxaJzJ0QGdFw,2026-08-07 13:13:03,3790,6,0,119.78,120.04,0.04,0
Wj1wlFSpvos,UCwlUB3goOsh4tpqZKIzUAbA,2026-08-06 12:27:30,16102,217,74,119.79,120.04,0.04,0
Wj3Uw-oDfgw,UCEcRvF_6IRSux8FO-ogFZug,2026-07-30 17:09:33,12256,430,18,119.84,120.09,0.09,0
WjCyjRAOP9Y,UCuWcjpKbIDAbZfHoru1toFg,2026-08-14 01:09:38,15822,546,6,119.84,120.09,0.09,0
WjKg9h5efic,UCPqqyxHmSvJygac5TH52qJw,2026-08-18 08:54:44,80447,1039,31,119.85,120.1,0.1,1
WjXJAWB2vEk,UCOaUTqrtz1yBBiwziVJEAmQ,2026-08-27 00:30:04,1594,13,8,119.76,120.01,0.01,1
WjfePoFfCCE,UCyZtdaxIiGb4wp5AmkEMrwQ,2026-07-28 03:00:11,31544,1025,15,120.0,120.0,0.0,1
Wjg94VGbBoE,UCbaRH9U2BEFwhJiodE3qTpQ,2026-08-15 08:59:58,14015,343,15,120.0,120.0,0.0,1
WjizZWUJyEw,UC-okJdotaXPlzivRzHFqzuA,2026-08-13 16:56:56,90276,1973,1,119.8,120.05,0.05,0
Wjp7kJiFd2o,UCDBAVzfX3yZ1hah0FHnOoaA,2026-07-23 14:00:25,433128,1860,245,119.99,120.24,0.01,0
WjpJ5TlfiW8,UCpCBP5cVIBvezPI1LKFMYjA,2026-08-24 14:11:46,27165,691,9,119.82,120.07,0.07,1
WjpTKE6T9-I,UCuWDza8A_ntbjwBZgW0ZSNw,2026-07-11 11:03:49,7984,155,6,119.94,120.19,0.06,1
WjyFcwSDhqA,UCAl4HWznMn7KhKBRFO5eiFA,2026-08-20 12:32:09,4509,14,0,119.97,120.22,0.03,1
Wk0f1ZUp2ts,UCNHzi1aZaQZOgVX38E2M4iw,2026-07-26 08:15:12,363094,10822,476,120.0,120.0,0.0,1
Wk0x0pxOEV4,UCYS2NvZlSjrxZfnn1v7b3QQ,2026-08-15 16:02:13,7,0,0,119.97,120.22,0.03,0
Wk8Ahr_pA90,UCq6bX1rAJqwt3LmYuHrDPqg,2026-08-15 22:45:09,9423,16,0,120.0,120.0,0.0,0
WkJ5B8YMqys,UCV7WE8I_UiAN0fa6Arezx_w,2026-08-18 15:00:25,24,0,0,120.0,120.0,0.0,0
WkNKu3o-AtI,UClvMduw1MDMQ0PuH753-XSA,2026-08-23 00:04:51,3022,71,0,119.93,120.18,0.07,0
WkRoGVArS90,UC5ThQKdocwo_9UurfT5P_ww,2026-08-22 01:00:01,473200,6364,146,119.76,120.01,0.01,1
WkduJXh3q9o,UCPv0av3PfTUeTnHGgcXkk8w,2026-08-31 23:59:27,33,0,0,119.77,120.02,0.02,0
Wl1w3L4GkTE,UCXg-6b0X0sIMBDHhbyBuOQg,2026-07-13 11:00:21,133,6,1,120.0,120.0,0.0,1
WlByb7Unph4,UCYxwKnNRv4FurQxeKcuR0Sw,2026-08-26 03:00:02,30,3,0,119.76,120.01,0.01,0
WlCDCzbM8oo,UCZ6mNZTiTUrUSbSYPlclI4A,2026-08-04 04:50:51,31046,999,26,119.9,120.16,0.1,1
WlPb-HfGyHo,UC5RxNUZ9_c94ZEfJGnJZmTw,2026-07-23 12:00:00,4024,120,21,120.0,120.0,0.0,0
WlZG2DbnGhQ,UCIxcZWLQpP-mUZC6_Uljc_Q,2026-07-28 14:42:40,4517,18,7,119.79,120.04,0.04,0
Wld1nu2fAoE,UCXg-6b0X0sIMBDHhbyBuOQg,2026-07-24 11:00:35,62386,624,16,119.99,120.24,0.01,1
WldAK6Jwf3I,UCqRz_-l3GCmWb92u8P33RYQ,2026-08-01 06:41:32,29325,278,143,119.81,120.06,0.06,0
Wlw81gfvg3w,UCKrprPfevcAZpPuRnCO6xOA,2026-08-27 08:30:49,138,0,0,120.0,120.0,0.0,0
Wm0_a2VxTg0,UCwfbSsZ7_sccxcibe60mWlQ,2026-08-14 03:00:32,10269,45,14,119.99,120.24,0.01,0
Wm1Gh00loRM,UCDnIK80iouL_rb_J6GybOlg,2026-07-28 09:00:17,2,0,0,120.0,120.0,0.0,0
Wm741MPXQXo,UCifCesg-EUkjKyQedaB3hRg,2026-08-15 03:08:21,6238,90,3,119.87,120.11,0.11,0
Wm7zfcl3ok8,UCamHctB9_ZaFO9vZElnl_Yw,2026-07-31 08:00:26,15690,275,37,120.0,120.0,0.0,0
Wm85Cz9TgNw,UCjsqgRBvkn8XadWraSQxTKQ,2026-08-03 16:44:26,162,1,0,119.76,120.01,0.01,0
WmDlrBHcc6w,UCab17MxxnFtAhGsJVTkSkCg,2026-07-30 09:06:30,660,7,0,119.89,120.14,0.11,0
WmOIMlMqb74,UCOgXOOKbZRtfQvlggBpN6zw,2026-08-31 05:03:23,14344,90,61,119.96,120.21,0.04,0
WmUra3DiWx0,UCzDmGDR5RdahQkLCBoWlTEg,2026-08-16 09:00:05,85611,570,75,120.0,120.0,0.0,0
WmYNlGz2HtQ,UCOTJtP0Z9DjpPU43B5m1V6A,2026-07-25 13:21:51,54093,535,18,119.89,120.14,0.11,0
WmcCl1UE8WE,UCL_IvtOZo6sONpiydbzzHpA,2026-07-30 16:02:50,210149,3459,187,119.96,120.2,0.04,1
WmjMPlryR8M,UCS7gEaMmBPAaI8dHNnrSofg,2026-08-28 13:53:09,155166,,93,119.88,120.13,0.12,0
WmncPxyxg78,UCY_vDlvG-BTDRIOk_I9QQ6g,2026-07-23 09:20:32,6133,39,7,119.91,120.16,0.09,0
Wmr1F_F15kc,UCwBkHOTyu57NQi0syf5MLig,2026-08-23 18:30:39,11527,49,12,120.0,120.0,0.0,0
WmvRpZE_vN0,UCy8OX8RrstkjRrnM5hND_ug,2026-08-26 12:54:40,4514,98,19,119.85,120.1,0.1,0
Wn2QHVUHKUU,UCKVt3arMXfa6XZezR1UnjqQ,2026-07-24 03:00:12,6820,28,6,120.0,120.0,0.0,0
Wn62DrjWMak,UCjUnlBpn0Z1L450g79fniRg,2026-07-23 17:14:59,1302,,0,120.0,120.0,0.0,0
Wn6XoFgMPnM,UC2_VPutZK0o_tG8ca_QrQRA,2026-08-21 09:30:30,23014,,69,120.0,120.0,0.0,0
WnPzOqFAx8c,UCPGl9DV2WUgaqGVXtVrhJWQ,2026-07-17 15:00:21,74,0,0,120.0,120.0,0.0,0
WniM7G-UUZQ,UCZX4g_FvyOfyTIKxbMfKfIg,2026-08-04 15:09:25,9924,309,21,119.85,120.1,0.1,0
WnlxmSjLSaw,UCab17MxxnFtAhGsJVTkSkCg,2026-07-24 10:16:06,1213,16,1,119.98,120.23,0.02,0
WnoxK4acCWk,UCAl4HWznMn7KhKBRFO5eiFA,2026-08-04 07:16:48,103805,363,17,119.97,120.22,0.03,0
WoL-1zN2TlQ,UCY9MrcOJikcf3Xux9WOwRHA,2026-07-22 12:46:42,14,0,0,119.98,120.23,0.02,0
WoN_je2e8cs,UCF5RrlbsxJjAVLWgOCoNHMg,2026-08-12 19:29:23,28579,452,16,119.76,120.01,0.01,0
WoQa83CgGR8,UCT-UsvGz4gm7lezXvCEex9A,2026-08-18 08:00:30,143,15,1,120.0,120.0,0.0,0
WoTzFJzhd3c,UCBidluUUxzT_5jVOI_2x2MQ,2026-08-20 03:00:29,1865,11,2,120.0,120.0,0.0,1
WoXxi4XdWTY,UCS3_H_feQRm4QbXipKTvSrw,2026-08-12 13:00:34,22119,395,91,119.99,120.24,0.01,0
WoaXfD3pES8,UCqyzJW0VRYRP_sFELZYdxGg,2026-08-07 08:00:34,2476,16,0,119.99,120.24,0.01,1
Wog3nmeYkzw,UCV7WE8I_UiAN0fa6Arezx_w,2026-08-29 19:00:11,85,0,0,119.76,120.01,0.01,0
WooR3FQXAdc,UCV7WE8I_UiAN0fa6Arezx_w,2026-07-28 23:00:38,66,2,0,119.99,120.24,0.01,0
Woq2KZjpcwc,UCUbOogiD-4PKDqaJfSOTC0g,2026-07-17 11:47:03,264365,1189,288,119.97,120.22,0.03,0
Wpelitm6fJw,UCV6mNrW8CrmWtcxWfQXy11g,2026-08-25 16:00:10,18280,780,22,119.76,120.01,0.01,1
Wq0YnBU2fT0,UCS7gEaMmBPAaI8dHNnrSofg,2026-07-28 09:00:32,38364,,37,119.99,120.24,0.01,0
WqU0tjAQETw,UCZ6mNZTiTUrUSbSYPlclI4A,2026-07-24 11:43:24,3762,52,11,119.78,120.03,0.03,0
WqYNQi3MFUU,UC-2wa6jvprl7hfCpvw0ULzg,2026-08-22 12:00:45,6845,169,20,120.0,120.0,0.0,1
UHtiVlOYTpU,UCBtJuwDt6LlXp2YASC-ZMdA,2026-08-24 09:00:12,1180,10,0,119.76,120.01,0.01,1
UHzCBG6b1l0,UCby0vMKcLR05ZdS90aZd5og,2026-08-17 07:36:57,4225,8,0,119.89,120.14,0.11,1
UIDVcyaPEMw,UCKY2DOkLOyPLlvGHI3XQw0Q,2026-07-27 23:34:00,2215,3,1,119.94,120.19,0.06,1
UIj_EozFTy8,UC2yOBpLVwB7kzt9C5ZPbB7w,2026-08-24 10:00:26,186979,1894,69,120.0,120.0,0.0,1
UIkNrV1GTIk,UChHxLcNi7e0zu-e33HM6v6A,2026-08-05 03:00:08,32895,174,69,120.0,120.0,0.0,0
UIswxdy92aw,UC9qwDE50UcXvdplRNZKEoPA,2026-08-08 02:08:55,71968,1609,45,119.85,120.1,0.1,1
UIw37t96sew,UCV7WE8I_UiAN0fa6Arezx_w,2026-08-30 09:00:21,361,0,0,119.76,120.01,0.01,0
UJC4KeoNq-0,UCpn9dP1b5BhBsU9SduEz1hA,2026-08-27 17:15:00,32678,456,28,119.77,120.01,0.01,0
UJG_C3Jgu8c,UCV6mNrW8CrmWtcxWfQXy11g,2026-08-05 12:00:02,118411,5166,168,120.0,120.0,0.0,0
UJJH6MT-QxA,UCl-VnCUwSxDr5zPu-YlDUYw,2026-07-18 08:00:09,62824,1109,32,120.0,120.0,0.0,1
UJaNPaIfx2Q,UCyU5JQ8KVRD9jE4E_xLsHxw,2026-07-18 02:30:14,8,2,0,120.0,120.0,0.0,0
UJf6JzA1y4I,UCF9Ws3xrNmMKVjL4kg0jzbA,2026-07-24 14:19:36,2363,53,23,119.92,120.17,0.08,0
UJgZrZfgfOw,UC_e83kYlGHWbsrr8QCfV_ag,2026-08-26 11:58:01,30967,199,18,119.79,120.05,0.05,0
UJql3IrABBs,UCpI-AhCT02iQRGLC2ZcY0Jw,2026-07-16 11:50:25,32499,340,216,119.91,120.16,0.09,0
UJspBjIlJms,UCXS55IczImEf64aU16NzKlg,2026-07-31 02:00:22,3697,38,32,120.0,120.0,0.0,0
UK-oBqqe8w8,UCZ-B_El841ME7qGXvYinGmw,2026-08-14 12:57:15,5020,88,29,119.8,120.05,0.05,0
UK36E7wOzSA,UCDBAVzfX3yZ1hah0FHnOoaA,2026-08-21 13:00:35,486700,2085,416,120.0,120.0,0.0,0
UKV6osGwzNQ,UCV6mNrW8CrmWtcxWfQXy11g,2026-08-27 18:30:35,671648,13454,320,120.0,120.0,0.0,1
UKsruZafK8Q,UCEg24oF81p-THPtp3otdmTA,2026-07-19 12:17:43,93600,2706,88,119.96,120.21,0.04,1
UL3DXk_vu20,UCifCesg-EUkjKyQedaB3hRg,2026-08-29 02:10:56,502333,2698,5,119.83,120.08,0.08,0
UL4Xz2dBlMs,UCvUKUkIM67eWFbQemjj2-eA,2026-07-17 13:39:49,64161,1773,131,119.84,120.09,0.09,0
ULGBewqhFXc,UCrR_fhiJjoW8OJFzUcmlMMA,2026-07-23 07:00:02,12309,93,29,120.0,120.0,0.0,0
ULNHInqWjGs,UCKYqtXYbSqaEwBmX43Q13Tw,2026-08-03 11:11:29,5053,22,12,119.81,120.06,0.06,0
ULQAGQ1Jpfc,UCe0loHR-Vltq0GPHgYyzmrQ,2026-08-13 03:47:11,16333,278,13,119.97,120.22,0.03,1
ULdSqwNmxIE,UC8rbhIem-3aAsNXhTDI-nSA,2026-08-08 23:14:08,166295,3339,316,119.77,120.02,0.02,0
ULyApVC6gx8,UCK8iWEZupSV2pmDMxtwdAmA,2026-08-30 01:07:24,8720,8,0,119.89,120.14,0.11,0
UM0K83TKq7g,UC7bcRlidTERRb_MKRHPVSnw,2026-07-29 12:03:36,61192,1309,54,119.94,120.19,0.06,0
UM4-GlRXX3c,UCV6mNrW8CrmWtcxWfQXy11g,2026-08-02 14:00:38,54573,2569,29,119.99,120.24,0.01,1
UMJHaCyxS0M,UCooLkG0FfrkPBQsSuC95L6w,2026-07-18 08:00:22,20389,393,14,119.99,120.25,0.01,1
UMTn9BZbvCU,UC6YqXiwCBfPvPTs3wXgWElQ,2026-07-30 09:07:17,1889,7,0,119.88,120.13,0.12,1
UMUziedSVoA,UCDLDbittWhk2KXvaCT0YpZQ,2026-08-19 09:00:33,69635,1182,75,120.0,120.0,0.0,0
UMXPj3qI_ms,UCSfhr4gDPFsKuwdmTOWp2jw,2026-08-09 09:30:29,102,5,0,120.0,120.0,0.0,0
UMbKzetiT6A,UCV7WE8I_UiAN0fa6Arezx_w,2026-08-18 16:00:06,25,0,0,119.76,120.01,0.01,0
UMbN_JTZSKQ,UC_m_uqd_9s0hZvlgfvCzqbQ,2026-08-28 14:54:22,1174,4,3,119.86,120.11,0.11,1
UMnLQ24gjao,UC1Ns07Rw0lQK-KuaPHfRRTw,2026-07-11 09:50:26,18,0,0,119.91,120.16,0.09,0
UMnPRz52AMw,UC-okJdotaXPlzivRzHFqzuA,2026-08-16 18:02:31,115966,2463,1,119.96,120.21,0.04,0
UMsyxWmycJw,UCt8CJiye87FMbEwt0npPMuQ,2026-08-31 15:00:25,17331,186,16,119.76,120.01,0.01,0
UN7GkyjAJM4,UCV6mNrW8CrmWtcxWfQXy11g,2026-08-22 19:30:17,176592,8107,149,119.76,120.01,0.01,1
UNAMLnbRruY,UCZ6mNZTiTUrUSbSYPlclI4A,2026-08-20 11:18:38,1815,31,7,119.94,120.19,0.06,0
UNMZq22WunY,UCT807kAu6fmwES8B5698e2w,2026-08-04 12:00:08,19191,3030,121,120.0,120.0,0.0,1
UNYYgDDAFdU,UCU0-6z_KU9AShyR9J6gcFGw,2026-08-28 02:41:46,979,2,0,119.82,120.07,0.07,0
UNl5cXzpQEk,UCRCK5FCJtomQT3b88jXI_DA,2026-07-22 23:39:04,2709,,,119.85,120.1,0.1,0
UNq2BgsRWJ0,UCQyZh4b4TLaSVldnDWnh7fA,2026-07-26 05:47:21,0,0,0,119.96,120.21,0.04,0
UNqXp9mytew,UCV7WE8I_UiAN0fa6Arezx_w,2026-07-16 11:00:06,81,1,0,120.0,120.0,0.0,0
UOK30PiEdaM,UCg7rkxrTnIhiHEpXY1ec9NA,2026-07-17 07:00:08,331901,12118,887,120.0,120.0,0.0,0
UOL7KYlQd8o,UCOTJtP0Z9DjpPU43B5m1V6A,2026-07-25 02:30:12,148854,1541,109,120.0,120.0,0.0,0
UOXmIxogAJg,UCoH2pCzAr6zWDG-LtUiLWRw,2026-08-26 22:09:49,65814,610,71,119.85,120.1,0.1,0
UO_sns_3CLo,UCXNh3eUHXEkL7h1w1KYQRKQ,2026-08-03 13:25:13,45847,727,17,119.83,120.08,0.08,1
UOdAjvUq7PQ,UCBo7GIv99qTzHaa6ip09YLA,2026-08-05 19:32:50,1636,29,4,119.96,120.21,0.04,0
UOfumqXPRHY,UCksGX0hODm1Ev6mysrToMqg,2026-07-29 08:00:05,5016,175,28,120.0,120.0,0.0,0
UOm6WG2k0xA,UCdF0eCyf5np3lPO4y1fJVdw,2026-08-14 08:15:36,4003,75,12,119.99,120.24,0.01,0
UP3tkiR3fiI,UC7wtTnMorJi_d93lb_P2Xow,2026-08-01 09:00:37,12025,145,20,119.99,120.24,0.01,0
UP6AUECAm24,UChLqHuZV0PENIBYxDgXyPLQ,2026-07-26 08:51:04,225309,3720,47,119.9,120.15,0.1,1
UPOMxc2mTWI,UCBtJuwDt6LlXp2YASC-ZMdA,2026-08-15 02:00:36,394,2,0,119.99,120.24,0.01,1
UPd0ChVZ1AM,UCyoSQyaCrZHro6F_nBiXIYg,2026-07-21 13:25:47,136429,852,166,119.82,120.07,0.07,0
UPlGN3yqU10,UCrY2B2XX41ReYh9DIWrFfCg,2026-07-22 09:38:18,5773,,7,119.86,120.11,0.11,0
UPlMwP6KWmc,UCZ6mNZTiTUrUSbSYPlclI4A,2026-08-16 04:03:05,12166,554,20,119.95,120.2,0.05,1
UPypcgq5qk0,UCdK9h1ILxS49c2LguBUY3rw,2026-08-12 10:45:16,259,1,4,120.0,120.0,0.0,1
UQ5AAdojXto,UCV6mNrW8CrmWtcxWfQXy11g,2026-08-24 16:00:17,43230,1755,25,119.76,120.01,0.01,1
UQFS-hDLA1w,UCFHUplScMiWTjJrtv4hxWmg,2026-07-25 07:16:34,21648,161,9,119.98,120.23,0.02,0
UQG6KHD7eJw,UC3DYSay178fMMPaf3zHwECA,2026-08-18 08:00:19,43484,1117,95,120.0,120.0,0.0,1
UQOq0N-PSvI,UCFCt5RYu41HTg4eX1jdHNxw,2026-07-30 00:53:45,5325,29,1,119.86,120.11,0.11,0
UQPV9lS7LnE,UCEcRvF_6IRSux8FO-ogFZug,2026-08-31 03:00:30,28904,971,48,119.75,120.01,0.01,0
UQS9gQWrByM,UCPGl9DV2WUgaqGVXtVrhJWQ,2026-08-26 15:00:01,40,0,0,119.76,120.01,0.01,0
UQTyBMFX2cE,UCAl4HWznMn7KhKBRFO5eiFA,2026-08-06 11:03:16,27459,82,0,119.95,120.2,0.05,1
UQaQ5SEqJmw,UCyiKhng8Mr3xlm-rgec6mWQ,2026-08-05 23:00:17,83,2,1,120.0,120.0,0.0,0
UQljXQ37ejY,UC4cKHOBS-nRfKFTwf1n8HGA,2026-07-26 14:49:59,64,,0,119.92,120.17,0.08,0
UQshLoY2heU,UCv1tOT645xHOJrwdGlzjMaA,2026-08-09 10:39:17,72322,1001,8,119.85,120.1,0.1,1
URBTTu5EV2c,UCt8CJiye87FMbEwt0npPMuQ,2026-08-09 16:30:36,208307,10046,644,119.99,120.25,0.01,0
URCQpognYrc,UCzDyC6JMEXEufozffWzI9Mg,2026-08-25 04:00:27,77721,775,41,119.75,120.01,0.01,1
URE98F9jbuw,UCTK7GGeH0c9INAEnV2EfD0Q,2026-07-20 03:00:38,14436,542,52,119.99,120.24,0.01,0
URUa1u2lGoY,UCzRPPKLkNxjD2of-0Xxfnjw,2026-07-26 13:55:03,4666,55,1,119.84,120.09,0.09,1
URW3SrVkA08,UCZ-UuK86Bk5sGzQQ2cEglJQ,2026-08-06 08:29:58,84246,1144,18,120.0,120.0,0.0,1
URYJOFYM368,UCFCt5RYu41HTg4eX1jdHNxw,2026-08-06 01:27:18,319,5,0,119.8,120.05,0.05,0
URh6BBmikvs,UCJmnOEp1-OITEU0mk4icM5A,2026-08-27 07:00:32,106787,603,349,120.0,120.0,0.0,0
URjynuGixiM,UCifCesg-EUkjKyQedaB3hRg,2026-07-31 21:22:06,9549,301,3,119.88,120.13,0.12,1
URkMjyHaM90,UCPGl9DV2WUgaqGVXtVrhJWQ,2026-08-28 09:26:54,3,0,0,119.81,120.06,0.06,0
URyOdmM5prc,UCtVBI7YLJyDvrx7iWAukx_Q,2026-07-24 06:00:37,454564,19748,1002,119.99,120.24,0.01,0
US0gzYVhIt0,UC-okJdotaXPlzivRzHFqzuA,2026-08-28 02:59:28,147721,1069,22,119.77,120.02,0.02,0
US9LBg2NbK8,UCb5NLtXAsTBrmaZVhyFa-Wg,2026-08-10 13:30:01,171155,554,52,120.0,120.0,0.0,1
USEEqGWMZ2U,UCifCesg-EUkjKyQedaB3hRg,2026-08-06 21:07:03,45764,838,18,119.88,120.13,0.12,1
Yd9nP-bwecc,UCS2OAdHoLt-9T6cG9A2H49Q,2026-08-21 09:00:21,31992,161,22,119.76,120.01,0.01,1
Yd9t64Q1LZ4,UCzVXdulvpgEoI8yuFMmhxJw,2026-08-29 12:39:51,32282,453,5,119.85,120.1,0.1,0
YdAREhLlPTU,UCos3GN2gX0wLcfuhOAiMotQ,2026-08-26 13:43:46,17348,94,19,119.78,120.03,0.03,0
YdB5rhkQFgw,UC2yOBpLVwB7kzt9C5ZPbB7w,2026-08-09 20:00:22,29659,470,23,120.0,120.0,0.0,1
YdD5iRejipI,UCoH2pCzAr6zWDG-LtUiLWRw,2026-07-25 10:00:31,68966,1910,22,119.99,120.24,0.01,0
YdDJBc-HSrA,UCt8CJiye87FMbEwt0npPMuQ,2026-08-28 17:00:22,10594,104,5,119.76,120.01,0.01,0
YdPjZO7lzEE,UCcstDLbuhxEbFKkPZ6wST2A,2026-07-23 09:00:09,14859,55,10,120.0,120.0,0.0,0
YdV5C2hb300,UCt8CJiye87FMbEwt0npPMuQ,2026-08-20 14:30:14,33392,1625,138,120.0,120.0,0.0,0
YdjfuTDDUz0,UCC1LvVTX2ySKYjeIXkAtvsQ,2026-08-21 09:00:08,79551,964,73,119.76,120.01,0.01,1
Ydyg78Q13H8,UCqIwPYLfMd3EoWYwvyTjPnA,2026-07-31 08:00:07,50232,209,17,120.0,120.0,0.0,0
Ye5DJJsY5tk,UCpcTrCXblq78GZrTUTLWeBw,2026-07-12 15:30:28,92740,286,61,119.99,120.24,0.01,1
Ye7ociFOE7w,UCuFguUhr9Wr0tFY85nDGk9w,2026-08-31 13:30:01,12688,30,10,119.76,120.01,0.01,0
YeEsbovnD-8,UCqI5lyTpC79pOy2D-VXAMdA,2026-08-30 15:07:11,335040,1595,344,119.9,120.14,0.1,0
YeGDEbH5YjE,UCgO8sNnksVuKcuTVTQKSK3A,2026-08-27 09:00:02,79103,545,96,119.76,120.01,0.01,0
YeMtetLqhKc,UCY_vDlvG-BTDRIOk_I9QQ6g,2026-07-12 09:03:04,2021,31,2,119.95,120.2,0.05,0
YePlL5RtHuM,UCN8L7Z-dyzu9FzT39RM0fvw,2026-07-17 09:00:35,6816,110,63,119.99,120.24,0.01,0
YecCUxmGyu8,UC8chC5rneP-LHm43q-jF3oQ,2026-07-23 02:43:13,856884,11418,129,119.78,120.03,0.03,1
Yek07yc-Krc,UCJj2vuQIpFnk5pbTAtCi3yw,2026-08-21 09:14:52,24480,333,19,119.76,120.01,0.01,1
YelFRuC4lQU,UCtt0Hg9MhraTkzWwNQpplHg,2026-07-20 02:00:32,178242,1978,47,119.99,120.24,0.01,1
YemwAA8z9Lk,UCcum1rCJ5GJeQ_xv0xrohqg,2026-08-10 04:00:13,28015,1428,187,120.0,120.0,0.0,0
Yew0PNnQpjo,UCUbOogiD-4PKDqaJfSOTC0g,2026-08-28 11:17:26,336414,910,121,119.97,120.22,0.03,0
Yf-i6z3tsDY,UCnCH3Uhv_ynhTNKEH6ekRtg,2026-07-28 09:27:46,968,9,1,119.79,120.04,0.04,1
Yf0DxOM7wXA,UCz4b1O9sT73P8DWwx6OvQwg,2026-07-13 07:00:04,15430,327,64,120.0,120.0,0.0,0
YfGylIqz-ao,UCbFLnCfOet-u_kFyA7uX-9Q,2026-08-26 15:00:31,102480,1119,50,120.0,120.0,0.0,1
YfQq0NU32aI,UCPuD5ZRQWa_JCaY5NokNhtg,2026-08-03 04:37:09,276,6,1,119.88,120.13,0.12,0
YfRQrL1sxqc,UCM81CAJ2_Y42-bvK1OQnAAA,2026-08-23 11:01:49,138742,1360,1030,119.98,120.23,0.02,0
YfVab3P15bE,UCksGX0hODm1Ev6mysrToMqg,2026-07-27 08:00:01,4440,91,9,120.0,120.0,0.0,0
YfWmsGIP0fo,UC7wosSPUA3os3b3-RMZZe6g,2026-07-27 17:43:57,149,5,0,119.77,120.02,0.02,0
YfZofrUwMtI,UCw1DsweY9b2AKGjV4kGJP1A,2026-08-08 08:02:03,37848,149,45,119.97,120.22,0.03,0
YfcN4ZvyFXs,UCbaRH9U2BEFwhJiodE3qTpQ,2026-08-09 09:04:38,18557,508,13,119.93,120.18,0.07,1
YfmOnxwPVqk,UChLqHuZV0PENIBYxDgXyPLQ,2026-08-13 13:21:25,185957,3287,27,119.9,120.15,0.1,1
Yfz-wM6cyJ8,UChKYbZ9fSz8DMM6wU-t1lMQ,2026-08-01 09:39:34,10573,228,3,119.84,120.09,0.09,0
Yfzdfgz3iXM,UCi_lv3g-CPdKF6nd68lvN3A,2026-08-21 05:15:46,22,0,0,120.0,120.0,0.0,0
YgGM3iEGj3o,UCksGX0hODm1Ev6mysrToMqg,2026-08-23 02:00:12,21374,320,108,119.76,120.01,0.01,0
YgOnMZqtL-k,UCJDXc9JWCZo-nLNKr_-L2Ng,2026-08-25 20:00:16,3644,118,6,119.76,120.01,0.01,0
YgQ6JqQP3rw,UCim7oePrB5hdfhcYwgUY6Jw,2026-08-13 13:00:14,11447,70,16,120.0,120.0,0.0,0
YgStK_bVxMw,UC_e83kYlGHWbsrr8QCfV_ag,2026-08-26 11:25:57,3913,17,1,119.83,120.08,0.08,0
YgeIgzjGeW4,UC_m_uqd_9s0hZvlgfvCzqbQ,2026-07-22 13:04:47,141,0,0,119.92,120.17,0.08,1
YgqB4Sq4Q6w,UCQJuZxeDv2P05YHcC-tIEVQ,2026-08-05 08:00:38,34408,764,55,119.99,120.25,0.01,0
YgrlUMcbV0s,UC5WN-znPsJK0BbA8aHxZHWQ,2026-08-03 11:00:14,3077,95,17,120.0,120.0,0.0,0
Ygs2BzZrGBU,UCpwGBltfwjd_fIzp5cb5R0w,2026-08-07 00:30:08,388809,2320,451,120.0,120.0,0.0,1
Yh-bYIoucDg,UCw1DsweY9b2AKGjV4kGJP1A,2026-08-30 08:45:17,694528,5794,245,119.76,120.01,0.01,1
Yh-llkxfWhY,UCos3GN2gX0wLcfuhOAiMotQ,2026-07-12 10:54:25,32114,285,41,119.84,120.09,0.09,0
YhZ6h9saOxg,UCpcTrCXblq78GZrTUTLWeBw,2026-07-10 22:00:06,58236,587,177,120.0,120.0,0.0,0
YhiMnL1MtxM,UCZRH94I89Ps7giJYeK6DlWA,2026-08-04 03:00:26,77683,1179,111,120.0,120.0,0.0,0
YhmC8-oUXtA,UC2yOBpLVwB7kzt9C5ZPbB7w,2026-08-14 20:00:09,202323,2974,138,120.0,120.0,0.0,1
YhsH5EvBoiI,UCUt2AEhC-OOC2EPCzj4DkCw,2026-07-14 23:00:08,25318,474,15,120.0,120.0,0.0,1
YhuU2UQtB1w,UC5ScPjbt-a97AJO7SBj6nAg,2026-08-19 08:30:22,97399,2554,321,119.76,120.01,0.01,0
Yi0ESXFh2Is,UCab17MxxnFtAhGsJVTkSkCg,2026-08-31 12:02:25,5892,30,2,119.98,120.22,0.02,0
Yi8wCyAu058,UC5ThQKdocwo_9UurfT5P_ww,2026-08-16 22:00:12,248268,4790,124,120.0,120.0,0.0,1
YiafEvbV754,UCO94iFhOhtdGb4Ze5DUAtbw,2026-07-31 12:00:10,7457,95,22,120.0,120.0,0.0,0
YidaMa_XWxU,UCFHUplScMiWTjJrtv4hxWmg,2026-08-18 12:35:14,70676,607,162,119.92,120.17,0.08,0
YiiIwvtM_tE,UCcNdwtZ7ulFFxngmnzsWQNA,2026-08-14 05:18:45,1185,22,16,119.94,120.19,0.06,0
YiiVzBCWhko,UCPI40-XQA9-GBGj2k8PPqfg,2026-08-11 06:58:49,41629,762,45,119.77,120.02,0.02,1
YiywrMT7zEE,UCtRiSpvkhtRXaSjVjEB9LKg,2026-07-31 03:00:01,7233,89,32,120.0,120.0,0.0,0
Yj45ykeo2v8,UC8x8GQmlxAIhHxzU61z0uLQ,2026-08-14 20:35:28,1214,10,2,119.91,120.16,0.09,0
YjLN9r9eF6A,UCpcTrCXblq78GZrTUTLWeBw,2026-08-01 08:30:23,38732,456,29,120.0,120.0,0.0,1
YjOW6hqN_Z0,UCKrprPfevcAZpPuRnCO6xOA,2026-08-20 19:13:31,37,0,0,119.79,120.04,0.04,0
Yj_x6hgl9aA,UCRq3CDTZ2qe3HiHrZdQKBvQ,2026-08-19 09:29:09,2001,26,8,119.78,120.03,0.03,1
YjcsgpV-hvo,UCPuD5ZRQWa_JCaY5NokNhtg,2026-08-30 15:08:00,1074,9,2,119.88,120.13,0.12,0
Yjk7hwYcbss,UC4VWaR3R17Ruc7j1Cy1-PKQ,2026-07-18 07:20:49,113,2,0,119.9,120.15,0.1,0
YjoH22SAFNU,UCKUUL3fMVvYVZdGkKhhjP0A,2026-08-19 03:01:07,45660,569,30,119.99,120.24,0.01,1
YkD3PZnDM3E,UC6YqXiwCBfPvPTs3wXgWElQ,2026-07-22 08:00:21,15373,35,3,120.0,120.0,0.0,0
YkZ96_1R01A,UCPGl9DV2WUgaqGVXtVrhJWQ,2026-08-12 15:00:07,8,0,0,120.0,120.0,0.0,0
YkagzOo0qBE,UCV6mNrW8CrmWtcxWfQXy11g,2026-08-25 21:00:00,154170,4424,119,119.76,120.01,0.01,1
YkmdXsmpsw4,UCUt2AEhC-OOC2EPCzj4DkCw,2026-08-10 23:00:05,20215,447,48,120.0,120.0,0.0,0
YkpoB-DvC5A,UCI3DTtB-a3fJPjKtQ5kYHfA,2026-08-28 01:07:42,4200,12,0,119.88,120.13,0.12,0
Ykx6951Rd6Y,UCkrNv6xF8j7QZmWb3UeAH8A,2026-07-22 11:53:40,3218,19,5,119.86,120.11,0.11,0
Ykx8jKBgH9A,UCooLkG0FfrkPBQsSuC95L6w,2026-07-28 08:00:03,27561,426,27,120.0,120.0,0.0,0
Yl09ctDOGRM,UCAhmOb9JWkI2HV_KIe9X_3A,2026-07-23 13:00:07,16527,175,45,120.0,120.0,0.0,1
YlCSFizefuQ,UCFCt5RYu41HTg4eX1jdHNxw,2026-08-14 01:56:52,20652,93,1,119.81,120.05,0.05,0
YlMlFoOQ9P8,UCdVIcHpdbEQc65xwAxc_owQ,2026-08-03 06:50:40,622,3,0,119.91,120.16,0.09,0
YlXOTJ9CJ-8,UC5ScPjbt-a97AJO7SBj6nAg,2026-08-31 07:43:53,56372,1404,75,119.78,120.03,0.03,1
Ym3F2AU76z0,UCgsKeCRaBGH6JlnH6VO_7OA,2026-08-02 21:38:30,578,10,4,119.86,120.11,0.11,0
Ym99HZSRvIU,UCJpAwvQaZyCI5spAz7tipGA,2026-07-18 08:30:39,420452,2215,259,119.99,120.24,0.01,0
YmDgY_-jQbA,UCpcTrCXblq78GZrTUTLWeBw,2026-07-15 07:17:18,4259224,19435,176,119.96,120.21,0.04,0
YmMgZGFci5k,UCb5NLtXAsTBrmaZVhyFa-Wg,2026-08-09 13:30:34,111427,399,23,119.99,120.24,0.01,1
YmUArP85OYI,UCV7WE8I_UiAN0fa6Arezx_w,2026-08-19 18:00:27,43,1,0,120.0,120.0,0.0,0
YmUFyWzdz2Y,UC9otskL_kd-0CDib_5Lj-mQ,2026-07-23 10:04:57,9729,907,30,119.92,120.17,0.08,1
YmdzFCwUJVU,UCtGMgPWJNU2Aj-SNK0zg0Sg,2026-08-10 17:07:05,2195,10,0,119.88,120.13,0.12,0
aDmr_U160Fw,UCikKJvpU0Ylua4hRW6faQRg,2026-08-02 18:03:41,2296,51,0,119.94,120.19,0.06,0
aDxePMFeBEQ,UC0tmAwhgk_1ATJtFyVHrFxg,2026-08-16 16:44:12,24967,1431,170,119.77,120.02,0.02,0
aEQY9QJEMc0,UCKY2DOkLOyPLlvGHI3XQw0Q,2026-08-30 07:38:09,766,2,0,119.88,120.13,0.12,1
aEV1Nzopd5g,UCuwnt_REmD4YsCtFJRoqjFw,2026-07-17 02:30:03,21259,192,21,120.0,120.0,0.0,0
aEc2S-4r9O8,UCyoSQyaCrZHro6F_nBiXIYg,2026-08-02 20:37:18,210756,1494,387,119.88,120.13,0.12,0
aEi6SszLPEM,UCPGl9DV2WUgaqGVXtVrhJWQ,2026-07-14 15:00:32,194,0,0,119.99,120.24,0.01,0
aEndO62hiwA,UCt8CJiye87FMbEwt0npPMuQ,2026-07-15 17:30:22,2856,104,4,120.0,120.0,0.0,0
aEu6vxaG59w,UCSkCNddZwo__x-iUr-KDFWw,2026-07-31 10:01:45,148153,2072,400,119.98,120.22,0.02,0
aF7GTE5RdlE,UCa4clnMsHg6uJPpxKbxCEmA,2026-08-29 00:00:31,154372,1353,79,119.75,120.01,0.01,0
aF9o5PxHT_g,UCDLDbittWhk2KXvaCT0YpZQ,2026-08-01 03:55:23,32370,1922,26,119.83,120.08,0.08,0
aFE8EsAsrQM,UCN5oT4zGJX-_H6pE5isAEeg,2026-07-22 09:00:29,167337,479,92,120.0,120.0,0.0,0
aFJZvlcJIMY,UCkd3KAYGnTNPJZZrPOFeWhA,2026-08-10 12:00:23,30421,55,13,120.0,120.0,0.0,1
aFa0_XNH0i0,UC24GgPBq5W3v34z0p0uk1Ow,2026-08-22 09:24:39,330,2,0,119.85,120.1,0.1,0
aFdYdIlp8kU,UCBtJuwDt6LlXp2YASC-ZMdA,2026-08-06 10:00:33,342,2,0,119.74,120.24,0.24,0
aFkMGamaVKo,UCSrQnB-Ip9hc0biFQ3HoKzg,2026-08-15 08:14:59,64111,1192,26,120.0,120.0,0.0,1
aG7GsEiYoYA,UC6NXJtCn3p-actkvBUlHwDA,2026-08-26 22:24:37,232774,1697,90,119.85,120.1,0.1,0
aGNDZ7L03j0,UCrGNa63AQ-rcINIoE_UqdxA,2026-07-29 08:58:07,220,3,0,119.78,120.03,0.03,0
aGNplCPZQ1k,UCIKORyfTZ0cN-u0hrxHcgUw,2026-08-16 11:35:07,102,1,0,119.92,120.17,0.08,0
aGRaogdEjUQ,UCmiTZyj9GwMjyznZxrgCH4Q,2026-07-25 22:44:53,50755,378,48,120.0,120.0,0.0,0
aGvecdbrJ9A,UC_E_qYfGKM3C0kqrp1p8z7Q,2026-08-12 17:00:29,237,7,1,119.99,120.24,0.01,1
aHCJhZqY7pg,UCABvetlXpdOwFz10fCpJkwQ,2026-08-07 09:00:01,3780,38,8,120.0,120.0,0.0,0
aHEta5kUTXw,UCBY9rOZPo0fLE45mOV0s0cw,2026-08-28 06:37:08,1029,1,0,119.89,120.14,0.11,0
aHH5MbkDb4k,UC8E29ANOC3_OuB7_5EPY2xw,2026-07-16 06:25:22,1014,6,1,119.83,120.08,0.08,0
aHZwlBNKxPc,UCOTJtP0Z9DjpPU43B5m1V6A,2026-08-20 09:30:17,129986,1328,72,120.0,120.0,0.0,0
aHdDuUTKFaQ,UCw1DsweY9b2AKGjV4kGJP1A,2026-08-06 07:30:24,44500,107,14,120.0,120.0,0.0,1
aHfE1s1B0Hc,UCJA6MZLzTeljmGNFaugdoWQ,2026-08-16 07:00:17,20,2,4,120.0,120.0,0.0,0
aHg0E6UR8Tc,UCifCesg-EUkjKyQedaB3hRg,2026-08-02 04:48:12,12710,203,21,119.95,120.2,0.05,0
aHgLITLbH54,UCZ6mNZTiTUrUSbSYPlclI4A,2026-08-15 06:25:36,14307,458,13,119.83,120.08,0.08,1
aHghIIp1SpI,UCta3D5-EYqO-pduQLxQ8mNQ,2026-08-10 22:07:19,2226,11,9,119.88,120.13,0.12,0
aI9gco2q7Sw,UCbeQg95cAxVRsxxh6FyilxA,2026-08-05 08:20:03,14827,52,15,119.92,120.17,0.08,0
aIC8uiYLIqQ,UCS2OAdHoLt-9T6cG9A2H49Q,2026-08-31 03:00:33,27030,144,39,119.75,120.01,0.01,0
aIIs7tntYXM,UCl-VnCUwSxDr5zPu-YlDUYw,2026-08-27 08:00:15,104425,836,20,119.76,120.01,0.01,1
aISeN-ChB-o,UCV7WE8I_UiAN0fa6Arezx_w,2026-07-19 15:00:25,46,0,0,119.99,120.25,0.01,0
aIis7rHRcrs,UCr4WCOxirRA-BzVu-MH_WqQ,2026-08-18 09:00:35,9060,68,11,120.0,120.0,0.0,1
aIp9zvr5WYA,UCmUj2ymudTL0ksdu1WumSgQ,2026-08-04 11:11:45,29,4,2,119.81,120.06,0.06,1
aJ581QO9Ay4,UCw1DsweY9b2AKGjV4kGJP1A,2026-08-10 10:02:34,13367,38,11,119.96,120.21,0.04,0
aJg4Feqk1dw,UC4VWaR3R17Ruc7j1Cy1-PKQ,2026-07-11 03:33:05,579,0,0,119.95,120.2,0.05,1
aJtXUOsFW9M,UCTK7GGeH0c9INAEnV2EfD0Q,2026-08-20 09:13:55,9850,361,10,119.77,120.02,0.02,1
aK5wqLPg8aE,UCDBAVzfX3yZ1hah0FHnOoaA,2026-07-18 13:30:08,505359,2523,426,120.0,120.0,0.0,0
aK9ry0SsItI,UCY_vDlvG-BTDRIOk_I9QQ6g,2026-08-14 00:03:57,4585,45,8,119.94,120.19,0.06,0
aKAvYtqnqEA,UC60HSePkZwGFzRj6VSDa6Ew,2026-08-29 09:03:22,28969,360,55,119.96,120.21,0.04,0
aKRTsPh-YzA,UCzVXdulvpgEoI8yuFMmhxJw,2026-08-31 15:25:46,100772,5883,192,119.84,120.08,0.08,1
aKUo2qDsWTA,UCfIFEUxDE0kRkZh4yfEBEvA,2026-08-03 08:51:01,4458,15,1,119.9,120.15,0.1,1
aKWQAZKmYHg,UCV7WE8I_UiAN0fa6Arezx_w,2026-08-14 17:00:37,77,0,0,119.99,120.24,0.01,0
aKY0ShlTXiU,UCjiXXUsdl0F0aUkTbv8ZVTA,2026-08-12 17:15:41,5794,314,1,119.99,120.24,0.01,0
aK__NbPgV-c,UCfIUuMA7U_jImP7oWfTe4Pw,2026-08-05 09:35:20,359167,5073,29,119.91,120.16,0.09,1
aKaOcSjwqsQ,UCirJgPv8RtFaFMj39b6cD8Q,2026-08-04 03:00:02,22362,166,9,120.0,120.0,0.0,1
aKbW7C3a5og,UCgWOZQvFZhGuqBCtjmee0XQ,2026-07-17 15:12:02,682,7,0,23.8,673.55,96.2,0
aKmlFitGO6Y,UChKYbZ9fSz8DMM6wU-t1lMQ,2026-08-12 10:00:00,12833,229,7,120.0,120.0,0.0,1
aKy9A6arqNg,UC60HSePkZwGFzRj6VSDa6Ew,2026-08-26 22:14:47,119865,554,282,119.77,120.01,0.01,0
aL4iPCe0EhM,UC6aF-skLT_1X6cdPJxVJXxQ,2026-08-09 08:00:21,220565,3833,323,120.0,120.0,0.0,0
aLF_9Qe2FKA,UCcstDLbuhxEbFKkPZ6wST2A,2026-08-01 09:00:24,22114,75,48,120.0,120.0,0.0,0
aLXULM9PoM8,UCV6mNrW8CrmWtcxWfQXy11g,2026-07-22 16:00:19,39358,1864,42,120.0,120.0,0.0,1
aLa0oTO019M,UCbFLnCfOet-u_kFyA7uX-9Q,2026-07-30 09:30:18,41403,638,115,120.0,120.0,0.0,0
aLt8x7rnp7Q,UC07QfC3yXeYr2SfIL6WXpOw,2026-07-25 10:13:50,5985,51,43,119.77,120.02,0.02,0
aM-Z7fAPKoo,UCjsqgRBvkn8XadWraSQxTKQ,2026-08-11 12:30:22,1490,12,1,120.0,120.0,0.0,0
aM0Qt6TjzTQ,UCO8ToDSM2Gvt3EZdOdosxTw,2026-08-01 09:30:16,99764,940,44,120.0,120.0,0.0,1
aM89L8XH3cM,UCby0vMKcLR05ZdS90aZd5og,2026-07-18 07:22:09,18802,22,2,119.88,120.13,0.12,1
aMHfDXEUiKs,UCuWDza8A_ntbjwBZgW0ZSNw,2026-08-04 05:12:10,84709,1199,106,119.8,120.05,0.05,1
aMj3cbUlUy4,UCw1DsweY9b2AKGjV4kGJP1A,2026-07-30 08:30:35,73671,223,74,119.99,120.24,0.01,1
aMnGWG-gC58,UCw1DsweY9b2AKGjV4kGJP1A,2026-08-04 10:33:42,249819,1482,283,119.94,120.19,0.06,0
aN22HaIV8Aw,UCBTsPtRCh6ln3IRQFjhjh1A,2026-08-14 09:00:26,227204,2089,577,120.0,120.0,0.0,0
aN2FFvIiYrc,UCNRnCc0hg3ZcKdOGXKKv5Ww,2026-07-28 03:15:19,41315,188,8,120.0,120.0,0.0,1
aN5Kw-6KuNw,UCQyZh4b4TLaSVldnDWnh7fA,2026-07-28 07:03:47,10,1,0,119.94,120.19,0.06,0
aNBL3J78Sd0,UC3kVT7zilzGf_7fIEkc4dDA,2026-07-23 08:33:01,19498,471,58,119.95,120.2,0.05,0
aNHO1iC6pKU,UCNRnCc0hg3ZcKdOGXKKv5Ww,2026-08-01 03:15:02,21391,183,13,120.0,120.0,0.0,1
aNfHpXGKsDg,UC-aXNBQ6nwMNeW2V8XB7sBg,2026-08-29 03:00:05,20408,81,15,119.76,120.01,0.01,0
aNh9DMyPUj0,UCZ6mNZTiTUrUSbSYPlclI4A,2026-08-22 08:45:18,9899,350,14,119.76,120.01,0.01,1
aNjfJOLjsl4,UCPGl9DV2WUgaqGVXtVrhJWQ,2026-07-11 15:00:11,8,0,0,120.0,120.0,0.0,0
aNlL1lkUx2Y,UC4P7F8qenDo1O_5NvgBb_cg,2026-08-08 02:30:04,118567,1139,209,120.0,120.0,0.0,0
aNzVWt1WLls,UCZNTsLA6t6bRoj-5QRmqt_w,2026-08-08 14:00:39,48984,1346,138,119.99,120.24,0.01,0
aOE7BGFdRd0,UCJENagCOfjMxdQUDxO4kq2Q,2026-08-15 09:07:33,682,4,1,119.88,120.13,0.12,0
aOKWFUbffLE,UCdK9h1ILxS49c2LguBUY3rw,2026-07-27 22:31:08,14,3,0,119.98,120.23,0.02,0
aOM12nXGuxo,UCN8L7Z-dyzu9FzT39RM0fvw,2026-07-30 07:26:24,13998,159,100,119.81,120.06,0.06,0
aP-GaG-uVDA,UCt8CJiye87FMbEwt0npPMuQ,2026-07-16 19:02:32,10732,373,12,119.96,120.21,0.04,0
aP1BdODF2Oo,UCpI-AhCT02iQRGLC2ZcY0Jw,2026-07-11 01:00:32,17954,218,170,119.99,120.24,0.01,0
aP2tCV75xLs,UCTK7GGeH0c9INAEnV2EfD0Q,2026-07-29 09:00:25,3870,128,9,120.0,120.0,0.0,0
aP3gNmXi96M,UC543-TDm6IvHHZXwdSFioMw,2026-08-21 12:30:18,15328,62,0,119.76,120.01,0.01,0
aP9c73hF5t4,UCEg24oF81p-THPtp3otdmTA,2026-08-29 12:54:54,114149,2628,114,119.85,120.1,0.1,1
aPVqltyOIt8,UCYGF_xk5RDpltyZDSx040uw,2026-08-27 10:44:39,70644,630,30,119.77,120.02,0.02,1
aPbQWEtW4j0,UC4cKHOBS-nRfKFTwf1n8HGA,2026-07-22 15:14:04,44,,0,119.77,120.02,0.02,0
WqhO5JlwOQc,UCV6mNrW8CrmWtcxWfQXy11g,2026-08-26 16:00:10,43051,1490,35,119.76,120.01,0.01,1
WqiqO1TQptM,UCYJDUekoQz0-bo8al1diLWQ,2026-08-29 04:33:34,501172,7008,248,119.95,120.2,0.05,1
WqnwAzmFg_c,UCzkk3MGFFeiN0E0T3AEeg_g,2026-08-04 07:35:52,123374,401,349,119.91,120.16,0.09,1
WqnzfBTC9o4,UCp9skQ2mP_DfVL8c3gZQUzg,2026-08-24 03:24:54,53453,231,31,119.85,120.1,0.1,1
Wqold7Ig82w,UC-pobd8lZE33BSDz-iyHfJQ,2026-08-03 00:48:07,1345,12,0,119.95,120.2,0.05,0
Wr3n-6mvOfk,UCnCFD3met1Ip7OngdF9TRDg,2026-07-23 03:33:32,7183,108,23,119.95,120.2,0.05,0
Wr72uUeQn6c,UCdQHEqTxcFzjFCrq0o4V7dg,2026-08-23 00:25:34,58179,2408,199,119.84,120.09,0.09,0
WrAoT92mKMg,UC8chC5rneP-LHm43q-jF3oQ,2026-07-27 10:53:15,659635,7609,51,119.87,120.11,0.11,1
WraJxjilRBs,UCAaLhok91QDrweyuDRsmjqQ,2026-08-05 14:15:24,366610,3878,116,120.0,120.0,0.0,1
WrfVJL1SJYw,UCt8CJiye87FMbEwt0npPMuQ,2026-08-17 14:00:39,8556,402,34,119.99,120.24,0.01,0
Wrhg9DM6Mxk,UCtjlhCmFXYFXC4uqg1flTBg,2026-08-02 14:55:07,204,1,0,119.83,120.08,0.08,0
WrjTBHQvzi0,UCHK-FRuAjk8g798dD7L7xqA,2026-08-22 02:10:29,12329,235,50,119.84,120.09,0.09,0
Ws2qvpYnLwg,UCEcRvF_6IRSux8FO-ogFZug,2026-08-04 08:00:17,25748,1556,31,120.0,120.0,0.0,1
Ws38oqjWFTM,UCXCa03lRK6tlntZoJ7TUWRw,2026-07-26 02:00:02,52342,2043,122,120.0,120.0,0.0,1
Ws6cQK-QTJU,UCPuD5ZRQWa_JCaY5NokNhtg,2026-08-31 16:34:29,1221,8,2,119.94,120.19,0.06,0
WsIyzumZs3g,UC-aXNBQ6nwMNeW2V8XB7sBg,2026-08-21 12:00:18,6674,115,20,119.76,120.01,0.01,0
WsKXWEsf81A,UCRE-9quk3OT2OKgZFAgdN_g,2026-08-08 13:42:14,12250,143,51,119.8,120.05,0.05,0
WsfxxUC7Pro,UCAGUSx1hbPKDqzBZH7bTjiA,2026-08-25 10:00:02,42378,759,134,119.76,120.01,0.01,0
Wsx5CMcKZZE,UC46X_E7jxvJ1O_3gnaeCxeg,2026-08-04 01:45:03,66114,502,127,120.0,120.0,0.0,0
WsxWOSm38Dg,UCrR_fhiJjoW8OJFzUcmlMMA,2026-08-27 10:00:23,10600,49,55,119.76,120.01,0.01,0
Wt717YQWLAM,UCeB_ZeSo0xDL62wWlkTEtjA,2026-08-05 02:30:23,17071,153,82,120.0,120.0,0.0,0
WtGFLOdUw84,UC5ScPjbt-a97AJO7SBj6nAg,2026-08-14 07:00:38,149011,4053,116,119.99,120.24,0.01,1
WtRJCv4e1Xk,UCIvLQ5lZ2kebqnLaGv_FP4w,2026-08-14 20:20:12,4346,21,3,119.92,120.17,0.08,0
WtZkpfCJa30,UC7lwS-aSDzYHZJ9uWuzySwQ,2026-08-18 09:00:24,1678,4,2,120.0,120.0,0.0,1
Wtg4y3VhQt4,UCuwnt_REmD4YsCtFJRoqjFw,2026-07-19 11:56:32,165920,1392,62,119.81,120.06,0.06,1
WtjF2bJch3Q,UCDmmbxGg8g-EBkC_ku6vybg,2026-08-22 03:00:15,43493,1311,43,119.76,120.01,0.01,0
Wu2vPIbbSVs,UCHeg3ApmuXQbqqszaD1fR9g,2026-07-20 14:17:44,73,2,0,119.96,120.21,0.04,0
Wu3sQFdXyLk,UCZCZHg_oJiHcrcj2vaPRCag,2026-08-22 09:00:34,563,0,0,120.0,120.0,0.0,0
Wu9WcWiu4os,UC4VWaR3R17Ruc7j1Cy1-PKQ,2026-07-27 07:10:11,201,4,5,119.83,120.08,0.08,0
Wuc3J1ZpNok,UCOTJtP0Z9DjpPU43B5m1V6A,2026-08-16 15:37:09,68613,707,8,119.88,120.13,0.12,0
Wuxy_pxRqbw,UCI3DTtB-a3fJPjKtQ5kYHfA,2026-08-28 00:13:17,3146,15,0,119.79,120.04,0.04,0
Wv-NDf1L02s,UCz5UFGucIyJGH0nf_8d0ghA,2026-08-04 23:24:15,2901,38,11,119.85,120.1,0.1,0
Wv7eZs652ag,UCJpAwvQaZyCI5spAz7tipGA,2026-08-21 08:30:08,354604,1836,738,119.76,120.01,0.01,0
WvBr8jDq0bs,UCETJ2rkwgeYb0OojPNh-DRw,2026-07-12 14:52:10,1084,10,1,119.88,120.13,0.12,0
WvYQzTJB1mo,UCKVt3arMXfa6XZezR1UnjqQ,2026-08-30 09:00:28,18397,83,4,119.76,120.01,0.01,0
Wv_TFap42mU,UCPJGXrPIVKBR8PJY7w33WZw,2026-08-19 06:00:04,233919,3334,109,119.76,120.02,0.02,1
WvchnBxRY1s,UC4VWaR3R17Ruc7j1Cy1-PKQ,2026-07-28 22:04:10,53,1,0,119.93,120.18,0.07,0
WvrbEsfGiIM,UCI3DTtB-a3fJPjKtQ5kYHfA,2026-08-27 18:25:51,5153,25,1,119.83,120.08,0.08,0
Wvzk37d1kRY,UC3DYSay178fMMPaf3zHwECA,2026-07-24 04:15:06,16251,578,27,120.0,120.0,0.0,0
Ww-o6AQEFzY,UCNu00qhYj4nPeMNdxuwV6sg,2026-08-27 15:37:21,1541,36,0,119.89,120.14,0.11,0
Ww2QQq_Twqo,UCPsZX-D7LW99PjZLA-UysPQ,2026-08-22 00:00:17,2177,22,14,119.76,120.01,0.01,0
Ww4BE8vBat4,UCV7WE8I_UiAN0fa6Arezx_w,2026-07-12 07:00:17,73,1,0,120.0,120.0,0.0,0
Ww9Ji-qt_6Y,UCV7WE8I_UiAN0fa6Arezx_w,2026-08-20 13:00:07,43,1,0,120.0,120.0,0.0,0
WwM6I6xUCio,UCIH7bdyhaJ0nD7jIcgqmQbQ,2026-07-23 08:00:30,17301,182,16,119.99,120.24,0.01,0
WwX36A8PuuM,UCw1DsweY9b2AKGjV4kGJP1A,2026-08-21 08:00:19,1033079,4787,185,119.76,120.01,0.01,1
WwY7tcHehp4,UC9vI-9WYQLXKI6n9XdXXo3g,2026-08-14 06:00:11,62507,180,15,120.0,120.0,0.0,1
Wwi9semSfz4,UCBmPfbqvGwTTfrV-H_UOfdw,2026-08-03 23:12:13,203540,3279,103,119.8,120.05,0.05,1
WwjjKkLW8w8,UC8C0Yd20ke5XqOiZvMVgM9w,2026-08-19 03:00:02,1798260,141,52,119.76,120.01,0.01,1
Wx81Vs_Krqc,UCPsZX-D7LW99PjZLA-UysPQ,2026-08-20 09:00:20,3039,30,16,120.0,120.0,0.0,0
WxKGzXRksjU,UC1Ns07Rw0lQK-KuaPHfRRTw,2026-08-28 14:26:52,153,0,0,119.81,120.06,0.06,0
WxbSj8ctfwg,UCgT-gb3favw2jQgwxbbwwaA,2026-08-25 11:00:24,110378,692,28,119.76,120.01,0.01,0
WxrWdY8IXBc,UCKUUL3fMVvYVZdGkKhhjP0A,2026-08-10 08:58:56,36686,912,29,119.77,120.02,0.02,1
Wy24q8i_hkk,UCcgkgKhXT6QwdGj9Nr8PBcg,2026-08-28 08:30:45,563073,1981,218,120.0,120.0,0.0,0
Wy4MWfogdHs,UCt8CJiye87FMbEwt0npPMuQ,2026-08-21 13:00:35,42872,1702,117,120.0,120.0,0.0,0
Wy7BjYI7tc4,UCJDXc9JWCZo-nLNKr_-L2Ng,2026-08-06 18:42:56,4002,132,19,119.79,120.04,0.04,0
WyJM1a4Dpq8,UCYGF_xk5RDpltyZDSx040uw,2026-07-11 10:56:02,239594,2522,159,119.82,120.07,0.07,1
WyN5h9ZtFOQ,UCpcTrCXblq78GZrTUTLWeBw,2026-07-16 14:30:34,107428,1154,118,119.99,120.24,0.01,0
WyP4ogIW9hA,UCCrqkpYfyGX5UBFyPx6bqKA,2026-07-30 14:11:39,2811,80,17,119.81,120.06,0.06,0
WyQk2vpToyc,UC-FiQR2gg8oiNw98ZdsSX6Q,2026-08-01 15:00:33,2960,7,0,119.99,120.24,0.01,0
WyTstboTqZk,UCSzHok6X5qXEO7cjvVnE62g,2026-08-24 10:00:33,42202,203,37,120.0,120.0,0.0,0
Wyi2rn2t0LI,UCBA9XaL5wCdHnC5EmEzwrqw,2026-08-11 11:04:00,397834,2107,210,119.94,120.19,0.06,0
Wyr-JhWBCBU,UCc1VJX_5Z2RdGi58XU4IfbA,2026-08-07 06:30:25,386,12,0,120.0,120.0,0.0,0
Wyr2HSniwRU,UCt8CJiye87FMbEwt0npPMuQ,2026-08-07 12:00:32,5292,103,2,119.99,120.24,0.01,0
Wz2J05cuvDw,UCzVXdulvpgEoI8yuFMmhxJw,2026-08-31 11:14:22,79527,5038,75,119.77,120.02,0.02,1
Wz6vFBQVEMM,UC-yc6w2Sa6jOhMuY8motwDA,2026-08-28 18:45:07,1238,3,2,119.76,120.01,0.01,1
WzPUk3AJI1c,UCUPa-gJcbYG9Ql8b9H9FBbg,2026-07-26 00:00:13,6932,45,4,120.0,120.0,0.0,0
WzQ912Mu3Mo,UCPGl9DV2WUgaqGVXtVrhJWQ,2026-08-23 15:00:25,19,0,0,120.0,120.0,0.0,0
WzSNFTnk3-Q,UCg5Ew4lj74r_ohbc4AeQj1w,2026-08-01 04:58:23,21855,613,30,119.78,120.03,0.03,1
WzSNKBrM4S0,UCZPfs7xIjGmOGs9kvgGhUKQ,2026-08-19 09:58:45,37,2,0,119.78,120.03,0.03,0
WzaxWo4GVfQ,UCTmniSiCVyG_UKVCEa9PNKA,2026-08-14 07:32:51,6007,100,2,119.96,120.21,0.04,0
WzeJo0crwuY,UC-FiQR2gg8oiNw98ZdsSX6Q,2026-08-08 04:00:16,1048,10,2,120.0,120.0,0.0,0
WzfHDt5sEog,UCYxwKnNRv4FurQxeKcuR0Sw,2026-08-11 03:00:04,6,1,0,120.0,120.0,0.0,0
Wzp8l3Z4Z7U,UChLqHuZV0PENIBYxDgXyPLQ,2026-08-15 09:51:13,50492,736,23,119.9,120.15,0.1,1
WzzmJC2Fa1k,UCnCFD3met1Ip7OngdF9TRDg,2026-08-22 04:39:32,5229,78,4,119.85,120.1,0.1,0
X-BUetfuFN4,UCcNdwtZ7ulFFxngmnzsWQNA,2026-07-22 07:00:10,22916,257,117,120.0,120.0,0.0,0
X-K2S3QsjEY,UCV6mNrW8CrmWtcxWfQXy11g,2026-08-23 07:00:09,450217,17271,222,119.76,120.01,0.01,1
X-ZhYbPrLHM,UCjiPEaapiHbJMoAdi_L8fNA,2026-08-22 16:01:11,176151,3890,942,119.99,120.24,0.01,1
X-j3HYQ6Mto,UCab17MxxnFtAhGsJVTkSkCg,2026-08-29 10:11:33,6144,41,2,119.83,120.07,0.07,0
X-u7twF8D24,UCL2ZLyAV0H9Pvi46W7TGdHQ,2026-08-17 11:00:15,31124,182,28,120.0,120.0,0.0,0
X05lKtVjrcs,UCk3w4CQ_SlLH4V0-V6WjFZg,2026-08-13 16:17:00,99926,4909,385,119.97,120.22,0.03,0
USR_FmGHb6o,UCAaLhok91QDrweyuDRsmjqQ,2026-08-18 12:09:59,120942,954,31,119.85,120.09,0.09,1
USYeAMOTR-Q,UCnMshUhBxDsKFPnxBGmGEpg,2026-08-22 04:58:48,1373,24,10,119.78,120.03,0.03,0
USdLqoRZEo4,UCPuD5ZRQWa_JCaY5NokNhtg,2026-08-15 14:33:37,471,8,2,119.94,120.19,0.06,0
USgWF4hbCI8,UCPuD5ZRQWa_JCaY5NokNhtg,2026-08-25 05:29:22,316,9,2,119.77,120.02,0.02,0
USh17k4JyFU,UC4cKHOBS-nRfKFTwf1n8HGA,2026-08-06 09:14:09,1348,,1,119.77,120.02,0.02,1
UTM69BO94jQ,UCrY2B2XX41ReYh9DIWrFfCg,2026-08-17 09:46:26,2890,,10,119.98,120.23,0.02,0
UTOlO9JzTYM,UCX11f6rIVaoWGvFnKKyPBNQ,2026-08-19 19:52:24,3186,152,3,119.89,120.14,0.11,0
UTcH6ucnNdI,UCN5oT4zGJX-_H6pE5isAEeg,2026-07-22 12:00:06,129363,3113,128,120.0,120.0,0.0,1
UTkzKwI2dqM,UCarBV0zWlC2k-HteyeKqfag,2026-08-11 16:01:24,22563,135,1,119.98,120.23,0.02,0
UToP-aeH4h0,UCuwnt_REmD4YsCtFJRoqjFw,2026-08-08 02:30:09,28481,286,31,120.0,120.0,0.0,0
UTwEdaAotkU,UCDnIK80iouL_rb_J6GybOlg,2026-08-13 02:52:21,1,0,,119.88,120.13,0.12,0
UUAtR1sIzSU,UC_9W6Z5Y3lDpLk47Y_y5ITQ,2026-07-24 23:21:10,19519,234,20,119.9,120.15,0.1,0
UUHhyUSUp9I,UCNHzi1aZaQZOgVX38E2M4iw,2026-08-23 02:29:26,189274,6555,412,119.77,120.02,0.02,1
UUPAV2XlLng,UCkcaRxpTcisadUeCbHOYTFw,2026-08-09 11:13:06,65649,535,13,119.78,120.03,0.03,1
UUa9H2Dae6I,UCb5NLtXAsTBrmaZVhyFa-Wg,2026-08-29 09:25:07,308251,761,111,119.85,120.1,0.1,0
UUgUYme0VSo,UCJpAwvQaZyCI5spAz7tipGA,2026-08-23 08:30:19,355606,1792,258,119.76,120.01,0.01,0
UUir3fdPMdk,UCt8CJiye87FMbEwt0npPMuQ,2026-08-31 12:30:20,89272,2192,116,119.76,120.01,0.01,1
UUlLoNf17fE,UCZaNYFjF_SRRJPVuGX7yMjQ,2026-08-07 12:06:30,629,3,0,119.89,120.14,0.11,0
UUlx3LNLvls,UCqVkQsNin4MdGFrWvzFVOKw,2026-08-18 13:28:01,14182,403,2,119.79,120.04,0.04,0
UUnVnsOo4CY,UCab17MxxnFtAhGsJVTkSkCg,2026-07-25 06:26:49,1270,26,0,119.81,120.06,0.06,0
UUo4K6ebZvU,UCgjaQlejpAnIu0q-xtVfTEw,2026-07-15 06:30:26,36745,364,76,119.99,120.24,0.01,0
UUuRIbp_5rc,UCU0-6z_KU9AShyR9J6gcFGw,2026-08-21 14:36:55,457,6,0,119.9,120.15,0.1,0
UV5Cu4F8xqE,UCgLFbrC7-g0ihBKB0obVPTg,2026-07-23 12:22:54,233,3,0,119.87,120.12,0.12,0
UV7Lkkf_dbE,UCHZ9X2Nl3dq8ChEJgScmZCw,2026-08-21 08:00:38,14442,176,26,119.75,120.01,0.01,0
UV7hzCxAL28,UCZ_xE8U6MVnpwefrYvl2uvA,2026-07-29 09:00:30,95,3,0,119.99,120.24,0.01,0
UV9eEqNrsZA,UCfIFEUxDE0kRkZh4yfEBEvA,2026-08-11 07:25:35,2252,11,3,119.83,120.08,0.08,1
UVEDfXDfST0,UC027x98NgUBw9K4aPT8k0mg,2026-07-22 12:00:04,5112,73,28,120.0,120.0,0.0,0
UVao684s0Fg,UClHTjLVog7CkRF8tYJuNXXQ,2026-08-10 22:00:22,416,10,1,120.0,120.0,0.0,0
UVfIGm5SfXo,UCV6mNrW8CrmWtcxWfQXy11g,2026-07-26 06:00:27,681149,20003,312,119.99,120.24,0.01,1
UVo7iL05HLg,UCZ6mNZTiTUrUSbSYPlclI4A,2026-08-15 08:20:07,4078,107,4,119.92,120.17,0.08,1
UVrVnK9I_Jo,UCifCesg-EUkjKyQedaB3hRg,2026-07-26 23:36:43,21405,451,2,119.89,120.14,0.11,1
UW3XvakV9NQ,UC2yOBpLVwB7kzt9C5ZPbB7w,2026-08-07 20:00:25,251694,2976,296,119.99,120.24,0.01,1
UWDm1p_LvKM,UCBtJuwDt6LlXp2YASC-ZMdA,2026-08-30 09:00:10,959,2,0,119.76,120.01,0.01,0
UWFAmpn6GvE,UCHYMpkGhNIr8A0m2H3lIjUA,2026-08-28 13:00:03,98010,264,83,119.76,120.01,0.01,0
UWJOfXQwjVI,UCSgvQDek_7CQj08fu7kp1Iw,2026-07-24 10:50:28,184119,3655,1152,119.91,120.16,0.09,0
UWJSwKKftr4,UCPsZX-D7LW99PjZLA-UysPQ,2026-08-28 06:00:05,872,5,1,119.76,120.01,0.01,0
UWLpZMIr8V8,UCp6n8d8Y8r3MwKNw_MMaouQ,2026-08-11 14:47:28,3132,174,0,119.96,120.21,0.04,1
UWMUmtTs4Mo,UCcvKf8NxAw9i09hZw1MQPBQ,2026-08-09 11:00:40,135547,2313,955,119.99,120.24,0.01,0
UX3GgW3MolE,UC8rbhIem-3aAsNXhTDI-nSA,2026-08-30 22:00:04,186638,1936,79,119.76,120.02,0.02,0
UXCpF_ohUx0,UCzDmGDR5RdahQkLCBoWlTEg,2026-08-19 03:00:19,12621,71,2,119.76,120.01,0.01,1
UXEY5yOlXyE,UCRLoyYlPR9ufzlbeI9lLDqg,2026-07-23 09:00:07,13865,766,52,120.0,120.0,0.0,0
UXGZZL0-XAc,UC-Av9SmAuRmyaEdwZKnT58g,2026-08-05 11:20:19,12608,219,17,119.91,120.17,0.09,1
UXJcYkHed6I,UCAl4HWznMn7KhKBRFO5eiFA,2026-08-22 10:57:52,20662,43,1,119.8,120.05,0.05,1
UXaWvPqEv1s,UC24GgPBq5W3v34z0p0uk1Ow,2026-08-16 10:14:12,395,1,0,119.77,120.02,0.02,0
UXb46t8DE6Q,UCcgkgKhXT6QwdGj9Nr8PBcg,2026-08-15 06:46:00,131756,824,73,119.99,120.24,0.01,0
UXhFlIVFTGU,UC3DYSay178fMMPaf3zHwECA,2026-07-25 04:15:06,24167,647,42,120.0,120.0,0.0,0
UXmv_KyEZfQ,UC8IxyKkhu4YUYK_c76AdcDw,2026-07-23 01:36:21,19930,64,26,119.9,120.15,0.1,1
UY-k0CCsR74,UCifCesg-EUkjKyQedaB3hRg,2026-08-15 22:32:24,16815,404,2,119.96,120.21,0.04,1
UY6WmZlOT_c,UCN8YcyYvYIrtLcwyT-KqbNg,2026-08-01 03:01:00,28168,133,43,119.99,120.24,0.01,0
UYGC9k1OBOE,UCZ6mNZTiTUrUSbSYPlclI4A,2026-08-19 08:15:09,12865,415,11,119.76,120.01,0.01,1
UYTQN13oRjI,UCZNTsLA6t6bRoj-5QRmqt_w,2026-07-31 14:00:37,41137,1378,84,119.99,120.24,0.01,0
UYdPwbi-cnY,UCPGl9DV2WUgaqGVXtVrhJWQ,2026-08-27 13:52:38,156,0,0,119.88,120.14,0.12,0
UYrtngs9Kvo,UCU0-6z_KU9AShyR9J6gcFGw,2026-08-29 03:01:08,1107,2,0,119.99,120.24,0.01,0
UYvG2CUZdvM,UCEjXNNB9IKEa4HfLQVt8VEg,2026-07-31 11:00:27,180,4,2,120.0,120.0,0.0,0
UZL5sFQxMCk,UCqI5lyTpC79pOy2D-VXAMdA,2026-07-27 14:07:07,69947,535,289,119.88,120.13,0.12,0
UZLPR7YB_9Y,UCyU5JQ8KVRD9jE4E_xLsHxw,2026-08-22 09:00:27,59,1,0,120.0,120.0,0.0,0
UZPMrfpr7C0,UCpcTrCXblq78GZrTUTLWeBw,2026-08-13 14:11:52,489193,8219,979,119.81,120.06,0.06,0
UZTh83HebMI,UCwBkHOTyu57NQi0syf5MLig,2026-08-21 00:00:04,465312,3156,96,119.76,120.02,0.02,1
UZt5mYMYAek,UCcJliZnsRbNw4I4uWSGq_wA,2026-07-29 15:04:01,1138,1,1,119.93,120.19,0.07,0
U_4hZyLl4Go,UCMswODzU1ZjjrLyUk7NfwPA,2026-08-16 09:00:20,17197,422,17,120.0,120.0,0.0,0
U_Ats3xvsnc,UCSh__r5HS4Y1xBkccWnV0TA,2026-08-08 18:06:05,269386,6475,231,119.9,120.15,0.1,0
U_JERGwPG1Q,UCGi94VU356EAvQLgODywyrA,2026-08-02 17:13:03,2187,46,0,119.78,120.03,0.03,0
U_OjBDmUVrQ,UCarBV0zWlC2k-HteyeKqfag,2026-08-05 06:49:30,70,3,2,119.93,120.18,0.07,0
U_PTIva-WAQ,UCpcTrCXblq78GZrTUTLWeBw,2026-08-06 07:30:08,105344,2631,43,120.0,120.0,0.0,1
U_PW2gcOBys,UCirJgPv8RtFaFMj39b6cD8Q,2026-08-05 03:00:12,15738,89,2,120.0,120.0,0.0,1
U_Zk_7di4co,UC6YqXiwCBfPvPTs3wXgWElQ,2026-07-27 14:00:31,68616,321,143,119.99,120.24,0.01,0
U_rvOvAXAg4,UCnCeDIkExSpULGqmpj5oafg,2026-08-26 15:00:15,9733,50,5,119.76,120.01,0.01,1
U_tuoOTqJFA,UCV7WE8I_UiAN0fa6Arezx_w,2026-08-09 12:00:16,33,0,0,120.0,120.0,0.0,0
UaHXS0luxUg,UCirJgPv8RtFaFMj39b6cD8Q,2026-08-19 03:00:07,4294,23,4,119.76,120.01,0.01,1
UaHim63lsLo,UCuZ862fZel1gq9RAf_OkvqA,2026-08-19 15:28:00,11845,102,71,119.79,120.04,0.04,0
UaUeT-camtw,UCvagJYsZ_uvB3jJoNwuimZQ,2026-08-23 14:09:57,20681,44,0,119.84,120.09,0.09,0
UaZ0_wuBe9Q,UCwUdsbSoKjC9FDcpihDeXSg,2026-07-27 03:15:29,27107,29,6,120.0,120.0,0.0,1
UanbE2i2o5s,UCPGl9DV2WUgaqGVXtVrhJWQ,2026-08-27 15:00:12,8,0,0,119.76,120.01,0.01,0
UaoSXj3IJZY,UCLHwMFguUxHVSk91vzicEJw,2026-08-29 13:30:23,171679,830,67,119.76,120.01,0.01,0
UasGzux1SDE,UCPGl9DV2WUgaqGVXtVrhJWQ,2026-08-26 14:01:59,24,0,0,119.98,120.23,0.02,0
Ub-8NywHJf0,UCZRH94I89Ps7giJYeK6DlWA,2026-08-21 03:00:16,30803,481,41,119.76,120.01,0.01,0
Ub7xdwwDoMY,UClHGjnruf4A9Us7CHVgLIEQ,2026-08-04 11:13:39,7191,101,3,119.78,120.03,0.03,0
UbAIIhUYAvU,UCElXDMEQqlUnuyDbChjARWQ,2026-08-05 10:49:37,206,0,0,119.93,120.18,0.07,1
UbI-YvZl5Bc,UCv-gQ0Uj15Yd09V-isYS35A,2026-08-11 05:50:10,3,1,0,119.92,120.17,0.08,1
UbtCvbve0QM,UC9JlObZnbOirT4_iyPGrdcw,2026-07-15 02:00:20,85099,740,204,120.0,120.0,0.0,0
Ymg6p2wcP9A,UCzVXdulvpgEoI8yuFMmhxJw,2026-08-03 02:30:50,4917,166,5,119.99,120.24,0.01,0
YmgrRfdgbUI,UCepHesz_5Lwr7qRaqjB-p1A,2026-07-18 09:30:28,134151,1751,465,119.99,120.24,0.01,0
YmiFChDTpoE,UCKrprPfevcAZpPuRnCO6xOA,2026-08-20 09:48:28,35,0,0,119.95,120.2,0.05,0
YmrjAMy-2xc,UCYsRymb9vAsOOLBy-Wo1kRg,2026-08-18 09:55:53,1695,39,21,119.83,120.08,0.08,0
YmtYUT72JbQ,UCkd3KAYGnTNPJZZrPOFeWhA,2026-08-27 04:34:43,47163,61,20,119.93,120.18,0.07,1
YmzCydc4qOk,UC6VcWc1rAoWdBCM0JxrRQ3A,2026-08-06 12:09:13,931912,73105,2796,119.85,120.1,0.1,1
YnDa0kjR2BY,UCrR_fhiJjoW8OJFzUcmlMMA,2026-08-29 02:00:01,9533,47,18,119.76,120.01,0.01,0
YnLl6BdHye0,UCV6mNrW8CrmWtcxWfQXy11g,2026-08-21 06:00:37,532073,30590,255,120.0,120.0,0.0,0
YnQtchnuTYo,UCATlfGN7EDjXS_2ofklb3bw,2026-07-24 07:54:56,56304,653,1,119.84,120.09,0.09,0
YnTrpz-2sCw,UCab17MxxnFtAhGsJVTkSkCg,2026-08-01 12:35:22,733,16,0,119.91,120.16,0.09,0
YnTysjGYZQQ,UC5ScPjbt-a97AJO7SBj6nAg,2026-08-07 08:30:24,130800,3314,479,120.0,120.0,0.0,0
YnejHxZHi_8,UCrwOSKEMgNGb1SIWqiYaulA,2026-07-23 06:38:11,24401,527,14,119.87,120.12,0.12,1
YnhRvT4W97w,UCarBV0zWlC2k-HteyeKqfag,2026-08-10 17:16:25,22130,158,0,119.98,120.23,0.02,0
YnlBTDkaIDI,UCW_Ptq0v8ck67w9oKiwXz2g,2026-07-28 09:01:51,149,1,0,119.97,120.22,0.03,1
Yo2k1ELeu8U,UCPGl9DV2WUgaqGVXtVrhJWQ,2026-07-21 15:00:34,8,0,0,119.99,120.24,0.01,0
Yo2pq79cyrs,UCNRnCc0hg3ZcKdOGXKKv5Ww,2026-07-22 09:15:31,3024,40,10,119.99,120.25,0.01,0
Yo35ln1Fd3c,UCifCesg-EUkjKyQedaB3hRg,2026-08-09 23:13:12,37404,960,12,119.78,120.03,0.03,1
YoFN2mVGDyI,UCKVt3arMXfa6XZezR1UnjqQ,2026-07-23 22:00:02,11641,39,15,120.0,120.0,0.0,0
YoRaFE-xoi0,UCBS4sjbGJIcclT-Y6i_Jzkg,2026-07-23 17:45:42,34563,1238,6,119.99,120.24,0.01,1
YoSYD1uLPXo,UCHJv9xBR9lkzGSIepie-T_A,2026-08-20 21:30:39,2607,42,3,120.0,120.0,0.0,0
YoaOecezZE8,UCPGl9DV2WUgaqGVXtVrhJWQ,2026-07-22 15:00:13,39,1,0,120.0,120.0,0.0,0
YocDjo6yPbU,UC_E_qYfGKM3C0kqrp1p8z7Q,2026-08-20 19:00:34,452,8,2,120.0,120.0,0.0,1
Yomnm2bSz6w,UCBA9XaL5wCdHnC5EmEzwrqw,2026-07-16 13:31:51,255796,1009,144,119.97,120.22,0.03,0
YoqllCG7lmY,UCPGl9DV2WUgaqGVXtVrhJWQ,2026-07-11 15:00:09,4,0,0,120.0,120.0,0.0,0
YpDmlukjBFU,UCcZLS3cRPf6ObjvKuPM7KDw,2026-08-31 09:30:20,1112,6,1,119.76,120.01,0.01,1
Ypx5ahtBpfU,UC027x98NgUBw9K4aPT8k0mg,2026-07-14 12:00:34,102218,819,339,119.99,120.24,0.01,0
Ypxaj0voKGo,UCby0vMKcLR05ZdS90aZd5og,2026-08-27 05:43:34,19241,19,0,119.79,120.04,0.04,1
YqQTF9zJzd0,UCFvdXoI9LTADYG07s4pMnhg,2026-08-03 14:30:00,16558,97,92,120.0,120.0,0.0,0
YqS5zWLotow,UC5RxNUZ9_c94ZEfJGnJZmTw,2026-07-28 18:36:49,1067,44,1,119.89,120.14,0.11,0
YqTxzDEygL8,UCXAXCxTCCYYKsLJNzEvjqfw,2026-08-22 16:23:59,12286,132,37,119.86,120.11,0.11,0
Yqb1K_ujWyY,UCmiTZyj9GwMjyznZxrgCH4Q,2026-07-27 07:07:33,16184,279,30,119.88,120.13,0.12,0
Yqe-SEhQKJQ,UCRLoyYlPR9ufzlbeI9lLDqg,2026-08-26 09:00:15,40740,1166,33,119.76,120.01,0.01,1
YqgIs47H5eE,UCkrJBQAut47U8xMUuv8D_3g,2026-07-11 12:37:33,115975,3897,134,119.88,120.13,0.12,0
YqpBJAstr6w,UCqFmG6ofirSWvI9B8mwzvyA,2026-08-10 12:00:40,485,7,1,119.99,120.24,0.01,0
YqqdebVy0ZM,UCw1DsweY9b2AKGjV4kGJP1A,2026-08-01 10:03:02,13960,49,13,119.95,120.2,0.05,0
YqrcUeRrE9c,UCqVkQsNin4MdGFrWvzFVOKw,2026-08-05 02:50:26,9754,221,9,119.91,120.16,0.09,0
Yqt2jxQm6tc,UC9vI-9WYQLXKI6n9XdXXo3g,2026-08-04 22:40:30,1969,19,0,119.83,120.08,0.08,0
Yqu5g3110Ws,UC9M8GGVwPqc9ubNruArCNPg,2026-08-07 12:00:15,14471,551,53,120.0,120.0,0.0,1
Yr4d2UfnOhw,UCpCBP5cVIBvezPI1LKFMYjA,2026-08-27 15:10:31,55318,1082,32,119.84,120.09,0.09,1
Yr_BVXU3X-M,UCLbehOwlIi6QrfZNhC39t4Q,2026-08-04 00:30:16,27185,459,51,120.0,120.0,0.0,0
YriaBktBhw8,UCkavlo6q2XfO_MA9Q24wRvw,2026-08-24 09:59:43,20169,35,9,119.77,120.02,0.02,0
Yriy7-vq9V8,UCuWDza8A_ntbjwBZgW0ZSNw,2026-08-18 08:00:07,40444,397,12,119.76,120.01,0.01,1
YrnjFEFK8o8,UCt8CJiye87FMbEwt0npPMuQ,2026-08-29 12:00:23,14421,245,9,119.76,120.01,0.01,1
Ys5yNMzDXoc,UCdK9h1ILxS49c2LguBUY3rw,2026-07-26 11:30:03,7,2,0,120.0,120.0,0.0,0
YsAhaTrtnNY,UC4cKHOBS-nRfKFTwf1n8HGA,2026-07-30 15:11:26,43,,0,119.81,120.06,0.06,0
YsCBRiAaXqw,UCmUj2ymudTL0ksdu1WumSgQ,2026-08-06 07:39:35,90,5,2,119.84,120.1,0.1,1
YsQXlnvjIfQ,UCJDXc9JWCZo-nLNKr_-L2Ng,2026-08-12 11:00:16,2442,89,6,120.0,120.0,0.0,0
YsVHCKk2yQk,UC8FErYSi74YwGUAoTpjvgzQ,2026-07-10 09:30:14,7242,90,2,119.26,123.12,0.74,1
YseMYVssoSo,UCV7WE8I_UiAN0fa6Arezx_w,2026-07-22 18:00:02,249,0,1,120.0,120.0,0.0,0
YsgRwg0GfJ4,UCKVt3arMXfa6XZezR1UnjqQ,2026-07-20 06:00:07,13236,115,9,120.0,120.0,0.0,0
Ysi09zPMxxs,UCPsZX-D7LW99PjZLA-UysPQ,2026-07-29 00:00:03,606,2,4,120.0,120.0,0.0,0
YskaFpGySzE,UCHXhFmex5EkUy-fP2IMQ_Ug,2026-08-20 09:27:52,71159,1503,74,119.79,120.04,0.04,0
YsnOLODC9nI,UCyAA-Vj4ORjXl5Ui2m6_Llw,2026-08-19 09:00:13,15688,83,22,119.76,120.01,0.01,0
YsqUulZ4F6k,UCnCH3Uhv_ynhTNKEH6ekRtg,2026-08-27 06:19:57,25507,148,23,119.93,120.18,0.07,0
Yt-IUQTiXAg,UCraf4ugZTyvFY6AJ0VjIxFA,2026-07-30 09:29:56,1081,,0,120.0,120.0,0.0,0
Yt8Sar2l110,UCooLkG0FfrkPBQsSuC95L6w,2026-07-30 04:00:36,57870,699,217,119.99,120.24,0.01,0
YtDutyLt3zo,UCPGl9DV2WUgaqGVXtVrhJWQ,2026-08-19 14:31:38,4,0,0,119.98,120.23,0.02,0
YtFgznOcHls,UCkd3KAYGnTNPJZZrPOFeWhA,2026-07-22 08:00:07,28853,70,53,120.0,120.0,0.0,1
YtGkTH8P_EM,UCUt2AEhC-OOC2EPCzj4DkCw,2026-08-05 23:00:28,37477,699,33,119.99,120.24,0.01,1
YtKGKfoXOzg,UCKYqtXYbSqaEwBmX43Q13Tw,2026-08-01 04:18:18,4292,16,11,119.95,120.2,0.05,0
YtKR1te4W90,UCgsKeCRaBGH6JlnH6VO_7OA,2026-08-11 17:14:49,42,0,0,119.76,120.01,0.01,0
YtbJVHCAYHs,UC1Il94cQwl93Zun8ax1Qjlw,2026-08-12 15:20:05,1724,5,3,119.92,120.17,0.08,1
YtcHIjU_YXw,UCMAfHuocszM6UTORPwUmeNw,2026-08-28 12:36:00,37266,275,1,119.91,120.16,0.09,0
YtcM422IGVk,UCNu00qhYj4nPeMNdxuwV6sg,2026-08-19 12:21:14,1111,32,0,119.91,120.16,0.09,0
YtpMratfxt0,UCab17MxxnFtAhGsJVTkSkCg,2026-08-08 14:08:17,2409,20,0,119.86,120.11,0.11,0
Ytv_81QpIDI,UCq0fwcojiA7ztN0FgTEgfXA,2026-08-25 10:12:27,81,0,0,119.8,120.05,0.05,0
Yu1-WxfLLxc,UCJzfS-WmieHog0H2OQoXkeQ,2026-08-29 03:00:39,134866,929,68,120.0,120.0,0.0,0
YuGtYJpB7cE,UCZ-B_El841ME7qGXvYinGmw,2026-08-10 14:08:15,4164,87,15,119.87,120.12,0.12,0
YuIPtRGSsSk,UCZ6mNZTiTUrUSbSYPlclI4A,2026-07-29 12:52:11,3511,142,2,119.88,120.13,0.12,1
YuUzURc1jHA,UC7Fh4LtlazaQnzT84qCzl6A,2026-08-24 06:51:10,399884,5010,58,119.91,120.16,0.09,1
Yup7NlMa0Cs,UCEcRvF_6IRSux8FO-ogFZug,2026-08-22 16:52:32,22554,720,49,119.88,120.14,0.12,0
Yupa3pgyGDE,UCN8L7Z-dyzu9FzT39RM0fvw,2026-07-22 09:00:28,45118,870,22,119.99,120.24,0.01,1
YurupSS_Uho,UCYooECrv-fIXlPaDwEIaveA,2026-08-03 09:01:19,49659,654,41,119.98,120.23,0.02,0
Yv-XtnD1ZDU,UC86GXx7Ap-Cahlb0r0xT-ZQ,2026-08-28 12:00:14,26400,179,9,119.76,120.01,0.01,0
Yv1x5t9o9bk,UCBtJuwDt6LlXp2YASC-ZMdA,2026-08-07 04:00:25,1354,6,0,120.0,120.0,0.0,1
Yv7cUm11Tz4,UCix5yCKpPr18CWrGOSCKCLA,2026-07-18 05:46:40,754,,1,119.97,120.22,0.03,1
YvChSVbznzQ,UCZPBWThSlgWT0DVaxxUEX4A,2026-08-09 19:56:13,91,1,0,119.82,120.07,0.07,0
YvEtxI2660I,UCJDXc9JWCZo-nLNKr_-L2Ng,2026-07-27 13:15:33,2902,121,8,119.99,120.24,0.01,0
YvGCbv7Cxy8,UCab17MxxnFtAhGsJVTkSkCg,2026-07-24 06:02:32,1068,15,4,119.96,120.21,0.04,0
YvImHYwyBQE,UCO8ToDSM2Gvt3EZdOdosxTw,2026-08-03 09:00:26,56428,1644,90,120.0,120.0,0.0,0
YvKWMWgiaYU,UC_yxsHiFh1_j174x4AxICSg,2026-07-19 08:56:40,37230,587,28,119.81,120.06,0.06,1
aPcRZ2-23gg,UCaN1Qp37sHiCdQuSaXa3fVw,2026-08-01 01:51:40,630263,9157,172,119.89,120.14,0.11,1
aPp8C-tvhrs,UCzDmGDR5RdahQkLCBoWlTEg,2026-08-29 11:48:45,16263,42,2,119.95,120.2,0.05,0
aQNC-eXVEmc,UClvMduw1MDMQ0PuH753-XSA,2026-08-20 00:41:21,1978,50,1,119.81,120.06,0.06,0
aQUhgLiJ8fk,UC6JB_a6rD1lZ_aZgQvORfrQ,2026-08-19 21:04:55,623,14,0,119.93,120.17,0.07,0
aQZTpaOHvAI,UCV7WE8I_UiAN0fa6Arezx_w,2026-07-16 14:00:29,48,2,1,119.99,120.24,0.01,0
aQjg_0q7Xmo,UCV7WE8I_UiAN0fa6Arezx_w,2026-07-19 21:00:37,81,0,0,119.99,120.24,0.01,0
aQoxLZL9Jew,UCVWAdUQGUiY2Kzh0JoB5PtQ,2026-08-18 10:59:11,100,0,6,119.77,120.02,0.02,0
aQpy1154cSo,UCah0w9n_eAyjUBG7eHbj8vw,2026-07-28 02:47:35,75400,1195,338,119.96,120.21,0.04,0
aR86Iq4QDUY,UC3hqiw3lZAXaMwhQvMGZkdw,2026-07-22 13:15:02,3815,47,35,120.0,120.0,0.0,0
aR8PqhRQ5R0,UCo33r3SAf5z9MS-lrXV2aOQ,2026-08-21 07:00:24,107985,911,98,119.76,120.01,0.01,0
aRHN-R3BGX8,UC1dG3vI9FfHnH3YgyeKUz_A,2026-08-09 13:40:57,199585,953,134,119.82,120.07,0.07,0
aRJhzSqf8zo,UCE8JC9RAVSudDT_8Ji1fuPQ,2026-08-10 08:45:07,157264,2105,140,120.0,120.0,0.0,0
aRTJpPWFffk,UCqI5lyTpC79pOy2D-VXAMdA,2026-07-16 14:35:04,85697,542,127,119.92,120.17,0.08,0
aRecyKqONnE,UCyZXLzORHoh9QMwA7IwS0pA,2026-08-24 15:42:07,1110,12,0,119.81,120.06,0.06,0
aS9P-oriF-I,UCV6mNrW8CrmWtcxWfQXy11g,2026-08-07 16:00:02,121254,4244,143,120.0,120.0,0.0,1
aS9c9b1OiDk,UCqjUPx-UAFHVvthd71bY7_g,2026-08-20 08:00:14,4459,23,35,120.0,120.0,0.0,0
aSD0dJ-0M0U,UClpc-7ejy_cntRdmrFLbOfg,2026-07-22 22:25:09,2763,29,7,119.84,120.09,0.09,0
aScesEncPsk,UCt8CJiye87FMbEwt0npPMuQ,2026-07-14 16:00:10,3638,82,3,120.0,120.0,0.0,1
aSmd7fSGidM,UCtVBI7YLJyDvrx7iWAukx_Q,2026-08-12 02:00:00,190776,5194,106,120.0,120.0,0.0,0
aT5iMy1LEEg,UCD8r5Jgns2V64-NcUmXclpg,2026-08-06 03:15:09,62017,353,37,120.0,120.0,0.0,0
aTJ6PTCLpFo,UCifCesg-EUkjKyQedaB3hRg,2026-08-16 01:23:52,2956,18,0,119.86,120.11,0.11,0
aTKvyaGBAB0,UCSzHok6X5qXEO7cjvVnE62g,2026-08-14 08:00:24,46927,224,69,120.0,120.0,0.0,0
aTMps6FDWyI,UCmcBe97VA2LqVEQUeeZl6Ew,2026-07-25 09:00:04,118566,775,138,120.0,120.0,0.0,0
aTSQPYsA26s,UCrY2B2XX41ReYh9DIWrFfCg,2026-08-31 10:01:27,6278,,4,119.99,120.24,0.01,0
aTebWxDVMgI,UCB4YEVYp6LynBpz7bXyZsTg,2026-08-21 11:30:32,26451,310,28,120.0,120.0,0.0,0
aU4YV4zphFc,UCpTNtH8yc1Kdl_YFfsQsTYA,2026-08-28 12:31:05,28389,31,0,119.99,120.24,0.01,0
aU8EnxPaLxE,UCpcTrCXblq78GZrTUTLWeBw,2026-07-18 00:02:09,26961,494,31,119.97,120.22,0.03,0
aUKxwhmC0CM,UC6JB_a6rD1lZ_aZgQvORfrQ,2026-07-23 22:30:05,8503,54,28,120.0,120.0,0.0,1
aURca73oqH4,UC7SIaeUWuuIrWTIOBpayDVQ,2026-07-31 08:10:48,9136,111,35,119.82,120.07,0.07,0
aUSnVnlGUTg,UCh7XUfZEEV3pct5zDjx6OZA,2026-08-22 09:00:40,4386,55,11,120.0,120.0,0.0,0
aUV6Nh0I9D4,UCOTJtP0Z9DjpPU43B5m1V6A,2026-08-30 14:15:04,310843,626,82,119.76,120.01,0.01,0
aUYWlBCBido,UCta3D5-EYqO-pduQLxQ8mNQ,2026-08-26 04:41:48,3629,40,5,119.82,120.07,0.07,1
aUoNKEAmF-I,UC6JB_a6rD1lZ_aZgQvORfrQ,2026-08-17 22:30:14,17154,82,41,120.0,120.0,0.0,1
aUop7YYdrFw,UCVZ0SJNurJAv-6hV5VEGB2A,2026-08-05 02:00:27,106904,2472,508,119.99,120.24,0.01,0
aUzyjzahQiw,UCuWDza8A_ntbjwBZgW0ZSNw,2026-07-13 08:00:15,63449,668,30,120.0,120.0,0.0,1
aV4Xl99Q0Ls,UCgvtwZJPhSfbKOxh3EoVXng,2026-08-28 10:09:36,85,1,0,119.85,120.1,0.1,0
aVOhaOzQANA,UCdoTrHNHnoRbaQenxK5PEUg,2026-08-07 02:12:45,77,0,0,119.79,120.04,0.04,0
aVnT8tLoU6U,UCkrJBQAut47U8xMUuv8D_3g,2026-08-15 10:21:42,7623,296,45,119.89,120.14,0.11,0
aVpyx17SfRw,UC9qwDE50UcXvdplRNZKEoPA,2026-08-16 02:00:01,27258,988,60,120.0,120.0,0.0,1
aVq3w_wpQN0,UCDHGqgpiHQAsE0UiltRqhfQ,2026-08-24 09:30:17,28961,57,17,119.76,120.01,0.01,0
aVxe_7PJChI,UCNmN3W2H0r5_hV2drzbEn7Q,2026-08-29 03:01:56,187969,2855,141,119.98,120.23,0.02,1
aW-Mrkg8A78,UC-2wa6jvprl7hfCpvw0ULzg,2026-08-14 10:47:40,10912,248,29,119.96,120.21,0.04,1
aW5P7VLeHEQ,UCJDXc9JWCZo-nLNKr_-L2Ng,2026-08-25 14:00:00,2491,66,5,119.76,120.01,0.01,0
aWIZTkQ6JtU,UCrfB1-zWijAYkgfZW7Ehc8Q,2026-08-29 03:01:23,146129,4664,215,119.99,120.24,0.01,1
aWMtA_DbluE,UCifCesg-EUkjKyQedaB3hRg,2026-07-26 01:03:56,29698,93,0,119.94,120.19,0.06,0
aWNXCNQS1PY,UCOTJtP0Z9DjpPU43B5m1V6A,2026-08-06 02:31:19,119666,1013,100,119.98,120.23,0.02,0
aWRHhICMiDg,UCApYlKNymyHZ9dlOCImFVBg,2026-07-30 16:42:25,4438,151,2,119.8,120.05,0.05,0
aWY-YclqPv4,UCvAetSOU_4lyjM5hVMNzN0Q,2026-08-27 07:04:37,30918,102,25,119.94,120.19,0.06,0
aW_QlSZhU7M,UCPGl9DV2WUgaqGVXtVrhJWQ,2026-08-05 15:00:28,4,0,0,119.99,120.24,0.01,0
aWfHEfWtHEY,UCNNR1-x2NhZARsNGnQlh2sQ,2026-07-23 08:00:38,30526,96,13,119.99,120.24,0.01,1
aWgdRbVm8CM,UCPuD5ZRQWa_JCaY5NokNhtg,2026-07-23 08:16:42,495,7,4,119.97,120.22,0.03,0
aWj-zuyfciY,UCIH7bdyhaJ0nD7jIcgqmQbQ,2026-08-18 10:39:50,50464,717,22,119.85,120.1,0.1,1
aWqchdiyCvo,UCV7WE8I_UiAN0fa6Arezx_w,2026-08-25 03:00:00,20,0,0,119.76,120.01,0.01,0
aXRQ4kakZYI,UC24GgPBq5W3v34z0p0uk1Ow,2026-07-25 09:30:07,646,4,0,120.0,120.0,0.0,0
aX_9Zb5cX1A,UC9nWoDbRAl3-fvreBNeStKQ,2026-08-01 13:13:23,4160,21,1,119.78,120.03,0.03,0
aXibdVqUO6U,UCaMV-CjrWYh2Aefg_8iLwJQ,2026-07-12 02:00:36,182798,1307,58,119.99,120.24,0.01,1
aXpoA5soAzs,UCyU5JQ8KVRD9jE4E_xLsHxw,2026-07-24 09:00:07,11,1,0,120.0,120.0,0.0,0
aXq99hEEJXk,UCg7rkxrTnIhiHEpXY1ec9NA,2026-08-09 07:00:02,238596,9320,408,120.0,120.0,0.0,0
aYFiqLr-lQo,UCrY2B2XX41ReYh9DIWrFfCg,2026-08-30 09:35:30,4341,,4,119.92,120.17,0.08,0
aYMgsgoI6wc,UCnkytUgy0CtWd06up9CjNxg,2026-07-15 15:00:35,164751,2754,375,119.99,120.24,0.01,0
aYigDCrMjn4,UC4cKHOBS-nRfKFTwf1n8HGA,2026-08-21 14:53:58,32,,0,119.86,120.11,0.11,0
aYkYDHO0GQQ,UC9qwDE50UcXvdplRNZKEoPA,2026-08-31 08:00:03,19106,735,43,119.76,120.01,0.01,1
aYn2ySEQk2I,UCgjaQlejpAnIu0q-xtVfTEw,2026-08-11 06:00:22,42267,462,99,120.0,120.0,0.0,0
aYuY-qRvEz4,UCI3DTtB-a3fJPjKtQ5kYHfA,2026-07-29 03:00:05,4475,62,1,120.0,120.0,0.0,0
aZ2WL4O84M4,UCpcTrCXblq78GZrTUTLWeBw,2026-08-05 05:30:32,17148,484,34,119.99,120.24,0.01,0
aZGYkhWtPfc,UCZNTsLA6t6bRoj-5QRmqt_w,2026-08-20 15:00:24,32656,981,55,120.0,120.0,0.0,0
aZTuoT6KzTI,UCqVkQsNin4MdGFrWvzFVOKw,2026-08-29 15:48:33,37529,445,0,119.96,120.21,0.04,0
aZVDihGzaes,UCeB_ZeSo0xDL62wWlkTEtjA,2026-07-27 07:14:25,26431,249,161,119.76,120.01,0.01,0
aZeagFqOwJ0,UCUHcLZNBLB3IpdBQQb3Cr_Q,2026-08-10 07:14:44,1470,38,20,119.76,120.01,0.01,0
aZyxCk8dsCM,UCpcTrCXblq78GZrTUTLWeBw,2026-07-14 22:08:30,18810270,192981,2601,119.86,120.11,0.11,1
aZzPHg2LTXI,UCn3lLusvOTVdtxZi0EHlSTw,2026-08-18 17:52:16,176,7,3,119.89,120.14,0.11,0
a_N9D9QFHkM,UCpnnUKmAQKgVinEV-lV-N2g,2026-07-31 08:45:36,293933,4034,521,119.99,120.24,0.01,0
a_Y70J1ON0g,UCV7WE8I_UiAN0fa6Arezx_w,2026-08-07 16:00:18,30,0,0,120.0,120.0,0.0,0
a_e-_NQvvnQ,UCms8Ge7H1ZGgw6nV94fUhUQ,2026-08-16 03:00:39,1858,22,4,119.99,120.24,0.01,1
aaBIOEF-3IY,UCrKSaegnzewdj9-YLsUhoZw,2026-07-17 00:34:11,9038,57,8,119.93,120.18,0.07,0
aaFZDpXKb-U,UCWq9wRjQXYC8i486uVLysUA,2026-08-30 08:00:36,499676,6340,247,119.75,120.01,0.01,0
aaOgqQNuxgo,UCX11f6rIVaoWGvFnKKyPBNQ,2026-08-02 20:16:27,3652,270,0,119.98,120.23,0.02,0
aacWpKEz_DE,UC7nVGqibbYgrzh733LDffNQ,2026-08-21 23:12:03,27188,248,32,119.81,120.06,0.06,0
aagGw-ujh6Q,UCcum1rCJ5GJeQ_xv0xrohqg,2026-08-07 12:00:02,26383,1148,57,120.0,120.0,0.0,1
aaj1-Lo4TUw,UCN5789pKaFwqjVBvg6yws_w,2026-08-05 08:46:17,1,0,0,119.98,120.23,0.02,0
aavgNryu9bg,UCp_jHNjcoiXC7SlElrBmzBA,2026-07-17 23:30:06,6204,350,25,120.0,120.0,0.0,0
X0AH8IWIgY8,UC2yOBpLVwB7kzt9C5ZPbB7w,2026-07-31 12:00:24,97298,1521,45,120.0,120.0,0.0,1
X0Fu9X4W2Rs,UCt8CJiye87FMbEwt0npPMuQ,2026-07-27 12:00:13,21694,1185,86,120.0,120.0,0.0,0
X0IfBRbO72M,UCElXDMEQqlUnuyDbChjARWQ,2026-08-07 11:15:27,622,0,0,119.99,120.25,0.01,1
X0XD1BlgAiQ,UCSzHok6X5qXEO7cjvVnE62g,2026-07-18 12:00:24,82972,1003,18,120.0,120.0,0.0,0
X0nB839_yhg,UCe-7GwWL1XNlCJyfqBhgrHA,2026-08-31 07:52:08,50032,1799,23,119.89,120.14,0.11,1
X10B1buwh20,UCZRH94I89Ps7giJYeK6DlWA,2026-08-25 03:00:38,69244,1005,102,120.0,120.0,0.0,0
X17w9SkYhUw,UC-aXNBQ6nwMNeW2V8XB7sBg,2026-08-11 21:00:18,68508,542,14,120.0,120.0,0.0,1
X1e4cKUvZtw,UC8E29ANOC3_OuB7_5EPY2xw,2026-08-25 14:25:01,1221,3,0,119.84,120.09,0.09,1
X1qYHFGn7QY,UC2k1bSUZ4X02jMs_sTS9jiQ,2026-07-25 13:00:21,5142,98,3,120.0,120.0,0.0,0
X2-GvOJkL-Y,UCpcTrCXblq78GZrTUTLWeBw,2026-08-24 04:30:35,49943,721,38,120.0,120.0,0.0,0
X27DL3NFJDo,UCnkytUgy0CtWd06up9CjNxg,2026-08-17 15:04:47,222778,3049,326,119.92,120.17,0.08,0
X2CrIkxR7iE,UC141BuVRzSSXJX33Am9yxEA,2026-07-13 09:00:40,50778,1057,245,119.99,120.24,0.01,0
X2U6TyKFfR0,UC0-sEWFXIymAxx0InClynUA,2026-08-15 01:25:06,5726,101,33,119.83,120.08,0.08,0
X2ygyCEfeWI,UCifCesg-EUkjKyQedaB3hRg,2026-08-07 02:30:35,1677,27,0,119.99,120.24,0.01,0
X3F53gJbKgs,UC_m_uqd_9s0hZvlgfvCzqbQ,2026-08-16 09:57:04,220,7,1,119.8,120.05,0.05,0
X3Jr38AXAYE,UCJYdIDfGkqXTsQq5aW4md0Q,2026-08-03 23:18:41,142,0,0,119.94,120.19,0.06,0
X3Z14DFIqKw,UCeB_ZeSo0xDL62wWlkTEtjA,2026-07-23 23:00:19,16455,162,12,120.0,120.0,0.0,0
X3eDxMEL9q8,UC8CIM3d3zDYMk-3T5aAz0yw,2026-08-09 10:18:03,366827,15913,1124,119.95,120.2,0.05,0
X3iT2YlBJNM,UCADf92tisOOh90hrZee4-LA,2026-08-07 12:30:43,455751,3580,201,119.99,120.24,0.01,1
X3lrlemk2cc,UC4VWaR3R17Ruc7j1Cy1-PKQ,2026-08-26 12:38:49,408,6,0,119.86,120.11,0.11,0
X4Hux-aCfNc,UC4VWaR3R17Ruc7j1Cy1-PKQ,2026-08-24 04:38:29,241,1,0,119.87,120.12,0.12,1
X4_JTv4uJVo,UC9qwDE50UcXvdplRNZKEoPA,2026-08-13 05:03:33,974,5,5,119.95,120.2,0.05,0
X4aEVGSHy6U,UCwfbSsZ7_sccxcibe60mWlQ,2026-08-13 03:00:51,8627,51,11,119.99,120.24,0.01,0
X4cIozypUls,UC9nWoDbRAl3-fvreBNeStKQ,2026-08-26 00:52:50,4495,23,0,119.88,120.13,0.12,0
X4hcZGtobGw,UC-FiQR2gg8oiNw98ZdsSX6Q,2026-08-29 09:45:28,13305,23,7,120.0,120.0,0.0,0
X4qyJU1b_F8,UCjOtzpfj5lF9erwTEQYkxtQ,2026-08-07 03:00:16,31152,905,64,120.0,120.0,0.0,0
X4vkFr4IJtU,UCta3D5-EYqO-pduQLxQ8mNQ,2026-08-19 06:00:22,1668,8,4,119.76,120.01,0.01,0
X55ft_3q--U,UCY_vDlvG-BTDRIOk_I9QQ6g,2026-08-08 03:10:15,2335,19,9,119.83,120.08,0.08,0
X5AgXFyaPkk,UCgLFbrC7-g0ihBKB0obVPTg,2026-08-17 14:48:17,118,5,0,119.95,120.2,0.05,0
X5QG3cNFFMw,UCF5RrlbsxJjAVLWgOCoNHMg,2026-07-23 03:24:20,12603,235,9,119.85,120.1,0.1,0
X5VROhKI4oE,UCN9VGDvz2M3vdR0czEUp6lQ,2026-07-30 22:00:24,920,24,11,119.99,120.24,0.01,0
X5rkgzB5xlA,UCCd3jyJmOFzkJEMj5Bp89rw,2026-07-15 23:00:18,1963,94,3,120.0,120.0,0.0,1
X62KKkuUV8k,UCt8CJiye87FMbEwt0npPMuQ,2026-08-20 13:45:15,11704,409,31,120.0,120.0,0.0,1
X669eDXHjEI,UCpTNtH8yc1Kdl_YFfsQsTYA,2026-08-15 07:01:20,10460,24,2,119.98,120.23,0.02,0
X6FCcjYgnrE,UCdK9h1ILxS49c2LguBUY3rw,2026-08-04 11:30:29,9,2,0,119.99,120.24,0.01,0
X6KTTdW2PSI,UCZPBWThSlgWT0DVaxxUEX4A,2026-08-11 01:55:08,191,5,0,119.83,120.08,0.08,0
X6fKaa1CJ7U,UCab17MxxnFtAhGsJVTkSkCg,2026-08-20 07:21:25,10140,137,13,119.9,120.15,0.1,0
X6ii9Vm30XM,UCab17MxxnFtAhGsJVTkSkCg,2026-08-27 13:11:28,3114,15,0,119.82,120.07,0.07,0
X6oVv1QO7Ag,UC_E_qYfGKM3C0kqrp1p8z7Q,2026-08-26 15:00:15,133,6,0,119.76,120.01,0.01,0
X6qfPVCE9v4,UCPsZX-D7LW99PjZLA-UysPQ,2026-08-08 15:00:28,1561,26,6,119.99,120.24,0.01,0
X6sICxH2Vyo,UC1q4Ihlv_YhLELw-ijE0Diw,2026-08-23 11:17:00,153282,2741,218,119.98,120.23,0.02,0
X73FaRwXHbM,UCV6mNrW8CrmWtcxWfQXy11g,2026-08-06 12:29:15,52148,926,21,119.76,120.01,0.01,0
X77lvD6V4JA,UCJDXc9JWCZo-nLNKr_-L2Ng,2026-07-26 15:30:04,1425,69,6,120.0,120.0,0.0,0
X78e4WpvF7g,UCPv0av3PfTUeTnHGgcXkk8w,2026-08-12 23:59:27,8,0,0,119.76,120.01,0.01,0
X7BAG_EMkTc,UCU0-6z_KU9AShyR9J6gcFGw,2026-07-30 11:53:24,103,0,0,119.86,120.11,0.11,0
X7gdboBphK4,UCJDXc9JWCZo-nLNKr_-L2Ng,2026-08-03 11:39:37,6233,146,9,119.84,120.09,0.09,0
X7mLNYxEb0s,UCw1DsweY9b2AKGjV4kGJP1A,2026-07-12 09:34:29,68253,209,168,119.93,120.18,0.07,0
X7p48Z4uwTk,UCJYdIDfGkqXTsQq5aW4md0Q,2026-07-11 23:46:40,84,2,0,119.97,120.22,0.03,0
X7wkSXi8-v0,UCpX86JOUhnrzG7MK8e8Gjbw,2026-07-16 12:58:37,19473,135,15,119.77,120.02,0.02,1
X8JeVNimRPY,UCQzgMwT5Q6x-Mtq65HRS_0Q,2026-07-23 15:05:59,5808,51,3,119.9,120.15,0.1,0
X8YBFmdy9pw,UCYG8tuvbQzWsDeoADyJFU8Q,2026-08-26 17:05:01,3868,69,4,119.93,120.18,0.07,0
X8dtF7qP3cg,UCgsKeCRaBGH6JlnH6VO_7OA,2026-07-22 19:23:32,27,2,0,119.86,120.11,0.11,0
X8ndLMp1a-s,UC0FUMakBJHsRrfKCGQuWnRA,2026-08-08 10:54:04,33040,244,122,119.85,120.1,0.1,0
X8rUJdAEnQk,UCs-JvUOu6kEEO0BcTFhUErw,2026-07-25 03:52:11,61,,3,119.88,120.13,0.12,0
X8xWOSzqmx4,UCqVZTizoA2wQKOj_xaDt10Q,2026-07-22 04:47:17,185,4,0,119.97,120.22,0.03,1
X96RgAstwIc,UCV7WE8I_UiAN0fa6Arezx_w,2026-07-28 10:00:29,64,1,0,119.99,120.24,0.01,0
X97gUmQ_hcE,UCKVt3arMXfa6XZezR1UnjqQ,2026-08-14 22:00:04,4609,68,3,120.0,120.0,0.0,0
X9Db4QK6qTI,UCHZ9X2Nl3dq8ChEJgScmZCw,2026-08-28 07:51:10,82317,288,74,119.91,120.16,0.09,0
X9E_o_LpcmQ,UCaj7p2XHGqfBYb2OI-7Q2DA,2026-07-25 22:36:58,150227,2220,435,119.89,120.14,0.11,0
X9H4ZG3_rhQ,UC-FiQR2gg8oiNw98ZdsSX6Q,2026-08-14 19:00:28,2219,25,1,119.99,120.24,0.01,0
X9QLzvzewBg,UCHeg3ApmuXQbqqszaD1fR9g,2026-08-18 15:26:29,80,8,0,119.82,120.07,0.07,0
X9ZBy2SIxm8,UC7hwQp3F6P_OwyRM14p88iQ,2026-07-25 00:25:01,2460,19,6,119.84,120.09,0.09,0
X9aGIyhaW6c,UCV6mNrW8CrmWtcxWfQXy11g,2026-08-17 23:01:42,22163,468,9,119.97,120.22,0.03,0
X9gipEmvNRI,UC78d2aaqdrt02RfmtRLmlAw,2026-07-28 22:06:40,4092,39,0,119.89,120.14,0.11,0
X9jPfq-o0lI,UCepHesz_5Lwr7qRaqjB-p1A,2026-08-13 07:00:28,41858,509,70,119.99,120.25,0.01,0
X9km3l-rZZk,UCifCesg-EUkjKyQedaB3hRg,2026-07-31 23:29:58,3038,52,1,120.0,120.0,0.0,1
X9sDHnFzZq0,UCt8CJiye87FMbEwt0npPMuQ,2026-08-23 12:00:19,28305,1827,272,119.76,120.01,0.01,0
X9uheuqgZW0,UC5bjQxLK_3XVzIOTQ04sYeg,2026-07-27 21:37:17,854,7,0,119.88,120.13,0.12,0
XA2737Sw5fE,UC9vz3TBChrJmYbzUo-rqfSg,2026-08-18 01:37:49,26865,216,111,119.87,120.12,0.12,0
XAakj0ezvFY,UC3hCAmwyYNgRuOOSFV7evVA,2026-08-20 10:30:37,163177,502,42,119.99,120.25,0.01,1
XAbtjbEFnc0,UC3DYSay178fMMPaf3zHwECA,2026-08-08 08:00:35,130879,2349,37,119.99,120.24,0.01,1
XB4XaRtkx4o,UCt8CJiye87FMbEwt0npPMuQ,2026-07-16 20:05:28,15385,787,40,119.91,120.16,0.09,0
XBHFVyIkEds,UCzkk3MGFFeiN0E0T3AEeg_g,2026-07-28 09:48:16,136629,755,232,119.95,120.2,0.05,1
XBLuPtIdJM0,UCyz5WVrb-cz3myY04x_kVYw,2026-08-17 12:30:40,716,11,0,119.99,120.24,0.01,0
XBdmMM4N44A,UC0tmAwhgk_1ATJtFyVHrFxg,2026-08-31 16:31:25,89611,2093,200,119.99,120.24,0.01,0
XBeG6Ss4PcY,UCAVR6Q0YgYa8xwz8rdg9Mrg,2026-07-25 10:00:07,103718,3636,72,120.0,120.0,0.0,1
XBpyVAPMnaQ,UCGa52d8Qlv3THghuCAt_nXA,2026-08-12 08:30:10,51528,565,56,120.0,120.0,0.0,1
XBtVfpjRi5Y,UCvAetSOU_4lyjM5hVMNzN0Q,2026-07-22 09:12:40,47126,490,85,119.79,120.04,0.04,0
XC6YieAZeKM,UC6LLMkdyses2ugPRNEXutMQ,2026-07-25 09:30:32,43094,1052,142,119.99,120.24,0.01,0
XC7-6Wr34bs,UCt6Eo4xMTHhlOWg4_PAz_MA,2026-07-24 11:20:21,13559,158,22,119.91,120.16,0.09,0
XC8YZFV50mI,UC2yOBpLVwB7kzt9C5ZPbB7w,2026-08-11 13:00:03,97525,1130,70,120.0,120.0,0.0,1
UbueztJoUHw,UCO8ToDSM2Gvt3EZdOdosxTw,2026-07-14 04:15:12,9906,121,90,120.0,120.0,0.0,0
Ubvsd3txSHg,UC08-hQbwh7eyr8PlaYG2-sQ,2026-08-08 10:00:32,14925,220,78,119.99,120.24,0.01,0
Uc3ySuFeqA4,UCv1tOT645xHOJrwdGlzjMaA,2026-08-20 14:55:29,8128,48,9,119.83,120.08,0.08,0
UcLyJ0_MRG4,UC3DYSay178fMMPaf3zHwECA,2026-08-07 08:00:22,47069,1474,38,120.0,120.0,0.0,1
UcRVGNg7XH8,UCyAA-Vj4ORjXl5Ui2m6_Llw,2026-07-16 09:00:22,22703,74,20,120.0,120.0,0.0,0
UcS6TNbFvLo,UCaj7p2XHGqfBYb2OI-7Q2DA,2026-07-23 10:23:26,58057,903,427,119.86,120.11,0.11,0
UcSkNfVlCgU,UCeG0ONJtjwE20ThR5iSYdsA,2026-07-15 07:24:24,48780,561,81,119.84,120.09,0.09,0
UcVsDfUlbH4,UCCd3jyJmOFzkJEMj5Bp89rw,2026-07-19 23:00:29,1397,60,4,119.99,120.24,0.01,1
UcYX0F6h-hw,UCqjUPx-UAFHVvthd71bY7_g,2026-08-10 03:58:01,6272,32,4,119.79,120.04,0.04,1
UcoYWNxdrFQ,UC2U8C7lmbQpfBeAW8fTP_jg,2026-08-14 06:24:23,44994,732,46,119.85,120.1,0.1,0
Ucs_YqhkG2I,UCUt2AEhC-OOC2EPCzj4DkCw,2026-07-29 23:00:24,159248,1666,30,120.0,120.0,0.0,1
UctjZyH3EdA,UC2yOBpLVwB7kzt9C5ZPbB7w,2026-08-18 13:00:35,54397,890,53,120.0,120.0,0.0,1
UcwqyM1uOzQ,UCuCmLrNT5MbpqfrSSKHqTug,2026-07-19 16:25:56,8276,80,19,119.82,120.07,0.07,0
Ud-jZjeMTZw,UCS2OAdHoLt-9T6cG9A2H49Q,2026-07-31 03:00:06,6907,91,21,120.0,120.0,0.0,0
Ud4auEg45Kc,UCyiKngyUPUb1bka4yFrn65g,2026-07-12 14:08:18,1501,12,1,119.86,120.11,0.11,0
Ud5faOy4JOs,UCAl4HWznMn7KhKBRFO5eiFA,2026-08-05 12:15:40,16793,80,1,119.99,120.24,0.01,1
Ud9Hbs5UGMc,UCgLFbrC7-g0ihBKB0obVPTg,2026-08-07 16:01:18,463,15,2,119.98,120.23,0.02,0
Ud9rZ9Q680M,UCqI5lyTpC79pOy2D-VXAMdA,2026-08-12 14:00:29,80664,552,224,120.0,120.0,0.0,0
UdD7hjJXA0w,UCifCesg-EUkjKyQedaB3hRg,2026-08-07 00:16:31,30928,636,3,119.98,120.23,0.02,1
UdZI_mH8WO8,UCBidluUUxzT_5jVOI_2x2MQ,2026-08-22 08:00:07,325,3,1,119.76,120.01,0.01,0
Udj6tr1njck,UCrxzkAOXEbflxcTbRYnCoTw,2026-08-08 23:00:23,17659,150,56,120.0,120.0,0.0,0
UdmIoxCr8sM,UCMbyslGswEPuiNp9yoY_O9w,2026-08-27 13:29:25,27062,298,12,119.77,120.02,0.02,1
UdmXCsVwUTw,UC8E29ANOC3_OuB7_5EPY2xw,2026-08-23 09:38:39,1695,5,3,119.87,120.12,0.12,1
Udx3FxA_SYw,UCv1tOT645xHOJrwdGlzjMaA,2026-08-23 11:57:39,10757,96,16,119.8,120.05,0.05,0
Ue01Rdt9UHQ,UC0aKwoKNeqBaUwiEXmkQaGQ,2026-08-23 03:00:20,85391,2431,124,119.75,120.01,0.01,1
UeHJoxyu2Bs,UCPsZX-D7LW99PjZLA-UysPQ,2026-08-21 06:00:38,1693,33,6,119.75,120.01,0.01,0
UeMT7HBCEKw,UC_E_qYfGKM3C0kqrp1p8z7Q,2026-07-23 17:00:30,391,11,1,120.0,120.0,0.0,1
UeRnCYbCmGo,UCdK9h1ILxS49c2LguBUY3rw,2026-07-28 11:15:28,3,0,0,119.99,120.24,0.01,0
UelRUW1RhgI,UCAVR6Q0YgYa8xwz8rdg9Mrg,2026-08-13 10:00:29,139930,7269,63,120.0,120.0,0.0,1
Uf1EmKxTHu8,UCqI5lyTpC79pOy2D-VXAMdA,2026-08-21 14:51:32,48527,696,89,119.9,120.15,0.1,0
Uf9oE8Cg7vE,UCI6Ro_MOr36re4Bhb7nCY7g,2026-07-22 10:00:31,11320,173,43,119.99,120.24,0.01,0
UfIhQss9aB8,UCaHIZAKows704_gk6bjdAog,2026-07-24 08:00:11,45897,417,165,120.0,120.0,0.0,0
UfJuQHWCSdQ,UCt8CJiye87FMbEwt0npPMuQ,2026-08-09 15:45:39,13130,581,61,119.99,120.24,0.01,0
UfRBRVAXGts,UCSl8TBqqflby-ymdEQVfRNQ,2026-07-29 02:10:31,27199,181,6,119.83,120.08,0.08,0
UfT74AQEIHo,UCVey3Q_CodrHAWBonTGbHFg,2026-08-02 03:00:27,4700,144,17,120.0,120.0,0.0,0
UfYr02yfMG0,UCYJ0Ucu9jPX5kn6SeDcNaIQ,2026-08-27 22:00:14,111346,286,21,119.76,120.01,0.01,0
UfcarxA8lCo,UC6JB_a6rD1lZ_aZgQvORfrQ,2026-08-31 15:51:56,10165,75,0,119.9,120.15,0.1,0
UfgBAYyREF4,UCOTJtP0Z9DjpPU43B5m1V6A,2026-08-29 05:15:15,221336,1589,43,119.76,120.01,0.01,0
Ufo3Dd1nu7o,UCBY9rOZPo0fLE45mOV0s0cw,2026-08-21 09:50:21,240,1,0,119.92,120.17,0.08,0
UfqoL2qEGmk,UCp6n8d8Y8r3MwKNw_MMaouQ,2026-08-22 20:02:42,2027,36,1,119.97,120.22,0.03,0
Ufrmf67nOzY,UC-S8JFhLkQ5enhB70c2CYIw,2026-07-27 11:00:29,206798,4235,195,119.99,120.24,0.01,0
UfsjVBQavkY,UCcNdwtZ7ulFFxngmnzsWQNA,2026-08-08 02:00:23,33580,297,108,120.0,120.0,0.0,0
UfyLoOQNO04,UCyU5JQ8KVRD9jE4E_xLsHxw,2026-07-30 09:00:14,11,3,0,120.0,120.0,0.0,0
Ug-D_RvAEek,UCtGMgPWJNU2Aj-SNK0zg0Sg,2026-08-04 15:03:31,4658,59,8,119.94,120.2,0.06,0
UgFM4WXHQ98,UCpwGBltfwjd_fIzp5cb5R0w,2026-07-30 09:59:36,46024,682,48,119.76,120.01,0.01,1
UgRwi15hPPg,UC4VWaR3R17Ruc7j1Cy1-PKQ,2026-08-20 04:07:27,36,2,0,119.88,120.13,0.12,0
UgXHVEOU4Pg,UCyaMGpNb-UiLHMY833ai7IQ,2026-07-25 18:52:45,2045,3,0,119.87,120.12,0.12,0
UgYgGf0l-eI,UCzDmGDR5RdahQkLCBoWlTEg,2026-07-14 12:16:39,19048,92,2,119.97,120.22,0.03,0
UgZHPopsl4E,UCarBV0zWlC2k-HteyeKqfag,2026-08-21 16:25:25,10099,87,0,119.84,120.09,0.09,0
UgeD_dio5sQ,UCyfvCj_x8SzzSbhqr--dhvg,2026-07-26 06:04:27,1464,9,0,119.93,120.18,0.07,1
UgrIoia3kwM,UCw1DsweY9b2AKGjV4kGJP1A,2026-08-30 09:00:30,385497,3069,171,119.75,120.01,0.01,1
UhdU707pZgs,UCBmAvrPyyiohq552LjQvPww,2026-08-24 09:15:34,2756,82,10,120.0,120.0,0.0,1
Uhf7b4fmheE,UCp6n8d8Y8r3MwKNw_MMaouQ,2026-08-18 13:15:08,267489,2291,1,119.76,120.01,0.01,0
Ui0J7l1MAMU,UCiEMsnnzti6PDNi8TAlSnFw,2026-08-29 19:35:04,74,,0,119.93,120.18,0.07,0
UiB3sC37r-c,UCMF3M48BakI-ptofqoUqdAA,2026-08-23 17:32:25,10746,185,34,119.97,120.22,0.03,1
UiRubBNGBN4,UCV7WE8I_UiAN0fa6Arezx_w,2026-07-21 08:00:12,65,1,0,120.0,120.0,0.0,0
UiWC6c_FZiI,UCxe_WKNMrOgvNtgz02oLTjQ,2026-07-25 11:15:04,17617,110,16,120.0,120.0,0.0,1
Ui_fOogz8ck,UC0FUMakBJHsRrfKCGQuWnRA,2026-08-03 10:00:29,19973,130,31,119.99,120.24,0.01,0
UienElXrbwk,UCKUUL3fMVvYVZdGkKhhjP0A,2026-08-11 04:45:52,99422,1608,25,119.99,120.24,0.01,1
Uik_bmYafBs,UCt8CJiye87FMbEwt0npPMuQ,2026-08-26 18:38:38,16462,214,18,119.87,120.12,0.12,1
UimvRtqFdkw,UCooLkG0FfrkPBQsSuC95L6w,2026-07-20 08:00:19,22300,241,20,120.0,120.0,0.0,1
Uj4O_jUW40I,UC_Xb6sEXAdNv9nHU4988vmg,2026-08-17 08:00:19,1609,,0,120.0,120.0,0.0,0
Uj8DMjrUHN4,UCbYO4SBywZ2oWv1u309oWmQ,2026-08-21 10:07:57,186799,1980,114,119.88,120.13,0.12,1
UjAWwzNiPv0,UCnkytUgy0CtWd06up9CjNxg,2026-08-09 15:00:07,138462,1652,418,120.0,120.0,0.0,0
UjBCSTd8SPI,UCNZiNM2pP6uhIlTQVS2Q5fA,2026-08-19 09:06:59,331525,3945,320,119.9,120.15,0.1,1
UjK7vKBCIuc,UCaN3tSrrzIrXSDonEe7LK9A,2026-08-03 08:00:15,419,12,3,120.0,120.0,0.0,0
UjSMsySizQs,UCYJ0Ucu9jPX5kn6SeDcNaIQ,2026-07-19 15:00:24,32283,246,7,120.0,120.0,0.0,1
Ujo7e0xrguA,UC9vI-9WYQLXKI6n9XdXXo3g,2026-08-01 03:00:28,8551,45,12,120.0,120.0,0.0,0
UjprteFSVxs,UC_m_uqd_9s0hZvlgfvCzqbQ,2026-08-25 08:35:32,348,2,0,119.92,120.17,0.08,1
Uk-rTmHPTCU,UCPGl9DV2WUgaqGVXtVrhJWQ,2026-08-30 04:40:11,92,2,0,119.84,120.09,0.09,1
UkCr3hyZ4kk,UCp6n8d8Y8r3MwKNw_MMaouQ,2026-08-13 20:23:36,2680,43,6,119.86,120.11,0.11,0
UkE0JTCO2bw,UCV6mNrW8CrmWtcxWfQXy11g,2026-07-26 02:00:15,140064,5458,102,120.0,120.0,0.0,1
UkKC4gxgMvk,UCqVkQsNin4MdGFrWvzFVOKw,2026-08-10 15:32:03,16701,488,0,119.97,120.22,0.03,0
UkMUmu19VlM,UCBo7GIv99qTzHaa6ip09YLA,2026-07-22 08:00:29,7345,41,10,120.0,120.0,0.0,0
UkVmx7WUdDk,UCvPDPTxTLitVEyGu4Xt6m8g,2026-08-14 09:00:48,16032,121,23,119.99,120.24,0.01,0
UkVweiknOcw,UC3gl4CHfNtAqNjju1goB0_w,2026-08-02 14:15:42,2299,51,2,119.99,120.24,0.01,0
UkwyAVh1lVM,UCbeQg95cAxVRsxxh6FyilxA,2026-08-23 08:04:55,14844,30,10,119.94,120.18,0.06,1
Ul8k6a313-0,UCb5NLtXAsTBrmaZVhyFa-Wg,2026-08-15 08:25:06,118970,728,208,119.84,120.08,0.08,0
UlNibBebPC8,UCaN1Qp37sHiCdQuSaXa3fVw,2026-08-11 03:06:39,83290,1217,22,119.89,120.14,0.11,1
UlNtSDmRs24,UCPsZX-D7LW99PjZLA-UysPQ,2026-08-30 03:00:10,4954,12,3,119.76,120.01,0.01,0
UlVrJpovuTg,UCQfISxq5legTqOt1h1us6lg,2026-07-22 17:56:48,1652,10,0,119.81,120.06,0.06,0
YvY_O8zYgxo,UCYXAJvn4s3GUvTzjwLy15pg,2026-08-14 00:24:50,10,0,0,119.84,120.09,0.09,0
Yvi-f_Z5_yw,UCIzbqIyEUxtFLYh_sCDoXpw,2026-08-02 15:00:15,70615,604,35,120.0,120.0,0.0,1
YwG58ow-wzs,UCDYAog4sNhwQ5pXtAZiT0Og,2026-07-21 12:30:04,39546,149,43,120.0,120.0,0.0,0
YwZ0ONYVi1I,UCAl4HWznMn7KhKBRFO5eiFA,2026-08-15 10:36:17,7494,28,0,119.9,120.15,0.1,1
YwxJxItTywc,UC8rbhIem-3aAsNXhTDI-nSA,2026-08-27 22:00:08,105199,1050,79,119.76,120.01,0.01,0
Yx1R7COdnKA,UCdQHEqTxcFzjFCrq0o4V7dg,2026-08-18 00:15:30,32737,1857,219,119.99,120.24,0.01,0
YxS2-PwEMYc,UCE-6-bWkikwoP4_ooZNep3g,2026-08-25 22:00:04,14691,798,30,119.76,120.01,0.01,1
YxZzkDJrvdo,UC4oe-OVZ2Ho-03yrMkrXomQ,2026-07-31 04:30:34,144671,3224,97,119.99,120.24,0.01,1
YxnURWzbbkM,UCQDGJQe8X9tbk_i8Na3VVXg,2026-08-30 14:34:19,482,11,0,119.94,120.19,0.06,0
Yxu7OZ9F874,UCGi94VU356EAvQLgODywyrA,2026-07-31 13:20:31,6603,131,35,119.91,120.16,0.09,0
Yy3_dXLmSvo,UCRq3CDTZ2qe3HiHrZdQKBvQ,2026-08-20 09:29:02,1449,17,5,119.77,120.02,0.02,1
Yy71_0YiM4I,UC6oq8RPEH1BmtyldQgXVbJw,2026-08-09 02:00:03,15766,137,131,120.0,120.0,0.0,0
YyCZQ99Y21Q,UCDBAVzfX3yZ1hah0FHnOoaA,2026-07-26 13:30:16,444709,2047,326,120.0,120.0,0.0,0
YyFvvh9IN1s,UCnju7ULBic4VgkCfDvVXCnA,2026-08-03 03:14:58,6074,89,5,120.0,120.0,0.0,0
YyIK0Q1LCM0,UC9M8GGVwPqc9ubNruArCNPg,2026-07-27 13:00:03,71696,1210,313,120.0,120.0,0.0,1
YyL6DgvGbWs,UCPGl9DV2WUgaqGVXtVrhJWQ,2026-08-02 15:00:19,4,0,0,120.0,120.0,0.0,0
YyMPw_Eescs,UCw1DsweY9b2AKGjV4kGJP1A,2026-08-16 08:02:35,32814,247,40,119.96,120.21,0.04,0
YygoA5m9h-c,UCab17MxxnFtAhGsJVTkSkCg,2026-07-26 13:37:27,46760,796,17,119.88,120.13,0.12,1
Yyku9IDOqa8,UCCd3jyJmOFzkJEMj5Bp89rw,2026-07-22 15:37:12,15797,653,47,119.88,120.13,0.12,0
YyolH3pDlQo,UCbItyvYa6cqvqtwlU2E9-wA,2026-08-28 20:30:05,18946,637,32,119.76,120.01,0.01,0
Yyu3o-N-ugc,UCJZsABKjWUGbT0qf3MsXH8w,2026-08-08 09:00:08,2178,35,22,120.0,120.0,0.0,0
YywwmJmYQz0,UC_e83kYlGHWbsrr8QCfV_ag,2026-07-27 13:58:21,4014,5,4,119.78,120.03,0.03,0
Yz3m1PytmZg,UC2f8VfmEF2_0-rFN4RNHaNg,2026-08-26 17:18:09,57267,696,170,119.96,120.21,0.04,0
YzAXaBDKKWU,UC2yOBpLVwB7kzt9C5ZPbB7w,2026-08-18 07:00:24,95064,972,83,120.0,120.0,0.0,1
YzFLun2dZGY,UCaN1Qp37sHiCdQuSaXa3fVw,2026-08-03 07:06:30,100286,1467,91,119.89,120.14,0.11,1
YzG4GAFKRrg,UCt8CJiye87FMbEwt0npPMuQ,2026-08-10 13:00:00,2387,84,6,120.0,120.0,0.0,0
YzaelGm1XsQ,UCAl4HWznMn7KhKBRFO5eiFA,2026-08-06 12:29:48,11554,60,0,119.76,120.01,0.01,1
Yzfnpi4hWNI,UC6oq8RPEH1BmtyldQgXVbJw,2026-07-25 06:21:41,41638,309,346,119.89,120.14,0.11,1
YzpV7u6K-Y4,UCKrprPfevcAZpPuRnCO6xOA,2026-08-05 09:00:30,1110,10,4,119.99,120.24,0.01,0
YztGDv5BK3g,UC-2JsFNClcIesgd7UmtGnpw,2026-07-25 02:00:38,7131,285,50,119.99,120.24,0.01,0
YzyWzlJXRRg,UCNu00qhYj4nPeMNdxuwV6sg,2026-07-19 15:31:27,1389,32,0,119.98,120.23,0.02,0
Z-0X5hqMZiw,UCXVVG5ZM3SJJCh94xatR8Dg,2026-07-24 09:00:06,794,11,0,120.0,120.0,0.0,1
Z-1JvQ9U6IE,UCjsqgRBvkn8XadWraSQxTKQ,2026-08-24 16:28:23,342,1,0,119.79,120.04,0.04,0
Z-2uhS-nQAU,UCt8CJiye87FMbEwt0npPMuQ,2026-07-15 10:24:14,3220,99,6,119.85,120.1,0.1,0
Z-83-DfXAEc,UCWU2V62eLE3oQ7AjIGS2STQ,2026-07-23 13:00:01,918,10,6,120.0,120.0,0.0,0
Z-A8JyW3CiU,UCWH9vqm4yM9MHiSUPTfdJYg,2026-07-25 04:00:21,44500,635,122,120.0,120.0,0.0,0
Z-GoWFeGoHc,UCC1LvVTX2ySKYjeIXkAtvsQ,2026-08-09 09:00:09,505328,4843,76,120.0,120.0,0.0,1
Z-IAKh-hskA,UCPGl9DV2WUgaqGVXtVrhJWQ,2026-07-14 15:00:30,4,0,0,119.99,120.24,0.01,1
Z-UbJf1viHs,UC7lwS-aSDzYHZJ9uWuzySwQ,2026-08-18 23:00:31,1150,2,0,120.0,120.0,0.0,1
Z-fd-HtSyrE,UCRltQqhqu9nXMRLaX0f8Cow,2026-07-25 09:00:09,20678,413,28,120.0,120.0,0.0,0
Z-oAyuP7rgo,UCfIFEUxDE0kRkZh4yfEBEvA,2026-08-14 08:12:33,5780,24,7,119.79,120.05,0.05,1
Z-rDV82FYe4,UCvagJYsZ_uvB3jJoNwuimZQ,2026-08-16 02:18:51,32589,108,0,119.94,120.19,0.06,0
Z-vstIITJdc,UC46X_E7jxvJ1O_3gnaeCxeg,2026-08-24 16:21:33,24401,,0,119.9,120.15,0.1,0
Z-z_Z1vMu28,UCWVS5IJOkNnkKS5rjiAt9rw,2026-08-09 20:15:07,5006,51,0,120.0,120.0,0.0,0
Z01AMa4MsDg,UCPuD5ZRQWa_JCaY5NokNhtg,2026-08-30 22:11:35,1739,10,3,119.82,120.07,0.07,0
Z0EvJS1VlW0,UC8CZL4cvFiKwKKDNCuM2lTA,2026-08-05 10:11:17,21035,204,20,119.81,120.07,0.07,1
Z0d4u2D4DCk,UCATlfGN7EDjXS_2ofklb3bw,2026-08-07 08:35:11,3187,101,2,119.92,120.17,0.08,0
Z0lYfn638vw,UC5ThQKdocwo_9UurfT5P_ww,2026-08-10 00:48:53,145516,2211,45,119.94,120.19,0.06,1
Z1MnRfpmQ5o,UCt8CJiye87FMbEwt0npPMuQ,2026-08-05 15:30:18,30235,2519,71,120.0,120.0,0.0,0
Z1NfrvsQGeo,UCNRnCc0hg3ZcKdOGXKKv5Ww,2026-08-12 17:42:27,14659,100,4,119.79,120.04,0.04,0
Z1cbBaNN0_4,UCzHnjIeMxo1gViogzN9xMLw,2026-08-07 03:38:55,2179,35,8,119.86,120.11,0.11,0
Z1rvqFbhRfs,UCzDmGDR5RdahQkLCBoWlTEg,2026-08-26 03:00:05,20089,244,5,119.76,120.01,0.01,0
Z20FOALkLv4,UC2yOBpLVwB7kzt9C5ZPbB7w,2026-08-28 07:00:23,83987,1293,43,119.75,120.01,0.01,1
Z28A9oxJOU8,UCJDXc9JWCZo-nLNKr_-L2Ng,2026-08-27 14:00:16,2213,67,5,119.76,120.01,0.01,0
Z2G1ttPBXAU,UCCTw9N950kEoELFv3dRcWJQ,2026-08-30 21:54:37,9830,102,5,119.85,120.11,0.11,0
Z2HqT7-JVbU,UCBS4sjbGJIcclT-Y6i_Jzkg,2026-08-26 19:15:23,21291,505,2,119.76,120.01,0.01,1
Z2L_Waenpcs,UCqI5lyTpC79pOy2D-VXAMdA,2026-07-15 15:00:15,100536,550,406,120.0,120.0,0.0,0
Z2QTiYXESRw,UCi1Tln5CFg1yExpz8djyxjA,2026-08-29 20:55:57,922746,29870,192,119.83,120.08,0.08,1
Z2YIp2BPBQY,UCPN9TrChCye1s97iEUOsIeA,2026-08-06 07:00:24,159,2,0,120.0,120.0,0.0,1
Z2_ye4ynI-A,UC2yOBpLVwB7kzt9C5ZPbB7w,2026-08-31 04:00:33,30910,497,18,119.75,120.01,0.01,1
Z2uORKwtL24,UCp6n8d8Y8r3MwKNw_MMaouQ,2026-07-22 16:55:18,30691,812,7,119.83,120.08,0.08,1
Z2v5UpQ7S4s,UCUae69frfqpKOB3BUMdX5Qw,2026-08-23 03:30:22,29995,560,44,119.76,120.01,0.01,1
Z3191lZVtjo,UCJmnOEp1-OITEU0mk4icM5A,2026-08-30 05:00:28,21609,298,13,119.75,120.01,0.01,1
Z32zMXzsz1k,UCZRH94I89Ps7giJYeK6DlWA,2026-08-09 03:00:25,49651,788,47,120.0,120.0,0.0,0
Z38sGtHl89c,UCTUnpbuKoOODvhLhCO_kO_A,2026-07-26 06:00:14,3184,28,2,120.0,120.0,0.0,1
Z3F5Gr-JBYA,UC3ozN5tHi449NhCDE6Xtmwg,2026-08-06 08:58:56,222766,2024,25,119.77,120.02,0.02,1
Z3URyF7bZsY,UCw1DsweY9b2AKGjV4kGJP1A,2026-07-30 09:45:25,14429,71,15,120.0,120.0,0.0,1
Z3X6bOc85PA,UCdK9h1ILxS49c2LguBUY3rw,2026-08-01 11:45:14,6,2,0,120.0,120.0,0.0,0
Z3YrchU4nBw,UCPuD5ZRQWa_JCaY5NokNhtg,2026-08-04 07:57:18,308,4,2,119.8,120.05,0.05,0
Z3gT-3NtaSc,UCyoSQyaCrZHro6F_nBiXIYg,2026-08-13 15:08:25,205601,1071,148,119.86,120.11,0.11,0
Z3ipeYl-Z7s,UCZ_xE8U6MVnpwefrYvl2uvA,2026-08-25 03:00:27,125,1,0,120.0,120.0,0.0,1
Z3koBSPMdZE,UCpwGBltfwjd_fIzp5cb5R0w,2026-08-26 00:30:04,63709,565,80,119.76,120.01,0.01,1
Z3y2gYtlOSE,UCPp6kLLWggTuACsQwFibg8A,2026-08-09 13:24:40,61310,451,36,119.84,120.09,0.09,0
Z49kT4_PvM0,UC3ozN5tHi449NhCDE6Xtmwg,2026-08-13 08:42:06,115589,906,17,119.8,120.05,0.05,1
Z4LGrvjL_t8,UCHeg3ApmuXQbqqszaD1fR9g,2026-07-22 02:00:18,5196,126,11,120.0,120.0,0.0,1
Z4fovY5wIs8,UCirJgPv8RtFaFMj39b6cD8Q,2026-08-26 03:00:32,8933,86,0,120.0,120.0,0.0,1
Z5NLL84FCQc,UCgjaQlejpAnIu0q-xtVfTEw,2026-08-07 06:07:29,8009,93,35,119.88,120.13,0.12,0
Z5WbFiivvk8,UCcp8n8YZXg5qko87BgVwg1A,2026-08-21 05:54:51,114656,668,107,119.85,120.1,0.1,0
Z5YjbEm-80U,UCpcTrCXblq78GZrTUTLWeBw,2026-08-16 16:00:36,53669,966,113,119.99,120.24,0.01,0
Z5Z0zb9NNwE,UCABvetlXpdOwFz10fCpJkwQ,2026-08-21 00:55:46,201205,2635,536,119.83,120.08,0.08,0
Z5i-OCECrAA,UC7loyhgCm1NRTtyF36hO-jA,2026-08-10 09:00:12,8308,184,63,120.0,120.0,0.0,0
ab-AZczY3NM,UCpI-AhCT02iQRGLC2ZcY0Jw,2026-07-25 07:00:04,109860,2031,36,120.0,120.0,0.0,1
ab8Hc79XzlE,UCyEIUlSKbzCt3ElAsPFb7EQ,2026-08-16 19:45:24,11058,34,27,120.0,120.0,0.0,0
abD2yEJA4Dc,UCV7WE8I_UiAN0fa6Arezx_w,2026-08-03 00:00:07,30,0,0,120.0,120.0,0.0,0
abDNt3Ge7A4,UCYGF_xk5RDpltyZDSx040uw,2026-08-16 09:46:19,61404,667,17,119.98,120.23,0.02,1
abGRRVhknys,UC_m_uqd_9s0hZvlgfvCzqbQ,2026-08-18 01:21:47,550,27,0,119.89,120.14,0.11,0
abLJXfiBK64,UCSrQnB-Ip9hc0biFQ3HoKzg,2026-08-20 11:28:42,4684,324,22,119.78,120.03,0.03,0
abP8fgK0iBk,UCnCFD3met1Ip7OngdF9TRDg,2026-08-03 03:23:31,26878,633,103,119.86,120.11,0.11,0
abfylR3D9hg,UCjyXK9pWHwWR_-bRibFaWDg,2026-07-22 11:21:07,12302,238,46,119.9,120.15,0.1,0
aboWcENf218,UCPsZX-D7LW99PjZLA-UysPQ,2026-08-19 06:00:05,518,5,2,119.76,120.02,0.02,0
abyaXrwyESI,UCp8jCam8r3SU3A2sxksHaag,2026-07-22 16:51:06,12,0,0,119.9,120.15,0.1,0
ac0ycEllN3Y,UCqIwPYLfMd3EoWYwvyTjPnA,2026-07-24 03:00:40,30148,387,108,119.99,120.24,0.01,0
ac2vMXaEpk4,UCuXE-MdbuaZcPt_2J2kSsSQ,2026-08-22 10:39:33,1546,7,1,119.85,120.1,0.1,1
acCCqoG474A,UCzSODDx0zQF3nxXOZISCm_w,2026-08-23 02:30:08,1048,1,0,119.76,120.01,0.01,1
acHdpnm4KLw,UCF-rFAdN7dzd-SI2T3rkCaQ,2026-08-20 11:55:31,13697,181,25,119.83,120.08,0.08,0
aci9b9zYRsI,UCG3uX-OwJ82T3L3EhC3GPXA,2026-07-27 02:00:39,1746,69,17,119.99,120.24,0.01,0
ad1XBNk-uL8,UCp6n8d8Y8r3MwKNw_MMaouQ,2026-07-26 20:28:49,3035,49,0,119.77,120.02,0.02,0
ad8dQLD8uLw,UCuXE-MdbuaZcPt_2J2kSsSQ,2026-08-15 05:17:38,1427,1,0,119.96,120.21,0.04,1
adZPCNcee6I,UChHxLcNi7e0zu-e33HM6v6A,2026-07-23 03:00:21,10043,111,23,120.0,120.0,0.0,0
adbGSWvhhZo,UCMCgtTicwOhae1N8VCokkvw,2026-07-25 19:29:54,414,2,0,120.0,120.0,0.0,1
adl-W5TntDA,UCnju7ULBic4VgkCfDvVXCnA,2026-08-03 03:40:54,26882,76,9,119.82,120.07,0.07,1
adlnngmjIVg,UC3ozN5tHi449NhCDE6Xtmwg,2026-08-09 13:42:33,259543,1358,34,119.79,120.04,0.04,1
adnjawo1xCc,UCcoJiq6MyAqJeo3urxjDqrg,2026-08-20 13:03:18,1772,35,10,119.95,120.2,0.05,0
adu8gj8Kxgw,UC1IUMdwaJ22A6FkPiI8dcig,2026-08-02 15:30:04,77267,1508,44,120.0,120.0,0.0,1
adv4KnxaR78,UC9JlObZnbOirT4_iyPGrdcw,2026-08-26 12:34:36,110929,901,26,119.93,120.18,0.07,1
adxPyKobI7c,UCdoTrHNHnoRbaQenxK5PEUg,2026-07-14 01:36:13,31,1,0,119.9,120.15,0.1,0
ae7bH5s_4Hc,UCApYlKNymyHZ9dlOCImFVBg,2026-07-29 14:34:15,4068,125,2,119.93,120.18,0.07,0
aeCiHrm1Y-w,UCyEIUlSKbzCt3ElAsPFb7EQ,2026-08-27 17:30:25,35583,55,9,120.0,120.0,0.0,1
aeS2a_GqVX0,UCPv0av3PfTUeTnHGgcXkk8w,2026-08-28 00:00:18,14,0,0,119.76,120.01,0.01,0
aeSbnJA7DDM,UCcum1rCJ5GJeQ_xv0xrohqg,2026-08-03 10:00:37,24537,956,40,119.99,120.24,0.01,1
aeWYwAMaGFQ,UCjBPx2oip2bKnnfqKyas0ew,2026-08-24 08:15:06,4266,163,27,119.76,120.01,0.01,0
aefn1BfSrSk,UCqIwPYLfMd3EoWYwvyTjPnA,2026-07-31 05:00:21,95056,521,41,120.0,120.0,0.0,0
aeicWV2-LmE,UCF-rFAdN7dzd-SI2T3rkCaQ,2026-08-21 12:11:10,99564,1887,28,119.83,120.08,0.08,1
aejVhxlCSJs,UCjgTdV_oYP0TrrajTJLH33Q,2026-07-29 10:50:12,2016,52,13,119.92,120.17,0.08,0
aesHdbDIXeU,UCT807kAu6fmwES8B5698e2w,2026-08-11 06:00:13,135047,4173,130,120.0,120.0,0.0,1
aeygiAXqkzY,UC0FUMakBJHsRrfKCGQuWnRA,2026-08-13 11:04:31,28640,217,71,119.93,120.18,0.07,0
af5QvQ5Vyi8,UCwBkHOTyu57NQi0syf5MLig,2026-08-29 03:00:34,85470,510,40,120.0,120.0,0.0,0
afDSS9cwgfw,UCePy6AqRuTfKDC4aTrqcAqQ,2026-07-21 08:00:04,1240,76,9,120.0,120.0,0.0,0
afIbjxrk69U,UCnCH3Uhv_ynhTNKEH6ekRtg,2026-07-23 07:56:37,13220,133,23,119.81,120.06,0.06,0
afUOTrTrS9E,UCADf92tisOOh90hrZee4-LA,2026-07-29 11:17:57,196181,1316,22,119.95,120.2,0.05,1
afgK6xQe9ZQ,UCZphffYmr6WuJD9SG8xwM8A,2026-07-23 15:15:42,67,,0,119.99,120.24,0.01,0
afnFkYxr2n0,UCwfbSsZ7_sccxcibe60mWlQ,2026-08-26 15:02:15,21760,55,14,119.98,120.22,0.02,0
afoa_nOOpjA,UCms8Ge7H1ZGgw6nV94fUhUQ,2026-08-05 09:00:34,27310,304,22,119.99,120.24,0.01,1
aftdGLn-ouI,UC-aXNBQ6nwMNeW2V8XB7sBg,2026-08-08 01:00:10,94934,1030,28,120.0,120.0,0.0,1
ag1GHYxawiQ,UC78d2aaqdrt02RfmtRLmlAw,2026-08-07 21:42:24,20133,336,123,119.8,120.05,0.05,0
ag1dCNAw70E,UCqIwPYLfMd3EoWYwvyTjPnA,2026-07-13 03:00:09,28223,297,56,120.0,120.0,0.0,0
ag265Z-Zqc4,UCOTJtP0Z9DjpPU43B5m1V6A,2026-08-25 02:34:59,94952,961,90,119.93,120.18,0.07,0
ag7G3NOmL_Q,UCww3MeqGQnIatVvEr3pSjhA,2026-08-02 06:52:46,64578,2040,449,119.87,120.12,0.12,0
ag7zKY9fJnE,UCwBkHOTyu57NQi0syf5MLig,2026-08-31 05:00:30,225889,1119,51,119.76,120.01,0.01,0
agFB_j6RkSA,UCtGMgPWJNU2Aj-SNK0zg0Sg,2026-08-02 17:17:21,5221,26,1,119.96,120.21,0.04,0
agGgjUZi5Bg,UCKrprPfevcAZpPuRnCO6xOA,2026-08-13 09:30:10,706,4,3,120.0,120.0,0.0,0
agH_bjZ4jNU,UCJDXc9JWCZo-nLNKr_-L2Ng,2026-08-27 16:00:12,2874,61,4,119.76,120.01,0.01,0
agIsc7T0lSM,UCab17MxxnFtAhGsJVTkSkCg,2026-08-27 14:28:31,3310,9,0,119.79,120.04,0.04,0
agK1ONfRXs0,UC5bjQxLK_3XVzIOTQ04sYeg,2026-08-04 14:22:12,294,8,0,119.88,120.13,0.12,0
agPyN-ttmQ0,UCcstDLbuhxEbFKkPZ6wST2A,2026-07-26 03:00:19,14884,57,33,120.0,120.0,0.0,0
agern_7yiu4,UCJDXc9JWCZo-nLNKr_-L2Ng,2026-08-31 16:00:16,3627,84,5,119.76,120.01,0.01,0
agnb5uclgwE,UC_E_qYfGKM3C0kqrp1p8z7Q,2026-08-18 15:00:11,83,8,1,119.76,120.01,0.01,0
agr9fWV70gw,UCN9VGDvz2M3vdR0czEUp6lQ,2026-07-24 22:00:37,1269,42,10,119.99,120.24,0.01,0
ah6hi55YKNQ,UCt8CJiye87FMbEwt0npPMuQ,2026-08-26 14:00:30,2703,88,7,120.0,120.0,0.0,1
ahIhTP1GJWE,UCZNTsLA6t6bRoj-5QRmqt_w,2026-08-24 17:00:30,21622,812,38,120.0,120.0,0.0,0
ahYwC5R-6MQ,UCcum1rCJ5GJeQ_xv0xrohqg,2026-07-31 13:12:28,41254,1097,59,119.8,120.05,0.05,1
aheiwFSnBko,UCYooECrv-fIXlPaDwEIaveA,2026-08-25 09:01:10,41337,553,45,119.99,120.24,0.01,0
ahuXpcQvTjc,UCv1tOT645xHOJrwdGlzjMaA,2026-08-18 10:30:20,9598,74,0,120.0,120.0,0.0,1
ai7GAKUGrP4,UCqRz_-l3GCmWb92u8P33RYQ,2026-08-20 09:20:18,36995,544,36,119.92,120.17,0.08,0
aiPkOUSiB7w,UC4P7F8qenDo1O_5NvgBb_cg,2026-08-10 02:30:12,106626,968,82,120.0,120.0,0.0,0
ai_rNujjfcE,UCz5LAkkX66OAW-y_WiWf9vA,2026-08-20 10:27:43,34016,132,11,119.79,120.04,0.04,1
aiaWlhQoejM,UCMAfHuocszM6UTORPwUmeNw,2026-07-28 01:05:29,12225,278,1,119.91,120.16,0.09,0
ailH2-LwVpE,UC5ThQKdocwo_9UurfT5P_ww,2026-08-17 22:00:38,346013,5796,90,119.99,120.24,0.01,1
ailO2JB1Vy8,UCZCZHg_oJiHcrcj2vaPRCag,2026-08-12 09:00:11,1350,0,0,120.0,120.0,0.0,1
aio-8U-4kCE,UC_E_qYfGKM3C0kqrp1p8z7Q,2026-08-11 15:00:31,95,8,0,119.99,120.24,0.01,0
aiujF3ZOhdE,UCjyXK9pWHwWR_-bRibFaWDg,2026-08-25 14:00:52,37070,184,33,120.0,120.0,0.0,0
aixSxWfTdr4,UC_e83kYlGHWbsrr8QCfV_ag,2026-08-26 11:20:16,18815,111,11,119.92,120.17,0.08,0
aj8p-DkAEok,UC1IUMdwaJ22A6FkPiI8dcig,2026-08-02 11:58:47,79405,1709,93,119.77,120.02,0.02,1
ajM6LJ9W4p4,UCdm06VHBWF5Mg5kYxffzikw,2026-07-31 11:49:46,5157,19,9,119.92,120.17,0.08,0
ajRijJXlBXs,UCAl4HWznMn7KhKBRFO5eiFA,2026-08-15 13:26:47,13112,58,14,119.81,120.06,0.06,0
ajUAZASk4PU,UCPuD5ZRQWa_JCaY5NokNhtg,2026-08-08 13:33:14,585,13,3,119.95,120.2,0.05,0
ajUkWiDNo2w,UCdK9h1ILxS49c2LguBUY3rw,2026-08-30 12:00:33,11,2,0,119.75,120.01,0.01,0
ajY6F34rx_U,UCzDmGDR5RdahQkLCBoWlTEg,2026-08-24 12:57:37,34249,132,4,119.8,120.05,0.05,0
ajYEgKTGwxU,UCksGX0hODm1Ev6mysrToMqg,2026-08-26 05:29:48,12371,377,35,119.77,120.02,0.02,0
ajgPv1qmsRU,UCgjaQlejpAnIu0q-xtVfTEw,2026-07-31 02:45:15,5813,139,35,120.0,120.0,0.0,0
ajiET-Ha70o,UCt8CJiye87FMbEwt0npPMuQ,2026-07-14 12:30:35,2606,137,18,119.99,120.24,0.01,1
ak7Q_Xrzx1o,UCYsRymb9vAsOOLBy-Wo1kRg,2026-08-01 06:02:54,2295,28,3,119.96,120.21,0.04,0
XCBw6uZv3Qo,UCZ-UuK86Bk5sGzQQ2cEglJQ,2026-08-12 10:30:01,98843,1252,69,120.0,120.0,0.0,0
XCCM7LhhTFU,UCV6mNrW8CrmWtcxWfQXy11g,2026-08-22 13:00:05,434423,17899,243,119.76,120.01,0.01,1
XCM8cF99zJo,UCZ-B_El841ME7qGXvYinGmw,2026-08-25 14:44:34,6187,96,43,119.77,120.02,0.02,0
XCMHFLnRzMA,UCdoTrHNHnoRbaQenxK5PEUg,2026-07-27 13:48:17,177,1,0,119.95,120.2,0.05,0
XCTZwgQiZrs,UCnhGcri8x6xhehanhAe9ipw,2026-08-03 11:22:03,2650,19,6,119.89,120.14,0.11,1
XC_EuJ9X190,UCyoKcrOcBEY4rmLYkDuXErA,2026-07-17 09:00:14,18173,299,6,120.0,120.0,0.0,1
XCdD51bgJvw,UCFrKhWvZ8oeJQTNP5ZabgJw,2026-08-28 09:32:29,353156,4820,242,119.97,120.22,0.03,1
XCjysOtK80g,UC1IUMdwaJ22A6FkPiI8dcig,2026-08-16 05:53:27,87577,1630,72,119.86,120.11,0.11,1
XCqTYqODBm4,UCSl8TBqqflby-ymdEQVfRNQ,2026-07-29 13:46:16,27210,468,100,119.98,120.23,0.02,0
XCuTFWhyJFk,UCPGl9DV2WUgaqGVXtVrhJWQ,2026-08-16 13:52:31,4,0,0,119.88,120.13,0.12,0
XDDz8yfGOns,UCt8CJiye87FMbEwt0npPMuQ,2026-07-27 14:00:15,2648,54,6,120.0,120.0,0.0,1
XDV8eSDoyT8,UCbYO4SBywZ2oWv1u309oWmQ,2026-08-31 10:00:39,157893,2206,40,120.0,120.0,0.0,1
XDYe5O8QT0w,UCOTJtP0Z9DjpPU43B5m1V6A,2026-08-27 02:36:06,200995,1089,141,119.91,120.16,0.09,0
XDbwkhF2_Nk,UCEcRvF_6IRSux8FO-ogFZug,2026-08-25 18:38:37,8334,429,35,119.87,120.12,0.12,0
XDcR-E0_fRY,UCL3ooD3l7KEqb85EBZSEkZQ,2026-08-15 16:03:54,5887,22,1,119.94,120.19,0.06,0
XDcUet2-ZWw,UCZ-B_El841ME7qGXvYinGmw,2026-07-22 12:38:26,3359,69,34,119.86,120.11,0.11,0
XDhYF7RuJLE,UCgLFbrC7-g0ihBKB0obVPTg,2026-07-24 11:25:14,87,2,0,119.83,120.08,0.08,0
XDwsQPncbPo,UCHCeN9BUgogMGrHBC6zKYvA,2026-07-22 07:50:16,6633,128,40,119.92,120.17,0.08,0
XE2QGhhXd6U,UCt6Eo4xMTHhlOWg4_PAz_MA,2026-08-18 02:44:58,2843,64,0,120.0,120.0,0.0,0
XE9RE0moEXk,UCjsqgRBvkn8XadWraSQxTKQ,2026-08-11 15:26:13,110,3,0,119.82,120.07,0.07,0
XEABzl_Uvag,UC_8GOc5dWX2Kpb74_nQ7vSQ,2026-08-22 04:00:05,86399,2783,213,119.76,120.01,0.01,0
XEUxif8wPJw,UCw1DsweY9b2AKGjV4kGJP1A,2026-08-13 08:00:17,121146,476,49,120.0,120.0,0.0,1
XEb3Og5S9G0,UC4VWaR3R17Ruc7j1Cy1-PKQ,2026-07-28 03:23:27,139,4,0,119.86,120.11,0.11,0
XEgaf-IWRTc,UC5pdoCANExIVI4yf6DVoxew,2026-08-22 04:48:14,1636,,18,119.96,120.21,0.04,1
XF-yw0_qwjc,UCBidluUUxzT_5jVOI_2x2MQ,2026-08-16 03:00:24,2991,12,1,120.0,120.0,0.0,1
XFEVxObByyY,UCpI-AhCT02iQRGLC2ZcY0Jw,2026-08-23 09:00:20,30879,369,386,119.76,120.01,0.01,0
XFTUVq3u0q8,UCgWOZQvFZhGuqBCtjmee0XQ,2026-08-10 11:11:27,5115,255,36,119.81,120.06,0.06,0
XFfTZImzmB0,UCE-6-bWkikwoP4_ooZNep3g,2026-08-29 02:00:13,56792,1062,92,119.76,120.01,0.01,0
XFrLcT1lFYQ,UCz5LAkkX66OAW-y_WiWf9vA,2026-08-25 22:30:11,448,3,5,119.76,120.01,0.01,0
XFrzUuS8RPU,UCmwZePdbUmncnpQptdPH2Jg,2026-08-11 14:25:40,50,2,0,119.82,120.07,0.07,0
XFsWrCA4R68,UCz5LAkkX66OAW-y_WiWf9vA,2026-08-29 11:23:57,6557,40,4,119.87,120.11,0.11,1
XGCPqXmrcLo,UC0aKwoKNeqBaUwiEXmkQaGQ,2026-08-28 10:30:30,98232,485,172,120.0,120.0,0.0,0
XGGjti5mgLo,UCEJF0q0SqEJ64uA9LCXuSrQ,2026-08-28 08:30:23,2977,88,21,119.76,120.01,0.01,1
XGHGq0A-QD8,UC5ScPjbt-a97AJO7SBj6nAg,2026-07-29 08:30:29,252031,5596,282,119.99,120.25,0.01,1
XG_R9wb3RDc,UC-okJdotaXPlzivRzHFqzuA,2026-07-24 04:59:39,115349,644,23,119.76,120.01,0.01,0
XGgA6ZQbMmo,UCPuD5ZRQWa_JCaY5NokNhtg,2026-07-26 04:53:07,1212,20,14,119.87,120.12,0.12,0
XGhhsV5gAr4,UCSzHok6X5qXEO7cjvVnE62g,2026-07-24 10:00:29,41936,207,70,119.99,120.24,0.01,0
XGlX2ZfuNLU,UCr4WCOxirRA-BzVu-MH_WqQ,2026-08-20 09:00:24,13021,69,9,120.0,120.0,0.0,1
XGxetIyR9GU,UCdK9h1ILxS49c2LguBUY3rw,2026-08-20 11:45:20,10,2,0,120.0,120.0,0.0,0
XGzaYYNor4w,UC3pTpoDKt17IrCDH60kSNPA,2026-08-05 05:24:38,2533,40,6,119.84,120.09,0.09,1
XH0k25pVqGY,UCV6mNrW8CrmWtcxWfQXy11g,2026-07-25 10:00:27,92629,4024,35,119.99,120.24,0.01,1
XH1CpDFkW8s,UCw1DsweY9b2AKGjV4kGJP1A,2026-08-09 08:00:30,99513,241,5,119.99,120.24,0.01,1
XH4sZS_mbPc,UCrfB1-zWijAYkgfZW7Ehc8Q,2026-07-24 03:00:08,99764,3830,334,120.0,120.0,0.0,0
XH7e0Q7A8zY,UC46X_E7jxvJ1O_3gnaeCxeg,2026-08-03 04:14:25,104129,835,74,119.76,120.01,0.01,0
XHAUuvcYEbI,UCMZFHqDjg1IE5kzm9fZBOFw,2026-08-16 15:19:26,4133,11,0,119.93,120.18,0.07,0
XHEJI_XRRSM,UCvagJYsZ_uvB3jJoNwuimZQ,2026-08-09 15:03:14,30456,70,0,119.95,120.2,0.05,0
XHO4tQ4l4sM,UCei_ecYpQqFjYhjLaDPr2Lw,2026-08-21 15:22:23,49,2,0,119.89,120.14,0.11,0
XHPBlDO0Qok,UCt8CJiye87FMbEwt0npPMuQ,2026-08-18 12:00:02,5822,193,5,119.76,120.01,0.01,0
XHfWEk3JboQ,UCa2liSwjQST4AGcg6LFQakQ,2026-08-22 04:30:25,32,2,0,120.0,120.0,0.0,0
XHgD9VbmQKA,UCifCesg-EUkjKyQedaB3hRg,2026-08-30 00:20:58,37755,1725,14,119.91,120.16,0.09,1
XHoDRbEfUdk,UClWTMxooQefOLUV0TRcJ1Eg,2026-08-27 08:30:23,4444,230,14,119.76,120.01,0.01,0
XHzhb7PqUMk,UCAl4HWznMn7KhKBRFO5eiFA,2026-08-21 13:19:22,8382,65,7,119.94,120.19,0.06,1
XIIGBmbVogQ,UC1WeiR54H5DCDUUdo1kD9ig,2026-07-18 06:23:46,1173,5,0,119.86,120.11,0.11,0
XISH3kPY3zk,UCFsJVl9V9fSIZA1uS3gMu-w,2026-08-01 08:00:31,25965,600,196,119.99,120.24,0.01,0
XIVaktOVJZQ,UC6JB_a6rD1lZ_aZgQvORfrQ,2026-07-14 22:30:23,17791,76,38,119.99,120.24,0.01,1
XI_iLDPBFbs,UC3hCAmwyYNgRuOOSFV7evVA,2026-07-23 10:00:06,22907,189,15,120.0,120.0,0.0,0
XJJW3CLav6Y,UCSOeJWyByeoBHpmrm0NnlLw,2026-08-15 00:00:36,65035,976,168,119.99,120.24,0.01,0
XJKAdQbxc2A,UCYS2NvZlSjrxZfnn1v7b3QQ,2026-08-09 16:30:04,4,1,0,120.0,120.0,0.0,0
XJMW84-FNuQ,UC-S8JFhLkQ5enhB70c2CYIw,2026-08-31 11:00:25,277787,3518,315,120.0,120.0,0.0,0
XJQoy4JtaLI,UCw1DsweY9b2AKGjV4kGJP1A,2026-08-06 08:02:32,7480,42,7,119.96,120.21,0.04,0
XJTmewQFCII,UCaMV-CjrWYh2Aefg_8iLwJQ,2026-08-07 04:00:35,169649,2281,175,120.0,120.0,0.0,1
XJa2btLOwLM,UCdK9h1ILxS49c2LguBUY3rw,2026-08-20 11:30:26,9,2,0,120.0,120.0,0.0,0
XJaQ5iX0Ns0,UCNNR1-x2NhZARsNGnQlh2sQ,2026-07-30 10:25:19,34223,126,30,119.83,120.08,0.08,0
XJaSD0vclAQ,UCt15X5eHLwyP8PpNtQTkuDQ,2026-08-31 09:13:52,310525,575,261,119.78,120.03,0.03,0
XJtWqb8XxOY,UC5grrciAyUF4xjd42XhV-1Q,2026-08-01 09:01:41,3617,,0,119.97,120.22,0.03,0
XJwPHYkhE3Y,UCV7WE8I_UiAN0fa6Arezx_w,2026-08-03 17:00:28,34,0,0,119.99,120.24,0.01,0
XK4sXXUTEqE,UCV7WE8I_UiAN0fa6Arezx_w,2026-08-29 17:00:32,1235,1,0,120.0,120.0,0.0,0
XK5By_s9mvg,UCDBAVzfX3yZ1hah0FHnOoaA,2026-08-13 13:30:00,385653,1785,251,120.0,120.0,0.0,0
XKDwqvVTzP4,UCI4wEWWBEElIbp9jHcFllTw,2026-07-26 04:29:24,1138,5,0,119.76,120.01,0.01,0
XKG3EyfYRS0,UCzDmGDR5RdahQkLCBoWlTEg,2026-07-14 03:00:08,21101,92,0,120.0,120.0,0.0,1
XKIqpZUGaLM,UCZHBZUrLKMoL6FxpvdRzhKA,2026-07-29 15:16:10,7956,56,0,119.98,120.23,0.02,0
XKcwYxxY880,UCAl4HWznMn7KhKBRFO5eiFA,2026-07-25 15:07:44,2415,10,0,119.87,120.12,0.12,1
XKcyQJfUbB0,UCby0vMKcLR05ZdS90aZd5og,2026-08-07 04:06:17,2790,4,2,119.9,120.15,0.1,1
XKi6xv24t24,UC4oe-OVZ2Ho-03yrMkrXomQ,2026-08-09 23:00:04,281986,4882,115,120.0,120.0,0.0,1
XKiXQ8AuMdA,UCKUUL3fMVvYVZdGkKhhjP0A,2026-08-18 03:15:21,46737,523,35,120.0,120.0,0.0,1
XKjbGs97uVI,UC3DYSay178fMMPaf3zHwECA,2026-07-29 04:15:06,23192,459,34,120.0,120.0,0.0,0
XKlFU8uLjcQ,UCDHGqgpiHQAsE0UiltRqhfQ,2026-07-24 09:30:16,22791,60,42,120.0,120.0,0.0,0
XKlMGbhDpaw,UCNu00qhYj4nPeMNdxuwV6sg,2026-08-28 12:33:53,1369,38,0,119.95,120.2,0.05,0
XKvzvnAowtA,UCK8iWEZupSV2pmDMxtwdAmA,2026-08-23 00:42:24,4012,13,0,119.8,120.05,0.05,0
XKwCUdZR_SY,UC1Ns07Rw0lQK-KuaPHfRRTw,2026-08-08 14:38:49,33,0,0,119.86,120.11,0.11,0
XL1ghDbAB9k,UCVqmxk6oNOHj9RFVo4uP_lw,2026-07-26 23:00:20,16891,593,59,120.0,120.0,0.0,1
Ulp1BdGpuVA,UCN5789pKaFwqjVBvg6yws_w,2026-08-21 10:46:14,1,1,0,119.99,120.24,0.01,0
Um0g9khf5hM,UC141BuVRzSSXJX33Am9yxEA,2026-08-07 08:00:01,39916,496,24,120.0,120.0,0.0,1
UmEXWDWb5Os,UCOTJtP0Z9DjpPU43B5m1V6A,2026-07-24 12:20:22,287081,1698,47,119.91,120.16,0.09,1
UmJ_6-0pR-4,UCI4wEWWBEElIbp9jHcFllTw,2026-08-28 11:03:37,24301,73,0,119.95,120.2,0.05,0
UmL5AltmCbI,UCV7WE8I_UiAN0fa6Arezx_w,2026-08-31 01:00:18,646,0,0,119.76,120.01,0.01,0
UmY41vRIUeQ,UCFsJVl9V9fSIZA1uS3gMu-w,2026-08-25 06:00:23,137929,1377,268,119.76,120.01,0.01,0
Uma4MTR2C7Q,UCfq-5-0b5Lzj7cKCrp6-flA,2026-07-29 08:00:36,26166,1180,87,119.99,120.24,0.01,1
Umfi0nan_cw,UC6YqXiwCBfPvPTs3wXgWElQ,2026-08-31 10:07:22,1204,3,0,119.89,120.14,0.11,1
UmgzJbEa3tg,UCO8ToDSM2Gvt3EZdOdosxTw,2026-07-29 04:15:33,6984,71,68,119.99,120.24,0.01,0
UmpcIg1QI5U,UCZ-B_El841ME7qGXvYinGmw,2026-07-24 10:00:35,3532,64,7,119.99,120.24,0.01,0
Un3CgFS0yn4,UCw1DsweY9b2AKGjV4kGJP1A,2026-08-22 09:30:20,190559,967,67,119.76,120.01,0.01,1
Un8D5yOk1EQ,UC-S8JFhLkQ5enhB70c2CYIw,2026-08-17 11:00:09,160464,3305,128,120.0,120.0,0.0,0
UnC-KNy-MGk,UC_Xb6sEXAdNv9nHU4988vmg,2026-08-30 13:00:11,99253,,2,119.76,120.01,0.01,1
UnMbAEl7FlI,UCY_vDlvG-BTDRIOk_I9QQ6g,2026-08-28 12:50:05,8841,33,2,119.93,120.18,0.07,0
UnNn6kccMTc,UCpcTrCXblq78GZrTUTLWeBw,2026-08-22 17:30:39,193535,846,67,120.0,120.0,0.0,1
UnQfmZsyPDo,UCIvLQ5lZ2kebqnLaGv_FP4w,2026-08-18 17:30:54,4031,17,3,120.0,120.0,0.0,0
UnQkTFWGdBo,UCO8ToDSM2Gvt3EZdOdosxTw,2026-08-25 06:30:02,8463,65,90,119.76,120.01,0.01,0
Un_ZocO_rPo,UCRq3CDTZ2qe3HiHrZdQKBvQ,2026-08-15 09:24:46,2244,17,5,119.84,120.09,0.09,1
Unm14W6MIPs,UCwBkHOTyu57NQi0syf5MLig,2026-07-30 01:00:24,309422,1941,103,120.0,120.0,0.0,1
Uo8KLv4WRMM,UCw1DsweY9b2AKGjV4kGJP1A,2026-08-25 06:00:30,37958,509,31,119.75,120.01,0.01,1
UoCJ7dMXiCk,UCzSODDx0zQF3nxXOZISCm_w,2026-08-12 13:30:13,241,0,0,120.0,120.0,0.0,1
UoDeh42lKYk,UC5ThQKdocwo_9UurfT5P_ww,2026-08-13 03:33:04,220672,3330,184,119.95,120.2,0.05,1
UoHUgDAYZhg,UCikKJvpU0Ylua4hRW6faQRg,2026-07-26 02:15:37,4696,104,0,119.99,120.24,0.01,0
UoQcFydLH2Q,UCZ6mNZTiTUrUSbSYPlclI4A,2026-07-28 04:53:02,5226,226,4,119.87,120.12,0.12,1
Uod4dRT9qAI,UC3DYSay178fMMPaf3zHwECA,2026-08-27 08:00:33,68556,1481,33,120.0,120.0,0.0,1
UomaoavsLJE,UCPv0av3PfTUeTnHGgcXkk8w,2026-08-17 00:00:08,9,1,0,120.0,120.0,0.0,0
UotsHKxE3Q0,UCO8ToDSM2Gvt3EZdOdosxTw,2026-08-03 05:30:13,7361,87,76,120.0,120.0,0.0,0
Up69geEn8pY,UCNZiNM2pP6uhIlTQVS2Q5fA,2026-08-24 09:12:42,200280,3302,236,119.8,120.05,0.05,1
UpCZvfZyEW4,UCpcTrCXblq78GZrTUTLWeBw,2026-08-21 09:30:25,18665,465,37,120.0,120.0,0.0,0
UpFIMEy9ESI,UCkNUuK9EfixaK2HbJYZ5YrQ,2026-08-12 01:04:40,9439,449,9,119.92,120.17,0.08,1
UpSNiZ2ABfI,UC_E_qYfGKM3C0kqrp1p8z7Q,2026-07-29 15:00:33,75,9,0,119.99,120.24,0.01,0
UpUIjH4arv0,UCFCt5RYu41HTg4eX1jdHNxw,2026-08-09 05:44:28,14687,76,11,119.76,120.01,0.01,1
UpWGadL_xIE,UCPa8JSV9SPAjX7P2S-N5ssg,2026-08-29 15:00:32,28233,348,37,120.0,120.0,0.0,0
Up_nOVXfM_c,UCjOtzpfj5lF9erwTEQYkxtQ,2026-08-13 03:00:30,59734,1164,50,119.99,120.24,0.01,0
UpeaswP7cjg,UCbvvdVOF0teLO-U6GWh1RKg,2026-08-23 22:03:49,2174,37,5,119.95,120.2,0.05,0
UpzAUbya7jg,UCTbwgCCBrI-4XU8b5B0uGPg,2026-08-04 10:04:05,58270,703,10,119.93,120.18,0.07,0
Uq19WBxf1U8,UC-pobd8lZE33BSDz-iyHfJQ,2026-08-13 00:28:31,1102,10,0,119.78,120.03,0.03,0
UqOrc5lagCc,UCz5LAkkX66OAW-y_WiWf9vA,2026-08-22 11:18:19,34436,72,5,119.96,120.21,0.04,1
UqV85eEVTSc,UCYooECrv-fIXlPaDwEIaveA,2026-08-09 09:01:43,64342,875,112,119.98,120.22,0.02,0
UqZC1QTqT3w,UCXVVG5ZM3SJJCh94xatR8Dg,2026-08-14 02:00:32,185631,381,24,119.99,120.24,0.01,1
UqeJegpbOM4,UCBvKuSAkXERBnGSQOH0Sarw,2026-08-29 00:39:23,19683,53,1,119.86,120.1,0.1,0
UqqC2tS6Dmc,UCS7gEaMmBPAaI8dHNnrSofg,2026-08-20 09:10:44,74158,,98,119.83,120.08,0.08,0
Uqzd11rWpOE,UCms8Ge7H1ZGgw6nV94fUhUQ,2026-08-04 09:00:24,2397,36,5,120.0,120.0,0.0,0
Ur2lE3xNWaM,UCMAfHuocszM6UTORPwUmeNw,2026-07-30 02:16:11,12706,269,0,119.98,120.23,0.02,0
Ur3S9H8zjg8,UC6LLMkdyses2ugPRNEXutMQ,2026-08-16 10:15:12,28566,201,25,120.0,120.0,0.0,1
Ur3lTozDQJY,UCw1DsweY9b2AKGjV4kGJP1A,2026-08-08 06:00:19,87633,1076,34,120.0,120.0,0.0,1
UrAs42cQCdo,UCV7WE8I_UiAN0fa6Arezx_w,2026-08-16 10:00:09,38,0,0,120.0,120.0,0.0,0
UrRmzvj3llo,UCab17MxxnFtAhGsJVTkSkCg,2026-07-31 11:18:40,1879,28,4,119.94,120.19,0.06,0
UrY_T00Uc_E,UCMAfHuocszM6UTORPwUmeNw,2026-08-15 14:52:45,11599,300,3,119.87,120.38,0.13,0
UrfSORTx-8A,UC9DNu8JRIcE-rpo9eBx1ffw,2026-07-30 06:01:54,10671,43,17,119.97,120.22,0.03,0
UrmqxzNywYM,UC-S8JFhLkQ5enhB70c2CYIw,2026-08-06 11:00:26,120685,2827,142,119.99,120.24,0.01,0
UrnhDGdUIdQ,UC72PuhDwKtZ5MikpGNhPAtA,2026-08-29 01:27:51,217638,4133,574,119.8,120.05,0.05,0
Urnsf-NdI8Q,UC4P7F8qenDo1O_5NvgBb_cg,2026-08-27 02:30:02,122182,741,63,119.76,120.01,0.01,0
UrspmggUzVY,UCYooECrv-fIXlPaDwEIaveA,2026-08-11 09:01:09,34880,535,38,119.99,120.24,0.01,0
UrvFP9K7tQQ,UCnMshUhBxDsKFPnxBGmGEpg,2026-08-06 16:54:20,1426,37,7,119.85,120.1,0.1,0
Us8grIMt-zQ,UCV7WE8I_UiAN0fa6Arezx_w,2026-08-25 21:00:00,25,0,0,119.76,120.01,0.01,0
UsCQ3Vd5FZs,UCpn9dP1b5BhBsU9SduEz1hA,2026-07-19 16:15:11,8228,80,5,120.0,120.0,0.0,1
UsE2ZpmrpHM,UC_F-jhf8uO0fzrM7NQwvs3Q,2026-08-16 20:27:07,22,0,0,119.8,120.05,0.05,0
UsIj4-dGPz0,UC9qwDE50UcXvdplRNZKEoPA,2026-08-28 08:00:05,38467,733,30,119.76,120.01,0.01,1
UsTJ4hH9Jtk,UC2yOBpLVwB7kzt9C5ZPbB7w,2026-08-20 20:00:00,183779,2771,61,119.76,120.01,0.01,1
UsbxnT9Q3vw,UCZ-UuK86Bk5sGzQQ2cEglJQ,2026-07-21 08:42:52,225951,3762,94,119.79,120.04,0.04,0
UsmLzmJwSFo,UC7Fh4LtlazaQnzT84qCzl6A,2026-08-30 12:43:47,446,17,0,119.78,120.03,0.03,0
Usmsf00vApQ,UCAGUSx1hbPKDqzBZH7bTjiA,2026-07-28 10:00:25,32780,182,12,120.0,120.0,0.0,0
UsnYXrLkeW4,UCGa52d8Qlv3THghuCAt_nXA,2026-08-29 08:30:14,11014,59,9,119.76,120.01,0.01,0
Usq_bzKRpwM,UC_m_uqd_9s0hZvlgfvCzqbQ,2026-08-19 11:33:16,1510,4,0,119.96,120.21,0.04,1
UstkKeJoDZI,UCbaRH9U2BEFwhJiodE3qTpQ,2026-08-08 09:07:53,26980,980,16,119.87,120.12,0.12,1
UsuNKv136Ss,UC9qwDE50UcXvdplRNZKEoPA,2026-08-01 01:01:19,38942,910,79,119.98,120.23,0.02,1
UsxSLkMJLmE,UCaova9Q4UZLPqFnSvq8VxzA,2026-08-19 15:08:56,14688,75,79,119.86,120.11,0.11,0
UtBZ5vj2OT4,UCfQOeRevRI14uNqluiJ7TeQ,2026-07-28 11:02:30,20266,153,9,119.96,120.21,0.04,1
UtOpleyvDiw,UCcgkgKhXT6QwdGj9Nr8PBcg,2026-07-27 08:54:07,113653,700,42,119.85,120.1,0.1,0
UtWFbboK8CU,UCmZeuRfHYowZhf6odtoaNdg,2026-08-25 22:17:49,85171,912,542,119.96,120.21,0.04,0
Utid4bYa6Zg,UCrKSaegnzewdj9-YLsUhoZw,2026-08-14 23:52:12,6780,49,2,119.88,120.13,0.12,0
UtlLrW74v7Y,UCDmmbxGg8g-EBkC_ku6vybg,2026-07-15 03:00:18,10595,324,199,120.0,120.0,0.0,0
Uto3-cDLjpA,UCtGMgPWJNU2Aj-SNK0zg0Sg,2026-07-25 09:30:24,4762,67,11,120.0,120.0,0.0,1
UtweJcaujeY,UCqjUPx-UAFHVvthd71bY7_g,2026-08-07 08:00:20,3422,14,28,120.0,120.0,0.0,0
UtyX3vJS2Jg,UC1sELGmy5jp5fQUugmuYlXQ,2026-07-28 18:04:31,227399,5145,687,119.93,120.18,0.07,1
Utze1yl5WWk,UCw1DsweY9b2AKGjV4kGJP1A,2026-07-30 07:30:21,37237,134,13,120.0,120.0,0.0,1
Uu1vUzWKSfk,UCPuD5ZRQWa_JCaY5NokNhtg,2026-08-11 09:43:34,275,2,3,119.78,120.03,0.03,0
Uu5PErVK83o,UCrY2B2XX41ReYh9DIWrFfCg,2026-07-19 12:11:57,5777,,10,119.8,120.05,0.05,0
Uu7q_1iAkOg,UCt8CJiye87FMbEwt0npPMuQ,2026-08-14 12:30:10,4901,142,2,120.0,120.0,0.0,0
UuQUv7P4RIc,UC5Yx9RlmznXDUEIrfoSqheA,2026-08-14 04:57:39,48,4,2,119.79,120.04,0.04,1
Z5jZTCasOTA,UCei_ecYpQqFjYhjLaDPr2Lw,2026-08-29 02:57:50,131,10,0,119.8,120.05,0.05,0
Z5oMRhuCCUE,UCdF0eCyf5np3lPO4y1fJVdw,2026-08-27 09:15:30,46259,192,37,120.0,120.0,0.0,0
Z5rTFRYNUvE,UCWwbZhw5M-Q5dZtTK4nDWNw,2026-08-10 11:00:21,13572,204,29,120.0,120.0,0.0,0
Z5sGoGVK1WM,UCSzHok6X5qXEO7cjvVnE62g,2026-08-18 12:00:04,970994,12759,120,119.76,120.01,0.01,0
Z5t3pVxqnuA,UCI3DTtB-a3fJPjKtQ5kYHfA,2026-08-28 01:12:59,3491,3,0,119.8,120.05,0.05,0
Z5ygE2qkM0M,UCdQHEqTxcFzjFCrq0o4V7dg,2026-07-24 23:45:16,43861,2348,257,120.0,120.0,0.0,0
Z61wzab3BEg,UCI3DTtB-a3fJPjKtQ5kYHfA,2026-08-25 02:00:15,3182,29,4,119.76,120.01,0.01,0
Z64Ncuveh-U,UCt8CJiye87FMbEwt0npPMuQ,2026-07-16 18:15:06,1873,82,5,120.0,120.0,0.0,1
Z67Lov4j2Kc,UCNRnCc0hg3ZcKdOGXKKv5Ww,2026-08-28 17:06:30,29416,122,10,119.9,120.15,0.1,0
Z6_DDabk0us,UCrKSaegnzewdj9-YLsUhoZw,2026-08-06 23:50:38,14851,124,27,119.91,120.16,0.09,0
Z6cPFbKIudA,UCuWcjpKbIDAbZfHoru1toFg,2026-08-05 13:25:21,9176,523,81,119.83,120.08,0.08,0
Z6cz4aMLjhI,UCgvtwZJPhSfbKOxh3EoVXng,2026-08-16 00:34:15,22,1,0,119.93,120.18,0.07,0
Z6or_Kkfyg0,UCw1DsweY9b2AKGjV4kGJP1A,2026-08-04 12:34:46,139366,664,169,119.92,120.17,0.08,0
Z7591zSs7O8,UC3DYSay178fMMPaf3zHwECA,2026-07-20 04:15:06,13278,599,34,120.0,120.0,0.0,0
Z76hshvjWYY,UC7Fh4LtlazaQnzT84qCzl6A,2026-08-01 05:38:40,170789,2234,45,119.86,120.11,0.11,1
Z7IpdkTL03Y,UC6YqXiwCBfPvPTs3wXgWElQ,2026-07-22 03:20:37,7919,336,15,119.91,120.16,0.09,0
Z7Q0hzr1-eE,UCPsZX-D7LW99PjZLA-UysPQ,2026-08-09 12:00:02,2547,25,12,120.0,120.0,0.0,0
Z7y1YNx3icg,UCL_IvtOZo6sONpiydbzzHpA,2026-08-16 23:12:59,89445,812,23,119.79,120.04,0.04,1
Z83j5239Vk0,UCOTJtP0Z9DjpPU43B5m1V6A,2026-08-14 05:00:32,318000,1930,61,120.0,120.0,0.0,0
Z85Ev2hs4NY,UCaN1Qp37sHiCdQuSaXa3fVw,2026-08-15 11:44:41,28367,499,13,119.76,120.01,0.01,1
Z8RiAOV4KeA,UCCvEN8bTeF8Z2jcN513T1Gg,2026-07-11 14:17:39,5550,79,3,119.96,120.21,0.04,1
Z8YuEjarw7w,UC1Ns07Rw0lQK-KuaPHfRRTw,2026-08-18 14:33:38,104,1,0,119.95,120.2,0.05,0
Z8oW5xP11OI,UCZ6mNZTiTUrUSbSYPlclI4A,2026-08-09 04:08:36,28990,1349,33,119.86,120.11,0.11,1
Z8zmP911SUA,UC2YA1b6qKO2YteKYFuMiYPg,2026-08-07 00:46:11,139,3,1,119.98,120.23,0.02,0
Z95xyPHlgRk,UCaMV-CjrWYh2Aefg_8iLwJQ,2026-07-11 02:00:11,85382,733,19,120.0,120.0,0.0,1
Z996ziRo4aA,UC3DYSay178fMMPaf3zHwECA,2026-08-04 08:00:34,28963,738,15,119.99,120.24,0.01,1
Z9KmYTOa0T0,UCPsZX-D7LW99PjZLA-UysPQ,2026-08-20 21:00:03,4895,46,8,119.76,120.01,0.01,0
Z9RpiJam7lI,UC43hOVGChFuQRV47vxc_c-g,2026-08-06 12:28:27,210,,0,119.78,120.03,0.03,0
Z9SwZAXc0IY,UCbeQg95cAxVRsxxh6FyilxA,2026-08-04 05:53:09,12881,35,6,119.87,120.12,0.12,0
Z9VNflxvNMc,UC5H8Wt-1q_tnn-m4tDTqbUw,2026-08-08 12:31:00,2015,14,0,119.99,120.24,0.01,0
Z9VfA_Tw7Co,UCpTNtH8yc1Kdl_YFfsQsTYA,2026-08-10 13:16:21,24293,68,0,119.98,120.23,0.02,0
Z9Zc0qKB558,UCJDXc9JWCZo-nLNKr_-L2Ng,2026-08-28 18:45:01,14791,259,6,119.76,120.01,0.01,0
Z9ghBYcmeNQ,UCV7WE8I_UiAN0fa6Arezx_w,2026-07-24 08:00:02,89,1,0,120.0,120.0,0.0,0
Z9inMNo6n_w,UC-Av9SmAuRmyaEdwZKnT58g,2026-08-29 01:00:18,1249255,13826,44,119.76,120.01,0.01,1
Z9ksRYGUIpI,UC59jWhPazXYi8Ny4vake45A,2026-08-02 11:49:03,167791,3651,48,119.94,120.19,0.06,1
Z9qyqvKJ0Xo,UCz4b1O9sT73P8DWwx6OvQwg,2026-07-17 06:00:22,21454,380,28,120.0,120.0,0.0,0
Z9wY8rkAmlo,UCT-UsvGz4gm7lezXvCEex9A,2026-07-22 10:00:15,8842,175,7,120.0,120.0,0.0,1
ZA1_kAqilsw,UCiEMsnnzti6PDNi8TAlSnFw,2026-08-26 21:32:36,63,,0,119.97,120.22,0.03,0
ZA5EmEYSvZg,UC8CZL4cvFiKwKKDNCuM2lTA,2026-08-05 10:11:12,12814,95,1,119.82,120.07,0.07,1
ZABZ24FoH3g,UC8x8GQmlxAIhHxzU61z0uLQ,2026-08-25 14:00:28,9303,57,4,119.75,120.01,0.01,0
ZADHyKlmiBM,UCe0loHR-Vltq0GPHgYyzmrQ,2026-08-07 09:32:43,377,5,0,119.96,120.21,0.04,0
ZAE8_1pnU3U,UCeG0ONJtjwE20ThR5iSYdsA,2026-07-11 07:10:21,68748,684,93,119.83,120.08,0.08,0
ZAERj9jv6Gg,UCgWOZQvFZhGuqBCtjmee0XQ,2026-08-29 10:27:14,44179,544,18,119.81,120.06,0.06,1
ZAPwwqLpV7o,UCFHUplScMiWTjJrtv4hxWmg,2026-07-25 07:16:18,91440,567,155,119.98,120.23,0.02,0
ZAXDdOuD2fE,UCifCesg-EUkjKyQedaB3hRg,2026-08-21 00:31:48,32155,697,5,119.98,120.23,0.02,1
ZAaqrQMFOFQ,UCCTw9N950kEoELFv3dRcWJQ,2026-08-29 22:25:33,8686,84,3,119.84,120.09,0.09,0
ZAe8MB3LJYw,UC3DYSay178fMMPaf3zHwECA,2026-08-30 08:00:07,32560,835,26,119.76,120.01,0.01,1
ZBg7CbRiIaM,UCYsRymb9vAsOOLBy-Wo1kRg,2026-08-08 06:00:34,2074,18,3,119.99,120.24,0.01,1
ZBhOMsdcQEE,UCL_IvtOZo6sONpiydbzzHpA,2026-08-14 06:45:24,32907,570,124,120.0,120.0,0.0,0
ZBm3DAO4oCA,UCyiKngyUPUb1bka4yFrn65g,2026-07-14 07:41:19,9197,53,8,119.81,120.06,0.06,1
ZBp4Lc6PA3s,UCDmmbxGg8g-EBkC_ku6vybg,2026-08-21 03:00:35,11297,322,24,120.0,120.0,0.0,0
ZBuGEUmBgzQ,UCbvvdVOF0teLO-U6GWh1RKg,2026-08-28 02:45:56,7908,32,9,120.0,120.0,0.0,0
ZByONFE39AY,UC5RxNUZ9_c94ZEfJGnJZmTw,2026-08-22 12:00:27,20495,857,470,120.0,120.0,0.0,0
ZBzV6ItFyyo,UCL3gnarNIeI_M0cFxjNYdAA,2026-08-18 03:01:21,12106,142,32,119.98,120.23,0.02,1
ZC2cKhKxImY,UCYooECrv-fIXlPaDwEIaveA,2026-08-10 09:01:31,23298,418,84,119.98,120.23,0.02,0
ZC3WpUGMxPI,UCZPfs7xIjGmOGs9kvgGhUKQ,2026-07-15 09:40:07,155,2,1,119.83,120.08,0.08,0
ZC4I4sHdLJY,UCWVS5IJOkNnkKS5rjiAt9rw,2026-07-25 18:25:08,7302,58,0,119.83,120.08,0.08,0
ZC4uu1uq8LA,UCyiKngyUPUb1bka4yFrn65g,2026-08-07 08:54:02,41715,185,9,119.85,120.1,0.1,1
ZCBgFnNA3n4,UCYxwKnNRv4FurQxeKcuR0Sw,2026-07-31 03:00:19,12,2,0,120.0,120.0,0.0,0
ZCFN5j4tRfc,UC59jWhPazXYi8Ny4vake45A,2026-07-22 08:04:22,59297,1587,22,119.93,120.18,0.07,1
ZCQSiaG-ZVQ,UCuXE-MdbuaZcPt_2J2kSsSQ,2026-08-02 08:06:19,17,2,1,119.9,120.15,0.1,0
ZCSSOOUmDYI,UCYsRymb9vAsOOLBy-Wo1kRg,2026-08-09 07:15:12,923,13,1,120.0,120.0,0.0,0
ZCcDesy3-RY,UC3pTpoDKt17IrCDH60kSNPA,2026-07-26 12:00:20,2586,61,24,120.0,120.0,0.0,0
ZClUQ78N0mY,UCBS4sjbGJIcclT-Y6i_Jzkg,2026-08-24 18:04:45,32116,539,1,119.93,120.18,0.07,1
ZCmFT_awlts,UCeiQKedLZob9Cb797XfsrRw,2026-08-05 02:54:41,17345,272,275,119.84,120.09,0.09,0
ZCr-Sk1ALks,UCZ6mNZTiTUrUSbSYPlclI4A,2026-08-07 12:10:39,24363,170,10,119.83,120.07,0.07,1
ZCyLNx5kdLs,UCirJgPv8RtFaFMj39b6cD8Q,2026-08-01 09:00:04,26461,210,6,120.0,120.0,0.0,1
ZDF4BRel17c,UCgO8sNnksVuKcuTVTQKSK3A,2026-08-29 09:00:35,45729,368,67,120.0,120.0,0.0,0
ZDtDeKFT154,UCO8ToDSM2Gvt3EZdOdosxTw,2026-08-20 09:05:15,126478,3065,118,119.92,120.17,0.08,0
ZEC_NUNO-6Y,UC2OFe8XUEqDT3eJGO-0EDNQ,2026-08-22 21:43:04,165,3,2,119.79,120.04,0.04,0
ZED2LCpHBHQ,UC78d2aaqdrt02RfmtRLmlAw,2026-07-29 23:54:22,14425,553,263,119.85,120.1,0.1,0
ZEFUAFMJPfs,UCFHUplScMiWTjJrtv4hxWmg,2026-08-19 11:30:32,63948,428,33,120.0,120.0,0.0,0
ZEGWIIUC0Qw,UCwfbSsZ7_sccxcibe60mWlQ,2026-08-26 03:00:30,29898,70,14,120.0,120.0,0.0,0
ZERdzkWGbuU,UCMF3M48BakI-ptofqoUqdAA,2026-08-18 15:43:27,2907,84,33,119.79,120.04,0.04,0
ZEXD7XUlWXg,UCOKQpmfKrtu7Nu719CVSw1A,2026-08-31 19:26:27,14802,49,8,119.82,120.07,0.07,1
ZEo9Ul1k2HM,UCS2OAdHoLt-9T6cG9A2H49Q,2026-08-04 09:00:03,16360,139,18,120.0,120.0,0.0,1
ZFMJOvKABOw,UC8rbhIem-3aAsNXhTDI-nSA,2026-08-06 22:00:34,91141,1358,96,119.99,120.24,0.01,0
ZFTnOPfT8DE,UC59jWhPazXYi8Ny4vake45A,2026-08-07 10:40:46,157601,2918,34,119.82,120.07,0.07,1
ZFfS2_ddy8A,UCyEIUlSKbzCt3ElAsPFb7EQ,2026-07-23 02:00:32,8934,25,8,120.0,120.0,0.0,0
ZFgW8axNURU,UCw1DsweY9b2AKGjV4kGJP1A,2026-08-04 09:17:25,35948,413,105,119.96,120.21,0.04,1
ZFjqqsFuNaA,UCCd3jyJmOFzkJEMj5Bp89rw,2026-07-20 15:23:04,15450,714,42,119.87,120.12,0.12,0
ak7yYS-SO8s,UCVey3Q_CodrHAWBonTGbHFg,2026-08-30 03:00:18,2717,60,13,119.76,120.01,0.01,0
akB5Qb1QXTM,UCV7WE8I_UiAN0fa6Arezx_w,2026-08-02 16:00:13,39,0,0,120.0,120.0,0.0,0
akKRwIR2vaU,UCt8CJiye87FMbEwt0npPMuQ,2026-08-16 12:00:23,13226,564,62,120.0,120.0,0.0,1
akV6ECPC1v0,UCJPseQU9-GQKn7CGt3pDJjQ,2026-07-26 07:14:43,77,5,1,119.76,120.01,0.01,0
ak_WFgVLMqE,UCYGF_xk5RDpltyZDSx040uw,2026-08-07 09:41:59,91703,972,26,119.8,120.05,0.05,1
aka69nY850k,UCUR5w0E-jQTOO8Q0FZ4ilYQ,2026-08-29 09:00:32,407210,813,136,120.0,120.0,0.0,0
akdpVsWjzKA,UCFrKhWvZ8oeJQTNP5ZabgJw,2026-08-17 06:33:57,86571,875,77,119.94,120.19,0.06,1
akgoB21G9FI,UCAl4HWznMn7KhKBRFO5eiFA,2026-07-18 13:53:05,8838,41,1,119.87,120.12,0.12,0
akj8DOCRD-M,UCab17MxxnFtAhGsJVTkSkCg,2026-07-29 05:25:58,2000,20,2,119.82,120.07,0.07,0
akk-vUXMsY0,UCJoWNCiFuiN4eZnB80WUf4Q,2026-08-18 05:30:12,67099,1014,138,119.75,120.01,0.01,0
aklQm76kNoE,UCxpXguPL_B5pz7Gq8ozfwlA,2026-08-08 21:21:10,18843,75,0,119.9,120.15,0.1,0
akt4FGMFuW0,UCK1aVlIbEBrdhv-gbSgGIkQ,2026-08-25 09:00:39,4638,17,12,120.0,120.0,0.0,0
akvJ67tL5-w,UCPGl9DV2WUgaqGVXtVrhJWQ,2026-07-27 03:00:37,8,0,0,119.99,120.24,0.01,0
al4amOncpz8,UCIzbqIyEUxtFLYh_sCDoXpw,2026-08-30 06:09:06,194782,1383,85,119.86,120.11,0.11,1
al77pkTWg2Y,UCb5NLtXAsTBrmaZVhyFa-Wg,2026-08-14 06:05:33,112663,455,97,119.91,120.16,0.09,0
alOIwugFBcM,UCdK9h1ILxS49c2LguBUY3rw,2026-08-28 11:30:17,15,2,0,119.76,120.01,0.01,0
am3iti13wbY,UCnCFD3met1Ip7OngdF9TRDg,2026-08-17 20:32:39,9504,116,10,119.96,120.21,0.04,0
amN69sjFWRg,UCei_ecYpQqFjYhjLaDPr2Lw,2026-08-27 22:39:10,912,5,0,119.86,120.11,0.11,0
amaqGjXQmCg,UCUt2AEhC-OOC2EPCzj4DkCw,2026-08-12 23:00:14,37219,532,15,120.0,120.0,0.0,1
amdl2wMDmcY,UCN9VGDvz2M3vdR0czEUp6lQ,2026-07-17 06:13:07,3595,65,53,119.78,120.03,0.03,0
amnoUVqNQmM,UC4VWaR3R17Ruc7j1Cy1-PKQ,2026-07-29 10:39:30,20,4,4,119.84,120.09,0.09,0
amzaRC-zVaE,UCt8CJiye87FMbEwt0npPMuQ,2026-07-17 16:30:39,16410,716,25,119.99,120.24,0.01,0
amzpkczlm-w,UCN8L7Z-dyzu9FzT39RM0fvw,2026-07-12 02:00:12,12155,142,85,120.0,120.0,0.0,0
an-A6IvMwck,UCYooECrv-fIXlPaDwEIaveA,2026-08-21 09:01:08,23098,321,69,119.99,120.24,0.01,0
anFJThlj2-E,UCw1DsweY9b2AKGjV4kGJP1A,2026-08-24 13:00:23,16578,220,48,120.0,120.0,0.0,0
anS1mhy1KwQ,UC_Cp4dXpd94km5Syq2x-xig,2026-07-25 12:53:18,239,0,0,119.86,120.12,0.12,0
anWkmifhtvk,UCgjaQlejpAnIu0q-xtVfTEw,2026-08-17 03:30:24,31323,415,41,120.0,120.0,0.0,0
anhma9uXFCo,UCifCesg-EUkjKyQedaB3hRg,2026-08-28 23:32:48,83452,1265,20,119.96,120.21,0.04,1
anuMo0IsIBM,UCL2ZLyAV0H9Pvi46W7TGdHQ,2026-08-27 12:00:01,602994,2592,42,119.76,120.01,0.01,1
ao4zELOOUaY,UCwBkHOTyu57NQi0syf5MLig,2026-07-26 08:00:12,185487,1569,54,120.0,120.0,0.0,1
ao5wttEfL3c,UCl-VnCUwSxDr5zPu-YlDUYw,2026-08-23 08:00:10,102097,1483,39,119.76,120.01,0.01,1
aoHKH3GD33c,UCgysH1Lm7jP3pjyFoGLwTcw,2026-07-19 06:28:56,889,8,4,119.77,120.02,0.02,0
aoJEVuS0XfI,UCt8CJiye87FMbEwt0npPMuQ,2026-07-11 13:30:36,5710,208,8,119.99,120.24,0.01,1
aoOOEQkmI44,UCw1DsweY9b2AKGjV4kGJP1A,2026-08-30 08:00:00,415610,2435,137,119.76,120.02,0.02,1
aoWHe1TRTrQ,UCzSODDx0zQF3nxXOZISCm_w,2026-07-23 13:30:25,193,3,0,120.0,120.0,0.0,1
aorA-wIZ68Q,UCZ-B_El841ME7qGXvYinGmw,2026-08-12 14:29:42,4431,75,20,119.76,120.01,0.01,0
aov28uiCCgM,UCPsZX-D7LW99PjZLA-UysPQ,2026-07-31 03:00:39,230,0,1,119.99,120.24,0.01,0
ap7v_5my06o,UC1Ns07Rw0lQK-KuaPHfRRTw,2026-07-20 14:31:28,12,0,0,119.98,120.23,0.02,0
ap8IOGQZopA,UCkHdZO82q1pUooEsjJnK7lg,2026-08-21 00:55:08,65,0,0,119.84,120.1,0.1,1
apO5e4uph4o,UCO94iFhOhtdGb4Ze5DUAtbw,2026-07-15 12:00:13,17824,359,12,120.0,120.0,0.0,1
ap_sVWX9xEI,UCyoKcrOcBEY4rmLYkDuXErA,2026-07-22 11:45:35,14785,210,7,119.99,120.24,0.01,1
apqxh-7k-6U,UCcsC1X0SyiWcxBTbnjoZ9Ag,2026-07-30 09:00:15,4732,56,57,120.0,120.0,0.0,0
aprREPHj9ew,UClHGjnruf4A9Us7CHVgLIEQ,2026-08-26 10:57:02,16619,217,19,119.81,120.06,0.06,0
aq1ac1v8fvg,UCIvLQ5lZ2kebqnLaGv_FP4w,2026-08-07 13:00:36,1375,27,7,119.99,120.24,0.01,0
aq6mrVF3YFA,UC5ScPjbt-a97AJO7SBj6nAg,2026-08-28 07:20:49,145524,3073,124,119.92,120.17,0.08,1
aqHss-Pqh94,UCtGMgPWJNU2Aj-SNK0zg0Sg,2026-08-18 15:39:52,3043,14,0,119.85,120.1,0.1,0
aqVDsE90esE,UCnhGcri8x6xhehanhAe9ipw,2026-07-25 12:54:36,61247,802,62,119.84,120.09,0.09,0
aqYy627yxBs,UCKrprPfevcAZpPuRnCO6xOA,2026-07-29 09:30:32,1489,12,6,119.99,120.24,0.01,0
aqbQYQRqvuU,UCop7QCLcdzTpcYZzMu1mFAg,2026-08-13 14:59:12,14120,140,54,119.77,120.02,0.02,0
aqeR3kLNb_g,UCZaNYFjF_SRRJPVuGX7yMjQ,2026-08-15 12:31:57,3,2,0,119.97,120.22,0.03,0
aqzZGl1MG8c,UCby0vMKcLR05ZdS90aZd5og,2026-07-20 02:11:51,4542,7,0,119.8,120.05,0.05,1
aqzobIwvGeY,UCbYO4SBywZ2oWv1u309oWmQ,2026-08-12 10:00:10,86316,923,33,120.0,120.0,0.0,1
ar2h9OACTwA,UCgvtwZJPhSfbKOxh3EoVXng,2026-08-15 05:02:10,15,1,0,119.97,120.22,0.03,0
arFkd5S1_NE,UCnju7ULBic4VgkCfDvVXCnA,2026-07-27 00:16:52,29060,480,2,119.97,120.22,0.03,0
arKyY8BUARs,UCab17MxxnFtAhGsJVTkSkCg,2026-07-24 13:15:03,1502,32,1,120.0,120.0,0.0,0
arNoe2GcC9M,UC2WBkFH1nHcO6aFLWo6sZQg,2026-07-28 14:09:57,51581,1771,22,119.84,120.09,0.09,1
arTQvX2Zp0s,UCJN5mgLqkPCTVC5v-12gKjQ,2026-07-17 16:30:00,9309,236,4,120.0,120.0,0.0,1
arm35jdFoLg,UCt8CJiye87FMbEwt0npPMuQ,2026-08-24 12:30:36,156320,3557,336,120.0,120.0,0.0,0
ary4FoKBp4I,UCtGMgPWJNU2Aj-SNK0zg0Sg,2026-08-20 16:03:08,2803,16,4,119.95,120.2,0.05,0
as-5QWghDlE,UCOTJtP0Z9DjpPU43B5m1V6A,2026-08-22 12:00:05,289416,1893,79,119.76,120.01,0.01,1
as51U2CU8ww,UCZ6mNZTiTUrUSbSYPlclI4A,2026-07-22 07:15:33,21074,735,15,120.0,120.0,0.0,1
as6k6OpPvAY,UC2t5bjwHdUX4vM2g8TRDq5g,2026-07-31 17:17:53,66891,2008,185,119.95,120.2,0.05,0
as9s5MJQBP4,UCZPfs7xIjGmOGs9kvgGhUKQ,2026-07-12 10:00:31,79,2,0,119.99,120.24,0.01,0
asGOr6e8JaE,UCT807kAu6fmwES8B5698e2w,2026-08-04 10:00:32,14439,1488,246,119.99,120.24,0.01,0
asHm5Mf06jE,UCab17MxxnFtAhGsJVTkSkCg,2026-08-02 14:28:31,972,24,1,119.78,120.03,0.03,0
asZh-bieR30,UCawK5EIfr66Z7fjAlZgfB2g,2026-08-13 02:25:21,5969,,0,119.83,120.08,0.08,0
aseOLy5yw6A,UCV6mNrW8CrmWtcxWfQXy11g,2026-08-15 01:45:45,24807,569,22,119.99,120.24,0.01,0
askBNuOYXj8,UCA9f2-9fUklMMOaz8vKW7Jw,2026-08-08 06:56:03,60,4,0,119.82,120.07,0.07,0
askQL600H8M,UCfjMjhfjRRy8B0mfqbO_43w,2026-08-09 01:45:09,79672,978,136,120.0,120.0,0.0,0
at3YGuycZ-o,UC08-hQbwh7eyr8PlaYG2-sQ,2026-07-10 10:00:28,14843,203,89,118.76,122.61,1.24,0
at4ER9mu1_c,UCIvLQ5lZ2kebqnLaGv_FP4w,2026-08-21 16:21:25,2875,18,3,119.9,120.15,0.1,0
at9ZVh4nw7Q,UCyz5WVrb-cz3myY04x_kVYw,2026-08-27 13:27:35,3091,11,0,119.8,120.05,0.05,0
atFvx-_l1dc,UCt6Eo4xMTHhlOWg4_PAz_MA,2026-08-01 09:44:07,3091,41,0,119.77,120.02,0.02,0
atGXOZW1oOU,UCab17MxxnFtAhGsJVTkSkCg,2026-08-14 10:13:27,812,13,3,119.78,120.03,0.03,0
at_7pHvq4lk,UCNmN3W2H0r5_hV2drzbEn7Q,2026-08-24 09:05:17,433327,10920,1099,119.92,120.17,0.08,1
atbk-oweurg,UCby0vMKcLR05ZdS90aZd5og,2026-07-21 05:56:14,2555,8,0,119.81,120.06,0.06,1
atgMvedv63U,UCI6Ro_MOr36re4Bhb7nCY7g,2026-08-04 10:00:37,17302,165,47,119.99,120.24,0.01,0
atuIZ1aDGQ0,UCq0fwcojiA7ztN0FgTEgfXA,2026-07-23 05:34:58,107,2,0,119.92,120.17,0.08,0
atw_BtAR1Ro,UCqI5lyTpC79pOy2D-VXAMdA,2026-08-27 14:34:49,189365,713,224,119.93,120.18,0.07,0
au4DM1HouVs,UCz4b1O9sT73P8DWwx6OvQwg,2026-08-12 11:14:01,200438,3062,45,119.77,120.02,0.02,1
au7IGeczBdk,UCqIwPYLfMd3EoWYwvyTjPnA,2026-07-16 23:00:26,39406,355,75,119.99,120.24,0.01,0
XLLkz5gVx9c,UCYGF_xk5RDpltyZDSx040uw,2026-08-15 10:59:56,87156,828,32,120.0,120.0,0.0,1
XLkVOvERDME,UCPGl9DV2WUgaqGVXtVrhJWQ,2026-08-20 15:00:21,1,1,0,120.0,120.0,0.0,0
XLmzkN8Box8,UCi1Tln5CFg1yExpz8djyxjA,2026-08-20 21:57:59,221764,11793,135,119.79,120.05,0.05,1
XLojtQh6TnM,UC4cKHOBS-nRfKFTwf1n8HGA,2026-08-06 14:39:37,40,,0,119.84,120.09,0.09,0
XLyPWaHIFcw,UCv1tOT645xHOJrwdGlzjMaA,2026-08-20 11:05:01,10668,122,1,119.92,120.17,0.08,1
XLygZf7t0qk,UCkavlo6q2XfO_MA9Q24wRvw,2026-08-25 08:00:23,11220,22,4,119.76,120.01,0.01,0
XLzCcs_PLqg,UCAl4HWznMn7KhKBRFO5eiFA,2026-07-28 10:00:33,13083,113,5,119.99,120.24,0.01,1
XLzKT62Q_bM,UCElXDMEQqlUnuyDbChjARWQ,2026-08-20 09:58:15,77,1,0,119.78,120.03,0.03,0
XM4qwXZL1Yk,UC08-hQbwh7eyr8PlaYG2-sQ,2026-08-04 10:00:15,11593,193,82,120.0,120.0,0.0,0
XMMfLk16hd4,UCEg24oF81p-THPtp3otdmTA,2026-08-20 09:00:05,120143,2512,62,120.0,120.0,0.0,1
XMXMoq0fKF4,UCAl4HWznMn7KhKBRFO5eiFA,2026-08-16 13:33:41,2930,13,0,119.94,120.19,0.06,0
XMYk9FcBTWg,UCcNdwtZ7ulFFxngmnzsWQNA,2026-07-23 07:00:18,1946,28,14,120.0,120.0,0.0,0
XMZF2Yuj0xs,UCJDXc9JWCZo-nLNKr_-L2Ng,2026-08-24 10:00:36,884,39,1,120.0,120.0,0.0,0
XMcPuXFuz2I,UC78d2aaqdrt02RfmtRLmlAw,2026-08-05 22:01:00,3058,29,0,119.99,120.24,0.01,0
XMkYZBcRkmM,UC1IUMdwaJ22A6FkPiI8dcig,2026-08-28 13:16:59,83613,1282,81,119.98,120.23,0.02,1
XMm5Rz0ZVD8,UCPGl9DV2WUgaqGVXtVrhJWQ,2026-07-28 15:00:07,139,1,0,120.0,120.0,0.0,0
XMqrjHTBP4I,UCETJ2rkwgeYb0OojPNh-DRw,2026-07-16 06:32:01,1139,5,4,119.97,120.22,0.03,0
XN9-aLwDnh0,UCUt2AEhC-OOC2EPCzj4DkCw,2026-08-18 23:00:02,36881,704,45,119.76,120.01,0.01,1
XNTkXQtz87k,UCjnghZoZuL_U3AByO_oq7CQ,2026-08-01 12:24:22,70,4,1,119.85,120.1,0.1,0
XNraClWkEQM,UCKVt3arMXfa6XZezR1UnjqQ,2026-07-28 22:00:18,9163,84,4,120.0,120.0,0.0,0
XOVvISV3KuE,UCJDXc9JWCZo-nLNKr_-L2Ng,2026-08-15 12:38:28,2737,84,7,119.86,120.11,0.11,0
XOkcqEgALs4,UCB4YEVYp6LynBpz7bXyZsTg,2026-07-28 09:30:24,19582,192,23,120.0,120.0,0.0,0
XOy9fWA_oak,UCyiKngyUPUb1bka4yFrn65g,2026-08-18 11:31:00,2250,11,0,119.99,120.24,0.01,0
XP57tQzPlcw,UCV6mNrW8CrmWtcxWfQXy11g,2026-08-02 06:00:04,335202,18209,145,120.0,120.0,0.0,1
XPFnSFy0vnI,UCm1JuixwDoQEDi5RfcRuHJg,2026-08-29 03:22:16,110196,1703,207,119.89,120.14,0.11,0
XPe0Hqq_I8w,UCqI5lyTpC79pOy2D-VXAMdA,2026-08-01 14:39:36,261016,2074,332,119.84,120.09,0.09,0
XPxyqXMMezc,UCCiKOocVSjyb2rsbL_Aanhw,2026-07-25 12:57:18,27858,99,10,119.8,120.05,0.05,0
XQ0f211Zjeg,UCQSEAbOs6vsJfy7WN7iYaGQ,2026-08-21 23:21:10,59909,1940,87,119.91,120.16,0.09,0
XQ2ex7FkIN4,UCZ-B_El841ME7qGXvYinGmw,2026-08-16 08:51:42,2777,30,7,119.89,120.14,0.11,0
XQ7sR4dOzjU,UCXAXCxTCCYYKsLJNzEvjqfw,2026-08-02 23:03:49,14138,359,29,119.94,120.19,0.06,0
XQEVuHXuxlM,UCvPGGL-OTEAQlwAUxbcJO8g,2026-07-12 04:12:22,284048,5588,177,119.8,120.05,0.05,1
XQG06hZ8L7M,UCw1DsweY9b2AKGjV4kGJP1A,2026-07-30 08:02:21,12017,34,10,119.96,120.21,0.04,0
XQIwag9E1jA,UC1IUMdwaJ22A6FkPiI8dcig,2026-07-25 14:35:20,127527,3317,59,119.91,120.16,0.09,1
XQKZB4DVJI0,UCV7WE8I_UiAN0fa6Arezx_w,2026-07-19 14:00:08,31,0,0,120.0,120.0,0.0,0
XQMT2ALv5RA,UCrxzkAOXEbflxcTbRYnCoTw,2026-08-25 23:00:25,104929,382,226,120.0,120.0,0.0,0
XQRvpjesuCs,UCNRnCc0hg3ZcKdOGXKKv5Ww,2026-08-08 03:15:22,19444,113,7,120.0,120.0,0.0,1
XQTPUVl3uYU,UC4oe-OVZ2Ho-03yrMkrXomQ,2026-07-24 04:30:26,81781,1719,90,119.99,120.24,0.01,1
XQUhVZE6ZJY,UC2yOBpLVwB7kzt9C5ZPbB7w,2026-07-29 20:00:08,66704,962,36,120.0,120.0,0.0,1
XQfH2Halek0,UCPJGXrPIVKBR8PJY7w33WZw,2026-08-16 01:00:28,136757,1301,280,119.99,120.24,0.01,0
XQpNIklWrBU,UC6oq8RPEH1BmtyldQgXVbJw,2026-08-17 07:33:47,53406,412,50,119.94,120.19,0.06,1
XQtnELaxljQ,UCJDXc9JWCZo-nLNKr_-L2Ng,2026-08-21 18:00:03,1946,87,5,119.76,120.01,0.01,0
XQyTQj4yIgg,UCAhmOb9JWkI2HV_KIe9X_3A,2026-08-30 23:50:16,16904,85,34,119.93,120.18,0.07,0
XQyswGtpCK0,UC1Ns07Rw0lQK-KuaPHfRRTw,2026-07-31 03:06:30,39,0,0,119.89,120.14,0.11,0
XR-kk36MN1E,UC6pvGgQuZwKWlAQN50dU-wg,2026-08-15 23:21:10,1,1,,119.9,120.15,0.1,1
XR8bjFEcl6Y,UCrKSaegnzewdj9-YLsUhoZw,2026-08-24 05:06:56,35924,212,190,119.9,120.15,0.1,0
XRBj0H0kb9U,UCybfHuHkJRzGDymek2Dsqvw,2026-07-30 11:10:27,60978,1055,273,119.83,120.08,0.08,0
XRPAaSbqSaw,UCUt2AEhC-OOC2EPCzj4DkCw,2026-08-16 23:00:39,156135,2390,80,119.99,120.24,0.01,1
XRbMOEwxgmU,UCab17MxxnFtAhGsJVTkSkCg,2026-08-17 09:13:44,1875,36,12,119.78,120.02,0.02,0
XS94iEAfS0Q,UCHYMpkGhNIr8A0m2H3lIjUA,2026-08-07 13:00:03,28419,294,85,120.0,120.0,0.0,0
XSR3v-7use4,UCab17MxxnFtAhGsJVTkSkCg,2026-08-20 16:27:01,6977,67,8,119.8,120.06,0.06,0
XSbKdQQAwnw,UC4ncZM9bnBknxPkJbq4miHQ,2026-08-26 10:00:28,46075,1068,84,120.0,120.0,0.0,1
XScDstCP38E,UCAl4HWznMn7KhKBRFO5eiFA,2026-08-09 13:28:38,11387,60,27,119.78,120.03,0.03,0
XSwKS-v8MoM,UCZGG-8oJSConHG6z30PgF5w,2026-08-24 08:32:44,1938,9,0,119.96,120.21,0.04,1
XT5UZVL4tvg,UChfA8Yu8dk5k78UzaM6tsRw,2026-07-31 07:18:30,25201,657,96,119.94,120.19,0.06,0
XT7g1fBd5Ls,UCL_IvtOZo6sONpiydbzzHpA,2026-08-16 04:12:04,39807,628,73,119.8,120.05,0.05,0
XT9gqrJ4AJk,UCaN1Qp37sHiCdQuSaXa3fVw,2026-08-07 07:00:10,373360,7351,277,120.0,120.0,0.0,1
XTEO_Cbkq64,UCQDGJQe8X9tbk_i8Na3VVXg,2026-08-27 09:27:18,2945,24,2,119.81,120.06,0.06,0
XTQY38FFclM,UCHYMpkGhNIr8A0m2H3lIjUA,2026-08-31 13:00:07,69510,197,42,119.76,120.01,0.01,0
XTUu1H-A1_4,UCvjzWMh2bihwlIN-WRtddkg,2026-07-25 00:00:10,4966,43,2,120.0,120.0,0.0,0
XTlpxcZq9ok,UCSfhr4gDPFsKuwdmTOWp2jw,2026-07-21 09:40:30,208,8,0,119.83,120.08,0.08,0
XTnyh3mFT0Y,UCgLFbrC7-g0ihBKB0obVPTg,2026-08-02 12:50:25,177,4,1,119.91,120.16,0.09,0
XTvj3-JhxCU,UCtjlhCmFXYFXC4uqg1flTBg,2026-08-15 17:05:24,279,3,0,119.92,120.16,0.08,0
XU3TSOXeKKQ,UCApYlKNymyHZ9dlOCImFVBg,2026-07-23 16:15:33,4724,159,3,119.99,120.24,0.01,0
XU7OdLEWsp4,UC4ncZM9bnBknxPkJbq4miHQ,2026-07-29 10:00:16,39398,734,101,120.0,120.0,0.0,1
XUQue889mpc,UC_m_uqd_9s0hZvlgfvCzqbQ,2026-08-04 11:17:58,769,0,0,119.95,120.2,0.05,1
XUUVfrY4L8Q,UCpcTrCXblq78GZrTUTLWeBw,2026-07-10 21:15:20,16531,339,38,120.0,120.0,0.0,0
XUyVae-MgKU,UC2f8VfmEF2_0-rFN4RNHaNg,2026-08-15 17:28:42,42583,899,333,119.77,120.02,0.02,0
XV8GrMdAaUw,UCvrxJgD0T_TFvgsO2nA-fDQ,2026-07-20 02:49:08,135868,1125,347,119.93,120.18,0.07,0
XVHSmo7oyog,UCJDXc9JWCZo-nLNKr_-L2Ng,2026-08-23 20:00:33,30973,404,8,120.0,120.0,0.0,0
XVSAnSUi3e0,UCN7FA8FwikP2p5Vrs5kiivw,2026-08-05 21:00:01,31174,629,16,120.0,120.0,0.0,1
XVndhoVBA_8,UCw1DsweY9b2AKGjV4kGJP1A,2026-07-30 07:00:14,57881,159,22,120.0,120.0,0.0,1
XVqtUjhlwuo,UC_O4_e0nbsMoU1rg7JU_nwQ,2026-08-02 02:30:35,42124,925,161,120.0,120.0,0.0,0
XVxE2Uimc-4,UCN8L7Z-dyzu9FzT39RM0fvw,2026-07-18 09:00:17,16180,199,55,120.0,120.0,0.0,0
XW-ULnydUaQ,UCH29Gz8a6veRLqUxzjBXHrQ,2026-08-09 09:04:48,21781,788,55,119.92,120.17,0.08,0
XW03mNDKbOg,UCPGl9DV2WUgaqGVXtVrhJWQ,2026-07-11 15:00:35,10,0,0,119.99,120.24,0.01,0
XWAKBtBm5j0,UCz5LAkkX66OAW-y_WiWf9vA,2026-07-23 10:15:20,6493,29,2,120.0,120.0,0.0,1
XWUGBXhnHDM,UC2yOBpLVwB7kzt9C5ZPbB7w,2026-08-26 13:00:24,232823,3491,166,120.0,120.0,0.0,1
XWc3E88Qjzk,UCV7WE8I_UiAN0fa6Arezx_w,2026-08-25 18:00:02,52,0,0,119.76,120.01,0.01,0
XWcQj-TL_VM,UCv1tOT645xHOJrwdGlzjMaA,2026-08-15 12:45:43,15709,154,73,119.99,120.24,0.01,0
XWgiK_fBq9s,UCQhIdo5nRQY9DB3uo7vawtw,2026-07-24 06:41:26,201,18,3,119.81,120.06,0.06,0
XWltdO1Mq2E,UCS2OAdHoLt-9T6cG9A2H49Q,2026-08-13 09:00:26,27681,224,34,120.0,120.0,0.0,1
UuTx0EhvvAo,UCt8CJiye87FMbEwt0npPMuQ,2026-08-08 12:45:00,9585,289,31,120.0,120.0,0.0,0
UuVS2GrNubg,UCN8YcyYvYIrtLcwyT-KqbNg,2026-07-26 03:00:20,14601,49,56,120.0,120.0,0.0,0
UueA7vG3qlY,UCyz5WVrb-cz3myY04x_kVYw,2026-08-27 00:33:17,4587,47,8,119.96,120.21,0.04,0
UuinLkTe7vk,UCV6mNrW8CrmWtcxWfQXy11g,2026-08-19 11:52:34,12871,829,89,119.88,120.13,0.12,0
UukWQnGiwmM,UCcdlIcleb4oIK6of1ugSJ7w,2026-08-28 12:38:29,376728,1070,306,119.87,120.12,0.12,0
UupyF1EvofQ,UCV6mNrW8CrmWtcxWfQXy11g,2026-07-23 04:00:24,58155,3036,41,120.0,120.0,0.0,1
UvJRnmWRWgk,UCw1DsweY9b2AKGjV4kGJP1A,2026-08-27 07:45:29,147814,350,40,120.0,120.0,0.0,1
UvLYXv9OtTk,UCZCZHg_oJiHcrcj2vaPRCag,2026-08-02 09:00:39,517,0,0,119.99,120.24,0.01,1
UvY4gYgzfuM,UCiVO_mThS9B3tNc_kzpn-3g,2026-07-30 16:00:32,22307,1056,18,119.99,120.24,0.01,0
UvguTijNHto,UCNmN3W2H0r5_hV2drzbEn7Q,2026-08-25 10:49:40,776692,11171,897,119.93,120.18,0.07,1
UviiVMLZKsk,UC72PuhDwKtZ5MikpGNhPAtA,2026-08-18 22:35:39,261419,10909,1545,119.92,120.17,0.08,0
UvpMqIXyeRw,UCgeazIBHz3JS7ft7_nyj-0A,2026-07-29 08:00:27,22838,109,17,119.99,120.24,0.01,0
UvtTSJf0xUk,UCAGUSx1hbPKDqzBZH7bTjiA,2026-07-30 10:00:07,23539,268,101,120.0,120.0,0.0,0
UwLJga1VSmk,UCYGF_xk5RDpltyZDSx040uw,2026-08-26 05:15:26,79597,1138,64,119.76,120.01,0.01,1
UwSXB9EvuwM,UCgjaQlejpAnIu0q-xtVfTEw,2026-08-20 22:00:38,429404,7018,163,120.0,120.0,0.0,1
UwWC1vQXvok,UCDnIK80iouL_rb_J6GybOlg,2026-08-02 21:00:05,3,0,0,120.0,120.0,0.0,0
Uwcu9Tg1vb4,UCjBPx2oip2bKnnfqKyas0ew,2026-08-21 08:15:24,2429,134,24,120.0,120.0,0.0,0
UwfpNeq1blc,UCJA6MZLzTeljmGNFaugdoWQ,2026-08-23 01:00:13,1864,9,0,119.76,120.01,0.01,1
UwtyNNahN8w,UCAl4HWznMn7KhKBRFO5eiFA,2026-08-07 13:27:50,2632,12,1,119.79,120.04,0.04,0
Uwycazwn-e0,UCV7WE8I_UiAN0fa6Arezx_w,2026-08-09 09:00:21,28,0,0,120.0,120.0,0.0,0
UxJDwR45nXQ,UCN5oT4zGJX-_H6pE5isAEeg,2026-08-08 22:00:34,2006483,26316,3299,119.99,120.24,0.01,1
UxLr6dr5n2Q,UC4oe-OVZ2Ho-03yrMkrXomQ,2026-07-23 04:30:37,516066,15036,178,119.99,120.24,0.01,1
UxMfNlJB5FM,UC_9W6Z5Y3lDpLk47Y_y5ITQ,2026-07-22 22:11:39,57032,650,64,119.81,120.06,0.06,0
UxOI0XWcXmI,UCAl4HWznMn7KhKBRFO5eiFA,2026-07-21 14:40:36,10379,65,0,119.82,120.07,0.07,1
UxWgtN4gr6g,UCJDXc9JWCZo-nLNKr_-L2Ng,2026-08-31 13:00:30,3284,73,5,119.75,120.01,0.01,0
UxgWQrLjOII,UCZCZHg_oJiHcrcj2vaPRCag,2026-08-13 15:29:13,45,1,0,119.77,120.02,0.02,0
UxhYeu5mN5Q,UCvfEv6nBnL0QlKqyGmL0orQ,2026-08-30 01:30:15,45559,73,19,119.76,120.01,0.01,0
Uxi-zZrgDys,UCYooECrv-fIXlPaDwEIaveA,2026-08-02 09:01:32,40574,964,148,119.98,120.23,0.02,0
Uxjq-al4Flw,UCKrprPfevcAZpPuRnCO6xOA,2026-08-26 09:57:25,26,1,0,119.8,120.05,0.05,0
UxmijwVFNvs,UCW_Ptq0v8ck67w9oKiwXz2g,2026-07-25 09:01:05,207,1,0,119.98,120.23,0.02,1
UxzyaPvIMT4,UCBY9rOZPo0fLE45mOV0s0cw,2026-08-31 09:01:59,1008,1,0,119.98,120.23,0.02,0
UyE1UCF18Fs,UCzkk3MGFFeiN0E0T3AEeg_g,2026-07-30 11:23:08,52029,155,193,119.87,120.12,0.12,1
UyrRPB8Uv60,UCV7WE8I_UiAN0fa6Arezx_w,2026-07-19 09:00:33,45,0,0,119.99,120.24,0.01,0
Uysy2QgQ9hw,UCWq9wRjQXYC8i486uVLysUA,2026-08-19 08:00:38,324277,6860,339,120.0,120.0,0.0,0
UyznvTICm3M,UC2NFRq9s2neD_Ml0tPhNC2Q,2026-07-20 02:30:23,524289,9283,71,119.99,120.24,0.01,1
Uz2VHsRF0U8,UCR1ctqL11HoxQkbSkoUAYeA,2026-07-28 07:24:08,36934,782,186,119.85,120.1,0.1,0
Uz6AhqM-PF0,UCCd3jyJmOFzkJEMj5Bp89rw,2026-07-11 15:00:15,2366,124,1,120.0,120.0,0.0,1
UzMt6bWp7EE,UCgLFbrC7-g0ihBKB0obVPTg,2026-08-11 12:40:53,308,6,1,119.82,120.07,0.07,0
UzhTVgT8Vq0,UCcJliZnsRbNw4I4uWSGq_wA,2026-08-25 08:13:56,7615,11,0,119.78,120.03,0.03,0
UzkPgDqtJ5M,UCd-Ziz8pAMZBWl7juEghsag,2026-08-05 06:25:57,39009,565,53,119.82,120.07,0.07,0
V-01Wkucof0,UCSzHok6X5qXEO7cjvVnE62g,2026-08-27 12:00:26,91742,703,13,119.75,120.01,0.01,1
V-04vh1apuw,UCI4wEWWBEElIbp9jHcFllTw,2026-08-24 00:22:52,15137,109,1,119.88,120.13,0.12,0
V-1BqTfUqDI,UC2yOBpLVwB7kzt9C5ZPbB7w,2026-08-11 07:00:30,184003,2328,101,119.99,120.25,0.01,1
V-6yRAAW6AA,UCby0vMKcLR05ZdS90aZd5og,2026-07-10 08:39:51,3686,10,0,119.92,120.1,0.08,1
V-AmZtuPFV8,UCJDXc9JWCZo-nLNKr_-L2Ng,2026-08-14 18:45:16,1812,71,6,120.0,120.0,0.0,0
V-W4rN0Wgk4,UCtUHgx7SA_eZFssVODDh82A,2026-08-10 08:40:23,55697,579,97,119.83,120.08,0.08,0
V-WF-pffPsA,UCnhGcri8x6xhehanhAe9ipw,2026-08-18 11:02:51,14309,121,25,119.96,120.21,0.04,1
V-XXvqHZ328,UC-FiQR2gg8oiNw98ZdsSX6Q,2026-08-25 04:00:09,1156,7,1,119.76,120.01,0.01,0
V-rj62KXw1w,UCN9VGDvz2M3vdR0czEUp6lQ,2026-08-09 10:00:48,1041,32,14,119.99,120.24,0.01,0
V-yRrJceDT0,UCMF3M48BakI-ptofqoUqdAA,2026-08-21 14:00:30,5632,159,88,120.0,120.0,0.0,0
V0AhhOtd3Rs,UCXb8sP7slkJyunTEAsP-CiQ,2026-08-24 02:00:25,33650,594,42,119.75,120.01,0.01,0
V0E5p92UMos,UCIvLQ5lZ2kebqnLaGv_FP4w,2026-08-04 17:19:19,1258,12,0,119.93,120.18,0.07,0
V0L7n8lDodI,UCKVt3arMXfa6XZezR1UnjqQ,2026-08-28 03:00:04,7090,11,1,119.76,120.01,0.01,0
V0QKL6SAtqc,UCzDmGDR5RdahQkLCBoWlTEg,2026-07-12 12:34:20,16296,70,1,119.93,120.18,0.07,0
V0QPFHlYyNQ,UCBvkOBLsSj9kusGYlroQkBg,2026-08-29 13:27:42,71548,482,43,119.8,120.05,0.05,0
V0Wp4q-fIV8,UC4oe-OVZ2Ho-03yrMkrXomQ,2026-08-24 07:00:27,339103,3776,103,120.0,120.0,0.0,1
V0fIiKtkzHo,UCpcTrCXblq78GZrTUTLWeBw,2026-08-12 10:30:24,117975,2858,114,120.0,120.0,0.0,0
V0fMSfVPLwM,UCYGF_xk5RDpltyZDSx040uw,2026-07-13 04:21:28,101256,1408,47,119.89,120.14,0.11,1
V0jSTYZv4cQ,UC-okJdotaXPlzivRzHFqzuA,2026-08-26 15:50:42,175199,2251,2,119.92,120.17,0.08,0
V0mjTDGWJRA,UCoH2pCzAr6zWDG-LtUiLWRw,2026-08-11 22:30:23,34506,378,55,120.0,120.0,0.0,0
V0oz8FOy-a8,UCAhmOb9JWkI2HV_KIe9X_3A,2026-07-29 13:10:10,91603,1288,200,119.83,120.08,0.08,0
V0pM6soaW6Q,UCv1tOT645xHOJrwdGlzjMaA,2026-08-07 10:42:04,15093,115,33,119.8,120.05,0.05,0
V0qh6EB3K7M,UCPGl9DV2WUgaqGVXtVrhJWQ,2026-08-13 15:00:24,162,1,0,120.0,120.0,0.0,0
V0u2MvpJ4LI,UCikKJvpU0Ylua4hRW6faQRg,2026-08-08 01:11:04,3507,87,0,119.82,120.07,0.07,0
V10kv-68FZQ,UCXCa03lRK6tlntZoJ7TUWRw,2026-07-24 02:00:06,89423,1853,61,120.0,120.0,0.0,1
V14OFDgiKx8,UCos3GN2gX0wLcfuhOAiMotQ,2026-08-17 09:57:03,30000,223,44,119.8,120.05,0.05,0
V19MoPwXmcE,UCyoSQyaCrZHro6F_nBiXIYg,2026-07-23 16:07:29,170069,1099,355,119.88,120.13,0.12,0
V1AvLW5iOMY,UCdK9h1ILxS49c2LguBUY3rw,2026-07-28 11:30:29,8,2,0,119.99,120.24,0.01,0
V1Br_z5sPX4,UCpI-AhCT02iQRGLC2ZcY0Jw,2026-08-05 09:00:10,58226,461,389,120.0,120.0,0.0,0
V1ET50tHGwU,UCMF3M48BakI-ptofqoUqdAA,2026-07-27 14:00:17,5232,130,64,120.0,120.0,0.0,0
V1FzPw5gQz0,UCdoTrHNHnoRbaQenxK5PEUg,2026-08-24 16:06:06,126,0,0,119.91,120.16,0.09,0
V1ITeKDWehw,UCWVS5IJOkNnkKS5rjiAt9rw,2026-08-30 03:50:29,117768,412,34,119.92,120.17,0.08,0
V1Mbf_b6xCg,UCXg-6b0X0sIMBDHhbyBuOQg,2026-07-24 12:24:54,0,0,,119.84,120.09,0.09,0
V1WEgFA5b_M,UCPuD5ZRQWa_JCaY5NokNhtg,2026-08-31 18:06:31,13378,18,21,119.9,120.15,0.1,0
V1i6BlaxM-g,UCifCesg-EUkjKyQedaB3hRg,2026-08-08 21:37:15,58131,1291,22,119.88,120.13,0.12,1
V1rrhmRB8zE,UC6JB_a6rD1lZ_aZgQvORfrQ,2026-07-12 08:31:02,6631,110,0,119.98,120.23,0.02,0
V1vqdO8V6QY,UCjyXK9pWHwWR_-bRibFaWDg,2026-07-28 13:09:54,33424,316,41,119.84,120.09,0.09,0
V2M5Nm5UC7E,UCcZLS3cRPf6ObjvKuPM7KDw,2026-08-14 10:00:39,4403,18,1,119.99,120.24,0.01,1
V2XFbEMBP2Y,UCnCH3Uhv_ynhTNKEH6ekRtg,2026-07-21 03:59:43,9448,137,22,119.76,120.01,0.01,0
V2ebW62nqw4,UC78d2aaqdrt02RfmtRLmlAw,2026-08-03 17:42:31,3747,38,7,119.79,120.04,0.04,0
V2mUW6svlYM,UCPGl9DV2WUgaqGVXtVrhJWQ,2026-07-14 12:52:17,1,0,0,119.88,120.13,0.12,1
ZFoAr2AB2P0,UCEcRvF_6IRSux8FO-ogFZug,2026-08-30 17:22:22,33180,640,35,119.89,120.14,0.11,0
ZFx5GYLjsGw,UCAl4HWznMn7KhKBRFO5eiFA,2026-07-11 12:17:14,10526,44,1,119.96,120.21,0.04,1
ZGDUu6tB49I,UCoH2pCzAr6zWDG-LtUiLWRw,2026-07-27 22:00:25,39159,407,105,120.0,120.0,0.0,0
ZGNxNF-kgqA,UCF-rFAdN7dzd-SI2T3rkCaQ,2026-08-04 13:48:45,747566,4994,98,119.94,120.19,0.06,1
ZGPf7el9bvY,UCMZFHqDjg1IE5kzm9fZBOFw,2026-08-12 16:53:27,4155,16,0,119.86,120.11,0.11,0
ZGe9Is8bg14,UCdoTrHNHnoRbaQenxK5PEUg,2026-08-05 01:38:13,36,1,0,119.87,120.11,0.11,0
ZGlVZAdmrYI,UCyZtdaxIiGb4wp5AmkEMrwQ,2026-08-14 03:00:27,78542,2212,32,120.0,120.0,0.0,1
ZGmZ3l4swIU,UCd9oeoY-jLSkhd-J5y_1aYg,2026-07-13 03:16:12,518,5,5,119.98,120.23,0.02,0
ZGx9PH2xW1g,UCt8CJiye87FMbEwt0npPMuQ,2026-08-31 16:30:02,15788,270,37,119.76,120.01,0.01,0
ZH4InLBFBNY,UC783XWULPW-nDGv_0EYlB6Q,2026-08-04 09:30:31,44814,1389,63,119.99,120.24,0.01,1
ZH83HC0XqGw,UCyiKngyUPUb1bka4yFrn65g,2026-07-24 19:23:59,471,1,0,119.85,120.1,0.1,0
ZHDEhIzSB8E,UC2yOBpLVwB7kzt9C5ZPbB7w,2026-07-23 16:15:14,235869,3649,44,120.0,120.0,0.0,1
ZHLSLIGiasA,UCab17MxxnFtAhGsJVTkSkCg,2026-08-04 14:34:24,2170,55,2,119.93,120.18,0.07,0
ZHNKmKoKBVQ,UCPN9TrChCye1s97iEUOsIeA,2026-07-30 08:00:03,32,1,0,120.0,120.0,0.0,0
ZHP_lG3qdUk,UCBtJuwDt6LlXp2YASC-ZMdA,2026-08-20 03:00:39,446,4,0,120.0,120.0,0.0,0
ZHUqSq28URI,UC46X_E7jxvJ1O_3gnaeCxeg,2026-08-08 07:06:30,33142,224,36,119.9,120.15,0.1,0
ZHavGYmw9-A,UCab17MxxnFtAhGsJVTkSkCg,2026-07-31 15:23:22,2735,51,7,119.86,120.11,0.11,0
ZHnmZnYzlrI,UC2f8VfmEF2_0-rFN4RNHaNg,2026-08-08 20:00:12,11652,216,55,120.0,120.0,0.0,0
ZHtJUZk9HFk,UCoovEJW0dyTWwHiblWDWvyQ,2026-08-06 10:30:08,15197,179,12,120.0,120.0,0.0,0
ZHx8Lqz8AeM,UCmiTZyj9GwMjyznZxrgCH4Q,2026-07-17 06:50:20,15191,155,31,119.91,120.16,0.09,0
ZHxXQ29hllk,UCdoTrHNHnoRbaQenxK5PEUg,2026-08-16 14:16:16,116,2,0,119.98,120.23,0.02,0
ZI1HqyIONkM,UC8aCmG_y4DqqVI9Xlcym1Jg,2026-08-09 20:30:22,1054,42,2,120.0,120.0,0.0,0
ZI9Ixq3xKhM,UCsuanL5kXO29Uzz3MWlBsMQ,2026-07-24 10:39:58,254,8,1,119.84,120.09,0.09,0
ZIFjECRvN3I,UCp6n8d8Y8r3MwKNw_MMaouQ,2026-08-30 18:51:52,32061,628,12,119.9,120.15,0.1,1
ZIHuNIxAobo,UCkNUuK9EfixaK2HbJYZ5YrQ,2026-07-23 10:15:05,7120,202,39,120.0,120.0,0.0,0
ZIICWDgltWw,UC-2wa6jvprl7hfCpvw0ULzg,2026-08-23 02:00:30,35875,1170,154,120.0,120.0,0.0,1
ZIImH9E7Y2M,UCEebX3m88Arwc91LPmEmTYQ,2026-08-02 23:24:30,15437,374,0,119.84,120.09,0.09,0
ZIJrq2ltq5I,UCbvvdVOF0teLO-U6GWh1RKg,2026-08-14 00:14:21,2843,15,22,119.76,120.01,0.01,0
ZITukHKQKe0,UCsuanL5kXO29Uzz3MWlBsMQ,2026-08-27 09:24:32,499,9,1,119.85,120.1,0.1,0
ZIiGakV3Muw,UCAGUSx1hbPKDqzBZH7bTjiA,2026-07-29 10:00:02,69752,581,63,120.0,120.0,0.0,0
ZIj9o1nu9UM,UCGVy07wZs8W-EpKAGchrmCQ,2026-08-05 14:24:31,7971,66,43,119.84,120.09,0.09,0
ZIwjeIKAbQM,UC0aKwoKNeqBaUwiEXmkQaGQ,2026-07-26 10:30:12,72975,2343,518,120.0,120.0,0.0,0
ZJ0ytN7Yd-I,UCPGl9DV2WUgaqGVXtVrhJWQ,2026-08-07 15:00:14,12,0,0,120.0,120.0,0.0,0
ZJCVM-zLvMA,UCt8CJiye87FMbEwt0npPMuQ,2026-07-28 16:00:05,1504,39,2,120.0,120.0,0.0,1
ZJHByGbXJsI,UCgLFbrC7-g0ihBKB0obVPTg,2026-07-24 11:47:29,357,7,9,119.96,120.21,0.04,0
ZJJHwhxSE44,UC_Xb6sEXAdNv9nHU4988vmg,2026-08-27 10:00:32,243060,,3,120.0,120.0,0.0,1
ZJJurAqaYcY,UC3_QWAvQRhPW4CDoQU8acKw,2026-07-23 07:31:10,19359,363,115,119.98,120.23,0.02,0
ZJK3XG8cWVE,UCB4gIGaPUiLtpPreFSf8fKQ,2026-08-16 18:00:12,2906,40,52,120.0,120.0,0.0,0
ZJPwuE8v5tE,UC5pdoCANExIVI4yf6DVoxew,2026-07-18 08:39:11,1934,8,1,119.85,120.1,0.1,1
ZJYidON8RWY,UCSh__r5HS4Y1xBkccWnV0TA,2026-08-14 18:03:32,74582,2068,118,119.94,120.19,0.06,0
ZJ_n-ClXhHw,UCos3GN2gX0wLcfuhOAiMotQ,2026-07-30 11:05:51,151236,2362,117,119.91,120.16,0.09,0
ZJm5i9bogmE,UCBtJuwDt6LlXp2YASC-ZMdA,2026-07-26 10:07:13,284,5,1,119.88,120.13,0.12,0
ZJmIgGR1NhU,UCV6mNrW8CrmWtcxWfQXy11g,2026-08-23 04:00:15,127621,4368,260,119.76,120.01,0.01,1
ZJoR1CZF8Vg,UCifCesg-EUkjKyQedaB3hRg,2026-07-25 22:34:36,35069,769,13,119.92,120.17,0.08,1
ZJor7TrNkts,UCO203d-HvWROK_vpGbWASDw,2026-08-12 02:00:31,14,5,0,119.99,120.24,0.01,0
ZJpfbyjVSwc,UC1IUMdwaJ22A6FkPiI8dcig,2026-08-19 13:37:13,109828,2284,37,119.89,120.14,0.11,1
ZJu06ZbScNg,UC8rbhIem-3aAsNXhTDI-nSA,2026-07-31 23:00:11,98136,1423,94,120.0,120.0,0.0,0
ZKBXWrAfnsw,UC-DpK48x4bltMjHHChZ4zBg,2026-08-28 14:18:17,26663,58,17,119.96,120.21,0.04,0
ZKEfKHzVjlc,UC6YKLXN1w8pyqFwCO0UJ9sw,2026-07-16 12:00:17,354623,6692,50,120.0,120.0,0.0,1
ZKU8bPK83xk,UCY_vDlvG-BTDRIOk_I9QQ6g,2026-08-12 02:38:33,1127,14,3,119.86,120.11,0.11,0
ZKXfyNgdWg4,UCPsZX-D7LW99PjZLA-UysPQ,2026-08-19 09:00:33,533,7,3,120.0,120.0,0.0,0
ZKcDPY87sD4,UCL2ZLyAV0H9Pvi46W7TGdHQ,2026-07-25 13:00:25,105568,658,111,120.0,120.0,0.0,0
ZKgKpETQZDM,UChfA8Yu8dk5k78UzaM6tsRw,2026-08-18 05:10:16,34001,910,169,119.83,120.08,0.08,0
ZKo74kjRup4,UCUt2AEhC-OOC2EPCzj4DkCw,2026-08-31 23:00:40,17858,400,17,120.0,120.0,0.0,1
ZKxbdVcJtns,UC5ScPjbt-a97AJO7SBj6nAg,2026-08-02 08:30:32,51541,1760,323,119.99,120.24,0.01,0
ZL1VyQwwzFU,UC783XWULPW-nDGv_0EYlB6Q,2026-07-22 12:44:34,44720,652,63,119.76,120.01,0.01,0
ZLBwkF0cSm0,UC7hwQp3F6P_OwyRM14p88iQ,2026-08-26 15:31:08,30390,224,0,119.99,120.24,0.01,0
ZLS_Z_UrTaA,UCOTJtP0Z9DjpPU43B5m1V6A,2026-07-22 03:48:53,95872,1080,91,119.94,120.19,0.06,0
ZLT3K7nqhoA,UCt8CJiye87FMbEwt0npPMuQ,2026-08-22 12:00:07,5373,235,17,119.76,120.01,0.01,0
ZLTJP2d2dtE,UC3kVT7zilzGf_7fIEkc4dDA,2026-07-26 14:21:28,32579,848,90,119.89,120.14,0.11,0
ZLUC5JcKpg4,UCV6mNrW8CrmWtcxWfQXy11g,2026-08-07 02:00:31,248468,11506,113,119.99,120.24,0.01,1
ZLVcWDijAy8,UCFrKhWvZ8oeJQTNP5ZabgJw,2026-08-24 22:00:27,107643,980,154,120.0,120.0,0.0,1
ZLfJeIx8j0g,UCT-UsvGz4gm7lezXvCEex9A,2026-08-28 08:00:17,3913,69,7,119.76,120.01,0.01,0
ZLkcBFEsyUk,UCQJuZxeDv2P05YHcC-tIEVQ,2026-08-16 11:06:34,20371,344,15,119.89,120.14,0.11,0
ZM3d2Lc15e8,UCUR5w0E-jQTOO8Q0FZ4ilYQ,2026-07-22 09:00:27,186968,554,79,120.0,120.0,0.0,0
ZMJ9Ka_fHGY,UCd9oeoY-jLSkhd-J5y_1aYg,2026-07-18 10:07:42,10190,54,7,119.87,120.12,0.12,1
ZMaKJ-A2JTw,UCgjaQlejpAnIu0q-xtVfTEw,2026-08-16 00:00:21,71893,542,72,120.0,120.0,0.0,0
ZMbL2HBH2Us,UCta3D5-EYqO-pduQLxQ8mNQ,2026-08-17 13:15:26,1622,13,5,120.0,120.0,0.0,0
ZMcEC3dhjSY,UCwBkHOTyu57NQi0syf5MLig,2026-08-27 02:00:17,201040,1428,110,119.76,120.01,0.01,1
ZMz1nMo1v0I,UC5grrciAyUF4xjd42XhV-1Q,2026-07-11 17:41:21,3420,,0,119.81,120.06,0.06,0
ZNQFCfsxlCQ,UCqyzJW0VRYRP_sFELZYdxGg,2026-08-08 01:00:05,245696,2673,507,120.0,120.0,0.0,1
ZNc3ypfSnUQ,UC-2wa6jvprl7hfCpvw0ULzg,2026-08-22 07:34:30,17413,402,41,119.94,120.19,0.06,1
ZNiRT4q5-4w,UCcstDLbuhxEbFKkPZ6wST2A,2026-08-09 09:00:20,14512,60,22,120.0,120.0,0.0,0
ZNkw-YpA6CQ,UC1Ns07Rw0lQK-KuaPHfRRTw,2026-08-21 15:11:09,40,3,0,119.83,120.08,0.08,0
ZNvZj4poKpM,UCgjaQlejpAnIu0q-xtVfTEw,2026-08-10 23:00:37,324229,4863,124,119.99,120.24,0.01,1
ZNxEyB2XUAo,UCV6mNrW8CrmWtcxWfQXy11g,2026-07-29 02:00:17,50760,2413,54,120.0,120.0,0.0,1
ZNxluRJTPdg,UC_E_qYfGKM3C0kqrp1p8z7Q,2026-08-21 19:00:01,204,6,1,119.76,120.01,0.01,1
ZOJ2zxBkuH0,UCg7rkxrTnIhiHEpXY1ec9NA,2026-08-30 07:29:42,379622,9013,498,119.77,120.02,0.02,0
ZP2S_eDuE98,UCz4b1O9sT73P8DWwx6OvQwg,2026-08-12 07:00:28,72444,1758,252,120.0,120.0,0.0,0
ZPPqh7AeGW0,UCPGl9DV2WUgaqGVXtVrhJWQ,2026-08-19 15:00:19,24,0,0,119.76,120.01,0.01,0
ZPbLhjrw5yU,UCF-rFAdN7dzd-SI2T3rkCaQ,2026-08-21 11:27:41,15225,205,24,119.8,120.05,0.05,0
auEnlPzKf0M,UCt8CJiye87FMbEwt0npPMuQ,2026-08-26 19:16:09,42578,701,122,119.99,120.24,0.01,1
auJ3piFvRzQ,UC4VWaR3R17Ruc7j1Cy1-PKQ,2026-08-20 21:59:17,35,2,5,119.77,120.03,0.03,0
auWFMa0J92c,UCxpXguPL_B5pz7Gq8ozfwlA,2026-08-19 16:31:56,7304,43,0,119.98,120.23,0.02,0
aulkD2SZZFY,UCaMV-CjrWYh2Aefg_8iLwJQ,2026-07-28 09:00:06,62726,266,34,120.0,120.0,0.0,0
av40duF0Zjs,UCt8CJiye87FMbEwt0npPMuQ,2026-08-04 12:00:16,8509,383,20,120.0,120.0,0.0,0
avKmsmvl5Rk,UCdK9h1ILxS49c2LguBUY3rw,2026-08-28 11:37:27,62,4,0,119.89,120.14,0.11,0
avQ_va8Yeuc,UCMF3M48BakI-ptofqoUqdAA,2026-08-13 15:04:29,4273,266,151,119.93,120.18,0.07,0
avRcFk8MOio,UCZNTsLA6t6bRoj-5QRmqt_w,2026-08-16 17:00:10,20959,875,15,120.0,120.0,0.0,0
avX7i9O7Z5A,UCp8jCam8r3SU3A2sxksHaag,2026-07-18 02:24:56,99,1,0,119.84,120.09,0.09,0
aw3mcLdMtpc,UCAl4HWznMn7KhKBRFO5eiFA,2026-07-11 11:58:29,24532,89,4,119.78,120.03,0.03,1
aw5VUmwIcGU,UCt8CJiye87FMbEwt0npPMuQ,2026-08-26 19:01:53,19284,410,19,119.98,120.23,0.02,0
awN6UTpjlnQ,UCeKjmFzU-Jlqg7diwzf2Udw,2026-08-12 18:16:31,10,0,0,119.98,120.23,0.02,0
awOH85zsIzM,UCp6n8d8Y8r3MwKNw_MMaouQ,2026-08-30 19:12:50,9133,653,5,119.8,120.05,0.05,0
awYmCZu6skk,UCV6mNrW8CrmWtcxWfQXy11g,2026-08-28 02:00:39,208314,7415,70,120.0,120.0,0.0,1
awhvy6QeK_0,UC1dHu9GhbHH7RcHKyJdaOvA,2026-08-13 11:15:10,56966,304,136,120.0,120.0,0.0,0
awqLqbdllCw,UCuaizlkqA5hZ_Dt3kAQkW3g,2026-08-29 02:00:18,36934,114,81,119.76,120.01,0.01,0
ax3JIuTEo_0,UC_E_qYfGKM3C0kqrp1p8z7Q,2026-08-30 19:00:12,985,31,1,119.76,120.01,0.01,1
ax4TTjmhS6o,UCV7WE8I_UiAN0fa6Arezx_w,2026-08-02 04:00:12,33,2,0,120.0,120.0,0.0,0
axLgoXzWGq4,UCV6mNrW8CrmWtcxWfQXy11g,2026-08-25 02:00:31,428889,15568,113,120.0,120.0,0.0,1
axSQK5qjWAM,UCW_Ptq0v8ck67w9oKiwXz2g,2026-07-23 02:38:28,229,2,0,119.86,120.11,0.11,1
axYgQvbztc0,UCim7oePrB5hdfhcYwgUY6Jw,2026-08-08 13:00:11,12196,67,31,120.0,120.0,0.0,0
axiUrIkb5Jg,UCEebX3m88Arwc91LPmEmTYQ,2026-07-26 19:53:05,157470,10733,234,119.87,120.12,0.12,0
axp7eJn1ypQ,UC4VWaR3R17Ruc7j1Cy1-PKQ,2026-07-16 01:00:51,2781,29,22,119.99,120.24,0.01,0
axsltiNPBdk,UCD8r5Jgns2V64-NcUmXclpg,2026-08-07 03:15:29,69838,379,35,119.99,120.25,0.01,0
axuxGpofMAs,UCKttwyzsHvW7bCo7YfTacVQ,2026-08-18 17:20:03,2151,21,0,119.93,120.18,0.07,0
axw8j_GMgdw,UCV6mNrW8CrmWtcxWfQXy11g,2026-07-31 06:00:21,181985,7135,122,120.0,120.0,0.0,1
axzkPSRQd_Y,UCV7WE8I_UiAN0fa6Arezx_w,2026-08-25 01:00:18,32,0,0,119.75,120.01,0.01,0
ayJVW8CkDro,UCk1NTIlGP27bQEumkw6sDVA,2026-08-03 09:00:37,13142,126,10,119.99,120.24,0.01,0
ayPmmhOmKhQ,UC2NFRq9s2neD_Ml0tPhNC2Q,2026-08-17 02:30:12,72506,1473,67,120.0,120.0,0.0,1
ayXyoByDmUs,UCF-rFAdN7dzd-SI2T3rkCaQ,2026-08-13 07:30:39,19721,169,37,119.99,120.24,0.01,0
aybt8WItV7E,UC8aCmG_y4DqqVI9Xlcym1Jg,2026-07-31 19:30:33,661,50,0,119.99,120.24,0.01,0
aywSaeBadwU,UCUbOogiD-4PKDqaJfSOTC0g,2026-08-22 11:58:22,153893,603,210,119.79,120.04,0.04,0
ayxw5COXvj4,UCPv0av3PfTUeTnHGgcXkk8w,2026-08-08 00:00:17,8,1,0,120.0,120.0,0.0,0
az0qQQQGkiQ,UCw1DsweY9b2AKGjV4kGJP1A,2026-08-06 10:45:05,149124,366,60,120.0,120.0,0.0,1
azGMMcHObmM,UCPGl9DV2WUgaqGVXtVrhJWQ,2026-07-27 15:00:37,139,0,0,119.99,120.24,0.01,0
azQtUHF53Qg,UCXg-6b0X0sIMBDHhbyBuOQg,2026-07-26 11:00:00,2135,25,1,120.0,120.0,0.0,1
azYvUGBcTzw,UClFxbDnu3-z8B002ns6JnBQ,2026-08-21 21:00:05,0,0,0,119.76,120.01,0.01,1
azbdUb4oKT8,UCPGl9DV2WUgaqGVXtVrhJWQ,2026-08-18 02:14:27,18,0,0,119.76,120.01,0.01,0
azdH3r97u1A,UC-FiQR2gg8oiNw98ZdsSX6Q,2026-08-15 17:00:08,9476,54,3,120.0,120.0,0.0,0
azdWWfH5b-U,UCraf4ugZTyvFY6AJ0VjIxFA,2026-08-10 09:25:27,1979,,1,119.83,120.08,0.08,0
azhNWoYWtx0,UCYGF_xk5RDpltyZDSx040uw,2026-08-22 11:30:29,142254,1320,34,120.0,120.0,0.0,1
azkkkFtsQ7U,UC7hwQp3F6P_OwyRM14p88iQ,2026-08-25 15:30:07,33102,265,1,119.76,120.01,0.01,0
azlaSi7rqiU,UCrY2B2XX41ReYh9DIWrFfCg,2026-07-20 11:24:24,1732,,6,119.84,120.1,0.1,0
aznVLGQUsZc,UC9zmo9x1o7xAfgM1Fw3Dg4g,2026-08-05 08:00:03,6281,297,112,120.0,120.0,0.0,0
azofUvymt3Y,UCPGl9DV2WUgaqGVXtVrhJWQ,2026-07-20 15:00:23,3,0,0,119.99,120.24,0.01,0
azsnDKSfmfU,UCtKNP4UGUA1ybxJJcTC_GFA,2026-08-31 11:30:12,11075,10,5,119.76,120.01,0.01,0
azyeSgrJXfY,UCSh__r5HS4Y1xBkccWnV0TA,2026-08-12 17:39:11,280789,6200,147,119.85,120.1,0.1,0
b-17xGtagXI,UCK8iWEZupSV2pmDMxtwdAmA,2026-08-21 21:53:50,709,6,0,119.86,120.12,0.12,0
b-O6DdRF_3Y,UCmsXCfQoKp5DcW8J9dMWnNQ,2026-08-26 05:01:15,144835,774,74,119.99,120.24,0.01,0
b-Q48uCkQ6w,UCBtJuwDt6LlXp2YASC-ZMdA,2026-08-29 02:00:26,1120,7,0,120.0,120.0,0.0,1
b-U0CvNX3OQ,UCL_IvtOZo6sONpiydbzzHpA,2026-08-03 11:35:36,64707,901,106,119.91,120.16,0.09,0
b-rTdZUUqR0,UC5RxNUZ9_c94ZEfJGnJZmTw,2026-07-22 12:00:01,3058,124,47,119.75,120.01,0.01,0
b03GLEnPfx0,UCdK9h1ILxS49c2LguBUY3rw,2026-08-07 10:45:30,8,0,0,119.99,120.24,0.01,1
b0M8oL2qVc8,UCq0fwcojiA7ztN0FgTEgfXA,2026-08-21 05:56:58,118,1,0,119.81,120.07,0.07,0
b0pgPTHQgEU,UCdK9h1ILxS49c2LguBUY3rw,2026-07-24 10:45:35,110,1,2,119.99,120.24,0.01,1
b0rHROAwo_M,UCdK9h1ILxS49c2LguBUY3rw,2026-07-29 11:45:17,8,2,0,120.0,120.0,0.0,0
b1SlAx1s4EU,UCIvLQ5lZ2kebqnLaGv_FP4w,2026-08-30 18:45:27,6327,15,0,119.76,120.01,0.01,0
b1XJvpUxNL8,UCxPMcxq7WJ32M3lnFn58Cpg,2026-08-08 10:27:23,9620,31,6,119.8,120.05,0.05,1
b1tCSbq5v6o,UChHxLcNi7e0zu-e33HM6v6A,2026-08-22 10:00:14,11535,66,28,119.76,120.01,0.01,0
b23zqNQBDVM,UCd6CX2LiQE2dEAPXwk2N0jg,2026-07-29 11:30:09,85533,1098,322,120.0,120.0,0.0,0
b24kmoaa_W4,UCKVt3arMXfa6XZezR1UnjqQ,2026-07-12 03:00:26,5343,62,4,119.99,120.24,0.01,0
b2EyK-tRLWE,UCJmnOEp1-OITEU0mk4icM5A,2026-08-09 05:00:30,27436,427,116,119.99,120.24,0.01,1
b2FpcPNekM8,UC6fx3aU3i3C51oXwXm8idTQ,2026-08-19 08:43:11,0,0,0,119.79,120.04,0.04,0
b2KggVZkAEA,UC0aKwoKNeqBaUwiEXmkQaGQ,2026-08-09 10:30:31,71576,1300,262,119.99,120.24,0.01,0
b2M9stlnZZE,UCt15X5eHLwyP8PpNtQTkuDQ,2026-08-27 11:24:18,522092,1235,256,119.86,120.11,0.11,0
b2X10p0wX9E,UCS-X1uBDTNwAYyydiXjcX9A,2026-08-21 04:08:07,7459,82,15,119.88,120.13,0.12,0
b2XtKwSKZ3o,UCT807kAu6fmwES8B5698e2w,2026-08-11 09:00:25,27909,2160,66,120.0,120.0,0.0,1
b2a1m-d5Db8,UClHTjLVog7CkRF8tYJuNXXQ,2026-07-23 12:53:08,269,11,1,119.87,120.12,0.12,0
b2aGEftzmIM,UC60HSePkZwGFzRj6VSDa6Ew,2026-08-26 20:42:34,9859,142,7,119.8,120.05,0.05,0
b2bFo00ZkFU,UCqI5lyTpC79pOy2D-VXAMdA,2026-07-25 14:45:30,71114,468,211,119.99,120.24,0.01,0
b2mOTFCaGXg,UCuWDza8A_ntbjwBZgW0ZSNw,2026-08-29 05:00:12,74418,742,3,119.76,120.02,0.02,1
b2oFjK8I7_I,UCKttwyzsHvW7bCo7YfTacVQ,2026-08-05 18:16:55,2487,26,2,119.97,120.22,0.03,0
b2pXlBhTwv4,UCdb5lyq0tWbY3jqH35SufmA,2026-08-25 22:30:38,21763,161,14,120.0,120.0,0.0,1
b2sWf0XdzXg,UCE8JC9RAVSudDT_8Ji1fuPQ,2026-08-06 08:45:39,119505,1812,115,119.99,120.24,0.01,0
b2vUNVgZT9k,UCdK9h1ILxS49c2LguBUY3rw,2026-08-16 12:10:14,59,4,0,119.83,120.08,0.08,0
b3TRMG71rNc,UCPGl9DV2WUgaqGVXtVrhJWQ,2026-07-19 15:00:18,5,0,0,120.0,120.0,0.0,0
b3kAXDGlFME,UCwBkHOTyu57NQi0syf5MLig,2026-07-23 02:00:36,54223,231,16,120.0,120.0,0.0,1
b3mKVjLxjbE,UCqFmG6ofirSWvI9B8mwzvyA,2026-08-28 11:00:03,5235,17,3,119.76,120.01,0.01,0
b3tyO2ipU4o,UCAl4HWznMn7KhKBRFO5eiFA,2026-07-25 14:39:28,25712,182,9,119.84,120.09,0.09,0
b464-PkXJFQ,UCPGl9DV2WUgaqGVXtVrhJWQ,2026-08-09 12:55:46,9,0,1,119.82,120.07,0.07,0
b4P9MWmul-s,UC8E29ANOC3_OuB7_5EPY2xw,2026-08-25 14:37:39,1288,3,2,119.88,120.13,0.12,1
XWv2DM3xGr8,UC3kVT7zilzGf_7fIEkc4dDA,2026-07-29 14:19:59,29380,847,113,119.92,120.17,0.08,0
XWwvLrLo8Pw,UCp_jHNjcoiXC7SlElrBmzBA,2026-08-14 03:15:34,5961,332,27,119.99,120.24,0.01,0
XXBTvo1wT_U,UCPuD5ZRQWa_JCaY5NokNhtg,2026-08-22 09:51:29,2884,17,16,119.9,120.15,0.1,0
XXR0SSbWKlg,UCnCH3Uhv_ynhTNKEH6ekRtg,2026-07-12 05:06:14,12688,170,34,119.9,120.15,0.1,0
XXmMvw0ZSmc,UCRq3CDTZ2qe3HiHrZdQKBvQ,2026-08-22 09:24:44,1249,7,3,119.85,120.1,0.1,1
XXnuPAhiMNE,UCT-UsvGz4gm7lezXvCEex9A,2026-08-10 08:00:22,164,20,8,120.0,120.0,0.0,0
XXoGKhwQSqM,UCYooECrv-fIXlPaDwEIaveA,2026-08-31 09:00:27,72091,1390,10,120.0,120.0,0.0,1
XXuxwZ9VJzA,UCN5oT4zGJX-_H6pE5isAEeg,2026-08-09 03:00:00,712418,8656,391,120.0,120.0,0.0,1
XXyynGzB6qs,UCZaNYFjF_SRRJPVuGX7yMjQ,2026-08-26 11:55:47,631,5,0,119.83,120.09,0.09,0
XYCGs7jeUdI,UC-FiQR2gg8oiNw98ZdsSX6Q,2026-08-18 11:45:37,1885,7,0,120.0,120.0,0.0,0
XYNshQ27Wzs,UCt8CJiye87FMbEwt0npPMuQ,2026-08-26 17:33:13,14700,363,31,119.96,120.21,0.04,1
XY_DzABrxbc,UCwBkHOTyu57NQi0syf5MLig,2026-07-28 08:00:05,104898,783,80,120.0,120.0,0.0,1
XYbfYO5XP6Y,UCPGl9DV2WUgaqGVXtVrhJWQ,2026-08-05 02:09:57,6,1,0,119.84,120.09,0.09,0
XZ2-o5xivEU,UCPGl9DV2WUgaqGVXtVrhJWQ,2026-08-25 15:00:06,8,0,0,119.76,120.01,0.01,0
XZ4nmhsFK_8,UCAl4HWznMn7KhKBRFO5eiFA,2026-08-13 13:07:14,20697,62,2,119.88,120.13,0.12,1
XZ5Rg25QGNQ,UCOTJtP0Z9DjpPU43B5m1V6A,2026-07-27 05:22:02,183590,1685,53,119.89,120.14,0.11,0
XZ6FToIyRJQ,UCO8ToDSM2Gvt3EZdOdosxTw,2026-08-13 14:05:07,26839,515,44,119.92,120.17,0.08,1
XZAtc0Wy6W8,UC5bjQxLK_3XVzIOTQ04sYeg,2026-08-12 15:14:00,343,7,0,119.77,120.02,0.02,0
XZNhPG811o0,UCN5oT4zGJX-_H6pE5isAEeg,2026-08-03 22:00:04,196056,4553,383,120.0,120.0,0.0,1
XZ_wYRELqyI,UCBo7GIv99qTzHaa6ip09YLA,2026-08-20 08:00:12,8629,26,7,120.0,120.0,0.0,0
XZnvn8uR6dA,UC_9W6Z5Y3lDpLk47Y_y5ITQ,2026-08-30 19:20:22,77575,390,65,119.92,120.17,0.08,0
XZuzmxoP1Js,UCwBkHOTyu57NQi0syf5MLig,2026-08-23 00:00:10,133960,566,39,119.76,120.01,0.01,0
X_8LuOgyR4s,UCt8CJiye87FMbEwt0npPMuQ,2026-07-22 13:30:31,3394,113,8,119.99,120.24,0.01,1
X_DIDWW6XJw,UC9nWoDbRAl3-fvreBNeStKQ,2026-08-09 19:15:43,3838,23,0,119.99,120.24,0.01,0
X_K0tmj2wQU,UCz4b1O9sT73P8DWwx6OvQwg,2026-08-18 09:00:28,41611,749,84,120.0,120.0,0.0,0
X_Y109nnC8s,UCv1tOT645xHOJrwdGlzjMaA,2026-08-14 12:57:34,12738,92,22,119.79,120.04,0.04,0
X_agmEXYR9Y,UCXtU-C_e2iBzPSq9oLXtbVw,2026-08-06 23:15:05,72,3,1,120.0,120.0,0.0,0
X_z8bhJytRA,UCqlcSsDNMYxEsem7bWY-66Q,2026-07-25 09:03:15,11680,276,57,119.95,120.2,0.05,0
Xa1ea8y0O9M,UCpX86JOUhnrzG7MK8e8Gjbw,2026-07-16 04:51:13,30804,174,170,119.9,120.15,0.1,0
XaCGYOzLWmY,UCah0w9n_eAyjUBG7eHbj8vw,2026-07-31 02:41:04,347276,3012,739,119.82,120.07,0.07,0
XaHQWw0OkJ0,UCRpdlPk671uOMiBtf5HtB3Q,2026-07-18 09:56:01,22317,190,69,119.82,120.07,0.07,0
XaJyB7qvBJQ,UCi1Tln5CFg1yExpz8djyxjA,2026-08-17 18:27:35,1046642,31810,93,119.79,120.04,0.04,1
XaOn9S44nW0,UC9vI-9WYQLXKI6n9XdXXo3g,2026-08-11 23:27:45,561,4,0,119.79,120.04,0.04,0
XajQOFyfFQg,UCtRiSpvkhtRXaSjVjEB9LKg,2026-07-26 03:00:26,7675,94,37,120.0,120.0,0.0,0
XaltIA7tEZU,UC9nWoDbRAl3-fvreBNeStKQ,2026-08-02 08:49:40,2003,19,0,119.92,120.17,0.08,0
Xb25MgNKKx4,UCrY2B2XX41ReYh9DIWrFfCg,2026-08-27 10:58:12,3244,,2,119.79,120.04,0.04,0
XbKkrnmQ96M,UCV6mNrW8CrmWtcxWfQXy11g,2026-08-28 17:00:35,799623,23735,325,120.0,120.0,0.0,1
XbbHz0yNfWA,UCyU5JQ8KVRD9jE4E_xLsHxw,2026-08-03 09:00:11,14,1,1,120.0,120.0,0.0,0
XblOu9jpvvY,UCJDXc9JWCZo-nLNKr_-L2Ng,2026-08-14 15:48:58,2966,149,4,119.94,120.19,0.06,0
XbmjcWOxTpo,UCi_lv3g-CPdKF6nd68lvN3A,2026-08-07 07:03:10,319,3,0,119.95,120.2,0.05,0
XbrlS5-u990,UCop7QCLcdzTpcYZzMu1mFAg,2026-08-18 10:26:50,14131,109,28,119.81,120.06,0.06,0
XbvmBYw3fMc,UCRpdlPk671uOMiBtf5HtB3Q,2026-07-29 09:54:00,26950,251,97,119.85,120.1,0.1,0
XciKD6K3CuA,UC5Yx9RlmznXDUEIrfoSqheA,2026-08-14 05:05:23,72,5,2,119.91,120.16,0.09,0
XcqOIyXuyNM,UCdXpKf3aIenvWkMbF3EvcQg,2026-08-08 09:00:19,1232,26,23,120.0,120.0,0.0,0
XcxrGXFLiZw,UCp6n8d8Y8r3MwKNw_MMaouQ,2026-08-18 13:20:40,0,9,0,119.92,120.17,0.08,0
XdPRXcZPtBE,UC1Il94cQwl93Zun8ax1Qjlw,2026-08-19 18:38:54,288,7,0,119.86,120.11,0.11,0
XdYaM68cM4w,UCw1DsweY9b2AKGjV4kGJP1A,2026-08-08 10:02:06,13385,55,9,119.97,120.22,0.03,0
XdbQkZVDXGM,UC5T_FfQwgy56XP0aEVHYULQ,2026-08-03 08:00:12,16362,216,12,120.0,120.0,0.0,0
Xdmt8FpVEsw,UCKVt3arMXfa6XZezR1UnjqQ,2026-08-12 22:00:25,6267,61,8,120.0,120.0,0.0,0
XdqRJrVXkPg,UCl-VnCUwSxDr5zPu-YlDUYw,2026-07-27 09:15:21,6644,123,36,120.0,120.0,0.0,0
XdxgoUuMIag,UC_EEqHc75kYwzrN7L8T2Bfg,2026-08-14 00:00:36,595,33,8,119.99,120.24,0.01,0
XeCJ3sUQepw,UCkcaRxpTcisadUeCbHOYTFw,2026-07-27 09:00:26,7419,109,18,120.0,120.0,0.0,0
XeItMqjrWAs,UCQyZh4b4TLaSVldnDWnh7fA,2026-07-26 05:30:31,1,0,0,119.99,120.24,0.01,0
XeLt1Ha_HmQ,UC141BuVRzSSXJX33Am9yxEA,2026-07-24 09:00:29,30955,635,134,119.99,120.24,0.01,0
XePq85NgbMA,UC60HSePkZwGFzRj6VSDa6Ew,2026-08-24 08:33:27,4823,181,395,119.95,120.2,0.05,0
XebF9T6glcg,UCs-JvUOu6kEEO0BcTFhUErw,2026-08-23 06:08:50,96,,3,119.87,120.12,0.12,0
XellGzDGW3s,UCp6n8d8Y8r3MwKNw_MMaouQ,2026-08-08 19:17:56,33100,629,21,119.95,120.2,0.05,1
XeoZr4Eajsw,UCXqP0RsJo6-y-MrKz6k8H-g,2026-08-28 08:57:27,9496,40,6,119.8,120.06,0.06,0
XewXiaRwr8U,UC5pdoCANExIVI4yf6DVoxew,2026-08-04 17:56:19,239,5,0,119.81,120.06,0.06,0
XewjyeZYo5s,UCU0-6z_KU9AShyR9J6gcFGw,2026-07-30 16:01:23,455,6,0,119.98,120.23,0.02,0
XeykDyG9Tco,UCS3_H_feQRm4QbXipKTvSrw,2026-08-26 14:00:29,80733,709,68,120.0,120.0,0.0,0
XezWqg4BA7k,UCby0vMKcLR05ZdS90aZd5og,2026-07-14 02:51:04,7848,12,0,119.9,120.15,0.1,1
XfFVtK2-r7I,UCFCt5RYu41HTg4eX1jdHNxw,2026-08-05 23:43:22,806,17,0,119.78,120.03,0.03,0
XfKeGWXLfec,UCr4WCOxirRA-BzVu-MH_WqQ,2026-08-09 04:58:46,4033,35,5,119.77,120.02,0.02,1
XfR_ZJB0Ink,UCwBkHOTyu57NQi0syf5MLig,2026-08-21 20:00:19,6099,34,12,119.76,120.01,0.01,0
XfUPVlIosFc,UCV6mNrW8CrmWtcxWfQXy11g,2026-08-04 12:00:11,97169,4310,238,120.0,120.0,0.0,0
XfUSua6LILY,UCcJliZnsRbNw4I4uWSGq_wA,2026-08-08 18:06:19,737,3,0,119.9,120.15,0.1,0
Xfb6Uilr8s8,UCqIwPYLfMd3EoWYwvyTjPnA,2026-08-14 03:00:38,19336,176,27,119.99,120.24,0.01,0
XfbalnAFgzQ,UCby0vMKcLR05ZdS90aZd5og,2026-08-23 17:59:39,1285,9,1,119.77,120.02,0.02,0
Xfcok92aYvo,UCt8CJiye87FMbEwt0npPMuQ,2026-07-10 14:02:07,2466,79,8,119.97,120.22,0.03,0
XfgWPqGOIxc,UCV7WE8I_UiAN0fa6Arezx_w,2026-08-23 12:00:01,37,0,0,119.76,120.01,0.01,0
XfieNTANbLA,UCyaMGpNb-UiLHMY833ai7IQ,2026-08-02 08:40:03,1772,3,0,119.84,120.09,0.09,1
Xfke1vwwvIw,UCOTJtP0Z9DjpPU43B5m1V6A,2026-08-23 09:30:28,94032,994,72,120.0,120.0,0.0,0
XfoyKwBHZcg,UCXYNuWjnQRSAXCGl9gv8Ncw,2026-08-31 16:43:44,97097,1449,19,119.78,120.03,0.03,0
XfruhBEFG6A,UC2t5bjwHdUX4vM2g8TRDq5g,2026-08-06 16:00:31,92607,1298,31,119.99,120.24,0.01,1
XfxxReJTAdA,UCvfEv6nBnL0QlKqyGmL0orQ,2026-07-25 12:52:36,8537,42,24,119.88,120.13,0.12,0
Xg0yVXOp1nc,UC08-hQbwh7eyr8PlaYG2-sQ,2026-07-24 10:00:07,16882,235,147,120.0,120.0,0.0,0
XgCQ7Q_NM6w,UCtVBI7YLJyDvrx7iWAukx_Q,2026-07-26 01:00:06,27101,625,143,120.0,120.0,0.0,0
XgCQchqAndc,UClHTjLVog7CkRF8tYJuNXXQ,2026-08-13 16:37:13,310,14,0,119.88,120.13,0.12,0
XgCjXA0uLB0,UCv1tOT645xHOJrwdGlzjMaA,2026-08-13 13:18:50,21572,164,68,119.94,120.19,0.06,0
XgSaZii_DPk,UCaova9Q4UZLPqFnSvq8VxzA,2026-08-12 04:00:26,20116,138,157,120.0,120.0,0.0,0
V2x34pin0Qw,UC-FiQR2gg8oiNw98ZdsSX6Q,2026-08-16 22:00:27,1094,1,0,120.0,120.0,0.0,0
V2yc_ao51Ks,UCqVkQsNin4MdGFrWvzFVOKw,2026-08-04 03:00:31,3198,95,3,120.0,120.0,0.0,0
V3-q1SvUC0I,UCp6n8d8Y8r3MwKNw_MMaouQ,2026-08-06 21:32:48,4238,66,10,119.96,120.21,0.04,0
V35QgV6QFLs,UCFCt5RYu41HTg4eX1jdHNxw,2026-08-28 01:43:49,58598,99,1,119.78,120.03,0.03,0
V3AfvCFqgHQ,UC8x8GQmlxAIhHxzU61z0uLQ,2026-08-23 14:00:35,6220,56,22,120.0,120.0,0.0,0
V3EpBBd5m8s,UCifCesg-EUkjKyQedaB3hRg,2026-08-12 19:24:05,18223,716,42,119.85,120.1,0.1,0
V3YPnCDLL1c,UCV7WE8I_UiAN0fa6Arezx_w,2026-08-26 03:00:26,299,0,0,120.0,120.0,0.0,0
V3ifaDbMigc,UCn3lLusvOTVdtxZi0EHlSTw,2026-07-23 02:13:49,399,9,0,119.78,120.03,0.03,0
V3w2OMaOLcg,UCUt2AEhC-OOC2EPCzj4DkCw,2026-08-25 08:00:24,11582,398,18,119.75,120.01,0.01,1
V3zCDnpMII4,UC9JlObZnbOirT4_iyPGrdcw,2026-08-25 14:00:31,32849,156,24,119.75,120.01,0.01,0
V48Pt-zOm24,UCJDXc9JWCZo-nLNKr_-L2Ng,2026-08-21 14:00:30,1291,71,1,120.0,120.0,0.0,0
V4H85PeyssQ,UCV6mNrW8CrmWtcxWfQXy11g,2026-08-17 11:58:31,89818,4367,120,119.78,120.03,0.03,0
V4I3OsleaXI,UC5ThQKdocwo_9UurfT5P_ww,2026-08-09 05:27:05,282584,3397,82,119.8,120.05,0.05,1
V4QtY-M5WDE,UCgvtwZJPhSfbKOxh3EoVXng,2026-07-25 09:33:49,6,0,0,119.94,120.19,0.06,0
V4VVlMMeRhg,UCnkytUgy0CtWd06up9CjNxg,2026-08-04 11:00:33,392892,8790,456,119.99,120.24,0.01,0
V4VwxNmMx0I,UCooLkG0FfrkPBQsSuC95L6w,2026-07-30 17:00:32,4623,55,11,119.99,120.24,0.01,0
V4mgFJJN9yQ,UC6oq8RPEH1BmtyldQgXVbJw,2026-08-13 07:06:03,11847,115,39,119.9,120.15,0.1,1
V4orMDrzgJY,UCkrNv6xF8j7QZmWb3UeAH8A,2026-08-27 23:28:27,11637,28,47,119.79,120.04,0.04,0
V4sQvSFN6ks,UCk3w4CQ_SlLH4V0-V6WjFZg,2026-08-15 15:50:46,64710,3496,251,119.91,120.16,0.09,0
V5DluDyfmU4,UC-yb5eNBQyXBE9nZnht9u-g,2026-08-21 07:00:17,2878,200,13,119.76,120.01,0.01,1
V5M1UK7Bau0,UCQJuZxeDv2P05YHcC-tIEVQ,2026-08-13 01:00:07,51228,1180,44,120.0,120.0,0.0,1
V5MI2FNi8o4,UCAl4HWznMn7KhKBRFO5eiFA,2026-08-16 05:57:10,31642,199,13,119.8,120.05,0.05,0
V5WhMHFx7ro,UC8Xz3BKjDvQk7lKhH7Hi9nA,2026-08-12 01:22:10,5991,27,38,119.88,120.13,0.12,1
V5Z3xRex8ws,UCI3DTtB-a3fJPjKtQ5kYHfA,2026-08-28 01:09:45,3234,4,0,119.85,120.1,0.1,0
V5mykXJ3ku0,UC9otskL_kd-0CDib_5Lj-mQ,2026-07-30 03:00:13,81256,124,44,120.0,120.0,0.0,0
V5xffmupjYs,UCGa52d8Qlv3THghuCAt_nXA,2026-07-19 08:30:21,5904,64,16,120.0,120.0,0.0,0
V66nFwcD84A,UCkrJBQAut47U8xMUuv8D_3g,2026-08-04 08:21:59,47989,836,20,119.89,120.14,0.11,1
V6AAuHLSJi8,UCOTJtP0Z9DjpPU43B5m1V6A,2026-08-26 05:40:11,329735,1832,57,119.84,120.09,0.09,1
V6ALtpKVk2I,UCK1aVlIbEBrdhv-gbSgGIkQ,2026-08-20 13:30:36,617,18,8,120.0,120.0,0.0,0
V6D6gstrunw,UCw1DsweY9b2AKGjV4kGJP1A,2026-08-13 04:00:31,29470,348,11,119.99,120.24,0.01,0
V6Jy1X_D3fw,UCaMV-CjrWYh2Aefg_8iLwJQ,2026-08-22 10:30:21,50127,344,55,119.76,120.01,0.01,0
V6O0_VpkgXM,UC8aCmG_y4DqqVI9Xlcym1Jg,2026-08-09 21:30:10,765,37,0,120.0,120.0,0.0,0
V6WVcKR9GSg,UC5bjQxLK_3XVzIOTQ04sYeg,2026-08-03 23:35:10,2856,83,8,119.92,120.17,0.08,0
V6aGpKThAiY,UCNOj6xtKWCtPbjJV8XPlbLg,2026-08-27 13:57:16,32546,52,19,119.81,120.06,0.06,0
V6bYhx-6Cok,UCgLFbrC7-g0ihBKB0obVPTg,2026-08-07 15:58:42,141,1,1,119.77,120.02,0.02,0
V6t05BKMkAg,UCpCBP5cVIBvezPI1LKFMYjA,2026-08-22 17:06:08,113466,2084,81,119.91,120.16,0.09,0
V7Kaf56V5sI,UCd9oeoY-jLSkhd-J5y_1aYg,2026-08-20 08:41:56,739,9,0,119.81,120.06,0.06,0
V7MhVPbO6ME,UCbItyvYa6cqvqtwlU2E9-wA,2026-08-06 15:58:52,9984,523,41,119.77,120.02,0.02,0
V7Wg8pDhX1o,UCZ_xE8U6MVnpwefrYvl2uvA,2026-08-20 03:00:03,1267,2,0,119.75,120.01,0.01,1
V7Wo_ZwJ_DM,UCuaizlkqA5hZ_Dt3kAQkW3g,2026-08-15 09:16:43,7282,66,19,119.98,120.23,0.02,0
V7_N65b93a4,UCcum1rCJ5GJeQ_xv0xrohqg,2026-08-17 10:00:32,14630,773,34,119.99,120.24,0.01,1
V7b0VPT7Tzw,UCw1DsweY9b2AKGjV4kGJP1A,2026-08-16 07:45:08,317934,1059,87,120.0,120.0,0.0,1
V7dmd7164pA,UCZ49HaU_D0Tlf1aDA2jU_Vg,2026-08-02 17:02:49,60965,432,141,119.96,120.2,0.04,0
V7gDGILpL-k,UCE-6-bWkikwoP4_ooZNep3g,2026-08-15 01:59:17,16834,561,22,119.77,120.01,0.01,1
V86xIGfo0H0,UCtt0Hg9MhraTkzWwNQpplHg,2026-07-13 09:00:18,75277,860,526,120.0,120.0,0.0,0
V8HEBX7RVtI,UCPGl9DV2WUgaqGVXtVrhJWQ,2026-07-24 15:00:13,13,2,0,120.0,120.0,0.0,0
V93MHT37UAA,UCDnIK80iouL_rb_J6GybOlg,2026-08-11 03:31:18,3,0,,119.98,120.23,0.02,0
V96dSWh_xfU,UC-yb5eNBQyXBE9nZnht9u-g,2026-08-27 15:29:33,7229,379,16,119.77,120.02,0.02,0
V99Lw2nIRZo,UC9nWoDbRAl3-fvreBNeStKQ,2026-07-22 15:06:36,5395,29,0,119.89,120.14,0.11,0
V9FCA5sXDcI,UCPsZX-D7LW99PjZLA-UysPQ,2026-08-25 00:00:36,1571,18,8,120.0,120.0,0.0,0
V9Gu04ROCx8,UCrR_fhiJjoW8OJFzUcmlMMA,2026-07-29 07:00:20,11657,99,9,120.0,120.0,0.0,0
V9I4aqJg_qI,UCHeg3ApmuXQbqqszaD1fR9g,2026-07-30 02:00:05,23326,279,13,120.0,120.0,0.0,1
V9U5JnJOLf0,UC9qwDE50UcXvdplRNZKEoPA,2026-08-13 15:54:46,3156,69,16,119.84,120.09,0.09,0
V9gkxrPBy0k,UCnCFD3met1Ip7OngdF9TRDg,2026-08-21 10:15:46,6792,194,46,120.0,120.0,0.0,0
V9uUv7jQsag,UCz5LAkkX66OAW-y_WiWf9vA,2026-07-24 07:34:47,49,0,0,119.92,120.17,0.08,0
V9wCUTsbZbY,UCwBkHOTyu57NQi0syf5MLig,2026-08-27 14:33:51,71399,226,36,119.95,120.2,0.05,0
VA32u2qkGtI,UCN8YcyYvYIrtLcwyT-KqbNg,2026-08-17 03:00:35,41273,176,105,119.99,120.24,0.01,0
VA4th8wMhGk,UCHJv9xBR9lkzGSIepie-T_A,2026-08-24 21:30:00,2490,28,0,119.76,120.01,0.01,0
VA8gat997uw,UCV7WE8I_UiAN0fa6Arezx_w,2026-07-29 02:00:18,139,1,0,120.0,120.0,0.0,0
VAJ0lui1a8k,UCdK9h1ILxS49c2LguBUY3rw,2026-07-23 11:15:23,2,0,0,120.0,120.0,0.0,0
VAc9cuAHTc4,UCnCFD3met1Ip7OngdF9TRDg,2026-07-25 04:49:07,10014,139,19,119.94,120.19,0.06,0
VAjfTVIokYk,UCqIwPYLfMd3EoWYwvyTjPnA,2026-07-12 23:00:11,13033,97,15,120.0,120.0,0.0,0
VB2fvybZGhM,UC1Ns07Rw0lQK-KuaPHfRRTw,2026-07-31 00:48:31,18,0,0,119.94,120.19,0.06,0
VB5w55VB-lw,UC8x8GQmlxAIhHxzU61z0uLQ,2026-07-25 14:00:15,9988,80,31,120.0,120.0,0.0,0
VBEAbvW1sTU,UCYJDUekoQz0-bo8al1diLWQ,2026-08-07 03:04:07,370623,8678,131,119.94,120.18,0.06,1
VBQA7-bktdA,UC3_QWAvQRhPW4CDoQU8acKw,2026-08-15 03:16:31,98945,1055,114,119.98,120.23,0.02,0
VBRBX5-ZTd0,UC9vI-9WYQLXKI6n9XdXXo3g,2026-08-13 03:00:37,16123,129,67,119.99,120.24,0.01,0
VBVKN3tEN2E,UCtLWxhEMKOio-GzdVJ1CVhg,2026-08-26 10:46:01,1418,21,8,119.99,120.24,0.01,0
VBjTpfGoB_U,UCXVVG5ZM3SJJCh94xatR8Dg,2026-08-28 03:00:25,616,8,3,120.0,120.0,0.0,1
VBjj2NMM9tI,UCYGF_xk5RDpltyZDSx040uw,2026-08-12 10:59:30,59671,647,26,119.76,120.01,0.01,1
VBp6A1ve8pc,UCU0-6z_KU9AShyR9J6gcFGw,2026-08-07 00:24:16,471,2,0,119.85,120.1,0.1,0
VBrOYlcCv4Q,UCBidluUUxzT_5jVOI_2x2MQ,2026-08-28 08:00:07,222,5,0,119.76,120.01,0.01,0
VBuQNMJi8Y8,UC24GgPBq5W3v34z0p0uk1Ow,2026-07-22 15:21:07,820,3,0,119.9,120.15,0.1,0
VBwSSr5qrYU,UCZRH94I89Ps7giJYeK6DlWA,2026-07-12 03:00:35,48256,584,52,119.99,120.24,0.01,0
VByuLjagBRk,UCyz5WVrb-cz3myY04x_kVYw,2026-08-30 14:13:11,2851,6,0,119.79,120.04,0.04,0
VC0lE4zyi14,UCPI40-XQA9-GBGj2k8PPqfg,2026-07-16 08:45:48,24917,508,43,119.99,120.24,0.01,0
VC8-3zSA3xU,UC8chC5rneP-LHm43q-jF3oQ,2026-08-02 12:09:41,1232480,13333,211,119.84,120.09,0.09,1
VCG5YR9lMfo,UC78d2aaqdrt02RfmtRLmlAw,2026-08-13 16:00:32,13453,272,70,119.99,120.24,0.01,0
VCMNYGyg5MY,UCVipGmBXqbYKNODNzVCN86w,2026-08-30 23:25:26,26218,524,32,119.84,120.09,0.09,1
VCTQ2sru3VE,UCSzHok6X5qXEO7cjvVnE62g,2026-07-30 08:00:35,41021,191,30,119.99,120.24,0.01,0
VCYyZwkKp4c,UCPuD5ZRQWa_JCaY5NokNhtg,2026-07-29 16:17:10,719,14,5,119.97,120.22,0.03,0
ZPwSFkYGkdQ,UCdK9h1ILxS49c2LguBUY3rw,2026-08-25 11:45:40,9,2,0,120.0,120.0,0.0,0
ZQ90Jo4KvEY,UCzDmGDR5RdahQkLCBoWlTEg,2026-08-07 09:10:33,15493,129,2,119.83,120.08,0.08,1
ZQGVC4bs6A0,UCEuP8zMn3ln3ZqJa85dp9JQ,2026-08-12 08:45:31,3106,87,16,119.99,120.25,0.01,0
ZQON3FLnfqQ,UCifCesg-EUkjKyQedaB3hRg,2026-07-25 01:42:00,31490,979,6,119.8,120.05,0.05,1
ZQQMos9TpeI,UCamHctB9_ZaFO9vZElnl_Yw,2026-08-07 08:00:25,8582,250,51,120.0,120.0,0.0,0
ZQX49wxYe1k,UCOKQpmfKrtu7Nu719CVSw1A,2026-08-27 03:04:57,1963,52,10,119.93,120.18,0.07,0
ZQcTj2YNLRc,UCpTNtH8yc1Kdl_YFfsQsTYA,2026-07-31 09:00:38,7634,50,6,119.99,120.24,0.01,1
ZQdSEKA9v-I,UCSrQnB-Ip9hc0biFQ3HoKzg,2026-08-26 11:43:03,5236,402,32,119.79,120.04,0.04,0
ZQyjO1QiC7M,UChLqHuZV0PENIBYxDgXyPLQ,2026-08-24 12:21:28,26240,566,44,119.9,120.15,0.1,1
ZRHcz6ugVEE,UCxe_WKNMrOgvNtgz02oLTjQ,2026-08-18 09:15:30,1852,17,1,120.0,120.0,0.0,1
ZRILDAECMDU,UC9nWoDbRAl3-fvreBNeStKQ,2026-08-27 16:35:07,15137,42,1,119.93,120.18,0.07,0
ZRMgGZEQymc,UCrKSaegnzewdj9-YLsUhoZw,2026-08-13 00:43:58,7500,51,16,119.77,120.02,0.02,0
ZRXJZdlgDL0,UCifCesg-EUkjKyQedaB3hRg,2026-08-24 04:05:33,17270,367,8,119.92,120.17,0.08,1
ZRbmXojjvx4,UC6JTm9ObvQFuTEOxOsbmYwA,2026-08-24 09:31:19,34932,731,47,119.99,120.24,0.01,0
ZRrIa-orn50,UCz4b1O9sT73P8DWwx6OvQwg,2026-08-18 23:00:27,39164,572,7,120.0,120.0,0.0,1
ZRwW_bz10PA,UCdoTrHNHnoRbaQenxK5PEUg,2026-08-03 13:51:39,152,0,0,119.89,120.14,0.11,0
ZRzcoH8dnjc,UCElXDMEQqlUnuyDbChjARWQ,2026-08-17 11:52:37,335,0,0,119.88,120.13,0.12,0
ZS-0L6nC3so,UCYS2NvZlSjrxZfnn1v7b3QQ,2026-08-12 16:00:32,1,0,0,119.99,120.24,0.01,0
ZS0WY8i9HCw,UCab17MxxnFtAhGsJVTkSkCg,2026-08-06 08:25:59,902,27,7,119.82,120.07,0.07,0
ZSIVrQh5tIY,UCby0vMKcLR05ZdS90aZd5og,2026-07-13 08:46:15,2559,2,2,119.98,120.23,0.02,1
ZSeEduLQ6hA,UC141BuVRzSSXJX33Am9yxEA,2026-08-27 08:00:21,150390,1428,535,119.76,120.01,0.01,0
ZSs---XLKBI,UCei_ecYpQqFjYhjLaDPr2Lw,2026-08-02 00:05:04,102,1,0,119.92,120.17,0.08,0
ZSxToKVpOho,UCZ6mNZTiTUrUSbSYPlclI4A,2026-07-25 06:00:33,11125,182,13,119.99,120.24,0.01,1
ZSziqKlwXnk,UCI3DTtB-a3fJPjKtQ5kYHfA,2026-08-28 01:21:08,3578,2,0,119.91,120.16,0.09,0
ZTDBwiTfxik,UCgLFbrC7-g0ihBKB0obVPTg,2026-07-29 13:52:32,81,1,0,119.88,120.13,0.12,0
ZTG_o8I5XeM,UC-FiQR2gg8oiNw98ZdsSX6Q,2026-08-18 15:00:05,1258,4,0,119.76,120.01,0.01,0
ZTQFUngqXwE,UCoH2pCzAr6zWDG-LtUiLWRw,2026-07-21 22:00:27,71502,612,112,119.99,120.24,0.01,0
ZTTvQLgjYoI,UCBtJuwDt6LlXp2YASC-ZMdA,2026-08-29 09:00:35,1917,9,1,119.76,120.01,0.01,0
ZTY4ux5KIzs,UC5ThQKdocwo_9UurfT5P_ww,2026-08-07 02:30:27,501115,6870,175,120.0,120.0,0.0,1
ZTYZW9Z0yHs,UCBtJuwDt6LlXp2YASC-ZMdA,2026-07-26 15:51:16,516,14,4,119.9,120.15,0.1,0
ZTe1ujCAk64,UClFSQxcVutJFEI9nCAOOkgQ,2026-08-13 03:00:21,1397,,14,120.0,120.0,0.0,1
ZTs9XlHT8Jc,UCJN5mgLqkPCTVC5v-12gKjQ,2026-07-19 03:00:30,5385,193,5,119.99,120.24,0.01,1
ZU2buJId7_4,UCvAetSOU_4lyjM5hVMNzN0Q,2026-08-24 16:40:26,59162,737,43,119.84,120.09,0.09,1
ZU7SCoehOkM,UCb3wpKfVlnPx2bym2Tivbzw,2026-08-10 16:17:29,5895,86,35,119.96,120.21,0.04,0
ZUBXV624HrA,UCAAtd2dSVf8urfwovnEIYaw,2026-07-30 21:35:41,1421,2,0,119.91,120.16,0.09,1
ZUKifxTl2mw,UC4P7F8qenDo1O_5NvgBb_cg,2026-08-31 02:30:10,202932,829,57,119.76,120.01,0.01,0
ZUeR8Waey_I,UCPsZX-D7LW99PjZLA-UysPQ,2026-07-23 06:00:10,343,4,2,120.0,120.0,0.0,0
ZUi1xgBKDPE,UC027x98NgUBw9K4aPT8k0mg,2026-08-28 12:00:28,340936,1635,197,120.0,120.0,0.0,0
ZUz89q8sdS4,UCw1DsweY9b2AKGjV4kGJP1A,2026-08-07 07:50:06,562208,1975,52,119.92,120.17,0.08,1
ZVBwpzP3H5w,UCTUnpbuKoOODvhLhCO_kO_A,2026-08-14 06:00:29,7382,31,4,120.0,120.0,0.0,1
ZVGNy3iepkI,UCqPN9LAkx20aBWOafwvQB-Q,2026-07-25 23:00:28,60659,2719,185,120.0,120.0,0.0,0
ZVGVdfW9pcw,UCkavlo6q2XfO_MA9Q24wRvw,2026-08-21 08:00:19,949,6,1,119.76,120.01,0.01,0
ZVPhsYwdBrM,UCeG0ONJtjwE20ThR5iSYdsA,2026-07-30 07:00:06,46082,530,109,120.0,120.0,0.0,0
ZVZaoojfQhM,UCdoTrHNHnoRbaQenxK5PEUg,2026-08-11 14:48:27,104,1,0,119.95,120.2,0.05,0
ZV_YqiX3bpU,UC9DNu8JRIcE-rpo9eBx1ffw,2026-08-16 11:05:14,6052,36,7,119.92,120.17,0.08,0
ZVgG8LLj2cM,UCcstDLbuhxEbFKkPZ6wST2A,2026-07-28 09:00:11,9679,35,11,120.0,120.0,0.0,0
ZVqBpifXgjw,UCAl4HWznMn7KhKBRFO5eiFA,2026-08-06 11:30:02,3877,15,1,120.0,120.0,0.0,1
ZVu0ChtJLRw,UCLXI7tT4pHH222QgpvYx1jA,2026-07-26 10:40:28,2714,67,199,119.83,120.08,0.08,0
ZVu6f7C76IA,UCpcTrCXblq78GZrTUTLWeBw,2026-07-29 02:30:12,153697,1480,83,120.0,120.0,0.0,0
ZWgCAnoLXbg,UCQhIdo5nRQY9DB3uo7vawtw,2026-08-13 14:38:30,412,25,5,119.86,120.11,0.11,0
ZWnTlHVQvoE,UCZuT6NXrfZzYbqCG_RWgSgA,2026-08-11 15:06:57,85,4,0,119.89,120.14,0.11,0
ZWoacbERMXs,UCUbOogiD-4PKDqaJfSOTC0g,2026-08-29 11:04:48,129790,342,78,119.93,120.18,0.07,0
ZWzfGHl7V1Y,UC8a9-ubjMyQkDH9Jr8EX0JQ,2026-07-10 18:29:24,133,2,0,119.76,120.01,0.01,0
ZX8x3DXBZeE,UC5ScPjbt-a97AJO7SBj6nAg,2026-07-23 08:30:05,165792,4269,273,120.0,120.0,0.0,0
ZXGLMHGlbu4,UC4P7F8qenDo1O_5NvgBb_cg,2026-08-06 02:30:29,114885,1159,200,119.99,120.24,0.01,0
ZXLh7bTErSg,UCPv0av3PfTUeTnHGgcXkk8w,2026-08-04 23:58:57,8,0,0,119.77,120.02,0.02,0
ZXUY3pem89M,UC2IYsRiATGe71sLIOlSXGuw,2026-08-31 12:00:27,70558,334,99,119.75,120.01,0.01,0
ZXyr_h51JZE,UCPsZX-D7LW99PjZLA-UysPQ,2026-08-14 06:00:37,597,10,2,119.99,120.24,0.01,0
ZY4BXvy4Dkk,UCSrQnB-Ip9hc0biFQ3HoKzg,2026-08-29 06:05:56,7644,542,38,119.91,120.16,0.09,0
ZYHWDgRAgEE,UCgT-gb3favw2jQgwxbbwwaA,2026-07-30 11:02:10,156800,1263,138,119.97,120.22,0.03,0
ZYJuEvbcU1g,UCwBkHOTyu57NQi0syf5MLig,2026-07-27 08:00:33,71466,505,18,119.99,120.24,0.01,1
ZYMlFh_Udag,UCkphwoGMBs2_0raLOqu9aQw,2026-08-10 12:00:36,65,1,8,119.99,120.24,0.01,0
ZYTp-P-xInI,UCoqMTw0yGmjIjNayukuOg5Q,2026-08-10 10:12:21,11832,180,93,119.8,120.05,0.05,0
ZYXfERL2SXQ,UC08-hQbwh7eyr8PlaYG2-sQ,2026-07-23 10:00:21,23031,342,249,120.0,120.0,0.0,0
ZYoeZ0VJIsg,UCXS55IczImEf64aU16NzKlg,2026-07-18 01:00:29,4238,21,2,119.99,120.24,0.01,1
ZYvKxtWXUDA,UCJDXc9JWCZo-nLNKr_-L2Ng,2026-08-05 17:30:12,4112,113,4,120.0,120.0,0.0,0
ZYxUlWZnwtQ,UCV7WE8I_UiAN0fa6Arezx_w,2026-08-10 16:00:25,47,1,0,120.0,120.0,0.0,0
ZZZewqz-YRs,UCMAfHuocszM6UTORPwUmeNw,2026-07-23 03:35:14,10876,195,0,119.92,120.17,0.08,0
ZZer6EvP0Xs,UCPGl9DV2WUgaqGVXtVrhJWQ,2026-08-12 15:00:02,11,0,0,120.0,120.0,0.0,0
ZZmWmsP-k1w,UCpX86JOUhnrzG7MK8e8Gjbw,2026-08-04 09:52:55,56898,333,240,119.87,120.12,0.12,0
Z_3y3Y6Ow9Y,UCvAetSOU_4lyjM5hVMNzN0Q,2026-08-19 17:37:30,26963,307,23,119.89,120.14,0.11,1
Z_62MMKQQeY,UCNmN3W2H0r5_hV2drzbEn7Q,2026-08-12 14:56:26,87813,254,1,119.81,120.06,0.06,0
Z_9syk3fjFQ,UCyoKcrOcBEY4rmLYkDuXErA,2026-08-21 06:21:30,32536,646,36,119.9,120.15,0.1,1
Z_AFf_dDuig,UCV7WE8I_UiAN0fa6Arezx_w,2026-08-09 15:00:00,42,1,0,120.0,120.0,0.0,0
Z_QxxOLyVwk,UCElXDMEQqlUnuyDbChjARWQ,2026-08-22 13:55:08,176,1,0,119.84,120.09,0.09,0
Z_W8HyvsSJg,UCg5Ew4lj74r_ohbc4AeQj1w,2026-08-26 09:33:07,20550,437,105,119.96,120.21,0.04,0
Z_aoB5wilRk,UCqVZTizoA2wQKOj_xaDt10Q,2026-08-13 10:29:11,272,4,0,119.77,120.02,0.02,1
Z_mC5Is9hJw,UCK8iWEZupSV2pmDMxtwdAmA,2026-08-25 01:25:29,435,8,0,119.84,120.08,0.08,0
Z_nyAOVcVVg,UC-yb5eNBQyXBE9nZnht9u-g,2026-08-21 13:14:36,6132,188,7,119.77,120.02,0.02,1
Z_pbj3t-WfA,UCXVVG5ZM3SJJCh94xatR8Dg,2026-07-12 02:00:26,51716,102,7,119.99,120.24,0.01,0
Za2iQeiGm2Y,UCZ-B_El841ME7qGXvYinGmw,2026-07-22 12:27:26,3508,79,21,119.8,120.05,0.05,0
b4_ytlm_0c8,UCYJ0Ucu9jPX5kn6SeDcNaIQ,2026-08-28 16:23:04,73814,268,2,119.88,120.13,0.12,1
b4jqPTEvtgs,UCdb5lyq0tWbY3jqH35SufmA,2026-08-06 13:10:45,68579,915,104,119.82,120.07,0.07,0
b4n8ksqQ1Tk,UCTmniSiCVyG_UKVCEa9PNKA,2026-08-14 07:15:23,4431,74,4,120.0,120.0,0.0,0
b4uZ_RCL_XM,UCxPMcxq7WJ32M3lnFn58Cpg,2026-07-13 12:28:22,571,4,1,119.78,120.03,0.03,1
b51qQFPNy3I,UCg7rkxrTnIhiHEpXY1ec9NA,2026-08-29 06:17:07,197253,5366,310,119.98,120.23,0.02,0
b548SD9BEw8,UCqyzJW0VRYRP_sFELZYdxGg,2026-08-03 08:00:00,5411,33,8,120.0,120.0,0.0,0
b5BTV02ULbQ,UCrD6viwK0DHbQuZSOZBbofg,2026-07-30 15:09:02,12049,272,66,119.85,120.1,0.1,0
b5CBCkZ4N4w,UC8Gk3BMOPf8b-B4PXkukqTw,2026-08-29 11:00:17,8769,61,41,119.76,120.01,0.01,0
b5KIa8XWGCI,UCBS4sjbGJIcclT-Y6i_Jzkg,2026-08-15 17:07:03,31476,626,0,119.89,120.14,0.11,1
b5PdZNBcEZo,UCHbz27HAkCIQNw_G2Pa7XVg,2026-07-22 06:00:09,39646,662,23,120.0,120.0,0.0,1
b5UldLCAg0Q,UC_Xb6sEXAdNv9nHU4988vmg,2026-08-26 16:00:32,1325195,,7,120.0,120.0,0.0,1
b5aWY5dBBuU,UCby0vMKcLR05ZdS90aZd5og,2026-08-30 17:11:11,4321,11,2,119.83,120.08,0.08,0
b5fJHVhOvVs,UCYJDUekoQz0-bo8al1diLWQ,2026-08-12 09:10:10,500871,6555,924,119.83,120.08,0.08,0
b5kRZ7hODIg,UCyoSQyaCrZHro6F_nBiXIYg,2026-08-02 22:52:10,261474,1813,249,119.89,120.13,0.11,0
b5rhCcy_Uf0,UCab17MxxnFtAhGsJVTkSkCg,2026-08-05 12:26:32,989,16,3,119.81,120.06,0.06,0
b6Bhe1OTf9I,UCJN5mgLqkPCTVC5v-12gKjQ,2026-08-12 11:00:40,2832,182,52,119.99,120.24,0.01,0
b6I6GjbONmY,UCYTQCmuFcacJJ_Tad20qqEw,2026-07-22 16:47:51,41269,2479,45,119.96,120.21,0.04,0
b6Wk4uZqA2s,UC4oe-OVZ2Ho-03yrMkrXomQ,2026-08-02 07:00:07,122727,1581,43,120.0,120.0,0.0,1
b6ZAUX94Jlg,UCEJF0q0SqEJ64uA9LCXuSrQ,2026-08-16 09:00:15,1253,59,42,120.0,120.0,0.0,0
b6kpLEj-lfQ,UCJDXc9JWCZo-nLNKr_-L2Ng,2026-08-21 19:00:17,1522,70,9,119.76,120.01,0.01,0
b6nKprQmhcc,UCnCFD3met1Ip7OngdF9TRDg,2026-08-06 03:32:29,5191,79,17,119.96,120.21,0.04,0
b6r_XrOOfRc,UCI4wEWWBEElIbp9jHcFllTw,2026-08-12 02:00:39,2983,14,4,119.99,120.24,0.01,0
b6sdkktzmRM,UC24GgPBq5W3v34z0p0uk1Ow,2026-08-08 03:00:28,2204,16,7,119.99,120.24,0.01,0
b7420jeSA-Q,UClHTjLVog7CkRF8tYJuNXXQ,2026-08-26 13:38:05,295,10,0,119.88,120.13,0.12,0
b7Gb1OdP-58,UCNZiNM2pP6uhIlTQVS2Q5fA,2026-08-17 09:00:38,287771,5000,204,119.99,120.24,0.01,1
b7OLNrAwIVU,UC6LLMkdyses2ugPRNEXutMQ,2026-07-31 09:30:30,25455,553,94,119.99,120.24,0.01,0
b7Oy7PWK028,UCyoSQyaCrZHro6F_nBiXIYg,2026-08-29 14:25:51,385871,1012,137,119.83,120.08,0.08,0
b7duHjNRBL8,UCikKJvpU0Ylua4hRW6faQRg,2026-08-19 17:35:08,1826,62,0,119.92,120.17,0.08,0
b7mxUKX5wuo,UCp6n8d8Y8r3MwKNw_MMaouQ,2026-08-09 17:18:47,26984,442,7,119.94,120.19,0.06,1
b7y2IJUVQ1o,UCZ6mNZTiTUrUSbSYPlclI4A,2026-08-30 07:15:25,44040,595,33,119.76,120.01,0.01,1
b8_PCwp5fOw,UC-FiQR2gg8oiNw98ZdsSX6Q,2026-08-22 15:00:13,1277,11,0,119.76,120.01,0.01,0
b8imt9Z_MJ8,UCMpvRMwoq_WmradKdysk6Cg,2026-07-26 08:54:03,46731,488,64,119.85,120.1,0.1,0
b8lFDQ-GxwU,UC1sELGmy5jp5fQUugmuYlXQ,2026-07-28 15:00:08,646734,26398,527,120.0,120.0,0.0,1
b8nEH7Ejzrw,UC_E_qYfGKM3C0kqrp1p8z7Q,2026-08-21 15:00:11,64,4,0,119.76,120.01,0.01,0
b8nYmintIrE,UC2NFRq9s2neD_Ml0tPhNC2Q,2026-07-21 02:30:02,262078,3960,301,120.0,120.0,0.0,0
b8p3yMz12aM,UCRCK5FCJtomQT3b88jXI_DA,2026-08-04 08:49:50,7802,,,119.92,120.17,0.08,0
b94xCi6xu-8,UCBY9rOZPo0fLE45mOV0s0cw,2026-07-27 10:34:12,226,3,0,119.93,120.18,0.07,0
b95aExdfuSU,UCRpdlPk671uOMiBtf5HtB3Q,2026-08-23 09:58:25,136656,699,29,119.79,120.04,0.04,1
b9DpdnQqciU,UCULRVjf5z_WoR106msn8HoA,2026-08-28 10:55:07,268930,2398,1100,119.84,120.09,0.09,0
b9N5sJbm43w,UCQDGJQe8X9tbk_i8Na3VVXg,2026-08-22 05:04:04,832,18,1,119.94,120.19,0.06,0
b9PszE_meBY,UCgWwo8FJL3MCxfd66ip7nFg,2026-08-21 09:12:31,46166,,64,119.8,120.05,0.05,0
b9QaXDiysMI,UCOTJtP0Z9DjpPU43B5m1V6A,2026-08-15 09:30:12,190712,1928,235,120.0,120.0,0.0,0
b9T7SRndhX0,UCp6n8d8Y8r3MwKNw_MMaouQ,2026-08-11 13:39:15,274018,2688,19,119.85,120.1,0.1,0
b9W3prFq8zU,UCzDmGDR5RdahQkLCBoWlTEg,2026-07-15 16:05:24,11776,113,0,119.91,120.16,0.09,0
bA-5fk7810U,UCUbOogiD-4PKDqaJfSOTC0g,2026-08-27 13:39:48,20030,64,3,119.85,120.1,0.1,1
bACslTF2ssg,UCby0vMKcLR05ZdS90aZd5og,2026-08-10 08:17:47,5789,5,6,119.96,120.21,0.04,1
bARKT5V1StE,UCHK-FRuAjk8g798dD7L7xqA,2026-08-15 02:00:29,4116,82,47,119.99,120.24,0.01,0
bAVN159GKn0,UCei_ecYpQqFjYhjLaDPr2Lw,2026-07-11 04:44:22,1703,4,2,119.76,120.01,0.01,1
bAaRIhhSmlA,UCby0vMKcLR05ZdS90aZd5og,2026-07-17 03:10:00,2142,4,0,119.84,120.09,0.09,1
bAeTzbE_Fk4,UC_e83kYlGHWbsrr8QCfV_ag,2026-08-17 12:19:54,15227,134,52,119.92,120.17,0.08,0
bB5tKzbQ6Os,UCnkytUgy0CtWd06up9CjNxg,2026-07-24 11:00:09,32469,773,59,120.0,120.0,0.0,0
bBMp7VWo6MM,UC5T_FfQwgy56XP0aEVHYULQ,2026-08-29 14:24:29,4114,30,6,119.86,120.11,0.11,0
bBXt6QwFoUQ,UC60HSePkZwGFzRj6VSDa6Ew,2026-08-02 18:58:10,7035,51,2,119.78,120.03,0.03,0
bBjtW8Zyu3s,UC5WN-znPsJK0BbA8aHxZHWQ,2026-08-17 07:31:28,1441,30,3,119.98,120.23,0.02,1
bBmUdkUTnsE,UCt8CJiye87FMbEwt0npPMuQ,2026-08-28 13:30:44,36902,411,20,120.0,120.0,0.0,0
bBtqxcc1WMY,UCDBAVzfX3yZ1hah0FHnOoaA,2026-08-06 13:30:18,302392,1831,190,120.0,120.0,0.0,0
bC9RM__MPCU,UC543-TDm6IvHHZXwdSFioMw,2026-08-28 12:00:19,3994,20,1,119.76,120.01,0.01,1
bCLRYGpCB0w,UCt8CJiye87FMbEwt0npPMuQ,2026-08-25 18:08:18,36051,680,16,119.87,120.12,0.12,0
bCXZw2Np2B4,UCroIk85IFzp6OZzKoJFDKuA,2026-08-30 20:43:00,7100,10,0,119.8,120.05,0.05,0
bCbQvXGi-no,UCBidluUUxzT_5jVOI_2x2MQ,2026-07-23 03:00:06,1505,9,1,120.0,120.0,0.0,1
bCop63ihGK0,UCV7WE8I_UiAN0fa6Arezx_w,2026-08-14 07:00:08,51,0,0,120.0,120.0,0.0,0
bD-DX170RTM,UCeAsj1O73pcqd-xQ4AZbJeQ,2026-08-18 17:07:47,170,0,1,119.88,120.13,0.12,0
bDKPSvLmJqA,UCirJgPv8RtFaFMj39b6cD8Q,2026-08-10 13:00:15,10795,96,9,120.0,120.0,0.0,1
bDQl8VdDExk,UCV7WE8I_UiAN0fa6Arezx_w,2026-07-30 18:00:07,48,0,0,120.0,120.0,0.0,0
bDSg7P4dC9Q,UCQJuZxeDv2P05YHcC-tIEVQ,2026-08-17 08:00:36,14957,271,12,119.99,120.24,0.01,0
bDX-U_ZNmKw,UCw1DsweY9b2AKGjV4kGJP1A,2026-08-06 08:00:33,261426,927,32,119.99,120.24,0.01,1
bDh15FxFUCE,UCPGl9DV2WUgaqGVXtVrhJWQ,2026-08-14 15:00:12,2,0,0,120.0,120.0,0.0,0
bDpXwMf_IIE,UCwBkHOTyu57NQi0syf5MLig,2026-08-31 02:00:22,64260,418,64,119.76,120.01,0.01,1
bE3nxelGYqg,UCzSODDx0zQF3nxXOZISCm_w,2026-08-25 11:30:20,943,4,0,119.76,120.01,0.01,1
bEhnJlm5Htk,UCdZNJItzkmKrpwtQ3cxTEVA,2026-08-28 07:14:57,380942,1062,545,119.76,120.01,0.01,1
bEig2g9fG8c,UCp6n8d8Y8r3MwKNw_MMaouQ,2026-08-18 12:20:55,8022,171,12,119.91,120.16,0.09,0
bEmvDqNikyw,UCab17MxxnFtAhGsJVTkSkCg,2026-08-01 09:23:11,518,10,0,119.87,120.12,0.12,0
bF2OBEderFA,UCNmN3W2H0r5_hV2drzbEn7Q,2026-08-28 10:06:23,235881,3550,362,119.91,120.16,0.09,1
bF5RsYzn9CY,UCKrprPfevcAZpPuRnCO6xOA,2026-07-31 09:30:06,1532,8,2,120.0,120.0,0.0,0
bFGqwCjAdeg,UCgO8sNnksVuKcuTVTQKSK3A,2026-07-24 08:00:21,82779,1321,362,120.0,120.0,0.0,0
bFHnRKPf8I4,UCPuD5ZRQWa_JCaY5NokNhtg,2026-08-26 15:17:04,6436,31,15,119.98,120.23,0.02,0
bFpW-So9FW8,UCTV_Bra7kaUhtJg0oUCojfA,2026-08-21 09:32:38,3809,67,9,119.97,120.22,0.03,1
bFpy4DZQkUk,UCawK5EIfr66Z7fjAlZgfB2g,2026-08-22 08:00:05,3067,,8,119.76,120.01,0.01,0
bFtZhUk0MRU,UCBTsPtRCh6ln3IRQFjhjh1A,2026-08-05 04:15:13,100084,496,26,120.0,120.0,0.0,0
bFuDw2kcv48,UCB4gIGaPUiLtpPreFSf8fKQ,2026-07-25 13:15:16,4680,65,18,120.0,120.0,0.0,0
bG3OljCCWGo,UCPoEVLrQMMXICwULGDwfvug,2026-08-14 14:54:22,12326,166,16,119.85,120.1,0.1,1
XgUV2gM6HE0,UCI3DTtB-a3fJPjKtQ5kYHfA,2026-08-28 00:51:58,2753,6,0,119.9,120.15,0.1,0
XgZcudIr6OY,UCYM01qjjE_hmqFQAmOo-lNg,2026-08-10 13:55:53,1236,10,0,119.82,120.07,0.07,0
XgemToQ5iUs,UCc1VJX_5Z2RdGi58XU4IfbA,2026-08-21 06:30:17,655,12,0,119.76,120.01,0.01,0
XgfOBBXyCMM,UCvAetSOU_4lyjM5hVMNzN0Q,2026-07-12 16:40:03,21841,215,17,119.83,120.08,0.08,1
Xgrhrd_59No,UCoH2pCzAr6zWDG-LtUiLWRw,2026-07-29 23:00:24,44689,414,74,120.0,120.0,0.0,0
Xgu8ybBts58,UCPsZX-D7LW99PjZLA-UysPQ,2026-08-20 10:30:21,6466,78,23,120.0,120.0,0.0,0
Xgvh0mdQPHo,UCab17MxxnFtAhGsJVTkSkCg,2026-08-18 09:17:13,495,16,0,119.97,120.22,0.03,0
XgxpkcfHfCo,UC4VWaR3R17Ruc7j1Cy1-PKQ,2026-08-02 10:50:05,86,4,0,119.92,120.17,0.08,0
Xh1UI_L8pOE,UCA9f2-9fUklMMOaz8vKW7Jw,2026-08-05 14:06:57,1048,6,0,119.89,120.14,0.11,0
XhG0zVi-v4Y,UCPuD5ZRQWa_JCaY5NokNhtg,2026-07-23 03:51:07,802,13,8,119.9,120.15,0.1,0
XhNVswkRqNk,UCN8YcyYvYIrtLcwyT-KqbNg,2026-07-31 11:15:05,29142,335,20,120.0,120.0,0.0,1
XhTSUUwO6tM,UCI6Ro_MOr36re4Bhb7nCY7g,2026-08-15 10:00:33,9509,104,22,120.0,120.0,0.0,0
XhW-DkaQVdk,UCWq9wRjQXYC8i486uVLysUA,2026-07-22 08:00:32,317525,7080,251,119.99,120.24,0.01,0
XhWjuztLUcw,UCt8CJiye87FMbEwt0npPMuQ,2026-07-29 15:30:14,5399,234,16,120.0,120.0,0.0,1
XhYH1bGBd5U,UCbaRH9U2BEFwhJiodE3qTpQ,2026-08-01 08:59:20,15486,588,13,119.76,120.01,0.01,1
XhdbFlHYU9c,UC8E29ANOC3_OuB7_5EPY2xw,2026-08-24 12:17:16,1330,4,0,119.97,120.22,0.03,1
XhgWcQDPtM4,UCaN3tSrrzIrXSDonEe7LK9A,2026-08-18 03:30:37,1336,32,3,119.99,120.24,0.01,0
XhulUbnRt1I,UCXNh3eUHXEkL7h1w1KYQRKQ,2026-08-10 09:56:10,24682,363,8,119.82,120.07,0.07,0
Xi1Iuc0p3Xc,UC_e83kYlGHWbsrr8QCfV_ag,2026-08-25 11:09:26,35679,256,53,119.85,120.1,0.1,0
Xi52HRfSRZE,UCOTJtP0Z9DjpPU43B5m1V6A,2026-08-10 09:30:58,176094,1523,209,119.99,120.24,0.01,0
Xi6B12n_0w8,UCPI40-XQA9-GBGj2k8PPqfg,2026-07-14 08:50:07,52449,884,84,119.92,120.17,0.08,0
XiDwEqw1uW0,UCeKjmFzU-Jlqg7diwzf2Udw,2026-07-27 06:10:40,50,0,0,119.83,120.07,0.07,0
XiPDMgZMOHs,UCBtJuwDt6LlXp2YASC-ZMdA,2026-08-30 11:00:12,1046,6,0,119.76,120.01,0.01,1
XiQAsgy8cGw,UCmcBe97VA2LqVEQUeeZl6Ew,2026-07-22 09:00:03,154551,872,82,119.76,120.01,0.01,0
XiS2xOAVfXg,UC3RUc7q8XLdPQtG16A9ad6A,2026-07-24 11:06:33,17,0,1,119.89,120.14,0.11,0
XiWRMlNoWB4,UCnCeDIkExSpULGqmpj5oafg,2026-08-25 15:00:03,10881,74,13,119.76,120.01,0.01,1
XieDnDQQQG0,UCU0-6z_KU9AShyR9J6gcFGw,2026-07-26 16:29:15,1532,10,0,119.76,120.01,0.01,0
XieacI2Oud8,UC5bjQxLK_3XVzIOTQ04sYeg,2026-08-11 17:43:55,648,13,0,119.77,120.02,0.02,0
XimhnFddAQg,UCt8CJiye87FMbEwt0npPMuQ,2026-08-08 16:30:27,85121,3519,173,120.0,120.0,0.0,1
Xinvqbxjosc,UCcsC1X0SyiWcxBTbnjoZ9Ag,2026-08-02 09:00:04,1856,42,15,120.0,120.0,0.0,0
XirSlR5tLsY,UCNRnCc0hg3ZcKdOGXKKv5Ww,2026-08-31 09:15:33,11906,43,18,120.0,120.0,0.0,0
XisxpqJy2Pk,UCDBAVzfX3yZ1hah0FHnOoaA,2026-08-16 13:00:25,443273,1909,276,120.0,120.0,0.0,0
Xj9FG5UxM4c,UCCMQyaKDjQJY79VimTdaYYQ,2026-07-14 23:05:08,155412,747,431,119.92,120.17,0.08,0
XjE8U0NPaTg,UCAl4HWznMn7KhKBRFO5eiFA,2026-07-22 12:29:22,7464,48,1,119.76,120.01,0.01,1
XjM9ngkKil0,UCab17MxxnFtAhGsJVTkSkCg,2026-08-25 08:16:54,1050,18,2,119.98,120.23,0.02,0
XjRyum5k3qY,UCw1DsweY9b2AKGjV4kGJP1A,2026-08-03 10:03:02,106280,404,140,119.95,120.2,0.05,0
XjVihv0BAvg,UCPuD5ZRQWa_JCaY5NokNhtg,2026-07-22 04:15:36,2268,39,9,119.99,120.24,0.01,0
Xja2Yqi2-gg,UCb5NLtXAsTBrmaZVhyFa-Wg,2026-08-02 07:45:08,156725,715,98,120.0,120.0,0.0,0
XjaewbKb73Q,UCCd3jyJmOFzkJEMj5Bp89rw,2026-07-15 15:00:28,11766,611,30,119.99,120.24,0.01,0
Xjt9vA6EQ6o,UCCiKOocVSjyb2rsbL_Aanhw,2026-07-23 05:51:37,11864,90,35,119.89,120.14,0.11,0
XjvAnkxUINI,UCt8CJiye87FMbEwt0npPMuQ,2026-07-21 13:30:29,1317,54,16,119.99,120.24,0.01,0
Xk2b4s_gpag,UCp_jHNjcoiXC7SlElrBmzBA,2026-08-27 08:00:06,13153,229,23,119.76,120.01,0.01,0
Xk8cGMz5pUs,UCSzHok6X5qXEO7cjvVnE62g,2026-07-27 08:00:05,57455,331,45,120.0,120.0,0.0,0
XkV9JhJhqJk,UC8CX0LD98EDXl4UYX1MDCXg,2026-07-14 13:00:04,227530,8298,373,120.0,120.0,0.0,1
XkdVpIavBpI,UC-FiQR2gg8oiNw98ZdsSX6Q,2026-07-25 16:00:38,18105,233,42,119.99,120.24,0.01,0
Xki0gInxGxA,UCZuT6NXrfZzYbqCG_RWgSgA,2026-08-09 01:00:05,155,4,2,120.0,120.0,0.0,0
Xkvf2TulWPQ,UC6LLMkdyses2ugPRNEXutMQ,2026-08-17 09:30:25,26925,653,96,120.0,120.0,0.0,0
XlKOI_RWRoo,UCOTJtP0Z9DjpPU43B5m1V6A,2026-07-25 13:00:03,79844,475,61,120.0,120.0,0.0,0
XlWf4NMA4kM,UCt8CJiye87FMbEwt0npPMuQ,2026-07-16 17:30:24,144126,3613,183,119.99,120.24,0.01,0
XljYOds7EvA,UCtGMgPWJNU2Aj-SNK0zg0Sg,2026-08-13 15:46:39,2504,12,1,119.98,120.23,0.02,0
XlmyKDWOn2w,UCPI40-XQA9-GBGj2k8PPqfg,2026-07-31 09:36:17,87941,1502,159,119.9,120.15,0.1,0
Xm7ujv0lugE,UC8CX0LD98EDXl4UYX1MDCXg,2026-07-28 16:45:58,99757,4025,111,119.99,120.24,0.01,1
XmE3DHyrYGk,UCPuD5ZRQWa_JCaY5NokNhtg,2026-08-18 16:31:24,629,11,2,119.99,120.24,0.01,0
XmGjruxqJDw,UCjyXK9pWHwWR_-bRibFaWDg,2026-08-10 12:37:09,34636,216,34,119.88,120.13,0.12,0
XmGrBm_iQV8,UCpcTrCXblq78GZrTUTLWeBw,2026-07-31 08:30:34,235891,5114,54,119.99,120.24,0.01,1
XmRZhfxtg0Y,UCZNTsLA6t6bRoj-5QRmqt_w,2026-07-27 20:00:05,40865,1305,14,120.0,120.0,0.0,0
XmgnqWOUzIg,UCJzfS-WmieHog0H2OQoXkeQ,2026-08-30 03:00:33,34736,362,27,120.0,120.0,0.0,0
XmoEJLiTs1c,UCXtU-C_e2iBzPSq9oLXtbVw,2026-08-30 23:15:28,438,3,6,120.0,120.0,0.0,0
XmtB_HwvD6Y,UCQDGJQe8X9tbk_i8Na3VVXg,2026-08-09 09:40:20,191,11,0,119.83,120.08,0.08,0
Xn58YcxryT8,UCxn8csYeZg6awRnZS-aqg0g,2026-08-20 17:00:30,8940,128,32,120.0,120.0,0.0,1
XnALCgJWt-Q,UCBTsPtRCh6ln3IRQFjhjh1A,2026-08-21 09:00:12,77232,487,27,119.76,120.01,0.01,1
XnO539zVhI0,UCfcfymsN3OMo2cfmbpGTanw,2026-08-15 03:00:09,216885,896,76,120.0,120.0,0.0,1
XnYU1a2dQCU,UCRq3CDTZ2qe3HiHrZdQKBvQ,2026-08-17 10:00:37,2495,23,5,119.99,120.24,0.01,1
XoNQssHU6IA,UC9nWoDbRAl3-fvreBNeStKQ,2026-08-12 00:40:47,7282,38,0,119.82,120.07,0.07,0
XoPXvi_9ZZo,UCb5NLtXAsTBrmaZVhyFa-Wg,2026-08-09 09:45:27,140425,769,145,120.0,120.0,0.0,0
XoWc_SvNMoY,UCi1Tln5CFg1yExpz8djyxjA,2026-08-16 19:36:36,362197,11760,82,119.89,120.14,0.11,1
Xok5CmUjeRI,UCp6n8d8Y8r3MwKNw_MMaouQ,2026-08-14 13:26:25,13774,371,1,119.81,120.06,0.06,1
Xolxtj7SQ8I,UCAl4HWznMn7KhKBRFO5eiFA,2026-07-26 15:40:57,15240,75,62,119.82,120.07,0.07,0
XovgFsm1l2Y,UCV7WE8I_UiAN0fa6Arezx_w,2026-07-16 18:00:14,83,0,0,120.0,120.0,0.0,0
Xp0XJwGazPI,UCZaNYFjF_SRRJPVuGX7yMjQ,2026-08-15 12:59:08,7,1,0,119.77,120.02,0.02,0
Xp5K-OY27VE,UCQJuZxeDv2P05YHcC-tIEVQ,2026-08-29 08:30:32,41488,1131,12,120.0,120.0,0.0,1
Xp7A1MNXams,UC7SIaeUWuuIrWTIOBpayDVQ,2026-08-09 03:17:38,17324,191,67,119.96,120.21,0.04,0
XpGqt2Aot_8,UCYM01qjjE_hmqFQAmOo-lNg,2026-08-28 10:00:19,13938,27,10,119.76,120.01,0.01,0
XpH2iIthO_Q,UCSOeJWyByeoBHpmrm0NnlLw,2026-08-24 07:00:33,30683,572,82,120.0,120.0,0.0,0
XpHVT8JIi_o,UCJJZkVUNIxq8XNDzHiAD-eQ,2026-08-14 00:30:16,59148,370,92,120.0,120.0,0.0,0
XpNejEokXvU,UC1IUMdwaJ22A6FkPiI8dcig,2026-07-31 13:57:50,61816,1702,68,119.79,120.04,0.04,1
XpURB8OzdJU,UCPuD5ZRQWa_JCaY5NokNhtg,2026-07-26 16:26:35,797,11,2,119.81,120.06,0.06,0
XpbdQ18d1qw,UCpI-AhCT02iQRGLC2ZcY0Jw,2026-07-17 01:00:14,60000,561,400,120.0,120.0,0.0,0
XptHiKImc1I,UChKYbZ9fSz8DMM6wU-t1lMQ,2026-08-13 10:30:04,7585,128,5,120.0,120.0,0.0,0
XqFzoPoSImo,UCW_Ptq0v8ck67w9oKiwXz2g,2026-08-01 05:10:03,308,1,0,119.84,120.09,0.09,1
XqKWN9p7qrM,UCV7WE8I_UiAN0fa6Arezx_w,2026-07-18 19:00:17,89,2,0,120.0,120.0,0.0,0
VCpnpFnvIh8,UCpI-AhCT02iQRGLC2ZcY0Jw,2026-08-03 09:31:46,25986,489,465,119.97,120.22,0.03,0
VCs6LdKjq8o,UC9nWoDbRAl3-fvreBNeStKQ,2026-08-18 17:27:59,5148,37,0,119.79,120.04,0.04,0
VD5MrMwuGvk,UCGVy07wZs8W-EpKAGchrmCQ,2026-08-12 01:22:44,10187,86,19,119.87,120.12,0.12,0
VDEKH7Q0yoQ,UCRq3CDTZ2qe3HiHrZdQKBvQ,2026-07-22 10:48:13,1940,14,3,119.95,120.2,0.05,1
VDLFoPrcnt0,UCnCH3Uhv_ynhTNKEH6ekRtg,2026-08-22 05:45:04,8564,123,17,119.76,120.01,0.01,0
VDOnHyXOMVw,UCiEMsnnzti6PDNi8TAlSnFw,2026-08-05 23:03:58,23,,0,119.94,120.19,0.06,0
VDR7x-TVpi8,UCxpyoLu0jWQJ71_p5zMSgSA,2026-08-21 08:24:16,32882,161,39,119.86,120.11,0.11,1
VDTNI-oeMx4,UCab17MxxnFtAhGsJVTkSkCg,2026-07-28 16:08:37,1238,26,2,119.86,120.11,0.11,0
VDh9tY7GpC0,UCuFguUhr9Wr0tFY85nDGk9w,2026-08-01 13:30:25,4284,33,19,120.0,120.0,0.0,0
VDkS5VHripc,UCYJDUekoQz0-bo8al1diLWQ,2026-08-06 09:56:09,609907,9908,1746,119.82,120.32,0.18,0
VEWH-I8I33A,UCrY2B2XX41ReYh9DIWrFfCg,2026-07-18 09:27:16,12403,,14,119.8,120.05,0.05,0
VEYchafq7OQ,UCJDXc9JWCZo-nLNKr_-L2Ng,2026-07-29 13:00:27,3734,139,14,119.99,120.24,0.01,0
VEZKkIJm5PQ,UCxtZZzggcfOmsW99gYkxsNA,2026-08-05 05:58:23,8768,112,47,119.78,120.03,0.03,0
VEflBEpRc4k,UC2ja61Zku_rw3ZBfDZi8cuQ,2026-07-24 09:37:14,74688,1407,110,119.88,120.13,0.12,0
VEfx51T0CZI,UCV7WE8I_UiAN0fa6Arezx_w,2026-08-05 08:00:16,49,1,0,120.0,120.0,0.0,0
VEnTH0SnJDg,UCab17MxxnFtAhGsJVTkSkCg,2026-08-12 14:53:36,809,20,0,119.86,120.11,0.11,0
VEqnUxhee_0,UCBvKuSAkXERBnGSQOH0Sarw,2026-08-16 16:47:31,6025,74,2,119.96,120.21,0.04,0
VFDZAeYJJI0,UCMZFHqDjg1IE5kzm9fZBOFw,2026-08-30 15:24:57,11792,7,0,119.85,120.1,0.1,0
VFJbDpa5Gh4,UCcstDLbuhxEbFKkPZ6wST2A,2026-08-12 04:30:30,10293,35,33,120.0,120.0,0.0,0
VFYVTy0nXxo,UCYGF_xk5RDpltyZDSx040uw,2026-07-19 04:04:12,35189,294,45,119.93,120.18,0.07,0
VFZL7i27wiY,UCv1tOT645xHOJrwdGlzjMaA,2026-08-06 02:00:25,13965,245,12,120.0,120.0,0.0,0
VFjzqwYNsbY,UCpcTrCXblq78GZrTUTLWeBw,2026-08-14 07:30:14,186607,5816,71,120.0,120.0,0.0,0
VFkKngrND2I,UCOTJtP0Z9DjpPU43B5m1V6A,2026-08-03 02:30:28,98774,977,74,119.99,120.24,0.01,0
VFlFW5JmyhU,UCb5NLtXAsTBrmaZVhyFa-Wg,2026-08-19 09:25:05,152173,679,110,119.84,120.09,0.09,0
VFroczGCs2A,UCA9f2-9fUklMMOaz8vKW7Jw,2026-08-22 14:45:38,9960,41,0,120.0,120.0,0.0,0
VFzxhUEAL1w,UCta3D5-EYqO-pduQLxQ8mNQ,2026-07-31 12:15:37,4359,16,7,119.99,120.24,0.01,0
VG0-u_dWvTs,UCoSniqkitCpxlHrQd5L8A1w,2026-07-29 16:17:55,2591,20,9,119.95,120.2,0.05,0
VG3YZhCBKU0,UCgO8sNnksVuKcuTVTQKSK3A,2026-07-18 07:32:32,19835,259,57,119.96,120.21,0.04,0
VGDKl9FtGEg,UC9vz3TBChrJmYbzUo-rqfSg,2026-08-13 00:25:47,23383,208,94,119.82,120.07,0.07,0
VGE-c8-bJKM,UCikKJvpU0Ylua4hRW6faQRg,2026-07-27 23:31:58,1599,51,0,119.97,120.22,0.03,0
VGFUGUx4_pk,UCJoWNCiFuiN4eZnB80WUf4Q,2026-08-28 05:30:06,121928,1035,80,119.76,120.01,0.01,0
VGQUcx4GNws,UCVWAdUQGUiY2Kzh0JoB5PtQ,2026-08-20 08:28:23,3125,40,11,119.78,120.04,0.04,0
VGXwL9pX2cA,UCpcTrCXblq78GZrTUTLWeBw,2026-07-18 08:30:32,137596,1661,147,119.99,120.24,0.01,0
VGYaZ7lzEnc,UCKVt3arMXfa6XZezR1UnjqQ,2026-07-14 22:00:07,3041,47,1,120.0,120.0,0.0,0
VG_N-qSklYI,UCa8Z4uUp51Aqtx4Fq4-3wMA,2026-07-30 05:57:32,1840,23,3,119.79,120.04,0.04,1
VGcXKKr88sI,UCpgfZSDjJLKuXVvobvpxx8g,2026-08-31 09:00:30,21392,342,112,119.75,120.01,0.01,0
VGjuMyjUec4,UCt8CJiye87FMbEwt0npPMuQ,2026-08-18 15:30:26,94432,5076,426,120.0,120.0,0.0,0
VGlmpUL_KVc,UCOTJtP0Z9DjpPU43B5m1V6A,2026-08-18 02:30:19,79556,862,125,120.0,120.0,0.0,0
VGmzTFdsxKw,UCAl4HWznMn7KhKBRFO5eiFA,2026-08-16 10:54:04,6408,40,0,119.85,120.1,0.1,1
VGvqXNUZiMM,UCqPN9LAkx20aBWOafwvQB-Q,2026-07-23 23:00:12,54244,2275,179,120.0,120.0,0.0,0
VGz8YQ1UBBE,UCFvdXoI9LTADYG07s4pMnhg,2026-07-31 05:27:19,11225,51,105,119.8,120.05,0.05,0
VHWoWqqDCRk,UCnkytUgy0CtWd06up9CjNxg,2026-08-03 15:00:15,187437,2748,655,120.0,120.0,0.0,0
VHijaXB4jFQ,UCybfHuHkJRzGDymek2Dsqvw,2026-08-12 11:00:13,36331,749,158,120.0,120.0,0.0,0
VHoctq0AOg8,UCpcTrCXblq78GZrTUTLWeBw,2026-07-11 19:00:25,1575774,13000,469,120.0,120.0,0.0,0
VI8SstgwN2o,UCgjaQlejpAnIu0q-xtVfTEw,2026-08-28 23:00:32,529043,7526,191,120.0,120.0,0.0,1
VIHFRWRVBDM,UCd6CX2LiQE2dEAPXwk2N0jg,2026-08-12 12:00:57,68371,803,179,119.99,120.24,0.01,0
VIIWIOrL0YI,UCJA6MZLzTeljmGNFaugdoWQ,2026-08-23 07:00:08,1602,8,3,119.76,120.01,0.01,1
VIT4c29YCJ4,UC8rbhIem-3aAsNXhTDI-nSA,2026-07-23 22:00:37,77904,1361,51,119.99,120.24,0.01,0
VIUUV_eIWpc,UCPGl9DV2WUgaqGVXtVrhJWQ,2026-07-10 15:00:30,11,0,0,119.99,120.24,0.01,0
VIiPn2QERgc,UCBY9rOZPo0fLE45mOV0s0cw,2026-07-21 07:39:17,217,0,0,119.85,120.1,0.1,0
VIlVnRnADqA,UCKUUL3fMVvYVZdGkKhhjP0A,2026-07-26 00:02:16,49717,538,39,119.96,120.21,0.04,1
VIx2o-mpRtU,UCt8CJiye87FMbEwt0npPMuQ,2026-07-23 14:30:27,2757,80,8,119.99,120.24,0.01,0
VJAxegriTJg,UCyU5JQ8KVRD9jE4E_xLsHxw,2026-07-23 09:00:22,17,3,0,120.0,120.0,0.0,0
VJC170tsvQA,UCcstDLbuhxEbFKkPZ6wST2A,2026-08-21 03:00:15,18899,62,25,119.76,120.01,0.01,0
VJLVYvyQxOM,UCV7WE8I_UiAN0fa6Arezx_w,2026-08-25 02:00:01,26,0,0,119.76,120.01,0.01,0
VJcdgkCtgpo,UC_m_uqd_9s0hZvlgfvCzqbQ,2026-08-16 14:26:51,1373,6,0,119.81,120.06,0.06,1
VK1O7baT09k,UCV7WE8I_UiAN0fa6Arezx_w,2026-08-22 14:00:33,20,0,0,120.0,120.0,0.0,0
VK5ZzWP3-mA,UCtIbfg_6gjbdFqCqAiUcqyQ,2026-07-22 08:00:02,12621,192,7,120.0,120.0,0.0,1
VKFM8-0lF5U,UCt8CJiye87FMbEwt0npPMuQ,2026-08-03 15:45:18,6290,216,20,120.0,120.0,0.0,1
VKOfVcGIlQA,UC783XWULPW-nDGv_0EYlB6Q,2026-07-11 09:30:30,35684,1039,15,119.99,120.24,0.01,1
VKR7R8FgVVc,UCpcTrCXblq78GZrTUTLWeBw,2026-07-27 15:30:21,72190,831,50,120.0,120.0,0.0,1
VKsUb4FU2m8,UCGa52d8Qlv3THghuCAt_nXA,2026-07-17 08:30:24,5627,54,11,120.0,120.0,0.0,0
VKvjspX9fG4,UCV7WE8I_UiAN0fa6Arezx_w,2026-07-22 20:00:39,41,0,0,119.99,120.24,0.01,0
VLCBqIe49Kc,UCqVkQsNin4MdGFrWvzFVOKw,2026-08-23 01:46:07,6582,51,4,119.99,120.24,0.01,1
VLVkEvaqjp4,UC78d2aaqdrt02RfmtRLmlAw,2026-08-01 00:33:39,3723,42,1,119.94,120.19,0.06,0
VLcmuNXDxBQ,UCWZqSCSNZT3X8e_HyCJoXMg,2026-08-08 10:11:38,3539,85,10,119.81,120.06,0.06,0
VLnmZ7Ci3L8,UCs0LzOveQMLImmmTrMmP2sg,2026-07-28 13:34:17,107576,379,53,119.93,120.18,0.07,0
VLs7HHczFUA,UCkrNv6xF8j7QZmWb3UeAH8A,2026-07-24 09:38:16,2973,16,3,119.87,120.12,0.12,0
VLwZUTLCZI0,UCKVt3arMXfa6XZezR1UnjqQ,2026-08-11 22:00:29,3153,45,2,119.99,120.24,0.01,0
VM0A2yz0e00,UCAVR6Q0YgYa8xwz8rdg9Mrg,2026-07-22 05:01:30,13081,515,23,119.98,120.23,0.02,0
VMADvVr0idY,UCz5LAkkX66OAW-y_WiWf9vA,2026-08-19 09:28:24,11087,42,6,119.79,120.04,0.04,1
VMAcNqE3Z8Y,UCDHGqgpiHQAsE0UiltRqhfQ,2026-08-28 09:30:33,37474,57,29,120.0,120.0,0.0,0
VMGIEfEHcG8,UCFVRXOqBeh8ynDdYWztewXg,2026-08-01 04:00:36,2249,34,6,119.99,120.24,0.01,0
VMILv528TG0,UCZNTsLA6t6bRoj-5QRmqt_w,2026-08-05 17:00:29,48221,1290,24,119.99,120.24,0.01,0
VMa-1dgLaro,UCoSniqkitCpxlHrQd5L8A1w,2026-08-24 22:05:58,2894,14,5,119.91,120.16,0.09,0
VMa_pmyvdd0,UC9zmo9x1o7xAfgM1Fw3Dg4g,2026-08-13 08:00:30,3255,216,79,120.0,120.0,0.0,0
VMdM_kUBwqc,UCHeg3ApmuXQbqqszaD1fR9g,2026-08-09 14:46:30,105,10,0,119.98,120.23,0.02,0
VMkacdIV4J4,UCp6n8d8Y8r3MwKNw_MMaouQ,2026-08-14 16:41:36,6319,123,1,119.81,120.06,0.06,1
VMlJ7VmJsF0,UCjUnlBpn0Z1L450g79fniRg,2026-08-29 06:16:44,4056,4,5,119.98,120.23,0.02,0
VN-VbW5K3CY,UC7hwQp3F6P_OwyRM14p88iQ,2026-08-06 15:29:58,30540,239,0,120.0,120.0,0.0,0
VN2YJZg4Smk,UCJDXc9JWCZo-nLNKr_-L2Ng,2026-08-28 17:59:37,2272,79,3,119.77,120.02,0.02,0
ZaGnInvlM50,UCPuD5ZRQWa_JCaY5NokNhtg,2026-08-16 17:41:01,655,10,7,119.82,120.07,0.07,0
ZaTgMQTiNds,UCO8ToDSM2Gvt3EZdOdosxTw,2026-07-10 09:00:38,56064,736,58,119.75,123.61,0.25,0
ZaZAF4ouuZg,UC-aXNBQ6nwMNeW2V8XB7sBg,2026-07-25 08:00:06,34289,602,10,120.0,120.0,0.0,1
ZaZffvE7cpM,UCHbz27HAkCIQNw_G2Pa7XVg,2026-07-24 06:00:25,60619,840,19,120.0,120.0,0.0,1
ZadFsZ017Hs,UCIvLQ5lZ2kebqnLaGv_FP4w,2026-08-07 08:30:00,5104,82,27,120.0,120.0,0.0,0
ZamtWH-YiGg,UCWVS5IJOkNnkKS5rjiAt9rw,2026-08-04 19:55:40,6904,53,3,119.82,120.07,0.07,0
Zan_8Mmx3Qc,UC-FiQR2gg8oiNw98ZdsSX6Q,2026-08-28 12:00:09,61,2,0,119.76,120.01,0.01,1
ZapXiMAmJFo,UCZ-UuK86Bk5sGzQQ2cEglJQ,2026-07-25 10:30:37,169064,1875,93,119.99,120.24,0.01,0
Zau95DOWp1I,UC_e83kYlGHWbsrr8QCfV_ag,2026-08-17 10:56:05,9758,21,7,119.82,120.07,0.07,1
ZauO1Lf5MLk,UCVey3Q_CodrHAWBonTGbHFg,2026-07-18 03:00:20,21792,637,36,120.0,120.0,0.0,0
ZavMO7xIuiU,UCqIwPYLfMd3EoWYwvyTjPnA,2026-07-20 08:00:18,14022,84,8,120.0,120.0,0.0,0
Zb06kt_3nM4,UC8CX0LD98EDXl4UYX1MDCXg,2026-07-13 17:00:31,27386,2012,46,119.99,120.24,0.01,0
Zb9wCHnzBwU,UCT807kAu6fmwES8B5698e2w,2026-08-10 10:00:25,23896,1473,165,120.0,120.0,0.0,0
ZbaWwnOoAJk,UCfQOeRevRI14uNqluiJ7TeQ,2026-08-28 12:11:10,69,1,0,119.83,120.08,0.08,0
Zbk9fePN8g4,UCnCFD3met1Ip7OngdF9TRDg,2026-08-31 05:03:25,19383,79,7,119.96,120.21,0.04,0
ZbkzoqaLPLs,UCirJgPv8RtFaFMj39b6cD8Q,2026-08-12 13:00:04,17143,110,4,120.0,120.0,0.0,1
ZbwdJWPnc54,UCZRH94I89Ps7giJYeK6DlWA,2026-07-31 03:00:35,75390,972,120,119.99,120.24,0.01,0
Zc1fZosSwrg,UCifCesg-EUkjKyQedaB3hRg,2026-08-09 23:12:53,27501,917,13,119.79,120.04,0.04,1
ZcHdWxJKyYs,UCoSniqkitCpxlHrQd5L8A1w,2026-07-19 16:28:51,516,5,0,119.77,120.02,0.02,0
Zco6X7nx22k,UC1Ns07Rw0lQK-KuaPHfRRTw,2026-08-17 14:53:37,52,0,0,119.86,120.11,0.11,0
ZcuJq0slG80,UCN8L7Z-dyzu9FzT39RM0fvw,2026-07-16 07:47:36,28671,267,56,119.96,120.21,0.04,0
ZcwA7sbRfx8,UCXS55IczImEf64aU16NzKlg,2026-08-02 01:00:09,8085,10,14,120.0,120.0,0.0,0
ZcyM6AwtIEA,UCApYlKNymyHZ9dlOCImFVBg,2026-08-17 00:22:09,851,62,1,119.88,120.13,0.12,0
Zd3dv99LhPo,UCD7D_WRXbei_g6xXOZIhQnQ,2026-08-08 09:44:27,13402,88,25,119.76,120.01,0.01,0
Zd5khgblO58,UCV7WE8I_UiAN0fa6Arezx_w,2026-08-31 17:00:16,261,0,0,119.76,120.01,0.01,0
ZdAKnka7KbM,UCQyZh4b4TLaSVldnDWnh7fA,2026-07-26 05:46:22,0,0,0,119.98,120.23,0.02,0
ZdD2726mZaI,UCZ49HaU_D0Tlf1aDA2jU_Vg,2026-07-29 14:42:17,59282,483,145,119.8,120.05,0.05,0
ZdIfb7OReDY,UCWVS5IJOkNnkKS5rjiAt9rw,2026-07-24 18:36:25,6640,49,0,119.9,120.15,0.1,0
ZdL7rZ4caW0,UCbt557PsOnMaspiSUjuSVVw,2026-08-26 06:46:50,150548,1246,278,119.98,120.23,0.02,0
ZdRyi4kEXm4,UCnCFD3met1Ip7OngdF9TRDg,2026-08-01 07:02:11,17319,231,30,119.97,120.22,0.03,0
ZdVvvHnMXPI,UCp9skQ2mP_DfVL8c3gZQUzg,2026-08-10 10:52:10,70434,218,33,119.88,120.13,0.12,1
Zdda2vWG7I0,UCV6mNrW8CrmWtcxWfQXy11g,2026-08-22 11:11:54,93000,2647,133,119.81,120.06,0.06,0
ZdhVYxxOh8o,UCAGUSx1hbPKDqzBZH7bTjiA,2026-08-04 09:00:08,22755,200,46,120.0,120.0,0.0,0
ZdhZG1YzVJs,UCKttwyzsHvW7bCo7YfTacVQ,2026-07-29 19:36:21,1689,16,0,119.9,120.15,0.1,0
ZdkFd85oAsY,UC3hqiw3lZAXaMwhQvMGZkdw,2026-08-14 13:15:02,21523,125,5,120.0,120.0,0.0,0
Zdkxos7iM1M,UCPv0av3PfTUeTnHGgcXkk8w,2026-08-19 00:00:23,8,1,0,120.0,120.0,0.0,0
Ze2WfmCskLE,UCoSniqkitCpxlHrQd5L8A1w,2026-07-18 11:53:15,9086,68,4,119.86,120.11,0.11,1
Ze3gweItjMg,UCix5yCKpPr18CWrGOSCKCLA,2026-08-20 09:00:20,4982,115,5,120.0,120.0,0.0,1
ZeEeZ3Ayfzg,UClvMduw1MDMQ0PuH753-XSA,2026-08-06 01:32:22,2940,85,2,119.96,120.21,0.04,0
ZebRnRvAKpY,UCAVR6Q0YgYa8xwz8rdg9Mrg,2026-08-11 12:00:20,99446,5933,92,120.0,120.0,0.0,1
ZejJKAp9qhc,UCv1tOT645xHOJrwdGlzjMaA,2026-07-29 10:30:22,25059,364,3,120.0,120.0,0.0,0
ZekmDOXlUZ8,UCBtJuwDt6LlXp2YASC-ZMdA,2026-07-26 05:45:17,291,6,2,120.0,120.0,0.0,0
Zf0HknD2Occ,UCYMXFMiaGBnZ08-wBHS2MPQ,2026-07-30 23:22:03,2486,15,4,119.88,120.13,0.12,0
Zf1C0CjDA9U,UCQJuZxeDv2P05YHcC-tIEVQ,2026-08-19 08:00:11,12366,207,15,119.76,120.01,0.01,0
ZfFMmyue3wg,UCpwGBltfwjd_fIzp5cb5R0w,2026-07-22 12:30:08,185881,1728,320,120.0,120.0,0.0,1
ZfGBH6Tmqw4,UC6YqXiwCBfPvPTs3wXgWElQ,2026-08-18 13:41:13,61407,547,353,119.82,120.07,0.07,0
ZfSuKxAqJU8,UCYsRymb9vAsOOLBy-Wo1kRg,2026-07-27 09:13:09,10863,209,9,119.78,120.03,0.03,1
Zfdu7vuVtCk,UCL3gnarNIeI_M0cFxjNYdAA,2026-08-12 01:00:31,34250,518,106,119.99,120.24,0.01,0
Zfn-01NED-U,UCRq3CDTZ2qe3HiHrZdQKBvQ,2026-08-16 09:30:33,4188,37,21,119.99,120.24,0.01,1
ZfoWnB3uudk,UC_9W6Z5Y3lDpLk47Y_y5ITQ,2026-08-17 00:33:08,28573,310,40,119.95,120.2,0.05,0
ZfqF2I6dP6k,UCBTsPtRCh6ln3IRQFjhjh1A,2026-07-29 09:00:33,188742,1135,111,119.99,120.24,0.01,0
ZfsAXEi0W0M,UC-FiQR2gg8oiNw98ZdsSX6Q,2026-08-18 18:00:24,1874,16,2,120.0,120.0,0.0,0
Zg2r-_yqC4w,UCd4PDK0JYfPf0DUeYZThguw,2026-08-14 13:27:07,3969,101,67,119.8,120.05,0.05,0
Zg9x-_C4_F0,UC_E_qYfGKM3C0kqrp1p8z7Q,2026-08-06 15:00:27,80,6,0,120.0,120.0,0.0,0
ZgNQ7R-Rhfw,UC5WN-znPsJK0BbA8aHxZHWQ,2026-08-08 03:00:09,10235,193,50,120.0,120.0,0.0,0
ZgOT3bTo_1E,UCgjaQlejpAnIu0q-xtVfTEw,2026-08-12 05:00:33,15868,276,15,119.99,120.24,0.01,0
ZgQ2zvAwxoA,UCcNdwtZ7ulFFxngmnzsWQNA,2026-08-01 02:00:25,3641,50,23,120.0,120.0,0.0,0
ZgcQmsHOLZ0,UCdb5lyq0tWbY3jqH35SufmA,2026-08-19 22:30:31,18174,116,27,120.0,120.0,0.0,0
ZgfROUrNpVA,UCRltQqhqu9nXMRLaX0f8Cow,2026-08-18 23:00:08,37409,604,21,119.76,120.01,0.01,0
ZgkjHLnEp4I,UC7ikVsVGGrUy2RD65w-awng,2026-08-10 16:02:54,316,15,4,119.95,120.2,0.05,1
ZgzfjGtpEI0,UCKYqtXYbSqaEwBmX43Q13Tw,2026-08-31 12:00:15,15037,22,8,119.76,120.01,0.01,0
Zh5pL5I_Q3w,UCoQU5wtIxq0QGh80NHky82g,2026-07-14 07:52:12,218610,3423,84,119.88,120.13,0.12,1
ZhDtqBAyTY8,UC4oe-OVZ2Ho-03yrMkrXomQ,2026-08-13 23:00:14,122801,2079,92,120.0,120.0,0.0,1
Zhg5y4KzAE8,UC0FUMakBJHsRrfKCGQuWnRA,2026-08-22 10:47:23,12203,88,41,119.97,120.22,0.03,0
ZhvACwuXiOA,UCZ-UuK86Bk5sGzQQ2cEglJQ,2026-07-29 08:30:33,72385,1875,27,119.99,120.24,0.01,0
Zi1c-m6Ak3Y,UCZ6mNZTiTUrUSbSYPlclI4A,2026-08-13 02:30:46,2313,31,16,119.99,120.24,0.01,0
ZiFDGpTKywE,UC_m_uqd_9s0hZvlgfvCzqbQ,2026-08-23 12:12:40,1057,3,2,119.8,120.05,0.05,1
ZiFf5tY6iRg,UCpTNtH8yc1Kdl_YFfsQsTYA,2026-08-08 09:00:33,47027,159,15,120.0,120.0,0.0,1
ZiSwhB7dGqY,UCV7WE8I_UiAN0fa6Arezx_w,2026-08-31 19:00:25,195,0,0,120.0,120.0,0.0,0
ZiX3kCCqlVA,UCzVXdulvpgEoI8yuFMmhxJw,2026-07-31 15:17:33,9172,398,33,119.96,120.21,0.04,0
ZiZLUqzL5XA,UC1IUMdwaJ22A6FkPiI8dcig,2026-08-15 07:20:18,84633,1912,64,119.91,120.17,0.09,1
ZijaQudTxYw,UCnju7ULBic4VgkCfDvVXCnA,2026-08-01 00:21:52,17288,376,1,119.89,120.14,0.11,0
Zin9AK1P6SM,UCb5NLtXAsTBrmaZVhyFa-Wg,2026-07-28 09:15:15,167427,926,279,120.0,120.0,0.0,0
Zirb-3sQoiI,UCRE-9quk3OT2OKgZFAgdN_g,2026-08-30 13:38:39,13740,47,9,119.87,120.12,0.12,0
ZisEUe-iz8k,UCZaNYFjF_SRRJPVuGX7yMjQ,2026-08-13 14:00:33,4,2,0,119.99,120.24,0.01,0
ZitD7xcdNDE,UCPGl9DV2WUgaqGVXtVrhJWQ,2026-07-22 15:00:02,112,0,0,120.0,120.0,0.0,0
Zj4GTnD17R0,UCCs1YZHxUTIbLZd-xrvvMCw,2026-07-14 09:01:09,163531,3499,166,119.98,120.23,0.02,0
ZjCxgwVBpJk,UCOTJtP0Z9DjpPU43B5m1V6A,2026-08-16 05:00:00,219682,1608,31,120.0,120.0,0.0,0
Zj_mbBNhxl0,UC_e83kYlGHWbsrr8QCfV_ag,2026-07-23 14:10:08,50467,139,167,119.83,120.08,0.08,0
Zjjv_oOqmPg,UCdK9h1ILxS49c2LguBUY3rw,2026-07-27 11:45:38,6,2,0,119.99,120.24,0.01,0
ZjoBWc4GsiU,UCKC4R6B8bTLIKH1V9PyD7Iw,2026-07-31 09:00:18,36404,286,33,120.0,120.0,0.0,0
bGAjd7DeyIU,UCMAfHuocszM6UTORPwUmeNw,2026-08-16 15:16:57,12699,360,1,119.97,120.22,0.03,0
bGHUW197NRI,UCPGl9DV2WUgaqGVXtVrhJWQ,2026-07-15 13:21:28,5,0,0,119.89,120.14,0.11,0
bGJF43xGmxg,UCwfbSsZ7_sccxcibe60mWlQ,2026-08-28 05:38:44,39366,238,35,119.87,120.12,0.12,1
bGQ-EnI1D-k,UCqIwPYLfMd3EoWYwvyTjPnA,2026-08-07 03:00:39,23941,86,12,119.99,120.24,0.01,0
bGak0Hm0lA0,UCABvetlXpdOwFz10fCpJkwQ,2026-08-25 21:51:39,162532,1624,948,119.9,120.15,0.1,0
bGnJ20V37Ec,UCL2ZLyAV0H9Pvi46W7TGdHQ,2026-08-24 11:00:01,186623,1481,70,119.76,120.01,0.01,1
bGnPnv06ptg,UCIKORyfTZ0cN-u0hrxHcgUw,2026-08-15 07:03:26,148,3,0,119.95,120.2,0.05,0
bGsL9uE09_Y,UCZHBZUrLKMoL6FxpvdRzhKA,2026-07-27 02:48:41,1533,15,0,119.94,120.19,0.06,0
bGtlog_Y_CI,UC5ThQKdocwo_9UurfT5P_ww,2026-08-13 06:17:33,222664,3602,181,119.96,120.21,0.04,1
bH-VX5_Qz4Y,UCS-X1uBDTNwAYyydiXjcX9A,2026-08-26 12:27:22,27039,148,13,119.81,120.06,0.06,0
bH-pyIzlO0s,UCYxwKnNRv4FurQxeKcuR0Sw,2026-08-11 13:53:59,61,4,0,119.85,120.1,0.1,0
bH6Xe7shsrs,UCs0LzOveQMLImmmTrMmP2sg,2026-08-18 10:18:21,108627,482,41,119.95,120.2,0.05,0
bHC0wm6yPBE,UCT-UsvGz4gm7lezXvCEex9A,2026-08-26 08:00:09,1262,28,3,119.76,120.01,0.01,1
bHOj2k_nyoo,UCaHIZAKows704_gk6bjdAog,2026-07-24 22:15:12,24999,360,40,120.0,120.0,0.0,1
bHZ5hwDPYPU,UCwBkHOTyu57NQi0syf5MLig,2026-08-29 02:00:34,337994,2298,47,120.0,120.0,0.0,0
bHp8xdJKgjs,UCgLFbrC7-g0ihBKB0obVPTg,2026-08-24 12:13:19,187,11,0,119.54,120.04,0.04,0
bI6NuMxfKR0,UCPv0av3PfTUeTnHGgcXkk8w,2026-07-14 17:15:42,7,1,0,119.99,120.24,0.01,0
bICNHCzY9Tw,UC8FErYSi74YwGUAoTpjvgzQ,2026-08-17 09:07:41,4692,244,31,119.88,120.13,0.12,0
bIGt7Y4c3LA,UCoH2pCzAr6zWDG-LtUiLWRw,2026-08-17 22:00:20,65040,659,189,120.0,120.0,0.0,0
bIPHc8UXIrA,UCZ-UuK86Bk5sGzQQ2cEglJQ,2026-08-29 08:11:28,588934,8304,79,119.82,120.07,0.07,1
bIRbEv16vvs,UC4VWaR3R17Ruc7j1Cy1-PKQ,2026-07-20 08:11:16,109,4,0,119.81,120.06,0.06,0
bITxB0BYah8,UC1dG3vI9FfHnH3YgyeKUz_A,2026-08-06 14:30:19,162735,940,117,120.0,120.0,0.0,0
bIUHta08GbM,UCgT-gb3favw2jQgwxbbwwaA,2026-08-15 15:05:39,166666,2352,43,119.66,120.16,0.16,1
bIdaNF1argw,UCV6mNrW8CrmWtcxWfQXy11g,2026-08-20 00:23:00,146305,5050,702,119.87,120.12,0.12,0
bIekzF78I7I,UCjsqgRBvkn8XadWraSQxTKQ,2026-08-26 16:28:42,370,4,0,119.78,120.03,0.03,0
bIiM5e83QKo,UCS2OAdHoLt-9T6cG9A2H49Q,2026-08-30 03:00:13,37419,192,46,119.76,120.01,0.01,0
bIsP1BxxSlQ,UCN8L7Z-dyzu9FzT39RM0fvw,2026-08-29 09:03:56,35242,179,51,119.95,120.2,0.05,0
bIuytHLI34o,UC5WN-znPsJK0BbA8aHxZHWQ,2026-08-07 10:00:19,14168,554,16,120.0,120.0,0.0,1
bJ-qy_c2hf4,UC0FUMakBJHsRrfKCGQuWnRA,2026-08-06 06:00:07,5780,52,4,120.0,120.0,0.0,0
bJ12uTjjhCo,UCyfvCj_x8SzzSbhqr--dhvg,2026-08-24 12:39:45,73,1,0,119.85,120.1,0.1,1
bJLPydaffJA,UCzSODDx0zQF3nxXOZISCm_w,2026-08-26 16:41:56,578,1,0,119.81,120.06,0.06,0
bJO1jGjnYy8,UCAVR6Q0YgYa8xwz8rdg9Mrg,2026-08-17 10:00:33,62137,4049,63,119.99,120.24,0.01,1
bJOIlq4dR7k,UC3_QWAvQRhPW4CDoQU8acKw,2026-08-10 07:00:04,15834,434,16,120.0,120.0,0.0,0
bJveq-JGZnA,UCpI-AhCT02iQRGLC2ZcY0Jw,2026-08-04 05:00:10,70152,944,20,120.0,120.0,0.0,1
bJwZ3zFF9u4,UCvPDPTxTLitVEyGu4Xt6m8g,2026-07-27 09:19:07,25013,196,9,119.93,120.18,0.07,0
bJxaB3V9cno,UCaN1Qp37sHiCdQuSaXa3fVw,2026-08-01 08:26:34,694067,7110,97,119.81,120.06,0.06,1
bKAak3Ryl3s,UCJA6MZLzTeljmGNFaugdoWQ,2026-08-03 07:00:38,146,2,0,119.99,120.24,0.01,0
bKBK_R9jI3A,UCFrKhWvZ8oeJQTNP5ZabgJw,2026-08-29 01:00:11,190624,3108,167,119.76,120.01,0.01,1
bKfAYMFeOnM,UCPGl9DV2WUgaqGVXtVrhJWQ,2026-07-10 15:00:10,5,0,0,120.0,120.0,0.0,0
bKig5ZbKKqQ,UCmZeuRfHYowZhf6odtoaNdg,2026-08-20 03:12:42,139372,1721,1159,119.8,120.04,0.04,0
bKpuxvps5pY,UCifCesg-EUkjKyQedaB3hRg,2026-07-31 00:52:27,28745,759,12,119.88,120.13,0.12,1
bKzWSpH-C6Y,UCQ5KMP03ifjJ8mDeyjWeZ7g,2026-07-25 11:29:38,5137,49,3,119.76,120.01,0.01,0
bL7JsMuefUI,UCQuY08EEKLFOp0D37Sfpd0A,2026-08-17 03:30:35,109226,1887,44,119.99,120.24,0.01,0
bL99Aly2iXg,UC2yOBpLVwB7kzt9C5ZPbB7w,2026-08-14 13:00:12,153184,2474,69,120.0,120.0,0.0,1
bLTKtm_Je4k,UCby0vMKcLR05ZdS90aZd5og,2026-07-21 15:49:54,3697,5,0,119.92,120.17,0.08,1
bLaIM2L5I7E,UCoH2pCzAr6zWDG-LtUiLWRw,2026-08-28 07:00:35,14687,70,24,119.75,120.01,0.01,0
bLek23BtyNk,UCPGl9DV2WUgaqGVXtVrhJWQ,2026-08-13 15:00:33,14,0,0,119.99,120.24,0.01,0
bLxijk6IeLk,UCSzHok6X5qXEO7cjvVnE62g,2026-08-01 04:00:06,62332,291,78,120.0,120.0,0.0,0
bM15j13CV60,UC7Fh4LtlazaQnzT84qCzl6A,2026-08-12 08:24:19,86461,834,64,119.85,120.1,0.1,1
bM4NPHkpFCQ,UCPGl9DV2WUgaqGVXtVrhJWQ,2026-08-21 15:00:33,13,0,0,120.0,120.0,0.0,0
bMAvcIwIZw0,UC2WBkFH1nHcO6aFLWo6sZQg,2026-08-30 14:59:17,21978,947,4,119.77,120.03,0.03,0
bMMJu7S0DhI,UCkd3KAYGnTNPJZZrPOFeWhA,2026-08-05 08:00:00,22994,68,13,120.0,120.0,0.0,1
bMNMA-34EoY,UCxpyoLu0jWQJ71_p5zMSgSA,2026-08-11 09:00:06,32820,280,13,120.0,120.0,0.0,1
bMmNNumIyqM,UCgLFbrC7-g0ihBKB0obVPTg,2026-08-31 13:47:53,299,4,0,119.96,120.22,0.04,0
bMwzP3BMSww,UCyaMGpNb-UiLHMY833ai7IQ,2026-08-18 17:07:26,23,2,0,119.89,120.14,0.11,0
bMydTQY9HMw,UCqlcSsDNMYxEsem7bWY-66Q,2026-08-23 16:13:25,14963,463,0,119.79,120.04,0.04,0
bN17BYde8Ig,UCaY7wcqhFb_c2eQ1eRB8rOQ,2026-07-31 11:00:38,25960,1326,58,119.99,120.24,0.01,0
bN2Qf_1SGUo,UC-2JsFNClcIesgd7UmtGnpw,2026-08-15 02:00:06,92234,2831,81,120.0,120.0,0.0,1
bNR9dzFVzPE,UCs0LzOveQMLImmmTrMmP2sg,2026-07-27 14:24:33,111464,533,40,119.84,120.09,0.09,0
bNV6Ve2ocD4,UCs5l-YSO8PU9gf8Pv2v83fw,2026-08-17 02:00:32,98,2,2,119.99,120.24,0.01,0
bNl-IO8DUa0,UCyZXLzORHoh9QMwA7IwS0pA,2026-08-05 13:58:47,649,5,0,119.77,120.02,0.02,0
bNtOEHclsFM,UCZHBZUrLKMoL6FxpvdRzhKA,2026-07-28 16:05:38,9127,64,1,119.91,120.16,0.09,0
bO-xCeYQc5Q,UCpcTrCXblq78GZrTUTLWeBw,2026-07-13 15:57:36,36295,688,60,119.79,120.04,0.04,0
bO5Z7lmGpPg,UCWwbZhw5M-Q5dZtTK4nDWNw,2026-08-07 10:30:08,11951,201,21,120.0,120.0,0.0,0
bOIr-cQUPHk,UCYxwKnNRv4FurQxeKcuR0Sw,2026-07-23 03:00:27,15,2,0,120.0,120.0,0.0,0
bOJqx2FAdZk,UCsbo5VemDR505Etd5ZKnWNA,2026-08-03 06:30:13,19531,318,20,120.0,120.0,0.0,0
bOLjDb7RGMk,UCnV5tUnOVGyT-Ncj0s0tPTw,2026-08-31 11:52:47,12483,51,0,119.88,120.14,0.12,0
bOTmjrpL-6g,UCooLkG0FfrkPBQsSuC95L6w,2026-08-04 08:00:04,21350,237,75,120.0,120.0,0.0,1
bOWk7-xwfKY,UCZ6mNZTiTUrUSbSYPlclI4A,2026-08-17 09:41:30,3595,92,29,119.81,120.06,0.06,0
bOiX62DQHO0,UCp6n8d8Y8r3MwKNw_MMaouQ,2026-08-25 13:49:19,36261,887,8,119.94,120.19,0.06,1
bOrD9anW1yw,UC78d2aaqdrt02RfmtRLmlAw,2026-08-05 19:57:38,41440,940,365,119.79,120.04,0.04,0
bOvfBz_5cEg,UCcum1rCJ5GJeQ_xv0xrohqg,2026-08-07 04:00:14,146032,2230,290,120.0,120.0,0.0,1
bOxPmYi1De0,UCksGX0hODm1Ev6mysrToMqg,2026-08-11 05:56:39,5008,149,13,119.81,120.06,0.06,0
bOzEt9PJY04,UC1p5kp09LAS3kpQB3O8YQJw,2026-07-23 15:55:03,3812,49,2,119.83,120.08,0.08,0
bP0dKn8gb8Q,UCkd3KAYGnTNPJZZrPOFeWhA,2026-08-18 08:00:35,57007,129,38,120.0,120.0,0.0,1
bP8hlce0RAA,UCzVXdulvpgEoI8yuFMmhxJw,2026-08-26 13:45:40,112127,3641,350,120.0,120.0,0.0,0
bPGgbTOm8rY,UCZJFaxsby9j3T6h0UVcCcCA,2026-07-30 19:00:20,57,2,1,120.0,120.0,0.0,0
bPGniYaURMk,UCpcTrCXblq78GZrTUTLWeBw,2026-07-29 05:30:30,423110,10890,120,119.99,120.24,0.01,0
bPMSmL1-0E8,UCV7WE8I_UiAN0fa6Arezx_w,2026-08-10 14:00:01,17,1,0,120.0,120.0,0.0,0
bPeZPIFGy2g,UCkphwoGMBs2_0raLOqu9aQw,2026-07-29 12:00:11,91,2,7,120.0,120.0,0.0,0
bPhy2_aJfvA,UCbvvdVOF0teLO-U6GWh1RKg,2026-08-19 09:42:46,1449,40,15,119.8,120.05,0.05,0
StzXybW8oOU,UC5RxNUZ9_c94ZEfJGnJZmTw,2026-08-28 22:50:49,7749,156,31,119.91,120.16,0.09,0
Su2McANHwX8,UCgLFbrC7-g0ihBKB0obVPTg,2026-08-13 12:39:40,124,5,0,119.84,120.09,0.09,0
Su4vPIa3NUg,UCVWAdUQGUiY2Kzh0JoB5PtQ,2026-08-08 11:32:52,4331,60,17,119.95,120.2,0.05,0
SuD8RoA6oqU,UCV6mNrW8CrmWtcxWfQXy11g,2026-08-16 14:00:03,288342,10043,69,120.0,120.0,0.0,1
SuYRYoAYY_s,UCt8CJiye87FMbEwt0npPMuQ,2026-08-09 15:00:22,44063,1679,162,120.0,120.0,0.0,1
Sv-ejSFwkbg,UCRLoyYlPR9ufzlbeI9lLDqg,2026-08-27 09:00:33,37314,636,154,120.0,120.0,0.0,0
Sv2ddd3_RIA,UCV7WE8I_UiAN0fa6Arezx_w,2026-07-31 05:00:33,57,0,0,119.99,120.24,0.01,0
SvGSriajV5U,UC2yOBpLVwB7kzt9C5ZPbB7w,2026-08-26 20:00:36,91301,1338,60,120.0,120.0,0.0,1
SvNW8DnuPYQ,UCc1VJX_5Z2RdGi58XU4IfbA,2026-08-15 14:33:32,67774,291,0,119.94,120.19,0.06,0
SvfAjJVNDU0,UCSzHok6X5qXEO7cjvVnE62g,2026-08-15 12:00:30,105030,1093,16,120.0,120.0,0.0,0
Svh-NUZtrMA,UCfjMjhfjRRy8B0mfqbO_43w,2026-07-17 12:50:40,15009,281,34,119.91,120.16,0.09,0
Svk1oGBAQZA,UCtVBI7YLJyDvrx7iWAukx_Q,2026-08-29 06:00:06,8446,114,41,119.76,120.02,0.02,0
Sw-6NVy8qgY,UCXg-6b0X0sIMBDHhbyBuOQg,2026-07-21 11:00:22,669,11,2,119.99,120.24,0.01,1
SwV5n5Fb41I,UCyoSQyaCrZHro6F_nBiXIYg,2026-08-12 13:51:17,85912,412,103,119.9,120.15,0.1,0
SwbQgHMkSJc,UCK2tMI7hBvOk5ibNMVpaIlw,2026-07-22 16:20:57,84,8,0,119.9,120.15,0.1,0
SwbQss80i6k,UCD8r5Jgns2V64-NcUmXclpg,2026-08-22 03:15:10,56891,311,35,119.76,120.01,0.01,0
SwdKorGPUQA,UCFHUplScMiWTjJrtv4hxWmg,2026-08-02 13:26:46,39786,321,112,119.81,120.06,0.06,0
SwgH_br9dss,UCJDXc9JWCZo-nLNKr_-L2Ng,2026-07-22 15:28:03,2410,100,4,119.78,120.03,0.03,0
SwiCEUvVPJk,UC_E_qYfGKM3C0kqrp1p8z7Q,2026-08-24 15:00:22,85,3,0,120.0,120.0,0.0,0
Swwas7_svPM,UCp_jHNjcoiXC7SlElrBmzBA,2026-07-20 03:00:33,7992,383,35,119.99,120.24,0.01,0
Sx9e9HVC8hY,UC8CZL4cvFiKwKKDNCuM2lTA,2026-07-31 08:28:38,58408,249,48,119.78,120.03,0.03,1
SxNkx8RCOvM,UCei_ecYpQqFjYhjLaDPr2Lw,2026-07-12 02:15:31,2025,4,11,119.99,120.24,0.01,1
SxTj8QPFL8I,UCOTJtP0Z9DjpPU43B5m1V6A,2026-08-28 12:00:07,405134,2583,109,119.76,120.01,0.01,1
SxVNm5k0854,UCDbOXmGL7EkmOcnUb5Kki4A,2026-07-14 20:11:52,34831,489,427,119.8,120.05,0.05,0
Sxm3KqdPsog,UCd9oeoY-jLSkhd-J5y_1aYg,2026-08-31 13:35:04,4222,9,0,119.93,120.18,0.07,0
SxrJ80XXcfE,UCnCeDIkExSpULGqmpj5oafg,2026-08-11 15:00:22,6171,25,4,120.0,120.0,0.0,1
Sy1RwUaescc,UCxtZZzggcfOmsW99gYkxsNA,2026-08-05 05:57:07,2232,18,5,119.8,120.05,0.05,0
SyAw9kIUkCM,UCxn8csYeZg6awRnZS-aqg0g,2026-08-12 17:00:26,18708,292,77,120.0,120.0,0.0,1
SyWPK785I9U,UClwuK569whFirD9-u7luRbw,2026-08-19 13:54:07,1600,10,2,119.86,120.11,0.11,1
SyYL4np6baE,UCqVkQsNin4MdGFrWvzFVOKw,2026-08-09 04:12:19,12081,66,4,119.8,120.05,0.05,1
SydpGcNkppw,UCqFmG6ofirSWvI9B8mwzvyA,2026-07-22 13:00:17,411,13,2,120.0,120.0,0.0,0
Sydx81lIFeE,UCD9tj7ATjYkyPyWXK_ewNXQ,2026-08-28 02:32:52,1996,5,0,119.96,120.21,0.04,0
SyiDnMrRkm4,UCp6n8d8Y8r3MwKNw_MMaouQ,2026-08-30 13:09:28,14236,480,5,119.86,120.11,0.11,1
SytLY4xexAA,UCL_IvtOZo6sONpiydbzzHpA,2026-07-27 15:00:07,57639,945,79,120.0,120.0,0.0,1
Syv-NGjY5hY,UCdGiRd1dTixfQxQrb2pbn5Q,2026-08-19 08:00:31,24946,349,40,120.0,120.0,0.0,1
Sz1IBb_AKnU,UCl-VnCUwSxDr5zPu-YlDUYw,2026-08-22 08:00:13,27608,467,22,119.76,120.01,0.01,1
Sz8JkqIBQFo,UCb3wpKfVlnPx2bym2Tivbzw,2026-07-28 04:00:22,4455,104,40,120.0,120.0,0.0,0
Sz9b9sVi7WA,UCrR_fhiJjoW8OJFzUcmlMMA,2026-08-31 07:00:13,14233,53,32,119.76,120.01,0.01,0
SzFJlecVLCI,UCrxzkAOXEbflxcTbRYnCoTw,2026-08-28 23:00:24,88594,306,85,120.0,120.0,0.0,0
SzOG6rcYfeY,UCyaMGpNb-UiLHMY833ai7IQ,2026-08-17 14:17:54,44,1,0,119.96,120.21,0.04,0
SzRdNpu1Gqc,UC59jWhPazXYi8Ny4vake45A,2026-08-19 09:23:20,83156,1696,40,119.87,120.12,0.12,1
SzaiUdOW8Vk,UCwBkHOTyu57NQi0syf5MLig,2026-08-22 02:00:16,595793,5218,84,119.76,120.01,0.01,1
T-6q7HZgEOE,UCHK-FRuAjk8g798dD7L7xqA,2026-07-14 08:00:39,3210,60,18,119.99,120.24,0.01,0
T-JHUMMwQ-k,UChLqHuZV0PENIBYxDgXyPLQ,2026-07-25 09:51:35,668441,13748,120,119.89,120.14,0.11,1
T-fRgraQevw,UCBtJuwDt6LlXp2YASC-ZMdA,2026-07-25 16:06:12,455,6,1,119.9,120.15,0.1,0
T-uNFnUmotY,UCoIEwIHhW-1_roLnb5nK_UA,2026-08-26 11:55:03,18076,52,13,119.84,120.1,0.1,0
T040O4WDJ9M,UCPJGXrPIVKBR8PJY7w33WZw,2026-08-22 01:00:25,68444,892,255,120.0,120.0,0.0,0
T06dBPenSgM,UCerhqgFd8dnypewC3yjAlbg,2026-08-27 09:45:33,36130,347,38,120.0,120.0,0.0,0
T08YFonlEOo,UCKYdD83f363lIzcAwwhB-_A,2026-08-10 16:24:30,3123,14,0,119.84,120.09,0.09,0
T0PaG3R2-jY,UCz5LAkkX66OAW-y_WiWf9vA,2026-08-30 11:43:32,310,2,0,119.79,120.04,0.04,0
T0VE13W_4CA,UCzSODDx0zQF3nxXOZISCm_w,2026-07-26 09:30:17,222,5,0,120.0,120.0,0.0,1
T0t3mFt791s,UC7wtTnMorJi_d93lb_P2Xow,2026-07-24 09:00:29,1737,19,6,120.0,120.0,0.0,0
T0yYvyHoKKA,UCYS2NvZlSjrxZfnn1v7b3QQ,2026-07-26 16:06:23,9,1,0,119.9,120.15,0.1,0
T177ngqigy4,UCYooECrv-fIXlPaDwEIaveA,2026-07-25 09:01:30,66408,1065,122,119.98,120.23,0.02,0
T1AWofRFjPw,UCN7FA8FwikP2p5Vrs5kiivw,2026-08-12 22:00:22,1491,25,2,120.0,120.0,0.0,1
T1PmGt568gc,UCIvLQ5lZ2kebqnLaGv_FP4w,2026-08-17 17:59:30,3957,21,0,119.76,120.01,0.01,0
T1XEuxXLIDU,UC_e83kYlGHWbsrr8QCfV_ag,2026-08-17 11:04:16,12012,20,4,119.93,120.18,0.07,0
T1XJG4gBC0k,UCF-rFAdN7dzd-SI2T3rkCaQ,2026-07-15 11:33:42,28994,234,79,119.94,120.19,0.06,0
T1h4S8nbwQQ,UCby0vMKcLR05ZdS90aZd5og,2026-07-28 07:00:01,5441,3,0,120.0,120.0,0.0,1
T1hwDVI-BBc,UCCd3jyJmOFzkJEMj5Bp89rw,2026-07-15 19:00:39,1052,72,3,119.99,120.24,0.01,0
T1lOqWR1svY,UCta3D5-EYqO-pduQLxQ8mNQ,2026-08-08 08:25:02,2392,12,21,119.84,120.09,0.09,0
T1nkxmWOKfU,UCKVt3arMXfa6XZezR1UnjqQ,2026-08-08 22:00:06,5467,68,4,120.0,120.0,0.0,0
T1pxuXBNQ6A,UCgLFbrC7-g0ihBKB0obVPTg,2026-08-30 23:23:48,246,3,0,119.87,120.12,0.12,0
T2-gVPRA4_M,UCV7WE8I_UiAN0fa6Arezx_w,2026-08-26 04:00:04,17,0,0,119.76,120.02,0.02,0
T2MklMIe1EY,UCgLFbrC7-g0ihBKB0obVPTg,2026-08-23 13:15:31,115,5,0,120.0,120.0,0.0,0
T2Qfy5b8JEM,UCpX86JOUhnrzG7MK8e8Gjbw,2026-07-21 06:19:28,27101,135,285,119.93,120.18,0.07,0
T2izaV_UgDQ,UCnju7ULBic4VgkCfDvVXCnA,2026-08-04 04:54:26,34038,75,1,119.85,120.1,0.1,1
T2vgtotgdts,UCJGww2K__Q3y-MtDi0XWH2w,2026-08-29 04:19:19,255095,2067,72,119.94,120.19,0.06,0
T2wk_jzIcrM,UCyEIUlSKbzCt3ElAsPFb7EQ,2026-07-28 02:00:18,12733,31,34,120.0,120.0,0.0,0
T3-wmyfRtTM,UCYGF_xk5RDpltyZDSx040uw,2026-08-02 03:19:42,56109,790,14,119.92,120.17,0.08,1
T33muJlWZcY,UCkrJBQAut47U8xMUuv8D_3g,2026-07-18 10:00:28,25060,999,91,119.99,120.24,0.01,0
T3KLwguMK5M,UCoSniqkitCpxlHrQd5L8A1w,2026-07-24 17:02:36,5849,23,4,119.96,120.21,0.04,1
T3KU7r2J1ww,UCTVkjiEiaiSbEq0Qwd5XTPA,2026-07-29 16:05:04,595,24,1,119.92,120.17,0.08,0
T3khtzCc5Rg,UCZRH94I89Ps7giJYeK6DlWA,2026-07-25 03:00:36,28989,429,36,119.99,120.24,0.01,0
T3thHUtPdhc,UCpcTrCXblq78GZrTUTLWeBw,2026-07-20 01:54:32,23867563,309346,8474,119.84,120.09,0.09,0
T4AKvnhfJbk,UC4VWaR3R17Ruc7j1Cy1-PKQ,2026-08-09 20:36:22,51,3,0,119.9,120.15,0.1,0
T4EukMtTCec,UC543-TDm6IvHHZXwdSFioMw,2026-08-19 14:20:20,59165,1249,91,119.92,120.17,0.08,0
T4_Ply67J2A,UC0FUMakBJHsRrfKCGQuWnRA,2026-07-31 10:46:46,99825,1025,231,119.97,120.22,0.03,0
T4gY6KFUBGI,UCV7WE8I_UiAN0fa6Arezx_w,2026-08-28 15:00:35,206,0,0,120.0,120.0,0.0,0
T4zMUBCDFyw,UC2NFRq9s2neD_Ml0tPhNC2Q,2026-07-25 02:30:26,158914,2315,34,119.99,120.24,0.01,1
T5-wPX1w1zs,UCgT-gb3favw2jQgwxbbwwaA,2026-08-10 11:00:23,162199,1021,48,120.0,120.0,0.0,0
VN8Tx1Nqdjs,UCamHctB9_ZaFO9vZElnl_Yw,2026-07-24 08:00:15,28083,393,47,120.0,120.0,0.0,0
VNDwW-Rr7SI,UCOaUTqrtz1yBBiwziVJEAmQ,2026-08-25 11:00:36,12193,273,7,120.0,120.0,0.0,0
VNPzzIvZqwc,UC3hqiw3lZAXaMwhQvMGZkdw,2026-08-29 13:15:05,5769,31,9,119.76,120.01,0.01,0
VNUbh9DFvLI,UCN5oT4zGJX-_H6pE5isAEeg,2026-08-26 22:00:21,482162,7629,953,119.76,120.01,0.01,1
VNec0dxuCp4,UCdb5lyq0tWbY3jqH35SufmA,2026-07-29 22:30:11,14889,129,74,120.0,120.0,0.0,0
VNhXJja6bzY,UCN8L7Z-dyzu9FzT39RM0fvw,2026-08-13 11:08:22,8818,108,65,119.86,120.11,0.11,0
VNnYgsGJk5c,UCB4gIGaPUiLtpPreFSf8fKQ,2026-08-03 11:00:05,4750,67,25,120.0,120.0,0.0,0
VNq-dsgcO58,UCab17MxxnFtAhGsJVTkSkCg,2026-08-30 09:02:43,3616,12,0,119.97,120.22,0.03,0
VNvxjjeaCV4,UC5WN-znPsJK0BbA8aHxZHWQ,2026-07-23 13:30:25,13106,120,6,119.99,120.24,0.01,1
VO8h6rpb4yA,UCq6bX1rAJqwt3LmYuHrDPqg,2026-07-31 19:20:55,4488,3,0,119.9,120.15,0.1,0
VOH1-nuzZSA,UCcsC1X0SyiWcxBTbnjoZ9Ag,2026-08-07 09:00:15,3415,59,25,120.0,120.0,0.0,0
VOUIAJwBhQ4,UCt8CJiye87FMbEwt0npPMuQ,2026-07-22 12:30:21,48722,2033,101,120.0,120.0,0.0,0
VOXHDCGeR5I,UC78d2aaqdrt02RfmtRLmlAw,2026-07-28 00:00:04,4551,55,0,120.0,120.0,0.0,0
VOcWlEGaqik,UCV6mNrW8CrmWtcxWfQXy11g,2026-08-11 22:00:19,54059,3409,51,120.0,120.0,0.0,1
VOjt84Ef680,UCgjaQlejpAnIu0q-xtVfTEw,2026-08-22 23:00:20,86820,1863,41,119.76,120.01,0.01,1
VOqlRHb7HGk,UCYjNEoVziojh1ZCum1q0PNQ,2026-07-14 02:15:22,26070,590,16,120.0,120.0,0.0,1
VPUGjp-oQiY,UCN7FA8FwikP2p5Vrs5kiivw,2026-07-22 13:03:18,30874,1267,23,119.95,120.2,0.05,1
VPXBla_NJgM,UCcsC1X0SyiWcxBTbnjoZ9Ag,2026-07-24 09:00:07,2201,33,23,120.0,120.0,0.0,0
VPdq_IJA7oA,UCp9skQ2mP_DfVL8c3gZQUzg,2026-07-31 18:51:35,6480,97,1,119.89,120.14,0.11,0
VPetdQyy73A,UC2ja61Zku_rw3ZBfDZi8cuQ,2026-08-07 08:00:19,73322,1260,84,120.0,120.0,0.0,0
VPuE2OWq3Hk,UCnCeDIkExSpULGqmpj5oafg,2026-08-11 03:00:34,5685,39,7,119.99,120.24,0.01,1
VPxcwU4CAzc,UCV6mNrW8CrmWtcxWfQXy11g,2026-08-23 22:00:05,190778,8471,46,119.76,120.01,0.01,1
VPzdduaXM48,UCzDmGDR5RdahQkLCBoWlTEg,2026-08-10 11:47:54,15558,74,4,119.95,120.2,0.05,0
VQ0YkiT656g,UCYooECrv-fIXlPaDwEIaveA,2026-07-10 09:00:07,101429,1055,29,119.76,123.62,0.24,1
VQK8_OgAuCg,UC5ScPjbt-a97AJO7SBj6nAg,2026-08-24 07:30:29,154823,4200,173,120.0,120.0,0.0,1
VQQM8xXjdu4,UCNZiNM2pP6uhIlTQVS2Q5fA,2026-08-01 09:00:30,170874,2892,182,119.99,120.24,0.01,1
VQ_SRekJJYA,UCKHx_yf3dI2ajWAjXRJ_9Rw,2026-07-28 16:50:34,1500,45,2,119.91,120.16,0.09,0
VQa2t_KhSnI,UChfs1dQ5phBDBWZJ1hHLbUA,2026-07-29 09:15:17,20160,291,40,120.0,120.0,0.0,0
VQatqUaZ1EQ,UCBo7GIv99qTzHaa6ip09YLA,2026-08-28 08:15:21,14300,21,24,119.76,120.01,0.01,1
VQdOrc36RAM,UCw1DsweY9b2AKGjV4kGJP1A,2026-08-28 08:01:14,25662,38,10,119.99,120.24,0.01,0
VQmYtPItabo,UCoSniqkitCpxlHrQd5L8A1w,2026-07-14 23:16:06,1215,11,0,119.98,120.23,0.02,0
VQp3cakbg2I,UCN8YcyYvYIrtLcwyT-KqbNg,2026-07-16 11:30:14,24303,516,19,120.0,120.0,0.0,1
VQwbWoi4EgA,UCV7WE8I_UiAN0fa6Arezx_w,2026-08-29 22:00:23,408,0,0,119.76,120.01,0.01,0
VQx5qXsvvLY,UCawK5EIfr66Z7fjAlZgfB2g,2026-08-27 02:08:33,4919,,0,119.87,120.12,0.12,0
VRHUtx6J97s,UCNu00qhYj4nPeMNdxuwV6sg,2026-08-13 11:35:31,1599,34,2,119.91,120.16,0.09,0
VRQLnCtkJK4,UCnhGcri8x6xhehanhAe9ipw,2026-08-09 10:16:10,11808,136,19,119.98,120.23,0.02,1
VRZtREQrjo4,UC4cKHOBS-nRfKFTwf1n8HGA,2026-07-30 11:00:27,2231,,0,120.0,120.0,0.0,1
VRbCB4Pb5As,UCqlcSsDNMYxEsem7bWY-66Q,2026-07-29 09:02:34,13878,499,29,119.96,120.21,0.04,0
VReSE4AnpOM,UCcum1rCJ5GJeQ_xv0xrohqg,2026-07-31 13:15:16,31905,835,84,120.0,120.0,0.0,1
VRjnxf2L3_A,UCHeg3ApmuXQbqqszaD1fR9g,2026-07-26 15:08:08,105,4,0,119.87,120.12,0.12,0
VRl-5mXLplQ,UCt8CJiye87FMbEwt0npPMuQ,2026-08-31 13:00:26,100583,888,51,119.76,120.01,0.01,0
VRl3bfrUexc,UCvfEv6nBnL0QlKqyGmL0orQ,2026-08-01 07:44:30,12711,86,61,119.76,120.01,0.01,0
VRnwA0qJ5wI,UCPGl9DV2WUgaqGVXtVrhJWQ,2026-08-31 15:00:19,7,0,0,119.76,120.01,0.01,0
VRs_eyBfUbY,UCQJuZxeDv2P05YHcC-tIEVQ,2026-08-23 08:00:19,14043,297,18,119.76,120.01,0.01,0
VS1araHi_fM,UCw1DsweY9b2AKGjV4kGJP1A,2026-08-14 08:00:07,6781,26,4,120.0,120.0,0.0,0
VSBhQh49EMc,UCpCBP5cVIBvezPI1LKFMYjA,2026-08-10 08:00:35,32231,613,131,119.99,120.24,0.01,0
VSCvHQxWFeY,UCV7WE8I_UiAN0fa6Arezx_w,2026-08-29 14:00:23,373,1,0,119.76,120.01,0.01,0
VSKs1_RWvXw,UCWmHTIadJeUb8-4nHXBCVUA,2026-07-31 09:00:31,7975,166,32,119.99,120.24,0.01,0
VSO6FyoO-VM,UCUbOogiD-4PKDqaJfSOTC0g,2026-08-01 11:11:38,332479,1896,129,119.81,120.06,0.06,0
VSeNzKD6nys,UCBS4sjbGJIcclT-Y6i_Jzkg,2026-07-26 18:49:37,30077,1037,6,119.93,120.17,0.07,1
VSuJAqLev0M,UCw1DsweY9b2AKGjV4kGJP1A,2026-08-17 10:00:28,581815,2243,87,120.0,120.0,0.0,1
VTDJ2BH2cnQ,UC4ncZM9bnBknxPkJbq4miHQ,2026-08-02 10:00:27,54039,1034,92,120.0,120.0,0.0,1
VTIU4Bmv0AU,UCt8CJiye87FMbEwt0npPMuQ,2026-07-20 12:30:25,165676,4495,626,119.99,120.24,0.01,0
VTOdlAHQ3vw,UCL2ZLyAV0H9Pvi46W7TGdHQ,2026-07-23 11:00:25,23134,151,41,119.99,120.24,0.01,0
VTQm0ifz3dY,UCNNR1-x2NhZARsNGnQlh2sQ,2026-07-25 09:15:19,20261,84,12,120.0,120.0,0.0,0
VTSvC0vGdqk,UCgLFbrC7-g0ihBKB0obVPTg,2026-08-07 16:03:52,0,0,0,119.94,120.19,0.06,0
VTxhSUKcIJ8,UCO8ToDSM2Gvt3EZdOdosxTw,2026-08-15 04:30:07,7657,57,66,120.0,120.0,0.0,0
VU7LoQ5wunQ,UCPGl9DV2WUgaqGVXtVrhJWQ,2026-08-27 15:00:18,2,0,0,119.76,120.01,0.01,0
VU7rKbSjd3Y,UCei_ecYpQqFjYhjLaDPr2Lw,2026-07-27 17:01:30,60,4,0,119.98,120.23,0.02,0
VU9psJ7Ifyg,UC027x98NgUBw9K4aPT8k0mg,2026-08-01 13:00:13,35923,224,42,120.0,120.0,0.0,0
VUAm2djf5Ek,UCbvvdVOF0teLO-U6GWh1RKg,2026-08-19 13:18:19,3370,47,22,119.96,120.21,0.04,0
VUCiNsWoFqo,UCrR_fhiJjoW8OJFzUcmlMMA,2026-07-30 09:00:30,19283,245,18,119.99,120.24,0.01,1
VUCqCAllzOk,UC6oq8RPEH1BmtyldQgXVbJw,2026-07-31 11:47:38,9463,166,37,119.96,120.21,0.04,0
VUOdnky-EMw,UC8rbhIem-3aAsNXhTDI-nSA,2026-07-14 21:59:55,46636,1182,79,120.0,120.0,0.0,0
VURtrPfFWss,UCTK7GGeH0c9INAEnV2EfD0Q,2026-08-14 12:00:34,4997,284,4,119.99,120.24,0.01,1
VUaflTPoK6Q,UC8FErYSi74YwGUAoTpjvgzQ,2026-08-26 15:58:13,4828,219,12,119.79,120.04,0.04,1
VUamLhBLIbA,UCAJ-meoCh1TrPZ7La3UpPrw,2026-08-17 13:31:20,166162,2575,291,119.98,120.23,0.02,0
VV9Edrim9qY,UCO8ToDSM2Gvt3EZdOdosxTw,2026-08-02 05:15:33,7697,58,64,119.99,120.24,0.01,0
VVFLKwXeHNo,UCETJ2rkwgeYb0OojPNh-DRw,2026-07-15 04:38:39,11794,94,0,119.86,120.11,0.11,0
VVeFQMwU7h4,UCGa52d8Qlv3THghuCAt_nXA,2026-07-23 08:30:16,28726,293,13,120.0,120.0,0.0,1
VVmfh_sVHjM,UCPJGXrPIVKBR8PJY7w33WZw,2026-08-10 06:00:28,122585,2560,112,120.0,120.0,0.0,1
VVpKo52OU6k,UCuWDza8A_ntbjwBZgW0ZSNw,2026-07-11 03:30:32,6319,41,16,119.99,120.24,0.01,0
VWC2umg7TyY,UC8chC5rneP-LHm43q-jF3oQ,2026-08-20 06:00:01,465297,15422,587,120.0,120.0,0.0,1
VWD5mu35GUw,UCoovEJW0dyTWwHiblWDWvyQ,2026-07-30 11:00:19,19086,259,22,120.0,120.0,0.0,0
VWI5X7lPMio,UCT807kAu6fmwES8B5698e2w,2026-08-05 09:00:02,20874,2175,133,120.0,120.0,0.0,1
VWJbBxeHPrA,UCB4gIGaPUiLtpPreFSf8fKQ,2026-08-31 03:45:21,10806,41,4,119.76,120.01,0.01,0
VWLEXnduNrY,UCCd3jyJmOFzkJEMj5Bp89rw,2026-07-10 15:00:21,3512,182,3,120.0,120.0,0.0,1
VWNxw8gJqp0,UCAl4HWznMn7KhKBRFO5eiFA,2026-08-21 12:18:26,3133,27,0,119.95,120.2,0.05,0
VWSZ4Mk0LL8,UC_E_qYfGKM3C0kqrp1p8z7Q,2026-07-25 17:00:24,695,18,1,120.0,120.0,0.0,1
VWZF7_BCksU,UCKVt3arMXfa6XZezR1UnjqQ,2026-07-30 09:00:35,11330,66,8,119.99,120.24,0.01,0
VWdOGvAoQEk,UCg5-nd3qoNnz5dzkX-O0b8A,2026-07-27 08:47:17,21930,320,11,119.96,120.21,0.04,1
ZjoFUrXoOVo,UCV6mNrW8CrmWtcxWfQXy11g,2026-08-15 11:00:12,26681,1851,51,120.0,120.0,0.0,1
ZjqKr16exRw,UCc1VJX_5Z2RdGi58XU4IfbA,2026-08-06 06:30:20,497,13,0,119.75,120.25,0.25,0
Zjuw1fVmCao,UCrR_fhiJjoW8OJFzUcmlMMA,2026-08-01 07:00:23,10706,78,29,120.0,120.0,0.0,0
ZjzXOY1VVjM,UC6oq8RPEH1BmtyldQgXVbJw,2026-08-20 10:15:13,7060,26,15,120.0,120.0,0.0,1
Zk5XC3VqJ8Q,UCAl4HWznMn7KhKBRFO5eiFA,2026-07-25 15:54:59,5713,28,0,119.83,120.08,0.08,1
Zk8sasUZp_o,UCwBkHOTyu57NQi0syf5MLig,2026-08-17 09:00:00,104447,574,82,119.75,120.01,0.01,1
ZkAJ7NinLq4,UCcJliZnsRbNw4I4uWSGq_wA,2026-08-03 16:01:26,771,1,0,119.98,120.23,0.02,0
ZkEsw2wEMZw,UCyiKhng8Mr3xlm-rgec6mWQ,2026-08-04 09:00:16,3,0,0,120.0,120.0,0.0,0
ZkF0gtIuQsE,UCMF3M48BakI-ptofqoUqdAA,2026-07-29 14:00:10,3873,124,60,120.0,120.0,0.0,0
ZkPz2_0Mbts,UCYo7Bfzth2yQZh2O09nwgsA,2026-08-17 15:34:45,13,1,1,119.92,120.17,0.08,1
ZkaGxSnD6Tg,UCk3w4CQ_SlLH4V0-V6WjFZg,2026-08-26 16:05:05,126897,3206,211,119.93,120.18,0.07,0
ZkmIq0i_gP4,UCg7rkxrTnIhiHEpXY1ec9NA,2026-07-30 09:00:14,205832,20134,393,120.0,120.0,0.0,1
ZkmfM8E0MNY,UCN9VGDvz2M3vdR0czEUp6lQ,2026-07-13 22:00:04,2998,74,34,120.0,120.0,0.0,0
Zku9q827sB0,UCHCeN9BUgogMGrHBC6zKYvA,2026-08-26 01:34:00,6332,113,25,119.94,120.19,0.06,0
ZkzlfSguNgM,UC6aF-skLT_1X6cdPJxVJXxQ,2026-08-28 11:34:03,293030,8300,120,119.94,120.19,0.06,1
Zl6kT1l_HtI,UCmnCuNh2owRLP48nnS3pe2w,2026-07-25 22:07:20,16,0,0,119.88,120.13,0.12,0
Zl7zGmxSUas,UC_m_uqd_9s0hZvlgfvCzqbQ,2026-07-22 13:04:55,189,1,0,119.92,120.17,0.08,1
ZlB6a8FIYEk,UCk3w4CQ_SlLH4V0-V6WjFZg,2026-08-09 17:08:12,55111,3049,271,119.87,120.12,0.12,0
ZlDDqNITtUk,UCyU5JQ8KVRD9jE4E_xLsHxw,2026-08-19 09:00:04,58,0,0,119.76,120.01,0.01,0
ZlFe0bDeUN8,UCdtV_sB8WUWo-P_q3OwNfcw,2026-08-16 08:00:01,9355,43,6,120.0,120.0,0.0,0
ZlS9gIiL9ng,UC8E29ANOC3_OuB7_5EPY2xw,2026-08-15 04:37:14,1550,3,0,119.88,120.13,0.12,1
ZlXK5htpY7k,UCqVkQsNin4MdGFrWvzFVOKw,2026-08-27 02:05:01,6272,80,3,119.93,120.18,0.07,0
ZlYmL_kmu-8,UCV6mNrW8CrmWtcxWfQXy11g,2026-07-23 13:56:11,116202,5689,190,119.82,120.07,0.07,0
ZlgM5_4GYH8,UCL_IvtOZo6sONpiydbzzHpA,2026-07-25 07:08:44,33787,529,80,119.86,120.11,0.11,0
ZlmD5hNgLaA,UC6YqXiwCBfPvPTs3wXgWElQ,2026-08-10 14:47:48,90504,640,186,119.96,120.21,0.04,0
Zm3M2pWnTJY,UCKrprPfevcAZpPuRnCO6xOA,2026-08-29 09:30:35,1717,5,0,120.0,120.0,0.0,0
ZmXZM_O5v7E,UCJmnOEp1-OITEU0mk4icM5A,2026-08-31 10:00:09,83282,555,197,119.76,120.01,0.01,0
ZmdWYy7QRZ4,UCPsZX-D7LW99PjZLA-UysPQ,2026-08-26 09:00:33,1046,3,3,120.0,120.0,0.0,0
Zmf465ULhbE,UCNZ87V1E_2h_Nyh-zVTRFWA,2026-08-25 07:46:51,1202,5,0,119.98,120.23,0.02,1
ZmgVBfOKCj0,UCJYdIDfGkqXTsQq5aW4md0Q,2026-08-15 23:35:19,149,2,0,119.91,120.16,0.09,0
ZminNyNW-bw,UCHeg3ApmuXQbqqszaD1fR9g,2026-08-31 02:00:37,36285,295,10,119.75,120.01,0.01,1
ZmjD_tSRtlk,UCt8CJiye87FMbEwt0npPMuQ,2026-08-29 12:45:13,27512,342,27,119.76,120.01,0.01,0
ZmlO0EpyyZ8,UCxPMcxq7WJ32M3lnFn58Cpg,2026-08-27 09:28:03,17721,13,9,119.79,120.04,0.04,1
ZmrGTnlXFVM,UC_RRZdJk55ShXE-9d3deRUA,2026-07-29 16:08:17,9363,62,1,119.86,120.11,0.11,0
Zn1zhVptWeQ,UC9nWoDbRAl3-fvreBNeStKQ,2026-08-19 07:15:05,25770,469,103,119.76,120.01,0.01,0
Zn5rBXUqvVI,UCWU2V62eLE3oQ7AjIGS2STQ,2026-07-23 12:48:45,348,3,0,119.94,120.19,0.06,0
ZnVt_H6rRXU,UCtVBI7YLJyDvrx7iWAukx_Q,2026-08-21 06:00:09,56049,1006,33,119.76,120.01,0.01,0
ZnX50dpFJyw,UC6YqXiwCBfPvPTs3wXgWElQ,2026-07-28 02:30:51,2625,24,3,119.99,120.24,0.01,0
Zneyt-UTfDk,UCjOtzpfj5lF9erwTEQYkxtQ,2026-08-30 03:00:35,118198,1643,253,120.0,120.0,0.0,0
ZnhmcvYwDFk,UC08-hQbwh7eyr8PlaYG2-sQ,2026-08-28 10:00:29,38809,267,189,120.0,120.0,0.0,0
Znn-a1loCTs,UC-8S20Ll1gzPiu_YY8BgyaQ,2026-07-16 08:00:08,82858,553,29,120.0,120.0,0.0,1
ZnpxHaO2pig,UCV6mNrW8CrmWtcxWfQXy11g,2026-07-26 14:00:07,190497,12363,423,120.0,120.0,0.0,0
Zo31F6PCJ50,UCuwnt_REmD4YsCtFJRoqjFw,2026-07-29 08:40:09,38475,374,53,119.83,120.08,0.08,0
ZoLDvMSwJds,UCJDXc9JWCZo-nLNKr_-L2Ng,2026-08-20 13:00:09,2145,103,7,120.0,120.0,0.0,0
ZoTJzQNXKfU,UCrfB1-zWijAYkgfZW7Ehc8Q,2026-08-07 09:00:24,81840,3698,360,120.0,120.0,0.0,0
ZofS-ojKEEU,UCBtJuwDt6LlXp2YASC-ZMdA,2026-07-26 05:08:27,381,17,5,119.86,120.11,0.11,0
Zohiryu0rpY,UCby0vMKcLR05ZdS90aZd5og,2026-08-04 09:34:34,27069,16,6,119.93,120.18,0.07,1
Zooikt_dATI,UC4oe-OVZ2Ho-03yrMkrXomQ,2026-08-27 07:00:07,179882,2777,125,119.76,120.01,0.01,1
ZorR4IKT-uI,UCJA6MZLzTeljmGNFaugdoWQ,2026-07-31 07:00:05,1095,7,2,120.0,120.0,0.0,0
Zos7sNW7mlY,UCnCFD3met1Ip7OngdF9TRDg,2026-07-24 04:51:54,12975,225,20,119.89,120.14,0.11,0
ZoyGuWaZkbg,UCdK9h1ILxS49c2LguBUY3rw,2026-08-15 12:00:15,4,1,0,120.0,120.0,0.0,0
Zp0Ez1T7z6A,UCwBkHOTyu57NQi0syf5MLig,2026-08-20 18:00:08,9070,33,14,119.76,120.01,0.01,0
Zp4WXFKkYts,UCV6mNrW8CrmWtcxWfQXy11g,2026-08-20 03:00:31,181855,5572,172,120.0,120.0,0.0,1
Zp5LcdTQGws,UCWU2V62eLE3oQ7AjIGS2STQ,2026-07-23 12:30:21,1328,41,6,120.0,120.0,0.0,0
ZpPGNCfl3Sg,UCaMV-CjrWYh2Aefg_8iLwJQ,2026-07-21 09:00:22,67336,400,122,120.0,120.0,0.0,0
ZpciCdHaZjA,UCIH7bdyhaJ0nD7jIcgqmQbQ,2026-08-13 08:00:02,30931,774,10,120.0,120.0,0.0,1
Zpl-Vqufx_c,UCTK7GGeH0c9INAEnV2EfD0Q,2026-08-30 09:00:22,12404,222,24,119.76,120.01,0.01,0
ZpshpS0ck4I,UC1IUMdwaJ22A6FkPiI8dcig,2026-07-23 12:36:59,56884,1663,86,119.88,120.13,0.12,1
Zpx4vV5wR-4,UCJDXc9JWCZo-nLNKr_-L2Ng,2026-07-26 19:30:02,2884,108,13,120.0,120.0,0.0,0
Zq13K2hniwU,UCXyR5IAVMaId9kpuCrQWpPg,2026-08-04 18:00:36,20511,625,115,119.99,120.24,0.01,1
ZqOo2Ry4E24,UCqIwPYLfMd3EoWYwvyTjPnA,2026-07-31 23:00:00,59441,576,116,120.0,120.0,0.0,0
ZqRzF6yYwd4,UCk1NTIlGP27bQEumkw6sDVA,2026-07-31 10:00:39,16060,176,45,120.0,120.0,0.0,0
ZqbUBi1-07k,UC1Il94cQwl93Zun8ax1Qjlw,2026-07-30 16:48:55,195,4,0,119.94,120.19,0.06,0
ZqeVdKeY8-M,UCirJgPv8RtFaFMj39b6cD8Q,2026-07-30 03:00:24,3196,27,0,120.0,120.0,0.0,1
ZqelwgDcdrc,UCOTJtP0Z9DjpPU43B5m1V6A,2026-08-15 14:36:46,63979,735,13,119.89,120.14,0.11,0
Zquu_MiM9dM,UC9qwDE50UcXvdplRNZKEoPA,2026-07-31 08:00:27,28721,565,24,120.0,120.0,0.0,1
ZqvniThk3M0,UCBTsPtRCh6ln3IRQFjhjh1A,2026-07-11 14:00:01,27532,138,7,120.0,120.0,0.0,1
ZrF0dcYJczc,UC2_VPutZK0o_tG8ca_QrQRA,2026-08-16 09:08:25,34896,,97,119.86,120.11,0.11,0
ZrJA4OctQoU,UCTNyl3P7q6PNhPddh6d7WJQ,2026-07-19 22:00:16,1595,6,0,120.0,120.0,0.0,1
ZrUSPw2bqxE,UCV7WE8I_UiAN0fa6Arezx_w,2026-08-05 16:00:09,30,0,0,120.0,120.0,0.0,0
ZrUXTlKzLbE,UCF-rFAdN7dzd-SI2T3rkCaQ,2026-07-17 07:23:08,40132,286,125,119.87,120.12,0.12,0
ZrVG-iJbZWU,UC8FErYSi74YwGUAoTpjvgzQ,2026-08-02 12:22:46,26160,297,15,119.87,120.12,0.12,1
ZrZestvUy7E,UC_9W6Z5Y3lDpLk47Y_y5ITQ,2026-08-31 00:09:12,68868,352,61,119.86,120.11,0.11,0
ZrbluSJD0UI,UC4P7F8qenDo1O_5NvgBb_cg,2026-07-25 02:30:25,109914,1076,130,120.0,120.0,0.0,0
ZriocQaxD3Y,UCt8CJiye87FMbEwt0npPMuQ,2026-08-01 15:45:19,369718,29513,759,120.0,120.0,0.0,1
ZrmT9ABDX3Q,UCZ-UuK86Bk5sGzQQ2cEglJQ,2026-08-23 08:39:11,80903,1326,27,119.86,120.11,0.11,0
ZrwibCYmeMw,UCU0-6z_KU9AShyR9J6gcFGw,2026-08-16 14:50:56,445,3,0,119.9,120.15,0.1,0
ZsD6Xr4_PG8,UCdK9h1ILxS49c2LguBUY3rw,2026-07-26 10:45:07,88,2,7,120.0,120.0,0.0,1
ZsIDeOKXQwE,UCDYAog4sNhwQ5pXtAZiT0Og,2026-08-15 03:30:24,75103,312,36,120.0,120.0,0.0,0
ZsZb3QABrkE,UCz1Gc37nWsdF_jbJ_SvMl4g,2026-07-25 10:37:02,22818,148,10,119.89,120.14,0.11,0
Zsf1W88AhiU,UCV7WE8I_UiAN0fa6Arezx_w,2026-08-28 04:00:40,183,2,0,120.0,120.0,0.0,0
bPu3ni5sKmg,UCXu_CcxBZA5S_iG33OzA9PQ,2026-07-25 11:15:11,13208,66,8,120.0,120.0,0.0,1
bPzdsSWpNXU,UCcJliZnsRbNw4I4uWSGq_wA,2026-08-30 02:32:10,31787,73,36,119.98,120.23,0.02,0
bQ76a0jV1JA,UCPGl9DV2WUgaqGVXtVrhJWQ,2026-08-05 15:00:35,12,0,0,119.99,120.24,0.01,0
bQ7Coiq981s,UCKVt3arMXfa6XZezR1UnjqQ,2026-07-26 22:00:24,9388,74,1,119.99,120.24,0.01,0
bQGkL8Vu6QQ,UCuXE-MdbuaZcPt_2J2kSsSQ,2026-08-16 12:08:14,90,2,2,119.87,120.12,0.12,0
bQOLXfCTsa0,UC7hwQp3F6P_OwyRM14p88iQ,2026-08-09 15:48:04,43472,289,0,119.95,120.2,0.05,0
bQVMw4pbusg,UCBkvEgeJ3_UMwbW7VCxzs8g,2026-08-21 08:29:53,388,,14,119.76,120.02,0.02,0
bQrEnv6L_68,UCtGMgPWJNU2Aj-SNK0zg0Sg,2026-08-17 09:30:19,38108,363,18,120.0,120.0,0.0,1
bQxupN11r5U,UCV7WE8I_UiAN0fa6Arezx_w,2026-08-30 12:00:03,312,0,0,119.76,120.01,0.01,0
bRMBJRMI6fk,UC0tmAwhgk_1ATJtFyVHrFxg,2026-08-28 05:44:53,77668,1876,334,119.77,120.02,0.02,0
bRbit_0R6ds,UCaY7wcqhFb_c2eQ1eRB8rOQ,2026-08-30 05:00:34,17257,626,12,119.75,120.01,0.01,0
bS2-jdZf8h0,UC_RRZdJk55ShXE-9d3deRUA,2026-08-24 09:32:13,177,4,1,119.97,120.22,0.03,0
bSBEIptLxlQ,UCqlcSsDNMYxEsem7bWY-66Q,2026-08-28 16:23:39,26971,410,0,119.87,120.12,0.12,0
bSGHOwl3UIw,UCHeg3ApmuXQbqqszaD1fR9g,2026-08-20 02:00:32,23006,307,16,120.0,120.0,0.0,1
bSJoC2YrHks,UCAVR6Q0YgYa8xwz8rdg9Mrg,2026-08-20 09:30:31,38365,2247,97,120.0,120.0,0.0,0
bSNcj9cpf9Y,UCV7WE8I_UiAN0fa6Arezx_w,2026-08-24 11:00:09,29,0,0,119.76,120.01,0.01,0
bSRwU_rC0lY,UCirJgPv8RtFaFMj39b6cD8Q,2026-08-08 03:00:19,23441,89,0,120.0,120.0,0.0,1
bST4QDh6M0g,UCPsZX-D7LW99PjZLA-UysPQ,2026-07-27 06:00:10,270,3,1,120.0,120.0,0.0,0
bSiulf4koR0,UC-2wa6jvprl7hfCpvw0ULzg,2026-08-21 14:00:22,14446,381,148,120.0,120.0,0.0,0
bSkQVyV6lD4,UC4VWaR3R17Ruc7j1Cy1-PKQ,2026-08-12 05:54:41,182,1,0,119.84,120.09,0.09,1
bSpVdVN0emU,UC4oe-OVZ2Ho-03yrMkrXomQ,2026-08-07 23:00:25,122458,2220,111,120.0,120.0,0.0,1
bTSP9XcenqA,UCZaNYFjF_SRRJPVuGX7yMjQ,2026-08-06 14:15:13,2,1,0,120.0,120.0,0.0,0
bTUWS4_rKVk,UCZ-B_El841ME7qGXvYinGmw,2026-08-06 14:09:58,5312,96,42,119.84,120.09,0.09,0
bTd7I7Mri9Y,UCta3D5-EYqO-pduQLxQ8mNQ,2026-08-07 03:00:32,27494,269,12,119.99,120.24,0.01,1
bThdTccOX_Y,UCE8JC9RAVSudDT_8Ji1fuPQ,2026-08-09 08:45:40,67915,1583,64,119.99,120.24,0.01,0
bTi7P7o-Lrg,UCQzgMwT5Q6x-Mtq65HRS_0Q,2026-08-10 08:14:59,14246,74,2,120.0,120.0,0.0,0
bTvoYfWS0WY,UC2yOBpLVwB7kzt9C5ZPbB7w,2026-08-21 13:00:36,96345,1701,53,120.0,120.0,0.0,1
bU5TNU4lowM,UCCTw9N950kEoELFv3dRcWJQ,2026-08-28 22:59:23,12100,174,7,119.77,120.02,0.02,0
bU7jzalXW94,UCV7WE8I_UiAN0fa6Arezx_w,2026-08-13 15:00:22,30,0,0,120.0,120.0,0.0,0
bULld0THPRQ,UCUae69frfqpKOB3BUMdX5Qw,2026-08-14 03:30:27,36320,455,47,120.0,120.0,0.0,1
bUMZqsNRDhg,UCAl4HWznMn7KhKBRFO5eiFA,2026-08-12 09:47:18,14066,80,12,119.96,120.21,0.04,1
bUjL4NqmNTs,UCgvtwZJPhSfbKOxh3EoVXng,2026-07-26 06:38:49,2,0,0,119.85,120.1,0.1,0
bUme6Mys8JI,UCZaNYFjF_SRRJPVuGX7yMjQ,2026-08-14 14:00:11,3,2,0,120.0,120.0,0.0,0
bUoYqD56NLc,UCXAXCxTCCYYKsLJNzEvjqfw,2026-08-18 02:27:58,48234,526,16,119.79,120.04,0.04,0
bUop4x0VLGo,UC0vqyzJ-1l3AJl3IkKu0bhQ,2026-08-17 07:15:18,121,2,0,120.0,120.0,0.0,0
bUyHQcRWU0E,UCPGl9DV2WUgaqGVXtVrhJWQ,2026-08-23 15:00:08,7,0,0,119.76,120.01,0.01,0
bV1v-CuYKvM,UC8FErYSi74YwGUAoTpjvgzQ,2026-07-24 03:30:05,10954,102,5,120.0,120.0,0.0,1
bV5zKfkPGQ4,UCJDXc9JWCZo-nLNKr_-L2Ng,2026-08-26 15:00:35,1906,69,3,120.0,120.0,0.0,0
bV9dNaKdhC0,UCsrLyevZL_AEZY0LaYVCYzA,2026-08-14 23:00:17,35,1,0,120.0,120.0,0.0,0
bVA8nxLrgec,UC3DYSay178fMMPaf3zHwECA,2026-07-23 08:00:09,166461,4699,93,120.0,120.0,0.0,1
bVEB77evHdM,UCjhRgb1NpnlRs01s9rAhuug,2026-08-13 00:57:41,11,1,0,119.79,120.04,0.04,0
bVHjycog-Mc,UCtIbfg_6gjbdFqCqAiUcqyQ,2026-08-10 09:00:37,12468,249,11,119.99,120.24,0.01,1
bVqFx-m3RQY,UC7lwS-aSDzYHZJ9uWuzySwQ,2026-08-31 22:00:02,1187,2,3,119.76,120.01,0.01,1
bVzYZY47yOs,UCYooECrv-fIXlPaDwEIaveA,2026-07-19 09:01:28,51566,704,24,119.98,120.23,0.02,0
bW-m0OanVV8,UCBtJuwDt6LlXp2YASC-ZMdA,2026-08-19 03:00:06,1079,10,2,119.76,120.01,0.01,1
bW3wEBOQ5qc,UCpI-AhCT02iQRGLC2ZcY0Jw,2026-08-10 01:00:32,23129,338,307,119.99,120.24,0.01,0
bW5vZP0BkqA,UCtGMgPWJNU2Aj-SNK0zg0Sg,2026-08-01 09:45:08,64425,503,36,120.0,120.0,0.0,1
bWJX9jB6DJs,UC9qwDE50UcXvdplRNZKEoPA,2026-08-11 07:00:24,27969,560,25,120.0,120.0,0.0,1
bWQuX38tKg4,UCkNUuK9EfixaK2HbJYZ5YrQ,2026-08-15 09:34:25,7659,373,80,119.93,120.18,0.07,0
bWWM844oyV8,UCeG0ONJtjwE20ThR5iSYdsA,2026-08-21 00:00:32,557245,6570,79,119.75,120.01,0.01,1
bWXi55I3ixE,UC2NFRq9s2neD_Ml0tPhNC2Q,2026-07-22 02:30:33,233885,3358,321,119.99,120.24,0.01,0
bWmCoIY62dw,UCGi94VU356EAvQLgODywyrA,2026-08-31 19:20:11,10072,72,0,119.93,120.18,0.07,0
bWoFl4g_tsw,UC9qwDE50UcXvdplRNZKEoPA,2026-08-04 07:00:17,27347,737,47,120.0,120.0,0.0,1
bX4XgatevBk,UC0FUMakBJHsRrfKCGQuWnRA,2026-08-20 14:53:08,55513,414,258,119.87,120.12,0.12,0
bXBRSfYpesQ,UCJDXc9JWCZo-nLNKr_-L2Ng,2026-08-14 17:57:07,14672,241,5,119.8,120.05,0.05,0
bXFVTZYpXz8,UCPGl9DV2WUgaqGVXtVrhJWQ,2026-08-03 13:09:51,15,0,0,119.84,120.09,0.09,0
bXL9I-XRAtM,UC027x98NgUBw9K4aPT8k0mg,2026-08-15 13:00:08,12994,89,26,120.0,120.0,0.0,0
bXX6gpwh5TQ,UC0PMQXAwF6O6aeTpv962miA,2026-08-19 15:00:28,27051,524,97,120.0,120.0,0.0,0
bXjhYakbf2k,UCSh__r5HS4Y1xBkccWnV0TA,2026-08-25 19:13:25,689253,11632,283,119.79,120.04,0.04,0
bXw3H1aTxtM,UCHeg3ApmuXQbqqszaD1fR9g,2026-08-11 15:12:34,112,9,0,119.79,120.04,0.04,0
bY4ja7JS_vk,UCV6mNrW8CrmWtcxWfQXy11g,2026-08-08 01:43:54,40898,574,10,119.77,120.02,0.02,0
bYCvECuF_yk,UCt8CJiye87FMbEwt0npPMuQ,2026-07-16 18:45:07,13876,435,23,120.0,120.0,0.0,1
bYLSCv-UxF0,UCdb5lyq0tWbY3jqH35SufmA,2026-08-05 09:36:16,56507,608,66,119.9,120.15,0.1,0
bYNkebVufp4,UCVqmxk6oNOHj9RFVo4uP_lw,2026-08-10 23:00:38,16775,489,21,119.99,120.24,0.01,1
bYR6d9hF3gY,UCPsZX-D7LW99PjZLA-UysPQ,2026-07-29 12:00:01,438,6,4,120.0,120.0,0.0,0
bYvX9Fysyp0,UCZ-UuK86Bk5sGzQQ2cEglJQ,2026-08-08 09:39:21,97471,2052,15,119.85,120.1,0.1,0
bZVy2E31_FQ,UCkd3KAYGnTNPJZZrPOFeWhA,2026-08-29 11:10:43,12464,33,23,119.84,120.09,0.09,0
bZkT7vaGwak,UCYM01qjjE_hmqFQAmOo-lNg,2026-08-29 15:46:38,4001,6,0,119.98,120.24,0.02,0
bZtwj15kAzI,UCdoTrHNHnoRbaQenxK5PEUg,2026-08-05 12:05:28,136,0,0,119.91,120.16,0.09,0
bZxgiWCEkwY,UC2yOBpLVwB7kzt9C5ZPbB7w,2026-07-23 08:00:36,110913,2139,46,119.99,120.24,0.01,1
b_8NGDPnK4M,UCYxwKnNRv4FurQxeKcuR0Sw,2026-08-07 18:19:46,28,2,0,119.92,120.17,0.08,0
b_Ckd66zxqI,UCjUnlBpn0Z1L450g79fniRg,2026-08-21 09:21:13,806,5,2,119.91,120.16,0.09,0
b_Fo12ZQeoY,UCifCesg-EUkjKyQedaB3hRg,2026-08-08 01:43:49,14812,506,10,119.77,120.02,0.02,1
b_GATE_mhig,UCAGUSx1hbPKDqzBZH7bTjiA,2026-08-14 10:00:36,29395,186,24,119.99,120.24,0.01,0
b_Uas_yNqKM,UCIxcZWLQpP-mUZC6_Uljc_Q,2026-08-15 14:30:01,7510,27,22,120.0,120.0,0.0,0
b_g4JOPYipA,UCg5-nd3qoNnz5dzkX-O0b8A,2026-08-27 10:43:39,10555,181,19,119.78,120.03,0.03,1
b_kr95Hhgcw,UCF-rFAdN7dzd-SI2T3rkCaQ,2026-07-25 11:01:25,29533,379,70,119.98,120.23,0.02,0
b_ruWg1DXRg,UCdK9h1ILxS49c2LguBUY3rw,2026-08-10 23:07:11,32,6,0,119.88,120.13,0.12,0
ba-M0m0nFMY,UCnCFD3met1Ip7OngdF9TRDg,2026-08-12 02:33:46,16812,193,35,119.94,120.19,0.06,0
ba7cxCPUAOw,UCgLFbrC7-g0ihBKB0obVPTg,2026-08-04 12:36:56,85,1,0,119.89,120.14,0.11,0
ba8_Oi7kvho,UC4oe-OVZ2Ho-03yrMkrXomQ,2026-07-15 04:30:01,108427,2421,50,120.0,120.0,0.0,1
T56T0qRy-rE,UCt8CJiye87FMbEwt0npPMuQ,2026-08-25 13:00:34,6548,236,18,120.0,120.0,0.0,0
T5BVql97Djg,UCirJgPv8RtFaFMj39b6cD8Q,2026-08-20 03:00:34,2078,33,1,120.0,120.0,0.0,1
T5FYHbDPvWI,UC1dHu9GhbHH7RcHKyJdaOvA,2026-08-23 05:05:12,55753,195,136,119.93,120.18,0.07,0
T5KxjPwmGKs,UCF7IBIvHZ2be4Ufo8i0uHBw,2026-07-23 09:00:26,14949,170,25,119.99,120.24,0.01,0
T5MYGlOBulU,UC7bcRlidTERRb_MKRHPVSnw,2026-08-18 12:03:05,93849,894,71,119.96,120.21,0.04,0
T5d4jsPIDhY,UCpcTrCXblq78GZrTUTLWeBw,2026-07-13 06:30:06,177616,1019,87,120.0,120.0,0.0,0
T5hSF8ny_uU,UCjk9szhhsAO76PdH450mZNg,2026-08-22 16:06:40,156,7,15,119.9,120.15,0.1,0
T5jrvZdRSBI,UCab17MxxnFtAhGsJVTkSkCg,2026-07-30 05:19:05,554,13,0,119.94,120.19,0.06,0
T5pcVUG0AKA,UCjUnlBpn0Z1L450g79fniRg,2026-07-29 03:01:23,1052,,0,119.98,120.23,0.02,0
T5u28nJREWM,UCcstDLbuhxEbFKkPZ6wST2A,2026-08-07 09:00:32,17757,68,43,120.0,120.0,0.0,0
T6715f0qfNo,UCKUUL3fMVvYVZdGkKhhjP0A,2026-08-29 03:47:11,15680,117,28,119.98,120.23,0.02,0
T69ufjn9x3E,UCCvEN8bTeF8Z2jcN513T1Gg,2026-08-07 10:30:06,465,12,2,120.0,120.0,0.0,0
T6BeySAq_vs,UC4VWaR3R17Ruc7j1Cy1-PKQ,2026-07-24 10:20:17,58,4,0,119.91,120.16,0.09,0
T6EZbMSuy3U,UC_E_qYfGKM3C0kqrp1p8z7Q,2026-07-31 19:00:07,191,3,1,120.0,120.0,0.0,1
T6Mq8VNq3u8,UCdb5lyq0tWbY3jqH35SufmA,2026-08-03 22:30:04,34407,303,81,120.0,120.0,0.0,0
T6O3S83W3xs,UCg5-nd3qoNnz5dzkX-O0b8A,2026-08-08 10:23:32,25649,676,14,119.86,120.11,0.11,0
T6SXpU3rVAE,UC-okJdotaXPlzivRzHFqzuA,2026-07-29 16:41:05,104709,2378,1,119.82,120.07,0.07,0
T6UL8VDdWVQ,UCp9skQ2mP_DfVL8c3gZQUzg,2026-08-11 18:42:44,5148,88,1,119.79,120.04,0.04,0
T6qo9oDBFt8,UCX11f6rIVaoWGvFnKKyPBNQ,2026-08-04 20:57:59,2602,148,1,119.79,120.04,0.04,0
T720vWi-1sw,UCd6CX2LiQE2dEAPXwk2N0jg,2026-08-20 11:35:40,71637,817,231,119.91,120.16,0.09,0
T76Sr1XPC8c,UCF-rFAdN7dzd-SI2T3rkCaQ,2026-08-03 10:30:43,7369,90,19,119.99,120.24,0.01,0
T7CX-9I5cAQ,UCrR_fhiJjoW8OJFzUcmlMMA,2026-07-17 02:00:19,10794,83,20,120.0,120.0,0.0,0
T7aei2REHkE,UCt8CJiye87FMbEwt0npPMuQ,2026-08-09 13:30:37,15957,846,62,119.99,120.24,0.01,0
T8KNYSVJMCg,UCZ-B_El841ME7qGXvYinGmw,2026-08-13 12:51:40,4427,53,12,119.89,120.14,0.11,0
T8O5wc5jTAc,UCPI40-XQA9-GBGj2k8PPqfg,2026-07-21 08:50:27,48309,848,59,119.91,120.16,0.09,0
T8xSDvGlf9U,UCYooECrv-fIXlPaDwEIaveA,2026-08-22 09:00:07,53627,1132,20,119.76,120.01,0.01,1
T8yc4D6ObwY,UC-8S20Ll1gzPiu_YY8BgyaQ,2026-08-09 12:48:44,83852,512,61,119.94,120.19,0.06,0
T97pB4vjrQs,UCgjaQlejpAnIu0q-xtVfTEw,2026-07-25 12:56:43,19518,526,8,119.81,120.06,0.06,0
T9PKsQCCGCA,UCv1tOT645xHOJrwdGlzjMaA,2026-07-29 11:30:22,53634,764,11,120.0,120.0,0.0,0
T9_MPvSYEmI,UC6JB_a6rD1lZ_aZgQvORfrQ,2026-08-20 22:30:09,17062,136,50,119.76,120.01,0.01,1
T9aTjq-N4B0,UCvAetSOU_4lyjM5hVMNzN0Q,2026-08-05 16:40:29,827212,5886,150,119.83,120.08,0.08,1
T9d7I615l7I,UCp6n8d8Y8r3MwKNw_MMaouQ,2026-08-02 19:52:57,31865,959,14,119.87,120.12,0.12,1
T9d_0rxOpX0,UClpc-7ejy_cntRdmrFLbOfg,2026-08-25 21:29:12,11343,86,24,119.77,120.02,0.02,0
T9jJhpm9uCw,UCZNTsLA6t6bRoj-5QRmqt_w,2026-07-28 14:50:39,29644,1103,92,119.91,120.16,0.09,0
T9l2_aTrZ-s,UCuCmLrNT5MbpqfrSSKHqTug,2026-08-08 01:00:40,11259,11,4,119.99,120.24,0.01,1
T9pYrZc1-no,UCwBkHOTyu57NQi0syf5MLig,2026-08-15 02:00:12,162800,1615,122,120.0,120.0,0.0,0
T9uZsLIsJPI,UC-8S20Ll1gzPiu_YY8BgyaQ,2026-07-22 12:53:49,79988,526,81,119.85,120.1,0.1,0
T9xNSDDIw4M,UCsrLyevZL_AEZY0LaYVCYzA,2026-08-29 23:00:20,300,1,0,119.76,120.01,0.01,0
T9zkAi-Qbqw,UCKVt3arMXfa6XZezR1UnjqQ,2026-07-31 22:00:28,7640,71,6,119.99,120.24,0.01,0
TA2d6l3G_2E,UCg5Ew4lj74r_ohbc4AeQj1w,2026-08-24 08:37:54,16460,631,63,119.88,120.13,0.12,0
TA3y2regOVQ,UCkcaRxpTcisadUeCbHOYTFw,2026-08-05 08:01:22,60677,592,19,119.98,120.23,0.02,1
TA5Unpun_rM,UCN5oT4zGJX-_H6pE5isAEeg,2026-08-24 08:00:13,1842562,35032,909,119.76,120.01,0.01,1
TAB7ShiBNno,UCI6Ro_MOr36re4Bhb7nCY7g,2026-07-20 11:00:36,20278,201,57,119.99,120.24,0.01,0
TACxx_-8w98,UCqRz_-l3GCmWb92u8P33RYQ,2026-08-08 03:17:34,100086,1127,195,119.96,120.21,0.04,0
TAMVo9wVSDU,UCnCFD3met1Ip7OngdF9TRDg,2026-08-14 04:19:43,8866,110,12,119.92,120.17,0.08,0
TAcDrGhY1CI,UCk5C4AR3uvmKwZYkIlSobbg,2026-07-22 16:17:53,128018,1218,190,119.96,120.21,0.04,0
TAvYURhvzZ4,UCnCeDIkExSpULGqmpj5oafg,2026-08-23 00:00:17,2596,47,18,119.76,120.01,0.01,0
TAzo2ZTvYFY,UCl-VnCUwSxDr5zPu-YlDUYw,2026-08-12 08:00:32,264149,2776,166,119.99,120.25,0.01,1
TBCwcQommak,UCpcTrCXblq78GZrTUTLWeBw,2026-07-15 12:30:32,799851,3366,410,119.99,120.24,0.01,1
TBRq89Eg6vs,UCOTJtP0Z9DjpPU43B5m1V6A,2026-08-09 12:00:03,682747,3315,79,120.0,120.0,0.0,0
TBZ1TDi43Z4,UCab17MxxnFtAhGsJVTkSkCg,2026-08-21 11:34:07,5723,70,7,119.94,120.19,0.06,0
TBg0mMhGPTo,UCYooECrv-fIXlPaDwEIaveA,2026-07-28 09:01:07,42016,635,40,119.98,120.23,0.02,0
TBlCB1dCjEs,UCvUKUkIM67eWFbQemjj2-eA,2026-07-10 11:30:19,23493,575,46,117.26,121.12,1.12,0
TBskNCIfykY,UCfq-5-0b5Lzj7cKCrp6-flA,2026-08-19 11:00:15,133320,2801,119,119.76,120.01,0.01,1
TC7gWs8ZFn8,UCNu00qhYj4nPeMNdxuwV6sg,2026-07-21 13:50:00,1102,39,0,119.92,120.17,0.08,0
TC7nmZIPMYw,UCXAXCxTCCYYKsLJNzEvjqfw,2026-08-15 11:26:30,60731,960,299,119.81,120.06,0.06,0
TCCtXZq1xgE,UCF5RrlbsxJjAVLWgOCoNHMg,2026-07-24 02:26:23,16302,284,10,119.81,120.06,0.06,0
TCSrjnngkDY,UC2k1bSUZ4X02jMs_sTS9jiQ,2026-08-04 12:00:06,19415,292,73,120.0,120.0,0.0,0
TCjrjC1m610,UC5grrciAyUF4xjd42XhV-1Q,2026-08-27 01:17:54,6994,,0,119.96,120.21,0.04,0
TCjuX-t4CQY,UC7lwS-aSDzYHZJ9uWuzySwQ,2026-08-29 10:30:34,1335,3,2,119.76,120.01,0.01,1
TDBc1hz2OVg,UCV6mNrW8CrmWtcxWfQXy11g,2026-07-25 03:37:45,26788,752,11,119.87,120.12,0.12,0
TDFwUm06duc,UCqjUPx-UAFHVvthd71bY7_g,2026-08-13 08:00:04,7017,46,48,120.0,120.0,0.0,0
TDMUpphGxGI,UCFiHjGyrJux8Rt4e6mUPU-w,2026-08-21 17:00:39,1617,45,6,120.0,120.0,0.0,0
TDRJ13uWXHM,UCV6mNrW8CrmWtcxWfQXy11g,2026-08-30 14:00:20,619706,24732,98,119.76,120.01,0.01,1
TDTRXLW-0i0,UCPJGXrPIVKBR8PJY7w33WZw,2026-08-08 01:00:21,46432,659,107,120.0,120.0,0.0,0
TDbtsLoY2Oc,UCv1tOT645xHOJrwdGlzjMaA,2026-08-18 08:00:08,39833,697,33,119.76,120.01,0.01,1
TDqqmD872AE,UC1dG3vI9FfHnH3YgyeKUz_A,2026-08-31 13:31:41,257986,766,117,119.98,120.23,0.02,0
TEBh_WSH0CQ,UCaN3tSrrzIrXSDonEe7LK9A,2026-08-15 08:00:37,981,43,15,119.99,120.24,0.01,0
TEBvsgK5azM,UCtt0Hg9MhraTkzWwNQpplHg,2026-07-24 02:00:14,844572,9906,,120.0,120.0,0.0,1
TEFgqCYRapg,UCrKSaegnzewdj9-YLsUhoZw,2026-08-01 23:54:24,16474,98,15,119.85,120.1,0.1,0
TESePFaVGxI,UCw1DsweY9b2AKGjV4kGJP1A,2026-08-09 08:15:18,428222,2654,117,120.0,120.0,0.0,1
TEr_48h6fkg,UCifCesg-EUkjKyQedaB3hRg,2026-08-13 01:59:36,15575,107,0,119.76,120.01,0.01,0
TEsmExlPMrY,UCirJgPv8RtFaFMj39b6cD8Q,2026-07-22 09:00:02,32083,98,2,120.0,120.0,0.0,1
TF-qH8L9hQU,UCZCZHg_oJiHcrcj2vaPRCag,2026-08-01 15:24:16,173,1,0,119.85,120.1,0.1,0
TF7gUjzrGJg,UCvAetSOU_4lyjM5hVMNzN0Q,2026-07-21 16:40:01,16765,189,15,119.84,120.08,0.08,1
TFF5pZILkTA,UCpcTrCXblq78GZrTUTLWeBw,2026-07-15 01:30:31,372042,5070,1331,119.99,120.24,0.01,0
TFPcYg5iv9Q,UCab17MxxnFtAhGsJVTkSkCg,2026-08-28 05:36:45,5584,23,2,119.9,120.15,0.1,0
TFidckP6owo,UCt8CJiye87FMbEwt0npPMuQ,2026-08-25 14:30:06,34855,1098,40,119.76,120.01,0.01,0
TFnnWCZXC0U,UCV6mNrW8CrmWtcxWfQXy11g,2026-08-23 16:00:13,29251,1051,25,119.76,120.01,0.01,1
TFuJayxpx3s,UCt8CJiye87FMbEwt0npPMuQ,2026-08-20 14:00:00,55313,2772,117,120.0,120.0,0.0,0
VWe2lIAeLo8,UCgsKeCRaBGH6JlnH6VO_7OA,2026-08-02 10:20:33,516,11,6,119.91,120.16,0.09,0
VWe8PO5NfL0,UCCd3jyJmOFzkJEMj5Bp89rw,2026-08-31 17:36:42,34337,606,26,119.9,120.15,0.1,0
VWefLwNqnYs,UCN5oT4zGJX-_H6pE5isAEeg,2026-08-01 12:00:06,1061644,16650,516,120.0,120.0,0.0,1
VWvEC2bDsBY,UCQfISxq5legTqOt1h1us6lg,2026-08-29 02:57:41,17821,28,0,119.8,120.05,0.05,0
VX1O41lg4g8,UCDBAVzfX3yZ1hah0FHnOoaA,2026-07-29 09:00:38,273223,1051,277,119.99,120.24,0.01,0
VX1STgEMJ2Q,UCmZeuRfHYowZhf6odtoaNdg,2026-08-27 07:56:04,22725,139,10,119.83,120.08,0.08,1
VX1oRhGhMRU,UC9nWoDbRAl3-fvreBNeStKQ,2026-07-23 02:10:02,11758,223,18,119.84,120.09,0.09,1
VXJtd9MVBEY,UCoovEJW0dyTWwHiblWDWvyQ,2026-07-28 02:45:08,29501,297,31,120.0,120.0,0.0,1
VXSiqSeLu58,UCV7WE8I_UiAN0fa6Arezx_w,2026-08-01 23:00:16,22,0,0,120.0,120.0,0.0,0
VXWGMo3g0d8,UCN9VGDvz2M3vdR0czEUp6lQ,2026-08-31 22:00:27,10040,55,70,119.75,120.01,0.01,0
VXh71kr9gXI,UCN5789pKaFwqjVBvg6yws_w,2026-08-01 00:36:51,6,0,0,119.89,120.14,0.11,0
VXkiQy1t1Jg,UCXNh3eUHXEkL7h1w1KYQRKQ,2026-08-08 08:46:43,23963,241,12,119.97,120.22,0.03,1
VXm-rRe3k4c,UCvAetSOU_4lyjM5hVMNzN0Q,2026-08-30 08:05:17,42655,136,29,119.93,120.18,0.07,0
VXw6ZJYR_rc,UCL2ZLyAV0H9Pvi46W7TGdHQ,2026-08-13 11:00:13,16883,146,38,120.0,120.0,0.0,0
VXy-qtR2RQo,UCOTJtP0Z9DjpPU43B5m1V6A,2026-07-31 02:30:09,144996,1559,110,120.0,120.0,0.0,0
VXylL1EailA,UCADf92tisOOh90hrZee4-LA,2026-08-05 14:34:12,2786,26,4,119.93,120.18,0.07,1
VYGB7PDjA74,UCXVVG5ZM3SJJCh94xatR8Dg,2026-08-03 06:00:10,463,3,0,120.0,120.0,0.0,1
VYYEosKOttM,UCwBkHOTyu57NQi0syf5MLig,2026-08-11 00:00:35,328596,1768,87,119.99,120.24,0.01,1
VYYstrbCdng,UCT-UsvGz4gm7lezXvCEex9A,2026-08-08 04:00:18,146,15,8,120.0,120.0,0.0,0
VYZY8yHhq-A,UCkpKYfb8wM67QnKxBj9bZXA,2026-08-11 10:47:32,16284,113,11,119.96,120.21,0.04,1
VYZg0gbvRoE,UCab17MxxnFtAhGsJVTkSkCg,2026-07-31 12:37:56,561,14,0,119.87,120.12,0.12,0
VY_WvvHnC9k,UCBmPfbqvGwTTfrV-H_UOfdw,2026-08-02 02:03:17,348433,6875,160,119.95,120.2,0.05,1
VYfprIFBDIY,UCMswODzU1ZjjrLyUk7NfwPA,2026-07-29 12:01:12,20149,464,18,119.98,120.23,0.02,0
VYh_yHmc5Jk,UCp6n8d8Y8r3MwKNw_MMaouQ,2026-08-15 20:05:23,2153,42,5,119.91,120.16,0.09,0
VYizXYcEZC0,UC8CIM3d3zDYMk-3T5aAz0yw,2026-07-17 10:14:33,358405,7040,747,119.76,120.01,0.01,0
VYnjSAJ1Vvs,UC_RRZdJk55ShXE-9d3deRUA,2026-08-19 18:44:42,7980,61,0,119.77,120.02,0.02,0
VZ7vRr7VhcY,UCyoKcrOcBEY4rmLYkDuXErA,2026-07-15 09:00:03,35318,502,20,120.0,120.0,0.0,1
VZi9O02palo,UCVqmxk6oNOHj9RFVo4uP_lw,2026-07-25 23:00:07,16323,532,63,120.0,120.0,0.0,1
VZi_dud6Umw,UCZ6mNZTiTUrUSbSYPlclI4A,2026-08-02 04:15:11,34349,1621,39,120.0,120.0,0.0,1
VZqJFZKNkOc,UCNmN3W2H0r5_hV2drzbEn7Q,2026-07-28 10:56:25,35175,877,53,119.81,120.06,0.06,1
V_821fJh6FI,UCkd3KAYGnTNPJZZrPOFeWhA,2026-08-26 03:00:16,78818,321,32,119.76,120.01,0.01,1
V_BkI1lnfiU,UCp6n8d8Y8r3MwKNw_MMaouQ,2026-08-09 13:11:27,3492,143,1,119.81,120.06,0.06,1
V_Fny1EhU10,UCk1NTIlGP27bQEumkw6sDVA,2026-08-21 09:00:30,10608,114,21,120.0,120.0,0.0,0
V_L0Bfc6DRk,UCMswODzU1ZjjrLyUk7NfwPA,2026-08-31 23:11:17,80473,689,41,119.83,120.07,0.07,1
V_T-8JNiMVk,UCcvKf8NxAw9i09hZw1MQPBQ,2026-08-19 10:00:35,46816,675,244,120.0,120.0,0.0,0
V_VvfyoNimY,UC-8S20Ll1gzPiu_YY8BgyaQ,2026-07-30 11:08:47,71109,760,9,119.86,120.11,0.11,0
V_ZWVb-BcoU,UCrKSaegnzewdj9-YLsUhoZw,2026-08-23 05:20:42,32948,194,269,119.92,120.17,0.08,0
V_ck3phQPvs,UCikKJvpU0Ylua4hRW6faQRg,2026-07-24 10:44:32,3822,99,0,119.76,120.01,0.01,0
V_dEeehKb-k,UCZCZHg_oJiHcrcj2vaPRCag,2026-08-18 15:20:57,53,1,0,119.91,120.16,0.09,0
Va1lsiY4IwM,UCyaMGpNb-UiLHMY833ai7IQ,2026-08-18 09:49:10,1195,6,0,119.94,120.19,0.06,0
Va7OHD104gc,UCeG0ONJtjwE20ThR5iSYdsA,2026-08-05 10:30:06,29303,479,138,120.0,120.0,0.0,0
Va7dbCjzuzk,UC_E_qYfGKM3C0kqrp1p8z7Q,2026-08-02 19:00:23,243,6,1,120.0,120.0,0.0,1
Va8HIakxVKk,UCwBkHOTyu57NQi0syf5MLig,2026-08-18 06:00:00,82126,250,15,119.76,120.01,0.01,1
VaOFAlFvPcE,UCksGX0hODm1Ev6mysrToMqg,2026-08-08 02:00:14,6533,244,14,120.0,120.0,0.0,0
VaWXdFsXqks,UCk5mlvpbj8CZxD229CpiouA,2026-07-25 13:00:32,5026,155,22,120.0,120.0,0.0,0
VaaojXnoUBM,UCZuT6NXrfZzYbqCG_RWgSgA,2026-08-26 10:18:57,85,3,0,119.95,120.19,0.05,0
VagcBCFaQSI,UCSl8TBqqflby-ymdEQVfRNQ,2026-07-23 14:18:09,40618,848,156,119.95,120.2,0.05,0
VaoKJBDqfxM,UCuCmLrNT5MbpqfrSSKHqTug,2026-08-17 09:35:48,12995,106,42,119.91,120.16,0.09,0
VarwobPxqYU,UCe0loHR-Vltq0GPHgYyzmrQ,2026-08-26 06:44:14,7814,48,18,119.77,120.02,0.02,0
VatfOVxg4qs,UCV6mNrW8CrmWtcxWfQXy11g,2026-08-20 07:35:45,11566,1306,19,119.91,120.16,0.09,0
Vaxe5TgjR6s,UCN8L7Z-dyzu9FzT39RM0fvw,2026-07-28 09:00:13,11318,156,44,120.0,120.0,0.0,0
VazrDVAZsu4,UCby0vMKcLR05ZdS90aZd5og,2026-07-29 17:01:26,251,3,3,119.98,120.23,0.02,0
Vb1kRs4UdDo,UCi8fe6P0_tLeZ1r31wOydvw,2026-08-28 04:00:15,13810,18,1,119.76,120.01,0.01,0
Vb4ZU9oGLSo,UChHxLcNi7e0zu-e33HM6v6A,2026-08-28 10:00:28,37672,160,44,120.0,120.0,0.0,0
Vb5PaJL5o_c,UCdK9h1ILxS49c2LguBUY3rw,2026-08-14 10:45:18,16,0,0,120.0,120.0,0.0,1
Vb9HY2mPFKU,UCZ6mNZTiTUrUSbSYPlclI4A,2026-08-14 04:56:00,42154,1219,37,119.82,120.07,0.07,1
VbIKeRHcHY8,UC4oe-OVZ2Ho-03yrMkrXomQ,2026-08-11 07:00:31,236116,3491,108,119.99,120.24,0.01,1
Vbctz1gfg5E,UCpcTrCXblq78GZrTUTLWeBw,2026-07-15 17:06:58,114506,596,53,119.89,120.14,0.11,0
Vbv0KJYOvQ4,UCms8Ge7H1ZGgw6nV94fUhUQ,2026-07-28 09:00:00,13010,292,31,120.0,120.0,0.0,1
Vc5tDsMx_9U,UC8IxyKkhu4YUYK_c76AdcDw,2026-08-02 07:57:20,3568,27,11,119.8,120.05,0.05,0
VcBSW2CvyTQ,UC5H8Wt-1q_tnn-m4tDTqbUw,2026-08-07 06:23:49,5467,53,15,119.86,120.11,0.11,0
VcO7EySMunY,UCt8CJiye87FMbEwt0npPMuQ,2026-08-14 15:00:01,10438,442,19,120.0,120.0,0.0,0
VcQwANIy4P4,UCPv0av3PfTUeTnHGgcXkk8w,2026-08-15 00:01:17,8,0,0,119.98,120.23,0.02,0
VcVyzzRzl7g,UCOaUTqrtz1yBBiwziVJEAmQ,2026-08-13 08:00:05,2385,8,2,120.0,120.0,0.0,1
VcY-YRQxe0Q,UC5grrciAyUF4xjd42XhV-1Q,2026-08-20 03:18:19,8474,164,24,119.95,120.2,0.05,1
Vcf8sGcBlTM,UCZPfs7xIjGmOGs9kvgGhUKQ,2026-08-23 09:44:27,234,2,0,119.77,120.02,0.02,0
VckXTe0yEGo,UCw1DsweY9b2AKGjV4kGJP1A,2026-08-14 07:58:38,3750,29,8,119.78,120.03,0.03,0
VcmKJpyGQSU,UCSl8TBqqflby-ymdEQVfRNQ,2026-08-05 15:46:35,20976,360,153,119.98,120.23,0.02,0
Vd6-9PIwuiU,UCuZ862fZel1gq9RAf_OkvqA,2026-08-12 15:31:53,10501,53,1,119.97,120.22,0.03,0
VdAROGcN4g4,UCqI5lyTpC79pOy2D-VXAMdA,2026-08-11 14:22:58,67481,474,100,119.87,120.12,0.12,0
VdMlXlxJyGk,UCaMV-CjrWYh2Aefg_8iLwJQ,2026-08-03 09:00:28,63325,325,107,120.0,120.0,0.0,0
VdNL1ubE9kc,UC2f8VfmEF2_0-rFN4RNHaNg,2026-08-16 16:41:51,29347,462,126,119.81,120.06,0.06,0
VdcFw2aVxS8,UCXNh3eUHXEkL7h1w1KYQRKQ,2026-08-13 00:03:41,783,37,0,119.94,120.19,0.06,0
VdoMcccoCX8,UCAGfDVBYmUlAxUYYLvtrvyA,2026-08-11 09:00:19,37,8,7,120.0,120.0,0.0,0
VeAeNgiudWQ,UCD2YO_A_PVMgMDN9jpRrpVA,2026-08-27 07:01:55,1293046,4592,749,119.98,120.23,0.02,0
VeIjwQTRVYY,UCtVBI7YLJyDvrx7iWAukx_Q,2026-08-05 01:00:06,67954,1570,173,120.0,120.0,0.0,0
VeK9nYvYLUs,UC86GXx7Ap-Cahlb0r0xT-ZQ,2026-08-22 12:00:12,23949,180,3,119.76,120.01,0.01,0
VeQMA-0iKhk,UCNRnCc0hg3ZcKdOGXKKv5Ww,2026-08-06 03:15:02,56015,202,26,120.0,120.0,0.0,1
VeTctINFJAo,UCPGl9DV2WUgaqGVXtVrhJWQ,2026-08-05 02:18:09,4,0,0,119.95,120.2,0.05,0
VeTljwtyFYY,UCFrKhWvZ8oeJQTNP5ZabgJw,2026-08-14 03:02:28,565417,7212,574,119.96,120.21,0.04,1
VebW4NYsPPs,UCdGiRd1dTixfQxQrb2pbn5Q,2026-08-10 09:00:03,17936,400,44,120.0,120.0,0.0,1
Zso51kOAPBU,UCN5oT4zGJX-_H6pE5isAEeg,2026-08-19 09:00:18,45439,631,30,119.76,120.01,0.01,0
ZsrOKZrIzq4,UCc1VJX_5Z2RdGi58XU4IfbA,2026-08-13 06:30:37,549,13,0,119.99,120.24,0.01,0
Zstnlp3TArw,UCyiKngyUPUb1bka4yFrn65g,2026-08-13 00:04:42,1069,2,1,119.93,120.17,0.07,0
ZsvTJhvds-4,UCPsZX-D7LW99PjZLA-UysPQ,2026-07-30 09:00:32,2201,37,12,119.99,120.24,0.01,0
ZsyAd2B2n8Q,UCDGbm9jZgqNeMWyK4j-Kduw,2026-08-25 10:00:03,1145,,1,119.76,120.01,0.01,1
Zszp5aFh0mM,UCPGl9DV2WUgaqGVXtVrhJWQ,2026-07-12 15:00:11,9,0,0,120.0,120.0,0.0,0
ZtFhYUdbp9k,UCuWDza8A_ntbjwBZgW0ZSNw,2026-07-23 08:00:32,122170,1988,34,119.99,120.24,0.01,1
Ztaq3aHrTOg,UCPI40-XQA9-GBGj2k8PPqfg,2026-07-17 08:50:29,36057,556,47,119.91,120.16,0.09,0
Zu0mAPMbnqs,UCaN1Qp37sHiCdQuSaXa3fVw,2026-08-22 07:00:04,193765,,27,119.76,120.01,0.01,1
Zu2kL9E91sc,UC4cKHOBS-nRfKFTwf1n8HGA,2026-08-02 01:53:25,36,,0,119.86,120.11,0.11,0
ZuF3Zwi9--o,UCOTJtP0Z9DjpPU43B5m1V6A,2026-07-23 02:30:34,74282,878,56,119.99,120.24,0.01,0
ZuQ6cFB7__Y,UCybfHuHkJRzGDymek2Dsqvw,2026-07-29 04:32:20,141803,5296,238,119.96,120.21,0.04,1
ZuTdLxjpEgs,UC5grrciAyUF4xjd42XhV-1Q,2026-07-24 00:00:31,4254,,0,119.99,120.24,0.01,0
ZuZ4kAfiDaA,UCc1VJX_5Z2RdGi58XU4IfbA,2026-08-09 06:30:32,502,13,0,119.99,120.24,0.01,0
ZujFwWUr8_s,UCaMV-CjrWYh2Aefg_8iLwJQ,2026-08-18 09:00:06,67824,273,22,119.76,120.01,0.01,0
ZuxgPY5Unf0,UCDHGqgpiHQAsE0UiltRqhfQ,2026-07-16 09:56:55,29432,73,42,119.8,120.05,0.05,0
ZvCMnH-vZOU,UCTUnpbuKoOODvhLhCO_kO_A,2026-08-29 10:06:04,4374,29,3,119.91,120.16,0.09,1
ZvLn5LatGz8,UCyU5JQ8KVRD9jE4E_xLsHxw,2026-07-18 09:00:29,23,1,0,119.99,120.24,0.01,0
ZvYeWCS0T5M,UC0vqyzJ-1l3AJl3IkKu0bhQ,2026-08-14 01:47:46,21,1,0,119.96,120.21,0.04,1
Zvd2aNq1l0w,UCXtU-C_e2iBzPSq9oLXtbVw,2026-08-22 00:03:35,618,6,2,119.95,120.2,0.05,0
ZvfU6q3Zo8I,UCS-X1uBDTNwAYyydiXjcX9A,2026-07-30 08:10:11,1790,31,3,119.83,120.08,0.08,0
Zvfl96fMX2Y,UCNZ87V1E_2h_Nyh-zVTRFWA,2026-07-21 08:50:53,1341,8,0,119.9,120.15,0.1,1
ZvpDTvDPIp8,UCN5oT4zGJX-_H6pE5isAEeg,2026-08-07 08:00:32,1169746,17314,742,119.99,120.24,0.01,1
ZvqGLkb6FhQ,UCI3DTtB-a3fJPjKtQ5kYHfA,2026-07-27 02:00:30,8087,175,8,119.99,120.24,0.01,0
ZvqcUmJOiIg,UC3hqiw3lZAXaMwhQvMGZkdw,2026-08-04 13:15:14,5847,65,39,120.0,120.0,0.0,0
Zw8131bYmmo,UCJmnOEp1-OITEU0mk4icM5A,2026-07-24 07:00:30,46126,796,785,119.99,120.24,0.01,0
ZwNKahE7QQQ,UCNRnCc0hg3ZcKdOGXKKv5Ww,2026-08-03 16:18:29,15370,89,3,119.94,120.19,0.06,0
ZwQP943WYkg,UCV7WE8I_UiAN0fa6Arezx_w,2026-08-15 08:00:13,16,0,0,120.0,120.0,0.0,0
ZwanjDL-AEE,UCdtV_sB8WUWo-P_q3OwNfcw,2026-07-29 08:00:18,21047,206,19,120.0,120.0,0.0,0
ZwhcT62v13U,UCBmAvrPyyiohq552LjQvPww,2026-08-27 09:15:16,3381,76,10,119.76,120.01,0.01,1
ZwzY7voYbNE,UCY_vDlvG-BTDRIOk_I9QQ6g,2026-08-29 20:36:28,3676,4,0,119.9,120.15,0.1,0
Zx6OYN2Daao,UCaHIZAKows704_gk6bjdAog,2026-08-03 09:16:39,55780,653,198,119.97,120.23,0.03,0
ZxGz6bymaUU,UCw1DsweY9b2AKGjV4kGJP1A,2026-08-13 06:00:14,101716,580,37,120.0,120.0,0.0,1
ZxJT4KP8LPM,UCpTNtH8yc1Kdl_YFfsQsTYA,2026-08-21 15:14:19,3392,20,0,119.77,120.02,0.02,0
ZxM9FYYLzDA,UCm1JuixwDoQEDi5RfcRuHJg,2026-07-28 02:00:04,28693,1366,37,120.0,120.0,0.0,1
ZxRaEZG-ef8,UCgsKeCRaBGH6JlnH6VO_7OA,2026-08-25 22:41:57,55,0,1,119.81,120.06,0.06,0
ZxVQvFm-u_U,UCw1DsweY9b2AKGjV4kGJP1A,2026-08-07 09:58:04,177355,1189,123,119.79,120.04,0.04,0
ZxkWx1aDOU8,UCZRH94I89Ps7giJYeK6DlWA,2026-07-12 14:45:19,48576,1671,19,120.0,120.0,0.0,1
Zxqr3mhLO-E,UCwBkHOTyu57NQi0syf5MLig,2026-08-16 00:00:14,77952,272,7,120.0,120.0,0.0,1
ZxtDExGJXP0,UClvMduw1MDMQ0PuH753-XSA,2026-08-22 00:16:52,2532,57,0,119.98,120.23,0.02,0
Zy1beY0Gu-8,UCXNh3eUHXEkL7h1w1KYQRKQ,2026-07-25 06:04:44,32588,396,14,119.92,120.17,0.08,1
ZyPPSKRmR3Q,UCVWAdUQGUiY2Kzh0JoB5PtQ,2026-08-22 05:34:31,1274,5,2,119.93,120.19,0.07,0
ZyW7CuE_Qh8,UC0vqyzJ-1l3AJl3IkKu0bhQ,2026-07-30 10:49:59,157,2,0,119.92,120.17,0.08,0
ZyYskz9N6uo,UCEcRvF_6IRSux8FO-ogFZug,2026-08-28 17:28:39,40978,830,56,119.78,120.03,0.03,0
Zykv-ufhS74,UCawK5EIfr66Z7fjAlZgfB2g,2026-08-30 02:01:16,3719,,0,120.0,120.0,0.0,0
ZylkKvxufi0,UCT_AS9Vfdi1RLtP4MIeIZow,2026-08-23 02:47:09,60,3,0,119.98,120.23,0.02,0
ZypNitfaOU4,UC5Yx9RlmznXDUEIrfoSqheA,2026-08-14 04:43:08,185,3,0,119.78,120.03,0.03,0
ZytcixFDgJE,UCgWwo8FJL3MCxfd66ip7nFg,2026-07-12 09:14:55,48162,,58,120.0,120.0,0.0,0
ZytnldXmX6g,UCpnnUKmAQKgVinEV-lV-N2g,2026-07-20 09:19:51,53796,1452,221,119.92,120.17,0.08,0
Zyvv08TGx8A,UCyoKcrOcBEY4rmLYkDuXErA,2026-08-23 13:00:35,65373,1064,87,120.0,120.0,0.0,0
ZzABMSsWDcs,UC_e83kYlGHWbsrr8QCfV_ag,2026-08-01 06:27:11,6303,7,0,119.8,120.05,0.05,1
ZzNLo_LSh00,UCM81CAJ2_Y42-bvK1OQnAAA,2026-08-13 09:18:29,38156,382,245,119.94,120.19,0.06,0
Zza5QY21MrU,UCTUnpbuKoOODvhLhCO_kO_A,2026-07-29 08:47:37,1417,7,0,119.96,120.21,0.04,1
ZzfZSu6DCP0,UCp6n8d8Y8r3MwKNw_MMaouQ,2026-08-29 18:58:32,6965,36,6,119.79,120.04,0.04,0
Zzi_64MgT-4,UC0PMQXAwF6O6aeTpv962miA,2026-08-22 15:30:05,77506,1083,211,119.76,120.01,0.01,0
Zzibs0gQB-o,UCgvtwZJPhSfbKOxh3EoVXng,2026-08-19 10:39:52,47,1,0,119.85,120.1,0.1,0
_-8qkC-QXs4,UCBtJuwDt6LlXp2YASC-ZMdA,2026-08-24 11:00:11,1114,4,0,119.76,120.01,0.01,1
_-BHiYq0GGE,UCpcTrCXblq78GZrTUTLWeBw,2026-07-19 14:30:26,83030,353,30,119.99,120.24,0.01,1
_-CsMBt30uw,UCUbOogiD-4PKDqaJfSOTC0g,2026-07-10 12:50:35,123329,597,100,119.91,120.16,0.09,0
_-_6TZR2CnE,UCMswODzU1ZjjrLyUk7NfwPA,2026-08-03 11:15:37,67822,818,43,119.99,120.24,0.01,0
_-gLTq9CdMI,UCyiKngyUPUb1bka4yFrn65g,2026-07-13 12:53:32,2010,17,0,119.86,120.11,0.11,0
_-jJiD6PkRQ,UCzju3TlIRi6tkO9o4gwXdVA,2026-08-29 23:00:28,42306,,5,119.76,120.01,0.01,0
_-lO3hmI51I,UCjOtzpfj5lF9erwTEQYkxtQ,2026-07-23 03:00:01,37066,718,30,120.0,120.0,0.0,0
_04s0N0ClMY,UC3pTpoDKt17IrCDH60kSNPA,2026-07-28 02:31:37,2484,32,5,119.97,120.22,0.03,0
_08Ibak3b24,UCoSniqkitCpxlHrQd5L8A1w,2026-08-02 15:31:13,2013,17,13,119.98,120.23,0.02,0
_0DJrjlmKl0,UCw55Gv3z7xgtG34fOP1-Aiw,2026-08-30 14:00:10,1246,4,2,119.76,120.01,0.01,0
_0WW337cOVQ,UCQ5KMP03ifjJ8mDeyjWeZ7g,2026-08-06 10:00:36,3468,47,3,119.74,120.24,0.24,0
_0ieh5z6yyw,UCETJ2rkwgeYb0OojPNh-DRw,2026-07-14 03:00:42,18771,227,6,119.99,120.24,0.01,1
_0nqDh8Yk_0,UC4P7F8qenDo1O_5NvgBb_cg,2026-08-16 02:30:25,84693,838,184,120.0,120.0,0.0,0
_16ta89QkBY,UCATlfGN7EDjXS_2ofklb3bw,2026-08-18 08:04:46,13211,234,5,119.93,120.18,0.07,0
_18AQxyTQGI,UCV6mNrW8CrmWtcxWfQXy11g,2026-07-22 14:00:22,79695,2576,38,120.0,120.0,0.0,1
_1UgtQl8EKU,UCdK9h1ILxS49c2LguBUY3rw,2026-07-24 11:30:15,7,2,0,120.0,120.0,0.0,0
_1beNTDC7xQ,UCzDmGDR5RdahQkLCBoWlTEg,2026-07-19 03:00:18,41171,245,2,120.0,120.0,0.0,1
_1bryuKoLDw,UCABvetlXpdOwFz10fCpJkwQ,2026-08-31 09:29:24,246783,1179,811,119.77,120.02,0.02,0
_1g725aAAr8,UCBtJuwDt6LlXp2YASC-ZMdA,2026-08-12 11:00:08,1624,7,0,120.0,120.0,0.0,1
_1gI4a61khw,UCF7IBIvHZ2be4Ufo8i0uHBw,2026-08-20 09:00:22,26725,280,13,120.0,120.0,0.0,1
_1kgbDtceXo,UCBtJuwDt6LlXp2YASC-ZMdA,2026-08-13 09:00:40,1120,1,0,119.99,120.24,0.01,0
_1tFYOYCREc,UCZCZHg_oJiHcrcj2vaPRCag,2026-07-27 14:58:40,63,1,0,119.77,120.02,0.02,0
_1upWmeL8jY,UC8E29ANOC3_OuB7_5EPY2xw,2026-07-21 09:42:04,1618,8,2,119.8,120.05,0.05,1
_1xkpFYPueQ,UC3gl4CHfNtAqNjju1goB0_w,2026-08-23 02:07:12,1371,37,1,119.89,120.14,0.11,0
_298u5mG_4w,UC0E_zsPAziGgkxaAtwvmFAA,2026-07-31 01:00:14,203217,6887,390,120.0,120.0,0.0,0
baIsDtwnhY0,UCMiOzwzeNwlZUTFLNtzgRTg,2026-08-31 11:59:48,74,0,0,119.76,120.02,0.02,0
baW7FnPfIqc,UCgLFbrC7-g0ihBKB0obVPTg,2026-08-22 11:26:00,141,1,0,119.83,120.08,0.08,0
baZWQRO0r8Y,UCab17MxxnFtAhGsJVTkSkCg,2026-08-16 17:08:10,693,12,0,119.87,120.12,0.12,0
batnWquZTc4,UCRq3CDTZ2qe3HiHrZdQKBvQ,2026-08-21 12:39:36,1906,11,3,119.85,120.1,0.1,1
bbM0p2-i8Pw,UCqlcSsDNMYxEsem7bWY-66Q,2026-08-09 16:05:05,15318,493,1,119.92,120.17,0.08,0
bbNCFwAGXT0,UCBtJuwDt6LlXp2YASC-ZMdA,2026-08-22 09:00:03,1160,2,0,119.76,120.01,0.01,1
bbnZMs2A4ys,UCeG0ONJtjwE20ThR5iSYdsA,2026-07-28 10:00:06,76592,916,140,120.0,120.0,0.0,0
bc3-icELO6I,UC-okJdotaXPlzivRzHFqzuA,2026-07-29 02:59:22,76183,1228,35,119.76,120.01,0.01,0
bcEbESEYm5U,UCsRiYH-VrZ2mYsohk7GhLdQ,2026-08-31 09:00:16,127867,439,45,119.76,120.01,0.01,0
bcNgfCbrlKk,UCt8CJiye87FMbEwt0npPMuQ,2026-08-28 13:00:09,85647,1783,143,119.76,120.01,0.01,0
bceSStk-P5k,UC5grrciAyUF4xjd42XhV-1Q,2026-08-21 01:35:15,3151,,0,119.92,120.17,0.08,0
bcuYwYSujZE,UCL_IvtOZo6sONpiydbzzHpA,2026-08-28 07:00:07,71131,649,65,119.76,120.01,0.01,0
bd7neP_XTlc,UCPGl9DV2WUgaqGVXtVrhJWQ,2026-07-22 15:00:03,144,1,0,120.0,120.0,0.0,0
bd9E791_FRA,UCab17MxxnFtAhGsJVTkSkCg,2026-07-26 12:22:51,507,11,1,119.87,120.12,0.12,0
bdRx_a-DQsY,UCikKJvpU0Ylua4hRW6faQRg,2026-08-20 17:49:24,1681,45,0,119.94,120.19,0.06,0
bdVoDIzl3k8,UCjOtzpfj5lF9erwTEQYkxtQ,2026-07-29 03:00:38,54110,1161,51,119.99,120.24,0.01,0
bdWx0z41cmw,UCyU5JQ8KVRD9jE4E_xLsHxw,2026-08-16 09:00:28,63,3,0,120.0,120.0,0.0,0
bdXs1YLwk5Q,UCBtJuwDt6LlXp2YASC-ZMdA,2026-08-14 03:00:29,257,1,0,120.0,120.0,0.0,1
bdcLyQMNGxk,UCab17MxxnFtAhGsJVTkSkCg,2026-08-31 10:04:36,1870,18,0,119.94,120.19,0.06,0
bdg-JfTHpyU,UCYJ0Ucu9jPX5kn6SeDcNaIQ,2026-07-22 15:00:04,131056,909,7,120.0,120.0,0.0,1
bdjkUYrzawg,UCpI-AhCT02iQRGLC2ZcY0Jw,2026-08-13 01:00:28,42969,425,213,120.0,120.0,0.0,0
bdohlUCnquA,UCPGl9DV2WUgaqGVXtVrhJWQ,2026-08-17 03:47:49,13,0,0,119.96,120.21,0.04,0
bdyKAwoVppY,UCqVkQsNin4MdGFrWvzFVOKw,2026-08-23 15:59:44,15987,380,0,119.77,120.02,0.02,0
be4MnzuhGEg,UCzDmGDR5RdahQkLCBoWlTEg,2026-07-18 09:00:10,112284,693,87,120.0,120.0,0.0,0
be7H4k098eo,UCDHGqgpiHQAsE0UiltRqhfQ,2026-08-21 09:30:05,39521,152,36,119.76,120.01,0.01,0
be7lp70i_HE,UCNRnCc0hg3ZcKdOGXKKv5Ww,2026-08-09 16:20:23,12114,87,2,119.91,120.16,0.09,0
beH60hxqWEo,UCePy6AqRuTfKDC4aTrqcAqQ,2026-07-19 12:42:40,468,44,6,119.79,120.04,0.04,0
begEp6bGwlo,UCo33r3SAf5z9MS-lrXV2aOQ,2026-08-28 08:00:29,128725,961,132,119.75,120.01,0.01,0
begUM0uv1II,UCS3_H_feQRm4QbXipKTvSrw,2026-08-01 13:00:25,20165,339,49,120.0,120.0,0.0,0
bejwedDssUs,UCkmUJzaZfP7Wsb5-89pAK4Q,2026-08-28 20:56:58,3435,22,0,119.81,120.06,0.06,0
benY3otUIgg,UCUt2AEhC-OOC2EPCzj4DkCw,2026-08-21 08:00:09,2273,30,5,119.76,120.01,0.01,0
bep2CPqA-Uw,UCv1tOT645xHOJrwdGlzjMaA,2026-08-29 13:41:43,0,34,0,119.82,120.07,0.07,0
bf6Siyma9_g,UCKrprPfevcAZpPuRnCO6xOA,2026-08-20 09:00:11,1214,8,1,120.0,120.0,0.0,0
bf8Eu8YDqfM,UCv1tOT645xHOJrwdGlzjMaA,2026-08-15 11:11:12,148572,1052,10,119.82,120.07,0.07,0
bfnKNleC-1E,UCrdRt77s53QWevhMYX-8UPg,2026-08-13 01:14:22,101294,220,87,119.76,120.01,0.01,0
bfoOdgwjnCA,UCPuD5ZRQWa_JCaY5NokNhtg,2026-07-30 01:27:30,608,8,5,119.79,120.04,0.04,0
bfrRPV31LVA,UCSrQnB-Ip9hc0biFQ3HoKzg,2026-08-13 04:41:36,4599,192,8,119.81,120.06,0.06,1
bg-_ZSJ5DTY,UCc1VJX_5Z2RdGi58XU4IfbA,2026-08-03 08:00:24,566,17,1,120.0,120.0,0.0,0
bgIH3OwF3eY,UCQuY08EEKLFOp0D37Sfpd0A,2026-07-25 03:30:30,24597,503,33,119.99,120.24,0.01,0
bgJ9j_v440M,UCYGF_xk5RDpltyZDSx040uw,2026-08-21 11:36:06,84987,872,35,119.91,120.16,0.09,1
bgLAf3G7m-o,UCAl4HWznMn7KhKBRFO5eiFA,2026-08-12 10:00:07,8863,56,2,120.0,120.0,0.0,1
bgNFyMwS_kQ,UCcum1rCJ5GJeQ_xv0xrohqg,2026-08-13 10:00:26,25440,986,59,120.0,120.0,0.0,1
bgVdniDJ8Ts,UCOTJtP0Z9DjpPU43B5m1V6A,2026-08-13 12:00:35,579636,3202,134,119.99,120.24,0.01,0
bgYEm4tSzaU,UCw1DsweY9b2AKGjV4kGJP1A,2026-07-30 09:00:11,32238,114,10,120.0,120.0,0.0,1
bgd4EOSbgTE,UCS3_H_feQRm4QbXipKTvSrw,2026-07-27 11:30:33,26310,444,53,119.99,120.24,0.01,0
bgejHnqXOy0,UC-Pn1i_ot4qmG4l7wMZPvyw,2026-08-01 10:15:32,5774,109,11,119.99,120.24,0.01,0
bghr9RhQq9A,UCa2liSwjQST4AGcg6LFQakQ,2026-08-11 04:00:00,1771,2,0,120.0,120.0,0.0,0
bgjN5ZVBKPc,UCSfhr4gDPFsKuwdmTOWp2jw,2026-07-23 09:30:37,17,2,0,119.99,120.24,0.01,0
bgkU1WPF270,UC9JlObZnbOirT4_iyPGrdcw,2026-07-29 13:00:32,26605,374,31,119.99,120.24,0.01,0
bgok0ZSz6Oc,UCab17MxxnFtAhGsJVTkSkCg,2026-08-02 17:07:08,2178,39,1,119.88,120.13,0.12,0
bh0rx5uurAw,UCgsKeCRaBGH6JlnH6VO_7OA,2026-08-13 16:17:49,14,1,0,119.96,120.21,0.04,0
bh0zxZuIj48,UCfjMjhfjRRy8B0mfqbO_43w,2026-07-31 08:57:24,211653,2039,255,119.8,120.05,0.05,0
bh26UOk8PL4,UCNZiNM2pP6uhIlTQVS2Q5fA,2026-08-14 09:00:05,153281,4510,247,120.0,120.0,0.0,1
bhCo2nnBirg,UCO8ToDSM2Gvt3EZdOdosxTw,2026-07-30 09:00:06,76971,1436,174,120.0,120.0,0.0,0
bhGuDa9346w,UClHGjnruf4A9Us7CHVgLIEQ,2026-08-15 04:30:22,11432,53,4,120.0,120.0,0.0,1
bhMTAAXbXmQ,UC8rbhIem-3aAsNXhTDI-nSA,2026-08-20 22:00:34,71205,1239,78,120.0,120.0,0.0,0
bhUwmdpRxoY,UCOTJtP0Z9DjpPU43B5m1V6A,2026-08-10 03:13:14,134076,1345,89,119.78,120.03,0.03,0
bhWCoLQhi2A,UCnkytUgy0CtWd06up9CjNxg,2026-08-10 15:00:06,138697,1797,279,120.0,120.0,0.0,0
bhbKZN5x68M,UCSh__r5HS4Y1xBkccWnV0TA,2026-07-27 20:03:39,199889,5184,176,119.94,120.19,0.06,0
bhjoFtI0UP4,UCt8CJiye87FMbEwt0npPMuQ,2026-08-25 18:01:46,59487,1921,163,119.98,120.23,0.02,0
bi1afqKmD9w,UCjhRgb1NpnlRs01s9rAhuug,2026-08-19 12:09:18,43,1,0,119.86,120.11,0.11,0
bi2CLrmrIOY,UC_m_uqd_9s0hZvlgfvCzqbQ,2026-07-27 13:54:18,710,34,0,119.85,120.1,0.1,0
bi4CaPimU9Q,UCa8Z4uUp51Aqtx4Fq4-3wMA,2026-08-12 05:33:26,10924,198,19,119.95,120.2,0.05,1
bi7YrsPMa9M,UCrExV5uWnC3-WUnUN2Ck8HA,2026-07-22 14:38:11,1570,24,0,119.87,120.12,0.12,0
biG2E8AH2TY,UCJmnOEp1-OITEU0mk4icM5A,2026-08-22 05:00:22,74364,1139,79,119.75,120.01,0.01,0
biHwmwpqggM,UCrKSaegnzewdj9-YLsUhoZw,2026-07-20 11:31:28,49217,390,86,119.98,120.23,0.02,0
biL4Jh2SYQQ,UCAl4HWznMn7KhKBRFO5eiFA,2026-07-25 10:00:13,3034,28,1,120.0,120.0,0.0,1
biU4CYN-xhs,UCt8CJiye87FMbEwt0npPMuQ,2026-08-25 20:23:55,44081,1085,127,119.86,120.11,0.11,0
biUpO7rUZ4U,UC_e83kYlGHWbsrr8QCfV_ag,2026-08-19 11:24:15,47864,310,63,119.86,120.11,0.11,0
bidovRde73U,UCD2YO_A_PVMgMDN9jpRrpVA,2026-08-16 11:57:28,521920,4640,831,119.8,120.05,0.05,0
bioaLkA8d2Q,UCzkk3MGFFeiN0E0T3AEeg_g,2026-08-11 03:03:48,102947,379,275,119.94,120.19,0.06,1
birR3FTQG00,UCqVkQsNin4MdGFrWvzFVOKw,2026-08-24 02:00:34,13511,320,15,119.75,120.01,0.01,0
bixgPvTQ2ts,UC3RzmV2LX3AmWhZVx0A7u0A,2026-08-04 07:00:18,344763,9491,332,120.0,120.0,0.0,1
bj8U4cCoxz8,UCs0LzOveQMLImmmTrMmP2sg,2026-08-04 13:50:33,240719,1033,60,119.91,120.16,0.09,0
bj9v2jHFIbg,UCpcTrCXblq78GZrTUTLWeBw,2026-07-10 16:29:20,27733,199,30,119.76,120.01,0.01,0
bjAG89vt6N0,UCcHVk5SFxfYhCbbX8pWWuVg,2026-08-22 09:00:14,29157,289,169,119.76,120.01,0.01,0
bjCldIHA9Gg,UCN8YcyYvYIrtLcwyT-KqbNg,2026-07-16 08:00:01,14729,148,80,120.0,120.0,0.0,0
bjKve4qZGgM,UC6YqXiwCBfPvPTs3wXgWElQ,2026-07-27 10:23:40,177846,934,234,119.86,120.11,0.11,0
bjl4wTEeUiA,UCXqP0RsJo6-y-MrKz6k8H-g,2026-07-29 11:07:03,2047,47,12,119.88,120.13,0.12,0
bjyPCeHPUGc,UCv1tOT645xHOJrwdGlzjMaA,2026-08-27 10:18:25,18735,243,19,119.96,120.21,0.04,1
bk3yUXSCw48,UCYooECrv-fIXlPaDwEIaveA,2026-08-27 09:01:05,53461,413,67,119.99,120.24,0.01,0
MofD3zs8qUw,UCPGl9DV2WUgaqGVXtVrhJWQ,2026-08-30 03:59:14,9,0,0,119.78,120.03,0.03,0
Mp01kgVq6Gs,UCtGMgPWJNU2Aj-SNK0zg0Sg,2026-07-25 16:07:28,2465,18,0,119.88,120.13,0.12,0
MpBi8aI7phw,UCgLFbrC7-g0ihBKB0obVPTg,2026-08-07 15:42:47,53,1,1,119.79,120.04,0.04,0
MpIunZm6-fI,UC8a9-ubjMyQkDH9Jr8EX0JQ,2026-07-19 01:32:11,75,5,0,119.96,120.21,0.04,0
MpJ1eFTnsNQ,UCV6mNrW8CrmWtcxWfQXy11g,2026-08-23 21:15:33,93642,3845,606,120.0,120.0,0.0,0
MpVog7yd9CE,UCyEIUlSKbzCt3ElAsPFb7EQ,2026-08-12 02:00:01,10191,32,31,120.0,120.0,0.0,0
MpXe2F8e2as,UCBA9XaL5wCdHnC5EmEzwrqw,2026-07-28 03:03:54,249770,1185,150,119.94,120.19,0.06,0
MpkSiKAUlws,UC9M8GGVwPqc9ubNruArCNPg,2026-08-12 15:00:25,6345,161,5,120.0,120.0,0.0,1
MplwoSJX1Lw,UCnhGcri8x6xhehanhAe9ipw,2026-07-11 12:16:11,1835,26,9,119.98,120.23,0.02,1
Mq-uTafkAkw,UCJDXc9JWCZo-nLNKr_-L2Ng,2026-08-31 12:00:09,3438,71,4,119.76,120.01,0.01,0
Mq2QqeAngyo,UC_E_qYfGKM3C0kqrp1p8z7Q,2026-08-12 17:00:00,341,7,2,120.0,120.0,0.0,1
Mq7PXTl-vNI,UCV6mNrW8CrmWtcxWfQXy11g,2026-08-20 23:30:32,328191,10388,458,120.0,120.0,0.0,1
Mq7W3CkkG6c,UCnhGcri8x6xhehanhAe9ipw,2026-08-12 12:01:18,527820,4796,218,119.98,120.23,0.02,1
MqB9z3iZjus,UCZRH94I89Ps7giJYeK6DlWA,2026-07-30 03:00:28,76261,922,120,120.0,120.0,0.0,0
MqGepAgFTw0,UCkrJBQAut47U8xMUuv8D_3g,2026-08-11 09:19:10,28144,1010,35,119.93,120.18,0.07,1
MqOkrd1Dkss,UCuWDza8A_ntbjwBZgW0ZSNw,2026-07-28 10:15:35,8130,74,33,119.99,120.24,0.01,0
Mqa9LKt1daU,UCKrprPfevcAZpPuRnCO6xOA,2026-08-26 16:32:04,136,0,0,119.98,120.23,0.02,0
MqdM5FKpwsU,UCcstDLbuhxEbFKkPZ6wST2A,2026-08-29 10:00:11,146023,674,26,119.76,120.01,0.01,0
MqmtFkIjZws,UCcHVk5SFxfYhCbbX8pWWuVg,2026-08-12 09:00:13,17323,212,55,120.0,120.0,0.0,0
Mr-4KcJRyDI,UCyiKngyUPUb1bka4yFrn65g,2026-08-27 07:34:30,44128,193,34,119.94,120.19,0.06,1
Mr-IGh8RVgk,UC6YqXiwCBfPvPTs3wXgWElQ,2026-07-29 03:14:44,1353,10,0,119.76,120.01,0.01,0
Mr3Sn9aBUHU,UCtIbfg_6gjbdFqCqAiUcqyQ,2026-07-20 08:00:06,22483,197,5,120.0,120.0,0.0,1
Mr6CXqyTSMM,UCV7WE8I_UiAN0fa6Arezx_w,2026-07-19 11:00:09,66,0,0,120.0,120.0,0.0,0
MrP1qPpeQSk,UCwfbSsZ7_sccxcibe60mWlQ,2026-08-10 03:00:17,10995,42,11,120.0,120.0,0.0,0
MrP8lgAHy94,UCEg24oF81p-THPtp3otdmTA,2026-08-25 09:09:05,69422,2247,113,119.86,120.11,0.11,1
Mr_Z4uhiIms,UC4cKHOBS-nRfKFTwf1n8HGA,2026-08-23 08:49:41,1188,,0,119.93,120.19,0.07,1
Ms6A17rHy7M,UCgLFbrC7-g0ihBKB0obVPTg,2026-07-22 15:31:52,184,8,0,119.97,120.22,0.03,0
MsTS5MqFovM,UCV6mNrW8CrmWtcxWfQXy11g,2026-08-25 21:30:29,131528,4877,738,120.0,120.0,0.0,0
MsTt1Hm8h-0,UCtLWxhEMKOio-GzdVJ1CVhg,2026-07-22 08:19:16,555,17,4,119.93,120.18,0.07,0
MsUg1PtrI4w,UCpcTrCXblq78GZrTUTLWeBw,2026-07-29 14:30:10,690794,25992,388,120.0,120.0,0.0,0
MtWVcAsWvFU,UCoovEJW0dyTWwHiblWDWvyQ,2026-08-27 10:15:36,49961,276,35,120.0,120.0,0.0,0
MtZySindgow,UCpcTrCXblq78GZrTUTLWeBw,2026-07-13 15:55:52,600226,8056,96,119.82,120.07,0.07,1
Mth6xZymFbk,UCV7WE8I_UiAN0fa6Arezx_w,2026-07-14 20:00:06,153,1,0,120.0,120.0,0.0,0
MtpxfbmFRyk,UCJDXc9JWCZo-nLNKr_-L2Ng,2026-07-28 16:00:40,2405,95,11,119.99,120.24,0.01,0
Mu1B9K1fJ3k,UCZ-UuK86Bk5sGzQQ2cEglJQ,2026-08-25 07:58:26,232936,3223,61,119.79,120.04,0.04,0
MuBGqbdpfdE,UCMF3M48BakI-ptofqoUqdAA,2026-08-12 14:24:05,3694,95,28,119.85,120.1,0.1,0
MuGjR2eHfCs,UCEg24oF81p-THPtp3otdmTA,2026-08-06 10:00:40,185515,5407,127,119.74,120.24,0.24,0
MuY0kFD_Cvc,UCFrKhWvZ8oeJQTNP5ZabgJw,2026-08-15 11:28:50,776499,4007,378,119.77,120.02,0.02,1
Mu_Pc7d12Jk,UC2yOBpLVwB7kzt9C5ZPbB7w,2026-08-31 20:00:13,85370,1208,24,119.76,120.01,0.01,1
MuaKN4-YRrk,UCXtU-C_e2iBzPSq9oLXtbVw,2026-08-22 01:51:42,0,0,0,119.9,120.15,0.1,0
MuiDmXceWac,UCuwnt_REmD4YsCtFJRoqjFw,2026-08-24 06:17:35,29602,281,33,119.97,120.22,0.03,0
MvFbwijX0L4,UCms8Ge7H1ZGgw6nV94fUhUQ,2026-08-22 12:07:22,6744,37,0,119.89,120.14,0.11,0
MvFfochTHJk,UCFJAOgvqcc3fPqdu7fTl-zA,2026-08-11 09:00:36,5519,89,14,119.99,120.24,0.01,1
MvKa8e4WnjE,UCws1FXlgdkXB-3FKN_lqgiw,2026-08-26 08:21:31,5241,45,1,119.9,120.15,0.1,1
MvTAGnRLBVM,UCgWwo8FJL3MCxfd66ip7nFg,2026-08-28 09:08:05,121442,,58,119.88,120.13,0.12,0
MvX2GoWFpGo,UCtGMgPWJNU2Aj-SNK0zg0Sg,2026-08-21 09:30:38,12610,250,33,120.0,120.0,0.0,1
MvbbndtoDLE,UCby0vMKcLR05ZdS90aZd5og,2026-08-13 02:48:24,11462,13,8,119.95,120.2,0.05,1
MvgER599gmU,UC-2wa6jvprl7hfCpvw0ULzg,2026-07-21 08:00:36,25810,437,61,119.99,120.24,0.01,1
Mw-JVCulu28,UC46X_E7jxvJ1O_3gnaeCxeg,2026-07-24 01:45:34,87845,698,139,119.99,120.24,0.01,0
Mw3J_Twd6DU,UCBidluUUxzT_5jVOI_2x2MQ,2026-08-25 03:00:17,1064,5,0,119.76,120.01,0.01,1
MwEX4Pl61w4,UCKHx_yf3dI2ajWAjXRJ_9Rw,2026-08-18 20:58:05,2085,29,1,119.79,120.04,0.04,0
MwFUKuYIAso,UC5bjQxLK_3XVzIOTQ04sYeg,2026-08-13 23:13:24,162,6,0,119.78,120.03,0.03,0
MwFcpl49rIE,UCab17MxxnFtAhGsJVTkSkCg,2026-08-01 15:22:11,1540,19,1,119.88,120.13,0.12,0
MwFjdC5Otow,UCpcTrCXblq78GZrTUTLWeBw,2026-08-30 22:00:36,154554,2894,154,119.75,120.01,0.01,0
MwMh4dBuVy0,UCwfbSsZ7_sccxcibe60mWlQ,2026-08-05 03:00:04,20499,70,26,120.0,120.0,0.0,0
MwPMdOI8ZYw,UCpTNtH8yc1Kdl_YFfsQsTYA,2026-08-05 09:00:39,23512,70,9,119.99,120.24,0.01,1
MwZNZa6CrI4,UCPsZX-D7LW99PjZLA-UysPQ,2026-08-24 15:00:22,449,13,1,120.0,120.0,0.0,0
Mwdmh6cekSY,UC-8S20Ll1gzPiu_YY8BgyaQ,2026-07-20 13:01:17,78248,528,66,119.98,120.23,0.02,0
MwkXPYnFvI8,UCab17MxxnFtAhGsJVTkSkCg,2026-08-16 10:40:52,1030,16,0,119.82,120.07,0.07,0
MwuqDXAAe5c,UCY_vDlvG-BTDRIOk_I9QQ6g,2026-08-27 10:38:47,48600,180,103,119.87,120.12,0.12,0
Mwvj1FROhBI,UCgLFbrC7-g0ihBKB0obVPTg,2026-08-04 12:29:29,21,1,0,119.76,120.01,0.01,0
Mx59Gxachm0,UCqRz_-l3GCmWb92u8P33RYQ,2026-08-26 04:05:17,134942,1095,191,119.93,120.17,0.07,0
MxFj48Hg7Rk,UCt8CJiye87FMbEwt0npPMuQ,2026-08-20 13:30:28,125101,6447,848,120.0,120.0,0.0,1
MxIn3BykilM,UCN5oT4zGJX-_H6pE5isAEeg,2026-08-15 22:00:38,805615,14600,585,119.99,120.24,0.01,1
MxeK0Zz8gP0,UCqlcSsDNMYxEsem7bWY-66Q,2026-07-28 16:21:17,18238,633,0,119.9,120.15,0.1,0
MxfTAChSQXA,UCqlcSsDNMYxEsem7bWY-66Q,2026-07-27 16:33:28,14707,433,1,119.94,120.19,0.06,0
My6s1_ID9u4,UCtGMgPWJNU2Aj-SNK0zg0Sg,2026-08-25 16:40:35,3758,23,0,119.84,120.09,0.09,0
MyBh6L0RAYM,UClHTjLVog7CkRF8tYJuNXXQ,2026-08-15 23:45:08,554,15,2,120.0,120.0,0.0,0
MyNlS8Aoq54,UCkd3KAYGnTNPJZZrPOFeWhA,2026-08-09 12:00:34,47341,106,37,119.99,120.24,0.01,1
MyUynXpt_0g,UCYS2NvZlSjrxZfnn1v7b3QQ,2026-08-06 18:32:18,8,1,0,119.96,120.21,0.04,0
MyazgsjTwbc,UCL_IvtOZo6sONpiydbzzHpA,2026-08-27 04:42:34,41434,556,4,119.8,120.05,0.05,1
Myk2Eu4YKp0,UCJmnOEp1-OITEU0mk4icM5A,2026-08-29 07:00:13,43339,618,8,119.76,120.01,0.01,0
Myr23gLidFo,UCPI40-XQA9-GBGj2k8PPqfg,2026-08-31 08:50:31,117621,1763,135,119.92,120.17,0.08,0
MyvMarBdJiE,UCPGl9DV2WUgaqGVXtVrhJWQ,2026-08-06 15:00:19,16,0,0,120.0,120.0,0.0,0
Myz6qQ9OUns,UC-S8JFhLkQ5enhB70c2CYIw,2026-08-18 11:00:07,249195,5625,466,119.76,120.01,0.01,0
Mz2UPXTFPos,UC8CZL4cvFiKwKKDNCuM2lTA,2026-07-23 23:00:11,7098,65,5,120.0,120.0,0.0,0
Mz4wH_QGKBY,UCt8CJiye87FMbEwt0npPMuQ,2026-07-16 14:30:20,2618,174,27,120.0,120.0,0.0,0
MzCsU3Ne4ns,UCdoTrHNHnoRbaQenxK5PEUg,2026-08-22 15:08:22,58,1,0,119.87,120.12,0.12,0
MzD_wcIrhU0,UC72PuhDwKtZ5MikpGNhPAtA,2026-08-08 03:32:25,203201,9710,858,119.96,120.21,0.04,0
MzJ7fohTGCg,UCJJZkVUNIxq8XNDzHiAD-eQ,2026-08-10 05:52:08,65362,372,143,119.88,120.13,0.12,0
MzLzpwdqxf8,UCyU5JQ8KVRD9jE4E_xLsHxw,2026-08-04 09:00:16,16,1,0,120.0,120.0,0.0,0
POLqRP4EKiI,UC4P7F8qenDo1O_5NvgBb_cg,2026-08-04 02:30:03,104592,985,128,120.0,120.0,0.0,0
POY9IN7ZjtY,UCJmnOEp1-OITEU0mk4icM5A,2026-08-18 03:00:10,187853,1656,67,120.0,120.0,0.0,0
POapJ398WFU,UCUR5w0E-jQTOO8Q0FZ4ilYQ,2026-08-06 09:00:07,280007,1071,120,120.0,120.0,0.0,0
PObZjSi4D3Q,UCAgZP6qUjcVjZsGWtW-l6lw,2026-08-18 11:00:10,319,7,2,119.76,120.01,0.01,0
POeRVhTgtUc,UCBtJuwDt6LlXp2YASC-ZMdA,2026-08-21 11:00:27,1591,6,0,120.0,120.0,0.0,1
POlc75IhWkM,UC_m_uqd_9s0hZvlgfvCzqbQ,2026-08-13 01:22:51,1381,2,0,119.87,120.12,0.12,1
POpr6aaMS64,UCrD6viwK0DHbQuZSOZBbofg,2026-08-21 16:57:00,18968,145,59,119.81,120.06,0.06,0
POxB8Uk84Zs,UC-8S20Ll1gzPiu_YY8BgyaQ,2026-07-11 12:30:34,69570,498,86,119.99,120.24,0.01,0
PP5fZVm3wp4,UC59jWhPazXYi8Ny4vake45A,2026-07-27 10:42:30,65485,1157,10,119.79,120.04,0.04,1
PPEXG_EgA0Y,UCdZrsVZ3QolU1TWFaDgN2ww,2026-07-26 23:44:52,3711,90,9,120.0,120.0,0.0,0
PPJUtLVnT2Y,UCBW_PhuXoHk40xF6nO0Q64w,2026-08-20 09:08:35,2516,78,10,119.86,120.11,0.11,0
PPRRgo09bUM,UCT-UsvGz4gm7lezXvCEex9A,2026-07-29 08:00:17,247,18,12,120.0,120.0,0.0,0
PPeN6czQSHw,UCZaNYFjF_SRRJPVuGX7yMjQ,2026-08-07 23:53:53,136,1,0,119.85,120.1,0.1,1
PPg2v8Wh8lM,UCBtJuwDt6LlXp2YASC-ZMdA,2026-08-31 10:00:38,282,1,0,120.0,120.0,0.0,0
PPu47oLji0Q,UCOTJtP0Z9DjpPU43B5m1V6A,2026-08-06 12:00:21,197397,1431,48,120.0,120.0,0.0,0
PPz1PRwhngU,UCfcfymsN3OMo2cfmbpGTanw,2026-08-09 08:00:02,64453,583,130,120.0,120.0,0.0,0
PQH_WI0eQCw,UCoSniqkitCpxlHrQd5L8A1w,2026-08-02 17:24:32,23556,272,14,119.84,120.09,0.09,1
PQW7FuwW4ak,UCcum1rCJ5GJeQ_xv0xrohqg,2026-08-06 10:00:09,37451,1502,50,119.75,120.25,0.25,1
PQXhjq3xIIA,UCAJ-meoCh1TrPZ7La3UpPrw,2026-07-12 16:39:42,123479,2228,139,119.84,120.09,0.09,0
PQamKLZKQ0E,UCBmAvrPyyiohq552LjQvPww,2026-08-13 09:15:38,3359,99,14,119.99,120.24,0.01,1
PQgnwzLVGsw,UC_Xb6sEXAdNv9nHU4988vmg,2026-07-24 11:00:14,74060,,1,120.0,120.0,0.0,1
PQkyZ7izzRc,UCdK9h1ILxS49c2LguBUY3rw,2026-08-19 10:45:14,189,0,0,119.76,120.01,0.01,1
PQqL5ASfOYQ,UCNmN3W2H0r5_hV2drzbEn7Q,2026-08-29 11:01:12,196245,2672,261,119.99,120.24,0.01,1
PQwKAjkStQk,UCfHlKp8w7IxpObWnHJtYRnQ,2026-08-08 08:00:06,1165,81,17,120.0,120.0,0.0,0
PRM9y3EXxTg,UCMF3M48BakI-ptofqoUqdAA,2026-08-12 16:10:56,8224,183,32,119.82,120.07,0.07,0
PRRjapOK3Go,UCdK9h1ILxS49c2LguBUY3rw,2026-08-08 11:30:06,13,2,0,120.0,120.0,0.0,0
PRePtUWPYAI,UC7bcRlidTERRb_MKRHPVSnw,2026-08-10 12:04:12,111924,1333,75,119.93,120.18,0.07,0
PRtSzZZita0,UCijUV3SuVe_qErzBpdOmKIA,2026-08-24 08:00:25,5013,35,15,119.75,120.01,0.01,0
PSD1LZBJrFI,UC-2JsFNClcIesgd7UmtGnpw,2026-08-26 07:00:29,36841,937,52,120.0,120.0,0.0,1
PSDE70DNVNs,UCt6Eo4xMTHhlOWg4_PAz_MA,2026-08-04 12:09:39,4699,51,0,119.84,120.09,0.09,0
PSDLyt6A0Wc,UCqFmG6ofirSWvI9B8mwzvyA,2026-08-06 09:30:20,887,24,3,120.0,120.0,0.0,0
PSL_DrWna44,UCNNR1-x2NhZARsNGnQlh2sQ,2026-08-04 06:00:21,31004,151,146,120.0,120.0,0.0,0
PSWECHLd6eU,UCV7WE8I_UiAN0fa6Arezx_w,2026-08-11 03:00:35,31,0,0,119.99,120.24,0.01,0
PSjXVh96zII,UCuWDza8A_ntbjwBZgW0ZSNw,2026-07-21 03:31:02,177512,3013,58,119.98,120.23,0.02,1
PSwT41zh-O0,UCSfhr4gDPFsKuwdmTOWp2jw,2026-07-22 09:30:35,17,2,0,119.99,120.24,0.01,0
PT-amyjr5S8,UCYGF_xk5RDpltyZDSx040uw,2026-08-29 11:19:59,71511,637,16,119.93,120.18,0.07,1
PTH4Dcj5anE,UCPsZX-D7LW99PjZLA-UysPQ,2026-08-04 06:00:36,1065,17,1,119.99,120.24,0.01,0
PTKJ6uwqVe8,UCw1DsweY9b2AKGjV4kGJP1A,2026-08-09 08:01:38,39403,173,64,119.98,120.23,0.02,0
PTTANzEPQrs,UCEGtfhdJiRgH98mVMEQZThQ,2026-08-08 10:30:00,10231,38,7,120.0,120.0,0.0,0
PTbHP03K4FM,UCjUnlBpn0Z1L450g79fniRg,2026-07-25 11:50:11,1253,8,5,119.91,120.16,0.09,0
PTfOw5oTW2c,UCPsZX-D7LW99PjZLA-UysPQ,2026-08-31 09:00:27,7679,37,35,119.75,120.01,0.01,0
PTwJg8XPlLA,UCBidluUUxzT_5jVOI_2x2MQ,2026-07-26 03:00:13,1820,8,0,120.0,120.0,0.0,1
PTwmWXxWmtI,UC6YqXiwCBfPvPTs3wXgWElQ,2026-08-28 05:53:55,2191,7,0,119.86,120.11,0.11,1
PTwnO1jnZrk,UCJDXc9JWCZo-nLNKr_-L2Ng,2026-08-10 11:00:16,969,51,4,120.0,120.0,0.0,0
PTxVDWshC90,UCjOtzpfj5lF9erwTEQYkxtQ,2026-08-03 03:00:18,39614,696,29,120.0,120.0,0.0,0
PUGj8DFUg8A,UC7SIaeUWuuIrWTIOBpayDVQ,2026-07-30 04:53:34,27295,244,139,119.86,120.11,0.11,0
PUP-_b_3RII,UCZPfs7xIjGmOGs9kvgGhUKQ,2026-08-28 09:54:35,382,2,0,119.85,120.1,0.1,0
PUU2YqZW8Yk,UCpCBP5cVIBvezPI1LKFMYjA,2026-07-22 09:29:18,23850,598,28,119.76,120.01,0.01,0
PU_0u_3X-No,UCN5789pKaFwqjVBvg6yws_w,2026-07-29 00:10:32,6,0,0,119.83,120.08,0.08,0
PUb9hhGPLUI,UCSzHok6X5qXEO7cjvVnE62g,2026-08-07 10:00:03,68822,373,50,120.0,120.0,0.0,0
PUhDF7JIjI8,UCrKSaegnzewdj9-YLsUhoZw,2026-07-13 04:51:04,49444,401,434,119.9,120.15,0.1,0
PUh_XZcAm8M,UCV7WE8I_UiAN0fa6Arezx_w,2026-08-02 17:00:14,23,1,0,120.0,120.0,0.0,0
PUsE-BQMx6c,UC-FiQR2gg8oiNw98ZdsSX6Q,2026-08-10 18:00:26,710,2,0,119.99,120.24,0.01,0
PUsHdTzPa40,UCV7WE8I_UiAN0fa6Arezx_w,2026-08-01 10:00:10,37,0,0,120.0,120.0,0.0,0
PVAv1L-kJVU,UCV6mNrW8CrmWtcxWfQXy11g,2026-08-30 03:01:50,84646,638,5,119.98,120.23,0.02,0
PVCOu6yCDQw,UC4VWaR3R17Ruc7j1Cy1-PKQ,2026-07-23 11:42:56,325,6,0,119.79,120.04,0.04,0
PVFjoS5tyAo,UCa4clnMsHg6uJPpxKbxCEmA,2026-08-23 03:00:27,61044,1125,91,120.0,120.0,0.0,0
PVTd2Wb5lLI,UC_m_uqd_9s0hZvlgfvCzqbQ,2026-08-25 08:34:52,1081,9,0,119.93,120.18,0.07,1
PVdTFZhfMMI,UCBtJuwDt6LlXp2YASC-ZMdA,2026-08-30 10:00:40,1060,5,0,120.0,120.0,0.0,1
PVhpntYgrxM,UCWq9wRjQXYC8i486uVLysUA,2026-08-02 08:00:19,398418,7972,415,120.0,120.0,0.0,0
PVo28W8R0TA,UCt8CJiye87FMbEwt0npPMuQ,2026-08-02 15:00:17,150919,12430,465,120.0,120.0,0.0,0
PVySQdAdSLM,UC8Xz3BKjDvQk7lKhH7Hi9nA,2026-07-31 11:55:21,7711,108,35,119.83,120.08,0.08,0
PW2AhgAgdtw,UCl-VnCUwSxDr5zPu-YlDUYw,2026-07-20 08:00:37,67899,789,43,119.99,120.24,0.01,1
PW7gQ1MFeyM,UCybfHuHkJRzGDymek2Dsqvw,2026-08-25 22:00:03,44535,558,99,119.76,120.01,0.01,0
PWF9J7swz8I,UC08-hQbwh7eyr8PlaYG2-sQ,2026-07-21 10:00:32,21803,336,199,119.99,120.24,0.01,0
PWPA1ethSMc,UCp6n8d8Y8r3MwKNw_MMaouQ,2026-08-30 20:29:06,5654,430,3,119.78,120.03,0.03,0
PWQDXv3vyp0,UCw1DsweY9b2AKGjV4kGJP1A,2026-08-06 09:30:34,318009,816,126,119.99,120.24,0.01,1
PWRjm8lEmMo,UCQJuZxeDv2P05YHcC-tIEVQ,2026-07-31 08:00:33,17594,251,25,119.99,120.24,0.01,0
PWSqfgGrLKU,UCE-6-bWkikwoP4_ooZNep3g,2026-08-18 22:00:02,21313,776,25,119.76,120.01,0.01,1
PWam5m1Xy-o,UCw1DsweY9b2AKGjV4kGJP1A,2026-08-23 08:01:06,22281,175,34,120.0,120.0,0.0,0
PWex31tG5hQ,UCAl4HWznMn7KhKBRFO5eiFA,2026-07-21 12:36:29,2035,7,0,119.89,120.14,0.11,1
PWiIGlASVV0,UCI6Ro_MOr36re4Bhb7nCY7g,2026-07-14 10:00:39,10545,115,42,119.99,120.24,0.01,0
PWp3WSUwgpw,UCEcRvF_6IRSux8FO-ogFZug,2026-08-22 03:00:06,12067,557,50,119.76,120.01,0.01,0
PWuLG750TD8,UCnju7ULBic4VgkCfDvVXCnA,2026-07-31 05:51:52,26962,233,75,119.89,120.14,0.11,0
PXEtK1t8gcw,UC9vz3TBChrJmYbzUo-rqfSg,2026-07-26 02:11:01,65340,665,238,119.82,120.07,0.07,0
PXLXfBTmwoM,UC_9W6Z5Y3lDpLk47Y_y5ITQ,2026-08-19 23:09:16,20471,247,69,119.85,120.1,0.1,0
PXLxs4PtMp8,UC5ThQKdocwo_9UurfT5P_ww,2026-08-16 14:18:36,235299,3277,49,119.94,120.19,0.06,1
PXRDRINVUUw,UC5T_FfQwgy56XP0aEVHYULQ,2026-08-29 15:25:10,9978,77,20,119.85,120.1,0.1,0
PXbNKmqCWsI,UC78d2aaqdrt02RfmtRLmlAw,2026-07-29 23:32:59,3598,47,0,119.95,120.2,0.05,0
PXg3QElGjq4,UCmiTZyj9GwMjyznZxrgCH4Q,2026-08-06 02:59:04,31162,615,79,119.77,120.02,0.02,0
PXp2YH5L15E,UCoH2pCzAr6zWDG-LtUiLWRw,2026-07-23 22:03:41,45735,429,67,119.94,120.19,0.06,0
S2b_ZOJUGCE,UC-okJdotaXPlzivRzHFqzuA,2026-08-15 13:00:33,67997,525,49,119.99,120.24,0.01,0
S2d2SjtTfYc,UCAl4HWznMn7KhKBRFO5eiFA,2026-07-11 11:29:47,9963,56,1,120.0,120.0,0.0,1
S2ejzUOdm8M,UCKVt3arMXfa6XZezR1UnjqQ,2026-08-17 09:00:05,2148,50,3,120.0,120.0,0.0,0
S2fmPXw1QK0,UCkavlo6q2XfO_MA9Q24wRvw,2026-08-06 10:07:25,2590,5,0,119.63,120.13,0.13,0
S2rySX-xEd8,UCnCH3Uhv_ynhTNKEH6ekRtg,2026-07-11 06:08:08,12626,146,22,119.87,120.12,0.12,0
S31MRS3qRy0,UC9vI-9WYQLXKI6n9XdXXo3g,2026-08-27 03:00:23,25835,104,38,119.75,120.01,0.01,0
S32cQ3Zp5p4,UCfjMjhfjRRy8B0mfqbO_43w,2026-07-30 09:09:17,58569,852,84,119.85,120.1,0.1,0
S37maBJ_TYg,UCZ-UuK86Bk5sGzQQ2cEglJQ,2026-07-14 10:38:32,202061,2232,101,119.86,120.11,0.11,0
S3BBhPlXOd8,UCt8CJiye87FMbEwt0npPMuQ,2026-07-20 17:22:58,3239,145,5,119.87,120.12,0.12,1
S3JNy3ARtg8,UC5grrciAyUF4xjd42XhV-1Q,2026-07-16 13:57:31,791,,0,119.79,120.04,0.04,0
S3hAgigA4P8,UCPGl9DV2WUgaqGVXtVrhJWQ,2026-08-01 15:00:38,7,0,0,119.99,120.24,0.01,0
S40sSXBQZSE,UCkcaRxpTcisadUeCbHOYTFw,2026-08-12 11:00:37,35866,470,17,119.99,120.24,0.01,1
S4A7mJHXEqA,UC0wo7SwsC5dE0nSgBs2M-3A,2026-08-04 08:00:25,320404,11758,196,120.0,120.0,0.0,0
S4E0LJKs7gg,UCNZiNM2pP6uhIlTQVS2Q5fA,2026-08-12 11:18:53,99511,1331,78,119.94,120.19,0.06,1
S4FRCqginCU,UCz5LAkkX66OAW-y_WiWf9vA,2026-08-27 08:59:35,25322,187,22,119.77,120.02,0.02,1
S4FRayDEBtE,UCCvEN8bTeF8Z2jcN513T1Gg,2026-07-12 10:33:57,2302,25,1,119.94,120.19,0.06,0
S4GjAc1K5Tg,UC9M8GGVwPqc9ubNruArCNPg,2026-07-21 12:00:21,16650,368,17,120.0,120.0,0.0,1
S4K6Oe_8A0E,UCKrprPfevcAZpPuRnCO6xOA,2026-08-30 09:30:12,3756,8,6,119.76,120.01,0.01,0
S4Np-Mhn4sM,UCUt2AEhC-OOC2EPCzj4DkCw,2026-08-30 23:00:26,31158,445,10,119.75,120.01,0.01,1
S52nOEo4C9k,UCpCBP5cVIBvezPI1LKFMYjA,2026-07-16 08:00:16,51361,1222,20,120.0,120.0,0.0,0
S54Fv1ewj8A,UCkavlo6q2XfO_MA9Q24wRvw,2026-08-07 07:28:29,1434,4,0,119.78,120.03,0.03,0
S5e0IX1oiqE,UCFiHjGyrJux8Rt4e6mUPU-w,2026-08-14 17:00:37,4192,53,9,119.99,120.24,0.01,1
S5jJP9JFRVY,UCBtJuwDt6LlXp2YASC-ZMdA,2026-08-03 10:00:19,2393,6,0,120.0,120.0,0.0,1
S5rPTQZzJFE,UCGi94VU356EAvQLgODywyrA,2026-08-14 10:13:54,2287,50,0,119.77,120.02,0.02,0
S5uu3VxXp-4,UCt8CJiye87FMbEwt0npPMuQ,2026-07-17 20:00:21,2590,79,7,120.0,120.0,0.0,0
S5zCQ4CwnGU,UC6JB_a6rD1lZ_aZgQvORfrQ,2026-08-13 21:32:15,712,26,0,119.97,120.22,0.03,0
S60FLU5jMUE,UC4cKHOBS-nRfKFTwf1n8HGA,2026-08-08 08:19:48,272,,2,119.92,120.17,0.08,1
S65uv1cAWYo,UCDq6CfnZgtnqXEwG8tqvBfA,2026-07-16 03:00:54,60,0,0,119.99,120.24,0.01,0
S6ERsCr_xgk,UC8aCmG_y4DqqVI9Xlcym1Jg,2026-08-25 18:27:34,9215,186,12,119.8,120.05,0.05,0
S6Hvvnbkhiw,UCYooECrv-fIXlPaDwEIaveA,2026-08-16 09:00:27,23177,435,8,120.0,120.0,0.0,1
S6NvyTzx6LQ,UCG3uX-OwJ82T3L3EhC3GPXA,2026-08-31 02:00:07,22478,132,33,119.76,120.01,0.01,0
S6WD6b2HHvw,UCaY7wcqhFb_c2eQ1eRB8rOQ,2026-08-24 10:00:11,4330,97,10,119.76,120.01,0.01,0
S6XUzFFrRvI,UCzDmGDR5RdahQkLCBoWlTEg,2026-08-12 13:35:56,25916,112,96,119.91,120.16,0.09,0
S6bfvloaqdE,UCV7WE8I_UiAN0fa6Arezx_w,2026-07-12 09:00:07,145,3,0,120.0,120.0,0.0,0
S6dQCIbs3Dc,UCksGX0hODm1Ev6mysrToMqg,2026-08-20 10:25:15,11685,349,23,119.84,120.09,0.09,0
S6mTRaGf65Q,UC5Yx9RlmznXDUEIrfoSqheA,2026-07-23 12:47:50,3436,34,2,119.96,120.21,0.04,0
S7-zKIEVrZ8,UCSzHok6X5qXEO7cjvVnE62g,2026-08-12 12:00:18,180243,2768,69,120.0,120.0,0.0,1
S737CE7DzCQ,UCMAfHuocszM6UTORPwUmeNw,2026-07-26 14:10:42,16750,339,2,119.82,120.07,0.07,0
S7ECeuhcqA4,UC9M8GGVwPqc9ubNruArCNPg,2026-08-24 12:00:35,7513,304,27,119.75,120.25,0.25,1
S7FgrixpE7Y,UC7wtTnMorJi_d93lb_P2Xow,2026-08-04 10:00:20,27308,270,34,120.0,120.0,0.0,0
S7FtCarxXJM,UCSOeJWyByeoBHpmrm0NnlLw,2026-08-08 00:00:38,227316,3174,621,119.99,120.25,0.01,0
S7Xgo72-8mE,UCSzHok6X5qXEO7cjvVnE62g,2026-08-20 10:00:19,49531,265,24,120.0,120.0,0.0,0
S7axLUTnHEk,UCI3DTtB-a3fJPjKtQ5kYHfA,2026-08-12 15:00:37,4725,58,6,119.99,120.24,0.01,0
S7mxwcFnsTo,UC_Cp4dXpd94km5Syq2x-xig,2026-08-13 02:54:13,280,1,0,119.85,120.1,0.1,0
S8c3fqi9k3A,UCs4CTQE-t9kj-6Xn3Cjtf-A,2026-08-03 14:46:18,0,0,0,119.98,120.23,0.02,0
S8oDTHRPC8Y,UCPuD5ZRQWa_JCaY5NokNhtg,2026-07-24 21:33:09,606,10,9,119.95,120.2,0.05,0
S8r-crinU_Q,UCiEMsnnzti6PDNi8TAlSnFw,2026-08-02 17:24:40,0,,0,119.84,120.09,0.09,0
S8tSPZk89ds,UCg5-nd3qoNnz5dzkX-O0b8A,2026-08-16 08:38:17,154781,2314,123,119.86,120.11,0.11,0
S9AAnkgj4FU,UCZ49HaU_D0Tlf1aDA2jU_Vg,2026-08-20 11:42:04,36027,348,100,119.8,120.05,0.05,0
S9Eo_SLgFZ8,UChLqHuZV0PENIBYxDgXyPLQ,2026-07-19 01:21:27,9585,271,51,119.89,120.14,0.11,0
S9IjYIDJWEs,UCqlcSsDNMYxEsem7bWY-66Q,2026-08-20 16:23:33,15485,501,9,119.86,120.11,0.11,0
S9VMOTfc9gQ,UCV6mNrW8CrmWtcxWfQXy11g,2026-08-04 10:00:25,68384,2268,26,120.0,120.0,0.0,1
S9c0-wlGUWQ,UCdK9h1ILxS49c2LguBUY3rw,2026-08-15 10:45:20,262,1,2,120.0,120.0,0.0,1
S9ljkud9Z2Q,UCos3GN2gX0wLcfuhOAiMotQ,2026-08-20 12:09:23,19577,107,25,119.85,120.1,0.1,0
S9qM9y1LyXo,UCAGUSx1hbPKDqzBZH7bTjiA,2026-08-05 10:00:05,28850,144,14,120.0,120.0,0.0,0
SAGRHsS3f50,UCtVBI7YLJyDvrx7iWAukx_Q,2026-08-20 06:00:24,215707,8101,467,120.0,120.0,0.0,0
SAKvJzuPcxg,UCpcTrCXblq78GZrTUTLWeBw,2026-07-19 19:42:48,31447445,920599,29083,119.79,120.04,0.04,0
SAR5jyh88ms,UCX11f6rIVaoWGvFnKKyPBNQ,2026-08-11 21:12:18,3016,175,1,119.8,120.05,0.05,0
SAat53GOaKk,UCZ6mNZTiTUrUSbSYPlclI4A,2026-07-29 13:56:59,8835,213,9,119.8,120.05,0.05,1
SAszIsHAc3o,UC699Y51pMl0wWLPA4atcZjQ,2026-08-26 02:00:38,10149,153,48,120.0,120.0,0.0,0
SAxMCTy5tRk,UCg5Ew4lj74r_ohbc4AeQj1w,2026-08-15 01:21:27,9320,260,38,119.9,120.15,0.1,0
SBLyBMtbA2k,UC6LLMkdyses2ugPRNEXutMQ,2026-07-27 10:15:12,23804,160,13,120.0,120.0,0.0,1
SBdBUZE2Hkw,UCzSODDx0zQF3nxXOZISCm_w,2026-08-10 11:30:19,1427,3,0,120.0,120.0,0.0,1
SBgT0_SvlFU,UCt8CJiye87FMbEwt0npPMuQ,2026-07-25 15:00:22,2015,67,21,120.0,120.0,0.0,1
SBhNd1oWZ1U,UCFrKhWvZ8oeJQTNP5ZabgJw,2026-07-23 07:00:22,437722,4599,236,120.0,120.0,0.0,1
SBiBLx15Tko,UCXQoI3upwKr47JAiVaYkvIw,2026-08-17 12:28:29,17982,220,35,119.78,120.03,0.03,0
SBj7-inr78Y,UCq0fwcojiA7ztN0FgTEgfXA,2026-08-19 08:31:40,116,1,0,119.98,120.23,0.02,0
SBlc0Jh8S_o,UCUt2AEhC-OOC2EPCzj4DkCw,2026-08-28 23:00:31,194174,2429,53,120.0,120.0,0.0,1
SBsZLdgdL-E,UCybn_0S0Ec6Il1ZhiQM1Vww,2026-08-22 07:54:09,25219,120,47,119.86,120.11,0.11,0
SC4YqkHCdjU,UC5RxNUZ9_c94ZEfJGnJZmTw,2026-07-26 12:00:19,2848,106,20,120.0,120.0,0.0,0
SC77IPq34KM,UC8a9-ubjMyQkDH9Jr8EX0JQ,2026-07-16 18:19:28,57,1,0,119.93,120.18,0.07,0
SC8JfunhaEk,UCcum1rCJ5GJeQ_xv0xrohqg,2026-07-22 05:00:31,2822,107,10,120.0,120.0,0.0,0
SCA8im3a9X8,UCWwbZhw5M-Q5dZtTK4nDWNw,2026-07-31 03:00:34,51914,1050,24,119.99,120.24,0.01,1
SCQVvBFs9ck,UCJDXc9JWCZo-nLNKr_-L2Ng,2026-08-25 11:00:21,1656,70,5,119.76,120.01,0.01,0
SCX_I7znPNs,UC-2wa6jvprl7hfCpvw0ULzg,2026-08-13 05:00:29,41707,1284,456,120.0,120.0,0.0,0
SCfKvg3uKHc,UCksGX0hODm1Ev6mysrToMqg,2026-07-23 13:00:47,1305,26,1,119.99,120.24,0.01,0
SCwQDQ6uAN4,UCYS2NvZlSjrxZfnn1v7b3QQ,2026-07-22 16:06:15,1,1,0,119.9,120.15,0.1,0
SCyyYKhg-ao,UCPsZX-D7LW99PjZLA-UysPQ,2026-08-01 09:00:20,2430,27,4,120.0,120.0,0.0,0
SD0uTEYY8ow,UCPGl9DV2WUgaqGVXtVrhJWQ,2026-08-05 15:00:32,9,1,0,119.99,120.24,0.01,0
SD9iHDvkfSQ,UCooLkG0FfrkPBQsSuC95L6w,2026-08-05 17:00:19,5652,126,4,120.0,120.0,0.0,0
SDHijDN4oHw,UCIKORyfTZ0cN-u0hrxHcgUw,2026-08-15 07:04:18,85,4,0,119.93,120.18,0.07,0
KD8XGaRpkdM,UCi_lv3g-CPdKF6nd68lvN3A,2026-08-03 01:11:27,1131,7,0,119.81,120.06,0.06,1
KDJt8ZSwXNk,UCab17MxxnFtAhGsJVTkSkCg,2026-08-16 11:41:07,767,12,3,119.82,120.07,0.07,0
KDhRTunSq-Q,UCzDmGDR5RdahQkLCBoWlTEg,2026-08-22 12:45:21,8184,38,41,119.76,120.01,0.01,0
KDuqXCp-fzc,UC-aXNBQ6nwMNeW2V8XB7sBg,2026-08-01 07:01:09,7736,112,14,119.98,120.23,0.02,0
KDxV8YNK-Hc,UC4VWaR3R17Ruc7j1Cy1-PKQ,2026-08-12 20:09:55,230,8,0,119.84,120.09,0.09,0
KDzpyZT_HLk,UCpcTrCXblq78GZrTUTLWeBw,2026-07-17 03:30:01,76066,1233,67,120.0,120.0,0.0,0
KE0FSorswJg,UCtVBI7YLJyDvrx7iWAukx_Q,2026-08-16 02:00:13,59065,4943,2737,120.0,120.0,0.0,1
KE5VSXsPnGE,UCCiKOocVSjyb2rsbL_Aanhw,2026-08-22 22:53:11,10010,96,46,119.88,120.13,0.12,0
KEDwzRSQw4M,UCZ6mNZTiTUrUSbSYPlclI4A,2026-07-29 12:14:09,1699,33,4,119.77,120.02,0.02,0
KEGx4Qx-_-8,UCIvLQ5lZ2kebqnLaGv_FP4w,2026-07-26 08:30:01,3651,21,14,120.0,120.0,0.0,0
KEH2Lc8J-vM,UCt8CJiye87FMbEwt0npPMuQ,2026-07-30 14:00:27,3103,121,11,120.0,120.0,0.0,0
KEYHuKQHPJU,UCab17MxxnFtAhGsJVTkSkCg,2026-08-31 01:03:19,4523,33,9,119.96,120.21,0.04,0
KEo8GWxlkLk,UCuWDza8A_ntbjwBZgW0ZSNw,2026-08-13 09:04:35,32219,346,15,119.93,120.18,0.07,1
KEsWuNHnxaQ,UCPJGXrPIVKBR8PJY7w33WZw,2026-08-03 01:00:11,73896,1361,415,120.0,120.0,0.0,0
KEvpFhWivOA,UCpcTrCXblq78GZrTUTLWeBw,2026-07-11 06:00:08,364619,7382,1014,120.0,120.0,0.0,0
KEykLKLA-xU,UC2yOBpLVwB7kzt9C5ZPbB7w,2026-08-31 10:00:22,40406,656,39,119.75,120.01,0.01,1
KEzZ1oSBsrI,UCrfB1-zWijAYkgfZW7Ehc8Q,2026-08-06 09:36:48,154369,5339,896,119.89,120.14,0.11,0
KF03G7UFPlI,UCpcTrCXblq78GZrTUTLWeBw,2026-08-09 19:30:18,37995,371,25,120.0,120.0,0.0,1
KF6gQNCjyog,UChHxLcNi7e0zu-e33HM6v6A,2026-08-14 14:08:02,101589,518,315,119.87,120.12,0.12,0
KF9ohCCKWNc,UCrR_fhiJjoW8OJFzUcmlMMA,2026-07-18 07:00:28,5129,58,9,119.99,120.24,0.01,0
KFEB7vx6RU8,UCyoSQyaCrZHro6F_nBiXIYg,2026-07-25 19:30:25,196029,1121,453,119.99,120.24,0.01,0
KFFGiQzYvB4,UC2IYsRiATGe71sLIOlSXGuw,2026-07-30 09:00:14,16434,472,102,120.0,120.0,0.0,0
KFKjPv4ZcWE,UCJj2vuQIpFnk5pbTAtCi3yw,2026-08-16 07:11:45,85810,658,21,119.81,120.06,0.06,1
KFVsAZ0sT8M,UCc1VJX_5Z2RdGi58XU4IfbA,2026-07-24 05:00:27,667,19,0,120.0,120.0,0.0,0
KFYvgL9iAxQ,UCmZeuRfHYowZhf6odtoaNdg,2026-08-04 12:53:00,8797,79,9,119.87,120.12,0.12,0
KFZ9fdO0-sc,UCbyiUUd_wxEOEpPknoyM-vQ,2026-08-09 08:27:01,41821,777,39,119.8,120.05,0.05,1
KFpgEb76xAc,UCab17MxxnFtAhGsJVTkSkCg,2026-07-28 02:39:46,665,14,1,119.84,120.09,0.09,0
KFxYd6Utqv0,UCPGl9DV2WUgaqGVXtVrhJWQ,2026-08-19 15:00:12,6,0,0,119.76,120.01,0.01,0
KG5_ut6XNJ0,UC9qwDE50UcXvdplRNZKEoPA,2026-08-13 00:24:46,20049,316,56,119.84,120.09,0.09,0
KG6lRrN0mRc,UCKVt3arMXfa6XZezR1UnjqQ,2026-08-04 09:00:11,3002,36,2,120.0,120.0,0.0,0
KGIW_WbJwKs,UCzDyC6JMEXEufozffWzI9Mg,2026-08-28 04:00:17,187438,2032,96,119.76,120.01,0.01,1
KGIeUtoRRns,UCEuP8zMn3ln3ZqJa85dp9JQ,2026-07-22 08:45:17,19098,765,36,120.0,120.0,0.0,0
KGN31SKJIX8,UCYsRymb9vAsOOLBy-Wo1kRg,2026-08-21 09:00:02,3097,119,39,119.76,120.01,0.01,0
KGnhAUib2cU,UCWwbZhw5M-Q5dZtTK4nDWNw,2026-08-03 03:00:34,157794,2393,57,119.99,120.24,0.01,0
KH5uzwWHB5Q,UCV6mNrW8CrmWtcxWfQXy11g,2026-07-30 04:00:07,53172,2782,174,120.0,120.0,0.0,1
KHE1YR6TuPE,UCAEQiQ4Mg6fFkPshBMhPaxw,2026-07-22 10:10:00,7165,87,24,119.84,120.09,0.09,0
KHFm_1RIMP0,UC4ncZM9bnBknxPkJbq4miHQ,2026-08-10 12:59:08,8307,295,42,119.77,120.02,0.02,0
KHKXIWiyDiU,UCw1DsweY9b2AKGjV4kGJP1A,2026-08-10 09:45:23,75469,195,11,120.0,120.0,0.0,1
KHi_UfzFkC8,UCvfEv6nBnL0QlKqyGmL0orQ,2026-08-03 06:34:00,6643,66,29,119.94,120.19,0.06,0
KHmi-bLei7Y,UCDnIK80iouL_rb_J6GybOlg,2026-08-02 09:59:12,2,0,0,119.77,120.02,0.02,0
KHmpQp01FMQ,UCv1tOT645xHOJrwdGlzjMaA,2026-07-18 02:53:57,230250,1786,16,119.85,120.1,0.1,0
KHxriCC6_f0,UCNu00qhYj4nPeMNdxuwV6sg,2026-08-11 12:41:24,641,36,0,119.81,120.06,0.06,0
KHyC8Ye7SII,UCN5oT4zGJX-_H6pE5isAEeg,2026-08-10 22:00:23,1927904,29325,1768,120.0,120.0,0.0,1
KIO5MnMPeSA,UCnju7ULBic4VgkCfDvVXCnA,2026-07-24 22:09:27,18181,424,1,119.85,120.1,0.1,0
KIPJ88NSrcE,UC4VWaR3R17Ruc7j1Cy1-PKQ,2026-07-26 09:20:03,527,7,3,119.92,120.17,0.08,0
KIT8m-CYkMg,UCcdlIcleb4oIK6of1ugSJ7w,2026-07-24 08:08:52,218742,1212,232,119.85,120.1,0.1,0
KIckcaKruwQ,UCBY9rOZPo0fLE45mOV0s0cw,2026-07-18 11:35:14,299,2,0,119.91,120.16,0.09,0
KIdvKyey_SE,UC3_QWAvQRhPW4CDoQU8acKw,2026-08-08 02:05:48,40545,787,95,119.91,120.16,0.09,0
KJ3wLDr-SQc,UCt8CJiye87FMbEwt0npPMuQ,2026-07-20 18:15:40,3750,88,7,119.99,120.24,0.01,0
KJBe1UZaASk,UCHoo90P0hvh2rrbGvX53G0A,2026-08-15 01:36:36,1947,46,0,119.89,120.14,0.11,0
KJFOI_UHqE0,UCnV5tUnOVGyT-Ncj0s0tPTw,2026-08-28 13:04:17,8748,23,27,119.94,120.19,0.06,0
KJPiRF3G_Ro,UCoqMTw0yGmjIjNayukuOg5Q,2026-08-03 10:00:33,29390,243,31,119.99,120.24,0.01,0
KJfyDnJ8KCw,UCtVBI7YLJyDvrx7iWAukx_Q,2026-08-02 01:00:06,8430,113,58,120.0,120.0,0.0,0
KJsLuwYMnuQ,UCS-X1uBDTNwAYyydiXjcX9A,2026-08-13 15:47:57,1101,9,3,119.95,120.2,0.05,0
KJxoEFh7IcU,UCE8JC9RAVSudDT_8Ji1fuPQ,2026-08-14 08:45:17,101791,1317,202,120.0,120.0,0.0,1
KKawDzfe4AA,UCl-VnCUwSxDr5zPu-YlDUYw,2026-07-23 08:00:15,27952,527,26,120.0,120.0,0.0,1
KKjDbckw74s,UCkpKYfb8wM67QnKxBj9bZXA,2026-07-16 02:45:30,10885,39,15,119.99,120.24,0.01,0
KKkXS6BCv6k,UCN5oT4zGJX-_H6pE5isAEeg,2026-08-02 08:00:07,323112,5143,172,120.0,120.0,0.0,1
KKq3EpStEKU,UCIsrVj53L57rcLAPOre4Xhg,2026-07-29 07:50:39,23435,360,47,119.91,120.16,0.09,0
KKszyMvADGs,UCzps05UZ7XpX3SFoFyYIDow,2026-07-31 07:32:49,148925,1145,514,119.96,120.21,0.04,0
KKu6TCp7Cos,UCDmmbxGg8g-EBkC_ku6vybg,2026-07-22 10:00:09,12201,264,42,120.0,120.0,0.0,1
KL4142hTEOg,UC-8S20Ll1gzPiu_YY8BgyaQ,2026-08-18 10:29:00,40211,296,10,119.78,120.03,0.03,0
KL6b7RuUnTQ,UC7bcRlidTERRb_MKRHPVSnw,2026-08-27 12:04:44,150848,1020,73,119.94,120.18,0.06,0
KL_jJ5W68ME,UCnju7ULBic4VgkCfDvVXCnA,2026-08-06 00:54:18,5354,158,1,119.85,120.1,0.1,0
KLbsoiGupxk,UCifCesg-EUkjKyQedaB3hRg,2026-08-07 01:21:50,46589,100,1,119.89,120.14,0.11,0
KLcNIatjYSQ,UCjOtzpfj5lF9erwTEQYkxtQ,2026-08-16 03:00:17,34106,692,33,120.0,120.0,0.0,0
KLu-by5-9KQ,UCi5yzN6jpdz2akGTm-mJSKQ,2026-08-16 10:34:48,1336,34,10,119.92,120.17,0.08,0
KLw_B44LZSU,UCKYqtXYbSqaEwBmX43Q13Tw,2026-08-09 11:12:55,2361,9,4,119.79,120.04,0.04,0
KM-Fu2kDaNI,UClHTjLVog7CkRF8tYJuNXXQ,2026-08-01 23:09:49,453,17,4,119.84,120.09,0.09,0
KM0uiDXQwrc,UC-yb5eNBQyXBE9nZnht9u-g,2026-08-02 14:12:38,11428,478,12,119.79,120.04,0.04,1
KMDymo2rQms,UCE8JC9RAVSudDT_8Ji1fuPQ,2026-07-22 08:45:39,76782,1002,79,119.99,120.24,0.01,1
KME0TroaJlc,UCL3ooD3l7KEqb85EBZSEkZQ,2026-08-08 00:00:16,18862,122,29,120.0,120.0,0.0,0
KMJMhRZHQUw,UCEcRvF_6IRSux8FO-ogFZug,2026-08-26 08:00:20,85730,1572,33,119.75,120.01,0.01,1
KMUNCx03bdQ,UCeG0ONJtjwE20ThR5iSYdsA,2026-07-25 02:28:21,36763,571,178,119.78,120.03,0.03,0
KMu9uiYBtng,UCOTJtP0Z9DjpPU43B5m1V6A,2026-08-20 05:00:08,404963,2439,75,120.0,120.0,0.0,1
KMvoHJcsa_4,UCBidluUUxzT_5jVOI_2x2MQ,2026-07-31 03:00:11,2093,9,0,120.0,120.0,0.0,1
KN-pn3k5w9o,UCifCesg-EUkjKyQedaB3hRg,2026-07-25 00:59:18,19073,276,2,119.76,120.01,0.01,1
KN1AQEY0OWw,UCpcTrCXblq78GZrTUTLWeBw,2026-08-31 03:30:13,30124,145,7,119.76,120.01,0.01,0
KN7SIBmLMpU,UCQyZh4b4TLaSVldnDWnh7fA,2026-07-22 13:32:22,2,0,0,119.96,120.21,0.04,0
KN8xBP3UyUs,UC-FiQR2gg8oiNw98ZdsSX6Q,2026-07-26 15:00:21,8155,27,0,120.0,120.0,0.0,0
MzWlCROaQm4,UCw1DsweY9b2AKGjV4kGJP1A,2026-08-07 09:45:24,368385,2329,140,120.0,120.0,0.0,1
MzYI43gQHXg,UCAl4HWznMn7KhKBRFO5eiFA,2026-08-02 10:00:18,9923,108,8,120.0,120.0,0.0,1
MzbAYI7lh5g,UCktXAh1Sd7wf8eQHc029-8g,2026-07-29 13:27:28,1355,8,12,119.8,120.05,0.05,0
Mzij2NZ7hEY,UCAZVLirygDNDfCNfyIVnTWA,2026-08-15 00:04:51,605,19,0,119.92,120.17,0.08,0
N-9Cn0_sZ0s,UCYJDUekoQz0-bo8al1diLWQ,2026-07-20 10:00:29,411411,5202,474,119.99,120.24,0.01,0
N-LSR1VgOo8,UC3Oe-jfrIqEGygxYBYyN6jQ,2026-08-05 17:13:35,6297,87,0,119.78,120.03,0.03,0
N-XnqcXqruY,UCpcTrCXblq78GZrTUTLWeBw,2026-08-30 05:00:37,50984,1481,18,119.75,120.01,0.01,1
N-Z4_tpTiLk,UCT807kAu6fmwES8B5698e2w,2026-07-29 09:15:22,18243,1693,165,120.0,120.0,0.0,0
N-_bJRePTAs,UCPsZX-D7LW99PjZLA-UysPQ,2026-08-23 09:00:11,1368,7,3,119.76,120.01,0.01,0
N-pCitg5P6o,UC9otskL_kd-0CDib_5Lj-mQ,2026-07-30 05:00:12,390437,671,33,120.0,120.0,0.0,1
N-uN-jiKYOI,UCv1tOT645xHOJrwdGlzjMaA,2026-07-24 02:50:52,189669,1221,14,119.9,120.15,0.1,0
N-vqLLg-ptI,UC9vI-9WYQLXKI6n9XdXXo3g,2026-08-10 06:00:05,333491,1048,72,120.0,120.0,0.0,1
N0DsPzSBR3Y,UCpI-AhCT02iQRGLC2ZcY0Jw,2026-07-14 07:00:25,21459,275,190,119.99,120.24,0.01,0
N0Ez7X89zas,UCab17MxxnFtAhGsJVTkSkCg,2026-08-17 18:28:02,2874,55,7,119.78,120.04,0.04,0
N0ITFo_0n4I,UCJ0tK-1sP4BKqy6fBDQmZKg,2026-08-28 04:57:53,191,0,0,119.8,120.05,0.05,0
N0WkaC7vAt4,UCUbOogiD-4PKDqaJfSOTC0g,2026-07-31 12:00:21,196368,985,352,120.0,120.0,0.0,0
N0k5pz5GziI,UCpcTrCXblq78GZrTUTLWeBw,2026-07-27 11:30:09,30276,603,33,120.0,120.0,0.0,1
N0mU0DzwFnY,UCv1tOT645xHOJrwdGlzjMaA,2026-07-28 09:00:26,5532,130,8,120.0,120.0,0.0,0
N0nD6RxOpYI,UCZ6mNZTiTUrUSbSYPlclI4A,2026-07-29 16:15:07,5171,110,4,120.0,120.0,0.0,1
N148cJEbxgs,UCo33r3SAf5z9MS-lrXV2aOQ,2026-08-30 08:30:37,122006,1338,127,120.0,120.0,0.0,0
N14JeskE3qA,UCF7IBIvHZ2be4Ufo8i0uHBw,2026-08-17 09:00:27,79217,612,77,120.0,120.0,0.0,0
N15eeEofHmg,UCHZ9X2Nl3dq8ChEJgScmZCw,2026-07-23 15:59:30,33270,375,90,119.76,120.01,0.01,0
N1gh4lbma9Y,UCt8CJiye87FMbEwt0npPMuQ,2026-08-20 16:30:29,4409,136,22,120.0,120.0,0.0,1
N1wzO0fXBiI,UCYxwKnNRv4FurQxeKcuR0Sw,2026-08-24 03:00:04,9,2,0,119.76,120.01,0.01,0
N24KqZVTV6k,UCa2liSwjQST4AGcg6LFQakQ,2026-08-05 04:00:36,1291,3,0,119.99,120.24,0.01,1
N2D-LZv6JXI,UCnCH3Uhv_ynhTNKEH6ekRtg,2026-08-29 08:07:17,33122,160,27,119.9,120.14,0.1,0
N2jekiSXNEU,UCBmPfbqvGwTTfrV-H_UOfdw,2026-08-24 07:00:30,227027,2750,40,120.0,120.0,0.0,1
N2jkKJgKog0,UC_9W6Z5Y3lDpLk47Y_y5ITQ,2026-08-27 22:56:18,15506,106,6,119.82,120.07,0.07,0
N2kkCeYWZGI,UC4oe-OVZ2Ho-03yrMkrXomQ,2026-08-11 23:00:19,421903,6495,253,120.0,120.0,0.0,1
N2mWbbeXSIg,UCWU2V62eLE3oQ7AjIGS2STQ,2026-07-23 12:42:39,549,6,2,119.79,120.04,0.04,0
N2maXb2evas,UCZ6mNZTiTUrUSbSYPlclI4A,2026-08-26 07:21:34,50726,681,38,119.9,120.15,0.1,1
N2mzLSLX610,UClWTMxooQefOLUV0TRcJ1Eg,2026-08-20 08:30:20,9511,321,11,120.0,120.0,0.0,0
N34Vyrsyu1U,UCuWcjpKbIDAbZfHoru1toFg,2026-08-16 03:06:21,9811,326,0,119.9,120.15,0.1,0
N3D2p45JjTo,UC-okJdotaXPlzivRzHFqzuA,2026-07-26 02:59:10,102843,1422,17,119.77,120.02,0.02,0
N3Det4iZIAU,UCO8ToDSM2Gvt3EZdOdosxTw,2026-07-22 15:15:01,38460,453,17,120.0,120.0,0.0,0
N3FOZtrEa_8,UC2yOBpLVwB7kzt9C5ZPbB7w,2026-08-05 04:00:18,65539,814,24,120.0,120.0,0.0,1
N3bouxFXPyI,UCrKSaegnzewdj9-YLsUhoZw,2026-07-27 04:13:01,38808,271,226,119.79,120.04,0.04,0
N3fM7S5BSuo,UCZaNYFjF_SRRJPVuGX7yMjQ,2026-08-15 14:30:57,54,0,0,119.99,120.24,0.01,0
N3hYXrgJ0Gs,UCBo7GIv99qTzHaa6ip09YLA,2026-08-22 05:00:33,11374,28,0,120.0,120.0,0.0,1
N3sTkiCedWI,UCdcjduaR6hyGHVNmpbJzSsw,2026-08-04 21:33:59,1475,24,1,119.94,120.19,0.06,0
N3vzbHFCFTI,UCdcjduaR6hyGHVNmpbJzSsw,2026-07-31 23:10:53,7271,75,1,119.82,120.07,0.07,0
N458WfTB0LU,UCt8CJiye87FMbEwt0npPMuQ,2026-08-28 14:00:28,74570,856,34,120.0,120.0,0.0,1
N46dKY2apU0,UCJNEIbzzpRl-l1iGdD2BxGg,2026-07-27 19:21:34,1475,5,,119.89,120.14,0.11,0
N47IXfrwRJQ,UCPa8JSV9SPAjX7P2S-N5ssg,2026-08-08 15:00:20,20535,639,66,120.0,120.0,0.0,0
N47bztl3jzQ,UCw1DsweY9b2AKGjV4kGJP1A,2026-08-16 10:00:32,172624,349,65,119.99,120.24,0.01,1
N4DVNnowX2c,UCc1VJX_5Z2RdGi58XU4IfbA,2026-07-23 05:00:08,691,17,2,120.0,120.0,0.0,0
N4GaGL0_UFk,UCab17MxxnFtAhGsJVTkSkCg,2026-08-18 08:13:42,749,12,1,119.78,120.03,0.03,0
N4XtiRxB-lQ,UCAl4HWznMn7KhKBRFO5eiFA,2026-08-06 13:27:18,17919,95,2,119.8,120.05,0.05,1
N4ZYbVC703c,UCI3DTtB-a3fJPjKtQ5kYHfA,2026-08-21 02:00:26,7788,167,0,119.75,120.01,0.01,0
N4oYjgzurs8,UCt15X5eHLwyP8PpNtQTkuDQ,2026-08-03 13:20:38,233009,1113,179,119.91,120.16,0.09,0
N4qdkp3GA44,UCBtJuwDt6LlXp2YASC-ZMdA,2026-07-26 22:33:16,279,6,1,119.95,120.2,0.05,0
N5HidkbvH2U,UC_F-jhf8uO0fzrM7NQwvs3Q,2026-07-30 19:17:26,12,0,0,119.96,120.21,0.04,0
N5LGF8knSQk,UCqVkQsNin4MdGFrWvzFVOKw,2026-08-06 03:35:49,4468,145,6,119.91,120.16,0.09,0
N5YF7UFTsSQ,UCPuD5ZRQWa_JCaY5NokNhtg,2026-08-17 15:08:29,417,14,2,119.86,120.11,0.11,0
N5ZOP-9w7Lo,UCZ49HaU_D0Tlf1aDA2jU_Vg,2026-08-28 05:30:18,16421,173,15,119.76,120.01,0.01,1
N5bHDjI8aHI,UC_e83kYlGHWbsrr8QCfV_ag,2026-08-19 12:07:29,10716,98,3,119.89,120.14,0.11,0
N5kFGacR75U,UCZ6mNZTiTUrUSbSYPlclI4A,2026-07-24 04:27:56,4046,72,13,119.79,120.04,0.04,1
N62oWAwjMGc,UCyZtdaxIiGb4wp5AmkEMrwQ,2026-07-29 03:29:23,80445,2434,33,119.76,120.01,0.01,1
N678RgiOYDU,UCL3gnarNIeI_M0cFxjNYdAA,2026-07-31 08:00:21,157966,2025,854,120.0,120.0,0.0,0
N6F-ZKK_nkE,UCBmPfbqvGwTTfrV-H_UOfdw,2026-07-24 14:46:46,140146,3324,147,119.97,120.22,0.03,1
N6LA83H9mPo,UCq0fwcojiA7ztN0FgTEgfXA,2026-08-01 03:25:27,99,2,0,119.83,120.08,0.08,0
N6OylmxPngg,UCMswODzU1ZjjrLyUk7NfwPA,2026-08-18 11:03:20,14319,330,12,119.96,120.2,0.04,0
N6Qi_PXf2J8,UCpI-AhCT02iQRGLC2ZcY0Jw,2026-07-29 01:02:39,48012,443,332,119.96,120.21,0.04,0
N6SvQv3crV0,UCPGl9DV2WUgaqGVXtVrhJWQ,2026-07-25 11:08:24,5,0,0,119.86,120.11,0.11,0
N6gAg1M1F5Q,UCYooECrv-fIXlPaDwEIaveA,2026-07-29 09:00:38,25872,451,5,119.99,120.24,0.01,1
N6veNjizOfk,UCrR_fhiJjoW8OJFzUcmlMMA,2026-07-26 02:00:37,6928,67,19,119.99,120.24,0.01,0
N73d4QB_pwo,UCt8CJiye87FMbEwt0npPMuQ,2026-08-05 12:30:07,7531,278,7,120.0,120.0,0.0,1
N77CZhU8n1k,UCCW6uYIUP4YKKe50k-ktVAw,2026-07-23 08:00:19,84474,2040,108,120.0,120.0,0.0,0
N77DJVhWy0o,UCdVIcHpdbEQc65xwAxc_owQ,2026-08-10 12:15:29,2728,12,0,119.99,120.24,0.01,1
N78GEQbM4qw,UCBo7GIv99qTzHaa6ip09YLA,2026-08-18 08:00:28,12121,35,4,120.0,120.0,0.0,0
N7Dv01kRzCE,UCMAfHuocszM6UTORPwUmeNw,2026-07-31 11:15:40,10931,236,9,119.99,120.24,0.01,0
N7Pw3mPDepo,UCV6mNrW8CrmWtcxWfQXy11g,2026-08-25 15:00:14,807940,34748,879,119.76,120.01,0.01,1
N7cZ4UM8rYw,UClFSQxcVutJFEI9nCAOOkgQ,2026-08-30 05:57:35,418,,19,119.8,120.05,0.05,1
N7ctoQpelug,UCl-VnCUwSxDr5zPu-YlDUYw,2026-08-13 09:15:11,11197,131,62,120.0,120.0,0.0,0
N7dE4ZY9m0Y,UCBA9XaL5wCdHnC5EmEzwrqw,2026-08-03 08:32:03,245904,1501,172,119.97,120.22,0.03,0
N7uh2gjcfdQ,UC783XWULPW-nDGv_0EYlB6Q,2026-08-28 08:37:18,12625,54,11,119.89,120.14,0.11,0
N7ztVpvnGfQ,UCmiTZyj9GwMjyznZxrgCH4Q,2026-08-29 23:54:45,49504,350,44,119.85,120.11,0.11,0
N85xIp5bh_A,UC4VWaR3R17Ruc7j1Cy1-PKQ,2026-07-12 08:26:27,2096,2,0,119.81,120.06,0.06,1
N86xqPdnu8c,UCgyDKBTgkBfa8jWrBb8Npig,2026-08-14 06:38:00,460,3,1,119.87,120.12,0.12,1
N8LZXQWnGEQ,UCrY2B2XX41ReYh9DIWrFfCg,2026-08-24 09:43:17,4675,,3,119.79,120.04,0.04,0
N8NqtwY5b_M,UChKYbZ9fSz8DMM6wU-t1lMQ,2026-08-09 10:00:17,2925,72,11,120.0,120.0,0.0,0
PXqsoHt28sw,UCxPMcxq7WJ32M3lnFn58Cpg,2026-08-22 11:29:39,2440,4,7,119.77,120.02,0.02,1
PXsB2jP4xQc,UC4VWaR3R17Ruc7j1Cy1-PKQ,2026-08-10 08:24:47,535,2,0,119.84,120.09,0.09,1
PXwDR4hymrc,UC9vI-9WYQLXKI6n9XdXXo3g,2026-08-19 06:00:36,37954,130,16,119.75,120.01,0.01,1
PY9OFb0IEMc,UCJDXc9JWCZo-nLNKr_-L2Ng,2026-07-23 13:33:49,3287,137,5,119.94,120.19,0.06,0
PYGWBk2jJlk,UCIzbqIyEUxtFLYh_sCDoXpw,2026-08-26 03:00:26,96605,1026,25,120.0,120.0,0.0,0
PYIRZQ8zvtA,UCt8CJiye87FMbEwt0npPMuQ,2026-08-31 17:00:15,27667,409,42,119.76,120.01,0.01,0
PYLdM0kONhY,UCw1DsweY9b2AKGjV4kGJP1A,2026-08-16 09:30:19,46831,253,13,120.0,120.0,0.0,1
PYU_-N6y-iw,UCWU2V62eLE3oQ7AjIGS2STQ,2026-08-15 10:19:47,583,11,1,119.92,120.17,0.08,0
PYZfyYaoogE,UCAl4HWznMn7KhKBRFO5eiFA,2026-08-21 14:17:56,7965,40,2,119.96,120.21,0.04,0
PZ-qVxIauOQ,UCybn_0S0Ec6Il1ZhiQM1Vww,2026-07-31 11:30:58,30470,112,68,119.99,120.24,0.01,0
PZ3BNHKjrwI,UCeB_ZeSo0xDL62wWlkTEtjA,2026-08-22 23:00:23,28281,167,189,119.76,120.01,0.01,0
PZiLcnN92Jo,UCHeg3ApmuXQbqqszaD1fR9g,2026-07-18 02:00:10,5204,112,16,120.0,120.0,0.0,1
PZic8fgcAOo,UCN8L7Z-dyzu9FzT39RM0fvw,2026-08-30 04:00:35,39714,282,67,119.75,120.01,0.01,0
PZvMdDKij44,UCdK9h1ILxS49c2LguBUY3rw,2026-08-23 10:45:27,187,1,4,120.0,120.0,0.0,1
P_1SfR9v7yU,UCqVkQsNin4MdGFrWvzFVOKw,2026-08-08 01:00:03,11424,277,13,120.0,120.0,0.0,0
P_6J_ptKAAw,UC_2x8h1QrTHOO0i4Yiss-ww,2026-07-28 10:00:24,54959,622,14,120.0,120.0,0.0,1
P_6xBaG36jU,UCw1DsweY9b2AKGjV4kGJP1A,2026-07-29 03:00:34,53309,627,30,119.99,120.24,0.01,1
P_GfH84P2c0,UCb08r5yPoH-AqM7_XCL4Uhg,2026-08-13 10:00:06,6431,112,253,120.0,120.0,0.0,0
P_NbAmUpkl0,UCQfISxq5legTqOt1h1us6lg,2026-07-26 17:23:07,5632,15,0,119.87,120.12,0.12,0
P_aO8O3oMeo,UCktXAh1Sd7wf8eQHc029-8g,2026-08-28 07:00:27,7492,16,8,119.75,120.01,0.01,0
Pa3Vq1PFcYY,UCms8Ge7H1ZGgw6nV94fUhUQ,2026-08-04 03:00:00,14168,449,23,120.0,120.0,0.0,0
PaKraBNfoGM,UCikKJvpU0Ylua4hRW6faQRg,2026-08-12 19:36:47,2264,65,0,119.89,120.14,0.11,0
PaOKYUmSG5w,UC60HSePkZwGFzRj6VSDa6Ew,2026-08-09 13:31:51,1534,22,1,119.97,120.22,0.03,0
PactKlMT4v8,UC46X_E7jxvJ1O_3gnaeCxeg,2026-07-19 23:15:29,79060,563,113,119.99,120.24,0.01,0
PaiTnciuS3E,UCqIwPYLfMd3EoWYwvyTjPnA,2026-07-17 12:51:45,20161,265,14,119.89,120.14,0.11,0
PanK8yR75_I,UCmcBe97VA2LqVEQUeeZl6Ew,2026-08-01 05:29:15,254788,2379,41,119.77,120.02,0.02,1
PancNZigMgo,UC783XWULPW-nDGv_0EYlB6Q,2026-07-28 09:30:35,16389,401,10,119.99,120.24,0.01,1
PapOs0LTwo0,UC7gozbdUqpQOYN1og_d-J9g,2026-08-14 08:16:17,22631,1356,709,119.98,120.23,0.02,0
Pavq-21cRxU,UCdQHEqTxcFzjFCrq0o4V7dg,2026-08-15 00:15:10,33966,1740,142,120.0,120.0,0.0,0
Paw6CTdo-v0,UCifCesg-EUkjKyQedaB3hRg,2026-08-20 00:47:22,9671,113,5,119.96,120.21,0.04,1
PbIijgVtscQ,UCnkytUgy0CtWd06up9CjNxg,2026-08-06 11:00:09,263355,2995,32,120.0,120.0,0.0,0
PbJKQ4m9o1I,UCVZ0SJNurJAv-6hV5VEGB2A,2026-08-14 01:00:01,56240,791,263,120.0,120.0,0.0,0
PbhqSSlv66E,UC543-TDm6IvHHZXwdSFioMw,2026-08-13 11:00:09,22556,469,59,120.0,120.0,0.0,0
Pbk6uJwTBzA,UCUt2AEhC-OOC2EPCzj4DkCw,2026-08-26 08:00:07,19524,300,38,119.76,120.01,0.01,0
PbzUrKbFsRQ,UCBtJuwDt6LlXp2YASC-ZMdA,2026-08-10 11:00:28,497,3,0,120.0,120.0,0.0,1
Pc714RBO7eI,UCY_vDlvG-BTDRIOk_I9QQ6g,2026-07-20 03:59:31,379,12,4,119.76,120.01,0.01,0
PcHbNVdsY1c,UCW1FuNP_2X03y7H0HIujOTA,2026-07-25 13:23:23,3001,29,34,119.86,120.11,0.11,0
PcXEIzKCAs4,UCZRH94I89Ps7giJYeK6DlWA,2026-08-06 03:00:09,50935,646,45,120.0,120.0,0.0,0
Pc_LZV90Dlo,UCQDGJQe8X9tbk_i8Na3VVXg,2026-08-21 08:48:01,337,10,2,119.96,120.21,0.04,0
Pcx5p4UuRFA,UC3_QWAvQRhPW4CDoQU8acKw,2026-08-09 01:33:15,47388,833,320,119.95,120.2,0.05,0
PdgkfoIQ4Q4,UCby0vMKcLR05ZdS90aZd5og,2026-07-13 13:02:49,1564,9,2,119.95,120.2,0.05,1
PdjdA4ckdg0,UC-FiQR2gg8oiNw98ZdsSX6Q,2026-08-03 09:34:38,141,2,1,119.93,120.17,0.07,0
PdlzRqjDzTI,UCF-rFAdN7dzd-SI2T3rkCaQ,2026-07-12 11:24:27,154042,1908,52,119.84,120.09,0.09,1
PdpOhwunKh8,UCb08r5yPoH-AqM7_XCL4Uhg,2026-07-31 22:05:06,6725,405,69,119.92,120.17,0.08,0
Pdt5sN8dHvY,UCfIUuMA7U_jImP7oWfTe4Pw,2026-07-24 09:41:31,345430,2696,487,119.81,120.06,0.06,0
PeCqTWZ6lOQ,UCuXE-MdbuaZcPt_2J2kSsSQ,2026-08-22 07:47:04,804,6,5,119.98,120.23,0.02,1
PeDYGAOlups,UCiEMsnnzti6PDNi8TAlSnFw,2026-07-23 03:00:10,13,2,0,120.0,120.0,0.0,1
PeOKOvYSPcY,UCcum1rCJ5GJeQ_xv0xrohqg,2026-07-31 13:40:21,17392,453,87,119.83,120.08,0.08,0
PeQZIU3AkOg,UCyiKngyUPUb1bka4yFrn65g,2026-08-14 11:17:24,1400,7,1,119.96,120.21,0.04,0
PeUa5XAcJzg,UC2U8C7lmbQpfBeAW8fTP_jg,2026-08-23 05:55:31,19647,356,37,119.84,120.09,0.09,0
PeZm-eoMgog,UCFHUplScMiWTjJrtv4hxWmg,2026-08-19 11:54:53,72447,624,75,119.85,120.1,0.1,0
PecKFG_JmO8,UC-ntxe7eU_afJWEpcTNlVFA,2026-08-23 12:42:34,7242,335,15,119.8,120.05,0.05,0
PegBKysM0sk,UCoIEwIHhW-1_roLnb5nK_UA,2026-08-30 09:15:39,14979,23,17,120.0,120.0,0.0,0
PewQJxLNCS4,UCqIwPYLfMd3EoWYwvyTjPnA,2026-08-09 08:00:34,77093,374,51,119.99,120.24,0.01,0
PexOuZLD20o,UCifCesg-EUkjKyQedaB3hRg,2026-08-31 00:29:24,8060,434,9,119.77,120.02,0.02,0
Pf2EO3MBWNE,UCN5789pKaFwqjVBvg6yws_w,2026-07-31 09:26:59,13,0,0,119.8,120.05,0.05,0
PfFvDP93eYc,UCdb5lyq0tWbY3jqH35SufmA,2026-08-02 22:30:34,5477,57,10,119.99,120.25,0.01,0
PfHfPENuMoE,UC6NXJtCn3p-actkvBUlHwDA,2026-08-30 03:00:35,131506,715,134,119.76,120.01,0.01,1
PfUyyPQGQj4,UCyz5WVrb-cz3myY04x_kVYw,2026-08-17 12:31:16,437,8,0,119.98,120.23,0.02,0
PfXs33Os3b8,UCt8CJiye87FMbEwt0npPMuQ,2026-07-15 20:00:36,42499,3256,111,119.99,120.24,0.01,1
Pfe97sJ19Mo,UCDBAVzfX3yZ1hah0FHnOoaA,2026-08-28 13:30:15,715552,1926,375,119.76,120.01,0.01,0
PflQZK0b3Is,UCZphffYmr6WuJD9SG8xwM8A,2026-08-31 14:48:30,2992,117,3,119.95,120.21,0.05,0
PfudYfDt-3E,UCjOtzpfj5lF9erwTEQYkxtQ,2026-07-26 04:00:15,131380,2338,24,120.0,120.0,0.0,1
PfzwFVYVdik,UCyoKcrOcBEY4rmLYkDuXErA,2026-07-10 09:00:06,50717,548,10,119.76,123.62,0.24,1
Pg64B7QF0nk,UCTK7GGeH0c9INAEnV2EfD0Q,2026-08-05 09:00:22,22645,1346,116,120.0,120.0,0.0,0
Pg8sq10FMDY,UC9qwDE50UcXvdplRNZKEoPA,2026-08-09 01:00:31,18582,501,35,119.99,120.24,0.01,1
PgUhw68okMw,UCYM01qjjE_hmqFQAmOo-lNg,2026-08-26 14:48:12,1887,8,0,119.96,120.21,0.04,0
Pg_kLcCc-F8,UCta3D5-EYqO-pduQLxQ8mNQ,2026-08-03 07:13:20,2764,19,5,119.78,120.03,0.03,0
PgtyZqH_1gE,UCATlfGN7EDjXS_2ofklb3bw,2026-07-22 08:21:14,32291,349,0,119.9,120.15,0.1,0
Ph3XyKI5Wig,UC8rbhIem-3aAsNXhTDI-nSA,2026-08-01 23:00:03,79822,1094,104,120.0,120.0,0.0,0
PhCuH8aVr3Q,UCksGX0hODm1Ev6mysrToMqg,2026-08-07 12:26:47,14475,391,30,119.81,120.06,0.06,0
PhDECZIIUaA,UC_E_qYfGKM3C0kqrp1p8z7Q,2026-08-15 19:00:38,538,18,2,119.99,120.24,0.01,1
PhRHVtEwzrQ,UCN5oT4zGJX-_H6pE5isAEeg,2026-07-31 03:00:06,1037681,17343,338,120.0,120.0,0.0,1
PhXtKN3EiFI,UCvfEv6nBnL0QlKqyGmL0orQ,2026-08-26 01:00:08,15523,61,30,119.76,120.01,0.01,0
PhYhQr1G7yw,UCPuD5ZRQWa_JCaY5NokNhtg,2026-08-05 17:37:26,783,9,5,119.88,120.13,0.12,0
PhdN8nW0rtc,UC0-sEWFXIymAxx0InClynUA,2026-08-18 06:00:32,309270,7184,103,120.0,120.0,0.0,0
Phv1VGtWvR4,UCgjaQlejpAnIu0q-xtVfTEw,2026-08-01 00:00:16,61602,568,110,120.0,120.0,0.0,0
Pi7fvrJYdiM,UCYsRymb9vAsOOLBy-Wo1kRg,2026-08-17 06:01:10,1552,22,3,119.98,120.23,0.02,0
PiCcYO35y4M,UCix5yCKpPr18CWrGOSCKCLA,2026-08-08 05:03:55,17637,,5,119.94,120.19,0.06,1
PiFc8Xh6sbw,UCJA6MZLzTeljmGNFaugdoWQ,2026-08-15 07:00:13,1498,11,1,120.0,120.0,0.0,1
SDK7wclvM3M,UCO8ToDSM2Gvt3EZdOdosxTw,2026-08-16 05:15:39,11468,157,150,119.99,120.24,0.01,0
SDXViqND2uI,UCOTJtP0Z9DjpPU43B5m1V6A,2026-08-18 05:00:39,193140,1625,31,119.99,120.24,0.01,1
SDee0cUvF0M,UC_2x8h1QrTHOO0i4Yiss-ww,2026-08-11 10:00:06,51725,822,18,120.0,120.0,0.0,1
SDqspfkxtSE,UCV6mNrW8CrmWtcxWfQXy11g,2026-08-09 02:00:34,109640,4487,36,119.99,120.24,0.01,1
SDrGiDf4wsA,UCzps05UZ7XpX3SFoFyYIDow,2026-08-27 07:00:36,29221,197,45,120.0,120.0,0.0,0
SDuntAwYNmM,UCN8YcyYvYIrtLcwyT-KqbNg,2026-07-23 08:00:10,21946,267,62,120.0,120.0,0.0,0
SE18_eH3FsM,UCw1DsweY9b2AKGjV4kGJP1A,2026-08-01 08:02:18,213080,898,209,119.97,120.22,0.03,0
SE6n-abuGQQ,UCFvdXoI9LTADYG07s4pMnhg,2026-08-06 03:03:53,7499,,0,119.94,120.19,0.06,0
SEAjw5vewNs,UCv1tOT645xHOJrwdGlzjMaA,2026-07-15 09:00:27,3218,73,9,119.99,120.24,0.01,0
SEJbseT1KSc,UC8a9-ubjMyQkDH9Jr8EX0JQ,2026-07-13 14:48:08,44,1,0,119.95,120.2,0.05,0
SES74vhmeHI,UCbFzvzDu17eDZ3RIeaLRswQ,2026-07-16 11:39:52,778220,8109,1052,119.84,120.09,0.09,0
SEXAWkFIOE8,UCV6mNrW8CrmWtcxWfQXy11g,2026-08-29 22:00:20,450425,12636,156,119.76,120.01,0.01,1
SEYEILySReo,UCei_ecYpQqFjYhjLaDPr2Lw,2026-08-30 23:20:33,56,2,0,119.92,120.17,0.08,0
SEeSTv14_78,UCi5yzN6jpdz2akGTm-mJSKQ,2026-07-20 11:07:59,905,24,3,119.87,120.12,0.12,0
SEvuWrzBD8s,UCyZtdaxIiGb4wp5AmkEMrwQ,2026-07-11 03:00:30,394998,7933,26,120.0,120.0,0.0,1
SEwMmIMaVHc,UCby0vMKcLR05ZdS90aZd5og,2026-07-13 16:05:35,108,1,0,119.91,120.16,0.09,0
SF10EqjKzgQ,UCBY9rOZPo0fLE45mOV0s0cw,2026-08-22 09:00:39,257,2,0,120.0,120.0,0.0,0
SF2vwQxJsjw,UCpcTrCXblq78GZrTUTLWeBw,2026-08-11 19:30:27,145678,5763,100,120.0,120.0,0.0,0
SF6qkIx-6yw,UClvMduw1MDMQ0PuH753-XSA,2026-08-18 20:15:25,3097,75,2,120.0,120.0,0.0,0
SF7yGe1EqKI,UCeOXoe4zJCBTBwHN1M_djUw,2026-08-20 13:00:25,1185,2,7,120.0,120.0,0.0,0
SF8VcZbW8AU,UCV6mNrW8CrmWtcxWfQXy11g,2026-08-05 22:00:30,159628,5753,63,119.99,120.24,0.01,1
SFSn1-voOxo,UCI3DTtB-a3fJPjKtQ5kYHfA,2026-08-28 00:59:56,24798,317,9,119.76,120.01,0.01,0
SFWoUlTY36g,UCksGX0hODm1Ev6mysrToMqg,2026-07-22 08:05:24,9586,394,34,119.92,120.17,0.08,0
SFex0oXWcYM,UCg5Ew4lj74r_ohbc4AeQj1w,2026-08-07 04:00:01,31322,944,135,119.75,120.01,0.01,0
SFs55ZqvjUc,UCM81CAJ2_Y42-bvK1OQnAAA,2026-07-31 10:09:12,34520,413,220,119.85,120.1,0.1,0
SG3UJi61dWY,UCv1tOT645xHOJrwdGlzjMaA,2026-08-23 11:44:09,72206,1740,35,119.78,120.03,0.03,1
SG560xxZqjc,UC9nWoDbRAl3-fvreBNeStKQ,2026-07-25 18:28:08,4722,23,0,119.78,120.03,0.03,0
SG92_EVSFxg,UCd4PDK0JYfPf0DUeYZThguw,2026-07-19 02:29:14,8224,193,41,119.76,120.01,0.01,0
SGDIDLiJshE,UCrY2B2XX41ReYh9DIWrFfCg,2026-08-20 11:21:54,1416,,5,119.89,120.14,0.11,0
SGEutBrwSio,UCNmN3W2H0r5_hV2drzbEn7Q,2026-07-18 09:31:27,21532,192,25,119.98,120.23,0.02,1
SGH5SjDAXmM,UCB4gIGaPUiLtpPreFSf8fKQ,2026-07-30 11:00:07,5114,73,8,120.0,120.0,0.0,0
SGMne2XxZlE,UCV6mNrW8CrmWtcxWfQXy11g,2026-08-27 02:00:26,834966,27203,160,119.75,120.01,0.01,1
SGXrkUOMtsk,UCV7WE8I_UiAN0fa6Arezx_w,2026-08-02 01:00:18,19,1,0,120.0,120.0,0.0,0
SG_bTlSmhbw,UCzDyC6JMEXEufozffWzI9Mg,2026-08-06 04:00:31,48253,542,46,119.99,120.24,0.01,1
SGdG3kTxTGk,UCDHGqgpiHQAsE0UiltRqhfQ,2026-08-13 12:34:31,5024,24,0,119.93,120.18,0.07,1
SGfk0JclrKc,UCXCa03lRK6tlntZoJ7TUWRw,2026-07-25 02:00:03,64763,1203,117,120.0,120.0,0.0,0
SGnBGhBKRNA,UC0-sEWFXIymAxx0InClynUA,2026-08-16 02:00:02,498365,10160,97,120.0,120.0,0.0,1
SGnMpmSCpCc,UC-yb5eNBQyXBE9nZnht9u-g,2026-08-21 16:08:42,2899,132,4,119.87,120.12,0.12,1
SGppSbPPoUo,UCfIUuMA7U_jImP7oWfTe4Pw,2026-07-18 11:26:03,387991,4551,32,119.82,120.07,0.07,1
SGqJ7SU5eMQ,UC9vz3TBChrJmYbzUo-rqfSg,2026-08-06 01:01:59,20802,188,86,119.97,120.22,0.03,0
SH2EEi4nL3g,UCpCBP5cVIBvezPI1LKFMYjA,2026-08-19 17:00:01,118213,1292,27,119.76,120.01,0.01,1
SH6URSXWgdI,UCUPa-gJcbYG9Ql8b9H9FBbg,2026-08-10 08:15:21,6665,69,10,120.0,120.0,0.0,0
SHEhETV11wQ,UC1Ns07Rw0lQK-KuaPHfRRTw,2026-08-02 14:29:03,86,1,0,119.77,120.02,0.02,0
SHJEnVUOeuQ,UCpwGBltfwjd_fIzp5cb5R0w,2026-08-05 12:30:13,411814,3654,327,120.0,120.0,0.0,1
SHOaingh1Cs,UC_9W6Z5Y3lDpLk47Y_y5ITQ,2026-08-08 01:37:03,21876,300,63,119.89,120.13,0.11,0
SHRUWmncP_0,UCgLFbrC7-g0ihBKB0obVPTg,2026-08-09 15:26:17,117,3,0,119.82,120.07,0.07,0
SHpSDxQUST8,UCFrKhWvZ8oeJQTNP5ZabgJw,2026-08-23 10:34:24,134629,1235,290,119.94,120.19,0.06,1
SHqOcQ8G3e4,UCN5oT4zGJX-_H6pE5isAEeg,2026-08-07 22:00:32,2586830,36334,2484,119.99,120.24,0.01,1
SHuQrfV4U-0,UC-yb5eNBQyXBE9nZnht9u-g,2026-07-13 05:22:05,18283,354,12,119.88,120.13,0.12,1
SHuiwAuLz6A,UCirJgPv8RtFaFMj39b6cD8Q,2026-08-22 09:00:20,33398,184,8,119.76,120.01,0.01,1
SI3FnYRtFEE,UC2t5bjwHdUX4vM2g8TRDq5g,2026-08-28 16:00:39,159964,1452,32,120.0,120.0,0.0,1
SIQE_BnIH-0,UCBtJuwDt6LlXp2YASC-ZMdA,2026-08-16 07:00:12,996,9,0,120.0,120.0,0.0,1
SIWvMIenkuA,UCifCesg-EUkjKyQedaB3hRg,2026-08-23 00:04:11,16708,489,15,119.94,120.19,0.06,1
SIZ-cM4fURs,UCqVkQsNin4MdGFrWvzFVOKw,2026-08-18 14:54:59,4309,170,0,119.84,120.09,0.09,0
SIcnF4hxOpE,UCPsZX-D7LW99PjZLA-UysPQ,2026-07-24 06:00:38,164,1,1,119.99,120.24,0.01,0
SIjg8OLXBjc,UCTK7GGeH0c9INAEnV2EfD0Q,2026-08-07 05:19:50,43251,607,2,119.92,120.17,0.08,1
SIohBcU73Lk,UCrY2B2XX41ReYh9DIWrFfCg,2026-07-29 09:59:47,3992,,10,119.76,120.01,0.01,0
SJ09_5Wcgpk,UC0aKwoKNeqBaUwiEXmkQaGQ,2026-08-12 10:30:06,38135,676,201,120.0,120.0,0.0,0
SJ2-jfSUtvs,UCNOj6xtKWCtPbjJV8XPlbLg,2026-08-05 10:26:26,68396,1076,66,119.81,120.06,0.06,0
SJ6vUqa1om8,UC141BuVRzSSXJX33Am9yxEA,2026-08-06 09:45:01,23374,485,71,120.0,120.0,0.0,0
SJD3fHnj1bo,UC3gl4CHfNtAqNjju1goB0_w,2026-07-26 00:15:24,98988,2161,101,119.99,120.24,0.01,1
SJDodE6yXto,UCV6mNrW8CrmWtcxWfQXy11g,2026-08-18 16:00:13,146772,8274,276,119.76,120.01,0.01,1
SJHpKfWM2ts,UCQ5KMP03ifjJ8mDeyjWeZ7g,2026-07-29 11:25:48,4349,54,2,119.82,120.07,0.07,0
SJTu7GuFZss,UC-S8JFhLkQ5enhB70c2CYIw,2026-08-02 11:50:50,91176,2358,218,119.91,120.16,0.09,0
SJYYMYUCLH8,UCV6mNrW8CrmWtcxWfQXy11g,2026-08-22 17:30:27,84879,3884,111,120.0,120.0,0.0,1
SJn6huRn4kM,UC72PuhDwKtZ5MikpGNhPAtA,2026-08-05 19:42:12,218574,9194,838,119.8,120.05,0.05,0
SJzahaEdre8,UCqVkQsNin4MdGFrWvzFVOKw,2026-08-03 15:19:13,18163,487,1,119.93,120.18,0.07,0
SK2C6LDibNs,UCyN9yU_YNGDG6z3PN8sC3KA,2026-08-08 09:28:11,3812,33,10,119.78,120.03,0.03,1
SK9GgM6ZH70,UCDq6CfnZgtnqXEwG8tqvBfA,2026-07-19 01:28:12,77,1,0,119.78,120.03,0.03,0
SK9yoE3sNjw,UCFCt5RYu41HTg4eX1jdHNxw,2026-08-01 01:03:15,2322,21,0,119.95,120.2,0.05,0
SKA_0KGxY3A,UC8E29ANOC3_OuB7_5EPY2xw,2026-08-20 02:01:09,1268,1,0,119.99,120.24,0.01,1
SKHGo4iMJfQ,UCJoWNCiFuiN4eZnB80WUf4Q,2026-08-13 05:30:36,47107,613,79,119.99,120.24,0.01,0
SKOrSNaDFfY,UCpX86JOUhnrzG7MK8e8Gjbw,2026-07-27 10:08:44,21724,114,77,119.86,120.11,0.11,0
SKQatWnhX34,UCYGF_xk5RDpltyZDSx040uw,2026-07-22 05:28:28,91439,1431,93,119.78,120.03,0.03,1
SKXRuvSW4wE,UCpcTrCXblq78GZrTUTLWeBw,2026-07-13 03:34:45,8220468,128482,676,119.92,120.17,0.08,1
SKcIBn-z3nQ,UCXg-6b0X0sIMBDHhbyBuOQg,2026-07-11 11:00:01,9365,33,3,120.0,120.0,0.0,1
SKd5nBFQPcg,UCePy6AqRuTfKDC4aTrqcAqQ,2026-08-05 02:08:50,623,63,5,119.85,120.1,0.1,0
SKlLxzg856k,UCby0vMKcLR05ZdS90aZd5og,2026-08-06 05:07:59,20308,12,4,119.87,120.12,0.12,1
SL4qQmFqQnI,UCzVXdulvpgEoI8yuFMmhxJw,2026-08-06 17:51:35,23912,659,12,119.89,120.14,0.11,0
SLLW4nq3F1Y,UC78cfahWKAc3OxNl4jKFVRQ,2026-08-27 03:18:15,1717,3,0,119.96,120.21,0.04,1
KNQ7Ufp85vg,UCvUKUkIM67eWFbQemjj2-eA,2026-08-28 12:00:06,191405,1545,103,119.76,120.01,0.01,0
KNXxd2-KSQ4,UC-2wa6jvprl7hfCpvw0ULzg,2026-08-11 09:00:25,227555,4102,738,120.0,120.0,0.0,1
KNYKsTu3wCI,UCBtJuwDt6LlXp2YASC-ZMdA,2026-08-27 10:00:21,1109,6,0,119.76,120.01,0.01,0
KNilmYopX5E,UC0-ZCUCeCQBwKU15x0Aqk_g,2026-08-01 19:00:12,25906,308,5,120.0,120.0,0.0,0
KNpYvRcMdjY,UCpcTrCXblq78GZrTUTLWeBw,2026-08-31 01:30:04,33901,160,9,119.76,120.01,0.01,0
KNu1h-OSvR8,UCxwqnpN1G_roAm3t0vhfeZg,2026-07-28 09:00:26,2175,24,17,120.0,120.0,0.0,0
KO0KM9jUDhw,UCPv0av3PfTUeTnHGgcXkk8w,2026-07-11 14:33:37,12,0,0,119.94,120.19,0.06,0
KO1XaOqovho,UC-yb5eNBQyXBE9nZnht9u-g,2026-08-21 07:00:27,2714,120,12,119.75,120.01,0.01,0
KO3gbF3QnD8,UCgsKeCRaBGH6JlnH6VO_7OA,2026-08-12 19:08:36,65,2,0,119.86,120.11,0.11,0
KOZ-azDij1E,UCnMshUhBxDsKFPnxBGmGEpg,2026-08-17 06:29:37,1333,30,21,119.76,120.01,0.01,0
KOtYSB5L4Mw,UC_9W6Z5Y3lDpLk47Y_y5ITQ,2026-08-02 00:58:05,21645,281,43,119.78,120.03,0.03,0
KOxc8XFkb7s,UCZNTsLA6t6bRoj-5QRmqt_w,2026-08-22 15:00:22,51372,1973,63,119.76,120.01,0.01,0
KOxuBJR_25k,UCJDXc9JWCZo-nLNKr_-L2Ng,2026-07-25 13:00:15,1509,95,9,120.0,120.0,0.0,0
KP88oMsJFb4,UCv1tOT645xHOJrwdGlzjMaA,2026-08-28 12:00:37,514642,2893,76,120.0,120.0,0.0,0
KPCaAOOCd1I,UCPN9TrChCye1s97iEUOsIeA,2026-08-30 11:44:59,1100,5,2,119.76,120.01,0.01,1
KPE62TsegJ0,UCN8L7Z-dyzu9FzT39RM0fvw,2026-08-08 02:57:26,20581,268,37,119.8,120.05,0.05,0
KPUws26erB4,UCIKORyfTZ0cN-u0hrxHcgUw,2026-07-28 13:00:19,8,0,0,120.0,120.0,0.0,0
KPajofExyrQ,UCZCZHg_oJiHcrcj2vaPRCag,2026-07-30 09:00:33,39,0,0,119.99,120.24,0.01,0
KPhN8bRBMZc,UC6LLMkdyses2ugPRNEXutMQ,2026-08-24 10:15:39,30145,198,10,120.0,120.0,0.0,1
KQ2Ik68qt8g,UCHK-FRuAjk8g798dD7L7xqA,2026-07-21 08:00:22,208338,2747,43,119.99,120.24,0.01,1
KQAliyzaUT8,UCJDXc9JWCZo-nLNKr_-L2Ng,2026-08-14 19:45:20,6643,165,6,120.0,120.0,0.0,0
KQP6wvGt2Ls,UCV7WE8I_UiAN0fa6Arezx_w,2026-08-15 14:00:23,48,1,0,120.0,120.0,0.0,0
KQZuADh2528,UCAhmOb9JWkI2HV_KIe9X_3A,2026-08-30 03:41:14,18658,42,3,119.83,120.08,0.08,0
KQaC9n4pYfI,UCAl4HWznMn7KhKBRFO5eiFA,2026-07-26 14:46:53,13692,40,3,119.97,120.22,0.03,1
KQhldKRQ-Gs,UCC1veMJY2wElX0lpYOoNB1Q,2026-07-30 05:58:40,1380721,20,20,119.78,120.03,0.03,1
KQm_dxzbx3o,UC5pdoCANExIVI4yf6DVoxew,2026-08-14 01:28:33,110,3,0,119.78,120.03,0.03,0
KQo7ChgBio4,UCwBkHOTyu57NQi0syf5MLig,2026-08-01 18:08:40,17382,128,26,119.86,120.11,0.11,0
KQoGWEaowRI,UCATlfGN7EDjXS_2ofklb3bw,2026-08-31 00:45:20,40872,254,0,119.76,120.01,0.01,0
KQsgOFVZrjw,UCiVO_mThS9B3tNc_kzpn-3g,2026-07-25 20:30:11,23370,276,7,120.0,120.0,0.0,1
KQxvvy_n2ok,UCkd3KAYGnTNPJZZrPOFeWhA,2026-07-23 12:00:18,25775,92,32,120.0,120.0,0.0,1
KR2-CwkPqcQ,UC4oe-OVZ2Ho-03yrMkrXomQ,2026-08-07 07:00:34,327113,5452,172,119.99,120.24,0.01,1
KR3hiXYOrLs,UCifCesg-EUkjKyQedaB3hRg,2026-08-22 22:39:55,30022,613,11,119.85,120.1,0.1,1
KRAAODrOXKQ,UCv0cBz_Vdmd84xYl7gKWwQA,2026-08-30 18:17:30,13723,342,37,119.97,120.22,0.03,0
KRHQ3Eh0uo0,UCOTJtP0Z9DjpPU43B5m1V6A,2026-08-16 09:30:09,62571,625,68,120.0,120.0,0.0,0
KRKfmOozSPw,UCMAfHuocszM6UTORPwUmeNw,2026-08-12 12:08:09,16994,325,2,119.87,120.12,0.12,0
KRYeS_dNwP4,UC5RxNUZ9_c94ZEfJGnJZmTw,2026-07-27 12:00:33,3964,155,41,119.99,120.24,0.01,0
KRb4wCPl21s,UCbaRH9U2BEFwhJiodE3qTpQ,2026-08-22 08:59:25,9410,356,13,119.77,120.02,0.02,1
KRdL6JbP-fw,UCgvtwZJPhSfbKOxh3EoVXng,2026-07-22 11:08:03,6,0,0,119.87,120.12,0.12,0
KRhyFlvrVoU,UCksGX0hODm1Ev6mysrToMqg,2026-08-21 11:01:38,6689,236,12,119.98,120.23,0.02,0
KRqmdRa_KLc,UCDBAVzfX3yZ1hah0FHnOoaA,2026-07-30 13:30:17,492186,2183,463,120.0,120.0,0.0,0
KS5_ooSVlz0,UCBuMtyqUDtejwvpVE6KtoxQ,2026-08-05 13:32:39,849,5,2,119.96,120.21,0.04,0
KSCRVURh2fQ,UCkd3KAYGnTNPJZZrPOFeWhA,2026-08-03 12:00:29,14689,70,29,120.0,120.0,0.0,1
KSEQeO0HwO8,UCdS9tTcvPzYfV-7RLkkIsvw,2026-07-28 07:00:26,914,13,11,120.0,120.0,0.0,0
KSTw7u-ccdU,UChyEdiMY2maW8ySmbcmEyRg,2026-07-25 13:52:11,310,0,0,119.88,120.13,0.12,0
KSUW_aVd6eo,UCCoU5ViXgoK-_2neelNhQaA,2026-07-29 03:30:16,79624,633,103,120.0,120.0,0.0,0
KSfSlbQ73sA,UC7bcRlidTERRb_MKRHPVSnw,2026-08-08 12:03:39,54987,1225,96,119.94,120.19,0.06,0
KT0tzDnclTQ,UC0FUMakBJHsRrfKCGQuWnRA,2026-08-03 09:00:07,6473,53,14,120.0,120.0,0.0,0
KTNnyKo-huw,UCp6n8d8Y8r3MwKNw_MMaouQ,2026-07-30 18:25:32,32842,234,3,119.83,120.08,0.08,1
KTQ8V4O6NKg,UCePo3etp2PDhGSvdKwz2fwQ,2026-08-26 13:30:15,81,2,1,119.76,120.01,0.01,1
KTbcPlUlyu8,UCV7WE8I_UiAN0fa6Arezx_w,2026-08-13 20:00:39,19,1,0,119.99,120.24,0.01,0
KTde5hF2vfY,UCHZ9X2Nl3dq8ChEJgScmZCw,2026-08-29 09:10:21,22997,62,11,119.84,120.09,0.09,0
KTfYhclnbGg,UC2NFRq9s2neD_Ml0tPhNC2Q,2026-08-11 02:30:22,331677,5220,371,120.0,120.0,0.0,0
KTgoNsbwhOI,UCV6mNrW8CrmWtcxWfQXy11g,2026-08-21 08:00:21,165336,4890,343,119.76,120.01,0.01,1
KTpo0frkdIQ,UCSzHok6X5qXEO7cjvVnE62g,2026-08-04 12:00:35,75196,473,92,119.99,120.24,0.01,1
KTqvSaFQrLM,UCAaLhok91QDrweyuDRsmjqQ,2026-07-25 12:53:04,196489,1343,383,119.87,120.12,0.12,0
KTyfJJKyI-Q,UC-yb5eNBQyXBE9nZnht9u-g,2026-07-10 19:01:30,71505,1431,23,119.98,120.23,0.02,1
KU31jn1E2Ws,UCaMV-CjrWYh2Aefg_8iLwJQ,2026-07-18 04:00:19,672625,5173,83,120.0,120.0,0.0,1
KUBmevwmxPk,UC1sELGmy5jp5fQUugmuYlXQ,2026-08-06 15:00:34,1845387,68176,5036,119.99,120.24,0.01,1
KUENwUMTVNg,UC1p5kp09LAS3kpQB3O8YQJw,2026-08-09 11:41:56,901,14,2,119.8,120.05,0.05,0
KUPyCtDJDtU,UCRE-9quk3OT2OKgZFAgdN_g,2026-08-07 12:02:57,6859,54,4,119.95,120.2,0.05,0
KUUEJK0MRxI,UCkd3KAYGnTNPJZZrPOFeWhA,2026-08-12 00:00:38,113881,246,81,119.99,120.24,0.01,1
KUY0l_D3bAE,UCPuD5ZRQWa_JCaY5NokNhtg,2026-08-24 01:57:33,1349,14,5,119.8,120.05,0.05,0
KUqiOF5mKAg,UCJoWNCiFuiN4eZnB80WUf4Q,2026-08-04 06:30:09,67099,712,48,120.0,120.0,0.0,0
KUvFD35Du9Y,UC3DYSay178fMMPaf3zHwECA,2026-08-17 08:00:03,90652,1645,28,120.0,120.0,0.0,1
KUyAkyGhYLg,UCa8Z4uUp51Aqtx4Fq4-3wMA,2026-08-05 08:40:31,85906,1435,27,119.83,120.08,0.08,1
KV1ArTWlEFU,UC2t5bjwHdUX4vM2g8TRDq5g,2026-07-14 15:00:06,324780,15558,2442,120.0,120.0,0.0,0
KV2UjIgbMIg,UCXb8sP7slkJyunTEAsP-CiQ,2026-07-30 03:48:01,11947,261,92,119.95,120.2,0.05,1
KVHUIx-QGag,UCXVVG5ZM3SJJCh94xatR8Dg,2026-07-21 00:45:34,982,15,3,119.99,120.24,0.01,1
KVLhEyx6TIQ,UCKC4R6B8bTLIKH1V9PyD7Iw,2026-08-24 12:30:23,62022,440,7,120.0,120.0,0.0,1
KVTzTp73wq4,UCV7WE8I_UiAN0fa6Arezx_w,2026-08-08 14:00:16,43,1,0,120.0,120.0,0.0,0
KVXSQ-JnkVs,UCKrprPfevcAZpPuRnCO6xOA,2026-08-09 09:00:02,1066,8,7,120.0,120.0,0.0,0
KVYYvErf6yY,UCFCt5RYu41HTg4eX1jdHNxw,2026-08-05 00:06:47,13348,64,1,119.89,120.14,0.11,0
KVc9fEBjHaU,UC783XWULPW-nDGv_0EYlB6Q,2026-07-13 10:00:27,33659,848,11,119.99,120.24,0.01,1
KVdNaDJ_OA4,UCeOXoe4zJCBTBwHN1M_djUw,2026-08-24 12:00:05,6832,18,20,119.76,120.26,0.24,0
KVvAWwy04jE,UCO8ToDSM2Gvt3EZdOdosxTw,2026-07-22 09:00:25,81677,1763,76,119.99,120.24,0.01,0
KWAcEOC6Y1U,UCyU5JQ8KVRD9jE4E_xLsHxw,2026-08-27 09:00:37,171,3,0,120.0,120.0,0.0,0
KWGRRerPomQ,UCGi94VU356EAvQLgODywyrA,2026-08-25 20:54:07,3477,57,0,119.86,120.11,0.11,0
KWLfoBY5Ywg,UCBS4sjbGJIcclT-Y6i_Jzkg,2026-08-07 19:50:15,27192,595,6,119.91,120.16,0.09,1
KWNupM-uyJ8,UCKVt3arMXfa6XZezR1UnjqQ,2026-08-28 22:00:25,39556,75,2,120.0,120.0,0.0,0
KWU7eUKt8ks,UCp6n8d8Y8r3MwKNw_MMaouQ,2026-08-31 14:10:55,6746,553,6,119.83,120.08,0.08,0
KWhy8h5Jvts,UCEg24oF81p-THPtp3otdmTA,2026-07-29 09:00:08,10716,268,25,120.0,120.0,0.0,0
N8S0ZrWk-to,UCzHnjIeMxo1gViogzN9xMLw,2026-08-04 01:50:42,8610,203,48,119.91,120.16,0.09,0
N8YyQ34LPow,UCtVBI7YLJyDvrx7iWAukx_Q,2026-08-22 04:00:06,3977,114,62,119.76,120.01,0.01,0
N8_eSkj_BfY,UCyz5WVrb-cz3myY04x_kVYw,2026-08-01 11:56:19,405,6,0,119.81,120.06,0.06,0
N8jhm2o5mYQ,UCwBkHOTyu57NQi0syf5MLig,2026-08-21 16:39:11,87710,582,127,119.86,120.11,0.11,0
N8m0shJKfQM,UCGa52d8Qlv3THghuCAt_nXA,2026-07-31 08:30:34,28664,246,5,119.99,120.24,0.01,1
N8mvFPvrZss,UCV7WE8I_UiAN0fa6Arezx_w,2026-08-25 16:00:21,30,0,1,119.75,120.01,0.01,0
N8pFNOb0qOk,UCV6mNrW8CrmWtcxWfQXy11g,2026-08-15 02:00:40,286474,9159,63,119.99,120.24,0.01,1
N8y8YstkdpY,UCDLDbittWhk2KXvaCT0YpZQ,2026-08-02 03:00:21,11592,309,27,120.0,120.0,0.0,0
N8znL7Rf6qo,UCwBkHOTyu57NQi0syf5MLig,2026-08-28 05:13:54,104972,516,17,119.78,120.03,0.03,0
N90oiDESku0,UCby0vMKcLR05ZdS90aZd5og,2026-08-13 04:52:21,595,2,0,119.88,120.13,0.12,1
N9kCyYeVBtk,UCzDyC6JMEXEufozffWzI9Mg,2026-08-21 02:00:38,3809,57,30,120.0,120.0,0.0,0
N9kOPVocS8U,UCirJgPv8RtFaFMj39b6cD8Q,2026-07-29 09:00:39,25195,158,6,119.99,120.24,0.01,1
N9mNXMy2L84,UCms8Ge7H1ZGgw6nV94fUhUQ,2026-07-24 03:00:12,42835,329,83,120.0,120.0,0.0,1
N9oiW59JSII,UCdVIcHpdbEQc65xwAxc_owQ,2026-08-11 19:53:31,105,5,2,119.86,120.11,0.11,0
N9pNF8XkKlw,UCI7OFjGUtM8yePASCBdnUUg,2026-08-17 01:20:55,170,10,1,119.9,120.15,0.1,0
N9qtOmMvcxo,UCAl4HWznMn7KhKBRFO5eiFA,2026-08-06 08:00:36,15207,108,8,119.99,120.24,0.01,0
N9yB_oySTCM,UCr4WCOxirRA-BzVu-MH_WqQ,2026-07-11 10:00:32,2468,21,3,119.99,120.24,0.01,1
NA2ZMwDQ980,UCiVO_mThS9B3tNc_kzpn-3g,2026-08-13 16:00:12,4100,264,12,120.0,120.0,0.0,0
NA7POdqFPeY,UCn2E0CVlb421-JjY9-Oydsg,2026-07-14 08:50:11,21,0,0,119.91,120.17,0.09,0
NA7YvUn2xJA,UCyz5WVrb-cz3myY04x_kVYw,2026-08-16 18:33:54,3289,54,0,119.94,120.19,0.06,0
NAFWSSiozt4,UCYJ0Ucu9jPX5kn6SeDcNaIQ,2026-07-12 01:55:27,104862,727,135,119.83,120.08,0.08,0
NAIrbshH-XQ,UChKYbZ9fSz8DMM6wU-t1lMQ,2026-08-16 11:29:11,18333,484,12,119.77,120.02,0.02,0
NAJsvEYkQZo,UCgjaQlejpAnIu0q-xtVfTEw,2026-08-30 00:00:18,71166,512,54,119.76,120.01,0.01,0
NAKjHi6VTqw,UCCd3jyJmOFzkJEMj5Bp89rw,2026-07-23 16:40:48,9695,459,15,119.82,120.07,0.07,0
NAPMifqnpcU,UCBtJuwDt6LlXp2YASC-ZMdA,2026-08-17 03:00:09,356,2,0,120.0,120.0,0.0,1
NARVl3Mf5rw,UCms8Ge7H1ZGgw6nV94fUhUQ,2026-07-16 09:00:35,7680,108,16,119.99,120.24,0.01,1
NAfcWm-66Ko,UCwfbSsZ7_sccxcibe60mWlQ,2026-08-31 15:00:20,77424,474,36,119.76,120.01,0.01,0
NAioWNpCExM,UCdK9h1ILxS49c2LguBUY3rw,2026-07-27 12:00:04,2,2,0,120.0,120.0,0.0,0
NAjTImUkmGU,UClFxbDnu3-z8B002ns6JnBQ,2026-08-23 21:00:39,2,0,0,120.0,120.0,0.0,1
NAqcUuME474,UC9nWoDbRAl3-fvreBNeStKQ,2026-08-20 10:29:48,2403,34,0,119.76,120.01,0.01,0
NAxLOLiQ-VM,UCVnp5Jumir-XIyeejktUhlg,2026-08-27 07:14:01,56121,187,50,119.78,120.03,0.03,0
NAxr6DsB0ww,UC2WBkFH1nHcO6aFLWo6sZQg,2026-08-30 14:28:54,3624,115,2,119.78,120.03,0.03,0
NB-D2X4PT7s,UCkphwoGMBs2_0raLOqu9aQw,2026-08-27 12:00:39,381,5,11,120.0,120.0,0.0,0
NBADeEycyeM,UCpcTrCXblq78GZrTUTLWeBw,2026-08-10 16:30:25,335030,9926,254,120.0,120.0,0.0,0
NBBjuMKLvTc,UCAVR6Q0YgYa8xwz8rdg9Mrg,2026-07-31 13:14:17,253054,12538,176,119.76,120.01,0.01,1
NBDMer5bEYA,UCrR_fhiJjoW8OJFzUcmlMMA,2026-08-06 07:30:07,8119,103,17,120.0,120.0,0.0,0
NBJl0tWJtnA,UCawK5EIfr66Z7fjAlZgfB2g,2026-08-01 14:14:21,25244,,20,119.76,120.01,0.01,0
NBKHoHr-9xE,UCv1tOT645xHOJrwdGlzjMaA,2026-08-29 11:39:48,54535,274,67,119.85,120.1,0.1,0
NBQiT5_sq28,UCOgXOOKbZRtfQvlggBpN6zw,2026-08-11 05:50:18,3704,19,15,119.91,120.17,0.09,1
NBRQL5i_xEw,UCp9skQ2mP_DfVL8c3gZQUzg,2026-08-12 11:42:59,52244,196,30,119.79,120.04,0.04,1
NBhg5P1W2Lg,UCJDXc9JWCZo-nLNKr_-L2Ng,2026-07-25 19:00:28,5617,216,12,119.99,120.24,0.01,0
NBiWAVk8hMk,UCNZiNM2pP6uhIlTQVS2Q5fA,2026-07-25 09:00:18,168163,2214,96,120.0,120.0,0.0,1
NBroeOPD948,UC8CIM3d3zDYMk-3T5aAz0yw,2026-07-23 07:45:30,295145,7473,156,119.99,120.24,0.01,0
NC0SYBLKhYo,UC6YKLXN1w8pyqFwCO0UJ9sw,2026-08-25 07:00:15,5072,53,27,119.76,120.01,0.01,0
NCDM5zt5Dcw,UCwfbSsZ7_sccxcibe60mWlQ,2026-08-28 03:57:05,24329,34,19,119.81,120.06,0.06,0
NCKtDHim374,UCgLFbrC7-g0ihBKB0obVPTg,2026-08-07 16:12:56,0,0,0,119.79,120.04,0.04,0
NCQfppA5Ypw,UCQ5KMP03ifjJ8mDeyjWeZ7g,2026-07-23 11:50:54,5085,58,6,119.9,120.16,0.1,0
NCWI_0eP9Dw,UCPGl9DV2WUgaqGVXtVrhJWQ,2026-08-10 13:59:03,2,0,0,119.77,120.02,0.02,0
NCXxproUhsA,UCifCesg-EUkjKyQedaB3hRg,2026-07-31 03:40:43,1990,34,4,119.82,120.07,0.07,0
NCw4TCp3qug,UCby0vMKcLR05ZdS90aZd5og,2026-07-31 23:47:59,426,4,3,119.95,120.2,0.05,0
NCzNrf6MjK8,UCa2liSwjQST4AGcg6LFQakQ,2026-07-25 04:00:00,1274,7,0,120.0,120.0,0.0,1
ND1xmtGr9yY,UC-FiQR2gg8oiNw98ZdsSX6Q,2026-07-27 04:00:17,1109,16,0,120.0,120.0,0.0,0
NDDHmGw9i4A,UCZ-UuK86Bk5sGzQQ2cEglJQ,2026-07-11 08:23:19,108744,1382,45,119.86,120.11,0.11,1
ND_ra6FioD0,UC4VWaR3R17Ruc7j1Cy1-PKQ,2026-08-17 11:07:19,30,4,4,119.88,120.13,0.12,0
NE3_N6lTdrI,UCnhGcri8x6xhehanhAe9ipw,2026-08-21 15:06:34,66404,313,124,119.9,120.15,0.1,0
NE5wlOtl34M,UC_m_uqd_9s0hZvlgfvCzqbQ,2026-08-17 23:52:22,807,37,2,119.88,120.13,0.12,0
NE6Y41XmExI,UCYM01qjjE_hmqFQAmOo-lNg,2026-07-22 15:58:08,568,9,0,119.78,120.03,0.03,0
NEALH0giUjk,UCAl4HWznMn7KhKBRFO5eiFA,2026-08-13 13:29:03,12182,61,5,119.77,120.02,0.02,1
NEIqRZj1Ouc,UC2yOBpLVwB7kzt9C5ZPbB7w,2026-08-30 04:00:28,171183,2602,39,119.75,120.01,0.01,1
NEJruWLgiTE,UCkavlo6q2XfO_MA9Q24wRvw,2026-07-29 05:53:53,123,0,0,119.86,120.11,0.11,0
NEVaLagU5rc,UCZ_xE8U6MVnpwefrYvl2uvA,2026-08-13 09:00:16,250,6,4,120.0,120.0,0.0,0
NEa5PFzOR0k,UCbaRH9U2BEFwhJiodE3qTpQ,2026-07-31 08:59:06,16128,541,8,119.77,120.02,0.02,1
NEge_b_ldyU,UC08-hQbwh7eyr8PlaYG2-sQ,2026-07-11 10:00:35,15392,219,172,119.99,120.24,0.01,0
NEySIMeCKnw,UCJYdIDfGkqXTsQq5aW4md0Q,2026-08-07 03:02:46,165,3,0,119.96,120.21,0.04,0
NF33xdYgDn8,UCQfISxq5legTqOt1h1us6lg,2026-07-31 18:18:26,2199,6,0,119.95,120.2,0.05,0
NF65x8Vtl08,UCAJ-meoCh1TrPZ7La3UpPrw,2026-08-12 08:36:04,133935,3546,75,119.9,120.15,0.1,1
NFTrjpnxi2U,UCOTJtP0Z9DjpPU43B5m1V6A,2026-08-02 12:00:06,290165,2067,72,120.0,120.0,0.0,1
NFUS6kd19ds,UC_RRZdJk55ShXE-9d3deRUA,2026-08-03 16:43:14,10332,67,2,119.78,120.03,0.03,0
NG1SR47da5o,UCV7WE8I_UiAN0fa6Arezx_w,2026-08-15 15:00:27,19,1,0,119.75,120.25,0.25,0
NG3OWSMTuaw,UCBTsPtRCh6ln3IRQFjhjh1A,2026-07-23 09:00:00,293738,1481,176,120.0,120.0,0.0,0
NG4t5wakWf8,UCVqmxk6oNOHj9RFVo4uP_lw,2026-08-25 04:00:20,18085,305,3,119.76,120.01,0.01,1
NG6uOWGSMt0,UCnCFD3met1Ip7OngdF9TRDg,2026-08-06 03:29:01,6035,83,8,119.77,120.02,0.02,0
NG7mDAfUQ7s,UCXCa03lRK6tlntZoJ7TUWRw,2026-08-05 02:00:19,27606,528,74,120.0,120.0,0.0,0
NG8W69uyWDM,UCw1DsweY9b2AKGjV4kGJP1A,2026-07-10 10:11:48,4410,17,7,118.57,122.43,1.43,0
NG9zH8a6Sj0,UCe-7GwWL1XNlCJyfqBhgrHA,2026-08-15 09:03:30,20384,793,15,119.95,120.19,0.05,1
NGCJ0fvpmu4,UCooLkG0FfrkPBQsSuC95L6w,2026-08-22 08:00:13,41625,591,33,119.76,120.01,0.01,1
NGElKev1NXA,UCbItyvYa6cqvqtwlU2E9-wA,2026-08-09 22:19:10,5633,325,7,119.93,120.18,0.07,0
NGF_BwODcPg,UCv1tOT645xHOJrwdGlzjMaA,2026-07-30 14:12:01,165357,4200,78,119.8,120.05,0.05,1
NGKUGYExrZA,UCzRPPKLkNxjD2of-0Xxfnjw,2026-08-07 03:43:30,5065,27,6,119.78,120.03,0.03,1
NGSqbZWZDr4,UC6JB_a6rD1lZ_aZgQvORfrQ,2026-08-16 22:47:31,2821,37,26,119.96,120.21,0.04,0
NGlNyBGkxaA,UCtjBNJ4UbuWGLe-415urMOw,2026-07-11 03:00:33,83965,1838,188,119.99,120.24,0.01,0
PiSooH757xk,UCZaNYFjF_SRRJPVuGX7yMjQ,2026-08-03 10:01:14,5,2,0,119.98,120.23,0.02,0
PiYcKSb3zDg,UCI3DTtB-a3fJPjKtQ5kYHfA,2026-08-10 15:00:19,3563,59,1,120.0,120.0,0.0,0
PimAvUydrMY,UCr4WCOxirRA-BzVu-MH_WqQ,2026-07-15 10:00:26,29949,123,10,120.0,120.0,0.0,1
Pixg-03-10w,UCE8JC9RAVSudDT_8Ji1fuPQ,2026-07-18 08:45:27,38747,530,43,119.99,120.24,0.01,1
PjL4px3aEy0,UCgLFbrC7-g0ihBKB0obVPTg,2026-08-03 19:15:19,64,2,0,120.0,120.0,0.0,0
PjSb1zdnnkM,UCIzbqIyEUxtFLYh_sCDoXpw,2026-07-27 14:26:23,14795,121,31,119.81,120.06,0.06,0
PjZh7EL1dGs,UCYS2NvZlSjrxZfnn1v7b3QQ,2026-07-30 16:05:39,6,0,0,119.91,120.16,0.09,0
Pj_G-o9hGUI,UCt8CJiye87FMbEwt0npPMuQ,2026-08-27 12:30:01,13449,424,26,119.76,120.01,0.01,0
PjaDF3pibiE,UCt8CJiye87FMbEwt0npPMuQ,2026-08-25 19:05:20,85258,965,74,119.92,120.17,0.08,0
Pjq4eCCMOxg,UCKVt3arMXfa6XZezR1UnjqQ,2026-08-27 09:00:39,7161,42,2,120.0,120.0,0.0,0
PjubGLfx214,UCIOY-akTwtohcU0QB5ksjaA,2026-08-22 05:40:32,151,2,0,119.83,120.08,0.08,0
Pk-W1DhKFMU,UCw1DsweY9b2AKGjV4kGJP1A,2026-08-30 07:30:17,50712,326,10,119.76,120.01,0.01,1
Pk41F9BnfXI,UCPuD5ZRQWa_JCaY5NokNhtg,2026-08-10 01:41:53,836,3,4,119.8,120.05,0.05,0
Pk7iicHf3Ak,UCNrQ0VbdprXAur6OZKexjEw,2026-08-23 08:00:33,33598,576,59,119.75,120.01,0.01,0
Pk7ovTN0BQc,UCqPN9LAkx20aBWOafwvQB-Q,2026-08-21 23:00:00,199575,7239,612,119.76,120.01,0.01,0
PkTlvrOxS-E,UCby0vMKcLR05ZdS90aZd5og,2026-08-30 08:56:33,3639,6,0,119.82,120.07,0.07,1
PkeNckIk6ak,UCnDcpS7XLQ9KFPqULb9TH8g,2026-07-31 10:27:41,134142,1744,155,119.79,120.04,0.04,0
PkgG3DjyqmY,UCabScupufwcOzAdcVXZrmlg,2026-07-17 10:58:58,19681,445,105,119.77,120.02,0.02,0
Pkhn2Ev0FOE,UC9nWoDbRAl3-fvreBNeStKQ,2026-07-23 07:15:21,29269,531,64,120.0,120.0,0.0,0
PkkFa2gsJtQ,UCaN1Qp37sHiCdQuSaXa3fVw,2026-08-18 07:00:09,315119,,46,119.76,120.01,0.01,1
Pkt4ew4vdo8,UCgLFbrC7-g0ihBKB0obVPTg,2026-08-05 15:46:15,230,6,2,119.98,120.23,0.02,0
PkuGPs18zLo,UCepHesz_5Lwr7qRaqjB-p1A,2026-08-18 08:00:39,88792,1757,463,120.0,120.0,0.0,0
PkxtP2dLApc,UCt8CJiye87FMbEwt0npPMuQ,2026-08-18 16:00:16,3737,166,14,119.76,120.01,0.01,0
Pl4d2zioNOU,UCJj2vuQIpFnk5pbTAtCi3yw,2026-08-04 08:30:37,18481,297,67,119.99,120.24,0.01,0
Pl61FpmNlGo,UCN9VGDvz2M3vdR0czEUp6lQ,2026-08-14 22:00:04,3475,54,45,120.0,120.0,0.0,0
PlKfxSnys9E,UCbItyvYa6cqvqtwlU2E9-wA,2026-07-27 21:41:40,7490,527,52,119.81,120.06,0.06,0
PlL4IDytpww,UC59jWhPazXYi8Ny4vake45A,2026-08-18 10:32:47,103619,2527,25,119.96,120.22,0.04,1
PlO2W-prShU,UC783XWULPW-nDGv_0EYlB6Q,2026-08-29 09:30:15,50173,1269,27,119.76,120.01,0.01,1
PlQPncdXJ6o,UCQuY08EEKLFOp0D37Sfpd0A,2026-08-07 03:30:18,113245,1124,21,120.0,120.0,0.0,1
PlfkbEShHdc,UCMF3M48BakI-ptofqoUqdAA,2026-08-09 14:05:51,4253,91,44,119.91,120.15,0.09,1
PljA2jmRoso,UCFQWqbfZ-iEG3K_DRgHwnCw,2026-07-30 02:03:20,12,1,2,119.95,120.2,0.05,0
PltZvlSQysw,UCpwGBltfwjd_fIzp5cb5R0w,2026-08-11 00:30:17,736396,9566,196,120.0,120.0,0.0,1
PmIs1bOM17E,UCBA9XaL5wCdHnC5EmEzwrqw,2026-07-21 11:00:25,312576,1281,181,119.99,120.24,0.01,0
PmP4DfIfnu8,UCZ6mNZTiTUrUSbSYPlclI4A,2026-08-11 10:06:44,30247,821,27,119.89,120.14,0.11,1
Pmc4RV1QHQE,UC2t5bjwHdUX4vM2g8TRDq5g,2026-07-11 15:42:14,32048,363,14,119.8,120.05,0.05,1
PmnrbWPpuLU,UCBvkOBLsSj9kusGYlroQkBg,2026-07-31 13:15:29,106766,575,39,119.99,120.24,0.01,0
PmyKcqvCZXg,UCBmAvrPyyiohq552LjQvPww,2026-08-06 09:15:30,70499,886,36,119.99,120.24,0.01,1
Pn8fGC_MM0Q,UCawK5EIfr66Z7fjAlZgfB2g,2026-08-08 01:54:13,4932,,0,119.85,120.1,0.1,0
Pn8xJ27eUp8,UCBTsPtRCh6ln3IRQFjhjh1A,2026-08-06 09:00:37,15968,89,3,119.99,120.24,0.01,0
PnAvWbUZRCU,UCz4b1O9sT73P8DWwx6OvQwg,2026-08-09 12:50:55,86710,1631,22,119.9,120.15,0.1,1
PnCrGHNx6oc,UCdZrsVZ3QolU1TWFaDgN2ww,2026-07-24 01:47:40,3649,121,13,119.96,120.21,0.04,0
PnFUiq8m9os,UCpcTrCXblq78GZrTUTLWeBw,2026-07-12 21:00:10,2486987,20331,953,120.0,120.0,0.0,0
PnI2u_965pE,UCV6mNrW8CrmWtcxWfQXy11g,2026-07-31 08:00:33,35408,1317,34,119.99,120.24,0.01,1
PnMz-v0B_eg,UCOLDn9gw0yegXRgjoi5MzNQ,2026-07-25 17:55:42,127,2,0,119.82,120.07,0.07,0
PnRcJ6XFLKk,UC2yOBpLVwB7kzt9C5ZPbB7w,2026-08-03 04:00:04,78379,948,12,120.0,120.0,0.0,1
PneyNuMqPGY,UCV7WE8I_UiAN0fa6Arezx_w,2026-08-08 15:00:26,19,1,0,120.0,120.0,0.0,0
Pnp-J2iTgUY,UC5Yx9RlmznXDUEIrfoSqheA,2026-08-08 14:39:13,4464,30,0,119.85,120.1,0.1,0
Pnp6RDKjV2g,UCt8CJiye87FMbEwt0npPMuQ,2026-08-15 12:00:30,19006,496,22,120.0,120.0,0.0,1
PnusjuyAZGU,UCdb5lyq0tWbY3jqH35SufmA,2026-08-08 22:30:19,42955,163,46,120.0,120.0,0.0,1
PoFasN6pfig,UC-StHq1pWM-t4XS9ycZpn9w,2026-07-24 01:07:03,8517,145,33,119.88,120.13,0.12,0
PoRuLfc_gmg,UCKVt3arMXfa6XZezR1UnjqQ,2026-07-23 09:00:21,3541,40,7,120.0,120.0,0.0,0
PoZaS_khqxc,UCDHGqgpiHQAsE0UiltRqhfQ,2026-08-25 09:41:45,29489,61,46,119.82,120.07,0.07,0
PoogGcJjsFU,UC8CX0LD98EDXl4UYX1MDCXg,2026-08-17 13:00:09,450711,17787,1187,120.0,120.0,0.0,0
PoyHIDKHUTg,UCBidluUUxzT_5jVOI_2x2MQ,2026-07-27 03:00:22,124,6,3,120.0,120.0,0.0,0
Pp3JtfYs350,UC_9W6Z5Y3lDpLk47Y_y5ITQ,2026-07-23 22:50:32,18279,214,6,119.91,120.16,0.09,0
Pp5hiGXPgZw,UCUt2AEhC-OOC2EPCzj4DkCw,2026-08-10 23:48:26,61486,692,23,119.95,120.2,0.05,1
PpKXQg3e6aY,UCY_vDlvG-BTDRIOk_I9QQ6g,2026-07-23 15:47:28,656,13,0,119.96,120.21,0.04,0
PpUuScFKon0,UC5WN-znPsJK0BbA8aHxZHWQ,2026-07-28 11:00:14,13279,472,8,120.0,120.0,0.0,0
PpX0PXLzerE,UC9nWoDbRAl3-fvreBNeStKQ,2026-08-11 21:15:33,10298,173,22,119.99,120.24,0.01,1
PpYDwBkKxDE,UCWVS5IJOkNnkKS5rjiAt9rw,2026-08-15 17:33:44,8520,73,1,119.94,120.19,0.06,0
PpwQevTLuB4,UCVipGmBXqbYKNODNzVCN86w,2026-08-28 01:00:02,18670,227,3,119.76,120.01,0.01,1
Pq6IA9g-fVk,UC783XWULPW-nDGv_0EYlB6Q,2026-07-16 09:30:05,43335,889,19,120.0,120.0,0.0,1
Pq73jdBT00M,UCZCZHg_oJiHcrcj2vaPRCag,2026-08-18 09:00:03,450,0,0,119.76,120.01,0.01,1
Pq8hWkNtyZY,UCFrKhWvZ8oeJQTNP5ZabgJw,2026-07-26 11:08:16,545742,3286,320,119.86,120.11,0.11,1
PqL2GlLEXsw,UCV7WE8I_UiAN0fa6Arezx_w,2026-07-15 08:00:23,20,0,0,120.0,120.0,0.0,0
Pqhe6Mi8sUs,UCuCmLrNT5MbpqfrSSKHqTug,2026-08-31 13:39:54,30445,233,18,119.85,120.1,0.1,1
PqkPd32qxhA,UCyAA-Vj4ORjXl5Ui2m6_Llw,2026-07-23 09:00:20,16404,89,13,120.0,120.0,0.0,0
Pqqx0NLbSFI,UCifCesg-EUkjKyQedaB3hRg,2026-08-17 00:54:36,6729,65,1,119.84,120.09,0.09,0
Pr7lcr95yX8,UC4cKHOBS-nRfKFTwf1n8HGA,2026-07-26 10:57:18,1761,,0,119.8,120.05,0.05,1
PrHT13bw_5w,UCBidluUUxzT_5jVOI_2x2MQ,2026-07-28 03:00:12,1662,7,1,120.0,120.0,0.0,1
PrVoUyDUea0,UC5T_FfQwgy56XP0aEVHYULQ,2026-08-28 12:30:12,51360,299,23,119.76,120.01,0.01,0
Pr_hADEWbpA,UCPGl9DV2WUgaqGVXtVrhJWQ,2026-07-15 15:00:02,203,1,0,120.0,120.0,0.0,0
Prjem5SEuy0,UCdcjduaR6hyGHVNmpbJzSsw,2026-08-07 15:56:52,1963,26,1,119.8,120.05,0.05,0
PrnnM_7mpY8,UCNmN3W2H0r5_hV2drzbEn7Q,2026-07-16 14:59:56,16158,115,0,120.0,120.0,0.0,0
PrzgMRSoGlA,UCn3lLusvOTVdtxZi0EHlSTw,2026-07-29 02:59:37,522,11,0,119.76,120.01,0.01,0
Ps6O2EPrqfg,UCE8JC9RAVSudDT_8Ji1fuPQ,2026-07-28 08:45:27,98483,1403,114,120.0,120.0,0.0,1
PsFKyS7EhmQ,UCppLE7C1TC4ovrGbRoTzsmg,2026-07-31 02:00:29,3416,72,24,119.99,120.24,0.01,0
PsczY599I9w,UCyoSQyaCrZHro6F_nBiXIYg,2026-07-14 05:48:10,139607,865,99,119.95,120.2,0.05,0
Pseoe3d0EzU,UCrD6viwK0DHbQuZSOZBbofg,2026-08-04 15:24:04,29027,354,47,119.86,120.1,0.1,0
PshO_LpTUNU,UCZaNYFjF_SRRJPVuGX7yMjQ,2026-08-12 06:49:44,10,1,0,119.92,120.17,0.08,0
PsnPlc2CBLU,UCpcTrCXblq78GZrTUTLWeBw,2026-07-17 00:30:32,540159,3285,161,119.99,120.24,0.01,0
SLUKUrSIjPQ,UC2_VPutZK0o_tG8ca_QrQRA,2026-08-05 12:29:05,32384,,80,119.77,120.02,0.02,0
SLYbbqeEBEQ,UCdK9h1ILxS49c2LguBUY3rw,2026-08-11 11:15:29,2,0,0,119.99,120.24,0.01,1
SLZzYJycP5A,UCbFLnCfOet-u_kFyA7uX-9Q,2026-08-01 15:00:10,40238,369,16,120.0,120.0,0.0,1
SLlwjPHDOsk,UC-aXNBQ6nwMNeW2V8XB7sBg,2026-07-15 01:00:03,95248,846,49,120.0,120.0,0.0,1
SLnwdvZEyBY,UCPsZX-D7LW99PjZLA-UysPQ,2026-08-10 06:00:16,2091,27,5,120.0,120.0,0.0,0
SLrxzMnZBCM,UCqVkQsNin4MdGFrWvzFVOKw,2026-08-24 15:15:22,11696,330,0,119.76,120.01,0.01,0
SLvc6DMSJkg,UC_E_qYfGKM3C0kqrp1p8z7Q,2026-07-28 17:00:33,244,1,2,119.99,120.24,0.01,1
SLzUTwwCFR0,UCrGNa63AQ-rcINIoE_UqdxA,2026-08-13 00:55:17,27,1,3,119.83,120.08,0.08,0
SM7dqL3fzFA,UCt15X5eHLwyP8PpNtQTkuDQ,2026-08-23 07:13:00,308393,1768,398,119.8,120.05,0.05,0
SM7g6D7LlFY,UCMCgtTicwOhae1N8VCokkvw,2026-08-28 12:31:06,1307,2,1,119.99,120.24,0.01,1
SMAqlYsh_ek,UC4VWaR3R17Ruc7j1Cy1-PKQ,2026-08-25 10:51:16,159,4,0,119.91,120.16,0.09,0
SMH6NBz2XAg,UCyU5JQ8KVRD9jE4E_xLsHxw,2026-08-26 09:00:26,102,0,0,119.75,120.01,0.01,0
SMPjRoEZwbE,UCFrKhWvZ8oeJQTNP5ZabgJw,2026-08-03 13:00:05,194390,1729,102,120.0,120.0,0.0,1
SMSmALaMlTA,UC2k1bSUZ4X02jMs_sTS9jiQ,2026-07-27 12:00:06,7091,123,10,120.0,120.0,0.0,0
SN2I3QTH1ng,UC-S8JFhLkQ5enhB70c2CYIw,2026-08-23 11:05:30,82236,2381,242,119.92,120.17,0.08,0
SN9su14kXCU,UCWjfI3wnNOgQCTu2SijfgMg,2026-08-16 19:33:37,4466,70,6,119.94,120.19,0.06,0
SNFdisPGKuw,UC783XWULPW-nDGv_0EYlB6Q,2026-08-01 09:30:07,69108,1309,29,120.0,120.0,0.0,1
SNLPRhBorI0,UCV7WE8I_UiAN0fa6Arezx_w,2026-08-12 13:00:07,30,2,0,120.0,120.0,0.0,0
SNR4ARvBSLg,UC8aCmG_y4DqqVI9Xlcym1Jg,2026-08-03 16:08:19,8419,199,15,119.86,120.11,0.11,0
SNSL0BR9pQk,UC2yOBpLVwB7kzt9C5ZPbB7w,2026-08-29 20:00:14,273941,3241,128,119.76,120.01,0.01,1
SNTGn4K1SOg,UCkavlo6q2XfO_MA9Q24wRvw,2026-08-27 07:51:51,7939,10,1,119.9,120.15,0.1,0
SN_yPX_JeZM,UC_m_uqd_9s0hZvlgfvCzqbQ,2026-08-23 12:12:46,1064,0,0,119.8,120.05,0.05,1
SNhoA3rwNZ8,UCBmPfbqvGwTTfrV-H_UOfdw,2026-08-11 04:13:40,2440813,30172,67,119.78,120.03,0.03,1
SNj-lHzKPME,UC4P7F8qenDo1O_5NvgBb_cg,2026-07-28 02:30:05,112087,1117,104,120.0,120.0,0.0,0
SNrv7LkE8WA,UCZ-UuK86Bk5sGzQQ2cEglJQ,2026-08-18 10:30:21,157927,1560,157,120.0,120.0,0.0,0
SO6dgnAIB5E,UCHZ9X2Nl3dq8ChEJgScmZCw,2026-07-26 14:44:29,36673,325,81,119.76,120.01,0.01,0
SO8GS_jaqwo,UCPGl9DV2WUgaqGVXtVrhJWQ,2026-08-17 15:00:16,8,0,0,120.0,120.0,0.0,0
SO9tzjoqhkw,UCV7WE8I_UiAN0fa6Arezx_w,2026-08-28 13:00:11,206,0,0,119.76,120.01,0.01,0
SOJDWgNXLmg,UCgLFbrC7-g0ihBKB0obVPTg,2026-07-29 14:07:15,154,7,0,119.88,120.13,0.12,0
SOc-NOSGX9g,UC9qwDE50UcXvdplRNZKEoPA,2026-08-02 02:00:11,57517,1781,163,120.0,120.0,0.0,1
SOk95m8OkaA,UCkNUuK9EfixaK2HbJYZ5YrQ,2026-08-14 15:52:58,5911,208,50,119.87,120.12,0.12,0
SOo9kCPJzkQ,UCAl4HWznMn7KhKBRFO5eiFA,2026-08-06 10:41:04,9869,24,0,119.82,120.07,0.07,1
SOvd2FPHDTg,UCV7WE8I_UiAN0fa6Arezx_w,2026-08-09 13:00:05,48,0,0,120.0,120.0,0.0,0
SP-Ifsm0KOU,UC9DNu8JRIcE-rpo9eBx1ffw,2026-08-22 09:12:24,1133,5,9,119.8,120.05,0.05,0
SP8I8VZZ_l4,UCUbOogiD-4PKDqaJfSOTC0g,2026-07-28 11:00:04,90248,608,151,120.0,120.0,0.0,0
SPIl544kKMg,UCXu_CcxBZA5S_iG33OzA9PQ,2026-08-07 11:15:31,12577,155,19,119.99,120.24,0.01,1
SPONDKZCwAQ,UCi8fe6P0_tLeZ1r31wOydvw,2026-07-24 04:00:31,3125,17,1,119.99,120.24,0.01,0
SPYSbaG7Od4,UCY_vDlvG-BTDRIOk_I9QQ6g,2026-08-14 20:02:18,2217,28,2,119.96,120.21,0.04,0
SQ1P5S4VpFY,UC_Xb6sEXAdNv9nHU4988vmg,2026-08-24 10:00:28,611947,,2,120.0,120.0,0.0,1
SQ8kjqCPSf4,UCpcTrCXblq78GZrTUTLWeBw,2026-07-12 05:13:50,21450959,258726,2012,119.77,120.02,0.02,1
SQCPVEvHWEo,UCV6mNrW8CrmWtcxWfQXy11g,2026-08-13 16:00:39,9599,600,15,119.99,120.24,0.01,1
SQIAdh6ywtI,UCZRH94I89Ps7giJYeK6DlWA,2026-07-21 03:00:20,78007,878,128,120.0,120.0,0.0,0
SQIVyKkLtVY,UCoSniqkitCpxlHrQd5L8A1w,2026-07-10 11:02:57,11213,87,3,117.72,121.57,1.57,1
SQNiIzE2vkE,UCrR_fhiJjoW8OJFzUcmlMMA,2026-07-21 10:00:08,6283,58,6,120.0,120.0,0.0,0
SQOyiFVws-E,UCYGK33LxFlgh9QtmvCYMR3A,2026-08-09 03:00:20,19466,310,42,120.0,120.0,0.0,0
SQ_8v9tSr88,UCt8CJiye87FMbEwt0npPMuQ,2026-07-24 14:00:14,33346,2363,175,120.0,120.0,0.0,0
SQcM3Yi_T2k,UCt8CJiye87FMbEwt0npPMuQ,2026-07-17 20:00:07,2164,74,7,120.0,120.0,0.0,0
SQdMzPjmDW8,UCqyzJW0VRYRP_sFELZYdxGg,2026-08-28 11:12:14,7934,27,18,119.81,120.06,0.06,0
SQrGfBQCjg4,UCElXDMEQqlUnuyDbChjARWQ,2026-08-02 10:03:34,1258,1,0,119.94,120.19,0.06,0
SRDRq190M-Y,UCpcTrCXblq78GZrTUTLWeBw,2026-07-17 21:46:56,176538,757,27,119.97,120.22,0.03,0
SRNKR2fB8AE,UCt8CJiye87FMbEwt0npPMuQ,2026-08-26 19:32:20,58192,708,43,119.97,120.22,0.03,1
SRekcaTzKDs,UC4VWaR3R17Ruc7j1Cy1-PKQ,2026-08-08 09:26:10,240,6,2,119.82,120.07,0.07,0
SRpREz_tx-0,UCV7WE8I_UiAN0fa6Arezx_w,2026-08-16 09:00:37,48,0,0,119.99,120.24,0.01,0
SRwQYILgYTI,UCdcjduaR6hyGHVNmpbJzSsw,2026-08-16 21:21:31,9985,89,4,119.89,120.14,0.11,0
SS4gp7q9X7g,UCAl4HWznMn7KhKBRFO5eiFA,2026-07-21 13:39:54,19896,53,0,119.84,120.09,0.09,1
SSDrfQm30Eg,UCbeQg95cAxVRsxxh6FyilxA,2026-07-23 10:47:26,4539,55,4,119.96,120.21,0.04,0
SSIScR7Ygmk,UC0FUMakBJHsRrfKCGQuWnRA,2026-07-26 10:29:27,73497,702,245,119.76,120.01,0.01,0
SSSCb9Ahr9M,UCl-VnCUwSxDr5zPu-YlDUYw,2026-08-28 08:00:16,104402,1014,39,119.76,120.01,0.01,1
SSSjA9LOKQg,UCF-rFAdN7dzd-SI2T3rkCaQ,2026-08-27 08:46:49,53722,308,52,119.98,120.23,0.02,0
SSu_ax-RlUw,UCc1VJX_5Z2RdGi58XU4IfbA,2026-07-27 05:00:30,707,17,0,119.99,120.24,0.01,0
SSz4mtMjaHw,UCvUKUkIM67eWFbQemjj2-eA,2026-07-21 12:00:32,64845,1634,73,119.99,120.24,0.01,0
SSzVcEVVUXI,UCBo7GIv99qTzHaa6ip09YLA,2026-08-02 16:39:15,49,1,0,119.85,120.1,0.1,0
ST1IoKa-3vs,UCBmAvrPyyiohq552LjQvPww,2026-07-20 09:15:08,2633,41,9,120.0,120.0,0.0,1
ST3mrZcao8o,UCwBkHOTyu57NQi0syf5MLig,2026-08-02 00:00:08,737033,5037,178,120.0,120.0,0.0,1
STEvuI2ge9Q,UCt8CJiye87FMbEwt0npPMuQ,2026-08-12 16:00:16,3285,90,31,120.0,120.0,0.0,0
STJmi1H8m6Q,UCgLFbrC7-g0ihBKB0obVPTg,2026-08-12 13:19:01,103,6,0,119.94,120.19,0.06,0
STdCwU9EOQY,UCmcBe97VA2LqVEQUeeZl6Ew,2026-07-28 09:00:23,148087,856,120,120.0,120.0,0.0,0
STdsASFO9kM,UCdK9h1ILxS49c2LguBUY3rw,2026-08-30 22:00:13,52,3,0,119.76,120.01,0.01,0
STgSQnKsWYQ,UCVipGmBXqbYKNODNzVCN86w,2026-08-31 23:06:23,12341,280,14,119.91,120.16,0.09,1
STx3jGH-TC4,UC9qwDE50UcXvdplRNZKEoPA,2026-08-17 01:58:16,21456,504,35,119.78,120.03,0.03,1
SU97YbsBMdE,UCSfhr4gDPFsKuwdmTOWp2jw,2026-08-16 09:30:01,126,2,0,120.0,120.0,0.0,0
SU9Eov35j2A,UCdVIcHpdbEQc65xwAxc_owQ,2026-08-07 16:09:55,24,2,0,119.84,120.09,0.09,0
SUp9nhhz22o,UCpcTrCXblq78GZrTUTLWeBw,2026-08-19 07:00:15,225351,689,37,119.76,120.01,0.01,0
SUyKqIUEfzI,UCw-JzmPsjRcbzJLncr4pIIA,2026-08-30 12:45:38,434055,3978,269,120.0,120.0,0.0,0
SV1bpCigqyI,UCV7WE8I_UiAN0fa6Arezx_w,2026-07-26 23:00:25,228,1,0,119.99,120.24,0.01,0
SV9-bm3pZxk,UCAVR6Q0YgYa8xwz8rdg9Mrg,2026-08-06 10:00:01,141361,4752,172,119.75,120.25,0.25,1
SVazgEvInX8,UCd6CX2LiQE2dEAPXwk2N0jg,2026-08-16 10:00:19,174061,1970,75,120.0,120.0,0.0,1
SW48bV9746M,UCt8CJiye87FMbEwt0npPMuQ,2026-08-18 13:45:51,3818,177,21,120.0,120.0,0.0,1
SWG8ZE_JEAU,UCU0-6z_KU9AShyR9J6gcFGw,2026-08-15 15:01:40,442,4,0,119.72,120.23,0.23,0
SWJAM2lC_gk,UC_m_uqd_9s0hZvlgfvCzqbQ,2026-08-23 12:12:59,1107,4,0,119.8,120.04,0.04,1
SWJTACfgEG8,UCdXpKf3aIenvWkMbF3EvcQg,2026-08-29 09:00:14,79777,614,306,119.76,120.01,0.01,0
KWirk669lwc,UC2yOBpLVwB7kzt9C5ZPbB7w,2026-08-04 04:00:05,63923,904,29,120.0,120.0,0.0,1
KWzmFqomNqw,UCdoTrHNHnoRbaQenxK5PEUg,2026-08-02 02:17:50,137,1,0,119.96,120.21,0.04,0
KX3myifucr8,UC0Zl_lyMoTbroBSNv7SpGuQ,2026-08-21 08:06:54,168406,,288,119.9,120.15,0.1,0
KXDuTGlkJ7k,UCawK5EIfr66Z7fjAlZgfB2g,2026-08-21 02:21:42,3545,,0,119.9,120.15,0.1,0
KXOT-xN0Umc,UC4P7F8qenDo1O_5NvgBb_cg,2026-08-26 02:30:33,87012,788,61,120.0,120.0,0.0,0
KXR5GDBJe_M,UCA9f2-9fUklMMOaz8vKW7Jw,2026-07-23 04:59:37,83,0,0,119.76,120.01,0.01,0
KXWZEk1PxnI,UCgLFbrC7-g0ihBKB0obVPTg,2026-08-12 12:48:33,189,2,0,119.94,120.19,0.06,0
KXauTlV716E,UCOaUTqrtz1yBBiwziVJEAmQ,2026-08-26 08:00:08,2876,12,33,119.76,120.01,0.01,1
KXe3qupIfKM,UCV7WE8I_UiAN0fa6Arezx_w,2026-07-25 07:30:14,285,0,0,120.0,120.0,0.0,0
KXwaKTcZ5lk,UCrExV5uWnC3-WUnUN2Ck8HA,2026-08-15 16:57:09,1681,35,2,119.55,120.05,0.05,0
KXxTapShdYk,UCuWDza8A_ntbjwBZgW0ZSNw,2026-07-30 04:01:52,89786,1158,45,119.97,120.22,0.03,1
KXzdfwTFUDo,UC6YqXiwCBfPvPTs3wXgWElQ,2026-07-22 03:29:09,1802,16,1,119.77,120.02,0.02,0
KY0mfWEuNs8,UCnCFD3met1Ip7OngdF9TRDg,2026-08-09 04:55:24,17921,168,17,119.83,120.08,0.08,0
KYEOwdltnfM,UCZ-UuK86Bk5sGzQQ2cEglJQ,2026-08-17 10:30:28,162913,1739,115,119.99,120.24,0.01,0
KYKCK-RfnKY,UCNu00qhYj4nPeMNdxuwV6sg,2026-08-29 10:51:20,2216,8,0,119.91,120.16,0.09,0
KYLuuYdpJbs,UCifCesg-EUkjKyQedaB3hRg,2026-08-03 03:04:21,757,23,0,119.93,120.18,0.07,0
KYNJEB1za08,UCM81CAJ2_Y42-bvK1OQnAAA,2026-08-21 15:56:59,202615,2257,357,119.81,120.06,0.06,0
KYNWQMFO0ks,UCpwGBltfwjd_fIzp5cb5R0w,2026-08-24 00:30:03,222026,2112,258,119.76,120.01,0.01,1
KYWEDRnrhS8,UCei_ecYpQqFjYhjLaDPr2Lw,2026-08-07 01:41:35,41,3,0,119.81,120.06,0.06,0
KYZSvuiz8Io,UC9vI-9WYQLXKI6n9XdXXo3g,2026-08-24 03:00:28,21222,147,30,119.75,120.01,0.01,0
KYrrAy3qQxw,UCw1DsweY9b2AKGjV4kGJP1A,2026-07-10 11:15:06,693101,,43,117.51,121.37,1.37,0
KYsCCTQ3tkg,UCV6mNrW8CrmWtcxWfQXy11g,2026-08-20 23:00:13,70591,2261,99,119.76,120.01,0.01,1
KZ-QlcIgCNY,UCFHUplScMiWTjJrtv4hxWmg,2026-08-25 10:58:15,70227,509,60,119.79,120.04,0.04,0
KZ0uWAy6xew,UCHbz27HAkCIQNw_G2Pa7XVg,2026-07-25 06:00:26,27986,403,57,120.0,120.0,0.0,0
KZ165dH-N9M,UCV7WE8I_UiAN0fa6Arezx_w,2026-08-28 14:00:39,110,0,0,120.0,120.0,0.0,0
KZ5O3nm7Agg,UCkcaRxpTcisadUeCbHOYTFw,2026-08-16 03:06:45,56841,722,196,119.89,120.14,0.11,0
KZ9CXLjaWMI,UCyU5JQ8KVRD9jE4E_xLsHxw,2026-08-17 09:00:20,20,0,0,120.0,120.0,0.0,0
KZCBBwo1IKQ,UC2WBkFH1nHcO6aFLWo6sZQg,2026-08-11 15:06:32,3777,172,4,119.89,120.14,0.11,0
KZLzBG0rlUA,UCb08r5yPoH-AqM7_XCL4Uhg,2026-08-01 23:29:54,88795,2636,124,120.0,120.0,0.0,1
KZTsoprtttQ,UCQJuZxeDv2P05YHcC-tIEVQ,2026-08-27 08:00:32,46823,280,24,120.0,120.0,0.0,0
KZUSR006AT8,UCgLFbrC7-g0ihBKB0obVPTg,2026-08-04 13:19:10,308,9,1,119.93,120.18,0.07,0
KZphWR9dWr8,UCgLFbrC7-g0ihBKB0obVPTg,2026-08-24 15:18:42,232,6,1,119.95,120.2,0.05,0
KZw8GOj47AQ,UCPuD5ZRQWa_JCaY5NokNhtg,2026-07-24 04:17:34,461,10,6,119.96,120.21,0.04,0
KZxP_m0ckC8,UCHCeN9BUgogMGrHBC6zKYvA,2026-08-22 06:11:56,4349,97,36,119.81,120.06,0.06,0
K_L-PwTAdi8,UCJNEIbzzpRl-l1iGdD2BxGg,2026-08-23 04:07:07,11008,85,22,119.89,120.14,0.11,0
K_bjb1tRjYM,UCuetAJhNx1unKTXo7e1c0xQ,2026-08-03 04:15:24,68528,728,206,120.0,120.0,0.0,0
K_mGpYymJOs,UCKrprPfevcAZpPuRnCO6xOA,2026-07-24 09:00:10,686,5,2,120.0,120.0,0.0,0
K_tb9bAK9HU,UCTUnpbuKoOODvhLhCO_kO_A,2026-07-30 09:37:47,532,7,0,119.87,120.12,0.12,1
Ka9nnpdrV80,UCVqmxk6oNOHj9RFVo4uP_lw,2026-08-08 06:13:52,0,0,0,119.77,120.02,0.02,0
KaCsEIXHh_4,UCv1tOT645xHOJrwdGlzjMaA,2026-08-28 12:18:34,57802,283,125,119.95,120.2,0.05,0
KaUJkknDDOo,UCeiDuGZqWT4iiIXRTfhM3qQ,2026-08-08 09:17:32,7249,174,1,119.96,120.21,0.04,0
KakFRn-GAs0,UC-FiQR2gg8oiNw98ZdsSX6Q,2026-07-30 15:00:06,2486,10,0,120.0,120.0,0.0,0
KamZdRALDlw,UCPGl9DV2WUgaqGVXtVrhJWQ,2026-08-18 15:00:38,2,0,0,120.0,120.0,0.0,0
Kanu4kV5qpg,UCPsZX-D7LW99PjZLA-UysPQ,2026-08-11 03:00:24,109,1,2,120.0,120.0,0.0,0
KaoT0jvGPNo,UCKrprPfevcAZpPuRnCO6xOA,2026-08-23 09:00:24,1459,16,3,119.76,120.01,0.01,0
KatC7YS63DA,UCCW6uYIUP4YKKe50k-ktVAw,2026-08-11 08:00:01,38979,591,43,120.0,120.0,0.0,0
KatVcCJmiGk,UC6LLMkdyses2ugPRNEXutMQ,2026-08-09 10:15:23,18024,145,9,120.0,120.0,0.0,1
KawFVfSrxpI,UCZaNYFjF_SRRJPVuGX7yMjQ,2026-07-31 03:16:26,6,1,0,119.98,120.23,0.02,0
Kb3oBVu93Ng,UCN5oT4zGJX-_H6pE5isAEeg,2026-07-26 22:00:14,399545,5397,415,120.0,120.0,0.0,1
Kb6915YBlf0,UCp6n8d8Y8r3MwKNw_MMaouQ,2026-07-22 22:19:44,285054,3101,14,119.93,120.18,0.07,0
KbCFRVLw2nU,UCjyXK9pWHwWR_-bRibFaWDg,2026-07-10 20:56:31,26337,317,32,119.81,120.06,0.06,0
KbLWLV1pWqs,UCNu00qhYj4nPeMNdxuwV6sg,2026-07-30 13:22:36,744,29,0,119.88,120.13,0.12,0
Kbex2Qn3owI,UCms8Ge7H1ZGgw6nV94fUhUQ,2026-08-09 03:00:06,20173,310,94,120.0,120.0,0.0,1
KbnqaIFth70,UC1sELGmy5jp5fQUugmuYlXQ,2026-08-22 10:00:07,2394768,167423,9160,119.76,120.01,0.01,0
KbvChSBKXBY,UCw1DsweY9b2AKGjV4kGJP1A,2026-08-21 10:00:14,3847,25,2,119.76,120.01,0.01,0
KbvswdNfvMs,UC-2wa6jvprl7hfCpvw0ULzg,2026-07-13 08:00:07,11104,332,28,120.0,120.0,0.0,1
KcR_mNrC-44,UCv1tOT645xHOJrwdGlzjMaA,2026-08-02 11:45:45,29459,227,163,119.99,120.24,0.01,0
Kca3Odb-Q54,UC4cKHOBS-nRfKFTwf1n8HGA,2026-08-09 11:27:25,2241,,0,119.8,120.05,0.05,1
KcuoTZh9g6Y,UCpwGBltfwjd_fIzp5cb5R0w,2026-07-30 12:30:23,267044,1629,281,120.0,120.0,0.0,1
KcvOfblv0-Y,UCJDXc9JWCZo-nLNKr_-L2Ng,2026-08-14 16:57:23,2287,89,8,119.8,120.05,0.05,0
Kd5kko6p5Ro,UCZFGZ_LhwgiTxaJzJ0QGdFw,2026-08-16 01:47:40,4465,17,0,119.96,120.21,0.04,0
Kd90okKfAI0,UCSzHok6X5qXEO7cjvVnE62g,2026-08-21 10:00:26,41952,227,59,120.0,120.0,0.0,0
KdKGIeiF7uQ,UCuXE-MdbuaZcPt_2J2kSsSQ,2026-07-25 06:26:50,13,2,0,119.8,120.05,0.05,1
KdOnfUZKbJQ,UC2k1bSUZ4X02jMs_sTS9jiQ,2026-08-26 09:00:06,12628,133,9,119.76,120.01,0.01,0
Kdlrwzqpbcc,UC5ScPjbt-a97AJO7SBj6nAg,2026-08-12 08:45:48,135449,3543,159,119.99,120.24,0.01,1
KdqibzvJZO4,UCJmnOEp1-OITEU0mk4icM5A,2026-08-04 05:00:17,485268,3864,134,120.0,120.0,0.0,1
KdrlDl_y1p0,UCbFLnCfOet-u_kFyA7uX-9Q,2026-07-28 15:00:03,50765,612,22,120.0,120.0,0.0,1
KdsHyTz0XJQ,UCV6mNrW8CrmWtcxWfQXy11g,2026-08-16 06:00:03,71355,3570,52,120.0,120.0,0.0,1
Ke5RjzGwG_U,UC0aKwoKNeqBaUwiEXmkQaGQ,2026-08-13 10:30:19,83990,1697,552,120.0,120.0,0.0,0
KeJo3eA-Jzo,UCi1Tln5CFg1yExpz8djyxjA,2026-08-21 19:03:55,1512435,43116,204,119.95,120.2,0.05,1
KeOOc1ZJcWE,UC43hOVGChFuQRV47vxc_c-g,2026-08-22 16:56:57,203,3,0,119.81,120.06,0.06,0
KeQo9d_yA7c,UCt8CJiye87FMbEwt0npPMuQ,2026-07-16 20:22:15,4893,288,21,119.88,120.13,0.12,0
KeS2npocbsQ,UCybfHuHkJRzGDymek2Dsqvw,2026-07-22 22:00:21,26637,503,88,120.0,120.0,0.0,0
KeT6rp4YgNE,UCFrKhWvZ8oeJQTNP5ZabgJw,2026-08-24 07:00:17,820118,7803,120,119.76,120.01,0.01,1
KeWoLxRxmLE,UCU0-6z_KU9AShyR9J6gcFGw,2026-08-27 00:19:49,220,3,0,119.93,120.18,0.07,0
KeaufABBPrc,UCcvKf8NxAw9i09hZw1MQPBQ,2026-08-27 09:00:10,474731,2235,841,119.76,120.01,0.01,0
KeeTRP0dzFs,UCCMQyaKDjQJY79VimTdaYYQ,2026-07-19 02:34:23,146564,705,420,119.93,120.18,0.07,0
KezldnyTVU0,UCBmPfbqvGwTTfrV-H_UOfdw,2026-08-30 16:09:25,87937,1100,24,119.86,120.11,0.11,1
Kf3CFjWB37g,UCab17MxxnFtAhGsJVTkSkCg,2026-08-03 08:18:39,5001,89,13,119.94,120.19,0.06,0
Kf3X8XakvHk,UC1dHu9GhbHH7RcHKyJdaOvA,2026-07-24 09:05:10,206248,780,330,119.92,120.17,0.08,0
KfE_56hz5VM,UCTmniSiCVyG_UKVCEa9PNKA,2026-08-06 01:04:27,949,24,4,119.93,120.18,0.07,0
NGm_KOIZr70,UCMgTCM5mGx3y4Hg0aMOXrbw,2026-08-05 11:30:18,18930,142,8,120.0,120.0,0.0,0
NGw1JCC-bzY,UCws1FXlgdkXB-3FKN_lqgiw,2026-08-19 08:24:13,641,9,4,119.86,120.11,0.11,1
NGyXRjwsuNw,UC_2x8h1QrTHOO0i4Yiss-ww,2026-08-29 10:30:22,151359,1119,15,119.76,120.01,0.01,1
NH25eAE1vJ4,UCOTJtP0Z9DjpPU43B5m1V6A,2026-08-30 09:30:10,260688,1274,234,119.76,120.01,0.01,0
NH3zNpG_C3k,UC6YqXiwCBfPvPTs3wXgWElQ,2026-07-27 09:28:54,67173,238,133,119.77,120.02,0.02,0
NHCpUGn4qg0,UCt8CJiye87FMbEwt0npPMuQ,2026-08-19 16:30:25,8156,322,63,120.0,120.0,0.0,0
NHGRzKj7oP4,UCY_vDlvG-BTDRIOk_I9QQ6g,2026-08-29 04:30:14,6099,58,4,119.76,120.01,0.01,1
NHHQ05dhIQU,UCifCesg-EUkjKyQedaB3hRg,2026-08-26 21:01:00,17549,682,36,120.0,120.0,0.0,0
NHnskuMwXeA,UCv1tOT645xHOJrwdGlzjMaA,2026-08-11 09:00:02,7670,187,14,120.0,120.0,0.0,0
NI6RC_NFIkE,UCxwqnpN1G_roAm3t0vhfeZg,2026-07-24 12:00:05,3087,46,13,120.0,120.0,0.0,0
NIJvOP3C0kw,UCPGl9DV2WUgaqGVXtVrhJWQ,2026-08-15 10:24:03,6,0,0,119.85,120.1,0.1,0
NIXgji0d03A,UCmZeuRfHYowZhf6odtoaNdg,2026-08-13 11:00:01,29232,309,77,120.0,120.0,0.0,0
NIc3-huKbqY,UCXYNuWjnQRSAXCGl9gv8Ncw,2026-07-26 01:00:06,126219,1718,376,120.0,120.0,0.0,0
NIgrrB_Z-aQ,UCA2ztZuXhSktpdxb419WvCQ,2026-08-15 21:03:27,1757,15,0,119.95,120.19,0.05,0
NIo6dh2QWrw,UCJDXc9JWCZo-nLNKr_-L2Ng,2026-08-22 18:00:20,1262,64,10,120.0,120.0,0.0,0
NJ3Tt55DuRE,UCSzHok6X5qXEO7cjvVnE62g,2026-07-23 12:00:11,121764,1453,17,120.0,120.0,0.0,1
NJQelKO0MkY,UCV7WE8I_UiAN0fa6Arezx_w,2026-08-21 06:38:38,83,0,0,119.87,120.12,0.12,0
NJchy2Ff5S4,UC08-hQbwh7eyr8PlaYG2-sQ,2026-08-19 10:00:24,16370,245,137,120.0,120.0,0.0,0
NK3VkJYx1EI,UCX11f6rIVaoWGvFnKKyPBNQ,2026-07-31 23:25:25,2131,105,5,119.83,120.08,0.08,0
NKHLqgWhf2Q,UCBY9rOZPo0fLE45mOV0s0cw,2026-08-17 12:16:41,256,4,0,119.98,120.23,0.02,0
NKToVgHDkVY,UC3DYSay178fMMPaf3zHwECA,2026-07-26 08:00:33,34082,859,31,119.99,120.24,0.01,1
NKWxcveWTF8,UCnCeDIkExSpULGqmpj5oafg,2026-08-12 15:00:02,6223,14,2,120.0,120.0,0.0,1
NK_eZEgNVS4,UCE8JC9RAVSudDT_8Ji1fuPQ,2026-08-25 08:45:36,65468,990,88,120.0,120.0,0.0,0
NKm4rFJdKdA,UCN8L7Z-dyzu9FzT39RM0fvw,2026-08-11 09:30:31,20315,193,91,119.99,120.24,0.01,0
NKp_LKoEb60,UCV7WE8I_UiAN0fa6Arezx_w,2026-08-27 11:00:16,78,0,0,119.76,120.01,0.01,0
NKqpVoItnT4,UCqRz_-l3GCmWb92u8P33RYQ,2026-08-30 15:45:39,175290,645,191,120.0,120.0,0.0,0
NKrLImYF4Vs,UCcNdwtZ7ulFFxngmnzsWQNA,2026-07-27 02:00:08,5097,68,29,120.0,120.0,0.0,0
NL4lc6sZ5ss,UCUae69frfqpKOB3BUMdX5Qw,2026-08-17 03:30:04,83968,811,74,120.0,120.0,0.0,1
NL5MucasilM,UCfcfymsN3OMo2cfmbpGTanw,2026-08-08 08:00:20,30297,137,54,120.0,120.0,0.0,0
NLBMSKuqd0E,UC2_VPutZK0o_tG8ca_QrQRA,2026-08-24 13:39:19,46468,,77,119.85,120.1,0.1,1
NLDBfWru5j8,UCI3DTtB-a3fJPjKtQ5kYHfA,2026-08-27 23:50:45,3636,15,0,119.92,120.17,0.08,0
NLLHn52XzeA,UCifCesg-EUkjKyQedaB3hRg,2026-08-22 03:07:30,42124,114,0,119.88,120.13,0.12,0
NLTO9hnEzaw,UC4VWaR3R17Ruc7j1Cy1-PKQ,2026-07-22 02:30:07,16,0,0,120.0,120.0,0.0,0
NLTnnsXGB5M,UCS2OAdHoLt-9T6cG9A2H49Q,2026-08-22 03:00:07,11907,136,94,119.76,120.01,0.01,0
NLaM43-sDLE,UCPuD5ZRQWa_JCaY5NokNhtg,2026-08-02 08:21:42,610,10,3,119.89,120.14,0.11,0
NLvOC7EnjtM,UC6JTm9ObvQFuTEOxOsbmYwA,2026-07-24 08:39:37,17111,328,38,119.84,120.09,0.09,0
NLvsMQRkbBc,UCcstDLbuhxEbFKkPZ6wST2A,2026-08-16 09:00:38,12900,55,12,119.99,120.24,0.01,0
NM9uf694h_I,UCdK9h1ILxS49c2LguBUY3rw,2026-07-25 12:00:29,7,2,0,119.99,120.25,0.01,0
NMLoejSjqcY,UC24GgPBq5W3v34z0p0uk1Ow,2026-08-04 09:22:24,4468,40,15,119.88,120.13,0.12,0
NMNPQ4pMEUI,UC8x8GQmlxAIhHxzU61z0uLQ,2026-07-26 14:00:01,4145,65,7,120.0,120.0,0.0,0
NMaKJgC5frQ,UChfs1dQ5phBDBWZJ1hHLbUA,2026-07-27 09:39:04,77972,1148,167,119.85,120.1,0.1,0
NMeE1QpNtO8,UCCMQyaKDjQJY79VimTdaYYQ,2026-08-05 06:18:27,143120,842,803,119.95,120.2,0.05,0
NMplBvn_n-k,UC8FErYSi74YwGUAoTpjvgzQ,2026-07-29 14:26:03,10797,314,24,119.82,120.07,0.07,1
NMvO7r-JsCU,UCt8CJiye87FMbEwt0npPMuQ,2026-08-26 17:02:59,2708,63,1,119.96,120.21,0.04,0
NN2jA9nOnWM,UClmc4bkKkQy2cjn3lKjRGbg,2026-08-17 17:24:54,4,1,0,119.84,120.09,0.09,0
NN3xX1UUFRc,UCSOeJWyByeoBHpmrm0NnlLw,2026-07-26 00:00:23,37127,552,57,120.0,120.0,0.0,0
NNGxne_gATg,UCOaUB8RzbLXB7QZtCmMO-8A,2026-07-22 09:00:12,23449,741,107,120.0,120.0,0.0,0
NNW0v_aj3sM,UCKUUL3fMVvYVZdGkKhhjP0A,2026-07-24 08:49:13,34718,536,52,119.93,120.18,0.07,1
NNe3oyvM5HA,UC_2x8h1QrTHOO0i4Yiss-ww,2026-07-25 10:00:30,41187,735,16,119.99,120.24,0.01,1
NNgjDadHEtc,UCKVt3arMXfa6XZezR1UnjqQ,2026-08-08 09:00:38,2760,56,2,119.99,120.24,0.01,0
NNh3XnpJ0u8,UCnCFD3met1Ip7OngdF9TRDg,2026-08-27 03:47:14,31783,145,17,119.98,120.23,0.02,0
NNjF_RJeivE,UC4oe-OVZ2Ho-03yrMkrXomQ,2026-08-30 05:00:10,280939,4882,216,119.76,120.01,0.01,1
NO75FPEbtx4,UCHeg3ApmuXQbqqszaD1fR9g,2026-07-28 14:20:51,147,11,0,119.91,120.16,0.09,0
NOFQUCJ-WtI,UCwBkHOTyu57NQi0syf5MLig,2026-08-06 03:00:21,880015,3880,248,120.0,120.0,0.0,1
NOIPUiRaK5w,UCYooECrv-fIXlPaDwEIaveA,2026-08-02 09:00:20,197056,2018,73,120.0,120.0,0.0,1
NOPWLRwEfxo,UCXQoI3upwKr47JAiVaYkvIw,2026-07-22 13:27:33,12689,130,2,119.79,120.04,0.04,0
NOaAmfxhhP4,UC3Z9lUjG5BU60sce2-Axbjw,2026-08-23 07:13:00,2309,6,5,119.8,120.05,0.05,0
NOc2kgyJLOk,UCifCesg-EUkjKyQedaB3hRg,2026-07-28 01:26:22,573,5,1,119.81,120.06,0.06,0
NOcoASLKXLc,UCHeg3ApmuXQbqqszaD1fR9g,2026-07-15 02:00:37,7146,244,13,119.99,120.24,0.01,1
NOlB1PiFSi0,UC5ThQKdocwo_9UurfT5P_ww,2026-08-07 03:30:38,339056,4480,65,119.99,120.24,0.01,1
NOsdA4zdPv8,UCJDXc9JWCZo-nLNKr_-L2Ng,2026-08-29 14:00:38,2409,76,3,120.0,120.0,0.0,0
NP40DsdyT-g,UCwlUB3goOsh4tpqZKIzUAbA,2026-07-27 11:09:34,19318,282,88,119.84,120.09,0.09,0
NP4GxGJKmDk,UCaY7wcqhFb_c2eQ1eRB8rOQ,2026-08-08 05:00:10,20785,441,63,120.0,120.0,0.0,0
NP5WfGlOJNQ,UCL_IvtOZo6sONpiydbzzHpA,2026-08-15 01:38:38,258453,2775,69,119.86,120.11,0.11,1
NPCwd_50vVM,UC6LLMkdyses2ugPRNEXutMQ,2026-08-20 10:15:32,39977,209,27,120.0,120.0,0.0,1
NPEfGFpJAhI,UCN5oT4zGJX-_H6pE5isAEeg,2026-08-06 03:00:22,893148,11445,577,120.0,120.0,0.0,1
NPZCmGBMNOQ,UCkpKYfb8wM67QnKxBj9bZXA,2026-07-26 18:53:38,12848,143,311,119.86,120.11,0.11,0
NPoKG-Y2AXM,UCPGl9DV2WUgaqGVXtVrhJWQ,2026-07-24 15:00:22,4,0,0,120.0,120.0,0.0,0
NPqXob4PLc8,UCN5oT4zGJX-_H6pE5isAEeg,2026-08-23 03:00:16,1010809,28095,974,119.76,120.01,0.01,1
NPxVuADFIRo,UCZFGZ_LhwgiTxaJzJ0QGdFw,2026-08-28 16:15:07,12785,14,0,119.76,120.01,0.01,0
NQ6AJuppCDQ,UCNmN3W2H0r5_hV2drzbEn7Q,2026-07-29 08:25:18,18765,555,88,119.83,120.08,0.08,1
NQ9Fos0UJh8,UC-aXNBQ6nwMNeW2V8XB7sBg,2026-07-18 01:00:13,107386,1004,45,120.0,120.0,0.0,1
NQBsEV1IGkg,UCBo7GIv99qTzHaa6ip09YLA,2026-08-31 07:00:28,6854,20,3,119.76,120.01,0.01,0
NQEy_9IjWu0,UC-yc6w2Sa6jOhMuY8motwDA,2026-08-17 17:59:07,80,2,0,119.77,120.02,0.02,0
NQHyhjBjKg8,UCYooECrv-fIXlPaDwEIaveA,2026-08-24 09:00:25,21567,402,6,120.0,120.0,0.0,1
NQSjmuO-YwQ,UC_e83kYlGHWbsrr8QCfV_ag,2026-08-19 10:51:13,14086,140,19,119.91,120.16,0.09,0
NQai5o9xSkk,UC1aBdmKvC6yAiq4xgPLOzKA,2026-07-30 04:31:35,214689,3496,72,119.98,120.23,0.02,1
NQk1CmLx0MI,UCdb5lyq0tWbY3jqH35SufmA,2026-08-04 22:30:33,11420,117,33,119.99,120.24,0.01,0
NQlq_gF53u0,UCIXQkaLrM7_t87SEM_pmHpA,2026-07-25 01:00:14,1554,9,6,120.0,120.0,0.0,0
NQuJ4j33qeA,UCDbOXmGL7EkmOcnUb5Kki4A,2026-08-11 17:59:20,119769,1007,230,119.76,120.01,0.01,1
NR8g_rovWA4,UCBY9rOZPo0fLE45mOV0s0cw,2026-08-23 11:41:48,314,3,0,119.82,120.07,0.07,0
Psq_wluuPnc,UCpwGBltfwjd_fIzp5cb5R0w,2026-08-25 12:30:29,52626,756,141,120.0,120.0,0.0,1
Psx-esmwBAE,UCV7WE8I_UiAN0fa6Arezx_w,2026-08-19 19:00:00,22,0,0,119.76,120.01,0.01,0
Pt4ZJNiAXkw,UC8chC5rneP-LHm43q-jF3oQ,2026-08-30 11:52:18,29726,220,4,119.89,120.14,0.11,0
PtAaWRCp8Eg,UCw1DsweY9b2AKGjV4kGJP1A,2026-08-03 08:02:29,15509,81,14,119.96,120.21,0.04,0
PtHb08zlPwM,UCeiDuGZqWT4iiIXRTfhM3qQ,2026-08-29 12:08:38,9979,153,3,119.87,120.12,0.12,0
PtIlxMM2-Nw,UCo77zdYpvhgUsdP0Z0vmz2g,2026-08-11 15:44:28,1522,25,13,119.76,120.01,0.01,0
PtUZmKV9MmU,UCSfhr4gDPFsKuwdmTOWp2jw,2026-08-07 09:30:26,24,2,0,120.0,120.0,0.0,0
PtowKH4dSNw,UCFCt5RYu41HTg4eX1jdHNxw,2026-08-31 22:21:28,4961,26,0,119.91,120.16,0.09,0
Pu8p5KDj0E8,UCybfHuHkJRzGDymek2Dsqvw,2026-08-27 22:00:30,51206,663,128,120.0,120.0,0.0,0
Pu_BORq70WI,UCbFLnCfOet-u_kFyA7uX-9Q,2026-08-07 18:37:05,43456,726,183,119.88,120.13,0.12,0
Puar5a11Qt0,UC2IYsRiATGe71sLIOlSXGuw,2026-08-28 09:45:28,20447,98,13,120.0,120.0,0.0,0
PufMYqGIf3g,UC_e83kYlGHWbsrr8QCfV_ag,2026-08-17 11:24:50,10458,107,18,119.84,120.09,0.09,0
PuhYRmVDeJA,UCcum1rCJ5GJeQ_xv0xrohqg,2026-08-26 10:00:10,19625,519,74,119.76,120.01,0.01,1
PujJBbF2NMw,UCNRnCc0hg3ZcKdOGXKKv5Ww,2026-08-20 04:55:35,12092,114,11,119.83,120.08,0.08,0
PuzXnhUNcRk,UCrKSaegnzewdj9-YLsUhoZw,2026-08-10 04:33:29,30036,186,79,119.95,120.2,0.05,0
Pv-ACCnyvPo,UCz4b1O9sT73P8DWwx6OvQwg,2026-08-30 12:59:57,35970,207,32,119.76,120.01,0.01,0
Pv4_rZQIOGQ,UCqI5lyTpC79pOy2D-VXAMdA,2026-07-29 14:31:34,75923,381,119,119.98,120.23,0.02,0
PvF1C-jYe98,UCCdcpCa4yiDcCPhFErd7TXA,2026-07-28 01:02:37,66427,518,16,119.96,120.21,0.04,1
PvGHKVSBCyU,UCqVkQsNin4MdGFrWvzFVOKw,2026-07-27 01:40:34,15221,75,3,119.83,120.08,0.08,1
PvPNz4IlbM4,UCElXDMEQqlUnuyDbChjARWQ,2026-08-15 15:15:47,33,0,1,119.99,120.24,0.01,0
PvVtCkJ1GWw,UCO8ToDSM2Gvt3EZdOdosxTw,2026-08-17 05:30:29,7311,51,52,119.99,120.24,0.01,0
PvhS5t6UXEI,UCWVS5IJOkNnkKS5rjiAt9rw,2026-08-07 17:59:12,7348,56,3,119.77,120.02,0.02,0
PvwGnAoCHQc,UCa2liSwjQST4AGcg6LFQakQ,2026-08-12 04:00:11,1085,5,0,120.0,120.0,0.0,1
Pw-Q-_60AQE,UCT-UsvGz4gm7lezXvCEex9A,2026-08-04 08:00:01,368,33,16,120.0,120.0,0.0,0
Pw0rtD6Z4IA,UCrY2B2XX41ReYh9DIWrFfCg,2026-07-31 10:07:33,6012,,6,119.88,120.13,0.12,0
Pw8sSS09dSQ,UCgT-gb3favw2jQgwxbbwwaA,2026-08-16 01:00:22,46681,317,5,120.0,120.0,0.0,1
PwK8zEuK57I,UCO8ToDSM2Gvt3EZdOdosxTw,2026-08-27 06:30:37,16705,120,90,120.0,120.0,0.0,0
PwSBiq6ciJI,UCV7WE8I_UiAN0fa6Arezx_w,2026-08-10 10:00:21,24,0,0,120.0,120.0,0.0,0
PwSOF7peOKQ,UCQuY08EEKLFOp0D37Sfpd0A,2026-08-02 03:30:34,104739,2023,51,119.99,120.24,0.01,0
PwUUQkmp7lA,UCOTJtP0Z9DjpPU43B5m1V6A,2026-07-31 09:41:56,122961,1048,93,119.8,120.05,0.05,0
PwZLIKpaXL8,UCqVZTizoA2wQKOj_xaDt10Q,2026-07-28 04:04:55,530,8,0,119.92,120.17,0.08,1
Px499SW3UW0,UCHK-FRuAjk8g798dD7L7xqA,2026-08-08 02:00:17,43810,1140,142,120.0,120.0,0.0,0
PxKvWsQ0eSM,UCpI-AhCT02iQRGLC2ZcY0Jw,2026-08-07 09:00:39,31665,505,333,119.99,120.24,0.01,0
PxeNUeSSe9I,UCPsZX-D7LW99PjZLA-UysPQ,2026-08-02 09:00:35,1170,5,4,119.99,120.24,0.01,0
PxgioMium1Y,UCby0vMKcLR05ZdS90aZd5og,2026-08-21 06:41:38,2740,5,4,119.82,120.07,0.07,1
PxgpqPNKbS4,UCKUUL3fMVvYVZdGkKhhjP0A,2026-08-25 12:27:27,29207,354,24,119.8,120.05,0.05,1
PyFrTiSeuek,UCqlcSsDNMYxEsem7bWY-66Q,2026-08-07 09:05:07,13920,544,57,119.92,120.17,0.08,0
PyGJ1Q7uGcg,UCEg24oF81p-THPtp3otdmTA,2026-08-02 08:00:23,38117,968,151,120.0,120.0,0.0,0
PyJHTbT2DN8,UCPI40-XQA9-GBGj2k8PPqfg,2026-07-13 08:50:10,35628,617,79,119.91,120.17,0.09,0
PySk7SExrWM,UC783XWULPW-nDGv_0EYlB6Q,2026-08-07 09:35:55,99115,1254,267,119.9,120.15,0.1,0
PyZi0A0tVwQ,UCaHIZAKows704_gk6bjdAog,2026-08-26 14:30:36,78965,593,146,120.0,120.0,0.0,0
PybHl_urGXY,UCjUnlBpn0Z1L450g79fniRg,2026-07-29 12:55:24,507,23,2,119.83,120.08,0.08,0
PyeOGfbfj0g,UCa8Z4uUp51Aqtx4Fq4-3wMA,2026-07-24 08:01:31,3488,50,6,119.98,120.23,0.02,1
PylV2gYdFmo,UCNZiNM2pP6uhIlTQVS2Q5fA,2026-08-16 09:00:22,300322,2821,185,120.0,120.0,0.0,1
PzDOdmTkuTI,UCuwnt_REmD4YsCtFJRoqjFw,2026-07-27 09:50:48,36183,338,23,119.91,120.16,0.09,0
PzEUbr1Xi9o,UCJNEIbzzpRl-l1iGdD2BxGg,2026-07-27 19:21:39,465,2,,119.89,120.14,0.11,0
PzGQo_LXtj4,UCVZ0SJNurJAv-6hV5VEGB2A,2026-08-26 08:00:18,38945,546,98,119.76,120.01,0.01,1
PzVyev-9FlQ,UCV7WE8I_UiAN0fa6Arezx_w,2026-07-12 23:00:30,196,0,0,119.99,120.24,0.01,0
PzcLs0LrmnI,UCw1DsweY9b2AKGjV4kGJP1A,2026-07-12 08:35:50,181359,896,235,119.9,120.15,0.1,0
PziSVA0Crrc,UCAl4HWznMn7KhKBRFO5eiFA,2026-08-13 13:20:13,11759,64,25,119.92,120.17,0.08,0
Pzk7gAfNAIA,UCcstDLbuhxEbFKkPZ6wST2A,2026-08-13 09:00:25,12152,44,16,120.0,120.0,0.0,0
PzoZPG5r73o,UCta3D5-EYqO-pduQLxQ8mNQ,2026-08-03 10:00:38,3235,13,7,119.99,120.24,0.01,0
Pzy2_UsyE8Q,UC1Ns07Rw0lQK-KuaPHfRRTw,2026-08-27 13:57:04,491,0,0,119.81,120.06,0.06,0
Q-HE8wd9UiI,UCg5Ew4lj74r_ohbc4AeQj1w,2026-08-19 10:08:57,5500,123,6,119.86,120.11,0.11,1
Q-IOSBcL1MQ,UC-okJdotaXPlzivRzHFqzuA,2026-08-07 02:59:11,80164,1084,21,119.76,120.02,0.02,0
Q-jXR0wd0ZE,UCZ6mNZTiTUrUSbSYPlclI4A,2026-08-23 07:00:34,18116,457,36,120.0,120.0,0.0,1
Q-nCAhINWAI,UCnCH3Uhv_ynhTNKEH6ekRtg,2026-07-17 04:44:44,11012,139,9,119.76,120.01,0.01,0
Q0-PewKbauU,UCc1VJX_5Z2RdGi58XU4IfbA,2026-08-12 14:00:31,36037,172,0,119.99,120.24,0.01,0
Q05xlgWeN0U,UCPsZX-D7LW99PjZLA-UysPQ,2026-08-23 15:00:29,1927,21,6,120.0,120.0,0.0,0
Q0OPB1X7mPw,UCyz5WVrb-cz3myY04x_kVYw,2026-08-20 00:04:39,2028,29,0,119.93,120.18,0.07,0
Q0eaUHj01l4,UCNu00qhYj4nPeMNdxuwV6sg,2026-07-20 02:29:59,996,9,2,120.0,120.0,0.0,0
Q0iiTaRAFuw,UC3ozN5tHi449NhCDE6Xtmwg,2026-08-22 06:40:58,575098,6628,95,119.83,120.08,0.08,1
Q0j3kXFC6Po,UCrR_fhiJjoW8OJFzUcmlMMA,2026-07-13 07:00:31,4959,48,8,119.99,120.24,0.01,0
Q0n9cjUQpe4,UCoqMTw0yGmjIjNayukuOg5Q,2026-08-21 11:27:29,16402,202,86,119.8,120.05,0.05,0
Q12hrcDQe4Y,UCO8ToDSM2Gvt3EZdOdosxTw,2026-07-27 09:00:17,194746,2758,111,120.0,120.0,0.0,0
Q1BsDMyZun0,UCV6mNrW8CrmWtcxWfQXy11g,2026-08-13 08:00:15,15932,1008,18,120.0,120.0,0.0,1
Q1F2ebzllY4,UCSrQnB-Ip9hc0biFQ3HoKzg,2026-07-30 02:52:52,14740,870,56,119.87,120.12,0.12,0
Q1GwciCUo7k,UCTbwgCCBrI-4XU8b5B0uGPg,2026-08-23 06:10:36,483330,3725,75,119.84,120.09,0.09,0
Q1RBFoPzAbU,UCcstDLbuhxEbFKkPZ6wST2A,2026-08-30 03:00:23,55671,85,19,119.75,120.01,0.01,0
Q1ZunXRqxT4,UCV7WE8I_UiAN0fa6Arezx_w,2026-08-07 18:00:14,19,0,0,120.0,120.0,0.0,0
Q1dcDHjpzKc,UCRq3CDTZ2qe3HiHrZdQKBvQ,2026-07-26 09:28:56,1038,7,1,119.77,120.02,0.02,1
Q1g9AhT_MjY,UCraf4ugZTyvFY6AJ0VjIxFA,2026-08-08 14:36:48,1020,,0,119.89,120.14,0.11,0
Q1ie2-rUHws,UCpcTrCXblq78GZrTUTLWeBw,2026-08-17 05:30:20,17319,460,30,120.0,120.0,0.0,0
Q1jFgas0qHg,UC59jWhPazXYi8Ny4vake45A,2026-08-11 11:03:50,19079,472,13,119.94,120.19,0.06,1
Q1pgCCt9P2E,UC0aKwoKNeqBaUwiEXmkQaGQ,2026-08-07 05:00:08,85636,1614,119,120.0,120.0,0.0,1
Q1uwrWUEmog,UC3hqiw3lZAXaMwhQvMGZkdw,2026-07-14 13:15:23,4594,44,31,119.99,120.24,0.01,0
Q2177s_8jKI,UCAl4HWznMn7KhKBRFO5eiFA,2026-07-24 15:53:05,80280,234,9,119.87,120.12,0.12,1
Q2KVQODrHHs,UCAGUSx1hbPKDqzBZH7bTjiA,2026-08-26 05:00:40,47980,864,218,119.75,120.01,0.01,0
Q2gqAgohJ-M,UCoSniqkitCpxlHrQd5L8A1w,2026-07-26 00:30:41,1808,13,4,119.99,120.24,0.01,0
Q2l1TU0kxMs,UCmiTZyj9GwMjyznZxrgCH4Q,2026-08-21 09:47:17,40038,505,61,119.97,120.22,0.03,0
Q3SJkaHpkXM,UCBTsPtRCh6ln3IRQFjhjh1A,2026-08-08 06:00:35,102383,509,7,119.99,120.24,0.01,0
SWNoelvsFH4,UCQfISxq5legTqOt1h1us6lg,2026-07-29 01:00:29,13509,116,10,119.99,120.24,0.01,1
SWRRIbffKG0,UCqVkQsNin4MdGFrWvzFVOKw,2026-08-28 02:00:11,24849,221,12,119.76,120.01,0.01,0
SWSe8D3asD8,UCbYO4SBywZ2oWv1u309oWmQ,2026-08-13 06:26:35,311367,4737,155,119.81,120.06,0.06,1
SWbhuU5lJmA,UCifCesg-EUkjKyQedaB3hRg,2026-08-05 17:10:11,231250,2156,16,119.83,120.08,0.08,0
SWql6XAZnIQ,UCt8CJiye87FMbEwt0npPMuQ,2026-08-27 16:30:31,86632,1036,77,120.0,120.0,0.0,0
SWyuU315s6A,UCcgkgKhXT6QwdGj9Nr8PBcg,2026-08-20 10:29:51,340317,1900,152,119.76,120.01,0.01,0
SXKnXGIQfUo,UCJpAwvQaZyCI5spAz7tipGA,2026-07-25 08:30:19,379368,1898,323,120.0,120.0,0.0,0
SXUHQkVUJLM,UC783XWULPW-nDGv_0EYlB6Q,2026-08-27 09:30:15,17557,549,13,119.76,120.01,0.01,1
SXZPDVvrQ5E,UCYxwKnNRv4FurQxeKcuR0Sw,2026-08-24 13:23:01,9,1,0,119.87,120.13,0.13,0
SXcDwMIj4zQ,UCBidluUUxzT_5jVOI_2x2MQ,2026-08-30 08:00:20,241,3,2,119.76,120.01,0.01,0
SXfp7NUZZSs,UCjyXK9pWHwWR_-bRibFaWDg,2026-08-15 11:05:54,2040,33,6,119.91,120.16,0.09,0
SXlkcSNHUzM,UC7SIaeUWuuIrWTIOBpayDVQ,2026-08-28 05:51:36,47419,180,56,119.9,120.15,0.1,0
SXzjuLFsro0,UCPGl9DV2WUgaqGVXtVrhJWQ,2026-08-25 13:30:14,20,1,0,119.76,120.01,0.01,0
SY2XXEn-akE,UCby0vMKcLR05ZdS90aZd5og,2026-08-21 03:39:28,1290,2,0,119.85,120.1,0.1,1
SY4GuI4tAPI,UC9vz3TBChrJmYbzUo-rqfSg,2026-08-27 00:55:24,31176,162,68,119.84,120.09,0.09,0
SY9xrKm22jc,UCNu00qhYj4nPeMNdxuwV6sg,2026-07-18 13:40:24,1131,32,0,119.83,120.08,0.08,0
SYAHKz5z-G4,UCV7WE8I_UiAN0fa6Arezx_w,2026-08-29 02:00:34,172,0,0,120.0,120.0,0.0,0
SYBldG3orE4,UCbvvdVOF0teLO-U6GWh1RKg,2026-08-15 10:18:51,2109,21,12,119.94,120.19,0.06,0
SYE8Cc4gd5U,UCPGl9DV2WUgaqGVXtVrhJWQ,2026-07-23 15:00:37,8,0,0,119.99,120.24,0.01,0
SYED1J01LUE,UCgWwo8FJL3MCxfd66ip7nFg,2026-08-29 09:00:12,194563,,166,119.76,120.01,0.01,0
SYTbjStOGBY,UCgO8sNnksVuKcuTVTQKSK3A,2026-07-29 09:00:26,62765,636,62,120.0,120.0,0.0,1
SYVeEN2FGkY,UCYsRymb9vAsOOLBy-Wo1kRg,2026-07-15 07:02:10,2562,57,27,119.97,120.21,0.03,0
SYj0-7z7v9s,UCuaizlkqA5hZ_Dt3kAQkW3g,2026-07-25 03:07:15,22336,129,50,119.88,120.13,0.12,0
SYmVLueWxZM,UClHGjnruf4A9Us7CHVgLIEQ,2026-07-29 12:17:27,9127,55,3,119.96,120.21,0.04,1
SZ6BqcXxWBw,UCm-Yd-aYSagMqVdMZSYiKLQ,2026-07-16 03:25:22,8200,180,34,119.83,120.08,0.08,0
SZSlv1oTW-Y,UCaova9Q4UZLPqFnSvq8VxzA,2026-08-07 02:00:06,17056,77,108,120.0,120.0,0.0,0
SZh0famEXZY,UC8FErYSi74YwGUAoTpjvgzQ,2026-07-29 12:07:11,19593,297,37,119.88,120.13,0.12,1
SZyXs-i-BLE,UC6YqXiwCBfPvPTs3wXgWElQ,2026-07-27 10:23:43,261152,1239,118,119.86,120.11,0.11,0
S_0YUk_Ds1o,UCwBkHOTyu57NQi0syf5MLig,2026-08-03 08:00:18,201392,1373,184,120.0,120.0,0.0,1
S_3NztD-lIg,UCPJGXrPIVKBR8PJY7w33WZw,2026-08-25 06:00:30,51846,620,110,120.0,120.0,0.0,0
S_5Avz31_O8,UChfA8Yu8dk5k78UzaM6tsRw,2026-08-23 13:07:39,60069,1338,263,119.88,120.13,0.12,0
S_GT7ITncjw,UC1dHu9GhbHH7RcHKyJdaOvA,2026-07-22 23:10:11,46921,314,51,119.83,120.08,0.08,0
S_MRt2Axd-g,UCpcTrCXblq78GZrTUTLWeBw,2026-07-10 23:11:53,6498991,105818,787,119.8,120.05,0.05,1
S_NC22Slrnk,UC4oe-OVZ2Ho-03yrMkrXomQ,2026-08-14 07:00:18,251269,3013,205,120.0,120.0,0.0,1
S_NPJwPTG5k,UCSh__r5HS4Y1xBkccWnV0TA,2026-08-16 19:44:10,171319,5965,174,119.77,120.02,0.02,0
S_OBHjZyrK0,UCKUUL3fMVvYVZdGkKhhjP0A,2026-08-04 08:41:22,21346,274,115,119.81,120.06,0.06,0
S_bXxggW6JA,UCyZtdaxIiGb4wp5AmkEMrwQ,2026-08-30 03:10:58,89062,2428,34,119.84,120.08,0.08,1
S_lQqB3HoKk,UCpI-AhCT02iQRGLC2ZcY0Jw,2026-08-18 09:26:24,25914,310,204,119.82,120.07,0.07,0
SaJpOMQWXcQ,UCeB_ZeSo0xDL62wWlkTEtjA,2026-08-24 13:42:24,5892,94,26,119.8,120.05,0.05,0
SaLV0t_jR9s,UC6YqXiwCBfPvPTs3wXgWElQ,2026-07-23 03:11:14,514,5,2,119.82,120.07,0.07,0
SaNbSlYofdM,UCI3DTtB-a3fJPjKtQ5kYHfA,2026-08-17 02:00:24,2308,43,2,120.0,120.0,0.0,0
Sb3xdA8IF7A,UC25QotOIv4mSqz5ErqpMDzA,2026-08-12 22:00:09,12185,224,23,120.0,120.0,0.0,0
SbQ_3g3BjpY,UCZ6mNZTiTUrUSbSYPlclI4A,2026-08-28 12:32:10,7987,103,21,119.98,120.23,0.02,1
Sbi42AaFBEs,UCeG0ONJtjwE20ThR5iSYdsA,2026-07-26 22:00:17,70701,1278,400,120.0,120.0,0.0,0
SbiAMQlAH2w,UCJN5mgLqkPCTVC5v-12gKjQ,2026-08-15 13:16:38,7559,292,12,119.98,120.23,0.02,1
SbooVc-tbQ4,UCNpcMizRJ73OJm48LszuytQ,2026-08-17 08:00:05,5731,213,16,120.0,120.0,0.0,1
SbyA1E04C9g,UC9qwDE50UcXvdplRNZKEoPA,2026-07-24 08:04:53,36196,888,106,119.92,120.17,0.08,1
Sc6QzjDZAek,UCkNUuK9EfixaK2HbJYZ5YrQ,2026-08-03 10:04:42,68627,2776,87,119.93,120.17,0.07,0
ScIfoa3xRic,UC5pdoCANExIVI4yf6DVoxew,2026-07-31 02:20:18,363,11,26,119.91,120.16,0.09,0
ScWTH6RNwt8,UCpwGBltfwjd_fIzp5cb5R0w,2026-08-21 13:30:17,53679,571,15,119.76,120.01,0.01,0
Scb-k6zJ-lQ,UCqjUPx-UAFHVvthd71bY7_g,2026-07-25 08:00:07,9042,33,55,120.0,120.0,0.0,0
Scr9-yAYvCY,UCdb5lyq0tWbY3jqH35SufmA,2026-07-25 22:30:31,27002,227,266,119.99,120.24,0.01,0
ScxPhQ-j8wQ,UCi8fe6P0_tLeZ1r31wOydvw,2026-07-27 04:00:27,8593,41,13,120.0,120.0,0.0,0
SdI1iLaQpFI,UCZ6mNZTiTUrUSbSYPlclI4A,2026-08-15 04:06:58,52351,903,21,119.89,120.14,0.11,1
SdJqf-q_3zw,UCdK9h1ILxS49c2LguBUY3rw,2026-07-26 20:46:37,12,2,0,119.97,120.22,0.03,0
SdKGxzOvr4A,UCa4clnMsHg6uJPpxKbxCEmA,2026-07-28 07:00:19,37466,813,16,120.0,120.0,0.0,1
SdpXUVQMNbY,UCw1DsweY9b2AKGjV4kGJP1A,2026-08-13 13:00:17,7370,30,14,120.0,120.0,0.0,0
Sdya8pc7OdQ,UCAVR6Q0YgYa8xwz8rdg9Mrg,2026-08-10 12:00:38,146284,5720,144,119.99,120.24,0.01,1
Se462CD4s48,UCv1tOT645xHOJrwdGlzjMaA,2026-08-13 10:38:12,42492,469,10,119.87,120.12,0.12,1
Se5jue_POJU,UCL_IvtOZo6sONpiydbzzHpA,2026-07-27 14:59:53,59894,899,201,120.0,120.0,0.0,0
Se6Jz1UNTYg,UCQePzo3_oRB-6RAzBioc6pg,2026-08-25 22:40:46,7098,32,52,119.83,120.08,0.08,0
SeHcSO7bI0k,UCTNyl3P7q6PNhPddh6d7WJQ,2026-08-02 22:00:16,1651,6,4,120.0,120.0,0.0,1
SeI0cTpRDFA,UCfjMjhfjRRy8B0mfqbO_43w,2026-07-24 13:08:27,103134,1465,328,119.86,120.11,0.11,0
SeYlFKedtL4,UC3hCAmwyYNgRuOOSFV7evVA,2026-08-19 10:30:15,54242,126,11,119.76,120.01,0.01,1
SecsOenoV6Q,UCElXDMEQqlUnuyDbChjARWQ,2026-08-30 10:00:38,48,0,1,120.0,120.0,0.0,0
Sef7_b4N0vw,UCS-X1uBDTNwAYyydiXjcX9A,2026-07-28 03:00:01,1024,11,1,120.0,120.0,0.0,0
SexPuGGmTJY,UCt8CJiye87FMbEwt0npPMuQ,2026-08-25 16:00:39,3238,69,4,120.0,120.0,0.0,0
Sf09lxdDKh4,UC2t5bjwHdUX4vM2g8TRDq5g,2026-07-15 18:00:17,110311,2834,156,120.0,120.0,0.0,0
Sf6b2ix2qbo,UCGa52d8Qlv3THghuCAt_nXA,2026-08-04 08:30:37,3649,61,12,119.99,120.24,0.01,0
SfPrwuAUbz4,UCCvEN8bTeF8Z2jcN513T1Gg,2026-07-11 14:19:01,5962,38,1,119.93,120.18,0.07,1
SfSOaqsIXKQ,UCJmnOEp1-OITEU0mk4icM5A,2026-08-04 03:00:07,632857,4810,205,120.0,120.0,0.0,1
SfeUznwMBfw,UCaMV-CjrWYh2Aefg_8iLwJQ,2026-08-26 04:00:08,339854,3902,112,119.76,120.01,0.01,1
SffipEj9aAI,UCpn9dP1b5BhBsU9SduEz1hA,2026-08-27 14:30:02,15777,149,36,119.76,120.01,0.01,0
Sfi5RRlUdGQ,UCGW76VChAJKee9kYzvyoycQ,2026-07-17 09:00:25,1767,42,6,120.0,120.0,0.0,0
SfrL_rL2Jr0,UCBtJuwDt6LlXp2YASC-ZMdA,2026-07-27 04:30:19,390,7,2,120.0,120.0,0.0,0
SfvBp1PjHio,UCgO8sNnksVuKcuTVTQKSK3A,2026-07-31 09:00:22,41669,657,29,120.0,120.0,0.0,1
SfwzTcwiigE,UCPuD5ZRQWa_JCaY5NokNhtg,2026-08-26 06:26:34,1609,16,7,119.82,120.07,0.07,0
SgK2Rx0R-sE,UCv1tOT645xHOJrwdGlzjMaA,2026-07-24 10:38:14,114418,3879,55,119.86,120.11,0.11,1
SgRj5RwgJgQ,UCKVt3arMXfa6XZezR1UnjqQ,2026-08-09 22:00:21,2513,51,3,120.0,120.0,0.0,0
SgaFO1EiPhA,UCrY2B2XX41ReYh9DIWrFfCg,2026-08-04 11:51:24,2412,,2,119.9,120.15,0.1,0
Sgeaz2uY9ro,UCwBkHOTyu57NQi0syf5MLig,2026-08-27 04:00:05,41372,151,14,119.76,120.01,0.01,1
KfXV2UbiFRM,UCbFLnCfOet-u_kFyA7uX-9Q,2026-08-10 21:30:24,29301,543,141,120.0,120.0,0.0,0
KfxtxiGuR1g,UC9vI-9WYQLXKI6n9XdXXo3g,2026-08-14 03:00:27,35808,330,400,120.0,120.0,0.0,0
Kg25D-UAYZ4,UCa2liSwjQST4AGcg6LFQakQ,2026-08-07 04:00:15,74,2,0,120.0,120.0,0.0,1
KgH_WMu1EoU,UCo33r3SAf5z9MS-lrXV2aOQ,2026-07-21 09:52:18,62791,539,79,119.88,120.13,0.12,0
KgIpLjzieoc,UCXAXCxTCCYYKsLJNzEvjqfw,2026-08-10 21:23:17,88629,1348,153,119.86,120.11,0.11,1
KgV_uR3Migg,UCAVR6Q0YgYa8xwz8rdg9Mrg,2026-08-11 11:00:01,287765,13119,213,120.0,120.0,0.0,1
KgXWzwRaJUk,UCXS55IczImEf64aU16NzKlg,2026-08-21 02:00:27,1465,3,3,119.75,120.01,0.01,0
Kgcn1N3d00o,UCSzHok6X5qXEO7cjvVnE62g,2026-07-11 04:00:05,34890,190,26,120.0,120.0,0.0,0
Kgx1MqQXITs,UCzSODDx0zQF3nxXOZISCm_w,2026-08-18 09:30:32,1068,3,0,120.0,120.0,0.0,1
Kh3z6xv7RGk,UCU0-6z_KU9AShyR9J6gcFGw,2026-08-14 14:21:26,358,3,0,119.9,120.14,0.1,0
KhQdA1H0dUA,UCuWcjpKbIDAbZfHoru1toFg,2026-08-27 19:35:21,116669,2515,176,119.92,120.17,0.08,0
KhRo8bo_Yps,UC5Yx9RlmznXDUEIrfoSqheA,2026-08-12 14:04:50,4211,44,0,119.92,120.17,0.08,0
KhshD5PX18w,UCgO8sNnksVuKcuTVTQKSK3A,2026-08-14 09:00:18,15674,294,35,120.0,120.0,0.0,1
Ki9Dc7csVY8,UCyoSQyaCrZHro6F_nBiXIYg,2026-08-30 13:44:06,380292,1253,182,119.78,120.03,0.03,0
KiA0jNVo610,UC_e83kYlGHWbsrr8QCfV_ag,2026-08-25 11:56:59,12693,87,4,119.81,120.06,0.06,0
KiBAis15JF4,UCAl4HWznMn7KhKBRFO5eiFA,2026-08-08 11:54:37,3855,20,0,119.84,120.09,0.09,1
KiLr8VnH7ys,UCQzgMwT5Q6x-Mtq65HRS_0Q,2026-08-11 13:48:07,14799,72,3,119.95,120.2,0.05,0
Kicue38yBZs,UCiEMsnnzti6PDNi8TAlSnFw,2026-08-18 17:10:17,15,,0,119.84,120.09,0.09,0
Kiht97GuxvA,UCDbOXmGL7EkmOcnUb5Kki4A,2026-08-16 06:25:08,49829,655,261,119.83,120.09,0.09,0
KikHekz9QMk,UCqVkQsNin4MdGFrWvzFVOKw,2026-08-08 15:48:51,21243,526,3,119.94,120.19,0.06,0
KisZs_YixsA,UCZ6mNZTiTUrUSbSYPlclI4A,2026-08-06 14:01:06,8617,372,9,119.98,120.23,0.02,1
Kix41tT5mvY,UCcstDLbuhxEbFKkPZ6wST2A,2026-08-18 09:00:07,6383,18,7,119.76,120.01,0.01,0
Kiz_l09kQ2U,UCPsZX-D7LW99PjZLA-UysPQ,2026-08-13 12:00:25,435,9,6,120.0,120.0,0.0,0
Kj-Xvn_qVZM,UCt8CJiye87FMbEwt0npPMuQ,2026-08-27 12:00:19,34901,482,19,119.76,120.01,0.01,0
KjD9Vy01M1M,UC1sELGmy5jp5fQUugmuYlXQ,2026-07-23 15:00:21,987151,34557,1213,120.0,120.0,0.0,1
KjJDRMnEC3Q,UCcHVk5SFxfYhCbbX8pWWuVg,2026-08-03 09:00:23,7759,71,18,120.0,120.0,0.0,0
KjNzt_VkzIQ,UCV6mNrW8CrmWtcxWfQXy11g,2026-07-30 11:47:45,176565,11080,437,119.96,120.21,0.04,0
Kj_mQij3NzA,UCawK5EIfr66Z7fjAlZgfB2g,2026-08-17 02:29:46,21600,,34,119.76,120.01,0.01,0
KjiBSBOtXys,UCKrprPfevcAZpPuRnCO6xOA,2026-07-26 09:30:01,1315,7,0,120.0,120.0,0.0,0
Kk0aEJN6bck,UCHK-FRuAjk8g798dD7L7xqA,2026-08-01 02:15:13,166177,2728,41,120.0,120.0,0.0,1
Kk1DgbKtBU8,UCJDXc9JWCZo-nLNKr_-L2Ng,2026-08-31 18:00:33,8216,152,9,120.0,120.0,0.0,0
KkAr-CMDtLs,UCVqmxk6oNOHj9RFVo4uP_lw,2026-08-14 23:00:06,13681,417,25,120.0,120.0,0.0,1
KkEjZtVlxHI,UC_9W6Z5Y3lDpLk47Y_y5ITQ,2026-08-29 13:51:15,32576,145,21,119.91,120.16,0.09,0
KkJkAUhKVIQ,UC7lwS-aSDzYHZJ9uWuzySwQ,2026-08-28 22:00:11,1189,4,4,119.76,120.01,0.01,1
KkR4V2SmvcE,UCp9skQ2mP_DfVL8c3gZQUzg,2026-08-23 05:15:12,64687,323,98,119.76,120.01,0.01,1
KkmuClzI72Q,UCPsZX-D7LW99PjZLA-UysPQ,2026-08-15 03:00:23,1186,6,3,120.0,120.0,0.0,0
KktUTNXp6Jc,UCxtZZzggcfOmsW99gYkxsNA,2026-08-05 05:59:42,9746,83,42,119.76,120.01,0.01,0
KkxQnuejTEU,UCFrKhWvZ8oeJQTNP5ZabgJw,2026-08-30 04:00:57,242129,3350,145,120.0,120.0,0.0,1
Kl1afzmg2SU,UCOgXOOKbZRtfQvlggBpN6zw,2026-08-28 14:26:50,2747,25,22,119.81,120.06,0.06,0
KlOiNj7O5dE,UC8CIM3d3zDYMk-3T5aAz0yw,2026-08-20 10:02:29,208370,8442,1380,119.96,120.21,0.04,0
KlU0vyIuXSk,UC8CZL4cvFiKwKKDNCuM2lTA,2026-08-11 07:12:33,25437,284,34,119.79,120.04,0.04,0
KlXAvtwfFdw,UCJENagCOfjMxdQUDxO4kq2Q,2026-07-25 11:58:47,1913,8,15,119.77,120.02,0.02,0
Klq-4qrh-Ws,UCooLkG0FfrkPBQsSuC95L6w,2026-08-28 08:00:24,55004,713,38,119.76,120.01,0.01,1
Kly7jck1N2Q,UCg7rkxrTnIhiHEpXY1ec9NA,2026-08-19 07:15:30,185102,6757,355,120.0,120.0,0.0,0
Km1WEOlolBU,UCdGiRd1dTixfQxQrb2pbn5Q,2026-08-15 08:00:04,22131,314,35,120.0,120.0,0.0,1
Km2HTSj9cgk,UCby0vMKcLR05ZdS90aZd5og,2026-07-24 02:29:48,1611,4,0,120.0,120.0,0.0,1
KmAuOVkK3_s,UC8x8GQmlxAIhHxzU61z0uLQ,2026-08-13 13:31:06,2351,11,1,119.98,120.23,0.02,1
KmFQ4WkmtTo,UCQ5KMP03ifjJ8mDeyjWeZ7g,2026-08-24 11:00:36,5179,52,4,120.0,120.0,0.0,0
KmO3eenuO0k,UCuWDza8A_ntbjwBZgW0ZSNw,2026-08-12 03:00:15,106998,2083,33,120.0,120.0,0.0,1
KmPh5O-a0bU,UC7wosSPUA3os3b3-RMZZe6g,2026-08-03 08:00:13,7608,190,45,120.0,120.0,0.0,1
KmV-y4OsKb0,UC0aKwoKNeqBaUwiEXmkQaGQ,2026-08-04 09:30:14,60713,846,123,120.0,120.0,0.0,1
KmdPaqoKWuY,UCE8JC9RAVSudDT_8Ji1fuPQ,2026-08-23 08:45:15,107436,1407,109,119.76,120.01,0.01,0
KmjKC0OKZR4,UC3ozN5tHi449NhCDE6Xtmwg,2026-07-23 02:53:05,34613,172,3,119.87,120.12,0.12,1
Kn4XpujYJnc,UC3pTpoDKt17IrCDH60kSNPA,2026-07-27 04:39:04,731,26,7,119.85,120.11,0.11,1
Kn6MKjewwHg,UCPGl9DV2WUgaqGVXtVrhJWQ,2026-08-20 15:00:39,5,0,0,119.99,120.24,0.01,0
KnAQxhRBqJE,UC4VWaR3R17Ruc7j1Cy1-PKQ,2026-08-16 06:47:59,114,3,0,119.95,120.2,0.05,0
KnRq584y4Cc,UCfq-5-0b5Lzj7cKCrp6-flA,2026-07-22 08:00:15,33311,797,46,120.0,120.0,0.0,1
KnRs91qNKHM,UC7SIaeUWuuIrWTIOBpayDVQ,2026-08-07 10:37:23,13104,219,79,119.88,120.13,0.12,0
KnSiYA2rTUM,UCIKORyfTZ0cN-u0hrxHcgUw,2026-07-29 16:00:09,29,0,0,120.0,120.0,0.0,0
KnaqEya9I2o,UC9nWoDbRAl3-fvreBNeStKQ,2026-08-31 16:15:04,18264,207,19,119.76,120.01,0.01,1
KncU019-SwE,UCab17MxxnFtAhGsJVTkSkCg,2026-08-11 11:31:04,1304,24,3,119.98,120.23,0.02,0
KnhATE5wnIE,UC-2wa6jvprl7hfCpvw0ULzg,2026-07-29 08:00:21,8592,137,15,120.0,120.0,0.0,1
KnoEPJ2c-A4,UC8CZL4cvFiKwKKDNCuM2lTA,2026-07-14 21:10:42,13879,101,1,119.82,120.07,0.07,0
KnqfL3bxSak,UCbItyvYa6cqvqtwlU2E9-wA,2026-08-01 05:57:51,10767,577,22,119.79,120.04,0.04,0
Kntzq-g2C_8,UCYJDUekoQz0-bo8al1diLWQ,2026-08-03 10:00:06,232639,4664,913,120.0,120.0,0.0,0
Ko8VykVuLC0,UCyZtdaxIiGb4wp5AmkEMrwQ,2026-08-12 03:00:39,113024,2943,61,119.99,120.24,0.01,1
KoIF20BaZJY,UC3hCAmwyYNgRuOOSFV7evVA,2026-08-23 15:20:57,16293,106,2,119.91,120.16,0.09,0
KoTQG0t8gGM,UC4oe-OVZ2Ho-03yrMkrXomQ,2026-08-23 07:00:16,259488,4933,67,119.76,120.01,0.01,1
KoahZ8kXFP4,UC4oe-OVZ2Ho-03yrMkrXomQ,2026-08-04 07:00:32,96799,1923,40,119.99,120.24,0.01,1
Kob4efDPfic,UCJDXc9JWCZo-nLNKr_-L2Ng,2026-08-13 10:00:04,1164,79,5,120.0,120.0,0.0,0
KogFJG-88GM,UCpcTrCXblq78GZrTUTLWeBw,2026-08-18 09:00:10,88168,2927,43,119.76,120.01,0.01,0
KojNpMtzAHg,UC3ozN5tHi449NhCDE6Xtmwg,2026-08-12 00:49:56,253878,2239,47,119.92,120.17,0.08,1
Koq4cn_uW_E,UCj_Qjpp00f_Fjbn2P4bQzJA,2026-08-30 00:26:01,9278,118,36,119.83,120.08,0.08,0
Kos33l-vqZ4,UCApYlKNymyHZ9dlOCImFVBg,2026-07-22 18:42:33,1750,87,1,119.8,120.05,0.05,0
Kp0HRPqXQiY,UCab17MxxnFtAhGsJVTkSkCg,2026-08-10 09:20:30,456,9,0,119.91,120.16,0.09,0
Kp3SRY0Gahk,UCgLFbrC7-g0ihBKB0obVPTg,2026-08-12 13:24:02,0,0,0,119.85,120.1,0.1,0
Kp8zwHPXs6E,UC6YKLXN1w8pyqFwCO0UJ9sw,2026-08-01 03:00:31,107183,3041,141,119.99,120.24,0.01,1
KpZHqVWLsOc,UC5pdoCANExIVI4yf6DVoxew,2026-08-09 18:02:18,111,5,0,119.97,120.21,0.03,0
Kpgq_USJI1Q,UCV6mNrW8CrmWtcxWfQXy11g,2026-07-29 22:00:06,44760,1446,34,120.0,120.0,0.0,1
KpsfB9_zDks,UCIxcZWLQpP-mUZC6_Uljc_Q,2026-08-12 14:30:01,10757,33,17,120.0,120.0,0.0,0
KpzdJXDAN_A,UCtVBI7YLJyDvrx7iWAukx_Q,2026-08-08 01:00:06,4857,129,58,120.0,120.0,0.0,0
NRBTYAfK50E,UCN5789pKaFwqjVBvg6yws_w,2026-08-13 04:32:44,2,1,0,119.96,120.21,0.04,0
NREwDIy-cno,UCpwGBltfwjd_fIzp5cb5R0w,2026-08-07 12:30:10,204536,1848,117,120.0,120.0,0.0,1
NRGGqnJIYV8,UCYG8tuvbQzWsDeoADyJFU8Q,2026-08-07 19:06:40,2870,63,8,119.89,120.14,0.11,0
NRJgpyLw4S0,UCPGl9DV2WUgaqGVXtVrhJWQ,2026-08-29 05:55:53,418,3,0,119.83,120.08,0.08,0
NRJyHOHXCG8,UCp6n8d8Y8r3MwKNw_MMaouQ,2026-08-28 18:20:04,15333,309,10,119.93,120.18,0.07,1
NRo7kJFwKkQ,UCN7FA8FwikP2p5Vrs5kiivw,2026-08-27 14:00:01,1248,25,3,119.76,120.01,0.01,1
NRoRKm-vnEo,UCi_lv3g-CPdKF6nd68lvN3A,2026-07-29 21:03:14,1982,12,0,119.95,120.2,0.05,0
NRrobRiXFXE,UCmnCuNh2owRLP48nnS3pe2w,2026-08-29 21:55:14,62,0,0,119.84,120.1,0.1,0
NS0dIAVfyL4,UCt8CJiye87FMbEwt0npPMuQ,2026-08-27 14:00:38,29192,265,17,119.75,120.01,0.01,1
NSEYEl6jEOE,UC1Ns07Rw0lQK-KuaPHfRRTw,2026-08-01 14:43:28,40,0,0,119.78,120.03,0.03,0
NSF9zs3An0g,UC783XWULPW-nDGv_0EYlB6Q,2026-07-31 09:30:37,43870,672,112,119.99,120.24,0.01,0
NSFCO1gZ-0M,UCBmPfbqvGwTTfrV-H_UOfdw,2026-07-22 22:24:04,55649,1497,42,119.85,120.1,0.1,1
NSKCbLolw50,UCFTjC8OaMv_kP5frj9UU1Rw,2026-08-28 12:00:04,477923,12862,1539,119.76,120.01,0.01,0
NSdDXWlXuak,UCp6n8d8Y8r3MwKNw_MMaouQ,2026-08-29 12:03:53,4351,297,3,119.95,120.2,0.05,0
NSqEjhBXAbM,UC_E_qYfGKM3C0kqrp1p8z7Q,2026-08-05 17:00:29,213,6,2,119.99,120.24,0.01,1
NSxu3TAMpWA,UC3DYSay178fMMPaf3zHwECA,2026-07-31 04:15:06,44201,723,48,120.0,120.0,0.0,0
NT3eH_vM3NI,UCXS55IczImEf64aU16NzKlg,2026-08-16 01:00:24,4011,65,39,120.0,120.0,0.0,0
NTAWaQ8b0yw,UC08-hQbwh7eyr8PlaYG2-sQ,2026-07-17 10:00:04,13227,182,117,120.0,120.0,0.0,0
NTJsBOYmkCo,UCX11f6rIVaoWGvFnKKyPBNQ,2026-08-25 16:41:13,14578,245,62,119.82,120.07,0.07,0
NTQ2lrIzEg4,UCifCesg-EUkjKyQedaB3hRg,2026-08-27 22:50:39,13642,505,1,119.92,120.17,0.08,1
NTihN9_2y50,UC8rbhIem-3aAsNXhTDI-nSA,2026-08-22 23:10:52,78116,1435,85,119.83,120.08,0.08,0
NTrtznhOjbE,UCta3D5-EYqO-pduQLxQ8mNQ,2026-07-31 03:00:05,9177,82,1,120.0,120.0,0.0,1
NTy3qwVDscs,UCPGl9DV2WUgaqGVXtVrhJWQ,2026-08-25 15:00:30,8,0,0,120.0,120.0,0.0,0
NU06wk0Cwp8,UC7lwS-aSDzYHZJ9uWuzySwQ,2026-08-31 10:00:30,647,0,0,120.0,120.0,0.0,1
NUFpwHxMtpk,UC_m_uqd_9s0hZvlgfvCzqbQ,2026-07-22 13:04:34,414,4,0,119.93,120.18,0.07,1
NUOJawXLcGw,UCs0LzOveQMLImmmTrMmP2sg,2026-08-28 14:00:08,38044,283,14,119.76,120.01,0.01,0
NUXG0cADOX0,UCkrJBQAut47U8xMUuv8D_3g,2026-08-30 09:46:37,24764,901,61,119.99,120.24,0.01,1
NUhjH94aYEU,UC4P7F8qenDo1O_5NvgBb_cg,2026-08-21 02:30:35,83228,824,96,120.0,120.0,0.0,0
NUi1ub0Ok_4,UCk3w4CQ_SlLH4V0-V6WjFZg,2026-07-22 19:47:44,80050,3661,376,119.96,120.21,0.04,0
NUpOt90e-8Q,UCksGX0hODm1Ev6mysrToMqg,2026-08-13 10:42:16,35942,835,55,119.8,120.05,0.05,1
NUr-5m94aIc,UCyoKcrOcBEY4rmLYkDuXErA,2026-07-13 18:00:43,117644,2826,,119.99,120.24,0.01,0
NVAq78LPLrE,UCbItyvYa6cqvqtwlU2E9-wA,2026-08-19 19:28:43,5574,309,5,119.78,120.03,0.03,0
NVGQHrrogcQ,UC0PMQXAwF6O6aeTpv962miA,2026-08-26 18:23:16,36487,747,81,119.87,120.12,0.12,0
NVL0lhSOSYE,UCw1DsweY9b2AKGjV4kGJP1A,2026-08-09 09:45:36,284913,450,34,119.99,120.24,0.01,1
NVOK2YMYsA8,UCyEIUlSKbzCt3ElAsPFb7EQ,2026-07-31 02:30:38,12936,53,29,119.99,120.24,0.01,0
NVZklnpNw9s,UCZuT6NXrfZzYbqCG_RWgSgA,2026-07-22 18:35:52,5403,28,0,119.91,120.16,0.09,0
NVgQQhukYUw,UClHTjLVog7CkRF8tYJuNXXQ,2026-08-16 16:01:27,214,6,1,119.98,120.23,0.02,0
NVqSJU0hWTo,UCV7WE8I_UiAN0fa6Arezx_w,2026-07-19 12:00:22,73,1,1,120.0,120.0,0.0,0
NVyO5sr_J8g,UCPuD5ZRQWa_JCaY5NokNhtg,2026-08-22 11:54:05,450,7,0,119.86,120.11,0.11,0
NWAuB-wj-5E,UCk3w4CQ_SlLH4V0-V6WjFZg,2026-07-30 19:09:51,76796,3409,214,119.84,120.09,0.09,0
NWFYfQmxNgo,UCEjXNNB9IKEa4HfLQVt8VEg,2026-07-31 11:00:17,122,0,0,120.0,120.0,0.0,0
NWfwvOnoYSQ,UCkcaRxpTcisadUeCbHOYTFw,2026-08-01 09:00:24,10299,243,102,120.0,120.0,0.0,0
NWjsXVFOmos,UCb5NLtXAsTBrmaZVhyFa-Wg,2026-08-30 09:00:02,265258,1345,85,119.76,120.02,0.02,0
NWx2ImkT-18,UCYGF_xk5RDpltyZDSx040uw,2026-08-07 03:12:57,31575,363,37,119.79,120.04,0.04,0
NX0jrUlDSks,UCrKSaegnzewdj9-YLsUhoZw,2026-08-28 23:42:10,10514,31,8,119.81,120.06,0.06,0
NX7BKpcxy8E,UCcZLS3cRPf6ObjvKuPM7KDw,2026-08-17 04:26:51,4923,23,6,119.81,120.06,0.06,1
NXAbxdIB3Ms,UC_RRZdJk55ShXE-9d3deRUA,2026-07-22 16:42:42,11620,53,0,119.79,120.04,0.04,0
NXB_Vxlurk8,UC0aKwoKNeqBaUwiEXmkQaGQ,2026-08-03 10:30:08,492669,5231,393,120.0,120.0,0.0,0
NXEm4l3LqAE,UCv0cBz_Vdmd84xYl7gKWwQA,2026-07-29 18:17:29,3546,277,66,119.96,120.21,0.04,0
NXJjRCy7ekw,UCbFLnCfOet-u_kFyA7uX-9Q,2026-08-13 21:00:16,20938,580,139,120.0,120.0,0.0,0
NXR6JHn_AuM,UCZ6mNZTiTUrUSbSYPlclI4A,2026-08-18 09:37:34,19272,521,29,119.88,120.13,0.12,1
NY1AMFkC4kk,UCdK9h1ILxS49c2LguBUY3rw,2026-07-22 11:30:12,8,2,0,120.0,120.0,0.0,0
NY8QTnt6Wco,UCNpcMizRJ73OJm48LszuytQ,2026-08-07 09:00:32,4528,351,20,120.0,120.0,0.0,0
NYgvXYEqz_c,UCAl4HWznMn7KhKBRFO5eiFA,2026-07-26 11:51:38,12410,82,4,119.89,120.14,0.11,1
NYjO2dRwr84,UCV6mNrW8CrmWtcxWfQXy11g,2026-08-18 22:00:21,299851,12312,70,120.0,120.0,0.0,1
NYo7DydfVlk,UCab17MxxnFtAhGsJVTkSkCg,2026-08-02 10:16:58,2057,42,0,119.97,120.22,0.03,0
NZ1KS_1bQQU,UCWyumbJC1uZS-obctkwSAuQ,2026-08-26 08:32:22,0,0,0,119.97,120.22,0.03,0
NZ4U7GdKHsk,UCPuD5ZRQWa_JCaY5NokNhtg,2026-08-20 12:23:44,1014,16,3,119.86,120.11,0.11,0
NZ4bWFhp8A0,UCBtJuwDt6LlXp2YASC-ZMdA,2026-07-26 08:33:27,507,12,2,119.95,120.19,0.05,0
NZVxBeDIYKw,UCKYdD83f363lIzcAwwhB-_A,2026-08-17 14:59:19,3373,20,3,119.76,120.01,0.01,0
NZWJpSLsTLM,UCt8CJiye87FMbEwt0npPMuQ,2026-08-06 14:30:42,74379,7406,184,119.99,120.24,0.01,0
NZWQli7UEYU,UCXu_CcxBZA5S_iG33OzA9PQ,2026-08-29 11:15:31,19871,39,11,120.0,120.0,0.0,0
NZeble3fNfc,UC-2wa6jvprl7hfCpvw0ULzg,2026-08-06 16:00:23,373905,5750,2052,120.0,120.0,0.0,0
NZkGTqMYL5Q,UCbeQg95cAxVRsxxh6FyilxA,2026-07-12 05:39:23,12155,91,10,119.85,120.1,0.1,0
NZlTCCgYzfU,UCCMQyaKDjQJY79VimTdaYYQ,2026-08-19 05:39:07,114456,694,903,119.86,120.11,0.11,0
NZp9rO-QyV4,UCdK9h1ILxS49c2LguBUY3rw,2026-07-25 11:45:23,7,1,0,120.0,120.0,0.0,0
NZsjSq3vjmI,UCMF3M48BakI-ptofqoUqdAA,2026-07-25 14:23:11,3820,88,50,119.87,120.12,0.12,0
N_1Xw0-j7bM,UCnju7ULBic4VgkCfDvVXCnA,2026-07-28 20:01:51,29345,609,0,119.97,120.22,0.03,0
N_C9ZRGGNLw,UCdK9h1ILxS49c2LguBUY3rw,2026-08-22 11:45:33,8,2,0,120.0,120.0,0.0,0
N_FZTnK3KBQ,UC_E_qYfGKM3C0kqrp1p8z7Q,2026-07-24 19:00:23,384,7,1,120.0,120.0,0.0,1
N_IfmfpTduE,UCb08r5yPoH-AqM7_XCL4Uhg,2026-07-28 03:22:21,42438,1878,108,119.88,120.13,0.12,1
N_SHpe69TRs,UCXu_CcxBZA5S_iG33OzA9PQ,2026-08-21 11:15:40,8034,66,7,120.0,120.0,0.0,1
N__oVHucanM,UCqVkQsNin4MdGFrWvzFVOKw,2026-08-15 11:18:25,6544,216,1,119.95,120.2,0.05,0
N_lbX12mVRw,UCV7WE8I_UiAN0fa6Arezx_w,2026-08-12 16:00:20,39,0,0,120.0,120.0,0.0,0
Na9uSEX4fHs,UCt8CJiye87FMbEwt0npPMuQ,2026-08-26 20:11:18,35507,917,74,119.83,120.07,0.07,0
NaB51HA8hb4,UCBmPfbqvGwTTfrV-H_UOfdw,2026-08-09 20:54:48,135931,1755,48,119.84,120.09,0.09,1
NaLCltLfrAI,UCuWDza8A_ntbjwBZgW0ZSNw,2026-07-31 04:11:56,84348,1259,71,119.8,120.05,0.05,1
NaaXUglul2Y,UCYJ0Ucu9jPX5kn6SeDcNaIQ,2026-08-06 03:00:12,86187,457,64,120.0,120.0,0.0,0
Nac-dlgA0q0,UCAGUSx1hbPKDqzBZH7bTjiA,2026-08-06 10:00:13,23644,138,9,119.75,120.25,0.25,0
NalbQWe1ZLA,UC_E_qYfGKM3C0kqrp1p8z7Q,2026-08-22 19:00:27,550,11,1,120.0,120.0,0.0,1
NaqzPtZpLdo,UCY_vDlvG-BTDRIOk_I9QQ6g,2026-08-20 07:48:02,5751,64,31,119.96,120.2,0.04,0
Q3TXEtaVuEE,UCt8CJiye87FMbEwt0npPMuQ,2026-07-16 17:26:11,1422,49,4,119.81,120.06,0.06,1
Q3lTvgc8Vy0,UC3hCAmwyYNgRuOOSFV7evVA,2026-07-30 10:00:23,40482,269,16,120.0,120.0,0.0,0
Q3nnrAUz6y8,UCUPa-gJcbYG9Ql8b9H9FBbg,2026-08-03 08:00:18,8003,158,6,120.0,120.0,0.0,0
Q3rCQGTr3_I,UCxtZZzggcfOmsW99gYkxsNA,2026-08-07 07:53:13,9865,353,31,119.87,120.12,0.12,1
Q3xd0f4Iv1s,UCyz5WVrb-cz3myY04x_kVYw,2026-08-21 11:07:08,1067,11,0,119.89,120.14,0.11,0
Q43_EsmH5uk,UC8C0Yd20ke5XqOiZvMVgM9w,2026-08-26 00:00:08,264421,81,7,119.76,120.01,0.01,1
Q4KZLmC4f9g,UC5ThQKdocwo_9UurfT5P_ww,2026-08-07 06:00:03,212871,2775,87,120.0,120.0,0.0,1
Q4Kxxg-269g,UCwBkHOTyu57NQi0syf5MLig,2026-08-18 02:00:10,101981,730,78,120.0,120.0,0.0,1
Q4LYc-WOyCo,UCEO0VQX2gD2rExNUzEnfGjQ,2026-07-26 15:40:45,6,0,0,119.82,120.07,0.07,0
Q4Xf7nf91c0,UCzVXdulvpgEoI8yuFMmhxJw,2026-08-01 14:30:08,50286,2857,37,120.0,120.0,0.0,1
Q4Z_xidLcaM,UCV6mNrW8CrmWtcxWfQXy11g,2026-07-24 14:00:24,105887,3561,73,120.0,120.0,0.0,1
Q4vF1OFCYLg,UCJmnOEp1-OITEU0mk4icM5A,2026-08-13 03:00:28,18607,194,16,120.0,120.0,0.0,1
Q5UfaM0LSK4,UCN8L7Z-dyzu9FzT39RM0fvw,2026-08-17 01:00:01,28821,360,123,120.0,120.0,0.0,0
Q5VMuSloSrA,UCkavlo6q2XfO_MA9Q24wRvw,2026-08-07 02:44:37,55,0,0,119.76,120.01,0.01,0
Q5WiaYqpRNs,UCvjzWMh2bihwlIN-WRtddkg,2026-08-12 09:00:27,2655,48,11,120.0,120.0,0.0,0
Q5ayEHvsezQ,UCoH2pCzAr6zWDG-LtUiLWRw,2026-08-30 00:00:33,267625,1946,485,119.76,120.01,0.01,0
Q5em0d-3ayY,UCdK9h1ILxS49c2LguBUY3rw,2026-08-31 12:00:33,11,2,0,120.0,120.0,0.0,0
Q61-uLzLUr4,UCq6bX1rAJqwt3LmYuHrDPqg,2026-08-26 08:30:04,58762,205,49,119.76,120.01,0.01,0
Q6IbylxW3t0,UCpX86JOUhnrzG7MK8e8Gjbw,2026-08-24 12:30:22,55830,306,156,120.0,120.0,0.0,0
Q6J36E0cj_M,UCd6CX2LiQE2dEAPXwk2N0jg,2026-07-25 10:00:29,84609,1286,220,119.99,120.24,0.01,0
Q6OyhLq558g,UCifCesg-EUkjKyQedaB3hRg,2026-08-23 15:32:07,86307,187,1,119.98,120.23,0.02,0
Q6jyrSrYfw4,UCk3w4CQ_SlLH4V0-V6WjFZg,2026-08-01 15:05:28,65963,4095,284,119.91,120.16,0.09,0
Q6nBBtB-wP0,UCpcTrCXblq78GZrTUTLWeBw,2026-08-31 09:30:35,64825,1378,27,120.0,120.0,0.0,1
Q6vnFNwTOVU,UC_m_uqd_9s0hZvlgfvCzqbQ,2026-08-23 12:12:27,1087,0,0,119.8,120.05,0.05,1
Q6y8crAUlR4,UCHZ9X2Nl3dq8ChEJgScmZCw,2026-08-17 08:00:19,33429,220,94,120.0,120.0,0.0,0
Q7BWB94rmkA,UCBmPfbqvGwTTfrV-H_UOfdw,2026-08-18 22:46:16,2066236,25197,893,119.99,120.24,0.01,1
Q7P0ResOrew,UCB4gIGaPUiLtpPreFSf8fKQ,2026-08-17 11:00:29,5088,65,24,120.0,120.0,0.0,0
Q7qWzxdH0fw,UCNmN3W2H0r5_hV2drzbEn7Q,2026-08-28 12:32:05,119987,813,53,119.98,120.23,0.02,0
Q80JEKoPrVo,UCZudBEEhIf6i8XIZZn3QDvA,2026-07-19 02:12:39,70362,2661,9,119.79,120.04,0.04,0
Q80Wu2fo7nI,UCJA6MZLzTeljmGNFaugdoWQ,2026-08-20 08:25:06,36,0,0,119.84,120.09,0.09,0
Q80ZARS7jsw,UChfs1dQ5phBDBWZJ1hHLbUA,2026-08-24 09:15:02,52417,493,78,119.76,120.01,0.01,0
Q81ghj9NGwU,UCLHwMFguUxHVSk91vzicEJw,2026-08-07 14:13:28,61655,757,118,119.78,120.03,0.03,0
Q83YuwLWsmc,UC9vI-9WYQLXKI6n9XdXXo3g,2026-08-29 03:00:07,74515,593,161,119.76,120.01,0.01,0
Q8GEXl1rQiE,UCkavlo6q2XfO_MA9Q24wRvw,2026-08-04 11:39:08,1137,2,0,119.85,120.1,0.1,0
Q8o0SmR-ic8,UC5WN-znPsJK0BbA8aHxZHWQ,2026-08-12 13:00:15,3028,49,9,120.0,120.0,0.0,0
Q8pIVD0GC_o,UCBTsPtRCh6ln3IRQFjhjh1A,2026-08-26 09:00:25,175866,1337,42,120.0,120.0,0.0,0
Q8qftkjS6OU,UCarBV0zWlC2k-HteyeKqfag,2026-07-27 09:47:39,50569,258,24,119.96,120.21,0.04,1
Q8rXT9xtM2M,UCp9skQ2mP_DfVL8c3gZQUzg,2026-08-31 18:41:39,36188,226,0,119.82,120.07,0.07,0
Q9-6sR24pes,UCN8L7Z-dyzu9FzT39RM0fvw,2026-08-21 07:00:17,13571,151,54,119.76,120.01,0.01,0
Q97akumhha4,UC-S8JFhLkQ5enhB70c2CYIw,2026-07-23 11:00:10,149458,3814,320,120.0,120.0,0.0,0
Q9K1KleBxQs,UCe0loHR-Vltq0GPHgYyzmrQ,2026-08-06 05:49:20,13304,134,5,119.93,120.18,0.07,1
Q9LI2qfYKqQ,UCAGUSx1hbPKDqzBZH7bTjiA,2026-07-22 10:00:36,48447,377,87,119.99,120.25,0.01,0
Q9V82g7qwDg,UCp6n8d8Y8r3MwKNw_MMaouQ,2026-08-09 14:45:22,3564,201,1,120.0,120.0,0.0,0
Q9Zb4Uvm_Bw,UCRE-9quk3OT2OKgZFAgdN_g,2026-08-13 15:32:46,4883,52,7,119.96,120.21,0.04,0
Q9cZlEaHKJY,UCt8CJiye87FMbEwt0npPMuQ,2026-08-26 17:00:13,8703,156,5,119.76,120.01,0.01,1
Q9k-hxABQcs,UCZ_xE8U6MVnpwefrYvl2uvA,2026-08-18 03:00:10,1997,10,0,120.0,120.0,0.0,1
Q9lnmR971Q0,UCElXDMEQqlUnuyDbChjARWQ,2026-08-28 08:38:54,76,0,0,119.86,120.11,0.11,0
Q9r8-nzQ9Og,UCV6mNrW8CrmWtcxWfQXy11g,2026-08-23 14:00:03,44964,1700,38,119.76,120.01,0.01,1
QA2hs_b2QvU,UCpcTrCXblq78GZrTUTLWeBw,2026-07-11 04:30:14,370693,3450,923,120.0,120.0,0.0,0
QA8n1BsmMPU,UCoSniqkitCpxlHrQd5L8A1w,2026-08-13 23:38:20,11554,115,9,119.86,120.11,0.11,1
QAFIWIvKGGg,UCt8CJiye87FMbEwt0npPMuQ,2026-07-27 13:00:03,3368,94,3,120.0,120.0,0.0,1
QAFmvQopwPs,UCdm06VHBWF5Mg5kYxffzikw,2026-08-09 12:16:24,32189,222,7,119.98,120.23,0.02,1
QAGXn_cOYP4,UCZ6mNZTiTUrUSbSYPlclI4A,2026-08-27 09:30:32,19998,474,19,120.0,120.0,0.0,1
QALWq5r4FdY,UCL_IvtOZo6sONpiydbzzHpA,2026-08-28 01:30:54,41043,412,18,120.0,120.0,0.0,0
QBE5rMh57Xg,UCab17MxxnFtAhGsJVTkSkCg,2026-08-23 01:38:12,1871,20,0,119.87,120.12,0.12,0
QBIim4veNJg,UCpcTrCXblq78GZrTUTLWeBw,2026-07-25 21:30:13,120845,1427,135,120.0,120.0,0.0,1
QBU4-61jDMY,UCKrprPfevcAZpPuRnCO6xOA,2026-07-28 09:15:30,41,0,0,119.99,120.24,0.01,0
QBVVygK-ruA,UCpcTrCXblq78GZrTUTLWeBw,2026-07-27 03:30:03,144209,1534,73,120.0,120.0,0.0,0
QBYsNW6LzOw,UCB4YEVYp6LynBpz7bXyZsTg,2026-07-12 12:30:02,22699,268,39,120.0,120.0,0.0,0
QBk6LKSxQ8k,UCdcjduaR6hyGHVNmpbJzSsw,2026-08-16 08:48:14,16372,171,29,119.95,120.2,0.05,0
QBlqs7cPgf8,UCxpyoLu0jWQJ71_p5zMSgSA,2026-07-23 08:56:27,29510,182,19,119.81,120.06,0.06,1
QBmqbUGsQYE,UCfQOeRevRI14uNqluiJ7TeQ,2026-08-13 07:18:08,78,2,0,119.95,120.2,0.05,0
QBrYf8NlIlU,UC_2x8h1QrTHOO0i4Yiss-ww,2026-08-29 22:00:30,69470,752,13,120.0,120.0,0.0,1
QBuZCyAaAG4,UCN8L7Z-dyzu9FzT39RM0fvw,2026-07-29 10:47:20,15141,174,25,119.96,120.21,0.04,0
QCCZ1jA1KtQ,UC3hqiw3lZAXaMwhQvMGZkdw,2026-07-28 13:15:04,3756,54,12,120.0,120.0,0.0,0
QCHUmy6lx1w,UCV7WE8I_UiAN0fa6Arezx_w,2026-07-12 21:00:35,71,1,0,119.99,120.24,0.01,0
QCKj89b9N2c,UCikKJvpU0Ylua4hRW6faQRg,2026-08-10 01:14:10,3677,100,0,119.77,120.02,0.02,0
QCXWow2CQFM,UCrGNa63AQ-rcINIoE_UqdxA,2026-08-12 19:18:14,26,2,0,119.95,120.2,0.05,0
QCboMub9cIM,UCBtJuwDt6LlXp2YASC-ZMdA,2026-08-14 11:00:24,577,2,0,120.0,120.0,0.0,1
QCg-C6WSQGo,UCby0vMKcLR05ZdS90aZd5og,2026-07-23 14:09:09,6052,4,2,119.85,120.1,0.1,1
QCiAxSunOKE,UC6JB_a6rD1lZ_aZgQvORfrQ,2026-08-04 22:30:06,3832,30,14,120.0,120.0,0.0,0
QCqxBX8p0zY,UCV6mNrW8CrmWtcxWfQXy11g,2026-08-28 01:00:09,586499,13613,329,119.76,120.01,0.01,1
QD-X0uKhehI,UCC1LvVTX2ySKYjeIXkAtvsQ,2026-08-17 11:00:05,112755,1239,210,120.0,120.0,0.0,0
QD5pwlc3tpY,UC_Cp4dXpd94km5Syq2x-xig,2026-08-24 09:03:07,158,1,0,119.96,120.21,0.04,0
QDfPMLZATsw,UCAl4HWznMn7KhKBRFO5eiFA,2026-07-23 13:53:34,6240,37,2,119.86,120.11,0.11,1
QDu95H5Pp30,UC60HSePkZwGFzRj6VSDa6Ew,2026-08-07 14:03:09,5546,65,4,119.95,120.2,0.05,0
QE-kdClhRKU,UCBexUDlBSJM2h4xZB3ch53g,2026-08-30 07:30:39,11449,160,11,120.0,120.0,0.0,1
QE49IAlUSTg,UCPGl9DV2WUgaqGVXtVrhJWQ,2026-07-13 15:00:37,6,0,0,119.99,120.24,0.01,0
QECLgNmp7CI,UCMF3M48BakI-ptofqoUqdAA,2026-08-08 16:33:00,1807,69,39,119.95,120.2,0.05,0
QEDlUor8i7I,UCPuD5ZRQWa_JCaY5NokNhtg,2026-08-08 06:53:05,575,9,3,119.87,120.12,0.12,0
QENPcMXQne4,UC8aCmG_y4DqqVI9Xlcym1Jg,2026-08-30 16:00:40,10055,158,17,120.0,120.0,0.0,0
SgksCWyIwUU,UCjyXK9pWHwWR_-bRibFaWDg,2026-08-14 14:05:46,22663,149,13,119.91,120.16,0.09,0
SgxBYdAZWkk,UCR1ctqL11HoxQkbSkoUAYeA,2026-08-14 09:16:27,37806,540,281,119.98,120.23,0.02,0
SgxYX_lNc4A,UCJDXc9JWCZo-nLNKr_-L2Ng,2026-08-31 19:00:13,9376,161,6,119.76,120.01,0.01,0
SgzEG4JTBLg,UC4oe-OVZ2Ho-03yrMkrXomQ,2026-08-31 05:00:34,257613,3598,97,119.75,120.01,0.01,1
ShCtr-zldj0,UCvuc6-wCcCeDrQ9dA52pBBQ,2026-08-30 09:45:39,16243,26,12,120.0,120.0,0.0,0
ShOhHMx3bac,UCdQHEqTxcFzjFCrq0o4V7dg,2026-08-17 00:15:19,35109,2383,353,120.0,120.0,0.0,0
ShW2v3qSOW0,UCz5LAkkX66OAW-y_WiWf9vA,2026-08-16 07:49:42,191,0,0,119.93,120.18,0.07,0
ShayIe6ZnMg,UCz5LAkkX66OAW-y_WiWf9vA,2026-08-25 11:18:03,23013,53,5,119.96,120.21,0.04,1
ShyNhwj7h78,UCuXE-MdbuaZcPt_2J2kSsSQ,2026-07-11 11:02:56,3,0,0,119.95,120.2,0.05,0
Si8CWjLVg7o,UCrKSaegnzewdj9-YLsUhoZw,2026-07-30 04:32:27,31974,197,113,119.96,120.21,0.04,0
SiDs-LukmYA,UCJzfS-WmieHog0H2OQoXkeQ,2026-08-25 07:00:17,32665,594,23,119.76,120.01,0.01,0
SiEWpsAMM1o,UCV6mNrW8CrmWtcxWfQXy11g,2026-08-27 16:00:37,34676,1241,21,120.0,120.0,0.0,1
SiM1K4ZqfaE,UCt8CJiye87FMbEwt0npPMuQ,2026-08-18 16:30:20,13728,388,17,119.76,120.01,0.01,1
SiU3a6eA1oo,UC78d2aaqdrt02RfmtRLmlAw,2026-08-29 16:00:04,17264,181,15,119.76,120.02,0.02,1
Sid6RLQyyBQ,UCIvLQ5lZ2kebqnLaGv_FP4w,2026-08-10 17:56:46,1630,13,0,119.81,120.06,0.06,0
SidifwyQWJg,UCFrKhWvZ8oeJQTNP5ZabgJw,2026-08-12 07:00:15,521686,4359,422,120.0,120.0,0.0,1
SimzSq3tj7k,UCdZNJItzkmKrpwtQ3cxTEVA,2026-08-01 13:14:43,16003,149,66,119.76,120.01,0.01,0
SitXisP_m5Q,UCHeg3ApmuXQbqqszaD1fR9g,2026-08-20 14:59:27,90,7,0,119.76,120.01,0.01,0
SiyS3ZNW59s,UCdK9h1ILxS49c2LguBUY3rw,2026-08-08 12:00:14,9,2,0,120.0,120.0,0.0,0
Sj0q4JDhPgo,UCifCesg-EUkjKyQedaB3hRg,2026-07-27 00:40:01,36856,1564,12,119.83,120.08,0.08,1
SjF9lf7ZTOY,UCp6n8d8Y8r3MwKNw_MMaouQ,2026-08-30 17:24:50,9856,327,1,119.85,120.1,0.1,1
SjH6ebzBicI,UCkNUuK9EfixaK2HbJYZ5YrQ,2026-08-19 01:42:41,389509,23633,679,119.8,120.05,0.05,1
SjHqIkR68vQ,UClvMduw1MDMQ0PuH753-XSA,2026-07-29 01:12:17,6783,139,1,119.8,120.05,0.05,0
SjpYlUdk40k,UCw1DsweY9b2AKGjV4kGJP1A,2026-08-23 09:00:26,68914,253,30,119.76,120.01,0.01,1
SjtoctLfC3Y,UC2yOBpLVwB7kzt9C5ZPbB7w,2026-08-02 20:00:18,355300,5470,55,120.0,120.0,0.0,1
Sjw8zBXM1lg,UCt8CJiye87FMbEwt0npPMuQ,2026-08-06 15:45:38,21188,694,67,119.99,120.24,0.01,0
Sk-MdpQwi1E,UCL_IvtOZo6sONpiydbzzHpA,2026-08-27 04:42:19,69951,680,10,119.81,120.06,0.06,0
Sk2kjFFkNgE,UCt8CJiye87FMbEwt0npPMuQ,2026-08-07 15:00:01,2688,107,5,120.0,120.0,0.0,1
SkEOUV5pp_Q,UCpwGBltfwjd_fIzp5cb5R0w,2026-08-16 00:30:38,178954,2027,239,119.99,120.24,0.01,1
SkGsfqtBMJQ,UC4cKHOBS-nRfKFTwf1n8HGA,2026-08-23 02:00:16,82,,1,119.76,120.01,0.01,0
SkJBtWKKgLY,UCpcTrCXblq78GZrTUTLWeBw,2026-08-29 13:30:30,104929,544,32,119.76,120.01,0.01,0
Sk_V6Ph7UUg,UC-8S20Ll1gzPiu_YY8BgyaQ,2026-07-18 10:34:50,25027,305,8,119.92,120.17,0.08,1
SkaozCnSimo,UCPsZX-D7LW99PjZLA-UysPQ,2026-08-25 09:00:16,1139,15,4,119.76,120.01,0.01,0
SkxzvO18H7g,UCkavlo6q2XfO_MA9Q24wRvw,2026-08-01 03:51:26,76,0,0,119.9,120.15,0.1,0
Sl7tK9Up41s,UCUbOogiD-4PKDqaJfSOTC0g,2026-08-31 00:31:38,137914,276,22,119.99,120.24,0.01,1
SlkTKR-oUW0,UCkmUJzaZfP7Wsb5-89pAK4Q,2026-07-25 06:31:08,1813,35,0,119.98,120.23,0.02,0
SloJ03-Kc44,UCL_IvtOZo6sONpiydbzzHpA,2026-08-03 11:40:19,351261,5325,92,119.83,120.08,0.08,0
Sm8DsO4unDo,UCD9tj7ATjYkyPyWXK_ewNXQ,2026-08-17 13:01:45,285,14,0,119.97,120.22,0.03,0
SmK9X43N4Iw,UCei_ecYpQqFjYhjLaDPr2Lw,2026-08-08 01:32:21,58,3,0,119.96,120.21,0.04,0
Sn9TpuGyx4E,UCe0loHR-Vltq0GPHgYyzmrQ,2026-08-08 09:08:43,525,7,0,119.86,120.11,0.11,0
Sn9golUvbK8,UCV6mNrW8CrmWtcxWfQXy11g,2026-08-06 06:00:19,293996,13370,133,120.0,120.0,0.0,1
SnRvPkzWzhg,UCYJDUekoQz0-bo8al1diLWQ,2026-07-15 09:10:47,445926,5320,478,119.82,120.07,0.07,0
SnUKEWsu9ec,UCvx8JsZvDVER74lG39dN9nw,2026-08-18 22:00:37,17617,276,29,120.0,120.0,0.0,1
SnW3XxAbYOA,UCxtZZzggcfOmsW99gYkxsNA,2026-08-20 01:00:51,558,3,2,119.99,120.24,0.01,0
SoGpBKPE2-4,UCeRn_02zEifLqXxZkTpiXzA,2026-08-28 00:28:17,72248,162,199,119.79,120.04,0.04,0
SoID8zRRdYk,UC8a9-ubjMyQkDH9Jr8EX0JQ,2026-07-20 12:28:36,39,1,0,119.77,120.02,0.02,0
SoIx03W4-WA,UCAJ-meoCh1TrPZ7La3UpPrw,2026-08-14 12:12:27,81424,1549,87,119.8,120.05,0.05,0
SoJMpsBfSq4,UC8CIM3d3zDYMk-3T5aAz0yw,2026-08-01 10:13:27,604473,18995,1208,119.78,120.03,0.03,0
SoQQaEH96JE,UCifCesg-EUkjKyQedaB3hRg,2026-08-24 02:52:29,30743,983,8,119.89,120.14,0.11,1
SoZq4G6yPs0,UCkphwoGMBs2_0raLOqu9aQw,2026-08-04 12:00:15,65,2,3,120.0,120.0,0.0,0
SojaDigsbk8,UCDLDbittWhk2KXvaCT0YpZQ,2026-07-24 09:00:05,53015,1439,124,120.0,120.0,0.0,0
SoknNbcBE24,UCMswODzU1ZjjrLyUk7NfwPA,2026-08-13 09:16:29,29964,463,38,119.98,120.23,0.02,1
SoluK3tN8Q4,UCN5oT4zGJX-_H6pE5isAEeg,2026-08-28 22:00:28,591888,13953,802,120.0,120.0,0.0,1
SouJRav0i5o,UCbFzvzDu17eDZ3RIeaLRswQ,2026-07-31 14:41:10,1777907,44201,3600,119.82,120.07,0.07,0
SowlKmuZ0Fs,UCybn_0S0Ec6Il1ZhiQM1Vww,2026-08-19 09:00:11,18230,79,92,119.76,120.01,0.01,0
SozPYExFLMw,UCikKJvpU0Ylua4hRW6faQRg,2026-08-15 11:21:06,3470,111,0,119.9,120.15,0.1,0
SpARO7927hA,UCYG8tuvbQzWsDeoADyJFU8Q,2026-08-01 20:41:34,3209,60,4,119.81,120.06,0.06,0
SpHmt0I736w,UCCiKOocVSjyb2rsbL_Aanhw,2026-08-15 22:52:16,15846,91,34,119.88,120.13,0.12,0
SpJad2OY3x0,UCZ8QkhF9gSHi8IL8I4rFrOA,2026-08-07 10:45:10,28101,407,45,120.0,120.0,0.0,1
SpqVKpDQ9cc,UCby0vMKcLR05ZdS90aZd5og,2026-08-17 17:11:37,1442,6,4,119.81,120.06,0.06,0
SqFFKuhWXws,UCPI40-XQA9-GBGj2k8PPqfg,2026-08-09 08:50:10,123010,1808,148,119.92,120.17,0.08,0
SqYWtiD02zU,UCpnnUKmAQKgVinEV-lV-N2g,2026-07-29 09:30:38,24183,432,33,119.99,120.24,0.01,1
SqaCWXVcfXA,UCPGl9DV2WUgaqGVXtVrhJWQ,2026-08-13 15:00:18,30,1,0,120.0,120.0,0.0,0
SqaGNsXuv-g,UCt8CJiye87FMbEwt0npPMuQ,2026-08-22 14:45:36,9254,284,48,120.0,120.0,0.0,1
Sqp6iPiyNWw,UCzDmGDR5RdahQkLCBoWlTEg,2026-08-08 03:00:35,67503,327,11,119.99,120.24,0.01,1
Sqw-76Z949Q,UCN5oT4zGJX-_H6pE5isAEeg,2026-08-02 22:00:12,1358936,16239,1260,120.0,120.0,0.0,1
SrM9dh6sQ6c,UCw1DsweY9b2AKGjV4kGJP1A,2026-08-28 04:00:11,18539,109,10,119.76,120.01,0.01,0
SrXCOsUTOq0,UCV7WE8I_UiAN0fa6Arezx_w,2026-07-26 16:00:01,59,1,0,120.0,120.0,0.0,0
Ss9z8-4GgUQ,UCAl4HWznMn7KhKBRFO5eiFA,2026-08-15 13:17:10,2964,13,0,119.97,120.22,0.03,0
SsGUVHw-Zcg,UCcum1rCJ5GJeQ_xv0xrohqg,2026-08-11 04:01:17,24045,1070,33,119.98,120.23,0.02,1
SsIPNl3pDGQ,UCEuP8zMn3ln3ZqJa85dp9JQ,2026-08-20 08:45:06,12917,581,26,120.0,120.0,0.0,0
SsNKgq2MmZU,UCbFLnCfOet-u_kFyA7uX-9Q,2026-07-22 04:06:22,47864,829,468,119.9,120.15,0.1,0
SsVfUEr4cHM,UCV6mNrW8CrmWtcxWfQXy11g,2026-08-15 23:04:44,32449,763,36,119.92,120.17,0.08,0
SsZEc5fEviM,UCVqmxk6oNOHj9RFVo4uP_lw,2026-07-29 23:00:30,34831,822,52,119.99,120.24,0.01,1
St16B4ULj0k,UCJN5mgLqkPCTVC5v-12gKjQ,2026-08-25 11:00:33,3932,180,33,120.0,120.0,0.0,0
StDfHyU5SJ4,UC5H8Wt-1q_tnn-m4tDTqbUw,2026-07-22 12:35:36,951,13,3,119.91,120.16,0.09,0
StE7QODKzkE,UCYsRymb9vAsOOLBy-Wo1kRg,2026-08-18 09:56:01,1446,15,6,119.83,120.08,0.08,0
StQltBUQMDQ,UCS-X1uBDTNwAYyydiXjcX9A,2026-08-25 03:32:05,4145,33,9,119.98,120.23,0.02,1
Ste6OYi91jY,UCBW_PhuXoHk40xF6nO0Q64w,2026-08-19 04:49:48,5107,137,35,119.93,120.19,0.07,0
StwNitIcNLo,UCd9oeoY-jLSkhd-J5y_1aYg,2026-07-14 13:18:55,654,7,0,119.94,120.19,0.06,0
Kq3Y3FZ1UgY,UCeG0ONJtjwE20ThR5iSYdsA,2026-08-02 14:43:40,23005,433,80,119.77,120.02,0.02,0
Kq4Ze8YtWOg,UC2WBkFH1nHcO6aFLWo6sZQg,2026-08-08 16:26:21,75016,1167,7,119.81,120.06,0.06,1
Kq6hUJoTwcM,UC2yOBpLVwB7kzt9C5ZPbB7w,2026-08-06 20:00:22,64308,968,27,120.0,120.0,0.0,1
Kq8UoQdjo6c,UCQDGJQe8X9tbk_i8Na3VVXg,2026-08-09 21:46:29,84,4,0,119.98,120.23,0.02,0
KqTOO31Gx-Y,UCYGF_xk5RDpltyZDSx040uw,2026-07-28 04:16:44,25901,278,22,119.97,120.22,0.03,0
KqV2C7YOdiE,UC5ThQKdocwo_9UurfT5P_ww,2026-08-07 00:00:22,376386,5621,129,120.0,120.0,0.0,1
KqW0q6wCFpM,UC9vI-9WYQLXKI6n9XdXXo3g,2026-07-30 02:15:33,11893,122,21,119.99,120.24,0.01,0
KqjLllXhhzE,UCS-X1uBDTNwAYyydiXjcX9A,2026-08-07 03:00:32,3614,59,10,120.0,120.0,0.0,0
KqnNqeiDm9k,UCBvKuSAkXERBnGSQOH0Sarw,2026-07-26 17:14:35,16346,172,3,119.76,120.01,0.01,0
KqqhbFLK7eA,UCBmAvrPyyiohq552LjQvPww,2026-07-13 09:15:33,3167,37,9,119.99,120.24,0.01,1
KqyyqK_H5LU,UCEg24oF81p-THPtp3otdmTA,2026-08-28 09:15:35,169607,3472,111,120.0,120.0,0.0,1
Kqz26qS4ldc,UCpI-AhCT02iQRGLC2ZcY0Jw,2026-08-04 09:00:38,48105,455,390,119.99,120.24,0.01,0
Kr-QlVsoItg,UCrY2B2XX41ReYh9DIWrFfCg,2026-08-29 09:55:56,9614,,10,119.83,120.09,0.09,0
Kr9xOxbedz8,UCBS4sjbGJIcclT-Y6i_Jzkg,2026-08-18 18:43:22,27843,560,4,119.79,120.04,0.04,1
KrJZltXw7kg,UCgeazIBHz3JS7ft7_nyj-0A,2026-08-18 08:00:38,22806,113,27,120.0,120.0,0.0,0
KrUY9mcLlyo,UCSzHok6X5qXEO7cjvVnE62g,2026-07-28 10:00:10,35924,204,42,120.0,120.0,0.0,0
KrbixYKPUdE,UCMswODzU1ZjjrLyUk7NfwPA,2026-08-13 09:43:36,17730,518,30,119.78,120.03,0.03,0
Ks7zLWIQqVE,UC8rbhIem-3aAsNXhTDI-nSA,2026-07-22 22:00:04,117371,2125,134,120.0,120.0,0.0,0
KsO3GYW-mjs,UCHJv9xBR9lkzGSIepie-T_A,2026-08-25 21:30:00,1905,24,1,119.76,120.01,0.01,0
KsRioEc7Viw,UCbFLnCfOet-u_kFyA7uX-9Q,2026-08-21 07:44:53,22202,457,71,119.76,120.01,0.01,0
KsSbc_qkNH4,UC7hwQp3F6P_OwyRM14p88iQ,2026-08-12 15:32:32,31702,226,0,119.96,120.21,0.04,0
KsV6wNOjgJU,UCa2liSwjQST4AGcg6LFQakQ,2026-08-05 04:00:20,4,2,0,120.0,120.0,0.0,0
Ksr91zdwBFs,UC9DNu8JRIcE-rpo9eBx1ffw,2026-07-23 10:44:40,14442,119,22,119.76,120.01,0.01,0
KszOTxxxN24,UCw1DsweY9b2AKGjV4kGJP1A,2026-08-20 08:00:20,68551,147,16,120.0,120.0,0.0,1
Kt-br92zakU,UCy8OX8RrstkjRrnM5hND_ug,2026-08-24 12:12:55,1828,40,0,119.55,120.05,0.05,0
Kt0jhLx22yA,UC7SIaeUWuuIrWTIOBpayDVQ,2026-08-31 16:36:25,33182,158,17,119.91,120.16,0.09,0
Kt19MwxUEi8,UC_2x8h1QrTHOO0i4Yiss-ww,2026-08-01 10:00:00,58388,607,13,120.0,120.0,0.0,1
Kt8-pjBUddQ,UChKYbZ9fSz8DMM6wU-t1lMQ,2026-08-15 04:30:24,16528,320,9,120.0,120.0,0.0,0
KtCE_jUXcT0,UCV7WE8I_UiAN0fa6Arezx_w,2026-08-08 13:00:12,27,0,0,120.0,120.0,0.0,0
KtFh7U68A_c,UC5ThQKdocwo_9UurfT5P_ww,2026-08-16 10:58:02,370615,4774,107,119.79,120.04,0.04,1
KtIBQTX-K7Q,UCWVS5IJOkNnkKS5rjiAt9rw,2026-08-15 23:21:29,41752,370,61,119.89,120.14,0.11,0
KtL3e5vkMvE,UC3DYSay178fMMPaf3zHwECA,2026-07-11 08:00:18,298999,6020,59,120.0,120.0,0.0,1
KthGywf7YSQ,UCYGF_xk5RDpltyZDSx040uw,2026-08-10 03:02:21,42215,308,59,119.96,120.21,0.04,0
KtrAfHxlvGw,UCkNUuK9EfixaK2HbJYZ5YrQ,2026-07-31 09:54:11,20129,774,179,119.85,120.1,0.1,0
Ku-7N4YvCeA,UC1dG3vI9FfHnH3YgyeKUz_A,2026-07-17 14:34:25,227384,1113,259,119.93,120.18,0.07,0
Ku0VPRVeeP8,UCt15X5eHLwyP8PpNtQTkuDQ,2026-08-19 11:02:03,297856,1809,390,119.98,120.23,0.02,0
Ku2TSVfQxYY,UCnCFD3met1Ip7OngdF9TRDg,2026-08-27 03:42:24,24148,305,23,119.81,120.06,0.06,0
KuKWfA2brMY,UCOTJtP0Z9DjpPU43B5m1V6A,2026-07-24 02:30:22,148991,1481,105,120.0,120.0,0.0,0
KuSEtPPOqG4,UCKYdD83f363lIzcAwwhB-_A,2026-08-21 17:04:59,3953,18,0,119.93,120.18,0.07,0
Kuz2S2LeB0M,UCAVR6Q0YgYa8xwz8rdg9Mrg,2026-07-31 13:15:27,35750,1407,44,120.0,120.0,0.0,0
Kv4h-bZ6NYw,UCE8JC9RAVSudDT_8Ji1fuPQ,2026-08-07 08:45:23,204909,2525,146,120.0,120.0,0.0,0
KvNvXc_b_xU,UCepHesz_5Lwr7qRaqjB-p1A,2026-07-20 02:40:23,119094,3263,705,119.83,120.08,0.08,0
KvOtGYtHoMI,UCEJF0q0SqEJ64uA9LCXuSrQ,2026-07-19 07:45:17,1194,52,23,120.0,120.0,0.0,0
KvQStDrlAwo,UCGVy07wZs8W-EpKAGchrmCQ,2026-08-26 10:25:06,12549,55,15,119.84,120.09,0.09,0
KvV8ygXoCjc,UCJDXc9JWCZo-nLNKr_-L2Ng,2026-08-10 14:00:04,1886,76,4,120.0,120.0,0.0,0
Kv_ynUQfubk,UCQDGJQe8X9tbk_i8Na3VVXg,2026-08-02 13:45:43,41,1,0,119.99,120.24,0.01,0
KvyXtGwHhng,UCYGF_xk5RDpltyZDSx040uw,2026-07-15 04:21:49,71424,986,49,119.89,120.14,0.11,1
Kw-hCE-wJTg,UCIvLQ5lZ2kebqnLaGv_FP4w,2026-08-28 16:51:42,5424,11,0,119.9,120.15,0.1,0
Kw2TxFAClGE,UCCd3jyJmOFzkJEMj5Bp89rw,2026-08-25 15:37:33,11198,515,37,119.89,120.14,0.11,0
Kw9jw0XDnbM,UCPGl9DV2WUgaqGVXtVrhJWQ,2026-08-25 15:00:35,53,0,0,120.0,120.0,0.0,0
KwcE-6SoRWo,UC0FUMakBJHsRrfKCGQuWnRA,2026-08-15 11:45:18,26539,138,276,120.0,120.0,0.0,0
KwcmUpUfviw,UC_Xb6sEXAdNv9nHU4988vmg,2026-07-23 11:00:06,25296,,3,120.0,120.0,0.0,1
KwlQcyeJguU,UCyoSQyaCrZHro6F_nBiXIYg,2026-08-11 19:42:53,189490,1144,164,119.79,120.04,0.04,0
KwpM8Erk2_E,UCCiKOocVSjyb2rsbL_Aanhw,2026-07-29 11:03:03,30179,122,110,119.95,120.2,0.05,0
Kx-1Z50FapM,UCvfEv6nBnL0QlKqyGmL0orQ,2026-08-15 00:00:14,21263,103,18,120.0,120.0,0.0,0
KxIdTm7m3lY,UCkrNv6xF8j7QZmWb3UeAH8A,2026-08-28 08:57:27,48938,71,18,119.8,120.06,0.06,0
KxQ9Xl1xUag,UCo33r3SAf5z9MS-lrXV2aOQ,2026-08-11 09:00:02,174966,1655,28,120.0,120.0,0.0,1
KxX6X2PBMcA,UC9DNu8JRIcE-rpo9eBx1ffw,2026-07-24 09:49:02,5073,30,9,119.94,120.19,0.06,0
Kx_vcygKsd8,UCRq3CDTZ2qe3HiHrZdQKBvQ,2026-08-17 13:23:10,2755,18,1,119.87,120.12,0.12,1
Kxk7QSl5y94,UCgRJPSNPfkne9kBdy7TBgHw,2026-08-17 02:25:51,28,1,1,119.82,120.07,0.07,0
KxpcAHY780k,UCJA6MZLzTeljmGNFaugdoWQ,2026-07-30 07:00:18,1399,6,0,120.0,120.0,0.0,1
Ky3OmgjSGrU,UCnju7ULBic4VgkCfDvVXCnA,2026-08-07 00:31:17,13582,270,0,119.98,120.23,0.02,0
KyW3hunQpAM,UCWU2V62eLE3oQ7AjIGS2STQ,2026-07-23 12:57:52,277,5,1,119.79,120.04,0.04,0
KyyoRNAJIdo,UC3DYSay178fMMPaf3zHwECA,2026-07-12 04:15:06,19242,724,33,120.0,120.0,0.0,0
KyyuE7ClNI0,UCpcTrCXblq78GZrTUTLWeBw,2026-07-29 08:30:13,921616,13803,1186,120.0,120.0,0.0,0
KzAhekhP52Q,UCzSODDx0zQF3nxXOZISCm_w,2026-08-02 10:00:36,170,2,0,119.99,120.24,0.01,0
KzYi5-_cKXs,UCzSODDx0zQF3nxXOZISCm_w,2026-08-24 13:30:02,999,3,1,119.76,120.01,0.01,1
KzdrOl7sdjw,UCElXDMEQqlUnuyDbChjARWQ,2026-08-18 04:34:34,241,1,0,119.93,120.18,0.07,0
Kzu8MoAdv4w,UC6YqXiwCBfPvPTs3wXgWElQ,2026-08-24 06:36:50,7951,26,0,119.9,120.15,0.1,1
L-3N6QDttSE,UCmcBe97VA2LqVEQUeeZl6Ew,2026-07-27 09:00:17,125640,673,93,120.0,120.0,0.0,0
L-9NI3mHZVo,UC6VcWc1rAoWdBCM0JxrRQ3A,2026-08-28 01:01:21,725885,21270,544,119.99,120.24,0.01,1
L-JnpqFjCzQ,UCFrKhWvZ8oeJQTNP5ZabgJw,2026-08-22 04:03:23,300519,3166,395,119.95,120.2,0.05,1
L-VfFI7vwl0,UCt8CJiye87FMbEwt0npPMuQ,2026-08-12 12:30:06,5320,190,6,120.0,120.0,0.0,0
L-b7V7vRk1M,UCnhGcri8x6xhehanhAe9ipw,2026-07-15 10:17:19,30452,630,56,119.96,120.21,0.04,0
L-i7Wv0zMTU,UChKYbZ9fSz8DMM6wU-t1lMQ,2026-08-14 10:00:07,22453,642,9,120.0,120.0,0.0,0
L-ssmyxRHnU,UCv1tOT645xHOJrwdGlzjMaA,2026-08-21 11:59:52,37501,935,22,119.76,120.02,0.02,1
L-xF4msh2j4,UCjBPx2oip2bKnnfqKyas0ew,2026-08-07 13:30:40,4008,87,8,119.99,120.24,0.01,1
L018PRMbeqM,UCoovEJW0dyTWwHiblWDWvyQ,2026-08-28 02:30:16,25283,162,22,119.76,120.01,0.01,1
L04PegC8mD0,UCpn9dP1b5BhBsU9SduEz1hA,2026-08-29 02:00:06,39236,204,18,119.76,120.01,0.01,0
L0L0nUFF8pM,UCgLFbrC7-g0ihBKB0obVPTg,2026-08-31 14:07:01,1740,19,3,119.9,120.15,0.1,0
L0VrRioDWIM,UCw1DsweY9b2AKGjV4kGJP1A,2026-08-24 08:00:21,77808,360,111,119.76,120.01,0.01,0
Nawq3T8Jai0,UCiVO_mThS9B3tNc_kzpn-3g,2026-07-27 16:54:39,59892,873,20,119.84,120.09,0.09,1
Naysiv8Udr8,UCV6mNrW8CrmWtcxWfQXy11g,2026-08-22 20:43:48,86973,2264,163,119.78,120.03,0.03,0
Nb8UuQPiFc4,UCHJv9xBR9lkzGSIepie-T_A,2026-08-19 21:30:09,1813,19,0,120.0,120.0,0.0,0
NbGW7i6UWnk,UCFCt5RYu41HTg4eX1jdHNxw,2026-08-20 01:14:11,13531,82,1,119.77,120.02,0.02,0
NbJZz3vmuyc,UCe-7GwWL1XNlCJyfqBhgrHA,2026-07-26 11:39:30,23375,477,6,119.84,120.09,0.09,1
NbX2HeYiBao,UCt8CJiye87FMbEwt0npPMuQ,2026-07-30 08:00:39,1610,48,6,119.99,120.24,0.01,1
NbYS8uEfV9o,UCY_vDlvG-BTDRIOk_I9QQ6g,2026-08-14 02:20:10,3851,36,14,119.92,120.17,0.08,0
NbbTIw0S_AY,UCVZ0SJNurJAv-6hV5VEGB2A,2026-08-22 02:00:38,70971,1522,343,120.0,120.0,0.0,0
NbdZ21IwJ9g,UCJGww2K__Q3y-MtDi0XWH2w,2026-08-21 06:00:21,194842,4038,153,119.76,120.01,0.01,0
NbdtxJuzUc0,UC2U8C7lmbQpfBeAW8fTP_jg,2026-07-23 06:19:26,12075,307,26,119.93,120.18,0.07,0
NbjlhuHQoCg,UC2yOBpLVwB7kzt9C5ZPbB7w,2026-07-26 04:00:21,64117,841,21,120.0,120.0,0.0,1
NbtEE8juSic,UC0FUMakBJHsRrfKCGQuWnRA,2026-07-24 13:33:47,78317,618,682,119.94,120.19,0.06,0
Nc47trlRvFM,UCV7WE8I_UiAN0fa6Arezx_w,2026-07-29 06:00:24,151,0,0,120.0,120.0,0.0,0
Nc4ss75CicQ,UC4ncZM9bnBknxPkJbq4miHQ,2026-08-14 10:00:20,42690,757,72,120.0,120.0,0.0,1
NcIGZ3hDJQg,UCD8r5Jgns2V64-NcUmXclpg,2026-07-24 03:15:37,73310,415,49,119.99,120.24,0.01,0
NcRRJq-ZN9k,UCT-UsvGz4gm7lezXvCEex9A,2026-08-30 05:00:26,555,17,1,119.76,120.01,0.01,0
NcSsh7yXZPU,UCPuD5ZRQWa_JCaY5NokNhtg,2026-08-02 16:58:27,254,7,2,119.78,120.03,0.03,0
NcUwDjXkrcA,UCw-JzmPsjRcbzJLncr4pIIA,2026-07-23 12:30:15,197574,2955,264,120.0,120.0,0.0,0
NcXHQ_uO6uY,UCnhGcri8x6xhehanhAe9ipw,2026-07-13 11:21:23,28948,541,99,119.9,120.15,0.1,0
Nd2BKCbdCV0,UCw1DsweY9b2AKGjV4kGJP1A,2026-08-31 08:02:25,125055,228,78,119.97,120.22,0.03,0
Nd74js2XmO8,UCbeQg95cAxVRsxxh6FyilxA,2026-07-16 12:35:08,11562,45,11,119.92,120.17,0.08,0
Nd78EzQmpSA,UCp6n8d8Y8r3MwKNw_MMaouQ,2026-08-02 17:22:10,17558,441,8,119.88,120.13,0.12,1
Nd83eNIKA8g,UCyoSQyaCrZHro6F_nBiXIYg,2026-08-21 19:29:02,140684,601,109,119.78,120.03,0.03,0
NdGbuVyWCAw,UCwBkHOTyu57NQi0syf5MLig,2026-07-25 08:00:14,122574,1149,72,120.0,120.0,0.0,1
NdJPykEzKh0,UC5pdoCANExIVI4yf6DVoxew,2026-07-16 12:51:07,2075,25,15,119.9,120.15,0.1,1
NdhvJBcXdmE,UCV6mNrW8CrmWtcxWfQXy11g,2026-08-18 06:00:11,495406,24838,135,119.76,120.01,0.01,1
NdxdlupiDDU,UCt8CJiye87FMbEwt0npPMuQ,2026-07-23 04:04:06,32716,1535,81,119.93,120.18,0.07,0
Ndyek6Hu0Nw,UCkvz_CZlthtVo7E2sGa43cg,2026-08-01 12:19:57,63093,1128,76,119.92,120.17,0.08,0
NdzToODNV1M,UChEATwTajZl4Wjypr0cBj3w,2026-08-14 18:30:11,6289,444,245,120.0,120.0,0.0,0
NdzuUDdoEsk,UCwBkHOTyu57NQi0syf5MLig,2026-08-13 02:00:30,437406,1938,213,119.99,120.24,0.01,1
Ne4IN5j8C4I,UCt15X5eHLwyP8PpNtQTkuDQ,2026-08-29 05:50:14,508716,1457,272,119.93,120.18,0.07,0
NeObEdMBot0,UCt8CJiye87FMbEwt0npPMuQ,2026-07-17 12:00:39,14706,489,45,119.99,120.24,0.01,0
Nec3wXbPx6Q,UCYooECrv-fIXlPaDwEIaveA,2026-07-31 09:01:11,30404,369,35,119.98,120.23,0.02,0
NedQsLQStaI,UCms8Ge7H1ZGgw6nV94fUhUQ,2026-08-31 09:00:25,46680,484,44,119.76,120.01,0.01,1
NemF87jFpRo,UCQzgMwT5Q6x-Mtq65HRS_0Q,2026-07-26 15:02:01,151,10,0,119.97,120.22,0.03,0
Nes-OLTzlQQ,UCOTJtP0Z9DjpPU43B5m1V6A,2026-07-29 05:22:21,142924,1256,54,119.88,120.13,0.12,1
Nf0m6yKLNxA,UCjiPEaapiHbJMoAdi_L8fNA,2026-08-29 17:00:54,205946,742,267,120.0,120.0,0.0,1
NfBlsstb018,UC6aF-skLT_1X6cdPJxVJXxQ,2026-08-31 08:00:20,493342,11281,148,119.76,120.01,0.01,1
NfFnpYceeYU,UCgT-gb3favw2jQgwxbbwwaA,2026-08-21 11:00:28,75665,452,22,120.0,120.0,0.0,0
NfGk1-m_6X8,UCz4b1O9sT73P8DWwx6OvQwg,2026-08-05 08:33:48,36980,697,16,119.94,120.19,0.06,1
NfIA-u54brk,UCS2OAdHoLt-9T6cG9A2H49Q,2026-08-14 03:00:36,20562,219,90,119.99,120.24,0.01,0
NfYD6FuPfIU,UCyU5JQ8KVRD9jE4E_xLsHxw,2026-08-06 09:00:06,56,2,0,120.0,120.0,0.0,0
NfZA5VHeZWE,UC14G5tdSndPhP47RTVgMXcg,2026-08-21 06:16:06,2363,101,13,119.99,120.24,0.01,0
Nffm21UtBlY,UC-2JsFNClcIesgd7UmtGnpw,2026-07-26 02:00:03,87671,2800,74,120.0,120.0,0.0,1
NfhO4wL9aWo,UC1Ns07Rw0lQK-KuaPHfRRTw,2026-08-11 13:16:21,81,0,0,119.98,120.23,0.02,0
Nfpghach3PI,UC9M8GGVwPqc9ubNruArCNPg,2026-08-05 08:00:03,720891,2476,67,120.0,120.0,0.0,1
Ng-1GfOM978,UCOaUTqrtz1yBBiwziVJEAmQ,2026-07-27 17:00:35,4307,33,4,119.99,120.24,0.01,1
NgC0rn8XzDo,UCJGww2K__Q3y-MtDi0XWH2w,2026-08-02 06:00:12,118728,1938,69,120.0,120.0,0.0,0
NgIpLdCUEWk,UCAl4HWznMn7KhKBRFO5eiFA,2026-07-20 10:00:14,4063,58,15,120.0,120.0,0.0,0
NgKAsRK6NI4,UC-StHq1pWM-t4XS9ycZpn9w,2026-07-19 00:46:04,11784,231,88,119.98,120.23,0.02,0
Ng_9eXT1GUE,UCifCesg-EUkjKyQedaB3hRg,2026-08-23 15:30:41,312645,2659,5,120.0,120.0,0.0,0
NgyM_MtVKYc,UC8rbhIem-3aAsNXhTDI-nSA,2026-08-29 02:11:06,39895,1468,44,119.83,120.08,0.08,1
Nh2Ywe8plHc,UCp6n8d8Y8r3MwKNw_MMaouQ,2026-08-23 19:17:26,14420,591,4,119.97,120.22,0.03,0
Nh3ctGJ9Bzg,UC8E29ANOC3_OuB7_5EPY2xw,2026-07-23 15:51:22,657,3,0,119.89,120.15,0.11,1
NhJ33ALQ96w,UCt8CJiye87FMbEwt0npPMuQ,2026-07-20 18:00:33,2380,60,12,119.99,120.24,0.01,1
NhTQnk3_NbU,UCeBa5aBvHvly34S0Uk9Wqig,2026-08-13 17:09:23,1341,12,0,119.85,120.1,0.1,0
NhUbPkkQCKE,UCJDXc9JWCZo-nLNKr_-L2Ng,2026-08-28 16:16:55,2464,64,7,119.98,120.23,0.02,0
NhYcFGK0v7E,UCz5UFGucIyJGH0nf_8d0ghA,2026-07-24 07:00:30,3871,61,20,120.0,120.0,0.0,0
NhcOFGYfxu0,UC9vz3TBChrJmYbzUo-rqfSg,2026-07-28 02:14:42,22624,200,57,119.76,120.01,0.01,0
NhehkJ7GVhk,UCW_Ptq0v8ck67w9oKiwXz2g,2026-07-24 02:13:49,167,1,0,119.77,120.02,0.02,1
NhjKF3fkpX0,UCab17MxxnFtAhGsJVTkSkCg,2026-07-31 13:28:41,413,10,1,119.77,120.02,0.02,0
Nhm25t69VIY,UCw1DsweY9b2AKGjV4kGJP1A,2026-08-17 08:01:23,81738,295,335,119.98,120.23,0.02,0
Ni6kNGTgD5g,UCSl8TBqqflby-ymdEQVfRNQ,2026-08-09 16:04:30,16811,325,70,119.93,120.18,0.07,0
NiByu-43HM4,UCei_ecYpQqFjYhjLaDPr2Lw,2026-08-01 00:48:53,65,1,0,119.94,120.19,0.06,0
NiTY9SvlKpY,UCaY7wcqhFb_c2eQ1eRB8rOQ,2026-07-24 11:00:39,19976,1070,36,119.99,120.24,0.01,0
NihyCUSiC6M,UCAtGPbK4AWmeoaREsNLLZhg,2026-08-14 07:43:40,44956,935,68,119.78,120.03,0.03,1
NirIUoxdq9c,UCa4clnMsHg6uJPpxKbxCEmA,2026-08-27 07:00:39,11504,94,30,120.0,120.0,0.0,0
NivVl4NEsio,UC2yOBpLVwB7kzt9C5ZPbB7w,2026-08-08 12:00:11,49397,846,62,120.0,120.0,0.0,1
NjBdRQFu9wc,UC00raQBBBGagQthJ01ZYIIQ,2026-08-29 06:30:28,50789,359,15,120.0,120.0,0.0,1
NjFCcc8FIRo,UCIxcZWLQpP-mUZC6_Uljc_Q,2026-08-07 04:00:36,12629,38,40,120.0,120.0,0.0,0
NjNHTSK3hxQ,UCBtJuwDt6LlXp2YASC-ZMdA,2026-08-26 10:00:35,636,11,0,120.0,120.0,0.0,0
NjO4STGCUjk,UCxPMcxq7WJ32M3lnFn58Cpg,2026-07-17 10:28:21,8517,59,3,119.78,120.03,0.03,1
NjP75vCPTjw,UC5Yx9RlmznXDUEIrfoSqheA,2026-08-14 04:50:10,133,3,0,119.92,120.17,0.08,0
Nk7DhcmyXy4,UCHoo90P0hvh2rrbGvX53G0A,2026-08-03 02:06:36,41242,1368,43,119.89,120.14,0.11,0
NkLsKNOVbxI,UCv1tOT645xHOJrwdGlzjMaA,2026-08-27 07:00:47,18665,298,5,120.0,120.0,0.0,0
NkbtjdxNanI,UC3pTpoDKt17IrCDH60kSNPA,2026-08-20 04:48:46,1007,28,5,119.94,120.19,0.06,0
NkdiMJysKfw,UCAl4HWznMn7KhKBRFO5eiFA,2026-08-08 13:15:22,3991,23,1,120.0,120.0,0.0,0
NkfikMBfSyI,UC-S8JFhLkQ5enhB70c2CYIw,2026-08-03 11:00:16,173048,3499,224,120.0,120.0,0.0,0
Nl-D8tjjESY,UCklDsqQMGPYIMpIhQ5Jz6jA,2026-08-08 01:30:31,141215,2224,214,119.99,120.24,0.01,0
NlTTiU1bQO8,UCp9skQ2mP_DfVL8c3gZQUzg,2026-08-02 19:31:50,4659,97,0,119.97,120.22,0.03,0
QEllRSrE-G8,UCnMshUhBxDsKFPnxBGmGEpg,2026-08-01 19:45:57,358,5,5,119.99,120.24,0.01,0
QErg8korLvA,UC4cKHOBS-nRfKFTwf1n8HGA,2026-08-20 11:30:33,1243,,1,120.0,120.0,0.0,1
QF4mGT9Wn9U,UC8CIM3d3zDYMk-3T5aAz0yw,2026-08-11 07:45:28,701078,34437,910,120.0,120.0,0.0,1
QFB8qwEOM0M,UCYM01qjjE_hmqFQAmOo-lNg,2026-08-03 15:01:19,758,9,0,119.98,120.23,0.02,0
QFHYHZvSdyQ,UC2yOBpLVwB7kzt9C5ZPbB7w,2026-08-22 20:00:32,77974,1142,50,120.0,120.0,0.0,1
QFQK0q01ToU,UCwBkHOTyu57NQi0syf5MLig,2026-08-15 12:56:17,50770,288,39,119.82,120.07,0.07,0
QFjt1Yz1UH8,UCp6n8d8Y8r3MwKNw_MMaouQ,2026-08-29 17:32:27,204201,964,3,119.97,120.22,0.03,0
QFlQEdy0BLQ,UC3RzmV2LX3AmWhZVx0A7u0A,2026-08-12 07:00:01,213625,2662,226,120.0,120.0,0.0,1
QFnT6TDTrEU,UCy8OX8RrstkjRrnM5hND_ug,2026-08-08 17:09:35,1793,52,5,119.84,120.09,0.09,0
QG-KG2TefDg,UCgsKeCRaBGH6JlnH6VO_7OA,2026-08-13 16:54:26,16,1,0,119.84,120.1,0.1,0
QGGTTWBpY0o,UCaY7wcqhFb_c2eQ1eRB8rOQ,2026-08-14 09:00:27,25659,382,155,120.0,120.0,0.0,0
QGtZuJXTdGA,UCnju7ULBic4VgkCfDvVXCnA,2026-08-19 23:21:10,3488,126,1,119.9,120.15,0.1,0
QGz5GP8aNjc,UC3DYSay178fMMPaf3zHwECA,2026-08-16 04:15:06,22054,544,44,120.0,120.0,0.0,0
QH-aFbPVOFc,UCab17MxxnFtAhGsJVTkSkCg,2026-08-07 10:41:48,207,2,0,119.81,120.06,0.06,0
QHIpgUT-L-s,UCOTJtP0Z9DjpPU43B5m1V6A,2026-08-12 05:00:00,452142,2159,74,120.0,120.0,0.0,1
QHLIF0iGm8k,UCZ6mNZTiTUrUSbSYPlclI4A,2026-07-25 10:00:07,18410,870,26,120.0,120.0,0.0,1
QHLU45l5sgM,UCqVkQsNin4MdGFrWvzFVOKw,2026-08-01 15:27:13,10598,214,2,119.8,120.05,0.05,0
QHY_rZi9EPM,UCyz5WVrb-cz3myY04x_kVYw,2026-08-29 03:40:22,6434,28,0,119.84,120.09,0.09,0
QHvKSyEyHmI,UCZ_xE8U6MVnpwefrYvl2uvA,2026-08-24 03:00:16,332,1,0,119.76,120.01,0.01,1
QI1eWtGsPKU,UC-pobd8lZE33BSDz-iyHfJQ,2026-08-23 00:51:22,1823,12,0,119.9,120.15,0.1,0
QIF-zQTHYss,UCby0vMKcLR05ZdS90aZd5og,2026-08-03 17:03:22,268,2,0,119.95,120.2,0.05,0
QIJKXMmDia8,UCzDmGDR5RdahQkLCBoWlTEg,2026-08-14 09:00:35,7075,36,3,120.0,120.0,0.0,1
QIRIpWchQHo,UCXYNuWjnQRSAXCGl9gv8Ncw,2026-08-16 01:00:10,95081,1864,139,120.0,120.0,0.0,0
QISz0YwhIgk,UCt8CJiye87FMbEwt0npPMuQ,2026-07-14 13:30:18,25149,718,90,120.0,120.0,0.0,0
QIk4MWCL_HY,UCATlfGN7EDjXS_2ofklb3bw,2026-08-21 00:19:25,798,38,0,119.94,120.19,0.06,0
QItJnSOic54,UCl402YYy7RcH7PBI3npmGPQ,2026-08-07 06:00:23,107444,535,198,120.0,120.0,0.0,0
QJ4GaXZXgjU,UCWKOw78U77xw8alsPSW_AeA,2026-07-21 09:15:22,14062,393,30,119.99,120.24,0.01,0
QJ5AFFJjAV0,UCAEQiQ4Mg6fFkPshBMhPaxw,2026-07-22 10:13:38,23705,119,13,119.78,120.03,0.03,1
QJ79bhIjzYQ,UCab17MxxnFtAhGsJVTkSkCg,2026-08-11 13:18:52,607,19,2,119.94,120.19,0.06,0
QJ7FGV02RTQ,UCUR5w0E-jQTOO8Q0FZ4ilYQ,2026-07-31 08:44:33,188093,627,87,119.76,120.01,0.01,0
QJEEoxmpkOg,UCqVZTizoA2wQKOj_xaDt10Q,2026-08-15 14:31:14,320,3,0,119.98,120.23,0.02,1
QJHZbf4YDSg,UCkavlo6q2XfO_MA9Q24wRvw,2026-08-31 08:30:02,11519,9,2,119.76,120.01,0.01,0
QJVDIfoxXPo,UClvMduw1MDMQ0PuH753-XSA,2026-07-30 01:24:39,5466,136,0,119.84,120.09,0.09,0
QJnH3HCsBD0,UCdm06VHBWF5Mg5kYxffzikw,2026-07-29 10:46:25,33177,337,12,119.98,120.23,0.02,1
QK8I-3-PY7Y,UC4VWaR3R17Ruc7j1Cy1-PKQ,2026-08-04 13:51:37,117,5,5,119.89,120.14,0.11,0
QKES2PygJ9M,UCq0fwcojiA7ztN0FgTEgfXA,2026-07-16 05:59:05,184,3,0,119.77,120.02,0.02,0
QKKvuA62d14,UCt8CJiye87FMbEwt0npPMuQ,2026-07-16 19:54:03,27322,772,87,119.85,120.1,0.1,1
QKSvEtnY694,UCOaUB8RzbLXB7QZtCmMO-8A,2026-08-13 09:00:39,66344,1385,377,119.99,120.24,0.01,0
QKV7nzPTlUQ,UCfcfymsN3OMo2cfmbpGTanw,2026-08-16 08:00:15,51942,426,507,120.0,120.0,0.0,0
QKZk4LhGmj4,UCBTsPtRCh6ln3IRQFjhjh1A,2026-08-01 09:00:26,132364,852,141,120.0,120.0,0.0,0
QKgl8xC7Y1c,UCJd2uIrg_ZrSOaaQQr30XoA,2026-08-01 07:45:27,1213,21,8,120.0,120.0,0.0,1
QKkmnPNI2u8,UCZNTsLA6t6bRoj-5QRmqt_w,2026-08-25 15:00:38,65240,1406,161,120.0,120.0,0.0,0
QKl4eppAtmw,UCOaUTqrtz1yBBiwziVJEAmQ,2026-08-10 09:00:11,765355,325,353,120.0,120.0,0.0,0
QKnA0SyFkYU,UCV7WE8I_UiAN0fa6Arezx_w,2026-08-01 09:00:08,34,0,1,120.0,120.0,0.0,0
QKnZ9RFJ6nQ,UCI4wEWWBEElIbp9jHcFllTw,2026-08-31 08:00:24,6851,5,6,119.76,120.01,0.01,0
QKqVvdQL7FA,UCNpcMizRJ73OJm48LszuytQ,2026-07-30 08:00:00,34656,1350,17,120.0,120.0,0.0,1
QKqiWyQ29Ho,UCt8CJiye87FMbEwt0npPMuQ,2026-08-06 12:30:19,5960,191,14,120.0,120.0,0.0,0
QKs198BtjYY,UCZ6mNZTiTUrUSbSYPlclI4A,2026-08-17 03:18:17,16998,378,10,119.95,120.2,0.05,1
QKu2Nvj7gOc,UCAl4HWznMn7KhKBRFO5eiFA,2026-08-08 12:49:35,9840,63,0,119.93,120.18,0.07,1
QKxDi49dIfw,UCdK9h1ILxS49c2LguBUY3rw,2026-08-06 11:45:19,8,2,0,120.0,120.0,0.0,0
QLDlc4LkCVE,UCdoTrHNHnoRbaQenxK5PEUg,2026-07-23 14:10:14,59,0,0,119.83,120.08,0.08,0
QLS50YRit60,UC9qwDE50UcXvdplRNZKEoPA,2026-07-30 08:04:50,18066,540,27,119.92,120.17,0.08,1
QLUtEfZAIDc,UCw1DsweY9b2AKGjV4kGJP1A,2026-08-13 08:01:33,5983,36,10,119.98,120.23,0.02,0
QLVJ6VIlIjY,UCaova9Q4UZLPqFnSvq8VxzA,2026-08-05 06:07:07,163822,1969,58,119.88,120.13,0.12,1
QLVdHbgJU_E,UCpAZLM9XMzIbqFucUBD8Jtg,2026-08-12 03:28:20,4398,50,32,119.78,120.03,0.03,0
QLcSH0NGbyQ,UCJmnOEp1-OITEU0mk4icM5A,2026-08-10 20:15:10,62711,1038,282,120.0,120.0,0.0,0
QLfE6gQpfcE,UC4cKHOBS-nRfKFTwf1n8HGA,2026-08-30 07:34:20,8082,,10,119.94,120.19,0.06,1
QM-GV3roJX8,UCpwGBltfwjd_fIzp5cb5R0w,2026-08-03 12:00:05,119823,1450,561,120.0,120.0,0.0,1
QM4TsNpf6jA,UCpI-AhCT02iQRGLC2ZcY0Jw,2026-08-15 07:08:48,33510,661,16,119.86,120.11,0.11,1
QMPqoBCdn2Q,UCNRnCc0hg3ZcKdOGXKKv5Ww,2026-08-01 09:15:12,20259,144,11,120.0,120.0,0.0,1
QMaDxoHLHso,UCarBV0zWlC2k-HteyeKqfag,2026-08-17 16:28:35,15321,105,0,119.78,120.03,0.03,0
QMcwZsX5Lck,UCj7wKA4vwdzMP35lO5CCwgQ,2026-08-20 08:32:08,4291,211,43,119.97,120.22,0.03,0
QMnPOEkIbR8,UCYMXFMiaGBnZ08-wBHS2MPQ,2026-08-23 17:48:57,3223,23,3,119.95,120.2,0.05,0
QMqJM-4TEXc,UCN5oT4zGJX-_H6pE5isAEeg,2026-07-29 03:00:03,1260823,25369,1568,120.0,120.0,0.0,1
QMskXZhr9v0,UCtt0Hg9MhraTkzWwNQpplHg,2026-08-24 02:17:43,55497,1808,96,119.97,120.22,0.03,1
QMyBOBL-uqc,UC4VWaR3R17Ruc7j1Cy1-PKQ,2026-07-17 13:57:23,152,3,5,119.79,120.05,0.05,0
QN1DcyoZpF0,UCp6n8d8Y8r3MwKNw_MMaouQ,2026-08-16 22:40:10,56179,303,0,119.83,120.08,0.08,0
QN1PyOm8-F8,UCK0B6CvhOfGdmh9QMgy5Fxw,2026-07-27 02:30:32,3735,47,20,119.99,120.24,0.01,0
QNHVnS0keT8,UCms8Ge7H1ZGgw6nV94fUhUQ,2026-08-14 09:00:38,5715,52,3,119.99,120.24,0.01,1
QNLz89oe_LQ,UCyoKcrOcBEY4rmLYkDuXErA,2026-08-02 09:00:02,42228,592,11,120.0,120.0,0.0,1
QNM4yLjAZDE,UCGnPlyGohS5b_g84v4D2OIQ,2026-08-11 21:13:53,304,0,2,119.77,120.02,0.02,0
QNSrN0GL7_c,UCPGl9DV2WUgaqGVXtVrhJWQ,2026-08-19 15:00:08,0,0,0,119.76,120.01,0.01,0
QNuLg8a6rj0,UCab17MxxnFtAhGsJVTkSkCg,2026-08-23 10:01:24,2039,20,1,119.99,120.24,0.01,0
QNuuA7UI3O0,UCL_IvtOZo6sONpiydbzzHpA,2026-08-27 04:41:38,84370,624,27,119.82,120.07,0.07,1
QNzPt3oykAY,UCNRnCc0hg3ZcKdOGXKKv5Ww,2026-08-17 09:15:19,3471,65,6,120.0,120.0,0.0,0
QO-q86RNXsQ,UCN5oT4zGJX-_H6pE5isAEeg,2026-08-03 09:00:08,49532,674,41,120.0,120.0,0.0,0
QOOWBR3jGdg,UC0wo7SwsC5dE0nSgBs2M-3A,2026-07-23 10:00:26,376655,10853,447,119.99,120.24,0.01,1
QOYrFsWTcI8,UC7SIaeUWuuIrWTIOBpayDVQ,2026-07-24 15:54:42,11825,139,26,119.84,120.09,0.09,0
QOaZqA5Ya-Q,UCHK-FRuAjk8g798dD7L7xqA,2026-07-15 08:00:17,117777,1856,40,120.0,120.0,0.0,1
QOgxz3joBJc,UCO94iFhOhtdGb4Ze5DUAtbw,2026-08-03 02:15:26,19765,186,6,119.99,120.25,0.01,1
QP5rdOybPKw,UCNmN3W2H0r5_hV2drzbEn7Q,2026-08-05 14:40:29,52522,196,0,119.83,120.08,0.08,0
IRzUASYCsTk,UCYJ0Ucu9jPX5kn6SeDcNaIQ,2026-07-30 12:26:25,20266,116,5,119.81,120.06,0.06,1
IS5NPq4Hf4I,UCVWAdUQGUiY2Kzh0JoB5PtQ,2026-08-21 06:51:35,1638,13,8,119.9,120.15,0.1,0
ISKYjgMOdzg,UCroIk85IFzp6OZzKoJFDKuA,2026-07-23 23:29:01,2898,7,0,119.77,120.02,0.02,0
ISKyq4AHfPI,UCpTNtH8yc1Kdl_YFfsQsTYA,2026-08-19 00:57:16,2905,17,1,119.81,120.06,0.06,0
IST-3gIROeY,UCab17MxxnFtAhGsJVTkSkCg,2026-08-28 15:13:54,2942,31,2,119.78,120.03,0.03,0
ISTNr2j0dmI,UCqjUPx-UAFHVvthd71bY7_g,2026-08-01 08:00:14,4319,35,31,120.0,120.0,0.0,0
ISmXTnLNauQ,UCv1tOT645xHOJrwdGlzjMaA,2026-07-16 14:13:49,38987,1059,14,119.77,120.02,0.02,1
ISvwKnLozg0,UCYxwKnNRv4FurQxeKcuR0Sw,2026-08-20 13:48:22,41,3,4,119.95,120.2,0.05,0
ISyDe1IisHs,UCJGww2K__Q3y-MtDi0XWH2w,2026-08-14 06:00:26,121182,1856,101,120.0,120.0,0.0,0
ITHc-6TplO4,UCgLFbrC7-g0ihBKB0obVPTg,2026-08-21 16:46:50,462,14,3,119.98,120.23,0.02,0
ITPyynTn7uE,UC6JTm9ObvQFuTEOxOsbmYwA,2026-08-11 08:46:26,3782,150,25,119.98,120.23,0.02,0
ITS-PXluLeY,UCy8OX8RrstkjRrnM5hND_ug,2026-08-16 02:15:15,654,26,2,120.0,120.0,0.0,0
ITZtKX2jS9w,UCjBPx2oip2bKnnfqKyas0ew,2026-08-30 09:33:09,4189,132,15,119.96,120.21,0.04,1
ITh-NVkG3E4,UCN7FA8FwikP2p5Vrs5kiivw,2026-08-11 13:00:19,5952,302,3,120.0,120.0,0.0,1
ITl7qi5kIBA,UCzSODDx0zQF3nxXOZISCm_w,2026-08-14 09:30:01,585,5,0,120.0,120.0,0.0,1
IU0zdJNft6k,UC543-TDm6IvHHZXwdSFioMw,2026-07-22 11:30:18,2108,10,0,120.0,120.0,0.0,1
IU2Xs2tkWVE,UCoSniqkitCpxlHrQd5L8A1w,2026-08-18 02:03:26,751,3,0,119.95,120.2,0.05,0
IU2iXA53dio,UCJN5mgLqkPCTVC5v-12gKjQ,2026-08-21 13:06:48,7721,288,20,119.9,120.15,0.1,1
IU4q_ymP_IM,UCSfhr4gDPFsKuwdmTOWp2jw,2026-08-19 11:00:22,184,3,0,119.76,120.01,0.01,0
IU8hhPymyh8,UCPuD5ZRQWa_JCaY5NokNhtg,2026-08-01 08:12:19,646,11,3,119.8,120.05,0.05,0
IU9qVtEFHTk,UC9zmo9x1o7xAfgM1Fw3Dg4g,2026-07-30 08:00:19,7261,513,116,120.0,120.0,0.0,0
IUAxVIGG04U,UCPoEVLrQMMXICwULGDwfvug,2026-07-29 13:16:08,7500,73,11,119.98,120.23,0.02,1
IUCaGI9MftY,UCp6n8d8Y8r3MwKNw_MMaouQ,2026-08-30 19:50:30,6800,42,3,119.92,120.17,0.08,0
IUE4vCg8ax0,UCXS55IczImEf64aU16NzKlg,2026-08-27 01:30:10,4759,6,11,119.76,120.01,0.01,0
IUsbTFF3XXk,UCp9skQ2mP_DfVL8c3gZQUzg,2026-07-25 18:55:45,6518,87,1,119.82,120.07,0.07,0
IUzXuKgipuI,UC1aBdmKvC6yAiq4xgPLOzKA,2026-08-07 05:50:36,12601,166,67,119.91,120.16,0.09,0
IVAdAIgD0ww,UC8FErYSi74YwGUAoTpjvgzQ,2026-08-28 03:00:00,18946,256,96,119.76,120.01,0.01,0
IVI60WIFQf0,UCuXE-MdbuaZcPt_2J2kSsSQ,2026-07-26 12:36:18,1246,5,4,119.9,120.15,0.1,1
IVJX2Twlnmw,UCw1DsweY9b2AKGjV4kGJP1A,2026-08-02 08:03:32,18847,47,11,119.94,120.19,0.06,0
IVdMmFoynpw,UCqIwPYLfMd3EoWYwvyTjPnA,2026-07-11 11:30:05,64947,147,17,120.0,120.0,0.0,0
IVds7C_TA8Y,UCCW6uYIUP4YKKe50k-ktVAw,2026-08-23 08:00:11,40991,778,54,119.76,120.02,0.02,0
IVqG580Blfg,UCz5LAkkX66OAW-y_WiWf9vA,2026-08-27 08:37:21,8181,22,5,119.89,120.14,0.11,0
IVrEq9oz2GY,UCwBkHOTyu57NQi0syf5MLig,2026-08-30 04:00:01,138183,557,13,119.76,120.02,0.02,1
IVuWGZlTw8A,UCt8CJiye87FMbEwt0npPMuQ,2026-08-21 14:00:01,83021,2571,225,119.76,120.01,0.01,0
IW279wACBlM,UCFCt5RYu41HTg4eX1jdHNxw,2026-08-19 23:12:53,1437,14,3,119.79,120.04,0.04,0
IW5o-rfDKD0,UC-yb5eNBQyXBE9nZnht9u-g,2026-07-22 10:00:03,3680,157,14,120.0,120.0,0.0,0
IWBNFUIk5fU,UCg5-nd3qoNnz5dzkX-O0b8A,2026-08-02 07:16:51,38264,380,19,119.97,120.22,0.03,1
IWHj_sUKKFI,UCOgXOOKbZRtfQvlggBpN6zw,2026-08-14 15:18:29,217,10,5,119.94,120.2,0.06,0
IWR-QRr4BDM,UC6YqXiwCBfPvPTs3wXgWElQ,2026-08-04 15:42:20,9850,69,32,119.8,120.05,0.05,0
IWeHv9u34SM,UCZCZHg_oJiHcrcj2vaPRCag,2026-07-27 09:00:19,406,0,0,120.0,120.0,0.0,1
IWfmNlgl4tA,UCpcTrCXblq78GZrTUTLWeBw,2026-08-13 09:30:05,119988,2669,46,120.0,120.0,0.0,0
IWmbjVKrEIA,UC9JlObZnbOirT4_iyPGrdcw,2026-07-21 13:00:12,66499,663,23,120.0,120.0,0.0,0
IWw11OtB0BE,UCg5-nd3qoNnz5dzkX-O0b8A,2026-08-01 09:04:29,83668,1813,84,119.93,120.18,0.07,0
IX1SL1lTqnA,UCIQEX0V3QxP-tY_jpRT-waQ,2026-08-14 09:00:17,3410,98,42,120.0,120.0,0.0,0
IX6eN3YW9ho,UCQJuZxeDv2P05YHcC-tIEVQ,2026-07-22 08:00:30,25721,401,16,119.99,120.24,0.01,0
IX7rxYivPLw,UCEJF0q0SqEJ64uA9LCXuSrQ,2026-07-31 08:30:29,6460,145,50,119.99,120.24,0.01,1
IXBLYzJ8iZk,UCt8CJiye87FMbEwt0npPMuQ,2026-08-21 16:30:32,3295,123,9,120.0,120.0,0.0,0
IXK3_Xo06J0,UC9zmo9x1o7xAfgM1Fw3Dg4g,2026-08-07 08:00:33,78640,2963,598,119.99,120.24,0.01,0
IXPKDFPg7wE,UCUae69frfqpKOB3BUMdX5Qw,2026-08-24 03:30:27,70933,1369,93,120.0,120.0,0.0,1
IXPyGvvz0w0,UCV6mNrW8CrmWtcxWfQXy11g,2026-07-31 22:00:13,190892,8166,208,120.0,120.0,0.0,1
IXezOLpdeKY,UCIvLQ5lZ2kebqnLaGv_FP4w,2026-08-28 08:30:23,15313,55,26,120.0,120.0,0.0,0
IXfVTE4yfkA,UC0PMQXAwF6O6aeTpv962miA,2026-08-21 18:44:08,70031,810,370,119.78,120.03,0.03,0
IXjENRJc2gg,UC08-hQbwh7eyr8PlaYG2-sQ,2026-08-24 10:00:28,25730,434,121,120.0,120.0,0.0,0
IXnunJmIVFk,UCDBAVzfX3yZ1hah0FHnOoaA,2026-07-25 13:30:24,481577,2081,262,119.99,120.24,0.01,0
IYWUIrgxtJU,UCpI-AhCT02iQRGLC2ZcY0Jw,2026-08-20 08:30:05,79022,931,17,119.76,120.01,0.01,1
IYXSXAnDoCY,UCg7rkxrTnIhiHEpXY1ec9NA,2026-07-29 11:27:03,199107,10859,1008,119.8,120.05,0.05,0
IYiUJK2xoOM,UCeiDuGZqWT4iiIXRTfhM3qQ,2026-08-21 06:36:49,3110,68,1,119.9,120.15,0.1,0
IYlzfFCBhrM,UCO94iFhOhtdGb4Ze5DUAtbw,2026-07-24 03:00:20,19437,474,24,120.0,120.0,0.0,0
IYmYLUVCXGw,UC08-hQbwh7eyr8PlaYG2-sQ,2026-07-28 10:00:05,13769,230,98,120.0,120.0,0.0,0
IZA96hNAyPw,UCcNdwtZ7ulFFxngmnzsWQNA,2026-07-30 02:00:33,22213,200,71,119.99,120.24,0.01,0
IZS_29QTcTA,UCrY2B2XX41ReYh9DIWrFfCg,2026-08-28 09:54:14,9354,,4,119.86,120.11,0.11,0
IZmiu3j2mlE,UCBtJuwDt6LlXp2YASC-ZMdA,2026-08-08 11:00:22,388,3,0,120.0,120.0,0.0,1
IZrSRQ3Qcqs,UCW_Ptq0v8ck67w9oKiwXz2g,2026-07-29 01:42:12,211,1,0,119.8,120.05,0.05,1
IZu72rmRuR4,UCI3DTtB-a3fJPjKtQ5kYHfA,2026-08-28 01:15:44,3844,10,0,120.0,120.0,0.0,0
IZwuMy_HSIc,UCXu_CcxBZA5S_iG33OzA9PQ,2026-07-24 17:01:02,849,18,0,119.99,120.23,0.01,0
I_1mN8GgEEw,UC9qwDE50UcXvdplRNZKEoPA,2026-08-02 01:02:22,31412,599,45,119.96,120.21,0.04,1
I_8poFft9rY,UCsmsw8102lekPyVYwKMHxmA,2026-08-03 10:30:34,3445,51,33,119.99,120.24,0.01,0
I_A_vVCsAwQ,UC8aCmG_y4DqqVI9Xlcym1Jg,2026-08-14 23:28:17,4053,141,10,119.78,120.03,0.03,0
I_HGaD1Nazk,UCYM01qjjE_hmqFQAmOo-lNg,2026-08-06 17:49:29,988,13,2,119.93,120.18,0.07,0
I_Iy5oLj12w,UCt8CJiye87FMbEwt0npPMuQ,2026-07-22 14:30:31,4073,136,33,119.99,120.24,0.01,0
I_TXvPutJw8,UCTNyl3P7q6PNhPddh6d7WJQ,2026-07-12 22:00:23,1844,5,5,119.99,120.24,0.01,1
I_X1IVE8l00,UCabScupufwcOzAdcVXZrmlg,2026-08-23 03:45:26,6878,159,23,119.76,120.01,0.01,0
I_ndeEbC0FE,UC-okJdotaXPlzivRzHFqzuA,2026-08-31 02:59:36,197393,1154,30,119.77,120.02,0.02,0
IaPJ9CNTfbM,UCTVkjiEiaiSbEq0Qwd5XTPA,2026-08-23 03:14:12,463,25,2,119.78,120.03,0.03,0
IabFAq-QeiI,UCXu_CcxBZA5S_iG33OzA9PQ,2026-08-28 11:15:28,3690,60,14,120.0,120.0,0.0,0
IamNMy5JtCA,UCt8CJiye87FMbEwt0npPMuQ,2026-08-02 13:30:40,6746,203,9,119.99,120.24,0.01,0
Iar_HaDuvrY,UC-8S20Ll1gzPiu_YY8BgyaQ,2026-08-04 13:32:08,69667,447,61,119.97,120.22,0.03,0
Iauh4YXyGn0,UCKttwyzsHvW7bCo7YfTacVQ,2026-08-16 14:03:31,918,10,0,119.94,120.19,0.06,0
Ib3S3E7fFbw,UCz4b1O9sT73P8DWwx6OvQwg,2026-08-01 07:00:20,22624,491,63,120.0,120.0,0.0,0
Ib9UYp-2dJ0,UC7wtTnMorJi_d93lb_P2Xow,2026-08-04 06:00:16,154798,702,58,120.0,120.0,0.0,1
IbGeAyQ-jwE,UCOgXOOKbZRtfQvlggBpN6zw,2026-08-05 18:26:02,572,19,18,119.82,120.07,0.07,0
L0apbCYj-cQ,UCCMQyaKDjQJY79VimTdaYYQ,2026-08-11 21:13:12,196614,1018,900,119.78,120.03,0.03,0
L0qTZltRFMw,UCKttwyzsHvW7bCo7YfTacVQ,2026-08-30 10:51:51,75644,282,15,119.9,120.15,0.1,0
L0w11sttjZA,UCnV5tUnOVGyT-Ncj0s0tPTw,2026-08-25 12:06:05,13329,104,0,119.91,120.16,0.09,0
L13rOfjovEw,UCBtJuwDt6LlXp2YASC-ZMdA,2026-08-23 07:00:27,1138,10,0,119.76,120.01,0.01,1
L17Lf-3mAu8,UCrXfM4HsibSucC_NlIY7v0Q,2026-08-08 09:03:50,1003,12,0,119.94,120.19,0.06,0
L1E4YM8s90E,UC-yb5eNBQyXBE9nZnht9u-g,2026-07-25 11:23:14,16414,406,5,119.86,120.11,0.11,1
L1NIMTrWRdo,UCPGl9DV2WUgaqGVXtVrhJWQ,2026-08-08 14:35:13,9,0,0,119.92,120.17,0.08,0
L1hHnOLsHy8,UCzps05UZ7XpX3SFoFyYIDow,2026-08-07 09:00:09,6698,136,12,120.0,120.0,0.0,0
L27_fsgEUuA,UCDnIK80iouL_rb_J6GybOlg,2026-07-15 02:48:16,1,0,,119.95,120.2,0.05,0
L2EMscdUnAM,UCYMXFMiaGBnZ08-wBHS2MPQ,2026-08-21 14:08:23,9886,100,43,119.87,120.12,0.12,0
L2FMp05kLro,UC0dzSeefT8twKtHh-1mjScA,2026-08-07 09:45:34,248254,3836,92,119.99,120.24,0.01,1
L2I7a3jd-XE,UC2WBkFH1nHcO6aFLWo6sZQg,2026-08-12 15:13:22,10570,311,4,119.78,120.03,0.03,0
L2Jo6i5NOt0,UCab17MxxnFtAhGsJVTkSkCg,2026-08-23 17:02:04,1258,28,0,119.98,120.23,0.02,0
L2opJv0qgIc,UC9DNu8JRIcE-rpo9eBx1ffw,2026-08-25 08:33:21,7360,30,8,119.96,120.21,0.04,0
L2rLx59bOhM,UC2NFRq9s2neD_Ml0tPhNC2Q,2026-08-25 02:45:11,179306,2220,165,119.76,120.01,0.01,0
L2xe4tyPQFM,UCz1Gc37nWsdF_jbJ_SvMl4g,2026-08-10 09:15:55,9782,66,10,119.99,120.24,0.01,0
L3-lnRacUYY,UCZ6mNZTiTUrUSbSYPlclI4A,2026-08-13 06:30:15,49146,831,108,120.0,120.0,0.0,1
L34xc5NR0IA,UC_E_qYfGKM3C0kqrp1p8z7Q,2026-08-30 15:00:24,235,5,0,119.76,120.01,0.01,0
L35YVJFCJCI,UCuZ862fZel1gq9RAf_OkvqA,2026-08-20 18:26:20,4840,51,0,119.82,120.07,0.07,0
L3678CDC9UI,UCV7WE8I_UiAN0fa6Arezx_w,2026-08-26 00:00:08,38,0,0,119.76,120.01,0.01,0
L3FM15Dka34,UCCW6uYIUP4YKKe50k-ktVAw,2026-08-17 00:00:25,84926,1868,160,120.0,120.0,0.0,0
L3LX67EC2vg,UCtVBI7YLJyDvrx7iWAukx_Q,2026-08-15 02:11:55,114174,3332,77,119.8,120.05,0.05,0
L3M_KmG2IJU,UCqEoc6yuYRg5CFG4NIG8euQ,2026-08-06 03:52:05,8154,122,31,119.88,120.14,0.12,0
L3NQaO7I910,UCvjzWMh2bihwlIN-WRtddkg,2026-08-29 00:00:06,3459,40,6,119.76,120.01,0.01,0
L3PO5k0YAUo,UCwBkHOTyu57NQi0syf5MLig,2026-08-04 03:00:12,12103,80,18,120.0,120.0,0.0,0
L3TFaJcDUXM,UCt8CJiye87FMbEwt0npPMuQ,2026-08-19 14:30:23,17630,658,48,120.0,120.0,0.0,1
L3TVbLKuaOQ,UC8Xz3BKjDvQk7lKhH7Hi9nA,2026-08-17 00:06:37,3987,19,10,119.89,120.14,0.11,1
L3feXV6itFY,UCSfhr4gDPFsKuwdmTOWp2jw,2026-08-27 09:30:13,13000,30,2,119.76,120.01,0.01,0
L3jMD0iXNR4,UCF5RrlbsxJjAVLWgOCoNHMg,2026-08-29 01:45:56,46275,243,5,120.0,120.0,0.0,0
L3ncLcW1hfk,UC9jOsXFn3RwXEW3qUyySjAQ,2026-08-08 00:45:25,620,17,0,120.0,120.0,0.0,0
L3t52MQZBvM,UCN8L7Z-dyzu9FzT39RM0fvw,2026-07-16 12:10:18,27913,260,48,119.83,120.08,0.08,0
L4YE3B00iNc,UCifCesg-EUkjKyQedaB3hRg,2026-08-10 00:32:16,29801,694,14,119.96,120.21,0.04,1
L4ZQ3XKZlEc,UCby0vMKcLR05ZdS90aZd5og,2026-08-05 05:09:29,6449,14,0,119.85,120.09,0.09,1
L4f4BDDssEk,UCYGK33LxFlgh9QtmvCYMR3A,2026-07-12 03:00:02,21655,286,29,120.0,120.0,0.0,0
L4jaj7nWJ40,UCS-X1uBDTNwAYyydiXjcX9A,2026-07-28 09:00:12,3585,90,16,120.0,120.0,0.0,0
L4xrPvRfO0g,UCirJgPv8RtFaFMj39b6cD8Q,2026-08-25 03:00:37,7486,31,0,120.0,120.0,0.0,1
L51PmO2T0fY,UCEGtfhdJiRgH98mVMEQZThQ,2026-07-27 10:40:10,8833,35,9,119.83,120.08,0.08,0
L5LL1Mqm_gU,UCJYdIDfGkqXTsQq5aW4md0Q,2026-08-21 00:28:52,54,0,0,119.78,120.03,0.03,0
L5U3Rsy6G_w,UCXS55IczImEf64aU16NzKlg,2026-08-09 09:00:00,5025,32,28,120.0,120.0,0.0,0
L5XXIEwOaik,UC8rbhIem-3aAsNXhTDI-nSA,2026-07-18 23:00:38,131413,2681,169,119.99,120.24,0.01,0
L5a8T6NE_24,UCmnCuNh2owRLP48nnS3pe2w,2026-08-12 15:08:51,45,0,0,119.86,120.11,0.11,0
L5aMz3fBqf4,UCwlUB3goOsh4tpqZKIzUAbA,2026-07-10 15:25:46,10987,154,33,119.82,120.07,0.07,0
L5d8tqV2ed4,UC8chC5rneP-LHm43q-jF3oQ,2026-07-29 06:00:26,488676,6802,487,120.0,120.0,0.0,1
L5gdr7RNK94,UCIvLQ5lZ2kebqnLaGv_FP4w,2026-08-19 17:12:27,3487,18,0,119.8,120.05,0.05,0
L5wPMcMsnX0,UCAaLhok91QDrweyuDRsmjqQ,2026-08-16 09:00:09,28696,195,32,120.0,120.0,0.0,0
L5xbUqPu2DI,UCws1FXlgdkXB-3FKN_lqgiw,2026-08-15 08:02:57,544,7,1,119.95,120.21,0.05,1
L5ymDxndEAw,UCNZiNM2pP6uhIlTQVS2Q5fA,2026-08-28 09:00:20,137210,1614,85,119.76,120.01,0.01,1
L63jlihuEtQ,UCzSODDx0zQF3nxXOZISCm_w,2026-08-26 13:30:24,8,3,0,119.76,120.01,0.01,1
L65i1Kyx7VU,UCAl4HWznMn7KhKBRFO5eiFA,2026-08-04 07:12:09,3124,10,0,119.8,120.05,0.05,0
L66Z4Oab4Lc,UCOTJtP0Z9DjpPU43B5m1V6A,2026-08-13 09:30:20,61638,602,60,120.0,120.0,0.0,0
L68fURdI_zA,UCV6mNrW8CrmWtcxWfQXy11g,2026-08-12 06:00:16,71248,2922,45,120.0,120.0,0.0,1
L6mkAahqm6A,UCrfB1-zWijAYkgfZW7Ehc8Q,2026-08-29 03:01:20,131216,3922,164,119.99,120.24,0.01,1
L6n95EW0KV8,UCN5oT4zGJX-_H6pE5isAEeg,2026-07-27 08:00:14,192526,2987,223,120.0,120.0,0.0,1
L6oItGuBNeE,UCO203d-HvWROK_vpGbWASDw,2026-08-26 02:00:34,290,5,0,120.0,120.0,0.0,0
L6q7NwMlWa8,UCg5Ew4lj74r_ohbc4AeQj1w,2026-08-01 04:58:39,18782,617,18,119.78,120.03,0.03,1
L6v_iyhGp6w,UC1dG3vI9FfHnH3YgyeKUz_A,2026-08-10 14:32:43,279149,1496,354,119.96,120.21,0.04,0
L71smU61Hls,UCbvvdVOF0teLO-U6GWh1RKg,2026-08-13 01:48:30,2020,33,26,119.94,120.19,0.06,0
L72R1D5lMGI,UCb08r5yPoH-AqM7_XCL4Uhg,2026-08-09 04:16:51,1782,61,2,119.97,120.22,0.03,0
L75kF49DBak,UChLqHuZV0PENIBYxDgXyPLQ,2026-07-31 13:51:07,25655,609,5,119.9,120.15,0.1,1
L7CSc3udaSE,UCpcTrCXblq78GZrTUTLWeBw,2026-07-10 23:16:45,22106489,214231,822,119.97,120.22,0.03,1
L7EhY7S6q-4,UCUbOogiD-4PKDqaJfSOTC0g,2026-08-06 11:08:05,133902,773,68,119.87,120.12,0.12,0
L7OqeKIZOUc,UCATlfGN7EDjXS_2ofklb3bw,2026-08-07 01:06:05,8579,220,0,119.9,120.15,0.1,0
L7XDORYnRFk,UCs7mzshFv0PbUMUM0x1Waug,2026-07-14 08:15:21,2375,5,0,120.0,120.0,0.0,0
L7c9xlsFHqE,UCgLFbrC7-g0ihBKB0obVPTg,2026-08-07 15:58:11,19,1,0,119.78,120.03,0.03,0
L7irmy4fGdA,UC60HSePkZwGFzRj6VSDa6Ew,2026-08-03 11:16:20,5608,58,10,119.98,120.23,0.02,0
L7l7OnrU018,UCKVt3arMXfa6XZezR1UnjqQ,2026-07-22 22:00:04,5006,73,4,120.0,120.0,0.0,0
L7mxIL8WaAM,UCXAXCxTCCYYKsLJNzEvjqfw,2026-08-09 00:56:32,27921,273,78,119.81,120.06,0.06,0
L7n3bANinX0,UCV7WE8I_UiAN0fa6Arezx_w,2026-07-25 04:05:34,2211,7,0,119.91,120.16,0.09,0
L7pDTFesxcc,UCv1tOT645xHOJrwdGlzjMaA,2026-08-29 13:38:20,51866,567,35,119.88,120.13,0.12,1
L8BMmVDabUA,UCPJGXrPIVKBR8PJY7w33WZw,2026-07-26 07:18:21,238396,3770,151,119.95,120.2,0.05,1
L8TVF47mnWo,UC543-TDm6IvHHZXwdSFioMw,2026-08-22 11:00:22,14863,259,29,119.76,120.01,0.01,0
L8VyjzJ4KD8,UCIxcZWLQpP-mUZC6_Uljc_Q,2026-08-28 16:00:32,30105,67,56,120.0,120.0,0.0,0
L8ZuBY5ZVsY,UC3pTpoDKt17IrCDH60kSNPA,2026-08-21 04:45:33,1299,27,7,120.0,120.0,0.0,1
L8oXEBsu6uc,UCvAetSOU_4lyjM5hVMNzN0Q,2026-08-14 16:40:38,49445,406,21,119.83,120.08,0.08,1
L8ql3YXnDS8,UCjgTdV_oYP0TrrajTJLH33Q,2026-08-14 16:10:38,5262,83,9,119.82,120.07,0.07,0
L8uW8X_DM5Y,UCV7WE8I_UiAN0fa6Arezx_w,2026-08-27 12:00:32,369,2,0,120.0,120.0,0.0,0
L8ud-faxy2k,UCbYO4SBywZ2oWv1u309oWmQ,2026-08-25 10:07:11,31521,629,65,119.89,120.14,0.11,0
L8vaYmdaHG0,UCyZtdaxIiGb4wp5AmkEMrwQ,2026-07-12 02:58:21,54425,1691,15,119.78,120.03,0.03,1
L97SLVuH7vQ,UCby0vMKcLR05ZdS90aZd5og,2026-07-28 02:39:13,1642,5,0,119.85,120.1,0.1,1
L988x7m7eag,UC5T_FfQwgy56XP0aEVHYULQ,2026-08-20 12:50:38,1565,36,10,119.91,120.16,0.09,0
L9KnCxHeMM8,UCPGl9DV2WUgaqGVXtVrhJWQ,2026-07-16 15:00:23,6,0,0,120.0,120.0,0.0,0
NleHbJZla2E,UCMCgtTicwOhae1N8VCokkvw,2026-07-22 14:16:41,324,3,0,119.98,120.23,0.02,1
Nlu82VLLqpU,UCF5RrlbsxJjAVLWgOCoNHMg,2026-08-07 00:27:19,17979,262,3,119.8,120.05,0.05,0
Nlwe2TzV-20,UCOTJtP0Z9DjpPU43B5m1V6A,2026-08-17 09:54:12,116239,1176,111,119.85,120.1,0.1,0
Nm2y7JJNAgk,UC9M8GGVwPqc9ubNruArCNPg,2026-08-28 08:00:36,18985,590,21,120.0,120.0,0.0,1
NmF9VgeX8OE,UCbItyvYa6cqvqtwlU2E9-wA,2026-07-25 23:38:23,13420,689,32,119.86,120.11,0.11,0
NmGSzyP-06A,UCGVy07wZs8W-EpKAGchrmCQ,2026-08-13 07:36:53,11819,129,6,119.89,120.14,0.11,1
NmRcDNYU7Vo,UCI6Ro_MOr36re4Bhb7nCY7g,2026-08-22 10:00:03,16912,265,47,119.76,120.01,0.01,0
Nml_iIseQp0,UCJmnOEp1-OITEU0mk4icM5A,2026-07-27 08:00:04,12533,219,113,120.0,120.0,0.0,0
NmsSJaanFUA,UCQJuZxeDv2P05YHcC-tIEVQ,2026-07-15 08:00:03,20862,404,28,120.0,120.0,0.0,0
NmxBA96AP6Y,UCGi94VU356EAvQLgODywyrA,2026-07-25 16:36:43,9445,212,35,119.89,120.14,0.11,1
Nn4BXi7P3pw,UC24GgPBq5W3v34z0p0uk1Ow,2026-07-26 03:00:25,5638,53,13,120.0,120.0,0.0,0
Nn4qvXxxclI,UC8C0Yd20ke5XqOiZvMVgM9w,2026-07-23 09:00:27,23379,780,11,120.0,120.0,0.0,1
NnJazHKX0PQ,UCix5yCKpPr18CWrGOSCKCLA,2026-07-30 09:00:38,3701,,1,119.99,120.24,0.01,1
NnKRelMN8Mg,UCV7WE8I_UiAN0fa6Arezx_w,2026-08-01 17:00:20,27,0,0,120.0,120.0,0.0,0
NnOCCOVy4QY,UCB4gIGaPUiLtpPreFSf8fKQ,2026-08-28 03:45:00,9033,41,17,119.76,120.01,0.01,0
Nngg-n2fwRE,UC_E_qYfGKM3C0kqrp1p8z7Q,2026-08-03 15:00:33,137,8,1,119.99,120.24,0.01,0
NnlmWg-geXg,UCTK7GGeH0c9INAEnV2EfD0Q,2026-08-06 03:00:25,11602,772,23,120.0,120.0,0.0,0
NnrYeVNCAfs,UCKrprPfevcAZpPuRnCO6xOA,2026-08-12 20:49:30,9,0,0,119.93,120.18,0.07,0
NntLm8eLOHo,UCJmnOEp1-OITEU0mk4icM5A,2026-08-14 05:00:18,77090,784,175,120.0,120.0,0.0,1
NnvYfQdLM60,UCi1Tln5CFg1yExpz8djyxjA,2026-08-17 23:45:16,1132342,46617,149,120.0,120.0,0.0,1
NnwM4vaQNtg,UCnCH3Uhv_ynhTNKEH6ekRtg,2026-08-14 06:30:36,10309,148,20,120.0,120.0,0.0,0
NnywG56dr-A,UCL3ooD3l7KEqb85EBZSEkZQ,2026-08-17 13:15:34,14767,211,105,119.99,120.24,0.01,0
No0FHPV3YOc,UCraf4ugZTyvFY6AJ0VjIxFA,2026-08-03 21:00:13,1466,17,9,120.0,120.0,0.0,0
No2sQF8WLzw,UCBS4sjbGJIcclT-Y6i_Jzkg,2026-08-25 20:04:25,25380,394,0,119.94,120.19,0.06,1
NoA6QwDEUF4,UCbFLnCfOet-u_kFyA7uX-9Q,2026-08-19 11:20:47,25707,398,59,119.91,120.17,0.09,0
NoZKFNS8w48,UCfq-5-0b5Lzj7cKCrp6-flA,2026-08-05 08:00:17,42170,1075,74,120.0,120.0,0.0,1
NoirhvIEhCw,UCgyDKBTgkBfa8jWrBb8Npig,2026-07-24 16:08:15,63,1,1,119.87,120.11,0.11,0
NoqugOQFKX4,UCpcTrCXblq78GZrTUTLWeBw,2026-07-10 11:00:23,29107,366,28,117.76,121.62,1.62,0
Noy_HtXhVys,UCuwnt_REmD4YsCtFJRoqjFw,2026-08-12 03:12:07,65929,547,79,119.8,120.05,0.05,0
Np0hB3xU0Gc,UCS3_H_feQRm4QbXipKTvSrw,2026-08-23 11:30:34,24741,377,119,120.0,120.0,0.0,0
NpIxBIXkZQc,UCgT-gb3favw2jQgwxbbwwaA,2026-08-24 13:00:38,163288,1020,5,120.0,120.0,0.0,0
NpJQ8a0i_L0,UCJ0tK-1sP4BKqy6fBDQmZKg,2026-08-07 09:34:14,33,2,2,119.93,120.18,0.07,0
NpNYC2NP-jE,UC9jOsXFn3RwXEW3qUyySjAQ,2026-08-01 00:39:14,827,22,0,119.85,120.1,0.1,0
NpS5xEGsOAw,UCw1DsweY9b2AKGjV4kGJP1A,2026-08-15 06:00:21,18086,251,8,120.0,120.0,0.0,0
NpSxZTqNEL0,UCKYdD83f363lIzcAwwhB-_A,2026-08-02 06:02:08,2970,13,1,119.97,120.22,0.03,0
NpVSbf8kk94,UCZ6mNZTiTUrUSbSYPlclI4A,2026-07-30 02:28:36,2539,41,4,119.78,120.03,0.03,1
Npb3XHMN4HA,UCV6mNrW8CrmWtcxWfQXy11g,2026-08-26 02:00:11,205189,9590,51,119.76,120.01,0.01,1
NpcOKbnf6NY,UCrExV5uWnC3-WUnUN2Ck8HA,2026-07-29 15:30:33,915,24,0,119.99,120.24,0.01,0
NpztnFNdzMA,UCwfbSsZ7_sccxcibe60mWlQ,2026-07-28 15:00:14,15122,61,29,120.0,120.0,0.0,0
Nq4PkCI5HT8,UCw1DsweY9b2AKGjV4kGJP1A,2026-08-10 08:00:12,54446,133,9,120.0,120.0,0.0,1
Nq5HyDQP93o,UCpJw2H9KKqwCCGQKRh1Bf2w,2026-08-07 09:00:29,172013,4077,216,120.0,120.0,0.0,0
Nq8P4Z_bHSw,UCq6bX1rAJqwt3LmYuHrDPqg,2026-08-23 20:51:00,10622,21,1,119.91,120.17,0.09,0
NqDadzHhO-4,UCzSODDx0zQF3nxXOZISCm_w,2026-08-09 09:30:32,383,2,0,119.99,120.24,0.01,1
NqFBIaRaD_M,UCAGUSx1hbPKDqzBZH7bTjiA,2026-07-26 05:30:40,28688,462,32,119.99,120.24,0.01,0
Nr8yVvekE6k,UCkcaRxpTcisadUeCbHOYTFw,2026-07-22 10:02:14,27211,531,11,119.97,120.22,0.03,1
Nr8yZUylB4k,UCwfbSsZ7_sccxcibe60mWlQ,2026-08-07 03:01:15,12437,73,18,119.98,120.23,0.02,0
NrAlgyelDME,UC_E_qYfGKM3C0kqrp1p8z7Q,2026-08-04 15:00:32,97,5,0,119.99,120.25,0.01,0
NrFjIen7XO0,UCXAXCxTCCYYKsLJNzEvjqfw,2026-08-19 13:02:42,43675,397,147,119.97,120.22,0.03,0
NrIpyp7I8tU,UCJA6MZLzTeljmGNFaugdoWQ,2026-08-04 07:00:08,16,2,2,120.0,120.0,0.0,0
NrK5m_V5HxA,UC-FiQR2gg8oiNw98ZdsSX6Q,2026-07-26 22:00:37,1229,20,0,119.99,120.24,0.01,0
NrSYwfj9lFw,UC5bjQxLK_3XVzIOTQ04sYeg,2026-08-10 11:37:02,672,13,0,119.89,120.13,0.11,0
Nri3VXL_x-M,UCab17MxxnFtAhGsJVTkSkCg,2026-07-31 10:17:25,1024,19,1,119.96,120.21,0.04,0
NrxV1fU3sN4,UCr4WCOxirRA-BzVu-MH_WqQ,2026-08-26 09:00:16,4002,36,5,119.76,120.01,0.01,1
Nrxj0LT3YGw,UCSfhr4gDPFsKuwdmTOWp2jw,2026-07-14 09:30:30,135,5,0,119.99,120.24,0.01,0
Ns2CHsEpul4,UC_E_qYfGKM3C0kqrp1p8z7Q,2026-08-13 19:00:36,356,7,1,119.99,120.24,0.01,1
Ns5F0Xg9lYE,UCjyXK9pWHwWR_-bRibFaWDg,2026-08-19 11:07:29,32482,230,59,119.89,120.14,0.11,0
NsF4BXoj3HI,UCdXpKf3aIenvWkMbF3EvcQg,2026-07-25 09:00:33,2636,82,21,119.99,120.24,0.01,0
NsOpwWY-6jo,UCkvz_CZlthtVo7E2sGa43cg,2026-08-05 11:48:59,148785,2824,305,119.94,120.19,0.06,0
NsQGaCcitGQ,UCiE9ZR51IeGPRbD4_Px6_Fw,2026-08-12 04:00:32,119943,2779,68,119.99,120.24,0.01,1
NsfNfnyKfmU,UCO8ToDSM2Gvt3EZdOdosxTw,2026-07-16 09:30:18,315768,5829,81,120.0,120.0,0.0,0
Nsg7y2Z9TpQ,UClmc4bkKkQy2cjn3lKjRGbg,2026-08-15 14:33:37,4,0,0,119.94,120.19,0.06,1
NsjWCbsMvp8,UCYxwKnNRv4FurQxeKcuR0Sw,2026-08-17 14:13:37,52,4,0,119.78,120.03,0.03,0
Nst-vQxxXeY,UCs0LzOveQMLImmmTrMmP2sg,2026-08-14 13:59:35,301599,1160,39,119.76,120.01,0.01,0
NsxXSSMoGkU,UCrY2B2XX41ReYh9DIWrFfCg,2026-07-23 11:21:20,5695,,7,119.9,120.15,0.1,0
NsyfZXW4Ijc,UCdK9h1ILxS49c2LguBUY3rw,2026-08-02 12:00:36,3,2,0,119.99,120.24,0.01,0
Nt-5-VDEAVU,UCi8fe6P0_tLeZ1r31wOydvw,2026-08-21 04:00:24,3972,13,7,120.0,120.0,0.0,0
Nt1X8u5SAX8,UCMswODzU1ZjjrLyUk7NfwPA,2026-08-25 11:09:13,45557,542,22,119.86,120.11,0.11,0
Nt539P84448,UCCW6uYIUP4YKKe50k-ktVAw,2026-08-04 08:00:14,88932,1858,164,120.0,120.0,0.0,0
Nt6veOWamTU,UC8E29ANOC3_OuB7_5EPY2xw,2026-08-21 14:07:40,1275,5,0,119.88,120.13,0.12,1
Nt7EdxeMYBQ,UCMAfHuocszM6UTORPwUmeNw,2026-08-29 16:06:23,47219,257,1,119.91,120.15,0.09,0
NteRpJX6oTo,UCI3DTtB-a3fJPjKtQ5kYHfA,2026-08-30 15:45:21,9656,19,1,119.76,120.01,0.01,0
NtpSF9RBuR0,UCjk9szhhsAO76PdH450mZNg,2026-08-17 14:07:15,469,0,0,119.88,120.13,0.12,1
NtwamtC-oa0,UCgLFbrC7-g0ihBKB0obVPTg,2026-08-11 12:23:23,44,1,0,119.86,120.11,0.11,0
Nu--1S2AJi8,UCeiDuGZqWT4iiIXRTfhM3qQ,2026-08-01 08:00:04,7243,178,2,120.0,120.0,0.0,0
Nu4DB7xpSG8,UCoH2pCzAr6zWDG-LtUiLWRw,2026-08-24 22:00:22,44263,446,67,119.76,120.01,0.01,0
NuNo44kxXpE,UCab17MxxnFtAhGsJVTkSkCg,2026-07-28 17:48:17,2582,26,1,119.95,120.2,0.05,0
NuiXzIcPdeo,UCfQOeRevRI14uNqluiJ7TeQ,2026-08-19 08:00:37,306,1,0,120.0,120.0,0.0,0
NumNL8ZHgU0,UCqVkQsNin4MdGFrWvzFVOKw,2026-07-28 15:33:15,19160,504,2,119.95,120.2,0.05,0
Nv0jMBPVzFY,UCpwGBltfwjd_fIzp5cb5R0w,2026-07-24 00:00:17,195746,3381,394,120.0,120.0,0.0,1
Nv5BoEG5hss,UCD8r5Jgns2V64-NcUmXclpg,2026-08-30 03:15:15,144152,423,60,119.76,120.01,0.01,0
NvCgJjQgWvw,UCKVt3arMXfa6XZezR1UnjqQ,2026-07-16 22:00:32,5080,38,2,119.99,120.24,0.01,0
QPoybm-M7fk,UCNZiNM2pP6uhIlTQVS2Q5fA,2026-08-30 09:00:27,476639,4507,315,119.76,120.01,0.01,1
QPrKpMXIH1s,UCMAfHuocszM6UTORPwUmeNw,2026-08-31 15:05:55,46052,242,2,119.92,120.16,0.08,0
QPrrBJBrFYE,UCCMQyaKDjQJY79VimTdaYYQ,2026-08-01 01:06:16,1319965,7675,115,119.9,120.15,0.1,1
QPs-qFU4lQ8,UC027x98NgUBw9K4aPT8k0mg,2026-08-01 12:00:26,42124,325,103,119.99,120.24,0.01,0
QPzQYhjp_FY,UCY_vDlvG-BTDRIOk_I9QQ6g,2026-07-16 09:00:36,2369,35,12,119.99,120.24,0.01,0
QQ2UbPjt4Sg,UCms8Ge7H1ZGgw6nV94fUhUQ,2026-08-20 09:05:40,12625,138,4,119.91,120.16,0.09,1
QQ6mrP3gUzo,UCpX86JOUhnrzG7MK8e8Gjbw,2026-08-30 13:57:54,54065,215,34,119.8,120.05,0.05,1
QQEcNVnjo5w,UCdK9h1ILxS49c2LguBUY3rw,2026-08-29 10:45:18,182,0,0,119.76,120.01,0.01,1
QQMpRDSZKuc,UC0aKwoKNeqBaUwiEXmkQaGQ,2026-08-07 07:00:00,658869,6493,,120.0,120.0,0.0,1
QQVj5K2bN04,UCby0vMKcLR05ZdS90aZd5og,2026-07-22 09:21:29,800,2,0,119.89,120.14,0.11,1
QQe2Zoj6b_Q,UCgT-gb3favw2jQgwxbbwwaA,2026-08-14 14:05:06,55788,393,18,119.92,120.17,0.08,0
QRBLO97nDuE,UCWVS5IJOkNnkKS5rjiAt9rw,2026-08-21 22:10:05,22135,158,34,119.84,120.09,0.09,0
QRKhg95EIpI,UCbvvdVOF0teLO-U6GWh1RKg,2026-08-30 03:47:21,10017,25,13,119.97,120.23,0.03,0
QRSmkqjHG54,UCnCH3Uhv_ynhTNKEH6ekRtg,2026-08-26 12:11:40,19782,165,17,119.82,120.07,0.07,0
QRccNcZmVUg,UC3DYSay178fMMPaf3zHwECA,2026-07-29 08:00:05,108896,2274,25,120.0,120.0,0.0,1
QRi42xrc-Fw,UCYJDUekoQz0-bo8al1diLWQ,2026-08-28 03:14:17,125258,1648,73,119.78,120.02,0.02,1
QRiOA-Se77I,UCWwbZhw5M-Q5dZtTK4nDWNw,2026-08-12 03:00:10,37001,589,8,120.0,120.0,0.0,1
QRy2O6YJCAE,UCZ-B_El841ME7qGXvYinGmw,2026-07-29 14:15:18,5101,104,41,120.0,120.0,0.0,0
QRycTl-X5pE,UCPv0av3PfTUeTnHGgcXkk8w,2026-07-16 23:59:46,12,0,0,119.76,120.01,0.01,0
QSCm1hybB54,UC-yb5eNBQyXBE9nZnht9u-g,2026-08-21 11:34:11,25403,481,15,119.94,120.19,0.06,1
QSRrWMNV984,UCYJ0Ucu9jPX5kn6SeDcNaIQ,2026-08-27 03:04:40,97096,315,49,119.93,120.18,0.07,0
QSSskQAWnpU,UCcJliZnsRbNw4I4uWSGq_wA,2026-08-29 05:38:39,20473,29,30,119.87,120.12,0.12,0
QSUXmtXPaPI,UCPsZX-D7LW99PjZLA-UysPQ,2026-07-23 00:00:39,1405,11,17,119.99,120.24,0.01,0
QSdjTaWLleE,UCcstDLbuhxEbFKkPZ6wST2A,2026-08-15 09:00:13,5517,23,4,120.0,120.0,0.0,0
QSirrMqRYFw,UC0PMQXAwF6O6aeTpv962miA,2026-08-14 17:30:06,30495,787,98,120.0,120.0,0.0,0
QSlMk4FF-cE,UCVWAdUQGUiY2Kzh0JoB5PtQ,2026-07-27 13:22:56,2742,15,9,119.87,120.12,0.12,0
QSvOux9-xd4,UCgO8sNnksVuKcuTVTQKSK3A,2026-08-23 09:00:29,38275,574,134,119.75,120.01,0.01,0
QT18ZIfOfgE,UCV7WE8I_UiAN0fa6Arezx_w,2026-07-21 20:00:02,39,0,0,120.0,120.0,0.0,0
QT28aRGDaQE,UCBW_PhuXoHk40xF6nO0Q64w,2026-07-11 11:09:24,11895,349,65,119.84,120.09,0.09,0
QT4xBwSdP-c,UCv0cBz_Vdmd84xYl7gKWwQA,2026-08-29 14:00:16,1732,39,2,119.76,120.01,0.01,1
QTH8ckXIqxk,UC_E_qYfGKM3C0kqrp1p8z7Q,2026-08-29 19:00:34,1067,33,2,120.0,120.0,0.0,1
QTRqZ1y89es,UCV7WE8I_UiAN0fa6Arezx_w,2026-08-14 06:00:02,54,0,0,120.0,120.0,0.0,0
QTpfFpNcajA,UCAtGPbK4AWmeoaREsNLLZhg,2026-08-27 07:06:47,17072,155,47,119.9,120.15,0.1,0
QTxHIsl-n5g,UCpAZLM9XMzIbqFucUBD8Jtg,2026-08-31 06:12:03,17837,44,14,119.82,120.06,0.06,0
QU7XWTI9CSU,UC4P7F8qenDo1O_5NvgBb_cg,2026-07-23 02:30:11,80471,803,82,120.0,120.0,0.0,0
QUOBLTysEzs,UC1Ns07Rw0lQK-KuaPHfRRTw,2026-08-11 22:38:52,21,0,0,119.85,120.1,0.1,0
QUQkaBp9D8k,UC141BuVRzSSXJX33Am9yxEA,2026-07-29 09:00:08,24547,617,103,120.0,120.0,0.0,0
QUZCSFtULtM,UC783XWULPW-nDGv_0EYlB6Q,2026-07-23 09:30:20,87200,2390,78,120.0,120.0,0.0,1
QUiBwSgh3-I,UC-FiQR2gg8oiNw98ZdsSX6Q,2026-08-25 08:00:21,1650,14,0,119.76,120.01,0.01,0
QUrZzMr5o9o,UCWH9vqm4yM9MHiSUPTfdJYg,2026-08-22 04:00:27,23202,354,83,120.0,120.0,0.0,0
QUzcTcRLKDs,UCV7WE8I_UiAN0fa6Arezx_w,2026-08-07 17:00:22,14,0,0,120.0,120.0,0.0,0
QVJjeOdGyp4,UCpcTrCXblq78GZrTUTLWeBw,2026-07-13 20:09:52,1683788,19036,207,119.84,120.09,0.09,1
QVM49fBxDxY,UCj3OncQK82szyWJM6c8V8Qw,2026-08-26 13:22:54,1294,5,1,119.88,120.13,0.12,1
QVQ3KHVgXb0,UCrD6viwK0DHbQuZSOZBbofg,2026-08-06 15:45:03,26452,303,93,120.0,120.0,0.0,0
QVSjuc08CGc,UCw1DsweY9b2AKGjV4kGJP1A,2026-08-20 08:02:10,37753,153,65,119.97,120.22,0.03,0
QV_N1Wd6s84,UC-yb5eNBQyXBE9nZnht9u-g,2026-07-27 07:30:19,9450,279,3,120.0,120.0,0.0,1
QVmrFIOS_zk,UC0vqyzJ-1l3AJl3IkKu0bhQ,2026-08-14 11:58:34,20,2,0,119.78,120.03,0.03,1
QW1EqhwvPcA,UCz5LAkkX66OAW-y_WiWf9vA,2026-08-21 13:19:42,68,1,0,119.93,120.18,0.07,0
QW1xCVqmmxk,UCRq3CDTZ2qe3HiHrZdQKBvQ,2026-08-25 09:28:04,1372,5,5,119.79,120.04,0.04,1
QW5oJd0MDJ0,UC4VWaR3R17Ruc7j1Cy1-PKQ,2026-07-29 20:24:42,17,2,0,119.84,120.09,0.09,0
QWPLneHN2vY,UCYGF_xk5RDpltyZDSx040uw,2026-08-04 04:34:17,75812,816,94,119.93,120.18,0.07,0
QWTYpD4hC8w,UC9M8GGVwPqc9ubNruArCNPg,2026-08-18 13:00:40,61426,1000,53,120.0,120.0,0.0,1
QWZ5hoU920c,UCQePzo3_oRB-6RAzBioc6pg,2026-08-25 22:45:30,2963,37,5,120.0,120.0,0.0,0
QWhc3yzwmtc,UCX11f6rIVaoWGvFnKKyPBNQ,2026-08-24 20:58:32,4839,199,3,119.78,120.04,0.04,0
QWzNwgLbIT0,UCdK9h1ILxS49c2LguBUY3rw,2026-08-09 11:15:04,5,0,0,120.0,120.0,0.0,0
QX7egZ22TDA,UCSh__r5HS4Y1xBkccWnV0TA,2026-08-22 18:29:48,76976,3267,131,119.77,120.01,0.01,0
QX851DCP8eU,UCBA9XaL5wCdHnC5EmEzwrqw,2026-08-08 14:30:01,279299,1635,189,120.0,120.0,0.0,0
QXM9vtTnKTo,UCMQheF8kFOZjCEbBRhYvROA,2026-08-24 14:26:17,1340,5,0,119.82,120.07,0.07,1
QXlhvxO8Gl8,UCI3DTtB-a3fJPjKtQ5kYHfA,2026-08-28 00:27:01,3123,8,1,119.81,120.06,0.06,0
QYK2S-Tr-_4,UCp6n8d8Y8r3MwKNw_MMaouQ,2026-07-23 20:23:44,2139,33,2,119.86,120.11,0.11,0
QYKcaFn-n7I,UCkpKYfb8wM67QnKxBj9bZXA,2026-07-24 06:57:58,15765,137,199,119.79,120.04,0.04,0
QYUNW7olWuY,UCkd3KAYGnTNPJZZrPOFeWhA,2026-07-29 03:28:26,14990,51,24,119.78,120.03,0.03,0
QYmLRj32fmk,UC78d2aaqdrt02RfmtRLmlAw,2026-07-30 21:42:09,37058,966,371,119.8,120.05,0.05,0
QZNflDyGOfE,UClHTjLVog7CkRF8tYJuNXXQ,2026-08-17 16:17:25,573,14,5,119.96,120.21,0.04,0
QZfvO-e_EGk,UCaj7p2XHGqfBYb2OI-7Q2DA,2026-08-01 06:50:33,126881,618,22,119.91,120.16,0.09,1
Q_KnXmptqTA,UCkrNv6xF8j7QZmWb3UeAH8A,2026-08-20 07:12:03,1327,14,1,119.81,120.06,0.06,0
Q_Xn5dBwZzA,UCZ49HaU_D0Tlf1aDA2jU_Vg,2026-08-27 05:20:00,42872,155,40,119.93,120.18,0.07,0
Q_YEfoim1nU,UC8a9-ubjMyQkDH9Jr8EX0JQ,2026-07-13 00:38:42,79,1,0,119.86,120.11,0.11,0
Q_qPGnRUoUg,UC-S8JFhLkQ5enhB70c2CYIw,2026-08-15 11:00:14,151281,3033,229,120.0,120.0,0.0,0
Q_vdpeRPgP8,UCV7WE8I_UiAN0fa6Arezx_w,2026-08-03 13:00:27,110,3,0,119.99,120.24,0.01,0
Qa2s52hMP50,UCcNdwtZ7ulFFxngmnzsWQNA,2026-07-28 02:00:01,38492,374,127,120.0,120.0,0.0,0
Qa7gtQMt6w4,UCiVO_mThS9B3tNc_kzpn-3g,2026-07-29 17:00:21,35005,715,39,120.0,120.0,0.0,1
QaC9kDlMhdc,UCirJgPv8RtFaFMj39b6cD8Q,2026-08-14 09:00:34,3569,33,1,119.99,120.24,0.01,1
QaUTJ_Shsqg,UC7hwQp3F6P_OwyRM14p88iQ,2026-07-22 15:43:56,38790,319,5,119.77,120.02,0.02,0
QaWJDDRgJdI,UCPuD5ZRQWa_JCaY5NokNhtg,2026-08-20 15:31:49,555,8,4,119.97,120.23,0.03,0
Qac9cRIaZuM,UCO8ToDSM2Gvt3EZdOdosxTw,2026-08-01 04:15:05,7839,78,96,120.0,120.0,0.0,0
QakQimmFYpc,UCMswODzU1ZjjrLyUk7NfwPA,2026-08-16 10:15:08,151828,1633,27,120.0,120.0,0.0,0
QaluavhXKHU,UCOaUTqrtz1yBBiwziVJEAmQ,2026-08-26 16:00:30,4003,13,52,119.75,120.01,0.01,0
Qam0mW4IkrQ,UCybfHuHkJRzGDymek2Dsqvw,2026-07-11 22:00:12,38426,782,189,120.0,120.0,0.0,0
QbS2VN5zW-U,UC9M8GGVwPqc9ubNruArCNPg,2026-08-23 12:00:33,4250,86,6,120.0,120.0,0.0,1
QbrwN5s4A70,UCzDmGDR5RdahQkLCBoWlTEg,2026-07-12 03:00:36,24024,153,18,119.99,120.24,0.01,1
IbLTtKBNT68,UCV7WE8I_UiAN0fa6Arezx_w,2026-07-11 14:00:26,649,2,0,119.99,120.24,0.01,0
IbN3zSlDVk8,UCSOeJWyByeoBHpmrm0NnlLw,2026-08-05 07:00:37,98329,1793,203,119.99,120.24,0.01,0
Ibaiwc8OS14,UCpcTrCXblq78GZrTUTLWeBw,2026-08-29 21:30:32,27589,130,8,119.76,120.01,0.01,0
Ibi8pYanSnY,UC8rbhIem-3aAsNXhTDI-nSA,2026-07-15 22:00:18,155616,3153,186,120.0,120.0,0.0,0
IblHCJhqKl4,UCdb5lyq0tWbY3jqH35SufmA,2026-07-29 10:30:38,10371,72,7,119.99,120.24,0.01,0
Ibll_V1exsw,UCKHx_yf3dI2ajWAjXRJ_9Rw,2026-07-28 16:50:53,6406,162,11,119.9,120.15,0.1,0
IboZYaonVD4,UCcNdwtZ7ulFFxngmnzsWQNA,2026-07-25 02:00:23,58674,508,127,120.0,120.0,0.0,0
IbuFFz6tbko,UCFCt5RYu41HTg4eX1jdHNxw,2026-08-17 01:28:39,14308,81,3,119.78,120.03,0.03,0
Ibx9GnZWgg8,UCJA6MZLzTeljmGNFaugdoWQ,2026-08-01 07:00:20,155,2,0,120.0,120.0,0.0,0
Ic-PgaSsXos,UCdoTrHNHnoRbaQenxK5PEUg,2026-08-31 13:53:57,138,0,0,119.86,120.12,0.12,0
Ic8VnIxf8x0,UCifCesg-EUkjKyQedaB3hRg,2026-07-26 23:54:27,26763,563,25,119.84,120.09,0.09,1
IcD0_hFttZ4,UCU0-6z_KU9AShyR9J6gcFGw,2026-08-05 02:26:06,572,6,0,119.82,120.07,0.07,0
IcIyM_wB3Hw,UCybn_0S0Ec6Il1ZhiQM1Vww,2026-08-29 13:13:35,52870,129,25,119.79,120.04,0.04,0
IcKKQPdPgzo,UCdQHEqTxcFzjFCrq0o4V7dg,2026-08-07 00:15:21,27985,1737,164,120.0,120.0,0.0,0
IcQmJm06rmo,UCt8CJiye87FMbEwt0npPMuQ,2026-08-09 14:15:27,1945,48,12,120.0,120.0,0.0,1
IcVdAXZQ_Ew,UCW_Ptq0v8ck67w9oKiwXz2g,2026-08-01 13:56:06,8,1,0,119.82,120.07,0.07,1
IcpOCBMf5y4,UCAl4HWznMn7KhKBRFO5eiFA,2026-08-08 13:59:50,19272,133,40,119.76,120.01,0.01,0
IcqVNMGmguc,UCFrKhWvZ8oeJQTNP5ZabgJw,2026-08-15 01:00:23,226762,2332,446,120.0,120.0,0.0,1
Icwg1waWK5A,UCqlcSsDNMYxEsem7bWY-66Q,2026-08-03 16:34:44,16288,455,2,119.92,120.17,0.08,0
Id5Nk_3l9kc,UCJN5mgLqkPCTVC5v-12gKjQ,2026-08-19 11:00:20,3198,150,25,119.75,120.01,0.01,0
Id6ebyRctGc,UCZ6mNZTiTUrUSbSYPlclI4A,2026-08-12 11:15:30,13100,281,19,119.99,120.24,0.01,1
Id7QeCfI6dU,UCDnIK80iouL_rb_J6GybOlg,2026-08-30 15:00:32,4,0,0,119.75,120.01,0.01,0
Id8_G95DJxI,UCaCFlaIQAmiU_mLnZq5E-tA,2026-08-31 11:00:26,1067,17,4,119.76,120.01,0.01,0
Id9719X7HDQ,UC78cfahWKAc3OxNl4jKFVRQ,2026-07-30 03:51:45,2109,6,15,119.89,120.14,0.11,0
IdNUDp6t3QY,UCi1Tln5CFg1yExpz8djyxjA,2026-08-24 22:01:49,782916,23389,108,119.98,120.23,0.02,1
IdPdlHPxxKQ,UCvfEv6nBnL0QlKqyGmL0orQ,2026-08-23 00:00:26,19714,75,25,119.75,120.01,0.01,0
IdWJEl7OhVc,UCz4b1O9sT73P8DWwx6OvQwg,2026-07-23 07:00:20,16039,270,30,120.0,120.0,0.0,0
IdaIgBTs7WM,UCl402YYy7RcH7PBI3npmGPQ,2026-08-27 12:15:23,493707,4594,66,119.76,120.01,0.01,1
IdeQobw1CcE,UCPGl9DV2WUgaqGVXtVrhJWQ,2026-08-27 15:00:15,407,1,0,119.76,120.01,0.01,0
IdhMcg0OZXo,UCrfB1-zWijAYkgfZW7Ehc8Q,2026-08-25 08:00:30,143295,2995,158,119.75,120.01,0.01,1
IdiQ2FIdWOw,UCS7gEaMmBPAaI8dHNnrSofg,2026-08-14 09:44:17,51593,,35,119.77,120.02,0.02,0
Idto5GTeBLA,UCL_IvtOZo6sONpiydbzzHpA,2026-08-15 01:32:20,233356,3004,38,119.96,120.21,0.04,0
Ie8Ekdmjv6M,UCBA9XaL5wCdHnC5EmEzwrqw,2026-07-15 11:02:03,285349,1396,185,119.97,120.22,0.03,0
IeHXnF5_AUo,UCS-X1uBDTNwAYyydiXjcX9A,2026-08-10 03:00:29,2282,13,0,120.0,120.0,0.0,0
IeKBMkJJBeQ,UCY_vDlvG-BTDRIOk_I9QQ6g,2026-08-29 23:30:23,6956,37,13,119.76,120.01,0.01,1
IeXXN2TrEt8,UCcstDLbuhxEbFKkPZ6wST2A,2026-08-25 09:00:08,75146,332,37,119.76,120.01,0.01,0
IfGGEA_30xE,UCL_IvtOZo6sONpiydbzzHpA,2026-08-25 07:44:54,55549,716,55,119.76,120.01,0.01,0
IfQBoLiEsQU,UCdb5lyq0tWbY3jqH35SufmA,2026-08-25 11:35:56,13063,80,13,119.91,120.16,0.09,0
IfThEBL8Te0,UCws1FXlgdkXB-3FKN_lqgiw,2026-08-17 09:00:37,319,2,0,119.99,120.24,0.01,1
Ig-CTdv2JP4,UCcsC1X0SyiWcxBTbnjoZ9Ag,2026-08-14 09:48:51,10562,77,26,119.94,120.19,0.06,0
Ig5rrBrAZz8,UCuWcjpKbIDAbZfHoru1toFg,2026-07-30 18:02:16,24487,1006,73,119.96,120.21,0.04,0
IgCySJ9kJ1g,UCiVO_mThS9B3tNc_kzpn-3g,2026-08-06 20:45:07,54591,654,12,120.0,120.0,0.0,1
IgRc-COiRv4,UCdm06VHBWF5Mg5kYxffzikw,2026-08-05 03:17:55,31941,193,7,119.95,120.2,0.05,1
IgWnO_QUiV4,UCMswODzU1ZjjrLyUk7NfwPA,2026-07-21 03:00:16,31729,729,29,120.0,120.0,0.0,0
IgduBgrahxg,UCfq-5-0b5Lzj7cKCrp6-flA,2026-07-26 08:00:29,6126,260,35,119.99,120.24,0.01,1
IghmJut2jKw,UCPGl9DV2WUgaqGVXtVrhJWQ,2026-07-19 13:42:39,2,0,0,119.79,120.04,0.04,0
IglNUd3FYxM,UC-yb5eNBQyXBE9nZnht9u-g,2026-08-16 11:20:17,13631,349,8,119.91,120.17,0.09,1
Ih6-3oVXvws,UC-aXNBQ6nwMNeW2V8XB7sBg,2026-07-22 09:00:29,167565,1604,38,119.99,120.24,0.01,1
IhFBLtkJ6yU,UCv1tOT645xHOJrwdGlzjMaA,2026-07-23 02:00:39,9903,66,0,119.99,120.24,0.01,1
IhS9ZfeDTbw,UCL_IvtOZo6sONpiydbzzHpA,2026-08-15 01:31:24,75082,1019,22,119.98,120.23,0.02,0
IhcpQWSB81Y,UC5H8Wt-1q_tnn-m4tDTqbUw,2026-08-28 09:12:45,1547,16,4,119.8,120.05,0.05,0
IhnJqvqEuD0,UCPGl9DV2WUgaqGVXtVrhJWQ,2026-08-22 14:33:26,9,0,0,119.95,120.2,0.05,0
Iho10fbIMCE,UCgLFbrC7-g0ihBKB0obVPTg,2026-08-22 11:17:07,145,5,0,119.98,120.23,0.02,0
IhxuaX5DbC8,UCRLoyYlPR9ufzlbeI9lLDqg,2026-08-20 09:04:18,58945,1238,40,119.93,120.18,0.07,1
Ii3Y5DZuhgg,UCcum1rCJ5GJeQ_xv0xrohqg,2026-07-31 13:15:10,10340,252,25,120.0,120.0,0.0,0
IiDdkOJvG1w,UC8aCmG_y4DqqVI9Xlcym1Jg,2026-07-27 23:17:09,5398,178,10,119.97,120.22,0.03,0
IiOkC025iAU,UCs0LzOveQMLImmmTrMmP2sg,2026-08-28 13:02:11,248470,586,56,119.98,120.23,0.02,0
IilxACUu8Y8,UCABvetlXpdOwFz10fCpJkwQ,2026-08-17 22:08:27,222152,3350,813,119.86,120.11,0.11,0
IimOqI1nwoE,UCV7WE8I_UiAN0fa6Arezx_w,2026-07-20 08:00:10,76,0,0,120.0,120.0,0.0,0
IimPcE2iYro,UCYS2NvZlSjrxZfnn1v7b3QQ,2026-08-06 18:30:56,17,0,0,119.99,120.24,0.01,0
IiryG1zN5O4,UCNZiNM2pP6uhIlTQVS2Q5fA,2026-08-04 09:00:28,181621,2747,105,119.99,120.24,0.01,1
IiyRPN32REA,UCSrQnB-Ip9hc0biFQ3HoKzg,2026-07-26 05:10:11,54859,1986,94,119.83,120.08,0.08,0
IjMsADLditQ,UCYMXFMiaGBnZ08-wBHS2MPQ,2026-08-03 01:37:10,728,2,1,119.88,120.13,0.12,0
IjNDfyIcZ_o,UCgLFbrC7-g0ihBKB0obVPTg,2026-08-18 12:09:45,100,6,1,119.85,120.1,0.1,0
IjSmq00OguQ,UCah0w9n_eAyjUBG7eHbj8vw,2026-08-25 02:33:29,67328,1476,528,119.95,120.2,0.05,0
Ijc9B4P1FKc,UCQDGJQe8X9tbk_i8Na3VVXg,2026-08-04 05:31:29,321,12,0,119.98,120.23,0.02,0
Iji0m37Q8B0,UCv1tOT645xHOJrwdGlzjMaA,2026-08-29 11:57:17,52805,674,20,119.81,120.06,0.06,1
Ijk5EUgq4ss,UCgyDKBTgkBfa8jWrBb8Npig,2026-07-22 07:49:30,2,0,1,119.93,120.18,0.07,0
IjwDbIVznbA,UCR0aLp4aIvxS07g6rGWZr_g,2026-07-25 11:30:19,64531,473,153,120.0,120.0,0.0,0
IjwcdqFzhGk,UCqVkQsNin4MdGFrWvzFVOKw,2026-08-01 15:53:45,19474,443,1,119.86,120.11,0.11,0
Ik0cO8wydLk,UCPuD5ZRQWa_JCaY5NokNhtg,2026-08-25 01:54:46,369,8,3,119.85,120.1,0.1,0
Ik2TUUZOBjY,UCtRiSpvkhtRXaSjVjEB9LKg,2026-08-26 09:54:34,1763,13,2,119.85,120.1,0.1,0
Ik7_b6h8hsQ,UC3NIb2qVtwunRNmypsDpQzA,2026-07-25 10:27:22,389275,8945,497,119.8,120.05,0.05,0
Ik8Uk6u9Tyc,UC5ScPjbt-a97AJO7SBj6nAg,2026-07-24 08:30:22,117338,2989,551,120.0,120.0,0.0,0
IkHHS-ZMxUA,UCOaUB8RzbLXB7QZtCmMO-8A,2026-08-29 09:00:01,144411,930,148,119.76,120.01,0.01,0
IkKFedaVtPs,UCwfbSsZ7_sccxcibe60mWlQ,2026-08-02 03:00:17,16331,72,14,120.0,120.0,0.0,0
IkNm0XHoVbg,UCXAXCxTCCYYKsLJNzEvjqfw,2026-08-03 19:18:58,122171,2407,283,119.94,120.19,0.06,0
IkPETtXf0r8,UCeBa5aBvHvly34S0Uk9Wqig,2026-07-31 10:49:07,4745,74,25,119.94,120.18,0.06,0
Ikc5eqWMeTU,UCt8CJiye87FMbEwt0npPMuQ,2026-08-19 14:15:38,20325,550,42,120.0,120.0,0.0,0
Ikm6sjEHiM0,UCJmnOEp1-OITEU0mk4icM5A,2026-08-20 03:00:35,166427,2109,178,120.0,120.0,0.0,1
L9LBQ4a3VVU,UCawK5EIfr66Z7fjAlZgfB2g,2026-08-23 02:04:41,4086,,0,119.93,120.18,0.07,0
L9PFNkd7_Qk,UCcsC1X0SyiWcxBTbnjoZ9Ag,2026-08-11 04:00:32,7901,71,21,119.99,120.24,0.01,1
L9Qu60wVkoo,UCzDyC6JMEXEufozffWzI9Mg,2026-07-27 04:00:37,101217,1254,77,119.99,120.24,0.01,1
L9_sQ3fmd5Y,UCAl4HWznMn7KhKBRFO5eiFA,2026-08-09 09:55:34,22818,143,5,119.83,120.08,0.08,1
L9dL2D80KAw,UCBtJuwDt6LlXp2YASC-ZMdA,2026-07-25 10:53:35,712,17,2,119.86,120.11,0.11,0
LAIDVaICY2c,UCJYdIDfGkqXTsQq5aW4md0Q,2026-08-18 01:58:06,172,0,0,119.78,120.03,0.03,0
LAJwowrGMI8,UCikKJvpU0Ylua4hRW6faQRg,2026-08-27 07:49:11,4665,71,0,119.94,120.19,0.06,0
LAODUJDQYTg,UCkmUJzaZfP7Wsb5-89pAK4Q,2026-08-12 22:31:48,1101,18,0,119.97,120.22,0.03,0
LAQXNozWYQs,UCgvtwZJPhSfbKOxh3EoVXng,2026-08-29 07:50:05,632,2,2,119.93,120.18,0.07,0
LAUO3oGI3oc,UC60HSePkZwGFzRj6VSDa6Ew,2026-07-26 08:52:17,7618,260,47,119.88,120.13,0.12,0
LAZ_odtld40,UCnhGcri8x6xhehanhAe9ipw,2026-08-27 14:30:14,519120,3774,506,119.76,120.01,0.01,0
LAp5foGZrT4,UC3ozN5tHi449NhCDE6Xtmwg,2026-07-29 03:32:47,400555,3396,55,119.96,120.21,0.04,1
LBHk958G30g,UC1dG3vI9FfHnH3YgyeKUz_A,2026-07-15 07:30:03,198200,1020,150,120.0,120.0,0.0,0
LBIJ_76Vv7k,UC3_QWAvQRhPW4CDoQU8acKw,2026-07-31 07:00:02,41066,998,108,120.0,120.0,0.0,0
LBJwvAQfgyc,UC1dHu9GhbHH7RcHKyJdaOvA,2026-08-17 05:05:11,78339,335,95,119.92,120.17,0.08,0
LBKt8BbdPFE,UCt8CJiye87FMbEwt0npPMuQ,2026-08-04 14:30:33,19702,693,73,119.99,120.24,0.01,0
LBTqd_zD8IQ,UCBA9XaL5wCdHnC5EmEzwrqw,2026-07-23 03:13:24,304603,1371,337,119.78,120.03,0.03,0
LBUOM-2ufhM,UCtKNP4UGUA1ybxJJcTC_GFA,2026-08-26 12:15:13,13331,30,4,119.76,120.01,0.01,0
LBWZQSXoqDo,UClHGjnruf4A9Us7CHVgLIEQ,2026-07-28 09:00:10,12948,70,1,120.0,120.0,0.0,1
LBYOFcEmmEA,UCim7oePrB5hdfhcYwgUY6Jw,2026-08-23 13:00:28,10846,71,23,120.0,120.0,0.0,0
LBYxAruARVY,UCSOeJWyByeoBHpmrm0NnlLw,2026-08-21 07:00:27,39633,880,76,119.75,120.01,0.01,0
LBjk3ZEIUFY,UCI3DTtB-a3fJPjKtQ5kYHfA,2026-08-08 01:02:05,4388,59,7,119.97,120.22,0.03,0
LBlzsmXFrI4,UCBTsPtRCh6ln3IRQFjhjh1A,2026-08-12 11:44:29,89515,360,11,119.76,120.01,0.01,1
LC3SH9lFVrQ,UC9vI-9WYQLXKI6n9XdXXo3g,2026-08-10 03:00:01,18637,183,30,120.0,120.0,0.0,0
LC4GFsIFDHc,UCt8CJiye87FMbEwt0npPMuQ,2026-08-20 12:00:23,3974,214,14,120.0,120.0,0.0,0
LC5U4wuNvxM,UCHeg3ApmuXQbqqszaD1fR9g,2026-07-29 15:53:37,109,7,0,119.86,120.11,0.11,0
LC6pBE0XoPo,UCqlcSsDNMYxEsem7bWY-66Q,2026-08-25 16:37:45,18832,621,2,119.88,120.13,0.12,0
LCFf_USfYCs,UCZaNYFjF_SRRJPVuGX7yMjQ,2026-08-28 11:16:55,4,2,0,119.98,120.23,0.02,0
LCRJqCcfZRM,UCw1DsweY9b2AKGjV4kGJP1A,2026-08-03 07:00:34,226331,1144,63,119.99,120.24,0.01,1
LCffPJhjT6E,UCulcJNJPF25ncT7GvJm6iEg,2026-08-20 08:10:15,103576,1502,21,119.84,120.09,0.09,1
LCu0jg2L-iI,UC_9W6Z5Y3lDpLk47Y_y5ITQ,2026-08-23 12:56:46,8566,89,12,119.81,120.06,0.06,0
LDLf7b-wEt4,UCpwGBltfwjd_fIzp5cb5R0w,2026-08-19 00:30:34,220815,4480,248,120.0,120.0,0.0,1
LDXJ0wKiblw,UCT807kAu6fmwES8B5698e2w,2026-08-31 10:00:25,69097,1218,126,120.0,120.0,0.0,0
LDZKBIdIPcA,UCZ6mNZTiTUrUSbSYPlclI4A,2026-07-23 11:00:11,19290,615,16,120.0,120.0,0.0,1
LDiswTpdbMQ,UC72PuhDwKtZ5MikpGNhPAtA,2026-08-19 18:34:10,171847,8357,981,119.94,120.19,0.06,0
LDxgFDLgSvg,UChyEdiMY2maW8ySmbcmEyRg,2026-07-26 12:49:25,12,1,0,119.93,120.18,0.07,0
LEVP4T6RfIM,UCnMshUhBxDsKFPnxBGmGEpg,2026-08-10 16:21:02,3816,35,5,119.9,120.15,0.1,1
LEVw1E9F4LA,UCt8CJiye87FMbEwt0npPMuQ,2026-08-03 12:00:04,3297,108,6,120.0,120.0,0.0,1
LEYgBv1MtaQ,UC4VWaR3R17Ruc7j1Cy1-PKQ,2026-07-24 22:49:13,470,7,4,119.93,120.18,0.07,0
LEcbLpCX91w,UCtGMgPWJNU2Aj-SNK0zg0Sg,2026-07-23 09:30:19,35196,334,15,120.0,120.0,0.0,1
LEoEgSo2v1I,UCN5oT4zGJX-_H6pE5isAEeg,2026-07-23 08:00:23,1087775,19718,620,120.0,120.0,0.0,1
LEpeky8KnCQ,UCElXDMEQqlUnuyDbChjARWQ,2026-07-26 09:30:36,1117,2,0,119.99,120.24,0.01,0
LEyc4cewrcI,UCPv0av3PfTUeTnHGgcXkk8w,2026-08-25 23:59:14,11,0,0,119.77,120.02,0.02,0
LF0vd6QklZw,UC60HSePkZwGFzRj6VSDa6Ew,2026-07-26 15:55:14,11130,137,12,119.83,120.08,0.08,0
LF3QuT9GU-4,UCdvY3MgO_BGrNbhbmxQC73Q,2026-08-07 10:00:31,5144,269,82,119.99,120.24,0.01,0
LF3f2dALGGc,UCvAetSOU_4lyjM5hVMNzN0Q,2026-08-11 07:04:08,18589,198,64,119.93,120.18,0.07,0
LF6vE91L6B8,UCaHIZAKows704_gk6bjdAog,2026-08-20 03:00:28,88026,1496,97,120.0,120.0,0.0,1
LF7ADaidqzo,UCQDGJQe8X9tbk_i8Na3VVXg,2026-08-30 09:16:59,1655,12,0,119.98,120.23,0.02,0
LF7rGFENQAQ,UCTUnpbuKoOODvhLhCO_kO_A,2026-07-25 08:00:06,477,8,3,120.0,120.0,0.0,0
LFWi6Vf8Bxw,UC_m_uqd_9s0hZvlgfvCzqbQ,2026-08-19 11:32:37,1100,5,0,119.97,120.22,0.03,1
LFqC0LgM978,UCifCesg-EUkjKyQedaB3hRg,2026-07-26 00:57:26,1024,24,0,119.79,120.04,0.04,0
LGRsPdUTppo,UCgskqxXr-H0mE5VhYviluvQ,2026-08-19 00:34:36,4413,82,14,119.93,120.18,0.07,0
LGUUyVUonWU,UCifCesg-EUkjKyQedaB3hRg,2026-08-14 01:56:24,244816,1951,11,119.81,120.06,0.06,0
LGVrj9JMGMQ,UC4cKHOBS-nRfKFTwf1n8HGA,2026-07-24 14:52:45,34,,0,119.87,120.12,0.12,0
LG_pptVPQIo,UCV7WE8I_UiAN0fa6Arezx_w,2026-07-15 04:00:21,164,1,0,120.0,120.0,0.0,0
LGgAATlIxVU,UCql_fqTxryFKW7jukEvNoCQ,2026-08-25 19:26:30,9474,209,20,119.82,120.07,0.07,0
LGjbg32aP8E,UCXNh3eUHXEkL7h1w1KYQRKQ,2026-07-24 06:00:35,34270,354,5,119.99,120.24,0.01,1
LGtzPRCJlzo,UCOTJtP0Z9DjpPU43B5m1V6A,2026-08-16 12:00:39,359336,2480,82,119.99,120.24,0.01,1
LGtzsFu4-Jc,UCF-rFAdN7dzd-SI2T3rkCaQ,2026-07-10 09:34:26,155949,2429,58,119.19,123.05,0.81,1
LH-DaWS04C4,UCp6n8d8Y8r3MwKNw_MMaouQ,2026-08-08 20:15:12,251145,2384,18,120.0,120.0,0.0,0
LH0e27lm484,UCoIEwIHhW-1_roLnb5nK_UA,2026-08-27 10:00:19,9162,12,11,119.76,120.01,0.01,0
LHFSv39W5T0,UCNmN3W2H0r5_hV2drzbEn7Q,2026-08-19 00:00:41,2446,42,5,120.0,120.0,0.0,0
LHf_fNJckTM,UCYxwKnNRv4FurQxeKcuR0Sw,2026-08-28 03:00:10,32,2,0,119.76,120.01,0.01,0
LHhkBEH0Oik,UC8a9-ubjMyQkDH9Jr8EX0JQ,2026-07-17 17:13:24,54,2,0,119.78,120.03,0.03,0
LHyIU39ig88,UCkNUuK9EfixaK2HbJYZ5YrQ,2026-07-25 09:00:14,7718,295,83,120.0,120.0,0.0,0
LI3OS9VsdTs,UChfs1dQ5phBDBWZJ1hHLbUA,2026-08-26 09:15:08,105265,702,53,119.76,120.01,0.01,0
LI3UKVP0qwM,UCV7WE8I_UiAN0fa6Arezx_w,2026-08-10 13:00:11,58,3,0,120.0,120.0,0.0,0
LI6rydQ0J0M,UCoIEwIHhW-1_roLnb5nK_UA,2026-08-31 16:00:07,14156,39,33,119.76,120.01,0.01,0
LICY95cKbFI,UCKC4R6B8bTLIKH1V9PyD7Iw,2026-08-14 09:00:24,19522,204,25,120.0,120.0,0.0,0
LIDvmHsQ8iE,UCYGF_xk5RDpltyZDSx040uw,2026-08-01 04:03:41,42608,430,61,119.94,120.19,0.06,0
LIE0descxuQ,UCp6n8d8Y8r3MwKNw_MMaouQ,2026-08-15 20:54:20,6235,36,0,119.85,120.1,0.1,0
LIRc_2PlfhI,UCV7WE8I_UiAN0fa6Arezx_w,2026-07-20 06:00:36,186,3,0,119.99,120.24,0.01,0
LIX1whgrNs4,UCDBAVzfX3yZ1hah0FHnOoaA,2026-08-10 13:00:21,375436,2057,446,120.0,120.0,0.0,0
LI_4V5QBKf0,UCoSniqkitCpxlHrQd5L8A1w,2026-07-21 03:08:36,1785,14,1,119.86,120.11,0.11,0
LIflUmXUXHY,UCt8CJiye87FMbEwt0npPMuQ,2026-07-10 15:30:06,5812,122,11,120.0,120.0,0.0,0
LIigbRnakvE,UCtRiSpvkhtRXaSjVjEB9LKg,2026-08-06 03:00:36,9610,129,31,119.99,120.24,0.01,0
LImzJQOFqtE,UCMbyslGswEPuiNp9yoY_O9w,2026-08-10 16:35:30,64606,873,33,119.91,120.16,0.09,1
LItFEOdWFz0,UC4VWaR3R17Ruc7j1Cy1-PKQ,2026-08-24 21:13:20,202,1,0,119.79,120.04,0.04,0
LIxw-_-C4EQ,UCeB_ZeSo0xDL62wWlkTEtjA,2026-07-27 11:15:00,292428,1823,368,120.0,120.0,0.0,0
LJW422iGVpQ,UCTUnpbuKoOODvhLhCO_kO_A,2026-08-26 08:00:00,1187,7,3,119.76,120.01,0.01,0
LJhKGtg5NOI,UC2yOBpLVwB7kzt9C5ZPbB7w,2026-08-10 20:00:01,50281,792,22,120.0,120.0,0.0,1
NvMXTDOWzXQ,UC_E_qYfGKM3C0kqrp1p8z7Q,2026-07-30 17:00:38,451,10,2,119.99,120.24,0.01,1
NvNgCZ2NzUA,UCyiKngyUPUb1bka4yFrn65g,2026-08-06 08:52:31,19304,71,19,119.88,120.13,0.12,1
NvOqZ4aqbI0,UCAVR6Q0YgYa8xwz8rdg9Mrg,2026-08-06 03:30:09,1643302,8572,309,120.0,120.0,0.0,1
NvXXDJIAKmk,UCzps05UZ7XpX3SFoFyYIDow,2026-08-17 07:42:16,21235,122,120,119.8,120.05,0.05,0
NvY5KFu9m7Q,UCFrKhWvZ8oeJQTNP5ZabgJw,2026-07-29 13:08:43,175537,984,160,119.86,120.11,0.11,1
NvZmEZK8jSA,UCdK9h1ILxS49c2LguBUY3rw,2026-08-23 11:45:32,8,2,0,120.0,120.0,0.0,0
NvjyTmF_ipY,UC59jWhPazXYi8Ny4vake45A,2026-07-24 08:30:18,18419,431,6,120.0,120.0,0.0,1
NvpFhRqfUQE,UC_2x8h1QrTHOO0i4Yiss-ww,2026-08-27 10:00:15,353740,4103,88,119.76,120.01,0.01,1
Nvy7Eeyt7fc,UCgLFbrC7-g0ihBKB0obVPTg,2026-08-29 16:26:53,804,18,0,119.81,120.06,0.06,0
NvyRcJbtLZw,UC14G5tdSndPhP47RTVgMXcg,2026-08-15 10:36:56,799,27,0,119.89,120.14,0.11,0
Nw4Ntzdwzws,UCAl4HWznMn7KhKBRFO5eiFA,2026-08-06 11:18:49,6433,33,1,119.94,120.19,0.06,1
NwEJ59nYf04,UCGVy07wZs8W-EpKAGchrmCQ,2026-08-17 11:03:06,7349,47,11,119.95,120.2,0.05,0
NwFKEjF3Dog,UCKrprPfevcAZpPuRnCO6xOA,2026-08-28 09:00:34,2966,5,3,120.0,120.0,0.0,0
NwTbHf92WBA,UCADf92tisOOh90hrZee4-LA,2026-08-23 14:59:09,238875,1478,32,119.78,120.03,0.03,1
NwYfSmnFhmk,UCz3VCyq5pO0OuGSF9fhcpEw,2026-08-31 12:37:43,49532,202,90,119.89,120.13,0.11,0
Nwc4o6W-sG8,UCAVR6Q0YgYa8xwz8rdg9Mrg,2026-08-11 11:00:06,200058,6680,228,120.0,120.0,0.0,0
Nx1DXdL8jLQ,UC3Oe-jfrIqEGygxYBYyN6jQ,2026-08-30 00:21:45,12330,76,0,119.9,120.16,0.1,0
Nx3dTc2LQb8,UC8Gk3BMOPf8b-B4PXkukqTw,2026-07-29 10:00:12,318,17,17,120.0,120.0,0.0,0
NxN5zlvNpGY,UC0wo7SwsC5dE0nSgBs2M-3A,2026-08-20 07:00:18,127018,3366,48,120.0,120.0,0.0,1
NxOKuenjSJ8,UC9qwDE50UcXvdplRNZKEoPA,2026-08-06 00:13:33,3925,109,25,119.78,120.03,0.03,0
NxWbAz1UE2w,UCYjNEoVziojh1ZCum1q0PNQ,2026-07-15 01:15:05,79294,1200,74,120.0,120.0,0.0,1
NxWpaIkIGlI,UCrXfM4HsibSucC_NlIY7v0Q,2026-08-12 09:09:48,228,3,15,119.84,120.09,0.09,0
NxbzVC0Q-Vo,UCOMVY7jsl569k0UYXWv3OgQ,2026-08-06 09:19:11,9,0,0,119.93,120.18,0.07,1
Nxcke-gGDLo,UCBvKuSAkXERBnGSQOH0Sarw,2026-07-22 10:35:02,64258,623,127,119.92,120.17,0.08,0
Nxfz-Det2-Q,UCb5NLtXAsTBrmaZVhyFa-Wg,2026-08-05 08:00:01,20602,183,8,120.0,120.0,0.0,0
Ny-fJ_aQ8YY,UCvfEv6nBnL0QlKqyGmL0orQ,2026-07-31 01:00:07,37235,157,41,120.0,120.0,0.0,0
Ny1IisvrBJ4,UCZRH94I89Ps7giJYeK6DlWA,2026-08-11 03:00:09,68094,896,160,120.0,120.0,0.0,0
NyBgzlD3sUs,UCrR_fhiJjoW8OJFzUcmlMMA,2026-07-14 23:00:36,14710,226,4,119.99,120.24,0.01,0
NyOz_u-hAMY,UCXAXCxTCCYYKsLJNzEvjqfw,2026-07-14 23:55:45,67378,894,197,119.82,120.07,0.07,0
NyPIV1UCOVw,UCKrprPfevcAZpPuRnCO6xOA,2026-08-02 09:30:05,870,9,1,120.0,120.0,0.0,0
NyRuDc5hz60,UCby0vMKcLR05ZdS90aZd5og,2026-07-29 06:44:40,16960,14,2,119.76,120.01,0.01,1
NydJz8ARp40,UCBo7GIv99qTzHaa6ip09YLA,2026-08-03 06:00:13,7507,42,7,120.0,120.0,0.0,1
NyeZZ-RhCfU,UC4VWaR3R17Ruc7j1Cy1-PKQ,2026-08-07 21:26:03,541,2,0,119.82,120.07,0.07,0
NykIh3Kjwik,UCyoSQyaCrZHro6F_nBiXIYg,2026-08-19 19:45:37,144502,749,317,120.0,120.0,0.0,0
NyodKAmvtt0,UCZ-UuK86Bk5sGzQQ2cEglJQ,2026-08-21 10:30:16,155908,1491,75,119.76,120.01,0.01,0
Nz60spHxn2g,UCqIwPYLfMd3EoWYwvyTjPnA,2026-08-08 03:00:37,33105,191,41,119.99,120.24,0.01,0
NzRQwE1c2-c,UCZaNYFjF_SRRJPVuGX7yMjQ,2026-07-17 14:48:03,46,1,0,119.95,120.2,0.05,0
Nz_aMq9xers,UCkavlo6q2XfO_MA9Q24wRvw,2026-07-29 10:30:52,1834,2,1,119.99,120.24,0.01,0
NziEa3A_nfU,UCNZ87V1E_2h_Nyh-zVTRFWA,2026-07-19 09:12:40,1264,9,0,119.79,120.04,0.04,1
NzlaO-lciGI,UCHeg3ApmuXQbqqszaD1fR9g,2026-08-12 02:00:18,30525,279,11,120.0,120.0,0.0,1
NznTlOCQpUU,UCoH2pCzAr6zWDG-LtUiLWRw,2026-08-23 22:14:43,43928,530,78,119.77,120.02,0.02,0
NzpwhKuuwwo,UCpcTrCXblq78GZrTUTLWeBw,2026-07-30 08:30:21,48607,686,37,120.0,120.0,0.0,1
NzwEhu5caaQ,UCH29Gz8a6veRLqUxzjBXHrQ,2026-08-18 10:12:16,102286,2107,22,119.81,120.06,0.06,0
NzyFjmosM_I,UCuWDza8A_ntbjwBZgW0ZSNw,2026-08-23 06:00:22,105548,2017,38,119.76,120.01,0.01,1
NzyZF_NMc44,UCPsZX-D7LW99PjZLA-UysPQ,2026-08-21 03:00:07,3122,35,10,119.76,120.01,0.01,0
O-3G-R2L33k,UCYooECrv-fIXlPaDwEIaveA,2026-07-26 09:01:10,96442,1492,109,119.98,120.23,0.02,0
O-CKyU2ix24,UCjUnlBpn0Z1L450g79fniRg,2026-08-26 20:00:13,1466,10,3,119.76,120.01,0.01,0
O-GjKiJX0Bc,UCby0vMKcLR05ZdS90aZd5og,2026-07-29 05:23:23,3615,7,2,119.86,120.11,0.11,1
O-JeThNzP4E,UCt8CJiye87FMbEwt0npPMuQ,2026-08-10 15:00:03,72554,2873,338,120.0,120.0,0.0,0
O-KTwTWDjZc,UChEATwTajZl4Wjypr0cBj3w,2026-08-27 19:54:46,5312,121,7,119.85,120.1,0.1,1
O-OkzX5spOQ,UC_E_qYfGKM3C0kqrp1p8z7Q,2026-07-22 17:00:08,1055,43,2,120.0,120.0,0.0,1
O-UKmTGtPnI,UCAhmOb9JWkI2HV_KIe9X_3A,2026-07-28 09:00:28,3521,105,0,119.99,120.24,0.01,0
O-d0TydNvm0,UCBtJuwDt6LlXp2YASC-ZMdA,2026-08-17 09:00:14,553,3,0,120.0,120.0,0.0,1
O-iY_AQ6qL8,UCdT2nXooUR-X_MdmbER25yQ,2026-08-01 00:00:00,35079,600,100,120.0,120.0,0.0,0
O-k-TsSdCgI,UC-okJdotaXPlzivRzHFqzuA,2026-08-10 08:59:24,89717,1189,29,119.76,120.01,0.01,0
O-lq_1q2MBg,UCbeQg95cAxVRsxxh6FyilxA,2026-08-24 07:30:05,38702,78,15,119.76,120.01,0.01,1
O-sX8Jdw-gI,UCPoEVLrQMMXICwULGDwfvug,2026-08-27 11:42:52,21406,473,22,119.8,120.05,0.05,1
O00jFZd7QeA,UCM81CAJ2_Y42-bvK1OQnAAA,2026-08-26 07:40:57,121029,881,1723,119.83,120.08,0.08,0
O01_jtTkLxY,UCqIwPYLfMd3EoWYwvyTjPnA,2026-08-09 05:15:20,16666,86,8,120.0,120.0,0.0,0
O08zyM4XmGo,UCwBkHOTyu57NQi0syf5MLig,2026-08-28 04:00:09,57987,280,14,119.76,120.01,0.01,0
O0GTTu5jrII,UCF9Ws3xrNmMKVjL4kg0jzbA,2026-08-09 09:15:34,9013,131,20,119.99,120.24,0.01,1
O0HiF1jz-3U,UCNRnCc0hg3ZcKdOGXKKv5Ww,2026-07-24 03:15:09,43886,262,21,120.0,120.0,0.0,1
O0YFxUuqvkw,UCJmnOEp1-OITEU0mk4icM5A,2026-07-29 02:00:38,35901,1045,157,119.99,120.24,0.01,0
O0YuBucWThk,UCN5xRRgobBEl2xOTKHplbeA,2026-08-16 10:55:00,2939,226,52,119.84,120.09,0.09,0
O0bTzI0DrO4,UCV7WE8I_UiAN0fa6Arezx_w,2026-07-21 15:00:19,83,2,0,120.0,120.0,0.0,0
O0dAXpTfh3s,UCPsZX-D7LW99PjZLA-UysPQ,2026-08-06 00:00:30,269,2,1,119.99,120.24,0.01,0
O0k19NyYmKI,UCwfbSsZ7_sccxcibe60mWlQ,2026-08-12 02:59:40,14071,66,23,119.76,120.01,0.01,0
O0l5ts8f6So,UCirJgPv8RtFaFMj39b6cD8Q,2026-08-24 12:00:14,14034,68,0,119.76,120.26,0.24,1
O0wh58ZHN5Q,UCPuD5ZRQWa_JCaY5NokNhtg,2026-08-07 06:09:02,515,9,4,119.85,120.1,0.1,0
O10PjBgWxHQ,UCTV_Bra7kaUhtJg0oUCojfA,2026-08-23 03:43:13,1231,11,3,119.79,120.04,0.04,1
O11BQ1yMx-w,UCpcTrCXblq78GZrTUTLWeBw,2026-08-03 08:30:05,69688,980,150,120.0,120.0,0.0,0
O1jRkgslPBw,UCaN1Qp37sHiCdQuSaXa3fVw,2026-08-23 11:19:18,57040,,28,119.94,120.19,0.06,1
O24TbciywYg,UCUbOogiD-4PKDqaJfSOTC0g,2026-07-27 11:26:14,151756,892,118,119.82,120.07,0.07,0
O28yhaDqJ7M,UCgLFbrC7-g0ihBKB0obVPTg,2026-07-23 12:35:14,249,7,3,119.92,120.17,0.08,0
O2FXMVF2230,UCI3DTtB-a3fJPjKtQ5kYHfA,2026-08-28 00:57:30,3053,4,0,119.8,120.05,0.05,0
O2HKZ_ulQN0,UCPsZX-D7LW99PjZLA-UysPQ,2026-08-01 12:00:01,805,10,6,120.0,120.0,0.0,0
O32BL8H2ZvY,UCMZFHqDjg1IE5kzm9fZBOFw,2026-08-20 18:45:11,9290,23,0,119.76,120.01,0.01,0
O32UpadbiOE,UCHeg3ApmuXQbqqszaD1fR9g,2026-08-21 15:27:43,90,6,0,119.8,120.05,0.05,0
O35nM4rsmLg,UCCMQyaKDjQJY79VimTdaYYQ,2026-08-11 23:14:51,661920,3390,255,120.0,120.0,0.0,1
O3MrvYBXwpk,UCwBkHOTyu57NQi0syf5MLig,2026-08-14 18:30:27,7048,44,9,119.99,120.25,0.01,0
O3Wkpmz-NDo,UCSl8TBqqflby-ymdEQVfRNQ,2026-08-04 18:25:27,38925,733,215,119.83,120.08,0.08,0
Qbvyrs2uzD0,UCV7WE8I_UiAN0fa6Arezx_w,2026-08-14 14:00:30,43,0,0,120.0,120.0,0.0,0
Qc9ijQxIu4g,UCfIUuMA7U_jImP7oWfTe4Pw,2026-08-25 07:06:48,545920,3151,299,119.9,120.15,0.1,0
QcFTG5tsZO4,UC-FiQR2gg8oiNw98ZdsSX6Q,2026-08-14 13:00:24,2143,10,1,120.0,120.0,0.0,1
QcGPWcnR33g,UCFHUplScMiWTjJrtv4hxWmg,2026-08-25 12:05:28,53247,279,21,119.92,120.17,0.08,0
QcQ3HbBRzJc,UCDq6CfnZgtnqXEwG8tqvBfA,2026-07-17 17:20:10,26,1,0,119.92,120.17,0.08,0
QcYeHmBdTtg,UCOTJtP0Z9DjpPU43B5m1V6A,2026-08-15 13:00:18,74563,471,109,120.0,120.0,0.0,0
QchhMxxeUiY,UC-yb5eNBQyXBE9nZnht9u-g,2026-08-26 15:29:47,10399,349,4,119.76,120.01,0.01,1
QcvzfkflskM,UC8FErYSi74YwGUAoTpjvgzQ,2026-08-06 09:00:26,10605,421,79,120.0,120.0,0.0,1
QdIT7q-4rOk,UCV6mNrW8CrmWtcxWfQXy11g,2026-07-28 22:00:24,116633,4589,68,120.0,120.0,0.0,1
QdKU1sS6crs,UCt8CJiye87FMbEwt0npPMuQ,2026-07-11 15:00:20,9002,382,31,120.0,120.0,0.0,1
QdgeS2_dLUU,UCKrprPfevcAZpPuRnCO6xOA,2026-07-29 20:25:16,23,1,1,119.83,120.08,0.08,0
Qdj1Cv9Wkb8,UCkmUJzaZfP7Wsb5-89pAK4Q,2026-08-29 07:54:26,2872,16,0,119.86,120.11,0.11,0
Qdp7i06ACn8,UCbvvdVOF0teLO-U6GWh1RKg,2026-08-15 10:09:53,2530,20,10,119.84,120.09,0.09,0
Qe2-dlI9MGA,UCdK9h1ILxS49c2LguBUY3rw,2026-08-22 10:45:15,269,1,4,119.76,120.01,0.01,1
QeOPhfOgO74,UC7Fh4LtlazaQnzT84qCzl6A,2026-07-25 06:34:08,335924,2494,23,119.93,120.18,0.07,1
QeQMdS67eeo,UCpCBP5cVIBvezPI1LKFMYjA,2026-08-29 07:33:50,8521,178,8,119.95,120.2,0.05,1
Qe_vlpp5fJg,UC_EEqHc75kYwzrN7L8T2Bfg,2026-08-16 10:56:16,2714,126,42,119.81,120.06,0.06,1
QeapVSIhDFA,UCdb5lyq0tWbY3jqH35SufmA,2026-08-19 10:30:39,5674,21,4,120.0,120.0,0.0,1
Qeb4ihszrsQ,UCOLDn9gw0yegXRgjoi5MzNQ,2026-08-30 01:26:50,414,4,1,119.81,120.06,0.06,0
QebumYbstTo,UCV7WE8I_UiAN0fa6Arezx_w,2026-08-07 10:00:37,21,2,0,119.99,120.24,0.01,0
Qece8Px4rVo,UCabScupufwcOzAdcVXZrmlg,2026-07-23 07:00:10,8263,138,32,120.0,120.0,0.0,0
QexLTV36BU0,UCz5LAkkX66OAW-y_WiWf9vA,2026-08-14 08:36:15,2382,8,0,119.9,120.15,0.1,1
QeztNKmYnqI,UCTUnpbuKoOODvhLhCO_kO_A,2026-08-23 08:00:18,1356,14,4,119.76,120.01,0.01,0
Qf12g8ANHB0,UCPGl9DV2WUgaqGVXtVrhJWQ,2026-08-04 15:00:22,12,0,0,120.0,120.0,0.0,0
QfMcHh3zPW4,UCPuD5ZRQWa_JCaY5NokNhtg,2026-08-17 10:51:20,591,11,8,119.9,120.15,0.1,0
QfNcyMm4Lbg,UCYGF_xk5RDpltyZDSx040uw,2026-08-11 02:59:31,64894,832,17,119.76,120.01,0.01,1
QfSJbrhDgCc,UCei_ecYpQqFjYhjLaDPr2Lw,2026-08-23 20:08:44,402,38,0,119.87,120.12,0.12,0
QfWQ_74s7GE,UCPsZX-D7LW99PjZLA-UysPQ,2026-08-10 12:00:26,404,3,3,120.0,120.0,0.0,0
QfXmG0CAnhQ,UC-FiQR2gg8oiNw98ZdsSX6Q,2026-08-01 18:00:31,4715,18,2,119.99,120.24,0.01,0
QfbMgQHaidw,UCAl4HWznMn7KhKBRFO5eiFA,2026-08-26 09:19:12,6940,82,27,119.94,120.19,0.06,0
QfbNKfMTqWM,UC1Il94cQwl93Zun8ax1Qjlw,2026-08-29 01:34:26,333,2,0,119.94,120.19,0.06,0
QfkgDpV7huE,UCaMV-CjrWYh2Aefg_8iLwJQ,2026-07-30 09:00:30,64487,287,43,119.99,120.24,0.01,0
Qfl9bTgPurA,UCuCmLrNT5MbpqfrSSKHqTug,2026-08-03 06:16:13,10143,110,50,119.98,120.23,0.02,0
QfnK4GFumvI,UCzVXdulvpgEoI8yuFMmhxJw,2026-08-20 14:57:21,11408,481,46,119.8,120.05,0.05,0
Qg5zwW6sKBc,UCaN1Qp37sHiCdQuSaXa3fVw,2026-07-24 10:15:30,203206,3194,37,119.99,120.24,0.01,1
Qg7jr94HcLM,UCXVVG5ZM3SJJCh94xatR8Dg,2026-07-30 09:00:22,615,14,2,120.0,120.0,0.0,1
QgAy9jNXY9U,UCkcaRxpTcisadUeCbHOYTFw,2026-08-06 09:07:40,44231,595,20,119.88,120.12,0.12,1
QgJqetFnU8M,UCGa52d8Qlv3THghuCAt_nXA,2026-08-09 08:30:38,33807,173,9,119.99,120.24,0.01,1
QgODqCrvxgw,UCifCesg-EUkjKyQedaB3hRg,2026-08-23 21:49:00,13873,272,2,119.94,120.19,0.06,1
QgQIUJDEgLI,UCC1veMJY2wElX0lpYOoNB1Q,2026-07-24 11:01:48,38198,268,46,119.97,120.22,0.03,0
QgnylcJi6Jo,UCOTJtP0Z9DjpPU43B5m1V6A,2026-08-18 12:00:10,282651,2048,122,119.76,120.01,0.01,1
Qgog1BzSpdg,UC9nWoDbRAl3-fvreBNeStKQ,2026-08-09 07:45:02,41415,570,148,120.0,120.0,0.0,0
QgquXKUB_vQ,UCm1JuixwDoQEDi5RfcRuHJg,2026-08-27 14:47:04,53427,363,42,119.98,120.23,0.02,0
QgzZlaXJRkM,UC0aKwoKNeqBaUwiEXmkQaGQ,2026-08-08 10:30:32,68562,1153,297,119.99,120.24,0.01,0
QhH3NkKgWbs,UC-2wa6jvprl7hfCpvw0ULzg,2026-08-23 07:00:38,25598,444,47,120.0,120.0,0.0,1
QhL68DlCQB4,UCb3wpKfVlnPx2bym2Tivbzw,2026-08-18 17:00:29,21017,291,32,120.0,120.0,0.0,1
QhVzqGKuci0,UCV7WE8I_UiAN0fa6Arezx_w,2026-07-15 00:00:32,45,1,0,119.99,120.24,0.01,0
QhoBC4O9FGQ,UCzps05UZ7XpX3SFoFyYIDow,2026-07-28 09:50:41,22968,208,303,119.91,120.16,0.09,0
Qhul-dBC4fc,UCPN9TrChCye1s97iEUOsIeA,2026-08-27 06:42:39,36,1,4,119.8,120.05,0.05,0
Qi8yDqW3XQY,UCkrNv6xF8j7QZmWb3UeAH8A,2026-08-19 08:27:44,685,6,5,119.8,120.05,0.05,0
QiKaHQJfUzk,UCpcTrCXblq78GZrTUTLWeBw,2026-07-12 06:00:28,225284,1516,119,119.99,120.24,0.01,1
QiKs3Drq5wU,UCBtJuwDt6LlXp2YASC-ZMdA,2026-07-25 19:12:01,3699,62,6,119.8,120.05,0.05,0
QiQbf80ULcM,UC-okJdotaXPlzivRzHFqzuA,2026-08-21 02:59:21,66423,818,52,119.77,120.02,0.02,0
QiSnjOcX2Kk,UCoQU5wtIxq0QGh80NHky82g,2026-08-28 09:16:04,125285,1254,216,119.99,120.24,0.01,0
QiYn3CL697c,UC-yb5eNBQyXBE9nZnht9u-g,2026-08-22 09:00:01,4596,277,10,119.76,120.01,0.01,1
Qia1nq-sV6w,UCgjaQlejpAnIu0q-xtVfTEw,2026-08-15 23:00:28,189955,3764,98,120.0,120.0,0.0,1
QiluBSd--1I,UCD9tj7ATjYkyPyWXK_ewNXQ,2026-08-25 20:16:20,333,3,0,119.99,120.24,0.01,0
Qix6XJ-Mr0I,UCFCt5RYu41HTg4eX1jdHNxw,2026-08-10 05:31:29,5804,44,8,119.98,120.23,0.02,0
QizaaUMiMs4,UC1Il94cQwl93Zun8ax1Qjlw,2026-08-31 20:29:51,993,1,0,119.76,120.01,0.01,0
Qj5OsNRjmi4,UCXu_CcxBZA5S_iG33OzA9PQ,2026-08-29 02:09:33,1237,8,0,119.85,120.1,0.1,0
Qj7m_lm1Mdg,UCby0vMKcLR05ZdS90aZd5og,2026-07-28 04:53:46,1856,4,0,119.86,120.11,0.11,1
QjGCfvL_Fwo,UCkmUJzaZfP7Wsb5-89pAK4Q,2026-08-25 05:47:54,2045,29,2,119.96,120.22,0.04,0
QjML_PlWAvo,UCN9VGDvz2M3vdR0czEUp6lQ,2026-08-04 22:00:09,15968,246,315,120.0,120.0,0.0,0
QjeowjOUW0k,UCpcTrCXblq78GZrTUTLWeBw,2026-08-25 12:30:30,74605,874,63,120.0,120.0,0.0,0
QjfmP3SiTPc,UCp6n8d8Y8r3MwKNw_MMaouQ,2026-08-14 20:28:32,329016,3265,21,119.78,120.03,0.03,0
Qjz_RB4NfMQ,UCXAXCxTCCYYKsLJNzEvjqfw,2026-08-29 10:34:16,191439,1518,75,119.94,120.19,0.06,1
Qk7uSD4mlz0,UCV7WE8I_UiAN0fa6Arezx_w,2026-08-23 03:00:19,28,0,0,119.76,120.01,0.01,0
QkNJCZcrahY,UCXVVG5ZM3SJJCh94xatR8Dg,2026-07-30 02:00:18,1140,36,0,120.0,120.0,0.0,1
QkXzpk4f9zw,UCim7oePrB5hdfhcYwgUY6Jw,2026-07-23 13:00:19,12497,66,16,120.0,120.0,0.0,0
QkkOP5atcx0,UCV7WE8I_UiAN0fa6Arezx_w,2026-08-31 22:00:24,356,1,0,119.76,120.01,0.01,0
QkpWZiTG8Eo,UC6LLMkdyses2ugPRNEXutMQ,2026-08-27 10:15:08,49528,340,41,119.76,120.01,0.01,0
Qksv-fIgEuw,UCdZrsVZ3QolU1TWFaDgN2ww,2026-08-27 14:47:06,152079,1224,205,119.98,120.23,0.02,0
Qkw-waX7ymQ,UCjiPEaapiHbJMoAdi_L8fNA,2026-08-31 16:01:21,82325,1129,423,119.99,120.24,0.01,0
Qkwhd_Kgoc0,UCaN3tSrrzIrXSDonEe7LK9A,2026-07-26 03:30:09,1979,45,8,120.0,120.0,0.0,0
QkzvO76eXcc,UC7lwS-aSDzYHZJ9uWuzySwQ,2026-08-28 10:00:02,2028,11,2,119.76,120.01,0.01,1
Ql2OEyNQ0Rg,UCF5RrlbsxJjAVLWgOCoNHMg,2026-08-09 01:21:00,23992,313,15,119.9,120.15,0.1,0
Ql2SQMvwMe0,UCFsJVl9V9fSIZA1uS3gMu-w,2026-08-10 03:00:37,128542,1178,454,119.99,120.24,0.01,0
Ql4N2K5C92E,UCV6mNrW8CrmWtcxWfQXy11g,2026-08-09 16:00:28,172741,7243,181,119.99,120.24,0.01,1
QlNaXxG3ljA,UCWZqSCSNZT3X8e_HyCJoXMg,2026-08-17 12:57:21,17291,683,28,119.8,120.05,0.05,1
QlNvLPevboU,UCBmPfbqvGwTTfrV-H_UOfdw,2026-07-25 17:00:14,230274,4737,55,120.0,120.0,0.0,1
QlR2WdAyP38,UCWVS5IJOkNnkKS5rjiAt9rw,2026-08-29 18:09:10,46555,109,3,119.86,120.11,0.11,0
Ikr_4OWu-Rs,UCBtJuwDt6LlXp2YASC-ZMdA,2026-08-12 09:00:23,513,3,0,120.0,120.0,0.0,1
IksIDCBPJWE,UCmcBe97VA2LqVEQUeeZl6Ew,2026-08-20 09:00:22,79369,422,117,120.0,120.0,0.0,0
IksIzoNrdEg,UCkrJBQAut47U8xMUuv8D_3g,2026-08-15 07:17:24,15696,655,31,119.96,120.21,0.04,1
Il5XIsLoVsc,UCby0vMKcLR05ZdS90aZd5og,2026-08-13 03:58:40,2875,8,4,119.78,120.03,0.03,1
IlG2VPo9xBc,UCWKOw78U77xw8alsPSW_AeA,2026-07-31 09:15:37,18825,533,54,119.99,120.24,0.01,0
IlMVxhgRt1o,UCSfhr4gDPFsKuwdmTOWp2jw,2026-07-22 09:40:10,21,0,0,119.83,120.08,0.08,0
IlPniDZp_RQ,UCdF0eCyf5np3lPO4y1fJVdw,2026-08-12 12:00:18,7778,182,23,120.0,120.0,0.0,0
IlS5X3cX1_0,UC5T_FfQwgy56XP0aEVHYULQ,2026-08-24 06:00:22,1674,11,3,120.0,120.0,0.0,0
Ilw6dJ_GFPs,UCV6mNrW8CrmWtcxWfQXy11g,2026-08-21 01:30:33,212436,6622,902,120.0,120.0,0.0,1
IlwLsvytvlg,UCgvtwZJPhSfbKOxh3EoVXng,2026-07-25 02:44:46,4,0,0,119.76,120.01,0.01,0
ImC3Q3fofvA,UCN5oT4zGJX-_H6pE5isAEeg,2026-08-31 22:00:22,850746,8688,507,119.76,120.01,0.01,1
ImD4Uf_ifVU,UC5ThQKdocwo_9UurfT5P_ww,2026-08-11 11:10:40,455423,4723,67,119.82,120.07,0.07,1
ImSbk_kdeBI,UC_m_uqd_9s0hZvlgfvCzqbQ,2026-07-28 23:28:39,182,8,0,119.77,120.02,0.02,0
ImVuu86c3vY,UCRE-9quk3OT2OKgZFAgdN_g,2026-08-29 15:23:54,29602,100,22,119.87,120.11,0.11,0
Imkq1Oarm6c,UCV7WE8I_UiAN0fa6Arezx_w,2026-08-07 15:00:16,26,1,0,120.0,120.0,0.0,0
Imtr-_fw-ow,UCnkytUgy0CtWd06up9CjNxg,2026-07-31 15:14:44,246619,2496,376,119.76,120.01,0.01,0
ImyVmoTHXF8,UCUae69frfqpKOB3BUMdX5Qw,2026-07-17 03:30:32,87943,666,136,119.99,120.24,0.01,1
In-2y3wYHFw,UCjyXK9pWHwWR_-bRibFaWDg,2026-08-03 13:57:06,61665,273,15,119.8,120.05,0.05,1
In3s_8fCF00,UCby0vMKcLR05ZdS90aZd5og,2026-08-13 07:48:33,5288,11,0,119.94,120.19,0.06,1
InMGqbFFm0U,UC-okJdotaXPlzivRzHFqzuA,2026-08-14 05:00:12,94112,498,27,120.0,120.0,0.0,1
InQ2FPl5wK0,UCDnIK80iouL_rb_J6GybOlg,2026-08-17 16:00:37,1,0,,119.99,120.24,0.01,0
InYjEUcueZM,UCpI-AhCT02iQRGLC2ZcY0Jw,2026-07-13 10:00:30,31006,581,452,119.99,120.24,0.01,0
IndTw02vvfw,UCby0vMKcLR05ZdS90aZd5og,2026-08-24 09:48:27,4675,9,0,119.95,120.2,0.05,1
Inp4tMiPWYI,UC4VWaR3R17Ruc7j1Cy1-PKQ,2026-08-09 09:37:33,62,4,0,119.88,120.13,0.12,0
Inpl6h3-eDs,UCikKJvpU0Ylua4hRW6faQRg,2026-07-23 01:01:09,1958,55,0,119.98,120.23,0.02,0
InzVQ9Ti7zc,UCSzHok6X5qXEO7cjvVnE62g,2026-08-27 08:00:28,100375,258,57,120.0,120.0,0.0,0
Io--MlPGR-A,UCOLDn9gw0yegXRgjoi5MzNQ,2026-08-30 12:25:46,186,7,2,119.83,120.08,0.08,1
Io6qWoFXw6Y,UCATlfGN7EDjXS_2ofklb3bw,2026-08-05 00:47:18,26882,345,0,119.96,120.21,0.04,0
IoCkpl2Q9VE,UCfIUuMA7U_jImP7oWfTe4Pw,2026-07-27 13:19:01,452880,4317,266,119.94,120.19,0.06,0
IoOV2FUAjqQ,UCv1tOT645xHOJrwdGlzjMaA,2026-08-20 07:00:26,16663,192,7,120.0,120.0,0.0,1
IoXa60M7luU,UCL2ZLyAV0H9Pvi46W7TGdHQ,2026-07-24 11:30:36,953194,6678,171,119.99,120.24,0.01,1
Ioi0v3HsCsc,UC7bcRlidTERRb_MKRHPVSnw,2026-08-18 09:03:02,30645,593,27,119.96,120.21,0.04,1
IowRIYA5Syg,UCei_ecYpQqFjYhjLaDPr2Lw,2026-07-27 02:53:15,46,15,0,119.86,120.11,0.11,0
Ip8FLa1JqNo,UCdK9h1ILxS49c2LguBUY3rw,2026-08-22 11:30:11,8,2,0,119.76,120.01,0.01,0
IpP8uKuIxK0,UCN5oT4zGJX-_H6pE5isAEeg,2026-08-03 08:00:07,1187321,12104,747,120.0,120.0,0.0,1
IpPvARY6nuo,UC3gl4CHfNtAqNjju1goB0_w,2026-07-12 06:51:26,45609,776,37,119.89,120.14,0.11,1
IpUqkBYu9D0,UC141BuVRzSSXJX33Am9yxEA,2026-07-26 08:00:32,22456,558,116,119.99,120.24,0.01,0
Ipfn7LsfXrU,UC6aF-skLT_1X6cdPJxVJXxQ,2026-07-23 08:00:39,175790,3251,88,119.99,120.24,0.01,1
IpoiA4oaY9g,UCp6n8d8Y8r3MwKNw_MMaouQ,2026-08-30 21:37:06,10215,232,4,119.9,120.14,0.1,1
Ippie0JP1LU,UCK8iWEZupSV2pmDMxtwdAmA,2026-08-04 18:19:27,493,8,0,119.93,120.18,0.07,0
IqP9gt2UYj4,UCXVVG5ZM3SJJCh94xatR8Dg,2026-08-07 03:00:08,64444,8,0,120.0,120.0,0.0,1
IqX3XEYZcpE,UCpcTrCXblq78GZrTUTLWeBw,2026-07-19 23:41:02,5178338,98150,757,119.82,120.07,0.07,1
IqkexgF1_Mk,UCV7WE8I_UiAN0fa6Arezx_w,2026-07-14 13:00:34,52,0,0,119.99,120.24,0.01,0
IqpbDWbsVxM,UCJmnOEp1-OITEU0mk4icM5A,2026-07-25 10:00:16,63770,830,174,120.0,120.0,0.0,1
IrDOq63MoP8,UCuWDza8A_ntbjwBZgW0ZSNw,2026-08-23 03:00:21,225110,3480,72,119.76,120.01,0.01,1
IrEsFn52j8k,UChKYbZ9fSz8DMM6wU-t1lMQ,2026-08-17 10:00:26,8468,208,5,120.0,120.0,0.0,0
IrMU3Dq4960,UCdK9h1ILxS49c2LguBUY3rw,2026-07-23 11:45:07,8,2,0,120.0,120.0,0.0,0
IrnyQck7vXM,UCZRH94I89Ps7giJYeK6DlWA,2026-07-20 03:00:06,77532,1398,80,120.0,120.0,0.0,0
Is1ighrqEgg,UCZ_xE8U6MVnpwefrYvl2uvA,2026-08-15 03:00:11,2032,25,0,120.0,120.0,0.0,1
IsIFXkcNtlY,UCpcTrCXblq78GZrTUTLWeBw,2026-08-27 16:30:13,130311,3145,54,119.76,120.01,0.01,1
IsMrWH0y0Uw,UCS-X1uBDTNwAYyydiXjcX9A,2026-08-27 09:06:27,37400,202,125,119.9,120.15,0.1,0
IsNO6Rv0t4k,UCPsZX-D7LW99PjZLA-UysPQ,2026-08-05 15:00:39,2220,29,12,119.99,120.24,0.01,0
IsQtwPul7Eo,UCYJ0Ucu9jPX5kn6SeDcNaIQ,2026-08-01 23:30:05,144354,1077,135,120.0,120.0,0.0,0
IsXX8VXZFoA,UCNRnCc0hg3ZcKdOGXKKv5Ww,2026-08-19 09:15:24,3473,52,8,119.76,120.01,0.01,0
IsXxhYlobDk,UCt8CJiye87FMbEwt0npPMuQ,2026-08-25 20:15:43,4441,117,17,120.0,120.0,0.0,1
IsZgsP03u8k,UC6fx3aU3i3C51oXwXm8idTQ,2026-08-03 15:41:59,1,1,0,119.8,120.05,0.05,0
Ises3hhwV2c,UCrR_fhiJjoW8OJFzUcmlMMA,2026-07-22 07:00:40,3621,49,11,119.99,120.24,0.01,0
IsiWtFYk2s8,UC_9W6Z5Y3lDpLk47Y_y5ITQ,2026-08-28 18:40:26,20585,164,23,119.84,120.09,0.09,0
Isqs6CgWkrE,UCYTQCmuFcacJJ_Tad20qqEw,2026-08-05 16:17:07,84278,2973,76,119.97,120.22,0.03,0
IsyNO0dshWs,UCw1DsweY9b2AKGjV4kGJP1A,2026-08-14 07:45:22,117912,194,9,120.0,120.0,0.0,1
It8axteBk1I,UCZNTsLA6t6bRoj-5QRmqt_w,2026-07-25 14:00:19,55156,1527,119,120.0,120.0,0.0,0
ItF4Uln1P58,UCPJGXrPIVKBR8PJY7w33WZw,2026-07-16 06:00:10,78244,1270,201,120.0,120.0,0.0,0
ItWljuThsJc,UC0PMQXAwF6O6aeTpv962miA,2026-08-04 17:00:18,27621,636,145,120.0,120.0,0.0,0
ItfEp3NYeVM,UCIH7bdyhaJ0nD7jIcgqmQbQ,2026-08-28 10:02:44,23067,591,6,119.97,120.22,0.03,1
Its0EQwSVU8,UCMswODzU1ZjjrLyUk7NfwPA,2026-08-28 03:01:50,76369,1181,40,119.98,120.23,0.02,0
IuaTuFVA2ek,UCms8Ge7H1ZGgw6nV94fUhUQ,2026-07-18 09:00:31,34161,341,90,119.99,120.24,0.01,1
Iud2SW6YeaU,UCPuD5ZRQWa_JCaY5NokNhtg,2026-08-29 09:11:34,7737,13,4,119.82,120.07,0.07,0
IugyOKIXrLM,UCab17MxxnFtAhGsJVTkSkCg,2026-08-22 11:21:08,817,16,1,119.91,120.16,0.09,0
Iv-9VExlIc4,UCt8CJiye87FMbEwt0npPMuQ,2026-08-27 13:00:40,39207,564,27,120.0,120.0,0.0,0
Iv200girJ6k,UCAl4HWznMn7KhKBRFO5eiFA,2026-08-06 13:23:13,21260,175,18,119.87,120.12,0.12,1
IvBfgf93U1Q,UC1aBdmKvC6yAiq4xgPLOzKA,2026-08-01 07:17:14,90469,1603,45,119.97,120.21,0.03,1
IvaKgJpWca4,UC8E29ANOC3_OuB7_5EPY2xw,2026-08-23 05:30:13,575,1,0,119.76,120.01,0.01,1
Ivk9Un8IIp0,UC3hqiw3lZAXaMwhQvMGZkdw,2026-07-12 13:15:11,3504,44,15,120.0,120.0,0.0,0
IvnkCzlsB2c,UCp6n8d8Y8r3MwKNw_MMaouQ,2026-08-07 16:45:15,79802,1252,25,120.0,120.0,0.0,1
Ivu658i9mrU,UCcvKf8NxAw9i09hZw1MQPBQ,2026-08-07 09:30:23,52680,1496,255,120.0,120.0,0.0,0
IvuWXgDubXc,UCZ6mNZTiTUrUSbSYPlclI4A,2026-08-20 02:40:17,3188,62,11,119.83,120.08,0.08,1
Ivw1YRxEiaQ,UCdQHEqTxcFzjFCrq0o4V7dg,2026-08-10 00:15:26,27091,1656,130,120.0,120.0,0.0,0
Ivx3dUeddc4,UCyoKcrOcBEY4rmLYkDuXErA,2026-08-05 14:00:11,109939,1961,248,120.0,120.0,0.0,0
IvzXczONaQU,UCzDyC6JMEXEufozffWzI9Mg,2026-08-15 04:00:00,34443,559,31,120.0,120.0,0.0,1
Ivzner-bJYM,UCTV_Bra7kaUhtJg0oUCojfA,2026-07-31 03:00:00,411,10,13,120.0,120.0,0.0,0
Iw-OjPMzP2E,UCXAXCxTCCYYKsLJNzEvjqfw,2026-08-03 19:02:37,100352,1200,358,119.96,120.21,0.04,0
LJjWBhQ-mU4,UC-FiQR2gg8oiNw98ZdsSX6Q,2026-08-24 11:00:33,1517,10,0,120.0,120.0,0.0,0
LJmzy2Ud5vU,UCGi94VU356EAvQLgODywyrA,2026-08-05 23:40:03,20000,113,14,119.84,120.09,0.09,1
LJpkP8A1LMo,UClmc4bkKkQy2cjn3lKjRGbg,2026-07-18 00:25:06,4,1,,119.83,120.08,0.08,0
LJplYHGsU2o,UCBmPfbqvGwTTfrV-H_UOfdw,2026-07-25 05:00:28,805903,17747,128,120.0,120.0,0.0,1
LK7aBr3LS48,UCJDXc9JWCZo-nLNKr_-L2Ng,2026-08-10 13:00:20,1296,81,7,120.0,120.0,0.0,0
LKL9mLBslvI,UCnCFD3met1Ip7OngdF9TRDg,2026-08-06 03:21:30,6187,93,21,119.89,120.14,0.11,0
LKLdmowR59M,UCfjMjhfjRRy8B0mfqbO_43w,2026-07-19 01:45:33,2867,38,5,119.99,120.24,0.01,0
LKNHCrI7Hww,UCPsZX-D7LW99PjZLA-UysPQ,2026-08-18 09:00:09,593,4,5,119.76,120.01,0.01,0
LKQsxXnxe4Q,UCF5RrlbsxJjAVLWgOCoNHMg,2026-08-06 00:25:19,7966,286,11,119.83,120.08,0.08,1
LKRHR8I8Znc,UCkrNv6xF8j7QZmWb3UeAH8A,2026-08-09 08:41:08,3553,22,10,119.82,120.07,0.07,0
LKXVSuQ1VyY,UCwBkHOTyu57NQi0syf5MLig,2026-08-25 08:00:19,173184,691,58,119.76,120.01,0.01,1
LKa-3t2KmFk,UCN8L7Z-dyzu9FzT39RM0fvw,2026-08-20 08:56:40,13473,202,51,119.81,120.06,0.06,0
LKndBO_sRJw,UCPGl9DV2WUgaqGVXtVrhJWQ,2026-07-30 07:42:32,5,0,0,119.79,120.04,0.04,0
LKqmC1otcRY,UCFrKhWvZ8oeJQTNP5ZabgJw,2026-08-03 10:00:20,284158,2842,88,120.0,120.0,0.0,1
LKwbLNzxFzs,UCp6n8d8Y8r3MwKNw_MMaouQ,2026-08-17 15:34:42,13585,937,43,119.93,120.17,0.07,0
LLFIH_qOCqQ,UCBTsPtRCh6ln3IRQFjhjh1A,2026-08-20 09:00:34,195456,1024,155,120.0,120.0,0.0,0
LLLKaxdyfaM,UCl-VnCUwSxDr5zPu-YlDUYw,2026-08-29 08:00:26,22058,337,21,119.76,120.01,0.01,1
LLXqoJul9Ag,UCrY2B2XX41ReYh9DIWrFfCg,2026-08-16 09:51:28,3594,,11,119.9,120.15,0.1,0
LLobiZ1sZ4s,UCby0vMKcLR05ZdS90aZd5og,2026-08-28 04:49:35,1616,6,0,119.94,120.19,0.06,1
LLpWFkPtkcs,UC-DpK48x4bltMjHHChZ4zBg,2026-07-29 15:53:09,7545,55,37,119.87,120.12,0.12,0
LLsAAJcssmE,UCV7WE8I_UiAN0fa6Arezx_w,2026-07-15 01:00:36,113,2,1,119.99,120.24,0.01,0
LLw_0P0-vro,UCr4WCOxirRA-BzVu-MH_WqQ,2026-08-28 09:00:16,2803,20,2,119.76,120.01,0.01,1
LM4BGrU56c4,UCXNh3eUHXEkL7h1w1KYQRKQ,2026-08-04 06:15:02,228601,4813,96,120.0,120.0,0.0,1
LM5FupTduic,UC_e83kYlGHWbsrr8QCfV_ag,2026-08-26 12:08:59,13007,88,15,119.87,120.11,0.11,0
LMAHreGc3qU,UCgT-gb3favw2jQgwxbbwwaA,2026-08-28 11:00:07,407945,1503,169,119.76,120.01,0.01,0
LME3cU8pNnI,UCNmN3W2H0r5_hV2drzbEn7Q,2026-08-22 02:20:42,17079,110,1,119.91,120.16,0.09,0
LMEdDz8XtGs,UCQSEAbOs6vsJfy7WN7iYaGQ,2026-07-29 22:00:12,297689,16317,498,120.0,120.0,0.0,0
LMN6V6eX-ns,UCOLDn9gw0yegXRgjoi5MzNQ,2026-08-02 02:04:36,152,5,1,119.93,120.18,0.07,0
LMSj_K3vAjY,UCZ6mNZTiTUrUSbSYPlclI4A,2026-07-31 14:09:41,14196,400,17,119.84,120.09,0.09,1
LMX34QMspZQ,UCaY7wcqhFb_c2eQ1eRB8rOQ,2026-07-22 09:00:16,4535,60,10,120.0,120.0,0.0,0
LMaAGcwfctM,UCw1DsweY9b2AKGjV4kGJP1A,2026-08-10 07:45:11,106497,211,9,120.0,120.0,0.0,1
LMgwXrpQCQY,UCjsqgRBvkn8XadWraSQxTKQ,2026-08-19 23:14:41,1124,6,2,119.76,120.01,0.01,0
LMrsz1FDIc4,UCPoEVLrQMMXICwULGDwfvug,2026-08-03 15:24:56,21983,451,38,119.84,120.09,0.09,1
LMxoKGWcf1E,UCPsZX-D7LW99PjZLA-UysPQ,2026-08-26 00:00:14,4862,33,8,119.76,120.01,0.01,0
LN2aGLJkhjM,UCl-VnCUwSxDr5zPu-YlDUYw,2026-08-20 08:00:13,19202,283,28,120.0,120.0,0.0,1
LN73fH5Keyg,UCifCesg-EUkjKyQedaB3hRg,2026-08-17 03:46:56,8873,93,7,119.97,120.22,0.03,0
LNDulZtIaIg,UCSOeJWyByeoBHpmrm0NnlLw,2026-07-24 07:00:07,37269,522,121,120.0,120.0,0.0,0
LNI6zIOUm40,UCpAZLM9XMzIbqFucUBD8Jtg,2026-08-14 05:14:10,2686,38,15,119.77,120.02,0.02,0
LNN8Lfsuvd0,UCV7WE8I_UiAN0fa6Arezx_w,2026-08-28 23:00:33,219,0,0,120.0,120.0,0.0,0
LNNLB95ZMZ8,UCBvkOBLsSj9kusGYlroQkBg,2026-08-16 13:34:48,183290,1420,64,119.92,120.17,0.08,0
LNPVPU-Hdks,UCYS2NvZlSjrxZfnn1v7b3QQ,2026-08-29 16:00:39,13,1,0,120.0,120.0,0.0,0
LNdJIuUd4BI,UCdT2nXooUR-X_MdmbER25yQ,2026-08-10 00:00:09,133558,2621,81,120.0,120.0,0.0,0
LNenYPaMoA8,UCrKSaegnzewdj9-YLsUhoZw,2026-08-27 00:12:41,6028,38,3,119.8,120.05,0.05,0
LNjFZiYBJqU,UCBTsPtRCh6ln3IRQFjhjh1A,2026-08-16 09:00:05,171131,877,65,120.0,120.0,0.0,0
LNjdBa-UIBM,UCp_jHNjcoiXC7SlElrBmzBA,2026-07-22 03:00:21,5221,295,29,120.0,120.0,0.0,0
LNlId_c1thc,UCe-7GwWL1XNlCJyfqBhgrHA,2026-08-30 07:32:16,30686,1460,31,119.98,120.23,0.02,1
LNoKz1Ig178,UCV6mNrW8CrmWtcxWfQXy11g,2026-08-07 06:00:04,102988,6634,105,120.0,120.0,0.0,0
LNplAPpNEI0,UCPGl9DV2WUgaqGVXtVrhJWQ,2026-08-22 06:06:35,11,0,0,119.9,120.15,0.1,0
LNzJIw0x9jY,UCE3q8VKqIT_vOL4b9Nl8chA,2026-08-20 09:00:29,15716,435,159,120.0,120.0,0.0,0
LO7N1GZAZNg,UC2WBkFH1nHcO6aFLWo6sZQg,2026-08-26 13:48:33,9390,503,2,119.95,120.2,0.05,0
LOJz-r453Z0,UCV7WE8I_UiAN0fa6Arezx_w,2026-08-31 20:00:16,134,1,0,119.76,120.01,0.01,0
LOPWzuWl3dE,UC9DNu8JRIcE-rpo9eBx1ffw,2026-08-05 08:15:43,576,0,2,119.99,120.24,0.01,0
LOaz-fFHDOk,UCJmnOEp1-OITEU0mk4icM5A,2026-07-31 02:00:24,66958,835,240,119.99,120.25,0.01,0
LOcM4vYs5P8,UCgLFbrC7-g0ihBKB0obVPTg,2026-08-06 14:07:35,80,3,0,119.88,120.13,0.12,0
LOnpaQCO2Bk,UChLqHuZV0PENIBYxDgXyPLQ,2026-08-26 12:21:17,250864,3338,19,119.91,120.16,0.09,1
LPBB0_XC_XA,UC2k1bSUZ4X02jMs_sTS9jiQ,2026-08-21 13:00:06,5537,130,17,119.76,120.01,0.01,0
LPUE1VhZuok,UC5pdoCANExIVI4yf6DVoxew,2026-08-07 07:34:48,1174,,10,119.92,120.17,0.08,1
LPkZXkTxCHo,UCqVZTizoA2wQKOj_xaDt10Q,2026-07-28 00:07:51,1728,23,3,119.87,120.12,0.12,1
LPpFsJXdT1Y,UCV7WE8I_UiAN0fa6Arezx_w,2026-08-24 18:00:13,19,0,0,119.76,120.01,0.01,0
LPvrs7DLkVg,UCpI-AhCT02iQRGLC2ZcY0Jw,2026-08-25 07:00:14,32130,337,163,119.76,120.01,0.01,0
LPxZq4odEXY,UC1aBdmKvC6yAiq4xgPLOzKA,2026-08-02 06:55:51,69463,1221,62,119.82,120.07,0.07,1
LPzmup0JDfQ,UC_m_uqd_9s0hZvlgfvCzqbQ,2026-08-27 23:49:11,1458,23,0,119.94,120.19,0.06,0
LQ4grB2StKE,UCpcTrCXblq78GZrTUTLWeBw,2026-08-23 20:30:39,99583,1651,109,120.0,120.0,0.0,0
LQ6Adl5DXtA,UC3DYSay178fMMPaf3zHwECA,2026-08-06 08:00:36,46237,1103,46,119.99,120.24,0.01,1
LQ9q1LcNsaA,UC0Zl_lyMoTbroBSNv7SpGuQ,2026-07-27 04:00:39,109676,,32,119.99,120.24,0.01,1
LQBqD7EtBqM,UCBtJuwDt6LlXp2YASC-ZMdA,2026-08-15 07:00:35,284,2,0,119.99,120.24,0.01,1
LQTcUMD0X_I,UC1dG3vI9FfHnH3YgyeKUz_A,2026-07-14 11:39:25,231638,1187,195,119.84,120.09,0.09,0
LQW2JcPFgm8,UCOTJtP0Z9DjpPU43B5m1V6A,2026-08-06 05:00:23,124696,925,21,120.0,120.0,0.0,1
LQZUkyutjx8,UCJZsABKjWUGbT0qf3MsXH8w,2026-08-14 09:00:15,10984,187,27,120.0,120.0,0.0,0
LQoXZpfZ13o,UCkd3KAYGnTNPJZZrPOFeWhA,2026-08-19 08:11:14,13342,23,14,119.83,120.07,0.07,0
LQxVcuSS-Ug,UC0FUMakBJHsRrfKCGQuWnRA,2026-08-28 12:27:09,41614,201,90,119.81,120.06,0.06,0
LRBKYGWaJVg,UCpwGBltfwjd_fIzp5cb5R0w,2026-08-16 12:30:10,115546,1478,162,120.0,120.0,0.0,1
LRGtc1bK6DY,UC2WBkFH1nHcO6aFLWo6sZQg,2026-08-24 13:03:39,35843,791,7,119.95,120.2,0.05,1
LROiGwPNYfs,UCEeib6HEHy95EGWUevS4RcA,2026-08-12 14:16:34,1503,2,0,119.98,120.23,0.02,1
LRPbuEkkUko,UCamHctB9_ZaFO9vZElnl_Yw,2026-08-28 08:00:19,106194,412,81,119.76,120.01,0.01,0
LRQ3MK6kOQ4,UC3_QWAvQRhPW4CDoQU8acKw,2026-07-16 07:00:10,19509,434,27,120.0,120.0,0.0,0
LRSHOuAOUno,UC5ScPjbt-a97AJO7SBj6nAg,2026-08-21 08:22:37,153560,3863,241,119.89,120.14,0.11,1
LRZsHkDN2Y0,UCZ49HaU_D0Tlf1aDA2jU_Vg,2026-08-06 03:30:29,48432,647,176,120.0,120.0,0.0,0
LR_ZAO2T-Gc,UCQhIdo5nRQY9DB3uo7vawtw,2026-07-26 16:02:50,1820,50,12,119.95,120.2,0.05,0
LRaX7T40RL0,UCoH2pCzAr6zWDG-LtUiLWRw,2026-08-07 23:00:31,80375,803,221,119.99,120.24,0.01,0
LRgqgKxOgAk,UCPuD5ZRQWa_JCaY5NokNhtg,2026-07-28 16:12:19,365,10,8,119.8,120.05,0.05,0
O3hQ_hvwlBY,UCO94iFhOhtdGb4Ze5DUAtbw,2026-07-25 04:44:08,0,0,0,119.77,120.02,0.02,0
O3sCPqEI0O8,UCpcTrCXblq78GZrTUTLWeBw,2026-08-15 09:00:36,68525,2085,35,120.0,120.0,0.0,0
O44sqJIQBDk,UC9vI-9WYQLXKI6n9XdXXo3g,2026-07-24 03:00:22,21988,230,33,120.0,120.0,0.0,0
O48Zk9AKDFw,UCwBkHOTyu57NQi0syf5MLig,2026-08-31 08:00:34,140757,377,10,119.75,120.01,0.01,1
O4Fb0VSOA2Q,UC-Pn1i_ot4qmG4l7wMZPvyw,2026-07-28 09:00:31,7837,160,37,119.99,120.24,0.01,0
O4GKPQaAwTc,UC8CIM3d3zDYMk-3T5aAz0yw,2026-08-23 10:06:01,400857,11898,1001,119.91,120.16,0.09,0
O4MSml11LJo,UCTV_Bra7kaUhtJg0oUCojfA,2026-08-20 08:54:46,5779,91,8,119.84,120.09,0.09,1
O4mVmfsiWxQ,UCzSODDx0zQF3nxXOZISCm_w,2026-07-26 01:00:39,13,1,0,119.99,120.24,0.01,0
O4quNlxOWGM,UCl-VnCUwSxDr5zPu-YlDUYw,2026-08-08 08:00:13,64893,1636,45,120.0,120.0,0.0,0
O4unnjqga7U,UCV7WE8I_UiAN0fa6Arezx_w,2026-07-11 12:00:16,97,0,0,120.0,120.0,0.0,0
O56aL8WaiSg,UCt8CJiye87FMbEwt0npPMuQ,2026-08-27 17:30:37,22580,265,32,120.0,120.0,0.0,1
O5DM5oUoWus,UC2yOBpLVwB7kzt9C5ZPbB7w,2026-08-19 10:00:22,45852,956,22,120.0,120.0,0.0,1
O5F9HJQy6AE,UCby0vMKcLR05ZdS90aZd5og,2026-08-18 07:26:59,5316,3,2,119.81,120.06,0.06,1
O5Jrxkt9l54,UCWVS5IJOkNnkKS5rjiAt9rw,2026-07-26 19:12:10,6402,60,0,119.8,120.05,0.05,0
O5MxiHSc_WY,UCV7WE8I_UiAN0fa6Arezx_w,2026-08-27 22:00:02,81,0,0,119.76,120.01,0.01,0
O5Q_z-RnXLI,UCIKORyfTZ0cN-u0hrxHcgUw,2026-08-12 01:15:16,20,0,0,120.0,120.0,0.0,0
O5V9WZtexXU,UCrfB1-zWijAYkgfZW7Ehc8Q,2026-07-28 08:00:39,85463,2664,243,119.99,120.24,0.01,0
O5lRO9FA-e4,UCN7FA8FwikP2p5Vrs5kiivw,2026-08-23 11:00:11,11433,169,4,119.76,120.01,0.01,1
O5vHFbyeKf4,UCl402YYy7RcH7PBI3npmGPQ,2026-08-20 12:15:35,618233,5982,75,120.0,120.0,0.0,1
O69rZm23RGM,UC5ThQKdocwo_9UurfT5P_ww,2026-08-15 02:00:33,302056,4045,50,119.99,120.24,0.01,1
O6VoWyHm1FI,UCcgkgKhXT6QwdGj9Nr8PBcg,2026-08-21 11:02:21,255104,1164,95,119.97,120.22,0.03,0
O6a4QM6_S7c,UCV6mNrW8CrmWtcxWfQXy11g,2026-08-29 12:00:28,207182,6483,193,120.0,120.0,0.0,1
O6dw8PMBd7s,UCN9VGDvz2M3vdR0czEUp6lQ,2026-08-01 22:00:39,5506,90,46,119.99,120.24,0.01,0
O6eLhQ19l7o,UCXAXCxTCCYYKsLJNzEvjqfw,2026-08-07 23:38:09,31240,403,63,119.87,120.12,0.12,0
O6fdENN_TYY,UCQfISxq5legTqOt1h1us6lg,2026-08-01 10:56:50,3222,8,0,119.81,120.06,0.06,0
O6kVWQc4wQg,UCPsZX-D7LW99PjZLA-UysPQ,2026-07-27 15:00:01,5335,80,38,120.0,120.0,0.0,0
O6mJTyMxEPs,UCifCesg-EUkjKyQedaB3hRg,2026-08-15 23:17:05,32640,341,2,119.97,120.22,0.03,1
O6xD082z0V8,UC8E29ANOC3_OuB7_5EPY2xw,2026-08-28 08:12:31,1897,16,2,119.8,120.05,0.05,1
O71xWejY5kk,UCV7WE8I_UiAN0fa6Arezx_w,2026-08-03 07:00:20,19,0,0,120.0,120.0,0.0,0
O7Ap2IYh0G4,UCaN3tSrrzIrXSDonEe7LK9A,2026-08-22 08:00:03,4174,51,4,119.76,120.01,0.01,0
O7Bfs4Oo2Fg,UCwBkHOTyu57NQi0syf5MLig,2026-08-15 07:20:56,168237,614,101,119.9,120.16,0.1,1
O7C239gbMeA,UC9otskL_kd-0CDib_5Lj-mQ,2026-07-14 06:20:14,3030,42,1,119.91,120.16,0.09,0
O7ExSoNmJQ0,UCab17MxxnFtAhGsJVTkSkCg,2026-08-03 01:25:46,4508,103,19,119.82,120.07,0.07,0
O7LMdQn8WEQ,UCBidluUUxzT_5jVOI_2x2MQ,2026-08-27 03:00:24,1161,6,0,120.0,120.0,0.0,1
O7TgjQ8FXAk,UC_m_uqd_9s0hZvlgfvCzqbQ,2026-07-24 07:51:56,269,3,0,119.89,120.14,0.11,1
O7VsMiZNb0s,UC6aF-skLT_1X6cdPJxVJXxQ,2026-07-31 08:00:15,188491,4276,563,120.0,120.0,0.0,0
O7c_ikdhpts,UCV6mNrW8CrmWtcxWfQXy11g,2026-08-17 16:00:18,32619,1823,61,120.0,120.0,0.0,1
O7iNUKjETuA,UC-8S20Ll1gzPiu_YY8BgyaQ,2026-08-28 13:25:58,151807,548,59,119.83,120.08,0.08,0
O7qqYBm0rtM,UCoIEwIHhW-1_roLnb5nK_UA,2026-08-17 04:00:34,239,6,0,119.99,120.24,0.01,0
O8-2HWzqV1U,UCv1tOT645xHOJrwdGlzjMaA,2026-08-03 09:00:25,10130,202,15,120.0,120.0,0.0,0
O86giqIs9AY,UCkmUJzaZfP7Wsb5-89pAK4Q,2026-08-14 09:14:15,920,19,0,119.77,120.02,0.02,0
O87u8HdGrwo,UCpAZLM9XMzIbqFucUBD8Jtg,2026-08-10 06:18:49,565361,4091,84,119.94,120.19,0.06,1
O8WmBHUWISk,UCTNyl3P7q6PNhPddh6d7WJQ,2026-08-30 22:00:06,1877,15,7,119.76,120.01,0.01,0
O8Xb0agffeU,UCpcTrCXblq78GZrTUTLWeBw,2026-07-12 12:30:09,136511,428,56,120.0,120.0,0.0,1
O8Y4tnQ5Dtw,UCV7WE8I_UiAN0fa6Arezx_w,2026-08-20 18:00:21,32,0,0,120.0,120.0,0.0,0
O8c7Z-EbU5s,UCPuD5ZRQWa_JCaY5NokNhtg,2026-08-07 08:12:20,759,9,7,119.8,120.05,0.05,0
O8hvt0lwkyQ,UCb08r5yPoH-AqM7_XCL4Uhg,2026-08-01 05:11:53,9575,600,172,119.8,120.05,0.05,0
O8t7lc-uVHs,UCJNEIbzzpRl-l1iGdD2BxGg,2026-08-25 02:09:21,18091,77,23,119.85,120.11,0.11,0
O9GLr_ipmC0,UCaN1Qp37sHiCdQuSaXa3fVw,2026-08-31 22:00:39,57910,,31,120.0,120.0,0.0,1
O9Led1pcbN8,UCS3_H_feQRm4QbXipKTvSrw,2026-08-03 13:31:01,7733,208,10,119.99,120.24,0.01,1
O9V4qZeCqmQ,UC8aCmG_y4DqqVI9Xlcym1Jg,2026-08-21 23:28:49,6017,194,3,119.78,120.03,0.03,0
O9iHQkMphEo,UCvAetSOU_4lyjM5hVMNzN0Q,2026-08-01 16:40:32,35598,441,17,119.83,120.08,0.08,1
OA-E1N4skrA,UC7hwQp3F6P_OwyRM14p88iQ,2026-07-27 15:58:46,44611,261,0,119.77,120.02,0.02,0
OA3AC5_kYs0,UCZPfs7xIjGmOGs9kvgGhUKQ,2026-07-13 09:56:40,88,2,1,119.81,120.06,0.06,0
OAIzgd5vElA,UCarBV0zWlC2k-HteyeKqfag,2026-07-27 17:46:28,421,25,0,119.98,120.23,0.02,0
OAhErRLZjdI,UC3Oe-jfrIqEGygxYBYyN6jQ,2026-08-15 22:38:00,6044,87,0,119.87,120.12,0.12,0
OB9cYDY_m88,UCtIbfg_6gjbdFqCqAiUcqyQ,2026-07-13 08:00:27,71315,1006,37,119.99,120.24,0.01,1
OBJje5vbRTA,UCAl4HWznMn7KhKBRFO5eiFA,2026-08-09 12:28:40,5093,19,1,119.78,120.03,0.03,1
OBMQi1aPFZA,UCPGl9DV2WUgaqGVXtVrhJWQ,2026-08-28 15:00:37,9,0,0,120.0,120.0,0.0,0
OBOIGWe2FR4,UCpcTrCXblq78GZrTUTLWeBw,2026-07-11 00:30:01,158098,1372,179,120.0,120.0,0.0,0
OBUhGCtI6Nc,UCbYO4SBywZ2oWv1u309oWmQ,2026-08-26 10:48:29,45102,787,18,119.95,120.2,0.05,1
OBeLHg1aosk,UCi8fe6P0_tLeZ1r31wOydvw,2026-08-14 04:00:10,14372,50,10,120.0,120.0,0.0,0
OBg8cvIg6OI,UCv1tOT645xHOJrwdGlzjMaA,2026-07-24 09:52:39,31971,564,7,119.87,120.12,0.12,1
OBqZ7fMjod8,UCXg-6b0X0sIMBDHhbyBuOQg,2026-08-02 11:00:05,11386,335,6,120.0,120.0,0.0,1
OBsMkL3EubQ,UCgLFbrC7-g0ihBKB0obVPTg,2026-08-04 12:52:56,359,6,0,119.87,120.12,0.12,0
OBy0fi86A8g,UCIigIgtZ65TiGQSmnVJaUCQ,2026-07-17 05:37:57,912854,21407,1721,119.87,120.12,0.12,0
OC97yJB8kZ8,UC3_QWAvQRhPW4CDoQU8acKw,2026-07-18 08:52:14,40451,612,267,119.88,120.13,0.12,0
OCBB5fbzjoc,UCv1tOT645xHOJrwdGlzjMaA,2026-08-29 06:30:18,28867,538,15,119.76,120.01,0.01,0
OCEcRrjTtxA,UCmiTZyj9GwMjyznZxrgCH4Q,2026-08-08 08:32:54,16488,404,22,119.96,120.21,0.04,0
OCFtOAfCY2s,UCd9oeoY-jLSkhd-J5y_1aYg,2026-08-21 08:16:33,865,12,1,119.99,120.24,0.01,0
OCRMVqh2FjU,UC2yOBpLVwB7kzt9C5ZPbB7w,2026-08-21 04:00:04,54438,658,47,119.76,120.01,0.01,1
OCSXWRvYsqQ,UCkrNv6xF8j7QZmWb3UeAH8A,2026-08-31 10:32:54,15420,43,14,119.96,120.21,0.04,0
OCXEne_OLis,UCEebX3m88Arwc91LPmEmTYQ,2026-07-22 18:16:51,58014,5900,104,119.97,120.22,0.03,0
OC_TNdH-rwA,UCIvLQ5lZ2kebqnLaGv_FP4w,2026-08-27 16:59:10,5761,20,0,119.78,120.03,0.03,0
OCk2ivA90bg,UCe0loHR-Vltq0GPHgYyzmrQ,2026-08-08 02:31:57,15548,209,31,119.97,120.22,0.03,1
OD4UPlKJyS0,UCdGiRd1dTixfQxQrb2pbn5Q,2026-08-09 10:22:19,18846,260,18,119.88,120.13,0.12,1
OD9Knft2Elw,UCN5oT4zGJX-_H6pE5isAEeg,2026-08-10 03:00:09,376867,6174,466,120.0,120.0,0.0,1
ODBkt8YKoO4,UCQuY08EEKLFOp0D37Sfpd0A,2026-07-31 03:13:04,2087,77,11,119.79,120.04,0.04,0
ODTLMcqh10k,UCxn8csYeZg6awRnZS-aqg0g,2026-07-29 17:00:19,14057,433,35,120.0,120.0,0.0,1
ODXmbu1kLRg,UCZ6mNZTiTUrUSbSYPlclI4A,2026-08-04 03:00:22,400,9,3,120.0,120.0,0.0,0
ODYLo8dTwDY,UC6NXJtCn3p-actkvBUlHwDA,2026-08-29 03:00:04,110464,605,61,119.76,120.01,0.01,0
QlX31hJNV3k,UC-okJdotaXPlzivRzHFqzuA,2026-08-07 17:00:06,115316,2216,9,120.0,120.0,0.0,0
QlavnGGRh_M,UCJNEIbzzpRl-l1iGdD2BxGg,2026-08-03 04:01:42,631,2,,119.97,120.22,0.03,0
QldCxcLy6Qw,UCw1DsweY9b2AKGjV4kGJP1A,2026-08-14 09:40:35,32753,85,4,119.83,120.08,0.08,1
QlfrExmyY6g,UCei_ecYpQqFjYhjLaDPr2Lw,2026-08-06 02:18:25,79,3,0,119.94,120.19,0.06,0
QlkagmQIxQ8,UCAaLhok91QDrweyuDRsmjqQ,2026-08-26 11:38:41,223930,874,81,119.87,120.12,0.12,0
Qm1003-qrnU,UC0aKwoKNeqBaUwiEXmkQaGQ,2026-08-07 10:30:16,51284,520,167,120.0,120.0,0.0,0
QmAyb6_v7tQ,UCz4b1O9sT73P8DWwx6OvQwg,2026-08-30 07:01:14,88162,748,169,120.0,120.0,0.0,0
QmJWeUg5BM0,UCgvtwZJPhSfbKOxh3EoVXng,2026-07-25 23:37:05,5,0,0,119.88,120.13,0.12,0
QmLiQARwxpw,UC6NXJtCn3p-actkvBUlHwDA,2026-08-19 22:48:22,8677,53,8,119.95,120.2,0.05,0
QmNzM0tyWcI,UCRq3CDTZ2qe3HiHrZdQKBvQ,2026-08-31 09:29:57,1696,15,8,119.76,120.01,0.01,1
QmSDMwtO57Y,UCwBkHOTyu57NQi0syf5MLig,2026-08-11 03:00:13,386538,2643,498,120.0,120.0,0.0,1
Qmo2aqPaY8Y,UCv1tOT645xHOJrwdGlzjMaA,2026-07-31 13:58:02,45940,564,152,119.79,120.04,0.04,0
QmzFQd0tIv8,UC-okJdotaXPlzivRzHFqzuA,2026-08-04 04:59:30,62353,482,39,119.76,120.01,0.01,0
Qn1f79pgSuM,UCw1DsweY9b2AKGjV4kGJP1A,2026-08-09 10:01:08,11528,48,19,119.98,120.23,0.02,0
Qn72LjBlbB4,UCN5oT4zGJX-_H6pE5isAEeg,2026-08-01 08:00:27,525751,7512,308,120.0,120.0,0.0,1
Qn8Ulow8-Jg,UCw1DsweY9b2AKGjV4kGJP1A,2026-07-29 05:01:31,64926,440,91,119.98,120.23,0.02,0
QnEQEqH_uQ0,UCXAXCxTCCYYKsLJNzEvjqfw,2026-08-02 18:03:46,91949,1495,302,119.94,120.19,0.06,0
QnZiJ_Y45pk,UCOKQpmfKrtu7Nu719CVSw1A,2026-08-23 03:00:29,2441,85,11,120.0,120.0,0.0,1
QnageY9EYOg,UC8E29ANOC3_OuB7_5EPY2xw,2026-08-23 06:00:11,1286,3,0,119.76,120.01,0.01,1
Qo7KUz1R6qU,UCV6mNrW8CrmWtcxWfQXy11g,2026-07-30 14:00:06,750013,29532,217,120.0,120.0,0.0,1
QoGJEvJTgXo,UC5ThQKdocwo_9UurfT5P_ww,2026-08-09 08:56:29,334297,4432,77,119.81,120.06,0.06,1
Qobg1HNb5eM,UC_m_uqd_9s0hZvlgfvCzqbQ,2026-08-11 13:45:55,1363,3,1,119.99,120.24,0.01,1
Qobh_uocrLQ,UCHbz27HAkCIQNw_G2Pa7XVg,2026-07-27 06:00:06,33598,565,20,120.0,120.0,0.0,1
QodjFJ3UqMU,UCuWDza8A_ntbjwBZgW0ZSNw,2026-08-09 05:00:30,9828,133,8,120.0,120.0,0.0,1
QofnylkzLcc,UCkpKYfb8wM67QnKxBj9bZXA,2026-07-13 11:05:25,16353,126,9,119.91,120.16,0.09,0
QokROFo6J5Y,UCYM01qjjE_hmqFQAmOo-lNg,2026-08-16 08:00:30,5901,29,15,119.99,120.25,0.01,0
QolhSJAZooo,UCJYdIDfGkqXTsQq5aW4md0Q,2026-07-28 02:20:30,173,1,0,119.91,120.16,0.09,0
QopSo3Wz7Mw,UCdK9h1ILxS49c2LguBUY3rw,2026-07-23 21:01:52,8,4,0,119.97,120.22,0.03,0
QowbLBv7yGY,UCgyDKBTgkBfa8jWrBb8Npig,2026-07-23 17:10:40,905,5,3,119.82,120.07,0.07,0
Qp2amXumb4g,UCt6Eo4xMTHhlOWg4_PAz_MA,2026-08-28 11:47:31,81285,266,36,119.97,120.22,0.03,0
QpIhAc_XFo8,UC3pTpoDKt17IrCDH60kSNPA,2026-08-06 04:44:53,502,11,8,119.76,120.01,0.01,0
QpP8Z8uR8Zo,UCSrQnB-Ip9hc0biFQ3HoKzg,2026-08-12 04:19:49,72239,1869,108,119.92,120.17,0.08,0
QpXZyROisSA,UC8C0Yd20ke5XqOiZvMVgM9w,2026-07-30 01:00:02,3439728,461,13,120.0,120.0,0.0,1
QpawUg9sZTs,UCyiKhng8Mr3xlm-rgec6mWQ,2026-08-18 06:45:35,47,2,2,120.0,120.0,0.0,0
QpwkJt9cd9g,UCuZ862fZel1gq9RAf_OkvqA,2026-08-01 06:21:35,41248,568,318,119.9,120.14,0.1,0
QqMO5kLM1-0,UCDHGqgpiHQAsE0UiltRqhfQ,2026-08-07 09:30:36,22937,52,40,119.99,120.24,0.01,0
QqPjTtrtmrE,UCYxwKnNRv4FurQxeKcuR0Sw,2026-07-31 15:03:38,23,4,0,119.94,120.19,0.06,0
QqXRetEXgLE,UCkpKYfb8wM67QnKxBj9bZXA,2026-07-13 11:05:29,13992,130,15,119.91,120.16,0.09,0
QqgBLNiYyx4,UCRE-9quk3OT2OKgZFAgdN_g,2026-08-09 12:34:27,4542,33,11,119.93,120.18,0.07,0
QqkjBu59yVY,UCgeazIBHz3JS7ft7_nyj-0A,2026-08-16 08:00:15,14297,57,16,120.0,120.0,0.0,0
Qr-6Lt7KpqU,UCPsZX-D7LW99PjZLA-UysPQ,2026-08-22 15:00:24,1072,16,4,119.75,120.01,0.01,0
Qr31-6Bf76k,UCXNh3eUHXEkL7h1w1KYQRKQ,2026-07-27 07:32:20,31522,316,22,119.96,120.21,0.04,1
Qr5g9m3L6-E,UCPuD5ZRQWa_JCaY5NokNhtg,2026-08-19 05:06:04,553,8,7,119.91,120.16,0.09,0
Qr91SYAPUnY,UCooLkG0FfrkPBQsSuC95L6w,2026-07-17 08:00:15,221829,3071,57,120.0,120.0,0.0,0
QrDIARrrpEc,UCN7FA8FwikP2p5Vrs5kiivw,2026-08-15 17:00:04,375,14,3,120.0,120.0,0.0,1
QrFr0G4s7yI,UCpcTrCXblq78GZrTUTLWeBw,2026-08-29 03:30:11,50795,469,28,119.76,120.01,0.01,0
QrIEnsFYZHg,UCPsZX-D7LW99PjZLA-UysPQ,2026-08-26 03:00:07,3109,10,1,119.76,120.01,0.01,0
QrIGPkSx1_k,UCt8CJiye87FMbEwt0npPMuQ,2026-07-23 14:00:06,7268,281,24,120.0,120.0,0.0,1
QrKJWQO8MWw,UCJN5mgLqkPCTVC5v-12gKjQ,2026-08-15 13:45:26,4001,118,6,120.0,120.0,0.0,1
QrQZd0s8KaQ,UCQuY08EEKLFOp0D37Sfpd0A,2026-07-18 09:00:28,67369,1309,83,119.99,120.24,0.01,0
QrR_Ma3hC2A,UCQfISxq5legTqOt1h1us6lg,2026-08-20 20:41:41,7027,19,0,119.82,120.07,0.07,0
QraUXhEGGKE,UCby0vMKcLR05ZdS90aZd5og,2026-08-06 08:55:46,2870,7,2,119.82,120.07,0.07,1
QridtAjrRdo,UC7ikVsVGGrUy2RD65w-awng,2026-08-25 09:47:26,244,7,4,119.97,120.22,0.03,0
Qrv-SRcyr74,UCpX86JOUhnrzG7MK8e8Gjbw,2026-07-13 07:17:51,25182,129,160,119.95,120.2,0.05,0
Qs0XS3e7U0o,UC2FDVyrQnjoZCUyk9fmqd9g,2026-07-31 07:27:22,63828,2335,1036,119.8,120.05,0.05,0
Qs1hw25WukQ,UCTUnpbuKoOODvhLhCO_kO_A,2026-07-22 06:00:08,3186,18,2,120.0,120.0,0.0,1
Qs49aSaaVqY,UC9jOsXFn3RwXEW3qUyySjAQ,2026-08-15 00:50:11,670,12,0,119.92,120.17,0.08,0
Qs7Ia2Z7yZY,UCzDmGDR5RdahQkLCBoWlTEg,2026-08-07 09:00:14,15576,131,47,120.0,120.0,0.0,0
QsLGqo9LfUk,UCAl4HWznMn7KhKBRFO5eiFA,2026-08-05 12:29:02,14711,56,5,119.77,120.02,0.02,1
QsNyet4q5o8,UCDq6CfnZgtnqXEwG8tqvBfA,2026-07-17 23:50:51,10,0,0,119.9,120.15,0.1,0
QsPz4kMPWhU,UCVipGmBXqbYKNODNzVCN86w,2026-07-23 01:00:01,26735,861,17,120.0,120.0,0.0,1
QsQLQ1nMB8g,UC4oe-OVZ2Ho-03yrMkrXomQ,2026-08-23 23:00:24,241335,6110,144,119.76,120.01,0.01,1
QsVE71xsaEE,UCab17MxxnFtAhGsJVTkSkCg,2026-08-08 13:02:28,695,15,0,119.96,120.21,0.04,0
Qsl12nD6tUc,UCa2liSwjQST4AGcg6LFQakQ,2026-08-26 04:00:36,1193,2,0,119.75,120.01,0.01,0
Qt06OUMovfE,UC9JlObZnbOirT4_iyPGrdcw,2026-08-21 12:00:13,58291,896,80,119.76,120.01,0.01,0
QtHEWGc3UN4,UCAGUSx1hbPKDqzBZH7bTjiA,2026-08-13 10:00:32,12182,180,24,119.99,120.24,0.01,0
QtHEpRbKW-Y,UCtt0Hg9MhraTkzWwNQpplHg,2026-07-28 09:00:00,72861,1595,47,120.0,120.0,0.0,1
QtTP90Mgdt0,UC4VWaR3R17Ruc7j1Cy1-PKQ,2026-08-11 08:52:45,89,4,2,119.87,120.12,0.12,0
QtaWn8ktdWU,UC72PuhDwKtZ5MikpGNhPAtA,2026-08-06 13:30:43,253361,12890,1498,119.99,120.24,0.01,0
QthQmPqZkNg,UC2t5bjwHdUX4vM2g8TRDq5g,2026-07-12 01:27:57,28828,831,24,119.78,120.03,0.03,0
QtiN_kMSFhE,UCk5C4AR3uvmKwZYkIlSobbg,2026-08-28 03:00:32,5600,13,21,119.75,120.01,0.01,0
QtxcL4HNn9k,UCw1DsweY9b2AKGjV4kGJP1A,2026-08-24 08:00:19,95816,629,54,119.76,120.01,0.01,1
QuQ5xY6xbY4,UCyaMGpNb-UiLHMY833ai7IQ,2026-07-26 14:07:19,1999,6,0,119.88,120.13,0.12,0
QusZNpQq_D4,UCE8JC9RAVSudDT_8Ji1fuPQ,2026-07-30 08:45:59,36804,757,63,119.99,120.24,0.01,1
Qv320khjELY,UCwBkHOTyu57NQi0syf5MLig,2026-08-21 04:00:08,178462,1122,54,119.76,120.01,0.01,0
Qv8Qzdqbwxw,UCyoSQyaCrZHro6F_nBiXIYg,2026-08-23 10:55:29,260476,1136,457,119.84,120.09,0.09,0
QvF9Xut5Hnc,UCwfbSsZ7_sccxcibe60mWlQ,2026-07-29 15:00:11,8087,28,20,120.0,120.0,0.0,0
QvH0aTNEFV8,UCCd3jyJmOFzkJEMj5Bp89rw,2026-07-20 15:00:29,2352,109,0,119.99,120.24,0.01,1
QvhFc79UzN4,UCKVt3arMXfa6XZezR1UnjqQ,2026-08-24 22:00:13,13397,89,2,119.76,120.01,0.01,0
QviY-o6zpy4,UCt8CJiye87FMbEwt0npPMuQ,2026-08-26 18:55:54,294477,7875,311,119.83,120.08,0.08,0
QvwhmoAdT34,UC5grrciAyUF4xjd42XhV-1Q,2026-07-31 01:13:04,3269,,0,119.78,120.04,0.04,0
IwKCw8WdRB8,UCoH2pCzAr6zWDG-LtUiLWRw,2026-08-31 22:00:07,146555,1004,216,119.76,120.01,0.01,0
IwPX7CuqwBk,UCbeQg95cAxVRsxxh6FyilxA,2026-07-18 03:09:40,17034,70,17,119.84,120.09,0.09,0
IwZgnjUSph4,UCp6n8d8Y8r3MwKNw_MMaouQ,2026-08-04 13:00:38,12620,254,9,119.99,120.24,0.01,0
IwlvCMwvjcY,UCEg24oF81p-THPtp3otdmTA,2026-07-11 09:00:06,39060,1187,45,120.0,120.0,0.0,0
IwzIvzgebqA,UCpTNtH8yc1Kdl_YFfsQsTYA,2026-08-26 03:05:40,3472,20,1,119.92,120.17,0.08,0
Iwzurw-PC1Q,UC8FErYSi74YwGUAoTpjvgzQ,2026-07-10 09:30:26,8964,135,4,119.26,123.11,0.74,1
Ix-_D0GUm6U,UCyAA-Vj4ORjXl5Ui2m6_Llw,2026-07-25 03:00:17,21260,73,23,120.0,120.0,0.0,0
IxDAeg2Ij8Q,UCV7WE8I_UiAN0fa6Arezx_w,2026-08-28 02:00:10,167,0,0,119.76,120.01,0.01,0
IxHlbNGaucY,UC5RxNUZ9_c94ZEfJGnJZmTw,2026-08-27 11:00:23,13143,246,172,119.76,120.01,0.01,0
IxHpO_cqVR0,UCS-X1uBDTNwAYyydiXjcX9A,2026-08-05 03:00:15,1775,14,0,120.0,120.0,0.0,1
IxR1mW1g79g,UCzVXdulvpgEoI8yuFMmhxJw,2026-08-09 11:30:18,222456,7681,25,120.0,120.0,0.0,1
IxcUg387Vyw,UCV7WE8I_UiAN0fa6Arezx_w,2026-08-27 10:00:09,167,0,0,119.76,120.01,0.01,0
IxcsmiyhP-A,UCcHVk5SFxfYhCbbX8pWWuVg,2026-08-14 09:00:17,35525,369,85,120.0,120.0,0.0,0
Ixk8w_AfMzk,UCtGMgPWJNU2Aj-SNK0zg0Sg,2026-08-28 18:19:22,20971,45,4,119.94,120.19,0.06,0
Ixx2wj7YgbM,UCzDyC6JMEXEufozffWzI9Mg,2026-08-22 04:00:07,85505,985,35,119.76,120.01,0.01,1
Iy9c0PFFWcs,UC1IUMdwaJ22A6FkPiI8dcig,2026-07-12 10:05:50,139729,2460,66,119.9,120.15,0.1,1
IyAXgEctst4,UC4cKHOBS-nRfKFTwf1n8HGA,2026-08-08 16:21:53,32,,0,119.89,120.14,0.11,0
IyEtrOoG1Mk,UCt8CJiye87FMbEwt0npPMuQ,2026-08-18 13:00:14,15436,594,40,119.76,120.01,0.01,0
IyStjfiBMWs,UCV7WE8I_UiAN0fa6Arezx_w,2026-08-19 02:00:01,9,0,0,119.76,120.01,0.01,0
IyV9FlS37Ew,UCXVVG5ZM3SJJCh94xatR8Dg,2026-07-30 02:01:18,824,23,1,119.98,120.23,0.02,1
IybDCEjMU_g,UC8CX0LD98EDXl4UYX1MDCXg,2026-08-12 15:00:28,16604,523,19,120.0,120.0,0.0,1
IyiE6641cWY,UCS2OAdHoLt-9T6cG9A2H49Q,2026-08-07 09:03:18,21493,171,13,119.95,120.2,0.05,1
Iyo25wI-w2s,UCms8Ge7H1ZGgw6nV94fUhUQ,2026-08-30 09:00:24,28808,281,90,119.76,120.01,0.01,1
IyuGiqNxQ1s,UCqVZTizoA2wQKOj_xaDt10Q,2026-08-15 14:32:26,170,2,0,119.96,120.21,0.04,1
IyziYKDyTjU,UC6JB_a6rD1lZ_aZgQvORfrQ,2026-07-13 22:30:25,30889,111,43,119.99,120.24,0.01,1
Iz4sMjN-WVI,UCJmnOEp1-OITEU0mk4icM5A,2026-08-06 22:00:19,48912,824,282,120.0,120.0,0.0,0
IzETImTCfOY,UCoH2pCzAr6zWDG-LtUiLWRw,2026-08-19 08:00:32,57912,805,168,120.0,120.0,0.0,0
IzNXJVKNeFU,UCgLFbrC7-g0ihBKB0obVPTg,2026-08-23 12:51:22,136,3,1,119.9,120.15,0.1,0
IzbtD52zrsQ,UCNZ87V1E_2h_Nyh-zVTRFWA,2026-08-10 06:35:22,1608,12,0,119.91,120.16,0.09,1
IzgNdtS7Prs,UC4oe-OVZ2Ho-03yrMkrXomQ,2026-07-22 04:30:24,544916,11937,110,120.0,120.0,0.0,1
IzreZWGpnwM,UCZ6mNZTiTUrUSbSYPlclI4A,2026-08-14 12:40:51,18114,281,16,119.82,120.07,0.07,1
J-Puqv5GXEI,UCJDXc9JWCZo-nLNKr_-L2Ng,2026-08-26 18:00:19,2141,104,5,119.76,120.01,0.01,0
J-U0SZ7VA0w,UCYGF_xk5RDpltyZDSx040uw,2026-08-05 08:32:56,131113,1255,57,119.95,120.2,0.05,1
J-WxaxlwqFc,UCV6mNrW8CrmWtcxWfQXy11g,2026-07-31 12:17:50,27941,2054,229,119.95,120.2,0.05,1
J-YhGdLet8Y,UC9nWoDbRAl3-fvreBNeStKQ,2026-08-20 17:03:41,1733,6,0,119.95,120.2,0.05,0
J-h4_senmZo,UCdQHEqTxcFzjFCrq0o4V7dg,2026-07-30 00:15:30,35348,2160,194,119.99,120.24,0.01,0
J-hNUBvuboQ,UC2WBkFH1nHcO6aFLWo6sZQg,2026-08-09 16:13:22,35967,488,3,119.78,120.03,0.03,1
J-jbyQlQFO8,UC3RzmV2LX3AmWhZVx0A7u0A,2026-07-11 07:00:36,270759,5713,277,119.99,120.24,0.01,0
J-q55FubX7A,UCeiDuGZqWT4iiIXRTfhM3qQ,2026-07-30 09:42:33,3568,81,4,119.79,120.04,0.04,0
J-uUXlpXO6k,UCmiTZyj9GwMjyznZxrgCH4Q,2026-07-26 00:30:16,282223,6490,75,120.0,120.0,0.0,0
J01vBQTyCps,UCUPa-gJcbYG9Ql8b9H9FBbg,2026-08-02 00:00:11,8023,81,7,120.0,120.0,0.0,0
J04ZurOuwdY,UCw1DsweY9b2AKGjV4kGJP1A,2026-08-24 08:30:04,196134,1161,162,119.76,120.01,0.01,1
J04ywOurbaI,UCcvKf8NxAw9i09hZw1MQPBQ,2026-08-01 11:00:23,80261,1548,381,120.0,120.0,0.0,0
J0BR0uk3Ts8,UCg5-nd3qoNnz5dzkX-O0b8A,2026-08-24 10:05:25,69732,1283,69,119.92,120.17,0.08,1
J0DbTnFwYV4,UC9zmo9x1o7xAfgM1Fw3Dg4g,2026-08-27 08:00:00,6873,173,80,119.76,120.01,0.01,0
J0LNyCUT7-k,UC6YqXiwCBfPvPTs3wXgWElQ,2026-07-23 03:23:11,2251,4,0,119.87,120.12,0.12,1
J0bAPXih9yk,UC5H8Wt-1q_tnn-m4tDTqbUw,2026-07-31 07:31:36,1729,25,4,119.98,120.23,0.02,0
J0hY7a_y_vw,UCV6mNrW8CrmWtcxWfQXy11g,2026-08-15 14:00:29,13812,945,114,119.99,120.24,0.01,0
J0nBQBKoPMg,UCgvtwZJPhSfbKOxh3EoVXng,2026-07-26 06:57:31,26,1,0,119.79,120.04,0.04,0
J0oOAPK047I,UCfq-5-0b5Lzj7cKCrp6-flA,2026-08-02 08:00:21,16389,431,39,120.0,120.0,0.0,1
J0wbcc_oM0c,UCQuY08EEKLFOp0D37Sfpd0A,2026-08-21 11:49:24,3356,44,6,119.94,120.19,0.06,0
J12Qz9d-fF4,UCYG8tuvbQzWsDeoADyJFU8Q,2026-08-14 19:47:44,3320,60,2,119.96,120.21,0.04,0
J15-bDGdImU,UC0PMQXAwF6O6aeTpv962miA,2026-08-26 21:00:16,80232,899,226,119.76,120.01,0.01,0
J1RbCdMcumk,UCKHx_yf3dI2ajWAjXRJ_9Rw,2026-08-18 23:58:28,2361,44,3,119.78,120.04,0.04,0
J1VJ0leGnkw,UCrxzkAOXEbflxcTbRYnCoTw,2026-08-23 00:00:18,17927,111,71,119.76,120.01,0.01,0
J1Z2-Hcr7ww,UCw1DsweY9b2AKGjV4kGJP1A,2026-08-03 05:00:25,48685,346,73,120.0,120.0,0.0,1
J1eJHUU8v6c,UCIOY-akTwtohcU0QB5ksjaA,2026-08-30 12:23:36,233,4,0,119.87,120.12,0.12,0
J1orHHYZN4k,UCtUHgx7SA_eZFssVODDh82A,2026-08-22 04:13:45,7334,175,77,119.78,120.03,0.03,0
J2Cv85KL5sY,UCg5-nd3qoNnz5dzkX-O0b8A,2026-08-19 10:42:53,6494,87,5,119.8,120.05,0.05,1
J2KKWy5SoeU,UC86GXx7Ap-Cahlb0r0xT-ZQ,2026-08-10 12:00:31,12133,95,5,119.99,120.24,0.01,0
J2LN0DVILxs,UC-Av9SmAuRmyaEdwZKnT58g,2026-08-28 11:20:16,36785,887,9,119.92,120.17,0.08,1
J2XGod6JBIo,UC1Il94cQwl93Zun8ax1Qjlw,2026-08-27 22:24:36,667,1,0,119.85,120.1,0.1,0
J2e-lCduEGk,UCzDyC6JMEXEufozffWzI9Mg,2026-08-27 04:00:18,62755,767,41,119.76,120.01,0.01,1
J2kvuPUisbI,UCZuT6NXrfZzYbqCG_RWgSgA,2026-07-24 05:12:05,2205,19,1,119.8,120.05,0.05,0
J30EZl74qyw,UCtVBI7YLJyDvrx7iWAukx_Q,2026-08-24 06:00:34,291586,9927,73,120.0,120.0,0.0,0
J30UcF20QWE,UCoSniqkitCpxlHrQd5L8A1w,2026-07-24 16:55:06,1528,13,11,119.83,120.08,0.08,0
J3BI5G3DdNE,UCbeQg95cAxVRsxxh6FyilxA,2026-08-26 07:30:01,27302,43,5,119.76,120.01,0.01,1
J3J-yiS8RXY,UCOTJtP0Z9DjpPU43B5m1V6A,2026-08-25 12:00:13,196478,1553,29,119.76,120.01,0.01,0
J3dIXySsLCU,UCBo7GIv99qTzHaa6ip09YLA,2026-07-28 08:00:26,7123,35,6,120.0,120.0,0.0,0
J3dMvvWMoFs,UCN5oT4zGJX-_H6pE5isAEeg,2026-08-06 22:00:32,1683574,28351,10875,119.99,120.24,0.01,1
J3vXecg1nME,UCA9f2-9fUklMMOaz8vKW7Jw,2026-08-31 02:41:52,361,0,0,119.82,120.07,0.07,0
J3yOG0ubC-w,UC_m_uqd_9s0hZvlgfvCzqbQ,2026-08-16 14:26:29,1312,4,0,119.81,120.06,0.06,1
J40o-XpO5Rk,UCpcTrCXblq78GZrTUTLWeBw,2026-08-31 17:30:34,155721,886,83,120.0,120.0,0.0,0
J42cdFQ92zQ,UC2WBkFH1nHcO6aFLWo6sZQg,2026-08-17 17:55:20,65327,1427,8,119.83,120.08,0.08,0
J4B7psgaWQg,UCp6n8d8Y8r3MwKNw_MMaouQ,2026-08-28 17:11:24,37912,569,5,119.82,120.07,0.07,1
J4CZGW6daes,UC141BuVRzSSXJX33Am9yxEA,2026-07-14 08:15:17,86440,1521,182,120.0,120.0,0.0,1
J4J12VOjaYg,UCTVkjiEiaiSbEq0Qwd5XTPA,2026-07-26 09:25:55,451,24,7,119.82,120.07,0.07,0
J4YwdsxGZ-c,UCOTJtP0Z9DjpPU43B5m1V6A,2026-08-28 02:30:15,278479,1117,86,119.76,120.01,0.01,0
J4s0r85yjeU,UCzDyC6JMEXEufozffWzI9Mg,2026-07-26 04:00:40,66082,713,49,119.99,120.24,0.01,1
J5-NPD9UJN4,UCOTJtP0Z9DjpPU43B5m1V6A,2026-08-08 15:32:40,71767,622,26,119.96,120.21,0.04,0
LRkn_OPWbCs,UC6JB_a6rD1lZ_aZgQvORfrQ,2026-08-15 01:00:17,3297,31,25,120.0,120.0,0.0,0
LRsNoFTZXCI,UCrR_fhiJjoW8OJFzUcmlMMA,2026-07-24 07:00:21,7125,57,17,120.0,120.0,0.0,0
LS3VW34tpWs,UC_E_qYfGKM3C0kqrp1p8z7Q,2026-07-27 17:00:37,244,3,1,119.99,120.24,0.01,1
LSLs5PXOxZs,UCPGl9DV2WUgaqGVXtVrhJWQ,2026-07-31 13:55:19,1,0,0,119.83,120.08,0.08,0
LSM4A-B0MDs,UCCs1YZHxUTIbLZd-xrvvMCw,2026-08-14 08:59:32,62902,1373,98,119.76,120.01,0.01,0
LSN8GpVBI-k,UCEGtfhdJiRgH98mVMEQZThQ,2026-08-14 10:30:28,4702,24,12,120.0,120.0,0.0,0
LSSZow5YkAw,UCcdlIcleb4oIK6of1ugSJ7w,2026-07-18 10:04:44,125525,395,50,119.92,120.17,0.08,0
LSUwINATzv4,UCCW6uYIUP4YKKe50k-ktVAw,2026-07-27 08:15:37,123839,2816,205,119.99,120.24,0.01,0
LSVr2yjOT8A,UC4oe-OVZ2Ho-03yrMkrXomQ,2026-08-18 07:00:19,140623,2239,128,120.0,120.0,0.0,1
LSkmQtGS2ts,UCKYdD83f363lIzcAwwhB-_A,2026-07-28 14:59:54,3428,13,0,120.0,120.0,0.0,0
LSnDZu6TIQQ,UCGfi102cvQxv_9uXMwiB9eg,2026-08-12 04:15:18,8,0,,120.0,120.0,0.0,1
LT1rq-bu8Vk,UCMswODzU1ZjjrLyUk7NfwPA,2026-07-31 11:15:21,39207,534,23,120.0,120.0,0.0,1
LT6IhuNAKsQ,UCJA6MZLzTeljmGNFaugdoWQ,2026-08-31 07:00:19,1349,12,2,119.76,120.01,0.01,1
LT8x45px8y4,UCOTJtP0Z9DjpPU43B5m1V6A,2026-08-01 02:30:24,97707,1084,63,120.0,120.0,0.0,0
LTK5hcr2c2k,UCTmniSiCVyG_UKVCEa9PNKA,2026-08-15 03:00:05,2004,38,0,120.0,120.0,0.0,0
LTKWDw7IRjI,UCcvKf8NxAw9i09hZw1MQPBQ,2026-08-15 11:00:38,110591,2148,1317,119.99,120.24,0.01,0
LTQ4CWHS6gI,UCmcBe97VA2LqVEQUeeZl6Ew,2026-07-30 09:11:07,146648,834,222,119.82,120.07,0.07,0
LTZV1fcH3IU,UCYooECrv-fIXlPaDwEIaveA,2026-08-25 09:00:37,28736,588,9,120.0,120.0,0.0,1
LTheH7Jhs0M,UC6YqXiwCBfPvPTs3wXgWElQ,2026-08-31 10:11:57,1412,3,0,119.81,120.06,0.06,1
LTwcLzw2NeM,UCe0loHR-Vltq0GPHgYyzmrQ,2026-08-14 01:00:13,554,7,3,120.0,120.0,0.0,0
LTyBnOTpF5U,UCQhIdo5nRQY9DB3uo7vawtw,2026-08-01 06:04:21,701,23,5,119.93,120.18,0.07,0
LTzeM4xeXWY,UC_Xb6sEXAdNv9nHU4988vmg,2026-08-13 10:00:22,9854,,0,120.0,120.0,0.0,1
LUEbkoWbuoA,UC027x98NgUBw9K4aPT8k0mg,2026-07-16 12:00:04,9410,106,38,120.0,120.0,0.0,0
LUPspMKm7JE,UCV7WE8I_UiAN0fa6Arezx_w,2026-08-07 08:00:31,37,1,0,119.99,120.24,0.01,0
LUQE8Wy-ofo,UCPsZX-D7LW99PjZLA-UysPQ,2026-08-31 12:00:07,9161,17,17,119.76,120.01,0.01,0
LUT7vmlFJwo,UCK1aVlIbEBrdhv-gbSgGIkQ,2026-08-05 11:11:28,179,8,0,119.81,120.06,0.06,0
LUgHMg25LYU,UCgLFbrC7-g0ihBKB0obVPTg,2026-08-30 23:30:23,2353,25,0,119.76,120.01,0.01,0
LUopNBjVeyE,UCgLFbrC7-g0ihBKB0obVPTg,2026-08-17 15:12:59,276,8,0,119.79,120.04,0.04,0
LUujJsuHeHg,UCpX86JOUhnrzG7MK8e8Gjbw,2026-08-20 09:20:51,39043,273,174,119.91,120.16,0.09,0
LV4xt6KU1Q4,UC6YqXiwCBfPvPTs3wXgWElQ,2026-08-04 02:30:34,1351,15,2,119.99,120.24,0.01,0
LV9E_Hl1BJM,UC0PMQXAwF6O6aeTpv962miA,2026-08-17 17:30:15,95453,1025,190,120.0,120.0,0.0,0
LVKkVxRTmBg,UCF5RrlbsxJjAVLWgOCoNHMg,2026-08-05 23:46:39,15082,247,8,119.98,120.23,0.02,0
LVOcAX0QhQ8,UCeG0ONJtjwE20ThR5iSYdsA,2026-08-25 07:00:17,160581,1764,50,119.76,120.01,0.01,1
LVXvEnFeXBg,UCe-7GwWL1XNlCJyfqBhgrHA,2026-08-22 06:55:05,25942,1115,22,119.84,120.1,0.1,1
LVkhypA69fo,UCYGF_xk5RDpltyZDSx040uw,2026-08-17 12:05:37,64980,723,17,119.91,120.16,0.09,1
LVn8-loP390,UCA9f2-9fUklMMOaz8vKW7Jw,2026-08-18 13:46:48,56,5,0,119.98,120.23,0.02,0
LVoo98URm7k,UCAl4HWznMn7KhKBRFO5eiFA,2026-08-05 09:54:56,12857,74,1,119.84,120.09,0.09,1
LVopGS5p9t0,UCpn9dP1b5BhBsU9SduEz1hA,2026-08-18 12:30:04,8958,92,8,119.76,120.01,0.01,1
LW56lxXYwWg,UCcHVk5SFxfYhCbbX8pWWuVg,2026-07-22 09:00:08,28204,272,182,120.0,120.0,0.0,0
LW7eFYyHePc,UCV7WE8I_UiAN0fa6Arezx_w,2026-08-10 11:00:03,19,0,0,120.0,120.0,0.0,0
LWBHF_hgTRs,UCrGNa63AQ-rcINIoE_UqdxA,2026-08-01 18:07:09,43,2,20,119.88,120.13,0.12,0
LWCBwYpgUAc,UCbeQg95cAxVRsxxh6FyilxA,2026-08-29 05:47:35,50586,54,12,119.97,120.23,0.03,1
LWDqvf0gVto,UCMpvRMwoq_WmradKdysk6Cg,2026-07-10 09:00:38,51144,566,46,119.75,123.61,0.25,0
LWTB5FDCFVQ,UC9nWoDbRAl3-fvreBNeStKQ,2026-08-30 08:15:33,138348,635,160,120.0,120.0,0.0,0
LWX93nFvi0o,UCKrprPfevcAZpPuRnCO6xOA,2026-08-10 14:19:14,40,0,0,119.93,120.18,0.07,0
LWoLB7lU5RA,UCi8fe6P0_tLeZ1r31wOydvw,2026-07-25 04:00:07,5092,32,6,120.0,120.0,0.0,0
LX49M9t9VR8,UCV6mNrW8CrmWtcxWfQXy11g,2026-07-31 14:00:03,223253,6985,50,120.0,120.0,0.0,1
LXATAxr-Dsc,UC6fx3aU3i3C51oXwXm8idTQ,2026-07-27 14:17:55,3,0,0,119.95,120.2,0.05,0
LXRJsrJFj5c,UCdF0eCyf5np3lPO4y1fJVdw,2026-08-23 03:00:28,8904,174,15,120.0,120.0,0.0,0
LXTgrjuy6sU,UCab17MxxnFtAhGsJVTkSkCg,2026-08-15 20:46:57,440,10,0,119.97,120.22,0.03,0
LXxzPZDE-yA,UC2NFRq9s2neD_Ml0tPhNC2Q,2026-08-31 03:00:38,66270,1112,36,119.75,120.01,0.01,1
LYGHLQQ3QIA,UCJj2vuQIpFnk5pbTAtCi3yw,2026-08-22 02:11:40,28596,472,90,119.82,120.07,0.07,0
LYNOdzU7q74,UCKUUL3fMVvYVZdGkKhhjP0A,2026-08-06 03:00:46,112511,2232,58,119.99,120.24,0.01,1
LYOIsBO2Sxk,UCSzHok6X5qXEO7cjvVnE62g,2026-08-12 08:00:07,50410,238,74,120.0,120.0,0.0,0
LYOq5g5guyg,UC0FUMakBJHsRrfKCGQuWnRA,2026-07-25 10:48:56,50721,349,707,119.94,120.19,0.06,0
LYSMuhfSqhU,UCSzHok6X5qXEO7cjvVnE62g,2026-08-06 08:00:35,52858,264,38,119.99,120.24,0.01,0
LYV85YXze2U,UC2yOBpLVwB7kzt9C5ZPbB7w,2026-08-31 13:00:20,37954,445,45,119.76,120.01,0.01,1
LYVtwUPh5n0,UCab17MxxnFtAhGsJVTkSkCg,2026-08-30 21:07:41,2998,20,2,119.89,120.13,0.11,0
LYaw36LFI4o,UC4VWaR3R17Ruc7j1Cy1-PKQ,2026-07-19 06:40:30,192,3,0,119.83,120.08,0.08,0
LYnW1bKFKcw,UCNNR1-x2NhZARsNGnQlh2sQ,2026-08-24 07:00:02,78919,139,5,119.76,120.01,0.01,1
LYood5nBglM,UCFrKhWvZ8oeJQTNP5ZabgJw,2026-07-30 07:00:18,629809,5311,637,120.0,120.0,0.0,1
LZ6HnsoxXkc,UCcstDLbuhxEbFKkPZ6wST2A,2026-08-29 03:00:04,71394,157,54,119.76,120.01,0.01,0
LZPLGTW2zu0,UCM81CAJ2_Y42-bvK1OQnAAA,2026-07-18 14:54:12,87213,779,676,119.85,120.1,0.1,0
LZWKg3ycip0,UCR1ctqL11HoxQkbSkoUAYeA,2026-08-31 08:58:24,352994,948,243,119.79,120.04,0.04,0
LZdahPkl0C8,UCS-X1uBDTNwAYyydiXjcX9A,2026-08-19 07:00:36,752,21,3,120.0,120.0,0.0,0
LZopn5pYm8Y,UC_yxsHiFh1_j174x4AxICSg,2026-07-20 07:00:03,132208,2001,33,120.0,120.0,0.0,1
LZxKLecukaY,UCJDXc9JWCZo-nLNKr_-L2Ng,2026-08-27 11:00:21,4671,79,4,119.76,120.01,0.01,0
L_9Rim51GLg,UC2t5bjwHdUX4vM2g8TRDq5g,2026-08-03 17:00:11,66379,1872,79,120.0,120.0,0.0,0
L_FpPG4gvzI,UC08-hQbwh7eyr8PlaYG2-sQ,2026-08-11 10:00:31,18295,240,86,119.99,120.24,0.01,0
L_Nex4IinxE,UCby0vMKcLR05ZdS90aZd5og,2026-07-22 03:46:08,8523,14,2,119.98,120.23,0.02,1
L_U5E0DOcpU,UCeiDuGZqWT4iiIXRTfhM3qQ,2026-08-09 08:11:59,5774,155,5,119.8,120.05,0.05,0
L__BDkTSYQE,UCzSODDx0zQF3nxXOZISCm_w,2026-08-09 13:30:26,336,0,0,120.0,120.0,0.0,1
L_fgxC4n0-o,UCk1NTIlGP27bQEumkw6sDVA,2026-08-23 09:00:33,16801,195,29,119.75,120.01,0.01,0
L_m5kPPWMlM,UC72PuhDwKtZ5MikpGNhPAtA,2026-08-13 13:48:17,48309,1241,18,119.95,120.2,0.05,0
L_mS6D1wbtw,UCaN3tSrrzIrXSDonEe7LK9A,2026-08-17 08:00:08,594,20,13,120.0,120.0,0.0,0
L_or9sG_FWY,UCuXE-MdbuaZcPt_2J2kSsSQ,2026-08-30 06:55:24,9,0,0,119.84,120.09,0.09,0
La1IlG5J0qE,UCfq-5-0b5Lzj7cKCrp6-flA,2026-08-15 08:00:01,15097,420,42,120.0,120.0,0.0,1
LaM1No-TI2E,UCepHesz_5Lwr7qRaqjB-p1A,2026-08-25 06:00:39,51942,982,219,120.0,120.0,0.0,0
Laj6Re-ZT0k,UCAl4HWznMn7KhKBRFO5eiFA,2026-07-24 15:17:38,12305,121,9,119.96,120.21,0.04,1
LamCNB86Rdc,UCcum1rCJ5GJeQ_xv0xrohqg,2026-08-08 04:00:05,54077,2143,143,120.0,120.0,0.0,1
LarUTgW4aEs,UCpn9dP1b5BhBsU9SduEz1hA,2026-08-24 16:45:21,24861,382,31,119.75,120.01,0.01,0
ODsh3BOmNSA,UCMAfHuocszM6UTORPwUmeNw,2026-08-04 15:59:16,18601,321,0,119.76,120.01,0.01,0
OE0n8lMDAHQ,UC2ja61Zku_rw3ZBfDZi8cuQ,2026-07-27 01:00:36,31733,156,14,119.99,120.24,0.01,0
OE2_Ge19FPA,UCYJDUekoQz0-bo8al1diLWQ,2026-07-17 08:55:01,373492,5816,1019,119.84,120.09,0.09,0
OE45tw--AWk,UCH29Gz8a6veRLqUxzjBXHrQ,2026-08-30 09:15:31,49701,956,58,120.0,120.0,0.0,0
OE83rQfQneI,UCtVBI7YLJyDvrx7iWAukx_Q,2026-08-11 02:00:12,86210,4153,268,120.0,120.0,0.0,0
OEAHsIOUb8o,UCIxcZWLQpP-mUZC6_Uljc_Q,2026-07-24 14:49:25,14280,76,37,119.93,120.18,0.07,0
OEBpdGP2BQ4,UC0aKwoKNeqBaUwiEXmkQaGQ,2026-08-18 10:30:36,50860,1116,284,120.0,120.0,0.0,0
OEBvBNZXEBg,UCw1DsweY9b2AKGjV4kGJP1A,2026-08-01 08:00:38,178976,981,55,119.99,120.24,0.01,1
OED2_mYPHmw,UC0aKwoKNeqBaUwiEXmkQaGQ,2026-08-31 05:00:08,599325,8321,375,119.76,120.01,0.01,1
OEZKC60NZdE,UCwlUB3goOsh4tpqZKIzUAbA,2026-08-03 10:02:22,17098,258,221,119.96,120.21,0.04,0
OEfjIfWe3Y8,UCD8r5Jgns2V64-NcUmXclpg,2026-08-24 03:15:20,58063,289,40,119.76,120.01,0.01,0
OEoRsakn8Q8,UCarBV0zWlC2k-HteyeKqfag,2026-07-29 22:26:48,384,34,0,119.81,120.06,0.06,0
OEyU--g9feM,UCt8CJiye87FMbEwt0npPMuQ,2026-08-22 13:15:38,11129,330,16,120.0,120.0,0.0,0
OFcrqm4nN4Q,UCV7WE8I_UiAN0fa6Arezx_w,2026-08-03 18:00:30,52,0,0,119.99,120.24,0.01,0
OFdfHwMRYtI,UC2yOBpLVwB7kzt9C5ZPbB7w,2026-08-14 07:00:37,72910,915,33,119.99,120.24,0.01,1
OFhMgrZzpps,UCX11f6rIVaoWGvFnKKyPBNQ,2026-08-31 20:52:50,8728,178,0,119.88,120.13,0.12,0
OG46eKkDof0,UCdQHEqTxcFzjFCrq0o4V7dg,2026-08-27 00:38:03,46959,1663,187,119.88,120.13,0.12,0
OGA-V4VA8-o,UCvPDPTxTLitVEyGu4Xt6m8g,2026-08-08 10:54:08,24633,75,2,119.85,120.1,0.1,1
OGExlj1JtlE,UCuZ862fZel1gq9RAf_OkvqA,2026-07-31 14:19:23,4875,54,1,119.93,120.18,0.07,0
OGMhhQiEIDI,UCqlcSsDNMYxEsem7bWY-66Q,2026-08-21 16:26:22,13265,396,1,119.82,120.07,0.07,0
OGyDBQCn-f0,UCcoJiq6MyAqJeo3urxjDqrg,2026-08-15 16:45:29,48,1,0,119.75,120.25,0.25,0
OHAb_9AGP48,UC9qwDE50UcXvdplRNZKEoPA,2026-08-19 12:25:44,2793,46,20,119.83,120.08,0.08,0
OHFyCcCgFCc,UCgeazIBHz3JS7ft7_nyj-0A,2026-07-26 08:00:20,25589,119,19,120.0,120.0,0.0,0
OHTIs62NRX8,UCQfd-b9GRBrUP0-wCqabLTA,2026-07-11 17:29:11,22444,95,6,119.76,120.01,0.01,1
OHYa8YGi420,UCG3uX-OwJ82T3L3EhC3GPXA,2026-08-10 02:00:35,5086,177,45,119.99,120.24,0.01,0
OHaaGMAsS6U,UCNmN3W2H0r5_hV2drzbEn7Q,2026-08-12 10:57:57,8931,74,11,119.79,120.04,0.04,1
OHgkz1UUqZs,UCBo7GIv99qTzHaa6ip09YLA,2026-07-31 08:00:14,7559,140,12,120.0,120.0,0.0,0
OHlACYbTPSk,UC5ThQKdocwo_9UurfT5P_ww,2026-08-10 11:37:32,305626,3774,136,119.88,120.13,0.12,1
OHnXxB5iR6A,UC9nWoDbRAl3-fvreBNeStKQ,2026-08-02 17:35:12,6252,121,15,119.92,120.17,0.08,1
OHuWR-DBzEg,UC6YKLXN1w8pyqFwCO0UJ9sw,2026-07-29 03:00:28,397411,9254,144,120.0,120.0,0.0,1
OHzF0-OwrsE,UCCd3jyJmOFzkJEMj5Bp89rw,2026-07-31 16:08:14,13399,573,34,119.87,120.12,0.12,0
OI1IH18STv0,UCJA6MZLzTeljmGNFaugdoWQ,2026-08-26 07:00:39,2267,6,8,120.0,120.0,0.0,1
OI2OtVl7Uhs,UCw1DsweY9b2AKGjV4kGJP1A,2026-08-01 08:00:26,100188,632,90,120.0,120.0,0.0,0
OIDpftUcSMg,UC_E_qYfGKM3C0kqrp1p8z7Q,2026-07-31 17:00:20,405,7,1,120.0,120.0,0.0,1
OIMMUu8KFlE,UCJDXc9JWCZo-nLNKr_-L2Ng,2026-07-25 18:00:00,10508,158,2,120.0,120.0,0.0,0
OINrG_66F2I,UCZ-UuK86Bk5sGzQQ2cEglJQ,2026-08-04 08:30:18,122860,1890,54,120.0,120.0,0.0,0
OIVhoP4QdVI,UCaCFlaIQAmiU_mLnZq5E-tA,2026-08-09 11:00:16,622,17,13,120.0,120.0,0.0,0
OIxzZI3tVow,UCFHUplScMiWTjJrtv4hxWmg,2026-08-31 11:52:51,55898,249,61,119.88,120.14,0.12,0
OJ3aizbYMUg,UCe-7GwWL1XNlCJyfqBhgrHA,2026-08-17 09:33:43,9512,543,54,119.94,120.19,0.06,0
OJbPzr9CBUs,UC2U8C7lmbQpfBeAW8fTP_jg,2026-08-08 06:06:03,41480,821,95,119.9,120.15,0.1,0
OJbr3JotrFA,UCBidluUUxzT_5jVOI_2x2MQ,2026-08-08 03:00:19,983,10,0,120.0,120.0,0.0,1
OJhBgfQrXgY,UCeG0ONJtjwE20ThR5iSYdsA,2026-08-18 00:45:06,41148,584,86,120.0,120.0,0.0,0
OJqsr9YHZHQ,UCpwGBltfwjd_fIzp5cb5R0w,2026-08-05 00:30:23,287102,4536,188,120.0,120.0,0.0,1
OJrCB69ZE0c,UChfs1dQ5phBDBWZJ1hHLbUA,2026-08-07 09:00:14,6010,70,16,120.0,120.0,0.0,0
OK60nIxpjAU,UCp9skQ2mP_DfVL8c3gZQUzg,2026-08-31 05:45:51,26611,120,16,120.0,120.0,0.0,1
OKAJomspJO8,UCY_vDlvG-BTDRIOk_I9QQ6g,2026-08-16 13:56:56,5008,50,3,119.8,120.05,0.05,0
OKU5iuFe7mQ,UC_9W6Z5Y3lDpLk47Y_y5ITQ,2026-07-27 01:14:43,36385,374,37,119.76,120.01,0.01,0
OKcxsSw6bPU,UCfq-5-0b5Lzj7cKCrp6-flA,2026-08-21 12:00:25,43386,766,57,119.75,120.01,0.01,1
OKdh9W1dhUo,UCl402YYy7RcH7PBI3npmGPQ,2026-08-02 03:00:40,166464,1015,284,119.99,120.24,0.01,0
OKs_M4RUrMY,UCTUnpbuKoOODvhLhCO_kO_A,2026-07-27 08:00:08,716,11,3,120.0,120.0,0.0,0
OKvX3hE6REw,UCwBkHOTyu57NQi0syf5MLig,2026-08-16 02:00:06,518229,5902,37,120.0,120.0,0.0,1
OL5PSD8Qscg,UC0PMQXAwF6O6aeTpv962miA,2026-08-13 17:00:30,12587,503,49,119.99,120.24,0.01,0
OLIB19ucTvo,UCS2OAdHoLt-9T6cG9A2H49Q,2026-08-05 03:00:02,17360,177,59,120.0,120.0,0.0,0
OLKFATXW50w,UC-2JsFNClcIesgd7UmtGnpw,2026-07-31 06:45:19,57455,2149,50,120.0,120.0,0.0,1
OLLs8P6wRM8,UCrGNa63AQ-rcINIoE_UqdxA,2026-08-12 00:41:41,19,1,0,119.81,120.06,0.06,0
OLnBiiXpxEE,UCElXDMEQqlUnuyDbChjARWQ,2026-08-24 11:59:57,1003,2,0,119.76,120.26,0.24,0
OLy4sKWb56E,UC7nIK3KpkhbGee5K_sVBscQ,2026-08-05 19:30:28,4465,59,25,120.0,120.0,0.0,0
OLyd5DjLyXE,UCGfi102cvQxv_9uXMwiB9eg,2026-08-10 14:18:04,1610,5,0,119.95,120.2,0.05,1
OLzS_Cymkyw,UCAVR6Q0YgYa8xwz8rdg9Mrg,2026-08-11 04:01:18,69524,4201,27,119.98,120.23,0.02,1
OM6WQmDrBNA,UCw1DsweY9b2AKGjV4kGJP1A,2026-07-12 06:33:27,11450,146,33,119.94,120.19,0.06,0
OMLHf_-v39c,UCPGl9DV2WUgaqGVXtVrhJWQ,2026-08-05 02:13:13,2,0,0,119.78,120.03,0.03,0
OMg10uLSQuc,UCwBkHOTyu57NQi0syf5MLig,2026-08-01 00:00:35,787498,5800,162,119.99,120.24,0.01,1
OMgoPDPrKtg,UCYGF_xk5RDpltyZDSx040uw,2026-07-14 05:42:19,75706,799,20,119.8,120.05,0.05,1
OMjXT1qZStU,UCnCeDIkExSpULGqmpj5oafg,2026-08-29 15:00:25,8731,64,17,119.76,120.01,0.01,1
OMvBIhXjOzs,UC8Xz3BKjDvQk7lKhH7Hi9nA,2026-07-30 02:15:25,11166,66,21,120.0,120.0,0.0,0
ON9Qhx8TBBM,UCOTJtP0Z9DjpPU43B5m1V6A,2026-08-14 02:30:23,102822,1174,237,120.0,120.0,0.0,0
ONE0koQS150,UCV6mNrW8CrmWtcxWfQXy11g,2026-08-31 06:00:27,213004,9133,139,119.75,120.01,0.01,1
ONKW6ap_HyU,UCab17MxxnFtAhGsJVTkSkCg,2026-08-15 10:08:52,546,11,0,119.86,120.11,0.11,0
ONNxPzip5A0,UCBmAvrPyyiohq552LjQvPww,2026-08-03 09:15:31,10196,125,11,119.99,120.24,0.01,1
ONi-mYr84uY,UC4VWaR3R17Ruc7j1Cy1-PKQ,2026-08-28 08:21:38,144,3,0,119.9,120.15,0.1,0
ONkjzUOU4j4,UC_8GOc5dWX2Kpb74_nQ7vSQ,2026-08-04 11:30:29,168912,7797,83,119.99,120.24,0.01,1
OO1S6MMStZ4,UC1sELGmy5jp5fQUugmuYlXQ,2026-08-15 15:00:05,2320507,89518,1926,119.75,120.25,0.25,1
OOBGauYH-kc,UCw1DsweY9b2AKGjV4kGJP1A,2026-08-08 08:01:28,20313,101,28,119.98,120.23,0.02,0
OOCXm-n55gA,UCWWbq-bWMCC3eCaGjdyU10w,2026-08-13 08:07:53,36128,655,19,119.87,120.12,0.12,1
OOIBsGErySI,UCN7FA8FwikP2p5Vrs5kiivw,2026-08-04 21:00:08,29729,481,20,120.0,120.0,0.0,1
OOULEhiT0_w,UCpX86JOUhnrzG7MK8e8Gjbw,2026-08-08 04:07:07,21183,148,125,119.89,120.14,0.11,0
OOfxi9wRr2A,UCN5oT4zGJX-_H6pE5isAEeg,2026-08-11 09:35:40,36054,596,31,119.91,120.16,0.09,0
OOlDGxKpgqg,UC-8S20Ll1gzPiu_YY8BgyaQ,2026-08-11 08:34:48,46158,508,17,119.92,120.17,0.08,0
OOxhsXrd4IM,UC9M8GGVwPqc9ubNruArCNPg,2026-08-17 13:00:14,90132,2024,549,120.0,120.0,0.0,0
OPGSnoQkpXc,UCFCt5RYu41HTg4eX1jdHNxw,2026-07-31 01:09:32,11620,37,2,119.84,120.09,0.09,0
Qw-f6waWXZY,UCQDGJQe8X9tbk_i8Na3VVXg,2026-08-09 07:30:29,665,17,4,120.0,120.0,0.0,0
Qw1oCTCvzDo,UCJ_skdHPp19J9qGsgXxjMnA,2026-08-08 08:00:13,29374,205,19,120.0,120.0,0.0,1
QwFcwjdcBRg,UCPI40-XQA9-GBGj2k8PPqfg,2026-08-14 08:50:12,78242,1248,101,119.92,120.17,0.08,0
QwVg8CO635Y,UCV7WE8I_UiAN0fa6Arezx_w,2026-08-30 14:00:22,385,0,0,119.76,120.01,0.01,0
Qwes7Hcyj-c,UC699Y51pMl0wWLPA4atcZjQ,2026-08-12 08:30:24,6976,171,36,120.0,120.0,0.0,0
QwnozAgCzJI,UCab17MxxnFtAhGsJVTkSkCg,2026-08-13 15:03:27,840,14,0,119.95,120.2,0.05,0
QwnyB4wvFiI,UCkcaRxpTcisadUeCbHOYTFw,2026-08-14 12:01:49,9205,128,3,119.97,120.22,0.03,1
Qwv-MmwT9vw,UCV7WE8I_UiAN0fa6Arezx_w,2026-07-30 22:00:04,49,0,0,120.0,120.0,0.0,0
Qwyt2Akjp1U,UCms8Ge7H1ZGgw6nV94fUhUQ,2026-08-25 09:00:15,1649,22,3,119.76,120.01,0.01,1
Qx2_wDF-iq0,UCby0vMKcLR05ZdS90aZd5og,2026-07-29 05:48:11,16098,12,2,119.95,120.2,0.05,1
QxCB05V1z8A,UCw1DsweY9b2AKGjV4kGJP1A,2026-07-12 11:16:41,355462,1914,559,119.97,120.22,0.03,0
QxFy1PsfXyI,UCcgkgKhXT6QwdGj9Nr8PBcg,2026-08-12 07:55:54,92844,647,60,119.82,120.07,0.07,0
QxGoIKr50nQ,UCkavlo6q2XfO_MA9Q24wRvw,2026-08-03 03:08:44,98,1,0,119.86,120.11,0.11,0
QxXeKnW2W6s,UC2f8VfmEF2_0-rFN4RNHaNg,2026-08-11 04:01:12,31454,515,93,119.98,120.23,0.02,0
QxeB-7ttrkU,UCt8CJiye87FMbEwt0npPMuQ,2026-08-25 15:30:34,150829,3660,128,120.0,120.0,0.0,1
QxifRzFLKFY,UCbFzvzDu17eDZ3RIeaLRswQ,2026-08-05 12:32:37,739028,10936,1455,119.96,120.21,0.04,0
Qxm0a42YRPw,UCEuP8zMn3ln3ZqJa85dp9JQ,2026-07-20 08:45:01,16038,1037,14,120.0,120.0,0.0,0
Qxrn_FzY7XY,UCifCesg-EUkjKyQedaB3hRg,2026-08-13 23:51:42,2352,24,1,119.89,120.14,0.11,0
QxsBFT9yEO0,UChKYbZ9fSz8DMM6wU-t1lMQ,2026-08-30 05:00:07,181565,1400,33,119.76,120.01,0.01,0
Qxy7y3FUayg,UC4P7F8qenDo1O_5NvgBb_cg,2026-08-18 02:30:30,70999,737,100,119.99,120.24,0.01,0
Qy5Vt9gEMuU,UCqIwPYLfMd3EoWYwvyTjPnA,2026-07-19 06:58:34,6577,66,3,119.78,120.03,0.03,0
Qy65mBcfbn4,UC07QfC3yXeYr2SfIL6WXpOw,2026-08-23 15:52:13,7359,60,36,119.89,120.14,0.11,0
QyDM-Hw5JZs,UCBidluUUxzT_5jVOI_2x2MQ,2026-08-23 08:00:25,453,1,2,119.76,120.01,0.01,0
QyIzgPYhwsY,UC-okJdotaXPlzivRzHFqzuA,2026-07-22 17:15:00,103709,2267,1,120.0,120.0,0.0,0
QyKqLIlqEbQ,UCbaRH9U2BEFwhJiodE3qTpQ,2026-08-07 08:59:23,28715,723,15,119.76,120.01,0.01,1
Qy_0l9hZyok,UCab17MxxnFtAhGsJVTkSkCg,2026-07-28 06:27:39,334,4,1,119.79,120.04,0.04,0
QycGOXWkBuo,UCV7WE8I_UiAN0fa6Arezx_w,2026-08-31 00:00:28,105,0,0,119.75,120.01,0.01,0
Qyhx6NyIfBk,UCoH2pCzAr6zWDG-LtUiLWRw,2026-07-31 23:00:26,63394,579,85,119.99,120.25,0.01,0
QykP9ddZSSo,UCvAetSOU_4lyjM5hVMNzN0Q,2026-07-17 11:27:33,16267,192,21,119.79,120.04,0.04,1
QzOxLRnWYlg,UCp6n8d8Y8r3MwKNw_MMaouQ,2026-07-29 18:23:58,60749,1924,38,119.85,120.1,0.1,1
QzRMh7k4krI,UCBtJuwDt6LlXp2YASC-ZMdA,2026-08-18 09:00:35,238,4,0,120.0,120.0,0.0,1
QzWu6d-pKW4,UCuWDza8A_ntbjwBZgW0ZSNw,2026-08-26 08:00:28,103615,1159,7,120.0,120.0,0.0,1
QzZeVcAklw8,UCXAXCxTCCYYKsLJNzEvjqfw,2026-08-02 22:38:20,27084,457,46,119.86,120.12,0.12,0
QzfCowR2UMs,UC_F-jhf8uO0fzrM7NQwvs3Q,2026-07-22 23:23:30,13,0,0,119.86,120.12,0.12,0
QzpxJuVc_kQ,UCV7WE8I_UiAN0fa6Arezx_w,2026-08-19 20:00:29,39,0,0,120.0,120.0,0.0,0
QzshxPhItXA,UCpX86JOUhnrzG7MK8e8Gjbw,2026-08-19 14:49:24,19125,61,1,119.94,120.19,0.06,1
QzvhkHLdMm4,UCZCZHg_oJiHcrcj2vaPRCag,2026-08-09 10:15:17,39,0,0,120.0,120.0,0.0,0
R-53TVkiC1k,UCkrNv6xF8j7QZmWb3UeAH8A,2026-07-30 09:41:38,2814,19,20,119.81,120.06,0.06,0
R-NILpziO9I,UCby0vMKcLR05ZdS90aZd5og,2026-08-07 04:55:57,7222,5,4,119.82,120.07,0.07,1
R-P71L6bt2U,UC8FErYSi74YwGUAoTpjvgzQ,2026-08-02 14:03:14,51811,641,62,119.95,120.2,0.05,1
R-_Vwmpo8sQ,UC3hqiw3lZAXaMwhQvMGZkdw,2026-08-01 13:15:28,3738,38,19,120.0,120.0,0.0,0
R-iQtFc6Juw,UCkd3KAYGnTNPJZZrPOFeWhA,2026-08-05 12:00:08,73443,249,76,120.0,120.0,0.0,1
R-oPfVcYZDs,UC6JB_a6rD1lZ_aZgQvORfrQ,2026-08-24 22:29:00,1369,30,4,119.78,120.03,0.03,0
R-pBDz1H0qg,UCZCZHg_oJiHcrcj2vaPRCag,2026-07-23 15:11:55,57,1,0,119.81,120.06,0.06,0
R-umnJgK9CU,UCPuD5ZRQWa_JCaY5NokNhtg,2026-08-21 09:12:03,1462,27,18,119.81,120.06,0.06,0
R-vzTWnKzwA,UC_9W6Z5Y3lDpLk47Y_y5ITQ,2026-08-12 21:03:46,21904,248,53,119.94,120.19,0.06,0
R-yM0pTwWac,UCNu00qhYj4nPeMNdxuwV6sg,2026-07-26 06:14:31,5521,6,2,119.76,120.01,0.01,0
R02JoVVzw1U,UC0PMQXAwF6O6aeTpv962miA,2026-08-18 18:30:37,80496,846,196,120.0,120.0,0.0,0
R0AdSZCPaIY,UCrY2B2XX41ReYh9DIWrFfCg,2026-08-18 09:56:25,3719,,18,119.82,120.07,0.07,0
R0F9jkQ7HbI,UCq0fwcojiA7ztN0FgTEgfXA,2026-08-20 05:54:08,70,1,0,119.85,120.1,0.1,0
R0OO-aBi7UU,UCSfhr4gDPFsKuwdmTOWp2jw,2026-08-25 09:30:05,3274,15,2,119.76,120.01,0.01,0
R0QD-HE2ewc,UCHeg3ApmuXQbqqszaD1fR9g,2026-07-11 14:46:39,59,2,0,119.97,120.22,0.03,0
R0QkJyUz8jI,UCwfbSsZ7_sccxcibe60mWlQ,2026-08-15 11:00:26,7191,30,6,120.0,120.0,0.0,1
R0SO3H7u5is,UChHxLcNi7e0zu-e33HM6v6A,2026-08-26 20:00:15,16510,58,15,119.76,120.01,0.01,1
R0YX7WwGCog,UCFHUplScMiWTjJrtv4hxWmg,2026-08-01 05:55:01,34931,266,40,119.84,120.09,0.09,0
R0gCbP1KV6M,UC0PMQXAwF6O6aeTpv962miA,2026-08-25 15:33:00,124032,934,168,119.96,120.21,0.04,0
R0te8ClBRYQ,UCjsqgRBvkn8XadWraSQxTKQ,2026-08-04 15:58:21,144,1,0,119.78,120.03,0.03,0
R18jF8rCD_c,UCV6mNrW8CrmWtcxWfQXy11g,2026-08-28 00:00:08,695339,17695,363,119.76,120.01,0.01,1
R1BI09eDpfo,UClWTMxooQefOLUV0TRcJ1Eg,2026-08-08 07:00:13,2131,132,21,120.0,120.0,0.0,0
R1MKmm8YY-Q,UCO8ToDSM2Gvt3EZdOdosxTw,2026-08-30 04:30:23,14011,61,69,119.76,120.01,0.01,0
R1ig56JgGy4,UCWwbZhw5M-Q5dZtTK4nDWNw,2026-08-15 03:00:11,53077,636,12,120.0,120.0,0.0,0
R1izlq08dDw,UCBW_PhuXoHk40xF6nO0Q64w,2026-08-26 22:56:03,11170,181,33,119.83,120.08,0.08,0
R2JrvRZRqE4,UCXtU-C_e2iBzPSq9oLXtbVw,2026-07-24 23:15:23,150,4,5,120.0,120.0,0.0,0
R2YOy7fzZyk,UCPv0av3PfTUeTnHGgcXkk8w,2026-08-25 00:00:20,9,0,0,120.0,120.0,0.0,0
R2bQ2PH7WgE,UCqFmG6ofirSWvI9B8mwzvyA,2026-07-23 07:00:17,581,14,0,120.0,120.0,0.0,0
R2pAgwB_VeE,UCby0vMKcLR05ZdS90aZd5og,2026-08-03 04:47:17,2851,5,0,119.96,120.21,0.04,1
R30dv5Xtr4g,UC1q4Ihlv_YhLELw-ijE0Diw,2026-08-22 12:00:31,202366,3580,230,120.0,120.0,0.0,0
R339lY0D5Vo,UC0PMQXAwF6O6aeTpv962miA,2026-08-11 18:00:06,24476,685,68,120.0,120.0,0.0,0
R34LBElPLP0,UCHJv9xBR9lkzGSIepie-T_A,2026-08-13 21:30:30,1033,31,3,119.99,120.24,0.01,0
R34lg-3IKXg,UCwBkHOTyu57NQi0syf5MLig,2026-08-09 03:00:18,115956,1036,81,120.0,120.0,0.0,0
R3JToKHE_d4,UC6YqXiwCBfPvPTs3wXgWElQ,2026-08-11 08:03:02,14695,54,2,119.95,120.2,0.05,0
R3M7uKZ0Yl8,UCdVIcHpdbEQc65xwAxc_owQ,2026-08-05 06:52:28,60,2,1,119.88,120.13,0.12,0
R3WABHPLKa8,UCWjfI3wnNOgQCTu2SijfgMg,2026-08-15 11:53:50,10308,272,28,119.86,120.11,0.11,0
R3sGvfe4buc,UC5ScPjbt-a97AJO7SBj6nAg,2026-07-26 08:30:02,157459,3313,514,119.75,120.01,0.01,0
R3vijBtb0-4,UCEuP8zMn3ln3ZqJa85dp9JQ,2026-08-24 08:45:19,9472,867,14,119.76,120.01,0.01,0
R4V5gp7cLd4,UC0FUMakBJHsRrfKCGQuWnRA,2026-07-31 15:17:12,141681,2904,20,119.97,120.22,0.03,1
R4YEcnxhSF8,UCd9oeoY-jLSkhd-J5y_1aYg,2026-07-22 04:53:56,292,3,0,119.85,120.1,0.1,0
R4clT_69ctM,UCSrQnB-Ip9hc0biFQ3HoKzg,2026-08-04 03:25:37,31219,1488,41,119.83,120.08,0.08,0
R4mTZdeiUhk,UCtGMgPWJNU2Aj-SNK0zg0Sg,2026-07-22 09:45:21,86674,471,48,120.0,120.0,0.0,1
R4uUmK7nnYY,UCSfhr4gDPFsKuwdmTOWp2jw,2026-07-17 09:30:19,25,2,0,120.0,120.0,0.0,0
R4xZRBUfAQY,UCV7WE8I_UiAN0fa6Arezx_w,2026-08-10 22:00:23,23,0,0,120.0,120.0,0.0,0
J55el7QA_f4,UCPuD5ZRQWa_JCaY5NokNhtg,2026-08-05 15:36:17,412,4,2,119.9,120.15,0.1,0
J56qSA9axbM,UCQDGJQe8X9tbk_i8Na3VVXg,2026-08-30 12:35:38,556,8,0,119.92,120.17,0.08,0
J5CPglp1hPw,UCPGl9DV2WUgaqGVXtVrhJWQ,2026-08-04 12:29:10,2,0,0,119.77,120.02,0.02,0
J5g-s_dAKFQ,UCFCt5RYu41HTg4eX1jdHNxw,2026-07-26 00:42:18,20554,141,25,119.8,120.05,0.05,1
J5ojU1EHFH0,UCV7WE8I_UiAN0fa6Arezx_w,2026-07-19 13:00:37,48,0,0,119.99,120.24,0.01,0
J5rM5oWX_0c,UCKHx_yf3dI2ajWAjXRJ_9Rw,2026-08-16 20:16:47,112078,1913,181,119.97,120.22,0.03,0
J5rRexfHzdo,UCkNUuK9EfixaK2HbJYZ5YrQ,2026-08-18 08:13:42,20978,785,33,119.78,120.03,0.03,0
J5x4g5MmshM,UC4VWaR3R17Ruc7j1Cy1-PKQ,2026-08-19 11:49:39,45,4,0,119.93,120.18,0.07,0
J5yHsKlQVfc,UCei_ecYpQqFjYhjLaDPr2Lw,2026-07-11 22:38:44,57,3,0,119.86,120.11,0.11,0
J6AsMU1zMp8,UC2OFe8XUEqDT3eJGO-0EDNQ,2026-08-22 22:26:17,192,6,0,119.82,120.07,0.07,0
J6LV0Sk7xko,UCXVVG5ZM3SJJCh94xatR8Dg,2026-07-16 03:00:39,5355,18,2,119.99,120.24,0.01,0
J6UV4-qTjlM,UCuWDza8A_ntbjwBZgW0ZSNw,2026-07-22 11:48:16,124708,2920,120,119.95,120.2,0.05,1
J6VjNR_6jLI,UCpcTrCXblq78GZrTUTLWeBw,2026-07-20 00:09:28,790180,11560,241,119.84,120.09,0.09,1
J6ZNffgbR3k,UCV6mNrW8CrmWtcxWfQXy11g,2026-08-21 00:00:31,83118,2236,32,119.75,120.01,0.01,1
J6lyc_H-DmA,UCo33r3SAf5z9MS-lrXV2aOQ,2026-08-24 07:30:23,170017,1463,114,119.76,120.01,0.01,0
J6u_Y7FfhzQ,UC0FUMakBJHsRrfKCGQuWnRA,2026-08-15 15:16:29,37233,268,384,119.98,120.23,0.02,0
J6xUkFaQO7E,UCnkytUgy0CtWd06up9CjNxg,2026-08-23 11:00:18,146278,2096,53,119.76,120.01,0.01,0
J6xWSpx55-o,UCV7WE8I_UiAN0fa6Arezx_w,2026-08-20 11:00:38,29,1,0,119.99,120.25,0.01,0
J7DZOrCndPQ,UCEcRvF_6IRSux8FO-ogFZug,2026-08-04 17:10:47,16367,536,16,119.82,120.07,0.07,0
J7DkOqXIXmg,UCqlcSsDNMYxEsem7bWY-66Q,2026-07-30 09:03:18,6427,171,13,119.95,120.2,0.05,0
J7Ms9rFv6Ps,UCpTNtH8yc1Kdl_YFfsQsTYA,2026-07-24 07:47:56,14364,37,0,119.96,120.21,0.04,0
J7Tgo3I7t4Q,UCV7WE8I_UiAN0fa6Arezx_w,2026-08-23 05:00:14,24,0,0,119.76,120.01,0.01,0
J7bYZt5H_vQ,UCFCt5RYu41HTg4eX1jdHNxw,2026-08-06 23:41:31,16082,66,8,119.81,120.06,0.06,0
J7f51SF5Yu4,UC2NFRq9s2neD_Ml0tPhNC2Q,2026-08-15 02:30:11,365289,10517,158,120.0,120.0,0.0,1
J7f7kGL3SOo,UCgjaQlejpAnIu0q-xtVfTEw,2026-07-29 09:00:06,56640,1288,23,120.0,120.0,0.0,1
J7iOXgpIHPU,UCGW76VChAJKee9kYzvyoycQ,2026-07-23 09:00:30,3201,111,18,119.99,120.24,0.01,0
J7iSJenODns,UCE-6-bWkikwoP4_ooZNep3g,2026-08-17 22:00:05,3414,162,9,120.0,120.0,0.0,1
J7j9TIOLv-Y,UC1sELGmy5jp5fQUugmuYlXQ,2026-08-11 15:00:37,725753,31441,836,119.99,120.24,0.01,1
J7lmSBMYswg,UC8E29ANOC3_OuB7_5EPY2xw,2026-08-24 12:13:46,597,1,0,119.53,120.03,0.03,1
J7mX8k8kqqI,UC3hCAmwyYNgRuOOSFV7evVA,2026-08-30 09:15:02,49969,150,15,119.77,120.01,0.01,1
J7tnfV5kexk,UCOLDn9gw0yegXRgjoi5MzNQ,2026-08-31 17:44:44,624,16,8,119.77,120.02,0.02,0
J7zHsfDHUEw,UCOTJtP0Z9DjpPU43B5m1V6A,2026-08-27 05:00:23,238456,1655,39,119.76,120.01,0.01,1
J81fWo64d5w,UCkrNv6xF8j7QZmWb3UeAH8A,2026-08-26 06:42:18,30798,94,7,119.81,120.06,0.06,0
J83NpIsnVn0,UCMF3M48BakI-ptofqoUqdAA,2026-08-16 18:27:25,28268,432,87,119.8,120.05,0.05,0
J8Sm_j05hns,UCkavlo6q2XfO_MA9Q24wRvw,2026-08-02 03:30:28,1679,4,2,120.0,120.0,0.0,0
J8eLvDcyNgY,UCgLFbrC7-g0ihBKB0obVPTg,2026-08-21 15:37:35,63,2,0,119.88,120.13,0.12,0
J8ejcOGk044,UC8a9-ubjMyQkDH9Jr8EX0JQ,2026-07-15 07:09:20,76,1,0,119.85,120.1,0.1,0
J8sOMfCvIKo,UCby0vMKcLR05ZdS90aZd5og,2026-08-27 18:00:38,3074,7,0,120.0,120.0,0.0,0
J9ECVkXvEmA,UCdb5lyq0tWbY3jqH35SufmA,2026-07-31 22:30:03,20042,131,47,120.0,120.0,0.0,0
J9OBMKfmCGM,UCirJgPv8RtFaFMj39b6cD8Q,2026-08-07 09:00:33,17311,154,9,120.0,120.0,0.0,1
J9VwDnXmkuo,UCgLFbrC7-g0ihBKB0obVPTg,2026-08-29 16:02:35,1529,18,1,119.97,120.22,0.03,0
J9Xpn7DXIJg,UCdK9h1ILxS49c2LguBUY3rw,2026-08-15 11:45:23,8,2,0,120.0,120.0,0.0,0
J9gTI_r2yyQ,UCSfhr4gDPFsKuwdmTOWp2jw,2026-07-21 09:30:31,68,3,0,119.99,120.24,0.01,0
J9lDzFU5BAA,UCwBkHOTyu57NQi0syf5MLig,2026-08-31 10:30:32,242337,1493,55,120.0,120.0,0.0,1
J9m1Y-RTKz0,UCPN9TrChCye1s97iEUOsIeA,2026-07-28 12:47:11,173,4,1,119.97,120.22,0.03,0
J9pMkJ3ypz4,UCt8CJiye87FMbEwt0npPMuQ,2026-08-29 13:30:02,79755,982,85,119.76,120.01,0.01,0
J9qOx0oH2QU,UC4cKHOBS-nRfKFTwf1n8HGA,2026-08-16 00:57:42,1704,,1,119.79,120.04,0.04,1
J9raVj1AtGA,UCRE-9quk3OT2OKgZFAgdN_g,2026-07-31 12:04:03,20600,147,29,119.94,120.19,0.06,0
JAA5WfSlec0,UC-aXNBQ6nwMNeW2V8XB7sBg,2026-08-07 03:00:31,807254,8878,40,120.0,120.0,0.0,1
JAE3dPBijQE,UCV7WE8I_UiAN0fa6Arezx_w,2026-07-30 13:00:19,66,0,0,120.0,120.0,0.0,0
JAedo8yht4o,UCtVBI7YLJyDvrx7iWAukx_Q,2026-07-29 02:00:27,111869,4018,405,120.0,120.0,0.0,1
JAhUtdrEqls,UCYooECrv-fIXlPaDwEIaveA,2026-07-11 09:00:22,93802,1600,16,120.0,120.0,0.0,1
JArvu8YP4zc,UC8E29ANOC3_OuB7_5EPY2xw,2026-08-25 14:34:58,1214,3,0,119.93,120.18,0.07,1
JBHpyMWQ80c,UCdtV_sB8WUWo-P_q3OwNfcw,2026-08-14 08:00:33,21040,61,7,119.99,120.25,0.01,0
JBX9cFrjG-0,UC9qwDE50UcXvdplRNZKEoPA,2026-08-10 08:00:20,26785,840,13,120.0,120.0,0.0,1
JBZ08ioUHbI,UCv1tOT645xHOJrwdGlzjMaA,2026-08-16 09:52:37,79015,1740,54,119.88,120.13,0.12,1
JC8e7IZnUd8,UCt8CJiye87FMbEwt0npPMuQ,2026-07-23 12:30:34,3480,216,10,119.99,120.24,0.01,1
JC8txxO3mwY,UCI3DTtB-a3fJPjKtQ5kYHfA,2026-08-28 00:38:56,2949,3,0,119.86,120.11,0.11,0
JCTGP_Rm0fY,UCNu00qhYj4nPeMNdxuwV6sg,2026-07-28 13:04:53,892,36,0,119.92,120.17,0.08,0
JCdum0yO7zA,UCraf4ugZTyvFY6AJ0VjIxFA,2026-07-31 15:53:20,2030,,0,119.86,120.11,0.11,0
JChfXsiVhFc,UCJoWNCiFuiN4eZnB80WUf4Q,2026-07-27 05:30:25,80355,898,209,120.0,120.0,0.0,0
JCl6ew_cS3g,UCybn_0S0Ec6Il1ZhiQM1Vww,2026-08-12 23:08:48,6247,18,4,119.86,120.11,0.11,0
JCsdglZw1es,UCVZ0SJNurJAv-6hV5VEGB2A,2026-07-28 01:15:21,603436,7527,63,120.0,120.0,0.0,0
JD0jhmAs-Tw,UCjnghZoZuL_U3AByO_oq7CQ,2026-07-27 05:30:19,83,9,1,120.0,120.0,0.0,1
JDIfM0qA_mc,UC_m_uqd_9s0hZvlgfvCzqbQ,2026-08-25 08:34:39,944,1,0,119.94,120.18,0.06,1
JDR1WQt88t8,UCV7WE8I_UiAN0fa6Arezx_w,2026-07-24 09:00:39,119,0,0,119.99,120.24,0.01,0
JDdnGXFYCFk,UCV6mNrW8CrmWtcxWfQXy11g,2026-07-26 09:09:54,17226,1174,52,119.84,120.09,0.09,1
JDqUTlXFjnA,UCGW76VChAJKee9kYzvyoycQ,2026-08-07 07:00:15,5664,79,27,120.0,120.0,0.0,0
JDzTNaC3JxA,UC8Xz3BKjDvQk7lKhH7Hi9nA,2026-08-06 05:13:36,5345,38,21,119.78,120.03,0.03,0
JE1oWYskzkU,UCKrprPfevcAZpPuRnCO6xOA,2026-08-13 05:30:34,21,0,0,119.99,120.24,0.01,0
JE5zVA1Z1iY,UCoSniqkitCpxlHrQd5L8A1w,2026-08-09 16:07:08,16706,54,6,119.88,120.13,0.12,1
JEF-cxRD5l4,UCIb0mO7d6_6WsPYDFLQZnTQ,2026-08-31 13:03:22,85,4,0,119.96,120.21,0.04,0
JEKTnm98qX8,UCzps05UZ7XpX3SFoFyYIDow,2026-08-14 08:34:56,8494,56,34,119.92,120.17,0.08,0
JEOHYjBCJxI,UCuwnt_REmD4YsCtFJRoqjFw,2026-08-21 02:54:58,61032,590,82,119.84,120.1,0.1,0
JEUihsreMIM,UCBY9rOZPo0fLE45mOV0s0cw,2026-07-16 13:09:23,224,1,0,119.85,120.1,0.1,0
JEYsVvBWhwc,UCIb0mO7d6_6WsPYDFLQZnTQ,2026-08-05 13:28:26,58,2,1,119.78,120.03,0.03,0
JEgKuIUTRd0,UCeB_ZeSo0xDL62wWlkTEtjA,2026-07-24 12:16:24,20541,148,63,119.98,120.23,0.02,0
JEkNVMmRS5o,UC2yOBpLVwB7kzt9C5ZPbB7w,2026-08-04 20:00:29,135693,1852,68,119.99,120.24,0.01,1
JElnLXnS_mY,UCRCK5FCJtomQT3b88jXI_DA,2026-07-23 09:00:28,285311,,,120.0,120.0,0.0,0
JF0n1ZTR-wg,UCwlUB3goOsh4tpqZKIzUAbA,2026-08-12 01:51:07,38720,462,628,119.9,120.15,0.1,0
JF1mA9UaD1s,UChHxLcNi7e0zu-e33HM6v6A,2026-08-18 03:30:56,11508,87,27,119.99,120.24,0.01,0
LauMi9y5TFc,UCKVt3arMXfa6XZezR1UnjqQ,2026-08-30 22:00:39,10176,42,5,119.75,120.01,0.01,0
LazD0FACp38,UCPGl9DV2WUgaqGVXtVrhJWQ,2026-08-15 15:00:36,0,0,0,119.74,120.24,0.24,0
Lb3FhQ2KZyw,UCMswODzU1ZjjrLyUk7NfwPA,2026-07-11 09:20:35,58615,612,16,119.91,120.16,0.09,0
LbTKWXSFe9A,UClHTjLVog7CkRF8tYJuNXXQ,2026-08-27 22:00:28,1066,17,0,120.0,120.0,0.0,0
LbYncVXvF4A,UC5Yx9RlmznXDUEIrfoSqheA,2026-08-25 14:02:21,21705,70,0,119.97,120.22,0.03,0
Lbcb-k429OM,UCNRnCc0hg3ZcKdOGXKKv5Ww,2026-08-24 09:15:05,21972,127,14,119.76,120.01,0.01,1
LbfXUzudLPs,UCz1Gc37nWsdF_jbJ_SvMl4g,2026-08-30 10:35:44,18476,113,12,119.92,120.17,0.08,0
LbkJB7y93fg,UCAtGPbK4AWmeoaREsNLLZhg,2026-08-12 09:26:49,21712,414,419,119.81,120.06,0.06,0
LbxE_FUuNMg,UCDbOXmGL7EkmOcnUb5Kki4A,2026-08-13 04:31:54,36224,416,307,119.97,120.22,0.03,0
Lc1DWGvBa98,UC4VWaR3R17Ruc7j1Cy1-PKQ,2026-07-15 22:40:07,138,3,0,119.83,120.08,0.08,0
Lc1vdM4iZtE,UCI6Ro_MOr36re4Bhb7nCY7g,2026-07-29 10:00:16,3424,26,8,120.0,120.0,0.0,0
LcAL6t8A_f0,UCXYNuWjnQRSAXCGl9gv8Ncw,2026-07-22 09:26:47,58469,765,158,119.81,120.06,0.06,0
LcIscCT8IlQ,UCi1Tln5CFg1yExpz8djyxjA,2026-08-30 17:07:43,508528,24974,165,119.89,120.13,0.11,1
LcNmyl7PtXw,UCzDmGDR5RdahQkLCBoWlTEg,2026-07-12 07:00:19,25402,218,2,120.0,120.0,0.0,1
LcPAcLOIJLI,UC5ScPjbt-a97AJO7SBj6nAg,2026-08-05 08:30:28,69013,1993,316,120.0,120.0,0.0,0
LcVN09QsHxU,UCY_vDlvG-BTDRIOk_I9QQ6g,2026-08-30 16:37:46,10044,30,6,119.89,120.13,0.11,0
Lcs-ZH9M-Mo,UCJDXc9JWCZo-nLNKr_-L2Ng,2026-08-23 18:08:44,4512,150,8,119.87,120.12,0.12,0
Ld2mREXqRWY,UC3_QWAvQRhPW4CDoQU8acKw,2026-08-27 08:56:17,56118,744,129,119.82,120.07,0.07,0
Ld5CCheScBk,UCDq6CfnZgtnqXEwG8tqvBfA,2026-07-22 14:00:08,39,1,2,120.0,120.0,0.0,0
LdJm_fNkbM8,UCuFguUhr9Wr0tFY85nDGk9w,2026-08-11 13:30:34,8651,42,13,119.99,120.24,0.01,0
LdO725Jzvto,UCKttwyzsHvW7bCo7YfTacVQ,2026-08-02 19:29:17,2496,21,0,119.76,120.01,0.01,0
LdRW9JAMlmY,UCBo7GIv99qTzHaa6ip09YLA,2026-08-13 06:30:09,12210,44,16,120.0,120.0,0.0,0
Ld_n1bMJMFk,UCJN5mgLqkPCTVC5v-12gKjQ,2026-08-21 14:00:36,7665,367,19,120.0,120.0,0.0,1
Ld_pKpzsHD8,UC-8S20Ll1gzPiu_YY8BgyaQ,2026-07-25 11:45:43,171354,1474,88,119.99,120.24,0.01,1
Ldjagqhi2Tw,UCcsC1X0SyiWcxBTbnjoZ9Ag,2026-08-09 04:00:24,9655,97,30,120.0,120.0,0.0,0
Ldz06sKRRPI,UCyoKcrOcBEY4rmLYkDuXErA,2026-08-08 09:00:16,92017,1094,29,120.0,120.0,0.0,1
LeAQrqlmhGs,UCPuD5ZRQWa_JCaY5NokNhtg,2026-08-19 01:04:07,933,17,12,119.94,120.19,0.06,0
LeLx-2I_0qs,UCCs1YZHxUTIbLZd-xrvvMCw,2026-08-08 09:15:18,266724,3933,186,120.0,120.0,0.0,0
LeUSL2C5t2Q,UCAl4HWznMn7KhKBRFO5eiFA,2026-08-26 04:00:26,14790,116,14,119.75,120.01,0.01,1
Lee7WZhfVUU,UC7hwQp3F6P_OwyRM14p88iQ,2026-08-02 01:14:32,2151,21,7,119.76,120.01,0.01,0
LeemjP-ljcg,UCQDGJQe8X9tbk_i8Na3VVXg,2026-08-12 09:07:11,185,11,0,119.88,120.13,0.12,0
Lef88YNlTKQ,UChHxLcNi7e0zu-e33HM6v6A,2026-08-29 10:00:24,125281,281,168,119.76,120.01,0.01,0
LekXWmcLMUc,UCL3ooD3l7KEqb85EBZSEkZQ,2026-08-05 09:00:25,20974,129,24,120.0,120.0,0.0,0
LemBpse7Xsc,UCgsKeCRaBGH6JlnH6VO_7OA,2026-08-27 18:20:53,345,1,0,119.91,120.16,0.09,0
LeniNzr7pkg,UCt8CJiye87FMbEwt0npPMuQ,2026-07-31 15:30:34,1548,33,9,119.99,120.24,0.01,0
Lf1uCp7Nmbo,UC1IUMdwaJ22A6FkPiI8dcig,2026-08-24 07:30:14,58943,1023,35,119.76,120.01,0.01,1
LfJrDmfdOmA,UCTizVc_OD9jdhWZOnrQnUeQ,2026-07-28 05:00:29,679,33,13,119.99,120.24,0.01,0
LfRWn1VJxQg,UCNu00qhYj4nPeMNdxuwV6sg,2026-08-11 07:31:45,623,8,2,119.97,120.22,0.03,0
Lfo49ZbV4WU,UCpcTrCXblq78GZrTUTLWeBw,2026-07-10 20:00:16,2374957,19270,684,120.0,120.0,0.0,0
LfoD8EVZok8,UCeB_ZeSo0xDL62wWlkTEtjA,2026-08-19 09:37:49,14038,116,40,119.88,120.13,0.12,0
LfpgzylvWNs,UCgWwo8FJL3MCxfd66ip7nFg,2026-08-13 09:25:19,69547,,71,119.83,120.08,0.08,0
Lfrpm776_dE,UCPuD5ZRQWa_JCaY5NokNhtg,2026-08-03 14:32:55,1112,11,11,119.95,120.2,0.05,0
LfwZy2q7ds0,UCQePzo3_oRB-6RAzBioc6pg,2026-08-25 22:59:20,5000,43,34,119.77,120.02,0.02,0
Lfwmlbg9ikY,UCGi94VU356EAvQLgODywyrA,2026-08-05 19:38:48,5743,113,0,119.86,120.11,0.11,0
Lg0wH0NyIJE,UCZJFaxsby9j3T6h0UVcCcCA,2026-07-30 11:31:52,89,3,0,119.97,120.22,0.03,0
Lg4ySiuBXRI,UCepHesz_5Lwr7qRaqjB-p1A,2026-08-01 02:00:19,42893,1016,357,120.0,120.0,0.0,0
Lg510JcB9qc,UC2yOBpLVwB7kzt9C5ZPbB7w,2026-08-27 13:00:15,44593,880,43,119.76,120.01,0.01,1
Lg7lrFn2N8M,UCDLDbittWhk2KXvaCT0YpZQ,2026-08-07 09:00:20,36441,1050,81,120.0,120.0,0.0,0
LgE7yMUXnSs,UCWwbZhw5M-Q5dZtTK4nDWNw,2026-08-01 03:00:16,81247,1254,9,120.0,120.0,0.0,0
LgFGP4kKfLs,UCV6mNrW8CrmWtcxWfQXy11g,2026-08-31 14:00:07,406614,15918,89,119.76,120.01,0.01,1
LgLoSaHl9v0,UCp6n8d8Y8r3MwKNw_MMaouQ,2026-08-05 12:59:21,11450,398,8,119.76,120.01,0.01,0
LgS7ww7Iy5s,UChKYbZ9fSz8DMM6wU-t1lMQ,2026-07-26 12:15:30,11706,229,7,119.99,120.24,0.01,1
LgjmcrDCuuY,UCMswODzU1ZjjrLyUk7NfwPA,2026-08-14 03:00:12,64906,908,23,120.0,120.0,0.0,0
Lgxt8KzDSkE,UCEg24oF81p-THPtp3otdmTA,2026-08-21 09:00:28,65654,1551,132,120.0,120.0,0.0,1
LhHseNt6icU,UC8a9-ubjMyQkDH9Jr8EX0JQ,2026-07-18 00:30:04,80,6,0,120.0,120.0,0.0,0
LhcuruLwWtw,UCNRnCc0hg3ZcKdOGXKKv5Ww,2026-08-09 03:15:37,4366,74,10,119.99,120.24,0.01,0
LhczzXWARA4,UC9otskL_kd-0CDib_5Lj-mQ,2026-08-31 11:00:02,31890,198,229,119.76,120.01,0.01,0
Lhix-Iov1dQ,UCaHIZAKows704_gk6bjdAog,2026-07-27 10:30:32,60000,591,240,119.99,120.24,0.01,0
Lho0PEx6Ang,UCBTsPtRCh6ln3IRQFjhjh1A,2026-08-23 09:00:28,247837,1386,126,119.75,120.01,0.01,0
Lhtf-xv3Cvw,UCV7WE8I_UiAN0fa6Arezx_w,2026-07-12 02:00:10,59,1,0,120.0,120.0,0.0,0
Li13uvkpoLQ,UCp6n8d8Y8r3MwKNw_MMaouQ,2026-07-28 11:50:43,264513,3001,4,119.91,120.16,0.09,0
Li2r0hY1Bmg,UCTNyl3P7q6PNhPddh6d7WJQ,2026-08-04 22:00:01,3013,8,2,120.0,120.0,0.0,1
Li4-5ePaBWY,UCw1DsweY9b2AKGjV4kGJP1A,2026-08-27 08:00:31,21970,56,5,120.0,120.0,0.0,0
Li5IIKduGqI,UCt8CJiye87FMbEwt0npPMuQ,2026-07-29 12:00:26,4198,184,18,120.0,120.0,0.0,1
Li7V5YIjwIs,UC9nWoDbRAl3-fvreBNeStKQ,2026-08-22 02:15:14,11426,120,15,119.76,120.01,0.01,1
LiLR8JkNYvc,UCIXQkaLrM7_t87SEM_pmHpA,2026-08-30 08:05:57,7085,18,18,119.92,120.16,0.08,0
LiQWf9rDKIE,UCZ_xE8U6MVnpwefrYvl2uvA,2026-08-28 03:00:15,334,1,0,119.76,120.01,0.01,1
LidLR5TbHt0,UCg5Ew4lj74r_ohbc4AeQj1w,2026-07-23 04:31:54,41995,832,15,119.97,120.22,0.03,1
Lii5ZCIy73k,UCeB_ZeSo0xDL62wWlkTEtjA,2026-08-02 07:44:25,0,0,0,119.76,120.01,0.01,0
LixUOCVb_nU,UCz5LAkkX66OAW-y_WiWf9vA,2026-08-20 19:32:07,118,3,0,119.98,120.23,0.02,0
LiyULLjGB5I,UCCs1YZHxUTIbLZd-xrvvMCw,2026-08-11 09:00:52,103391,1880,170,119.99,120.24,0.01,0
Lj7-razlY10,UCZuT6NXrfZzYbqCG_RWgSgA,2026-07-25 18:42:07,5323,36,2,119.8,120.05,0.05,0
LjbZJNRQ9Wo,UCPGl9DV2WUgaqGVXtVrhJWQ,2026-08-24 13:56:07,9,0,0,119.82,120.08,0.08,0
LjeuSuAkPjs,UCPsZX-D7LW99PjZLA-UysPQ,2026-08-16 03:00:12,334,5,3,120.0,120.0,0.0,0
Lk-sr_JNvu8,UCEcRvF_6IRSux8FO-ogFZug,2026-08-29 03:00:02,29399,849,43,119.76,120.01,0.01,0
Lk1jj0uU6fs,UCMswODzU1ZjjrLyUk7NfwPA,2026-08-22 12:57:15,163609,2734,124,119.81,120.06,0.06,0
LkPxOBjcwMk,UC1IUMdwaJ22A6FkPiI8dcig,2026-08-02 09:39:44,103609,2138,61,119.84,120.09,0.09,1
LkQbtjJAK3Y,UC9DNu8JRIcE-rpo9eBx1ffw,2026-08-04 12:39:03,8097,39,6,119.85,120.1,0.1,0
LkfAEIT1xls,UCX11f6rIVaoWGvFnKKyPBNQ,2026-07-28 20:09:34,2424,136,1,119.84,120.09,0.09,0
Lkgfr0d9zmM,UCrXfM4HsibSucC_NlIY7v0Q,2026-08-07 06:52:40,317,7,12,119.88,120.13,0.12,0
Lkh0ip8ttOM,UC4oe-OVZ2Ho-03yrMkrXomQ,2026-07-30 04:54:22,71538,1914,82,119.85,120.1,0.1,1
OPNzY7RrD-E,UCAhmOb9JWkI2HV_KIe9X_3A,2026-08-30 04:06:32,7985,12,0,119.91,120.15,0.09,0
OPSPHigpqz4,UCO8ToDSM2Gvt3EZdOdosxTw,2026-07-25 09:00:38,151229,3044,99,119.99,120.24,0.01,0
OPlCwgH14RQ,UCOKQpmfKrtu7Nu719CVSw1A,2026-08-18 02:00:22,2380,11,2,120.0,120.0,0.0,1
OQ80dNHpP00,UCp9skQ2mP_DfVL8c3gZQUzg,2026-07-26 19:10:36,5900,81,1,119.83,120.08,0.08,0
OQ8c5YeatJI,UCXVVG5ZM3SJJCh94xatR8Dg,2026-07-15 09:00:05,78370,12,3,120.0,120.0,0.0,0
OQDNFE4dABQ,UCBvKuSAkXERBnGSQOH0Sarw,2026-08-09 18:08:09,7803,84,2,119.87,120.12,0.12,0
OQI_DOgekkg,UC_E_qYfGKM3C0kqrp1p8z7Q,2026-08-02 17:00:02,357,6,2,120.0,120.0,0.0,1
OQO20ml391w,UCpI-AhCT02iQRGLC2ZcY0Jw,2026-08-24 10:00:18,40505,405,226,119.76,120.01,0.01,0
OQRWkhracGk,UCxPMcxq7WJ32M3lnFn58Cpg,2026-08-30 09:44:48,3712,10,3,119.77,120.02,0.02,1
OQRkWOu2XHU,UCarBV0zWlC2k-HteyeKqfag,2026-08-07 16:28:52,8035,57,0,119.77,120.02,0.02,0
OQXcppIsdhw,UCI3DTtB-a3fJPjKtQ5kYHfA,2026-08-31 14:00:28,6578,9,0,119.75,120.01,0.01,0
OQ_6JVf6N5c,UCV6mNrW8CrmWtcxWfQXy11g,2026-07-30 06:00:03,45294,1402,24,120.0,120.0,0.0,1
OQgtSf9rh3c,UCrKSaegnzewdj9-YLsUhoZw,2026-08-16 04:30:39,20954,120,45,119.99,120.24,0.01,0
OQkOvdzpRGU,UCcstDLbuhxEbFKkPZ6wST2A,2026-07-24 03:00:38,19814,57,21,119.99,120.24,0.01,0
OQlUnxS-GVo,UC59jWhPazXYi8Ny4vake45A,2026-08-25 13:40:11,71982,2225,48,119.84,120.09,0.09,1
OQmaaCljTpQ,UCirJgPv8RtFaFMj39b6cD8Q,2026-08-11 03:00:38,21114,61,1,119.99,120.24,0.01,1
OQo52Sy2sSs,UCeiQKedLZob9Cb797XfsrRw,2026-08-20 08:00:06,56991,812,62,120.0,120.0,0.0,0
OR8ZmSROUvY,UCJ_skdHPp19J9qGsgXxjMnA,2026-08-14 07:00:36,21804,207,27,119.99,120.24,0.01,1
ORFywrPDEGU,UC141BuVRzSSXJX33Am9yxEA,2026-08-29 08:00:37,30320,204,53,120.0,120.0,0.0,0
ORKfIYBCTr0,UCYGF_xk5RDpltyZDSx040uw,2026-07-29 05:17:42,68751,666,16,119.96,120.21,0.04,1
ORPZQf5gelg,UCv1tOT645xHOJrwdGlzjMaA,2026-07-21 04:00:27,7518,121,23,119.99,120.24,0.01,0
ORPkTXVPceo,UCvPDPTxTLitVEyGu4Xt6m8g,2026-07-29 10:37:35,19411,173,12,119.88,120.13,0.12,0
ORR3v4WYW7Q,UCV7WE8I_UiAN0fa6Arezx_w,2026-08-16 11:00:03,30,1,0,120.0,120.0,0.0,0
ORTw1qFAaB4,UCw1DsweY9b2AKGjV4kGJP1A,2026-08-02 07:58:19,25503,82,1,119.78,120.03,0.03,1
ORXsR7zsRRI,UCV6mNrW8CrmWtcxWfQXy11g,2026-08-01 23:01:48,29788,561,4,119.97,120.22,0.03,0
ORaAx0m020g,UChLqHuZV0PENIBYxDgXyPLQ,2026-07-11 11:21:09,62302,933,18,119.9,120.15,0.1,1
ORb1cEyzgy0,UCAl4HWznMn7KhKBRFO5eiFA,2026-08-06 12:20:25,8490,36,1,119.91,120.16,0.09,1
ORcIGRw5yDE,UCz5LAkkX66OAW-y_WiWf9vA,2026-07-27 10:15:19,1688,12,6,120.0,120.0,0.0,1
ORdqy3IdJ6o,UC3hCAmwyYNgRuOOSFV7evVA,2026-08-24 10:00:14,17543,90,13,119.76,120.01,0.01,0
ORm7BWH7m4c,UCb5NLtXAsTBrmaZVhyFa-Wg,2026-08-06 09:15:21,99464,449,94,120.0,120.0,0.0,0
ORvflKR04Zc,UCEg24oF81p-THPtp3otdmTA,2026-08-27 09:00:14,60426,583,34,119.76,120.01,0.01,0
ORyubsJwho8,UCby0vMKcLR05ZdS90aZd5og,2026-07-24 06:09:52,2451,6,0,119.84,120.09,0.09,1
OS71ccfzMa0,UCzDmGDR5RdahQkLCBoWlTEg,2026-08-29 03:10:00,154653,815,10,119.85,120.1,0.1,1
OSGq118a6hg,UCtGMgPWJNU2Aj-SNK0zg0Sg,2026-08-06 09:30:28,53493,401,47,119.99,120.25,0.01,1
OSLOb7Wyda4,UCcsC1X0SyiWcxBTbnjoZ9Ag,2026-07-28 09:00:29,5351,76,35,119.99,120.24,0.01,0
OSNI38J-3fI,UCZ-UuK86Bk5sGzQQ2cEglJQ,2026-07-22 10:30:39,141105,1750,103,119.99,120.24,0.01,0
OSuOZhpTR68,UCcNdwtZ7ulFFxngmnzsWQNA,2026-07-24 06:00:33,12495,118,47,119.99,120.24,0.01,0
OSywAq-dttU,UC2yOBpLVwB7kzt9C5ZPbB7w,2026-07-26 04:00:29,191867,2547,57,119.99,120.24,0.01,1
OSzlzHJoLKI,UCRpdlPk671uOMiBtf5HtB3Q,2026-08-29 09:57:36,47423,195,58,119.8,120.05,0.05,0
OT0CHKjILNs,UC_F-jhf8uO0fzrM7NQwvs3Q,2026-08-11 06:26:21,32,0,0,119.81,120.06,0.06,0
OT70BDjFv0s,UCL_IvtOZo6sONpiydbzzHpA,2026-08-28 01:34:06,69971,866,15,119.94,120.19,0.06,0
OTEFYI9jYJA,UCJmnOEp1-OITEU0mk4icM5A,2026-08-28 03:00:07,22681,298,23,119.76,120.01,0.01,0
OTFmlXRRKJw,UCAaLhok91QDrweyuDRsmjqQ,2026-07-12 11:00:36,170510,1167,84,119.99,120.24,0.01,0
OTi4qH-t2hM,UCpcTrCXblq78GZrTUTLWeBw,2026-07-14 11:30:01,94552,1783,98,120.0,120.0,0.0,0
OTk5uaRmHjA,UCBA9XaL5wCdHnC5EmEzwrqw,2026-08-23 09:00:28,589469,2942,269,119.75,120.01,0.01,0
OTp8PVsc2eQ,UCcgkgKhXT6QwdGj9Nr8PBcg,2026-07-31 03:53:33,172815,764,53,119.86,120.11,0.11,1
OTtPd7xg8LA,UCPGl9DV2WUgaqGVXtVrhJWQ,2026-07-15 15:00:11,8,0,0,120.0,120.0,0.0,0
OU42Vay4Bw0,UCdK9h1ILxS49c2LguBUY3rw,2026-07-27 10:45:10,14,1,2,120.0,120.0,0.0,1
OULQGoV0tpk,UCiJcwsLvxJsVihWDaqPkZCA,2026-08-14 08:00:21,5410,240,17,120.0,120.0,0.0,0
OUUuabQ2YK8,UCUHUHum4nIT20PbhanJAZvw,2026-08-21 11:46:09,294,20,6,119.99,120.24,0.01,1
OUW-di6OkUE,UCBmPfbqvGwTTfrV-H_UOfdw,2026-08-08 18:00:25,437170,3085,50,120.0,120.0,0.0,1
OUWNXmk5Cks,UCL2ZLyAV0H9Pvi46W7TGdHQ,2026-07-17 04:00:05,39027,291,166,120.0,120.0,0.0,0
OUkwPu148wI,UCF5RrlbsxJjAVLWgOCoNHMg,2026-08-05 02:45:18,10377,155,7,120.0,120.0,0.0,0
OUpxX5YXzR8,UCRLoyYlPR9ufzlbeI9lLDqg,2026-08-10 09:00:21,11231,588,60,120.0,120.0,0.0,0
OUubrzdWC3o,UCHoo90P0hvh2rrbGvX53G0A,2026-08-06 23:04:27,1024,27,0,119.93,120.18,0.07,0
OVAwjSXxqxc,UCADf92tisOOh90hrZee4-LA,2026-08-02 15:46:52,26627,234,29,119.97,120.22,0.03,0
OVS_CUe8fhI,UCdQHEqTxcFzjFCrq0o4V7dg,2026-08-12 00:00:25,27525,1576,161,120.0,120.0,0.0,0
OVUNH9sYBkE,UCwfbSsZ7_sccxcibe60mWlQ,2026-08-08 03:02:41,14509,73,24,119.96,120.21,0.04,0
OVXIVFD-pZ8,UCw1DsweY9b2AKGjV4kGJP1A,2026-08-29 08:03:30,18082,21,6,119.96,120.21,0.04,0
OVYL8_Ps7hg,UCK8iWEZupSV2pmDMxtwdAmA,2026-07-27 23:58:30,1944,4,0,119.78,120.03,0.03,0
OVgvUWDT3K4,UCYG8tuvbQzWsDeoADyJFU8Q,2026-08-06 01:47:09,1021,22,1,119.97,120.22,0.03,0
OVlUwZgKt3s,UCi5yzN6jpdz2akGTm-mJSKQ,2026-08-13 06:52:07,596,28,5,119.88,120.13,0.12,0
OW4e3GilxVM,UCD9tj7ATjYkyPyWXK_ewNXQ,2026-08-18 08:57:29,589,15,0,119.8,120.05,0.05,0
OW5f0NNH2ho,UC08-hQbwh7eyr8PlaYG2-sQ,2026-07-25 10:00:10,16779,237,110,120.0,120.0,0.0,0
OWCGrGq0310,UCPqqyxHmSvJygac5TH52qJw,2026-08-08 07:20:56,122861,1446,43,119.9,120.15,0.1,1
OWOUKlrCcdA,UCv1tOT645xHOJrwdGlzjMaA,2026-07-31 03:00:05,86175,2632,48,120.0,120.0,0.0,1
OWq-NnImOwg,UCifCesg-EUkjKyQedaB3hRg,2026-08-08 01:53:15,1572,91,1,119.87,120.12,0.12,0
OWypsvnZKf4,UCzVXdulvpgEoI8yuFMmhxJw,2026-08-12 15:21:39,70182,2934,125,119.89,120.14,0.11,0
OX0E3_qt3Kg,UCp6n8d8Y8r3MwKNw_MMaouQ,2026-08-28 18:04:32,48383,1330,39,119.93,120.19,0.07,1
OX44dA23Rqk,UCJZsABKjWUGbT0qf3MsXH8w,2026-07-11 09:00:18,5087,174,30,120.0,120.0,0.0,0
OX97RVWZpbo,UCpwGBltfwjd_fIzp5cb5R0w,2026-08-06 14:14:06,50619,379,32,119.77,120.02,0.02,0
OX9tnr4cB74,UCUbOogiD-4PKDqaJfSOTC0g,2026-08-24 11:57:56,188445,901,354,119.79,120.29,0.21,0
OXKNehNcf4Q,UCPsZX-D7LW99PjZLA-UysPQ,2026-08-13 09:00:10,823,10,3,120.0,120.0,0.0,0
OXQ1uMsR374,UCJYdIDfGkqXTsQq5aW4md0Q,2026-08-26 01:04:35,189,2,0,119.94,120.18,0.06,0
OXUxRTZAhkg,UC-FiQR2gg8oiNw98ZdsSX6Q,2026-08-26 22:00:33,2394,9,2,120.0,120.0,0.0,1
OXdRCbiTBwc,UCgLFbrC7-g0ihBKB0obVPTg,2026-08-07 16:53:47,335,7,0,119.86,120.11,0.11,0
OXk2nBhsaMU,UCpcTrCXblq78GZrTUTLWeBw,2026-08-30 07:30:40,43690,410,18,120.0,120.0,0.0,1
OXq-GTP0sk0,UC60HSePkZwGFzRj6VSDa6Ew,2026-08-29 10:24:41,13407,225,18,119.85,120.1,0.1,0
OXvd2Fjhj1Y,UCQuY08EEKLFOp0D37Sfpd0A,2026-08-30 09:00:09,12440,41,10,119.76,120.01,0.01,0
OY17geMEtWk,UCw1DsweY9b2AKGjV4kGJP1A,2026-08-20 08:00:19,26876,135,40,120.0,120.0,0.0,0
OY5pwPKVebU,UCiZiTfYWttWl_iLQ4-zuCSA,2026-08-10 10:16:53,1908,13,3,119.97,120.22,0.03,1
R51vTvfVYpU,UCV7WE8I_UiAN0fa6Arezx_w,2026-08-10 19:00:38,20,0,0,119.99,120.24,0.01,0
R520H6O9pmU,UCIxcZWLQpP-mUZC6_Uljc_Q,2026-08-18 23:00:22,10350,58,39,120.0,120.0,0.0,0
R5H40SgxPIo,UCw1DsweY9b2AKGjV4kGJP1A,2026-08-16 08:00:38,22935,87,12,119.99,120.24,0.01,0
R5LoV_dA-Nk,UCpwGBltfwjd_fIzp5cb5R0w,2026-08-21 00:30:32,233988,1932,168,120.0,120.0,0.0,1
R5O038gwFU8,UCrExV5uWnC3-WUnUN2Ck8HA,2026-08-28 18:26:57,7409,38,2,119.81,120.06,0.06,0
R5crPsPde5I,UCdK9h1ILxS49c2LguBUY3rw,2026-08-21 21:43:03,19,3,0,119.79,120.04,0.04,0
R5dXHj62Edg,UCbItyvYa6cqvqtwlU2E9-wA,2026-07-22 20:49:34,9303,447,39,119.93,120.18,0.07,0
R5r0cY6dgA0,UCmvMUe1GqpZFkj1e-V532LA,2026-07-29 02:30:56,887,7,0,119.99,120.24,0.01,0
R5rw_NJv5UY,UCYjNEoVziojh1ZCum1q0PNQ,2026-08-27 01:30:14,75819,943,32,119.76,120.01,0.01,1
R5sX4MitIBM,UCIsrVj53L57rcLAPOre4Xhg,2026-08-21 07:30:15,37797,366,69,119.76,120.01,0.01,0
R5skMeJL0Cc,UCPGl9DV2WUgaqGVXtVrhJWQ,2026-08-19 15:00:27,11,0,0,120.0,120.0,0.0,0
R5ttvZnH3SE,UC5RxNUZ9_c94ZEfJGnJZmTw,2026-07-31 12:00:29,2514,105,22,120.0,120.0,0.0,0
R625Nfzez6Y,UCw1DsweY9b2AKGjV4kGJP1A,2026-08-08 08:15:20,492523,1429,73,120.0,120.0,0.0,1
R6BZogz87X0,UC_Xb6sEXAdNv9nHU4988vmg,2026-08-05 10:00:35,45555,,0,119.99,120.24,0.01,1
R6Lvdqle1II,UCXtU-C_e2iBzPSq9oLXtbVw,2026-08-28 23:15:17,467,5,7,119.76,120.01,0.01,0
R6OilgOh82s,UC2yOBpLVwB7kzt9C5ZPbB7w,2026-08-03 12:00:39,453202,7107,215,119.99,120.24,0.01,1
R6YLL3WKnVQ,UCt8CJiye87FMbEwt0npPMuQ,2026-08-01 14:15:17,18829,737,65,120.0,120.0,0.0,0
R6a86vVei8A,UCpcTrCXblq78GZrTUTLWeBw,2026-07-28 03:30:03,199734,2000,141,120.0,120.0,0.0,1
R6cQp1VzqBA,UCpn9dP1b5BhBsU9SduEz1hA,2026-07-21 15:30:14,21146,285,14,120.0,120.0,0.0,1
R6igOqyA6pA,UCwUdsbSoKjC9FDcpihDeXSg,2026-08-03 12:15:02,15040,28,2,120.0,120.0,0.0,1
R6yTjmlDRpY,UCpI-AhCT02iQRGLC2ZcY0Jw,2026-07-15 07:00:21,37484,386,204,120.0,120.0,0.0,0
R7-t-yMZhM0,UC2NFRq9s2neD_Ml0tPhNC2Q,2026-07-17 02:30:26,112211,1306,21,120.0,120.0,0.0,1
R717cFQL268,UCtGMgPWJNU2Aj-SNK0zg0Sg,2026-07-28 15:38:36,2477,16,0,119.86,120.11,0.11,0
R75WXL-LQ30,UCtGMgPWJNU2Aj-SNK0zg0Sg,2026-08-23 10:00:05,17113,228,20,119.76,120.01,0.01,1
R7BaNzBjchg,UC5ThQKdocwo_9UurfT5P_ww,2026-08-10 23:30:08,278325,4375,127,120.0,120.0,0.0,1
R7BldGNrtV0,UCqIwPYLfMd3EoWYwvyTjPnA,2026-08-02 07:00:24,39424,227,20,120.0,120.0,0.0,0
R7DYes9cQH4,UCZ6mNZTiTUrUSbSYPlclI4A,2026-07-27 06:04:37,7924,534,10,119.93,120.18,0.07,1
R7n1M7C1viw,UCZuT6NXrfZzYbqCG_RWgSgA,2026-07-31 14:34:50,22732,48,6,119.92,120.17,0.08,1
R7u8OWrZwJ8,UCZ-UuK86Bk5sGzQQ2cEglJQ,2026-07-17 10:39:57,190528,1889,71,119.84,120.09,0.09,0
R7yk-dXz_-U,UC6fx3aU3i3C51oXwXm8idTQ,2026-08-24 13:35:38,0,0,0,119.92,120.17,0.08,0
R8-zXk8P_v4,UCUR5w0E-jQTOO8Q0FZ4ilYQ,2026-08-05 03:00:16,9500,27,19,120.0,120.0,0.0,0
R8DO_E0Sahw,UCc1VJX_5Z2RdGi58XU4IfbA,2026-08-05 13:55:53,63132,310,0,119.82,120.07,0.07,0
R8EekN6h4vY,UCkavlo6q2XfO_MA9Q24wRvw,2026-08-17 04:26:15,1728,5,0,119.82,120.07,0.07,0
R8OcsJc5Shc,UCpX86JOUhnrzG7MK8e8Gjbw,2026-08-11 05:03:45,24630,123,114,119.94,120.19,0.06,0
R8QIAQWEXq0,UCbaRH9U2BEFwhJiodE3qTpQ,2026-08-12 08:59:33,34262,719,22,119.76,120.01,0.01,1
R8yFjDKWSQk,UCifCesg-EUkjKyQedaB3hRg,2026-08-18 01:45:33,487,7,0,119.99,120.24,0.01,0
R912fBmuWXA,UC8aCmG_y4DqqVI9Xlcym1Jg,2026-08-20 15:13:00,10649,257,20,119.79,120.04,0.04,0
R9207uD2E2U,UCWwbZhw5M-Q5dZtTK4nDWNw,2026-07-28 03:00:14,62748,1034,22,120.0,120.0,0.0,1
R9H2cZ85mrc,UCUPa-gJcbYG9Ql8b9H9FBbg,2026-08-19 08:00:07,6632,92,17,119.76,120.01,0.01,0
R9Px0Els3uA,UCZ6mNZTiTUrUSbSYPlclI4A,2026-08-14 04:42:17,19540,452,13,119.8,120.05,0.05,1
R9xS_H5Bd2Y,UCmiTZyj9GwMjyznZxrgCH4Q,2026-08-02 01:42:48,13038,157,35,119.79,120.04,0.04,0
R9zxea9r8ho,UC6LLMkdyses2ugPRNEXutMQ,2026-08-29 10:15:30,49286,264,30,119.76,120.01,0.01,1
RA0VjQKlJwM,UC_Xb6sEXAdNv9nHU4988vmg,2026-08-18 08:00:31,231,,0,120.0,120.0,0.0,0
RA6O3hEsaEg,UCqVkQsNin4MdGFrWvzFVOKw,2026-07-26 15:39:27,16993,473,0,119.84,120.09,0.09,0
RAAWObXhpXc,UCxPMcxq7WJ32M3lnFn58Cpg,2026-07-27 10:27:30,7393,40,34,119.8,120.04,0.04,1
RADNY7EwbjA,UCAl4HWznMn7KhKBRFO5eiFA,2026-08-05 09:05:10,29696,122,11,119.92,120.17,0.08,1
RAIXBscP3ns,UCaN1Qp37sHiCdQuSaXa3fVw,2026-07-25 04:05:46,286887,3352,19,119.91,120.16,0.09,1
RAKUsl3cJSQ,UCAVR6Q0YgYa8xwz8rdg9Mrg,2026-08-09 04:00:24,302461,16856,315,120.0,120.0,0.0,1
RAzVl3zrC3k,UCHK-FRuAjk8g798dD7L7xqA,2026-08-29 02:15:04,30898,129,48,119.76,120.01,0.01,0
RB3Y0K5JKug,UCnMshUhBxDsKFPnxBGmGEpg,2026-07-29 15:55:56,1742,23,10,119.82,120.07,0.07,0
RB4Z1ov8lAk,UCYooECrv-fIXlPaDwEIaveA,2026-08-03 09:00:38,22374,436,12,119.99,120.24,0.01,1
RB5mL_dhaFs,UCSOeJWyByeoBHpmrm0NnlLw,2026-08-12 07:00:29,168602,3053,466,120.0,120.0,0.0,0
RBAe1p3NQG8,UCO8ToDSM2Gvt3EZdOdosxTw,2026-08-15 14:05:14,65655,845,61,119.92,120.17,0.08,1
RBD1Hns5YtA,UCbFLnCfOet-u_kFyA7uX-9Q,2026-07-27 08:25:41,25849,605,130,119.82,120.07,0.07,0
RBbYSTRF_MA,UC5RxNUZ9_c94ZEfJGnJZmTw,2026-08-04 12:00:21,3283,142,19,120.0,120.0,0.0,0
RBeWgG4Q1G0,UC2yOBpLVwB7kzt9C5ZPbB7w,2026-08-16 04:00:09,75250,1010,71,120.0,120.0,0.0,1
RC-TIzmrH8E,UCaMV-CjrWYh2Aefg_8iLwJQ,2026-07-24 04:00:09,524342,4971,178,120.0,120.0,0.0,1
RC4fQJI6bro,UCp6n8d8Y8r3MwKNw_MMaouQ,2026-07-29 16:28:15,5682,197,2,119.78,120.03,0.03,1
RCCABLeW3Tw,UCbeQg95cAxVRsxxh6FyilxA,2026-07-31 11:48:19,15219,74,5,119.95,120.2,0.05,0
RCPNlmewZA8,UC5ScPjbt-a97AJO7SBj6nAg,2026-08-29 11:18:33,76923,2083,221,119.96,120.2,0.04,1
RCb6suyzbRU,UCpwGBltfwjd_fIzp5cb5R0w,2026-08-23 00:30:03,128800,1292,517,119.76,120.01,0.01,1
RCcefi3UtHo,UCJDXc9JWCZo-nLNKr_-L2Ng,2026-08-24 12:30:21,682,41,9,120.0,120.0,0.0,0
RCe2ydT3nCo,UCbIQGH_oFu0yfTWNPyquvpw,2026-07-24 16:42:12,121,5,0,119.8,120.05,0.05,0
RCjUSg9SO-U,UCUR5w0E-jQTOO8Q0FZ4ilYQ,2026-08-19 17:08:41,62443,195,62,119.87,120.12,0.12,0
RCwunTAZZDg,UC0PMQXAwF6O6aeTpv962miA,2026-08-24 14:23:26,30947,587,123,119.87,120.12,0.12,0
RD2B2806ds0,UCQJuZxeDv2P05YHcC-tIEVQ,2026-07-24 08:00:20,17599,204,21,120.0,120.0,0.0,0
RD5_6S17Ss0,UCgjaQlejpAnIu0q-xtVfTEw,2026-08-13 00:00:37,51252,573,89,119.99,120.24,0.01,0
RDAS0H4Lm9o,UCAl4HWznMn7KhKBRFO5eiFA,2026-07-22 15:17:53,2737,21,3,119.95,120.2,0.05,1
RDCPWVx2IJQ,UCmZeuRfHYowZhf6odtoaNdg,2026-08-11 07:40:20,12107,52,4,119.83,120.08,0.08,1
RDISDdMh7Xw,UCKHx_yf3dI2ajWAjXRJ_9Rw,2026-08-18 20:57:54,8736,170,38,119.79,120.05,0.05,0
RDJDV-CWodo,UCp9skQ2mP_DfVL8c3gZQUzg,2026-08-02 10:14:30,73091,296,52,119.76,120.01,0.01,1
RDP6MJ3TwlI,UCV6mNrW8CrmWtcxWfQXy11g,2026-08-22 10:00:21,391573,24753,746,119.76,120.01,0.01,1
RDVJKYLUmFk,UCI3DTtB-a3fJPjKtQ5kYHfA,2026-08-28 00:49:46,3362,20,0,119.93,120.18,0.07,0
RDd8fO3uaJc,UCPsZX-D7LW99PjZLA-UysPQ,2026-08-07 03:00:11,218,1,0,120.0,120.0,0.0,0
RDg-eBEbxB0,UC_E_qYfGKM3C0kqrp1p8z7Q,2026-08-24 17:00:26,280,3,2,120.0,120.0,0.0,1
RDgwKUJGz7w,UCcHVk5SFxfYhCbbX8pWWuVg,2026-08-05 09:00:14,4258,31,6,120.0,120.0,0.0,0
RDwRzHPTUaE,UCgWOZQvFZhGuqBCtjmee0XQ,2026-08-15 11:04:28,2121,83,31,119.93,120.18,0.07,0
RDyfNriPKyE,UCeB_ZeSo0xDL62wWlkTEtjA,2026-08-06 14:26:50,24045,166,171,119.81,120.06,0.06,0
RDym2e9g-IE,UCT_AS9Vfdi1RLtP4MIeIZow,2026-08-21 13:48:25,26513,71,13,119.95,120.2,0.05,1
RE22z-7lNoE,UCt8CJiye87FMbEwt0npPMuQ,2026-08-06 16:00:30,5145,192,22,119.99,120.24,0.01,1
JF6rCKOTRP4,UCD8r5Jgns2V64-NcUmXclpg,2026-07-31 03:15:11,71836,391,50,120.0,120.0,0.0,0
JFDsTZ1Etuk,UCS7gEaMmBPAaI8dHNnrSofg,2026-08-17 04:00:03,49600,,90,120.0,120.0,0.0,0
JFdoClc_e9Y,UCAGUSx1hbPKDqzBZH7bTjiA,2026-08-10 10:00:13,25947,250,32,120.0,120.0,0.0,0
JFy1BQYTDaY,UChUNd9Dt96PzfB24BtVviHg,2026-08-01 02:00:25,326171,3470,31,119.99,120.24,0.01,1
JG1TKQMBm68,UCab17MxxnFtAhGsJVTkSkCg,2026-07-25 08:13:18,576,11,1,119.78,120.03,0.03,0
JG60wxKLa1I,UCt8CJiye87FMbEwt0npPMuQ,2026-08-11 16:30:37,17597,953,63,119.99,120.24,0.01,0
JG6BnbrofrI,UC00raQBBBGagQthJ01ZYIIQ,2026-08-08 04:56:48,5856,215,46,119.81,120.06,0.06,0
JG6z2SjeIFM,UCV7WE8I_UiAN0fa6Arezx_w,2026-08-27 13:00:38,296,0,0,120.0,120.0,0.0,0
JGDmkqkMo3I,UCLbehOwlIi6QrfZNhC39t4Q,2026-08-01 12:34:50,0,0,0,119.92,120.17,0.08,0
JGpNhuq77bo,UCBmPfbqvGwTTfrV-H_UOfdw,2026-08-10 05:00:08,241073,3023,27,120.0,120.0,0.0,1
JGpx4bVHoXg,UCKttwyzsHvW7bCo7YfTacVQ,2026-08-19 14:31:52,871,12,0,119.98,120.23,0.02,0
JH2LR-_iOA4,UCfIUuMA7U_jImP7oWfTe4Pw,2026-08-19 03:00:04,667815,4039,660,119.76,120.01,0.01,0
JHAG52j4EvY,UC5ScPjbt-a97AJO7SBj6nAg,2026-08-05 07:42:14,65514,1580,68,119.8,120.05,0.05,1
JHL9ewmsewA,UC_m_uqd_9s0hZvlgfvCzqbQ,2026-08-04 11:17:23,2066,3,0,119.96,120.21,0.04,1
JHXiZThGvoQ,UC9vI-9WYQLXKI6n9XdXXo3g,2026-08-26 06:00:08,126808,686,31,119.76,120.01,0.01,0
JHltmd1VHnM,UCJpAwvQaZyCI5spAz7tipGA,2026-08-07 08:30:05,322610,1523,226,120.0,120.0,0.0,0
JHt7w2v1Wbw,UC-2wa6jvprl7hfCpvw0ULzg,2026-08-26 10:00:10,30621,294,11,119.76,120.01,0.01,1
JI8Wk9Hvu3E,UCc1VJX_5Z2RdGi58XU4IfbA,2026-08-05 14:07:24,56449,352,0,119.88,120.13,0.12,0
JIF8M976Q6s,UCYooECrv-fIXlPaDwEIaveA,2026-07-16 09:00:02,30075,549,13,120.0,120.0,0.0,1
JIGm5xm3TXw,UCwBkHOTyu57NQi0syf5MLig,2026-08-24 02:00:23,191808,1717,200,119.76,120.01,0.01,1
JIMOGsOAzQI,UCjsqgRBvkn8XadWraSQxTKQ,2026-08-13 07:39:18,8831,80,46,119.85,120.1,0.1,0
JIMfda6PPJY,UCTVkjiEiaiSbEq0Qwd5XTPA,2026-07-24 15:12:11,606,23,1,119.8,120.05,0.05,0
JINEtrfzkNQ,UC2yOBpLVwB7kzt9C5ZPbB7w,2026-07-24 12:00:20,50395,733,8,120.0,120.0,0.0,1
JISok3Otxhs,UCbYO4SBywZ2oWv1u309oWmQ,2026-08-05 10:00:35,3926,75,26,119.99,120.24,0.01,0
JIWNmlpyiIU,UCUt2AEhC-OOC2EPCzj4DkCw,2026-08-25 23:00:09,39523,598,20,119.76,120.01,0.01,1
JIyaQf9py8c,UCw1DsweY9b2AKGjV4kGJP1A,2026-08-27 08:05:17,81674,99,28,119.92,120.17,0.08,0
JJ-Q_RCrgFI,UCab17MxxnFtAhGsJVTkSkCg,2026-08-31 14:13:03,2635,18,4,119.8,120.05,0.05,0
JJ360iwCnf4,UCDHGqgpiHQAsE0UiltRqhfQ,2026-08-17 09:37:44,28600,71,26,119.87,120.12,0.12,0
JJ5mulUUIUA,UCYooECrv-fIXlPaDwEIaveA,2026-08-05 09:01:05,84572,1177,89,119.98,120.23,0.02,0
JJ9Bv82v1Gs,UCikKJvpU0Ylua4hRW6faQRg,2026-08-07 02:27:09,2934,74,0,119.8,120.05,0.05,0
JJ9tScctUqM,UCw1DsweY9b2AKGjV4kGJP1A,2026-08-07 07:45:33,88550,397,19,119.99,120.24,0.01,1
JJPBhD-2kPQ,UCpcTrCXblq78GZrTUTLWeBw,2026-08-31 07:30:33,33091,439,24,120.0,120.0,0.0,0
JJUHHWplpFg,UC_2x8h1QrTHOO0i4Yiss-ww,2026-08-27 22:00:28,230007,2587,48,120.0,120.0,0.0,1
JJUjro9M1fo,UCV7WE8I_UiAN0fa6Arezx_w,2026-08-10 08:00:10,25,0,0,120.0,120.0,0.0,0
JJXNAqNPjec,UC-2JsFNClcIesgd7UmtGnpw,2026-08-08 02:00:23,3328,109,41,120.0,120.0,0.0,0
JJXtpIU74GY,UCbeQg95cAxVRsxxh6FyilxA,2026-08-08 02:32:41,9397,16,10,119.96,120.21,0.04,0
JJdXXaccHC0,UCPI40-XQA9-GBGj2k8PPqfg,2026-08-21 08:50:36,57217,878,111,119.92,120.17,0.08,0
JJhHzHvMKkM,UC6JB_a6rD1lZ_aZgQvORfrQ,2026-08-28 00:16:20,7367,29,0,119.99,120.24,0.01,0
JJkXNo7khqQ,UCwBkHOTyu57NQi0syf5MLig,2026-08-30 02:00:08,277154,1676,39,119.76,120.01,0.01,1
JJnKgfLrS8U,UCRq3CDTZ2qe3HiHrZdQKBvQ,2026-08-03 10:36:16,2273,21,7,119.9,120.15,0.1,1
JJp8cV0tSxE,UCxpXguPL_B5pz7Gq8ozfwlA,2026-08-02 09:39:00,22233,61,1,119.85,120.1,0.1,0
JJqiirm6rMU,UC_Xb6sEXAdNv9nHU4988vmg,2026-08-19 08:00:15,310,,0,119.76,120.01,0.01,1
JJugS4m1dk4,UCV6mNrW8CrmWtcxWfQXy11g,2026-08-27 17:30:24,238996,9078,192,120.0,120.0,0.0,1
JKS141EM-Wg,UCaMV-CjrWYh2Aefg_8iLwJQ,2026-07-15 04:00:14,667656,6283,112,120.0,120.0,0.0,1
JK_Ppo0ixyk,UCjsqgRBvkn8XadWraSQxTKQ,2026-08-27 17:01:44,886,5,0,119.99,120.23,0.01,0
JKiXRirngY0,UCdcjduaR6hyGHVNmpbJzSsw,2026-08-28 20:31:00,9167,38,3,119.99,120.24,0.01,0
JKsHEXBwFlY,UCV6mNrW8CrmWtcxWfQXy11g,2026-08-25 01:55:33,30008,662,13,119.83,120.08,0.08,0
JL3NQbQDzIQ,UCd9oeoY-jLSkhd-J5y_1aYg,2026-07-29 14:31:56,434,3,0,119.97,120.22,0.03,0
JLElyyZjgjQ,UChLqHuZV0PENIBYxDgXyPLQ,2026-08-02 05:51:29,6317,122,10,119.9,120.14,0.1,1
JLKwBkfm8U4,UCwBkHOTyu57NQi0syf5MLig,2026-08-03 03:00:09,753820,9086,333,120.0,120.0,0.0,1
JLZWH6AvrQk,UCV7WE8I_UiAN0fa6Arezx_w,2026-08-26 07:00:39,33,0,0,120.0,120.0,0.0,0
JLZYRn_S5GI,UCOLDn9gw0yegXRgjoi5MzNQ,2026-08-07 15:23:06,0,0,0,119.87,120.12,0.12,0
JL_9Yh8Amos,UCepHesz_5Lwr7qRaqjB-p1A,2026-08-03 03:00:10,42762,705,146,120.0,120.0,0.0,0
JL_eIQGX3cs,UCNZiNM2pP6uhIlTQVS2Q5fA,2026-08-06 09:00:08,374697,4311,444,120.0,120.0,0.0,1
JLnCGp1tfYg,UCS2OAdHoLt-9T6cG9A2H49Q,2026-07-25 09:00:27,39402,358,59,119.99,120.24,0.01,1
JLpaDgrqb0w,UCdcjduaR6hyGHVNmpbJzSsw,2026-08-14 23:25:19,4868,50,1,119.83,120.08,0.08,0
JLq0dw6C5mM,UCfIUuMA7U_jImP7oWfTe4Pw,2026-08-16 03:00:36,251271,2055,106,119.99,120.24,0.01,0
JLrX7-xnrLE,UC8CX0LD98EDXl4UYX1MDCXg,2026-07-27 12:00:16,128175,5391,187,120.0,120.0,0.0,1
JLsIFSYELyg,UCSrQnB-Ip9hc0biFQ3HoKzg,2026-08-03 09:20:53,1131,57,8,119.9,120.15,0.1,1
JLw7UAp54Z8,UCgT-gb3favw2jQgwxbbwwaA,2026-08-29 11:00:00,266501,844,61,119.76,120.01,0.01,0
JM3vQOupDKk,UCAl4HWznMn7KhKBRFO5eiFA,2026-08-13 13:29:59,44487,221,13,120.0,120.0,0.0,0
JMBwak3eTVY,UCIzbqIyEUxtFLYh_sCDoXpw,2026-08-04 15:00:05,79216,737,33,120.0,120.0,0.0,0
JMDGPR1K7ac,UCETJ2rkwgeYb0OojPNh-DRw,2026-07-12 14:52:01,1252,8,3,119.88,120.13,0.12,0
JMIVF_-i_7c,UCXu_CcxBZA5S_iG33OzA9PQ,2026-08-21 12:55:04,171,5,0,119.84,120.09,0.09,0
JMSPzlzNRbk,UCkavlo6q2XfO_MA9Q24wRvw,2026-07-23 07:21:32,3967,16,11,119.9,120.15,0.1,0
JMXsj2k3Qeg,UCrY2B2XX41ReYh9DIWrFfCg,2026-07-15 10:00:31,5397,,10,120.0,120.0,0.0,0
JMcwdIMV16Q,UCV7WE8I_UiAN0fa6Arezx_w,2026-07-15 12:00:24,144,0,0,120.0,120.0,0.0,0
JMdfou9z_Bc,UCpcTrCXblq78GZrTUTLWeBw,2026-08-25 08:30:10,49302,1271,23,119.76,120.01,0.01,1
JMgnn9CbUYU,UCKttwyzsHvW7bCo7YfTacVQ,2026-08-01 21:01:25,1828,19,0,119.98,120.23,0.02,0
JMu4ptlfGAM,UCUbOogiD-4PKDqaJfSOTC0g,2026-08-20 11:00:37,93558,369,81,119.99,120.25,0.01,0
JMvzmh5RnpQ,UCq6bX1rAJqwt3LmYuHrDPqg,2026-07-23 19:51:08,8155,13,0,119.91,120.15,0.09,0
JMw-JOzkW7Y,UCeB_ZeSo0xDL62wWlkTEtjA,2026-08-11 10:23:57,0,1,0,119.85,120.1,0.1,0
JN1pGS4Zxq0,UCA9f2-9fUklMMOaz8vKW7Jw,2026-08-30 01:18:04,54,1,0,119.96,120.22,0.04,0
JN9R6mS9R6M,UC3ozN5tHi449NhCDE6Xtmwg,2026-07-13 14:08:37,551994,5029,166,119.86,120.11,0.11,1
JN9gDbwnOzk,UCVipGmBXqbYKNODNzVCN86w,2026-08-22 01:00:25,37057,722,17,120.0,120.0,0.0,1
JNDxDp1RI5Y,UCpcTrCXblq78GZrTUTLWeBw,2026-08-02 05:30:37,283915,1425,101,119.99,120.24,0.01,0
JNTTu69lDA0,UC3gl4CHfNtAqNjju1goB0_w,2026-08-19 13:50:22,2449,48,8,119.92,120.17,0.08,0
JNThgGot1zc,UCZaNYFjF_SRRJPVuGX7yMjQ,2026-08-07 23:55:20,121,2,0,119.83,120.08,0.08,0
JNUpYW5P0O0,UCvAetSOU_4lyjM5hVMNzN0Q,2026-08-26 16:40:33,35087,435,22,119.84,120.09,0.09,1
JNbqIEA3D10,UCS-X1uBDTNwAYyydiXjcX9A,2026-07-30 03:00:38,1346,8,0,119.99,120.24,0.01,1
JNdEGvFO-ss,UCPGl9DV2WUgaqGVXtVrhJWQ,2026-07-20 15:00:22,85,0,0,120.0,120.0,0.0,0
LkmedBOjHNE,UCS-X1uBDTNwAYyydiXjcX9A,2026-08-06 07:42:00,5034,181,98,119.8,120.06,0.06,0
Ll0KEgCm0SI,UCv1tOT645xHOJrwdGlzjMaA,2026-08-16 11:52:16,22668,189,61,119.88,120.13,0.12,0
Ll7gDUPu7sE,UCKttwyzsHvW7bCo7YfTacVQ,2026-07-30 10:46:42,27668,285,25,119.97,120.22,0.03,1
Ll8Z98Jhpqg,UCBidluUUxzT_5jVOI_2x2MQ,2026-08-21 03:00:04,2073,10,1,119.76,120.01,0.01,1
LlBxv6ATODk,UCqI5lyTpC79pOy2D-VXAMdA,2026-08-31 05:10:28,145923,545,70,119.84,120.09,0.09,1
LlD9qF0ht1A,UC43hOVGChFuQRV47vxc_c-g,2026-08-18 16:14:59,167,3,0,119.76,120.01,0.01,0
LlGqaZdfZnE,UCUt2AEhC-OOC2EPCzj4DkCw,2026-07-27 23:00:15,59006,674,18,120.0,120.0,0.0,1
LlhztrKQmng,UCUPa-gJcbYG9Ql8b9H9FBbg,2026-08-21 08:00:11,4547,75,17,119.76,120.01,0.01,0
LlilDR8MFVk,UCV7WE8I_UiAN0fa6Arezx_w,2026-08-22 13:00:26,16,0,0,120.0,120.0,0.0,0
Llr6wPwmitE,UCw1DsweY9b2AKGjV4kGJP1A,2026-08-29 06:00:30,11304,68,3,119.76,120.01,0.01,1
Lm1zBOElenU,UCJDXc9JWCZo-nLNKr_-L2Ng,2026-08-22 19:00:27,1999,75,12,120.0,120.0,0.0,0
LmK4rPxAUeo,UCkNUuK9EfixaK2HbJYZ5YrQ,2026-08-11 09:07:03,49221,1975,69,119.89,120.14,0.11,0
LmT0PJDxRno,UCnkytUgy0CtWd06up9CjNxg,2026-07-19 11:00:08,279485,7230,99,120.0,120.0,0.0,0
LmlDLSwjGe4,UCyZtdaxIiGb4wp5AmkEMrwQ,2026-07-24 03:00:21,112436,2834,22,120.0,120.0,0.0,1
LmrmVpiHFRQ,UCvrxJgD0T_TFvgsO2nA-fDQ,2026-08-29 18:42:00,217882,1005,257,119.81,120.06,0.06,0
Lmvc_s-MOG8,UCGa52d8Qlv3THghuCAt_nXA,2026-08-29 08:30:06,13856,162,17,119.76,120.01,0.01,1
Ln5OhjC8FBE,UCV6mNrW8CrmWtcxWfQXy11g,2026-08-19 14:00:07,90216,4199,34,119.76,120.01,0.01,1
LnDXk2Fsd6Q,UCTK7GGeH0c9INAEnV2EfD0Q,2026-08-24 09:00:16,3441,145,19,119.76,120.01,0.01,0
Lnk3oyNUJjI,UCksGX0hODm1Ev6mysrToMqg,2026-08-10 08:04:50,5431,231,24,119.92,120.17,0.08,0
Lo0Jb2nmZ-M,UCX11f6rIVaoWGvFnKKyPBNQ,2026-07-22 15:57:24,20654,586,198,119.8,120.05,0.05,0
Lo7eGUURMzM,UCuWDza8A_ntbjwBZgW0ZSNw,2026-08-13 03:00:04,74778,781,17,120.0,120.0,0.0,1
LoCK4ogrJos,UCPuD5ZRQWa_JCaY5NokNhtg,2026-08-20 07:44:02,336,8,3,119.77,120.02,0.02,0
LoG2P9KLOjk,UCNNR1-x2NhZARsNGnQlh2sQ,2026-08-13 06:00:26,36610,46,1,120.0,120.0,0.0,1
LoJxzPuHakE,UCt8CJiye87FMbEwt0npPMuQ,2026-07-17 13:00:20,3763,189,26,120.0,120.0,0.0,1
LoY3PZfxhsI,UC6LLMkdyses2ugPRNEXutMQ,2026-08-07 09:30:16,27242,587,128,120.0,120.0,0.0,0
LodkCch4J9Y,UC2yOBpLVwB7kzt9C5ZPbB7w,2026-08-09 12:00:36,55953,932,37,119.99,120.24,0.01,1
Los9QCtEjaE,UC_m_uqd_9s0hZvlgfvCzqbQ,2026-08-16 14:25:30,656,0,0,119.83,120.08,0.08,1
LpHOnSJAXbU,UCF7IBIvHZ2be4Ufo8i0uHBw,2026-08-29 09:00:18,122536,528,70,119.76,120.01,0.01,0
LpS3L_tjIag,UCFrKhWvZ8oeJQTNP5ZabgJw,2026-08-31 12:00:10,312610,3504,256,119.76,120.01,0.01,1
LplT_XAEt-A,UCAl4HWznMn7KhKBRFO5eiFA,2026-08-07 07:57:13,20589,134,8,119.8,120.05,0.05,0
Lptj8WSDYNA,UCDHGqgpiHQAsE0UiltRqhfQ,2026-08-06 09:28:03,21991,55,23,119.79,120.04,0.04,0
Lpwg57yYAAk,UCCvEN8bTeF8Z2jcN513T1Gg,2026-08-31 08:00:10,78590,89,8,119.76,120.01,0.01,1
Lq-TuxE2a0Y,UC24GgPBq5W3v34z0p0uk1Ow,2026-08-28 09:18:45,12221,36,9,119.95,120.2,0.05,0
Lq48Ii0lKmQ,UCcstDLbuhxEbFKkPZ6wST2A,2026-08-20 09:00:06,6077,28,4,120.0,120.0,0.0,0
LqDWk6P55Ts,UCgsKeCRaBGH6JlnH6VO_7OA,2026-08-12 19:32:03,25,0,0,119.97,120.22,0.03,0
LqQRDBg6LkY,UC6LLMkdyses2ugPRNEXutMQ,2026-08-25 09:30:35,17173,455,69,120.0,120.0,0.0,0
LqSLyU_LRuc,UCgeazIBHz3JS7ft7_nyj-0A,2026-07-24 08:00:28,20553,86,11,119.99,120.24,0.01,0
Lqk5zOGTJ1g,UC_E_qYfGKM3C0kqrp1p8z7Q,2026-08-11 17:00:34,783,10,1,119.99,120.24,0.01,1
Lqz5_Nh_XBA,UCfq-5-0b5Lzj7cKCrp6-flA,2026-08-22 08:00:09,24328,755,68,119.76,120.01,0.01,1
Lr6LgWY4sCQ,UCyEIUlSKbzCt3ElAsPFb7EQ,2026-08-25 18:15:07,33556,41,9,119.76,120.01,0.01,1
Lr9e_w5duso,UCab17MxxnFtAhGsJVTkSkCg,2026-08-04 16:01:53,2016,46,5,119.97,120.22,0.03,0
LrAlbXxaqL8,UCPsZX-D7LW99PjZLA-UysPQ,2026-08-31 06:00:35,2233,9,0,119.75,120.01,0.01,0
LrHpCN4ksuo,UCrR_fhiJjoW8OJFzUcmlMMA,2026-07-14 08:00:32,25772,385,49,119.99,120.24,0.01,0
LrLv7ZQcbLA,UCETJ2rkwgeYb0OojPNh-DRw,2026-07-12 14:51:54,282,2,0,119.89,120.14,0.11,0
LrSfel70d6E,UCPuD5ZRQWa_JCaY5NokNhtg,2026-08-29 18:16:30,784,4,1,119.99,120.24,0.01,0
Lr_IIr3E6EA,UCHeg3ApmuXQbqqszaD1fR9g,2026-08-25 14:55:19,46,5,0,119.84,120.09,0.09,0
Ls-XHk7_OGI,UCuXE-MdbuaZcPt_2J2kSsSQ,2026-08-22 03:42:23,24,0,0,119.8,120.05,0.05,0
Lsiq0zKICg0,UCdK9h1ILxS49c2LguBUY3rw,2026-08-12 11:30:01,9,2,0,120.0,120.0,0.0,0
LsloJkcTa_w,UCYS2NvZlSjrxZfnn1v7b3QQ,2026-07-24 16:05:34,4,1,0,119.91,120.16,0.09,0
LsxP5-zKnMA,UCqIwPYLfMd3EoWYwvyTjPnA,2026-08-04 05:30:14,12035,88,8,120.0,120.0,0.0,0
Lt45cshjvd4,UC3ozN5tHi449NhCDE6Xtmwg,2026-07-28 06:18:40,25141,302,52,119.94,120.19,0.06,0
LtWHRWI0rsE,UCpcTrCXblq78GZrTUTLWeBw,2026-07-14 06:00:46,103427,469,33,119.99,120.24,0.01,1
LtWxfVou2ik,UC72PuhDwKtZ5MikpGNhPAtA,2026-08-21 06:59:29,184854,8274,1227,119.77,120.02,0.02,0
Lt_anXxxHZs,UC_9W6Z5Y3lDpLk47Y_y5ITQ,2026-08-19 13:07:56,15886,188,23,119.88,120.13,0.12,0
Lu53JqI3nIM,UCXtU-C_e2iBzPSq9oLXtbVw,2026-08-18 23:15:03,62,4,3,119.76,120.01,0.01,0
LuD-1kNyQoA,UCWU2V62eLE3oQ7AjIGS2STQ,2026-07-23 13:16:25,1443,33,10,119.98,120.23,0.02,0
LuIdajQzmz8,UCUt2AEhC-OOC2EPCzj4DkCw,2026-08-16 08:00:38,33195,1102,40,119.99,120.24,0.01,1
LuR4h9QVdbM,UCTK7GGeH0c9INAEnV2EfD0Q,2026-08-14 13:00:20,6957,342,9,120.0,120.0,0.0,1
LuR9BgX4ICg,UC8IxyKkhu4YUYK_c76AdcDw,2026-08-05 02:55:33,7519,37,8,119.83,120.08,0.08,0
LudG_DLmcSo,UCv1tOT645xHOJrwdGlzjMaA,2026-07-17 10:15:13,38294,557,12,120.0,120.0,0.0,1
Luha1iieSd4,UCJmnOEp1-OITEU0mk4icM5A,2026-07-23 10:00:25,33279,326,53,120.0,120.0,0.0,1
LuiCNE1icZw,UCI3DTtB-a3fJPjKtQ5kYHfA,2026-08-07 03:30:09,7073,122,11,120.0,120.0,0.0,0
LuoIqD8FunY,UCSzHok6X5qXEO7cjvVnE62g,2026-08-14 12:00:38,478042,6529,93,119.99,120.24,0.01,1
LuoM7vBsXOA,UCN5oT4zGJX-_H6pE5isAEeg,2026-08-11 08:00:04,1319134,15278,1332,120.0,120.0,0.0,1
LvHtktN-qYs,UCV6mNrW8CrmWtcxWfQXy11g,2026-08-23 11:00:19,158882,5533,126,119.76,120.01,0.01,1
LvRwOke9ZGE,UCMswODzU1ZjjrLyUk7NfwPA,2026-08-25 09:00:37,17604,472,25,120.0,120.0,0.0,0
LvRzgBqkeOg,UC_m_uqd_9s0hZvlgfvCzqbQ,2026-07-25 14:28:58,245,2,0,119.77,120.02,0.02,1
LvUlXGZrchk,UC-ntxe7eU_afJWEpcTNlVFA,2026-08-09 12:35:24,5989,325,11,119.91,120.16,0.09,0
LvhLjhx5ZhU,UCqlcSsDNMYxEsem7bWY-66Q,2026-08-16 09:02:25,14211,370,55,119.96,120.21,0.04,0
Lvum4BCVrLU,UCaHIZAKows704_gk6bjdAog,2026-08-13 12:30:04,42176,455,252,120.0,120.0,0.0,0
LvwYpA-XAb8,UCPuD5ZRQWa_JCaY5NokNhtg,2026-08-10 10:17:31,543,9,2,119.96,120.21,0.04,0
LvzpUWNVye4,UCw1DsweY9b2AKGjV4kGJP1A,2026-08-08 09:30:32,175492,720,46,119.99,120.24,0.01,1
Lw1CcO_ZPtk,UCw1DsweY9b2AKGjV4kGJP1A,2026-08-03 08:00:07,36321,143,7,120.0,120.0,0.0,1
Lw4lx6vkKZA,UCt8CJiye87FMbEwt0npPMuQ,2026-07-13 14:30:07,2629,81,14,120.0,120.0,0.0,1
LwDgRuzHAj0,UCp6n8d8Y8r3MwKNw_MMaouQ,2026-08-16 17:33:48,2431,57,2,119.94,120.19,0.06,0
LwJc5P32fyA,UC2NFRq9s2neD_Ml0tPhNC2Q,2026-08-08 03:00:24,800789,4679,81,120.0,120.0,0.0,1
LwPLCId4CO0,UChHxLcNi7e0zu-e33HM6v6A,2026-08-15 09:00:19,41463,247,75,120.0,120.0,0.0,0
LwSq0RNqeCU,UCpwGBltfwjd_fIzp5cb5R0w,2026-07-31 12:30:30,224374,1913,447,119.99,120.24,0.01,1
LwWlfxDOLn8,UCawK5EIfr66Z7fjAlZgfB2g,2026-08-25 02:56:09,816,,0,119.82,120.07,0.07,0
LwmxGMcKYKQ,UCGW76VChAJKee9kYzvyoycQ,2026-08-01 05:00:29,3329,51,23,119.99,120.24,0.01,0
Lx2yBIb7cV4,UCqVkQsNin4MdGFrWvzFVOKw,2026-08-16 01:00:35,4458,107,5,119.99,120.24,0.01,0
OYBF-_-aPoo,UCnMshUhBxDsKFPnxBGmGEpg,2026-08-20 07:12:28,784,12,5,119.8,120.05,0.05,0
OYHu0ly_EK0,UCKVt3arMXfa6XZezR1UnjqQ,2026-07-21 22:00:32,9718,72,7,119.99,120.24,0.01,0
OYaqZWKv1EU,UCUbOogiD-4PKDqaJfSOTC0g,2026-07-25 03:14:15,1255858,10145,97,119.76,120.01,0.01,1
OYj1NayKiqM,UCnCFD3met1Ip7OngdF9TRDg,2026-07-25 04:57:03,7064,94,10,119.8,120.05,0.05,0
OYjcKz3b1Y0,UCF5RrlbsxJjAVLWgOCoNHMg,2026-08-15 22:28:18,17218,284,4,119.78,120.03,0.03,0
OYwpKnh82RA,UCw1DsweY9b2AKGjV4kGJP1A,2026-07-21 02:00:17,18595,755,67,120.0,120.0,0.0,0
OZ-fKV3UDcs,UCV6mNrW8CrmWtcxWfQXy11g,2026-08-22 13:30:39,84493,4619,121,120.0,120.0,0.0,1
OZJCoqrsySU,UCN8YcyYvYIrtLcwyT-KqbNg,2026-08-28 08:00:33,43701,112,70,120.0,120.0,0.0,0
OZNu_zL1d6w,UCei_ecYpQqFjYhjLaDPr2Lw,2026-08-14 07:23:29,894,9,7,119.86,120.11,0.11,1
OZZuhpV0NGQ,UCw1DsweY9b2AKGjV4kGJP1A,2026-08-09 07:54:43,1301498,3696,218,119.84,120.09,0.09,1
OZd5A3Sn3tQ,UCv1tOT645xHOJrwdGlzjMaA,2026-08-26 13:50:14,52582,781,14,119.92,120.18,0.08,1
OZejHJfwcKw,UCr4WCOxirRA-BzVu-MH_WqQ,2026-08-25 09:00:24,5166,57,5,119.76,120.01,0.01,1
OZiQIjgVJuw,UChKYbZ9fSz8DMM6wU-t1lMQ,2026-08-17 04:26:52,7110,171,9,119.81,120.06,0.06,0
OZraZsB8Tp8,UC-2JsFNClcIesgd7UmtGnpw,2026-07-23 06:45:09,35563,895,27,120.0,120.0,0.0,1
OZySBumftFU,UCw1DsweY9b2AKGjV4kGJP1A,2026-08-02 08:01:07,4119,20,2,119.98,120.23,0.02,0
OZzociY6D7s,UCp9skQ2mP_DfVL8c3gZQUzg,2026-07-25 09:31:12,12662,87,31,119.98,120.23,0.02,0
O_35rKsvUhA,UCabScupufwcOzAdcVXZrmlg,2026-08-27 22:43:48,9883,46,2,119.78,120.03,0.03,0
O_7iBO56RYs,UC8x8GQmlxAIhHxzU61z0uLQ,2026-08-28 04:43:30,16286,124,11,119.79,120.04,0.04,1
O_JnpM5eFEY,UCSzHok6X5qXEO7cjvVnE62g,2026-07-25 08:00:01,45706,276,32,120.0,120.0,0.0,0
O_RAzoy-gtM,UCSzHok6X5qXEO7cjvVnE62g,2026-08-06 12:00:07,173122,2467,59,120.0,120.0,0.0,0
O_SkYWzcmLc,UCxn8csYeZg6awRnZS-aqg0g,2026-08-28 17:00:49,14709,373,38,120.0,120.0,0.0,1
O_Z-r9XFy8w,UCdF0eCyf5np3lPO4y1fJVdw,2026-07-27 08:40:36,29765,626,19,119.83,120.08,0.08,0
Oa60wbvL02U,UCGW76VChAJKee9kYzvyoycQ,2026-08-16 06:00:37,2691,106,6,119.99,120.24,0.01,1
OaCyXYfPVow,UCYxwKnNRv4FurQxeKcuR0Sw,2026-07-26 14:32:29,31,5,0,119.96,120.21,0.04,0
OaN_b0GZDeo,UCV7WE8I_UiAN0fa6Arezx_w,2026-08-20 21:00:23,30,0,0,119.75,120.01,0.01,0
OaPiZpZEddw,UCSzHok6X5qXEO7cjvVnE62g,2026-07-15 10:00:17,53482,258,34,120.0,120.0,0.0,0
OagjflnKNZk,UC-FiQR2gg8oiNw98ZdsSX6Q,2026-08-26 12:00:06,1004,3,0,119.76,120.01,0.01,0
Oah09FoHh3o,UC_m_uqd_9s0hZvlgfvCzqbQ,2026-07-22 13:04:26,1319,1,0,119.93,120.18,0.07,1
Ob9wQE-w_kQ,UCDHGqgpiHQAsE0UiltRqhfQ,2026-08-27 09:30:09,42317,55,23,119.76,120.01,0.01,0
ObZW8mkeydM,UC00raQBBBGagQthJ01ZYIIQ,2026-08-02 03:00:19,2092,41,11,120.0,120.0,0.0,0
Obg0gl-kDSQ,UCsuanL5kXO29Uzz3MWlBsMQ,2026-07-27 07:44:24,373,8,0,119.76,120.01,0.01,0
ObwvFQMyKho,UCV7WE8I_UiAN0fa6Arezx_w,2026-08-02 12:00:26,28,1,0,120.0,120.0,0.0,0
ObzTtPBW0xg,UC6YKLXN1w8pyqFwCO0UJ9sw,2026-08-11 04:51:08,403734,8620,146,119.9,120.15,0.1,1
Oc2dwM6avhk,UCV6mNrW8CrmWtcxWfQXy11g,2026-08-20 01:00:12,147946,5214,171,120.0,120.0,0.0,1
OcJTZCOwC-E,UCgvtwZJPhSfbKOxh3EoVXng,2026-07-24 22:53:16,8,0,0,119.86,120.11,0.11,0
OcKXzRZZtIs,UCWU2V62eLE3oQ7AjIGS2STQ,2026-07-12 15:13:02,1416,21,4,119.78,120.03,0.03,0
OcQJY_wxp4c,UCSzHok6X5qXEO7cjvVnE62g,2026-08-07 08:00:27,56764,285,35,120.0,120.0,0.0,0
OcSJHL6WH_0,UCJDXc9JWCZo-nLNKr_-L2Ng,2026-07-23 15:30:15,4899,178,8,120.0,120.0,0.0,0
OcXsng1OsXM,UCsYhDrv21N78Yt5wCQL_soA,2026-08-11 07:30:03,18693,209,7,120.0,120.0,0.0,1
Oce3Xm_xMM0,UCw1DsweY9b2AKGjV4kGJP1A,2026-08-13 09:30:24,76401,228,14,120.0,120.0,0.0,1
OcoWI1gZAIM,UC9jOsXFn3RwXEW3qUyySjAQ,2026-08-02 00:39:26,611,15,0,119.84,120.1,0.1,0
Ocr0VNk_rlI,UCuWcjpKbIDAbZfHoru1toFg,2026-08-27 19:41:17,41802,2259,113,119.82,120.07,0.07,0
OcwCZsMmUQk,UCsYhDrv21N78Yt5wCQL_soA,2026-08-18 06:30:21,26143,442,12,120.0,120.0,0.0,1
Od0S-UHWMhw,UC4oe-OVZ2Ho-03yrMkrXomQ,2026-08-08 07:00:13,236459,3814,301,120.0,120.0,0.0,1
Od1RTOiWORs,UC_m_uqd_9s0hZvlgfvCzqbQ,2026-08-13 00:35:06,181,7,4,119.92,120.17,0.08,0
Od3kDUJGskA,UCH29Gz8a6veRLqUxzjBXHrQ,2026-07-22 10:41:54,23047,887,27,119.81,120.06,0.06,0
Od3rzTb896M,UCpCBP5cVIBvezPI1LKFMYjA,2026-08-27 12:00:33,23818,432,9,119.75,120.01,0.01,1
OdfxvaFvd7E,UCt8CJiye87FMbEwt0npPMuQ,2026-08-26 18:12:50,4915,111,11,119.8,120.05,0.05,1
OdnxVoYkzek,UCjiXXUsdl0F0aUkTbv8ZVTA,2026-08-16 15:57:56,3246,86,4,119.79,120.04,0.04,0
Ods9HdZwI48,UCg7rkxrTnIhiHEpXY1ec9NA,2026-07-18 07:00:13,214886,8036,436,120.0,120.0,0.0,0
Oe1b7MnqxIU,UC1IUMdwaJ22A6FkPiI8dcig,2026-08-08 13:56:00,32361,735,14,119.82,120.07,0.07,1
OeAiM6KqaAo,UCQSEAbOs6vsJfy7WN7iYaGQ,2026-08-11 18:34:16,68987,1686,93,119.93,120.18,0.07,0
OeFG_CnmiRA,UCzkk3MGFFeiN0E0T3AEeg_g,2026-08-09 09:44:10,113962,382,254,119.77,120.02,0.02,1
OeOE7iojeQc,UCBtJuwDt6LlXp2YASC-ZMdA,2026-08-14 09:00:02,338,3,0,120.0,120.0,0.0,1
OeUH3FXHdg4,UCL_IvtOZo6sONpiydbzzHpA,2026-07-29 15:00:10,80827,1017,219,120.0,120.0,0.0,0
OeUOdk1dqK0,UCV6mNrW8CrmWtcxWfQXy11g,2026-08-01 12:55:54,69955,2470,147,119.82,120.07,0.07,0
OeVFSVDHlBU,UCpcTrCXblq78GZrTUTLWeBw,2026-07-12 22:02:53,827330,13903,126,119.95,120.2,0.05,1
OeVkfNd9vdw,UCaN1Qp37sHiCdQuSaXa3fVw,2026-08-15 07:00:18,38643,669,13,120.0,120.0,0.0,1
OebBuPvvwtE,UC_8GOc5dWX2Kpb74_nQ7vSQ,2026-07-26 04:00:03,132074,4054,338,120.0,120.0,0.0,0
OedvnSdzes4,UC4VWaR3R17Ruc7j1Cy1-PKQ,2026-08-17 06:06:04,1540,1,0,119.9,120.15,0.1,1
OevXSdkShHo,UCzps05UZ7XpX3SFoFyYIDow,2026-08-29 06:54:20,39719,121,149,119.86,120.11,0.11,0
Of512kbp7jk,UC543-TDm6IvHHZXwdSFioMw,2026-07-22 11:00:16,24620,323,25,120.0,120.0,0.0,0
OfFVS8S5vo4,UCZ-UuK86Bk5sGzQQ2cEglJQ,2026-07-25 08:30:19,403075,5780,81,120.0,120.0,0.0,1
OfJ3MdPPRT0,UCD2YO_A_PVMgMDN9jpRrpVA,2026-07-19 07:20:36,871125,5350,712,119.91,120.16,0.09,0
OfQxLCcqaOQ,UC78d2aaqdrt02RfmtRLmlAw,2026-08-28 16:00:10,38377,232,22,119.76,120.01,0.01,1
OfXidpjc4RE,UCp6n8d8Y8r3MwKNw_MMaouQ,2026-08-30 15:37:16,16632,209,7,119.89,120.14,0.11,1
OfddU3lpCxY,UCqIwPYLfMd3EoWYwvyTjPnA,2026-07-29 23:00:04,48329,382,57,120.0,120.0,0.0,0
OfnJ5QCtfZM,UChHxLcNi7e0zu-e33HM6v6A,2026-07-22 03:31:14,38825,210,87,119.98,120.23,0.02,0
Og0xTW8ISjw,UCJmnOEp1-OITEU0mk4icM5A,2026-08-26 12:00:06,40340,516,13,119.76,120.01,0.01,1
Og6WMQ6uu3c,UCI3DTtB-a3fJPjKtQ5kYHfA,2026-08-30 14:30:37,7421,9,3,120.0,120.0,0.0,0
Og9h7ozStCM,UCuCmLrNT5MbpqfrSSKHqTug,2026-07-27 12:03:49,10565,82,19,119.94,120.19,0.06,0
OgDdIOMfcWA,UC6NXJtCn3p-actkvBUlHwDA,2026-08-27 18:48:18,26910,48,2,119.96,120.21,0.04,0
OgEqXaATMCc,UCqRz_-l3GCmWb92u8P33RYQ,2026-07-25 06:45:31,32054,320,73,119.99,120.24,0.01,0
OgLiS3NuhgE,UCAVR6Q0YgYa8xwz8rdg9Mrg,2026-07-31 14:00:10,135552,6219,67,120.0,120.0,0.0,1
OgZ51N8HRfQ,UCifCesg-EUkjKyQedaB3hRg,2026-08-21 16:50:59,278616,2372,19,119.91,120.16,0.09,0
OgawNNh4Kho,UCzps05UZ7XpX3SFoFyYIDow,2026-08-31 03:47:41,232610,661,66,119.97,120.22,0.03,0
OghDW6FZUyc,UCgvtwZJPhSfbKOxh3EoVXng,2026-07-24 10:09:35,4,0,0,119.84,120.09,0.09,0
OghkR8NoHFU,UCXNh3eUHXEkL7h1w1KYQRKQ,2026-07-26 06:52:37,35853,347,8,119.87,120.12,0.12,1
Ogja4S6rwy4,UCby0vMKcLR05ZdS90aZd5og,2026-08-08 10:03:26,809,7,0,119.95,120.2,0.05,0
OhJr7ODPE5g,UCcstDLbuhxEbFKkPZ6wST2A,2026-08-03 03:00:28,17536,66,23,120.0,120.0,0.0,0
RE3qSrURc94,UCSgvQDek_7CQj08fu7kp1Iw,2026-07-20 08:44:37,40382,377,32,119.76,120.01,0.01,1
REO2FAgFLmA,UCjOtzpfj5lF9erwTEQYkxtQ,2026-08-09 03:00:07,50614,965,46,120.0,120.0,0.0,0
REUOrB2uUVo,UCJDXc9JWCZo-nLNKr_-L2Ng,2026-08-05 14:40:09,2544,93,3,119.83,120.08,0.08,0
REdv08KaiCc,UCl402YYy7RcH7PBI3npmGPQ,2026-08-22 05:45:26,536925,5056,66,120.0,120.0,0.0,1
REvaC8Ndrik,UCS2OAdHoLt-9T6cG9A2H49Q,2026-07-30 09:01:44,42118,189,17,119.97,120.22,0.03,1
REzzcHJ4Qws,UCCd3jyJmOFzkJEMj5Bp89rw,2026-07-12 15:00:15,2309,137,2,120.0,120.0,0.0,1
RF5olyAongY,UCifCesg-EUkjKyQedaB3hRg,2026-08-20 01:40:21,207647,1938,3,119.83,120.08,0.08,0
RFIvYuQifSw,UCBvkOBLsSj9kusGYlroQkBg,2026-08-27 12:29:51,100533,993,42,119.76,120.01,0.01,0
RFX3Y92Fq8Q,UCJ0tK-1sP4BKqy6fBDQmZKg,2026-08-26 01:51:27,39,1,1,119.9,120.15,0.1,0
RFYsmnaKbYY,UCBvKuSAkXERBnGSQOH0Sarw,2026-08-17 18:03:52,7003,95,6,119.94,120.19,0.06,0
RFfgwzaLXOA,UCw2zOqd6hXsny79qDki_Z4w,2026-08-31 10:13:50,210857,3065,732,119.78,120.03,0.03,0
RG02zjW5rfc,UC_e83kYlGHWbsrr8QCfV_ag,2026-07-22 15:52:59,41272,108,97,119.87,120.12,0.12,0
RG4AiDm5yuQ,UCksGX0hODm1Ev6mysrToMqg,2026-08-15 02:00:01,7182,223,25,120.0,120.0,0.0,0
RGI1tUBJMio,UCmwZePdbUmncnpQptdPH2Jg,2026-07-28 14:37:32,20,1,0,119.88,120.13,0.12,0
RGIfq80HMS8,UC5ScPjbt-a97AJO7SBj6nAg,2026-08-18 07:08:25,315396,6960,181,119.87,120.12,0.12,1
RGKaJ6gk3Fk,UCQfISxq5legTqOt1h1us6lg,2026-08-02 18:51:49,3886,10,1,119.89,120.14,0.11,0
RGMmjSb1-ZA,UCt8CJiye87FMbEwt0npPMuQ,2026-08-21 18:00:00,67320,2647,105,119.76,120.01,0.01,0
RGdhnfUBc8E,UC3RzmV2LX3AmWhZVx0A7u0A,2026-07-17 07:00:32,67821,1548,73,119.99,120.24,0.01,1
RGpuUkFIV54,UCnCFD3met1Ip7OngdF9TRDg,2026-07-25 04:36:22,18923,234,22,119.9,120.15,0.1,0
RHAYkUdvLAo,UCPuD5ZRQWa_JCaY5NokNhtg,2026-08-13 08:38:41,341,6,2,119.86,120.11,0.11,0
RHI2BiEtR0k,UCMZFHqDjg1IE5kzm9fZBOFw,2026-08-28 18:27:22,21259,31,0,119.8,120.05,0.05,0
RHev-F9Ad3c,UCI3DTtB-a3fJPjKtQ5kYHfA,2026-08-28 02:00:10,17687,84,6,119.76,120.01,0.01,0
RHqRcYAMz7M,UC_Xb6sEXAdNv9nHU4988vmg,2026-08-05 08:00:30,522,,0,120.0,120.0,0.0,0
RHztOuBYnOo,UCJmnOEp1-OITEU0mk4icM5A,2026-08-17 07:00:33,26198,323,64,119.99,120.24,0.01,0
RIJw6GWodOE,UC0FUMakBJHsRrfKCGQuWnRA,2026-08-25 09:30:05,18246,291,72,119.76,120.01,0.01,0
RIKe-i_HHgU,UCO8ToDSM2Gvt3EZdOdosxTw,2026-08-10 05:30:08,5203,87,81,120.0,120.0,0.0,0
RIVaGXEqzzA,UCbFLnCfOet-u_kFyA7uX-9Q,2026-08-30 15:00:18,130644,1899,60,119.76,120.01,0.01,0
RIW02b60koc,UCa2liSwjQST4AGcg6LFQakQ,2026-07-30 03:30:35,1059,3,0,119.99,120.24,0.01,1
RIb1ajDZ0fc,UCRq3CDTZ2qe3HiHrZdQKBvQ,2026-08-18 09:27:52,2971,27,5,119.79,120.04,0.04,1
RIbdtSp0T_A,UCxDq2kGOt3h2_ilI0Wih5dw,2026-07-24 02:31:38,5526,38,26,119.98,120.23,0.02,0
RIiSZF9CrXU,UCC1veMJY2wElX0lpYOoNB1Q,2026-07-30 02:30:06,1307132,241,47,120.0,120.0,0.0,1
RIifoYQISAM,UCv1tOT645xHOJrwdGlzjMaA,2026-08-15 12:03:38,25168,316,12,119.94,120.19,0.06,1
RIvHwy5Z7FA,UC0FUMakBJHsRrfKCGQuWnRA,2026-08-22 11:54:00,95526,1077,769,119.86,120.11,0.11,0
RIvb2iPRu1M,UCd6CX2LiQE2dEAPXwk2N0jg,2026-08-03 11:00:10,83228,1193,330,120.0,120.0,0.0,0
RJENpQ3m8BE,UCJDXc9JWCZo-nLNKr_-L2Ng,2026-08-15 13:34:31,2457,103,4,119.93,120.18,0.07,0
RJFjIR_iIoY,UCV6mNrW8CrmWtcxWfQXy11g,2026-08-14 02:00:12,203611,8044,57,120.0,120.0,0.0,1
RJPG_M_EK6I,UCS2OAdHoLt-9T6cG9A2H49Q,2026-08-07 03:00:39,13299,144,34,119.99,120.24,0.01,0
RJZkJcBBfG0,UCt8CJiye87FMbEwt0npPMuQ,2026-07-22 14:15:19,9032,220,31,120.0,120.0,0.0,0
RJf6qoXpwJA,UCp6n8d8Y8r3MwKNw_MMaouQ,2026-08-21 13:54:23,3140,127,4,119.86,120.11,0.11,0
RJgAv2CidNg,UCei_ecYpQqFjYhjLaDPr2Lw,2026-08-30 11:10:52,574,2,3,119.83,120.08,0.08,1
RJidgjPc6lM,UCFCt5RYu41HTg4eX1jdHNxw,2026-08-31 01:22:23,29376,44,0,119.89,120.14,0.11,0
RJpf-_W1bK0,UCdK9h1ILxS49c2LguBUY3rw,2026-08-02 11:30:32,10,2,0,119.99,120.24,0.01,0
RJzWYjjnNQQ,UCoovEJW0dyTWwHiblWDWvyQ,2026-08-13 10:30:32,18045,228,28,119.99,120.24,0.01,0
RK4F9sj-pzg,UCbIQGH_oFu0yfTWNPyquvpw,2026-08-02 14:16:02,357,12,1,119.98,120.24,0.02,0
RKWAKvnJxPI,UCt8CJiye87FMbEwt0npPMuQ,2026-07-28 13:30:02,2407,88,8,120.0,120.0,0.0,1
RKhnXMgpBvk,UCL2ZLyAV0H9Pvi46W7TGdHQ,2026-08-16 11:00:32,24403,182,31,119.99,120.24,0.01,0
RKmVVCBrS4A,UCpcTrCXblq78GZrTUTLWeBw,2026-07-12 21:23:31,2244661,8490,92,119.86,120.11,0.11,1
RL2_ZUwRnyM,UCQfISxq5legTqOt1h1us6lg,2026-08-21 16:46:48,4809,21,0,119.98,120.23,0.02,0
RLEKW3rn5Uo,UCv1tOT645xHOJrwdGlzjMaA,2026-08-13 04:04:54,112827,597,4,119.92,120.17,0.08,0
RLFO9lkjPCY,UCPuD5ZRQWa_JCaY5NokNhtg,2026-08-27 03:53:15,978,5,2,119.87,120.12,0.12,0
RLKjUChjhZg,UC2yOBpLVwB7kzt9C5ZPbB7w,2026-08-23 07:00:08,47323,911,60,119.76,120.01,0.01,1
RLLPHaiCTqc,UCPGl9DV2WUgaqGVXtVrhJWQ,2026-07-14 15:00:10,22,1,0,120.0,120.0,0.0,0
RLNdT6KxnbM,UCn3lLusvOTVdtxZi0EHlSTw,2026-08-26 13:59:48,129,12,0,119.76,120.02,0.02,0
RLu2NvNut18,UCm6Y-gVqhlhX4FzrJCtsSzg,2026-08-06 14:20:15,100531,1442,216,119.92,120.16,0.08,0
RLvBigzA3Vg,UCnMshUhBxDsKFPnxBGmGEpg,2026-08-13 18:51:07,424,17,6,119.9,120.15,0.1,0
RM9ec53zkVo,UCwBkHOTyu57NQi0syf5MLig,2026-08-21 02:00:02,914002,9528,173,119.76,120.01,0.01,1
RMBEzfFkNuI,UC7bcRlidTERRb_MKRHPVSnw,2026-07-31 12:03:05,79083,1445,73,119.95,120.2,0.05,0
RMEA-uLV4hk,UCBtJuwDt6LlXp2YASC-ZMdA,2026-08-13 11:00:04,1421,6,0,120.0,120.0,0.0,1
RMHCrLM6i20,UCby0vMKcLR05ZdS90aZd5og,2026-07-19 09:10:40,4146,7,2,119.82,120.07,0.07,1
RMRivd5cnZo,UCNOj6xtKWCtPbjJV8XPlbLg,2026-08-16 08:59:03,13504,125,9,119.77,120.02,0.02,0
RMgYkd-QBIU,UCKrprPfevcAZpPuRnCO6xOA,2026-08-08 09:30:20,1053,7,5,120.0,120.0,0.0,0
RMhVPs5UBpI,UC141BuVRzSSXJX33Am9yxEA,2026-08-04 09:00:31,6966,166,19,119.99,120.24,0.01,0
RMhaw9gWTnY,UCMbyslGswEPuiNp9yoY_O9w,2026-07-13 15:50:01,100040,768,37,119.92,120.17,0.08,1
RMqVSe3z-x8,UCV6mNrW8CrmWtcxWfQXy11g,2026-08-22 12:14:05,75178,2220,366,119.78,120.03,0.03,0
RMspBCSK6Bk,UCHeg3ApmuXQbqqszaD1fR9g,2026-08-11 02:00:23,14066,284,17,120.0,120.0,0.0,1
RNA0eCfJd-E,UCC1LvVTX2ySKYjeIXkAtvsQ,2026-07-24 09:00:33,161648,2557,56,119.99,120.24,0.01,1
RNDIHQQBBcE,UC8x8GQmlxAIhHxzU61z0uLQ,2026-08-26 14:00:02,12337,49,21,119.76,120.01,0.01,0
RNGOUirBqBc,UC_9W6Z5Y3lDpLk47Y_y5ITQ,2026-08-28 10:04:26,48558,275,16,119.94,120.19,0.06,0
RNayqXPl6G0,UCV7WE8I_UiAN0fa6Arezx_w,2026-08-02 09:00:37,34,1,0,119.99,120.24,0.01,0
RNc9KxtTr40,UCa8Z4uUp51Aqtx4Fq4-3wMA,2026-08-31 05:52:25,2292,66,5,119.89,120.14,0.11,0
RNeFbb6Sl30,UC0aKwoKNeqBaUwiEXmkQaGQ,2026-07-29 03:03:15,52352,1653,104,119.95,120.2,0.05,0
RNmIlYP-oZs,UCTUnpbuKoOODvhLhCO_kO_A,2026-08-07 08:00:35,206,2,0,119.99,120.24,0.01,0
RNo2Q1zWjoc,UC_EEqHc75kYwzrN7L8T2Bfg,2026-08-13 21:47:57,316,16,1,119.95,120.2,0.05,0
RO7P6AtDxo0,UC8Xz3BKjDvQk7lKhH7Hi9nA,2026-08-06 21:58:30,5370,21,13,119.78,120.03,0.03,1
RO8EbZY6KZY,UCV7WE8I_UiAN0fa6Arezx_w,2026-07-22 16:00:19,118,0,0,120.0,120.0,0.0,0
ROWXM-qo9Z4,UCPGl9DV2WUgaqGVXtVrhJWQ,2026-08-01 13:58:10,26,0,0,119.78,120.03,0.03,0
ROcBrCEZaS4,UCMswODzU1ZjjrLyUk7NfwPA,2026-07-16 03:30:02,31612,385,18,120.0,120.0,0.0,0
ROdLiO0BQ-U,UCt8CJiye87FMbEwt0npPMuQ,2026-08-17 17:00:20,3965,188,18,120.0,120.0,0.0,0
RP1NM9w0034,UCAl4HWznMn7KhKBRFO5eiFA,2026-08-07 11:44:47,7259,25,1,119.76,120.01,0.01,1
RPKcDoH0OB4,UCJ_skdHPp19J9qGsgXxjMnA,2026-08-10 08:00:24,4623,79,13,120.0,120.0,0.0,1
RPaX6V6azBs,UC8FErYSi74YwGUAoTpjvgzQ,2026-08-04 09:00:18,15009,417,121,120.0,120.0,0.0,0
JNiMcCXDP64,UCV6mNrW8CrmWtcxWfQXy11g,2026-08-14 00:00:26,19828,955,24,120.0,120.0,0.0,1
JNpY1bjwQ70,UCaHIZAKows704_gk6bjdAog,2026-08-01 23:30:39,35788,381,135,119.99,120.24,0.01,0
JOSA2Mkhu1Q,UCaHIZAKows704_gk6bjdAog,2026-08-17 04:51:57,248049,3610,86,119.89,120.14,0.11,1
JOZLDUwEfaA,UCe-7GwWL1XNlCJyfqBhgrHA,2026-08-06 06:49:32,45623,1993,97,119.93,120.18,0.07,1
JOa28vkR4y8,UCt8CJiye87FMbEwt0npPMuQ,2026-08-05 02:08:14,12433,348,18,119.87,120.12,0.12,1
JOdXHUQPvRg,UCrKSaegnzewdj9-YLsUhoZw,2026-08-09 23:56:26,7749,40,3,119.81,120.06,0.06,0
JOenoV4PdeE,UCSzHok6X5qXEO7cjvVnE62g,2026-07-29 10:00:14,95891,430,84,120.0,120.0,0.0,0
JOikP7NYbiE,UCcum1rCJ5GJeQ_xv0xrohqg,2026-08-01 04:00:21,37238,1309,218,120.0,120.0,0.0,0
JOjZhC8MMm0,UCbFLnCfOet-u_kFyA7uX-9Q,2026-08-16 07:00:29,32632,545,144,119.99,120.24,0.01,0
JP1OlzvhX6o,UCz5LAkkX66OAW-y_WiWf9vA,2026-07-29 10:15:15,5886,33,2,120.0,120.0,0.0,1
JP4eiJtdTnk,UCp9skQ2mP_DfVL8c3gZQUzg,2026-08-04 10:33:05,6649,61,23,119.95,120.2,0.05,0
JPfYdSqI49w,UCKUUL3fMVvYVZdGkKhhjP0A,2026-07-30 03:00:29,211314,3884,55,119.99,120.24,0.01,1
JPi9IlHH6Pc,UCAl4HWznMn7KhKBRFO5eiFA,2026-08-16 13:41:53,3430,8,1,119.81,120.06,0.06,1
JPuBYkufo_0,UCz4b1O9sT73P8DWwx6OvQwg,2026-07-26 04:35:53,11900,180,30,119.91,120.15,0.09,0
JPunfPe_hDE,UCD8r5Jgns2V64-NcUmXclpg,2026-08-01 03:15:06,58674,331,32,120.0,120.0,0.0,0
JPyrUPOPMxA,UCZ-UuK86Bk5sGzQQ2cEglJQ,2026-07-15 09:03:31,30926,568,25,119.94,120.19,0.06,0
JQ8oxYfq8qE,UCL3ooD3l7KEqb85EBZSEkZQ,2026-08-23 12:00:16,16584,131,36,119.76,120.01,0.01,0
JQ9dnqMadOM,UCvrxJgD0T_TFvgsO2nA-fDQ,2026-08-16 21:53:38,106318,994,357,119.86,120.11,0.11,0
JQGOQjhpD3M,UCqPN9LAkx20aBWOafwvQB-Q,2026-07-22 23:00:34,102321,4391,381,120.0,120.0,0.0,0
JQQNoOyadJk,UCXVVG5ZM3SJJCh94xatR8Dg,2026-08-04 09:00:14,32519,80,10,120.0,120.0,0.0,1
JQgU7b3d_TE,UCZ6mNZTiTUrUSbSYPlclI4A,2026-07-29 13:52:40,15740,366,10,119.87,120.12,0.12,1
JR7csgUahHA,UCp6n8d8Y8r3MwKNw_MMaouQ,2026-08-07 12:42:53,8706,510,18,119.79,120.04,0.04,1
JRGHo0OsjGQ,UC-aXNBQ6nwMNeW2V8XB7sBg,2026-08-05 08:00:06,3074,61,13,120.0,120.0,0.0,0
JRHEMERYvv0,UCcsC1X0SyiWcxBTbnjoZ9Ag,2026-08-30 09:00:17,7354,24,13,119.76,120.01,0.01,0
JS0KTDoV7OQ,UCJd2uIrg_ZrSOaaQQr30XoA,2026-07-21 13:46:33,1673,20,1,119.98,120.23,0.02,1
JSEUaYZdtS0,UC8IxyKkhu4YUYK_c76AdcDw,2026-08-13 04:14:12,3231,9,4,119.77,120.02,0.02,0
JSN-4ocYI-4,UCgvtwZJPhSfbKOxh3EoVXng,2026-08-15 09:44:33,35,2,0,119.76,120.01,0.01,0
JSTvhQGSSv8,UCw1DsweY9b2AKGjV4kGJP1A,2026-08-20 10:01:28,6185,38,6,119.98,120.23,0.02,0
JShDTYrO_MQ,UCJA6MZLzTeljmGNFaugdoWQ,2026-08-22 02:20:21,410,10,12,119.92,120.17,0.08,0
JSs9jcrm_YY,UCp9skQ2mP_DfVL8c3gZQUzg,2026-08-14 09:38:23,9005,83,12,119.86,120.11,0.11,0
JTBU-343iG8,UCJDXc9JWCZo-nLNKr_-L2Ng,2026-08-10 16:00:22,6362,157,5,120.0,120.0,0.0,0
JTGABquRS_Y,UCpI-AhCT02iQRGLC2ZcY0Jw,2026-08-11 09:22:47,15404,416,239,119.87,120.12,0.12,0
JTI2x5JmR_Y,UCp9skQ2mP_DfVL8c3gZQUzg,2026-08-07 18:36:25,6505,80,1,119.9,120.15,0.1,0
JTM2GxnMYOM,UC6JB_a6rD1lZ_aZgQvORfrQ,2026-08-05 14:57:15,572,25,0,119.8,120.05,0.05,0
JTTEbTyXuGI,UCKrprPfevcAZpPuRnCO6xOA,2026-08-04 09:30:33,1621,15,9,119.99,120.24,0.01,0
JTU8Io8cvJo,UCYjNEoVziojh1ZCum1q0PNQ,2026-07-22 01:15:17,7174,175,15,120.0,120.0,0.0,0
JTYamVdCAwM,UCH29Gz8a6veRLqUxzjBXHrQ,2026-08-16 09:57:30,23336,809,36,119.8,120.05,0.05,0
JTiyUhnUYc4,UCBexUDlBSJM2h4xZB3ch53g,2026-08-08 07:26:03,37720,496,31,119.82,120.07,0.07,1
JTsVwUcHGCU,UCS-X1uBDTNwAYyydiXjcX9A,2026-08-20 07:31:17,1705,21,0,119.98,120.23,0.02,0
JTyP-37xoWY,UCCd3jyJmOFzkJEMj5Bp89rw,2026-08-19 15:11:18,8396,353,16,119.82,120.07,0.07,0
JUKmP8QnVxM,UCSfhr4gDPFsKuwdmTOWp2jw,2026-07-16 03:30:34,3342,11,2,119.99,120.24,0.01,1
JUO7qHITKuw,UCt8CJiye87FMbEwt0npPMuQ,2026-08-26 18:30:34,6954,180,13,120.0,120.0,0.0,1
JVHPzJCMopw,UCt15X5eHLwyP8PpNtQTkuDQ,2026-07-15 13:37:16,147538,953,474,119.88,120.13,0.12,0
JVljzh4KoUA,UCZ49HaU_D0Tlf1aDA2jU_Vg,2026-08-05 05:00:16,4485,57,15,120.0,120.0,0.0,0
JW1MoDnYpzc,UCOKQpmfKrtu7Nu719CVSw1A,2026-08-27 09:46:06,25887,95,7,119.99,120.24,0.01,0
JWEESTBDJDY,UCgWwo8FJL3MCxfd66ip7nFg,2026-07-18 09:00:33,50192,,61,119.99,120.24,0.01,0
JWI_pXHG4R4,UCrXfM4HsibSucC_NlIY7v0Q,2026-08-07 12:57:48,19607,83,4,119.79,120.04,0.04,0
JWsPtNLrzbk,UC4oe-OVZ2Ho-03yrMkrXomQ,2026-07-28 04:30:02,128810,3049,116,120.0,120.0,0.0,1
JWzUeIzWB6Y,UCL2ZLyAV0H9Pvi46W7TGdHQ,2026-08-21 11:00:07,48200,248,61,119.76,120.01,0.01,0
JX1hLR8vQ-g,UCAl4HWznMn7KhKBRFO5eiFA,2026-07-25 15:37:41,15668,74,39,119.87,120.12,0.12,0
JXC-ne2zPKY,UCz4b1O9sT73P8DWwx6OvQwg,2026-08-15 07:13:43,63268,1013,36,119.78,120.03,0.03,1
JXHRWts01Tg,UCgwFckIyCAj4Znu3c8A1dOQ,2026-08-21 10:54:57,12,1,1,119.84,120.09,0.09,1
JXHwRFKETSQ,UCW1FuNP_2X03y7H0HIujOTA,2026-07-31 06:25:49,0,0,0,119.82,120.07,0.07,0
JXMIn4ZswoQ,UC59jWhPazXYi8Ny4vake45A,2026-08-17 16:36:41,47281,1486,22,119.89,120.14,0.11,1
JXOJT5gAmQw,UCWZqSCSNZT3X8e_HyCJoXMg,2026-07-19 04:53:15,6961,149,15,119.86,120.11,0.11,0
JXVdLJD8LaI,UCksGX0hODm1Ev6mysrToMqg,2026-07-23 05:41:21,22759,420,107,119.82,120.07,0.07,0
JXd247zor-w,UCqI5lyTpC79pOy2D-VXAMdA,2026-07-23 14:47:48,84001,550,121,119.95,120.2,0.05,0
JY20LDPlXTI,UCFCt5RYu41HTg4eX1jdHNxw,2026-08-01 00:57:38,23632,89,2,119.79,120.04,0.04,0
JYGj_8H1vp0,UC3DYSay178fMMPaf3zHwECA,2026-08-05 08:00:17,56107,1489,26,120.0,120.0,0.0,1
JYNDONyxpPs,UCT_AS9Vfdi1RLtP4MIeIZow,2026-08-12 02:59:29,5542,26,7,119.76,120.01,0.01,1
JYTOO8KmCQc,UCZaNYFjF_SRRJPVuGX7yMjQ,2026-07-11 11:19:49,51,2,0,119.92,120.17,0.08,0
JYYpHJiipnU,UCKHx_yf3dI2ajWAjXRJ_9Rw,2026-08-18 20:57:52,4107,77,3,119.8,120.05,0.05,0
JYaaUjOpw5E,UCgT-gb3favw2jQgwxbbwwaA,2026-08-06 05:00:07,187236,2418,19,120.0,120.0,0.0,1
JYg823eJIJ8,UCtRiSpvkhtRXaSjVjEB9LKg,2026-08-22 03:00:35,9599,142,57,120.0,120.0,0.0,0
JYsDIjy5-lM,UCqyzJW0VRYRP_sFELZYdxGg,2026-07-23 08:00:35,6232,128,9,120.0,120.0,0.0,0
JZ8uQN1hias,UC5WN-znPsJK0BbA8aHxZHWQ,2026-07-19 09:00:20,13550,131,5,120.0,120.0,0.0,1
JZYmAqACfYA,UCN7FA8FwikP2p5Vrs5kiivw,2026-08-06 21:00:07,23454,542,13,120.0,120.0,0.0,1
JZidQkwvEXQ,UCV7WE8I_UiAN0fa6Arezx_w,2026-07-12 17:00:21,136,1,0,120.0,120.0,0.0,0
JZnz43y8Qy4,UCLbehOwlIi6QrfZNhC39t4Q,2026-07-27 02:30:21,7611,122,2,120.0,120.0,0.0,0
JZvO-nMl4cY,UCoSniqkitCpxlHrQd5L8A1w,2026-08-04 23:19:26,1472,18,6,119.93,120.18,0.07,0
J_GBE2qSTIM,UCp6n8d8Y8r3MwKNw_MMaouQ,2026-07-23 15:26:14,11197,574,5,119.82,120.07,0.07,1
J_QpwXoOUTg,UCa2liSwjQST4AGcg6LFQakQ,2026-07-22 04:00:04,883,5,0,119.75,120.01,0.01,0
J_W1p9L_Khc,UCPPuXI31ybWYB560T2uAeMg,2026-08-13 08:00:27,10749,83,24,120.0,120.0,0.0,0
J_XZEW9-yac,UC4VWaR3R17Ruc7j1Cy1-PKQ,2026-07-27 03:08:35,986,2,0,119.86,120.11,0.11,1
J_YcG3bwA74,UCwfbSsZ7_sccxcibe60mWlQ,2026-08-29 03:00:26,35863,42,14,119.75,120.01,0.01,0
J_bkZbG-C00,UCQzgMwT5Q6x-Mtq65HRS_0Q,2026-07-31 10:30:37,4486,91,14,119.99,120.24,0.01,0
J_xE5xTp_LA,UCGa52d8Qlv3THghuCAt_nXA,2026-08-03 08:30:22,5018,55,14,120.0,120.0,0.0,0
JaGW8t3znSI,UCIzbqIyEUxtFLYh_sCDoXpw,2026-08-03 03:00:05,442900,3573,91,120.0,120.0,0.0,1
JaJm0Tb3KCo,UCZRH94I89Ps7giJYeK6DlWA,2026-08-30 03:00:25,118954,1160,81,119.75,120.01,0.01,0
JaLfpzaXexA,UCqlcSsDNMYxEsem7bWY-66Q,2026-08-11 09:02:16,4942,151,6,119.97,120.22,0.03,0
JaSopFyejwM,UCqVkQsNin4MdGFrWvzFVOKw,2026-08-16 15:51:02,16475,408,0,119.9,120.15,0.1,0
Lx7Q6werko0,UCaHIZAKows704_gk6bjdAog,2026-08-11 06:30:05,227607,3234,75,120.0,120.0,0.0,0
Lx9A1FeB2gQ,UCpTNtH8yc1Kdl_YFfsQsTYA,2026-08-06 09:00:38,25090,133,13,119.99,120.24,0.01,1
LxM0KBX2vQU,UC0aKwoKNeqBaUwiEXmkQaGQ,2026-08-25 03:00:11,213288,4735,247,119.76,120.01,0.01,1
LxNq7YLSXSE,UCqIwPYLfMd3EoWYwvyTjPnA,2026-07-31 17:14:21,34398,316,14,119.76,120.01,0.01,0
LxR94Hxkw80,UCzSODDx0zQF3nxXOZISCm_w,2026-08-06 13:30:27,850,2,2,119.99,120.25,0.01,1
LxdTwUlL-Yo,UCNRnCc0hg3ZcKdOGXKKv5Ww,2026-08-16 03:15:00,23313,189,23,120.0,120.0,0.0,1
LxlLiCtlns0,UCIvLQ5lZ2kebqnLaGv_FP4w,2026-07-28 15:56:55,1191,12,0,119.8,120.05,0.05,0
Ly0R6rm6jVk,UC8IxyKkhu4YUYK_c76AdcDw,2026-08-05 07:20:33,4391,26,10,119.91,120.16,0.09,0
Ly9GTUaidAs,UCAGUSx1hbPKDqzBZH7bTjiA,2026-07-26 10:00:29,28541,173,16,119.99,120.24,0.01,0
Ly9KUic5A0M,UCYJ0Ucu9jPX5kn6SeDcNaIQ,2026-08-23 22:15:02,130145,803,123,119.76,120.01,0.01,0
LyDVcH2UyYk,UCuwnt_REmD4YsCtFJRoqjFw,2026-08-06 02:30:01,21948,258,167,120.0,120.0,0.0,0
LyNFWhp6hqw,UCV6mNrW8CrmWtcxWfQXy11g,2026-08-21 16:00:06,12006,555,18,119.76,120.01,0.01,1
LyTbSBSnz08,UCrY2B2XX41ReYh9DIWrFfCg,2026-07-19 10:10:19,1104,,6,119.83,120.08,0.08,0
Lyc1OMMGNLc,UCms8Ge7H1ZGgw6nV94fUhUQ,2026-08-09 09:00:06,52874,697,33,120.0,120.0,0.0,1
LymDSTTaF_Q,UCO8ToDSM2Gvt3EZdOdosxTw,2026-08-09 09:00:16,33122,733,65,120.0,120.0,0.0,1
LypttYX5_Yo,UCO8ToDSM2Gvt3EZdOdosxTw,2026-08-28 05:30:40,26064,102,96,120.0,120.0,0.0,0
LyvAGGyObQQ,UC9M8GGVwPqc9ubNruArCNPg,2026-08-30 12:00:13,13558,444,61,119.76,120.01,0.01,1
Lz32nZ1ASos,UCxtZZzggcfOmsW99gYkxsNA,2026-08-20 01:00:56,1036,6,2,119.99,120.24,0.01,0
Lz7WPAEcGnk,UCD9tj7ATjYkyPyWXK_ewNXQ,2026-08-27 00:45:32,651,13,0,120.0,120.0,0.0,0
LzEsMsU6R8s,UCV6mNrW8CrmWtcxWfQXy11g,2026-08-16 10:00:09,383563,18381,108,120.0,120.0,0.0,1
LzKlsJx7_u8,UCETJ2rkwgeYb0OojPNh-DRw,2026-07-16 06:31:58,158,1,0,119.97,120.22,0.03,0
LzQxDwEirJI,UCdK9h1ILxS49c2LguBUY3rw,2026-08-24 11:45:24,9,2,0,120.0,120.0,0.0,0
LzeSTwIcl2c,UCd9oeoY-jLSkhd-J5y_1aYg,2026-08-23 15:08:57,599,4,0,119.86,120.11,0.11,0
LzfGp3zLXjg,UCIOY-akTwtohcU0QB5ksjaA,2026-08-22 05:25:30,517,2,0,119.83,120.08,0.08,0
Lzgfs_G-Mpk,UCNu00qhYj4nPeMNdxuwV6sg,2026-07-16 10:38:35,1163,36,0,119.86,120.11,0.11,0
M-4GhH-fGxY,UCnkytUgy0CtWd06up9CjNxg,2026-08-12 15:00:23,173310,1919,489,120.0,120.0,0.0,0
M-C4ho3eAfk,UCUR5w0E-jQTOO8Q0FZ4ilYQ,2026-07-25 08:53:55,261647,948,169,119.85,120.1,0.1,0
M-He74J4xGU,UCgjaQlejpAnIu0q-xtVfTEw,2026-08-04 06:00:31,8589,111,20,119.99,120.24,0.01,0
M-_Wd-8Tdig,UCAGUSx1hbPKDqzBZH7bTjiA,2026-08-01 05:00:35,40673,779,120,119.99,120.24,0.01,0
M-icMByrvoE,UCKHx_yf3dI2ajWAjXRJ_9Rw,2026-07-28 16:50:51,5839,121,12,119.9,120.15,0.1,0
M-q2IBi1nNo,UCAl4HWznMn7KhKBRFO5eiFA,2026-07-23 12:51:40,14579,68,2,119.89,120.14,0.11,1
M-x5bmgrm8o,UCFTjC8OaMv_kP5frj9UU1Rw,2026-08-28 20:30:09,56317,1424,104,119.76,120.01,0.01,1
M04gjicXs9A,UCN5oT4zGJX-_H6pE5isAEeg,2026-08-15 08:00:08,394406,6203,333,120.0,120.0,0.0,1
M078Gdr1LRQ,UCQJuZxeDv2P05YHcC-tIEVQ,2026-08-28 08:30:21,25870,625,7,119.76,120.01,0.01,1
M0M7mcz_MeM,UC4cKHOBS-nRfKFTwf1n8HGA,2026-08-15 11:19:54,378,,1,119.92,120.17,0.08,1
M0m0IDjym6o,UC2f8VfmEF2_0-rFN4RNHaNg,2026-08-08 16:38:57,17129,344,85,119.85,120.1,0.1,0
M0sY3qLs5xE,UC_8GOc5dWX2Kpb74_nQ7vSQ,2026-08-05 11:30:23,129185,5273,200,120.0,120.0,0.0,1
M0uDj4XU-1M,UCUbOogiD-4PKDqaJfSOTC0g,2026-08-12 10:53:55,73576,341,38,119.85,120.1,0.1,0
M11ZIFnjpkw,UCN8L7Z-dyzu9FzT39RM0fvw,2026-08-27 12:25:15,27594,178,53,119.84,120.09,0.09,0
M12K_s2KgZM,UCIzbqIyEUxtFLYh_sCDoXpw,2026-08-19 03:00:10,142031,1276,48,119.76,120.01,0.01,1
M14xQZnoGkM,UCab17MxxnFtAhGsJVTkSkCg,2026-08-02 11:20:28,632,11,3,119.91,120.16,0.09,0
M16OYV_xTnk,UCkrJBQAut47U8xMUuv8D_3g,2026-07-22 09:03:34,29800,1995,75,119.94,120.19,0.06,1
M1FX72wlcpk,UC9M8GGVwPqc9ubNruArCNPg,2026-08-31 12:00:13,7361,137,16,119.76,120.01,0.01,1
M1KXa1TGWMg,UC6JTm9ObvQFuTEOxOsbmYwA,2026-08-12 09:25:55,40498,946,77,119.82,120.07,0.07,0
M1KbjeBAOXw,UCN8YcyYvYIrtLcwyT-KqbNg,2026-07-21 11:15:32,30620,206,21,119.99,120.24,0.01,1
M1Qd_5RItb0,UCIzbqIyEUxtFLYh_sCDoXpw,2026-08-10 09:56:33,22365,171,41,119.81,120.06,0.06,0
M1RUGJ8VF70,UCaCFlaIQAmiU_mLnZq5E-tA,2026-08-18 06:43:51,0,1,1,119.78,120.03,0.03,0
M1oShElaLFY,UC0aKwoKNeqBaUwiEXmkQaGQ,2026-08-26 10:30:02,70312,1190,470,119.76,120.01,0.01,0
M1r1YVvCgiw,UCzSODDx0zQF3nxXOZISCm_w,2026-08-13 10:00:31,345,4,0,119.99,120.24,0.01,0
M1uJWZyj7g0,UC1dG3vI9FfHnH3YgyeKUz_A,2026-08-20 13:15:33,132553,728,113,120.0,120.0,0.0,0
M24U_fbERSQ,UCkrJBQAut47U8xMUuv8D_3g,2026-08-21 13:10:41,5589,160,27,119.84,120.08,0.08,0
M2nv44Ir-HE,UCgLFbrC7-g0ihBKB0obVPTg,2026-08-26 13:34:02,821,9,0,119.94,120.19,0.06,0
M2w0fnt8A9A,UCPGl9DV2WUgaqGVXtVrhJWQ,2026-08-07 13:55:35,6,0,0,119.83,120.08,0.08,0
M3-tlqGs8jc,UC_m_uqd_9s0hZvlgfvCzqbQ,2026-08-19 11:33:24,265,4,0,119.95,120.2,0.05,1
M30QOIsxmng,UCp6n8d8Y8r3MwKNw_MMaouQ,2026-08-20 12:00:59,11693,171,4,119.99,120.24,0.01,1
M35A9k1e-uI,UCK1aVlIbEBrdhv-gbSgGIkQ,2026-08-08 09:00:22,329,3,0,120.0,120.0,0.0,1
M3LslEk05oU,UC8rbhIem-3aAsNXhTDI-nSA,2026-07-20 22:00:09,77693,1129,66,120.0,120.0,0.0,0
M3Rtwt8p9Hg,UCXQoI3upwKr47JAiVaYkvIw,2026-08-02 13:10:50,9040,105,23,119.82,120.07,0.07,0
M3W2njDWN-g,UC_8GOc5dWX2Kpb74_nQ7vSQ,2026-07-24 09:00:16,68455,2008,386,120.0,120.0,0.0,0
M3aIw_vbcyQ,UCo33r3SAf5z9MS-lrXV2aOQ,2026-07-12 07:00:00,61096,698,17,120.0,120.0,0.0,1
M3gm-r9S-tw,UCYsRymb9vAsOOLBy-Wo1kRg,2026-08-14 07:01:48,918,9,1,119.97,120.22,0.03,1
M3nN-pjVBrk,UCX11f6rIVaoWGvFnKKyPBNQ,2026-08-07 20:02:58,35265,754,155,119.95,120.2,0.05,0
M3qmebhYCM4,UCPp6kLLWggTuACsQwFibg8A,2026-08-23 10:08:50,119535,684,35,119.86,120.11,0.11,0
M40KIeIn4og,UCzps05UZ7XpX3SFoFyYIDow,2026-07-29 05:00:20,18551,240,22,120.0,120.0,0.0,0
M41Q246zD8c,UCj9uo6AP4b1D_BhPtrDPfvA,2026-08-20 08:00:03,170192,1712,181,120.0,120.0,0.0,1
M464WPW_gek,UCN5789pKaFwqjVBvg6yws_w,2026-07-17 00:32:17,2,0,0,119.96,120.21,0.04,0
M47SvmtqeQg,UCr4WCOxirRA-BzVu-MH_WqQ,2026-08-12 09:22:05,3235,28,5,119.89,120.14,0.11,1
M4GmPZ1zDM4,UCPuD5ZRQWa_JCaY5NokNhtg,2026-08-24 05:44:28,511,9,2,119.77,120.02,0.02,0
M4c45kxWRoE,UCV7WE8I_UiAN0fa6Arezx_w,2026-07-12 14:00:17,106,3,1,120.0,120.0,0.0,0
M4dfc-7_d-8,UCim7oePrB5hdfhcYwgUY6Jw,2026-08-02 13:00:33,13019,72,19,119.99,120.24,0.01,0
M4dzDGhNkzY,UC9DNu8JRIcE-rpo9eBx1ffw,2026-07-22 10:04:15,7178,57,1,119.93,120.18,0.07,0
M4gnxzqekZ8,UC_m_uqd_9s0hZvlgfvCzqbQ,2026-08-25 08:34:59,1095,2,0,119.93,120.18,0.07,1
M4iX0QcYIcE,UC-FiQR2gg8oiNw98ZdsSX6Q,2026-07-28 11:00:05,1088,8,0,120.0,120.0,0.0,0
M4id8uVoQco,UCOTJtP0Z9DjpPU43B5m1V6A,2026-08-11 09:37:21,128955,1184,165,119.88,120.13,0.12,0
M5M-cWE245c,UCJmnOEp1-OITEU0mk4icM5A,2026-08-06 03:00:00,136759,883,77,120.0,120.0,0.0,1
M5aTtS7iTKc,UCTUnpbuKoOODvhLhCO_kO_A,2026-08-28 06:00:02,4775,39,1,119.76,120.01,0.01,1
M5fNY5lB3OY,UCFJAOgvqcc3fPqdu7fTl-zA,2026-08-13 09:00:39,2772,73,8,119.99,120.24,0.01,1
M635vnZ3Sr4,UC2yOBpLVwB7kzt9C5ZPbB7w,2026-08-28 10:00:02,66858,1006,75,119.76,120.01,0.01,1
M66O5qw6tD0,UCBvKuSAkXERBnGSQOH0Sarw,2026-08-30 18:54:43,14671,54,1,119.85,120.1,0.1,0
M6GYBY-Lnk8,UCaova9Q4UZLPqFnSvq8VxzA,2026-07-24 04:33:56,14079,54,93,119.94,120.19,0.06,0
OhTTcfRV-aM,UCbaRH9U2BEFwhJiodE3qTpQ,2026-08-29 08:59:51,29426,1103,17,119.77,120.02,0.02,1
OhWgi046ay8,UCElXDMEQqlUnuyDbChjARWQ,2026-08-28 08:30:37,13,0,1,120.0,120.0,0.0,0
Ohk2YTlhdWM,UCyU5JQ8KVRD9jE4E_xLsHxw,2026-08-07 02:30:27,18,0,2,120.0,120.0,0.0,0
OhllRh3SYwo,UCzDmGDR5RdahQkLCBoWlTEg,2026-08-30 03:00:02,26806,190,3,119.76,120.02,0.02,0
Ohysqn0n7i0,UCt8CJiye87FMbEwt0npPMuQ,2026-08-10 12:35:32,64159,2599,160,119.91,120.16,0.09,0
Oi1VjJqOmms,UCgWOZQvFZhGuqBCtjmee0XQ,2026-07-15 14:52:49,199,4,1,25.37,712.87,94.63,0
Oi9RLElGSt8,UCZ49HaU_D0Tlf1aDA2jU_Vg,2026-08-07 12:15:49,44969,353,77,119.99,120.24,0.01,0
OiNboVKhDcs,UCQfd-b9GRBrUP0-wCqabLTA,2026-08-21 00:00:28,28396,63,11,119.75,120.01,0.01,1
Oi_cjB2AQ6Y,UCCd3jyJmOFzkJEMj5Bp89rw,2026-07-10 19:00:28,1530,121,2,119.99,120.24,0.01,0
Oj-mywro2qw,UC0Zl_lyMoTbroBSNv7SpGuQ,2026-08-23 08:04:47,274563,,219,119.94,120.18,0.06,1
Oj5-O7ktiFE,UCpcTrCXblq78GZrTUTLWeBw,2026-07-12 18:30:28,65714,1460,269,119.99,120.24,0.01,0
Oj6UQzJ2h50,UCvPGGL-OTEAQlwAUxbcJO8g,2026-08-29 05:27:13,253723,1712,113,119.81,120.06,0.06,0
OjIrTql1HvM,UCw1DsweY9b2AKGjV4kGJP1A,2026-08-02 10:01:29,55402,320,117,119.98,120.23,0.02,0
OjL8E156SZo,UCw1DsweY9b2AKGjV4kGJP1A,2026-07-11 11:57:17,167873,1000,98,119.8,120.05,0.05,1
OjM_YjHPIbc,UCim7oePrB5hdfhcYwgUY6Jw,2026-07-25 13:00:00,16096,86,33,120.0,120.0,0.0,0
OjjXRYunRTE,UCtGMgPWJNU2Aj-SNK0zg0Sg,2026-08-11 09:30:03,93483,509,44,120.0,120.0,0.0,1
OjmHEPXN-vg,UCJDXc9JWCZo-nLNKr_-L2Ng,2026-08-08 16:53:25,3278,126,8,119.86,120.11,0.11,0
OjmZGrGAuBo,UCUt2AEhC-OOC2EPCzj4DkCw,2026-08-23 23:00:13,9487,174,8,119.76,120.01,0.01,1
Ok4J9YLRXC0,UCbFLnCfOet-u_kFyA7uX-9Q,2026-08-04 13:26:49,39232,711,109,119.81,120.05,0.05,0
OkEOhQ2sWD4,UCabScupufwcOzAdcVXZrmlg,2026-07-14 11:20:23,26171,293,163,119.91,120.16,0.09,0
OkVqlCTrpeI,UCY_vDlvG-BTDRIOk_I9QQ6g,2026-08-27 03:37:59,18252,98,29,119.88,120.13,0.12,0
OkyBN6uWqnI,UCuCmLrNT5MbpqfrSSKHqTug,2026-08-19 06:00:35,4304,27,9,119.75,120.01,0.01,0
OkyjrxaDxPQ,UCp6n8d8Y8r3MwKNw_MMaouQ,2026-08-15 14:47:39,2261,197,1,119.96,120.46,0.04,0
Ol2gC56zt20,UC-FiQR2gg8oiNw98ZdsSX6Q,2026-08-19 12:30:39,4657,31,5,120.0,120.0,0.0,0
Ol6o_BltrAs,UCw1DsweY9b2AKGjV4kGJP1A,2026-08-27 07:30:16,98259,239,22,119.76,120.01,0.01,1
OlEkjZz-Eas,UCV7WE8I_UiAN0fa6Arezx_w,2026-08-09 10:00:12,31,1,0,120.0,120.0,0.0,0
OlL0US43GBc,UCTVkjiEiaiSbEq0Qwd5XTPA,2026-08-28 14:59:22,1796,17,2,119.77,120.02,0.02,0
OlPnrpfmkgI,UCpcTrCXblq78GZrTUTLWeBw,2026-07-30 05:30:00,262724,5723,83,120.0,120.0,0.0,1
OlQBIAQ-e1A,UCV6mNrW8CrmWtcxWfQXy11g,2026-08-07 10:00:32,382293,15167,112,119.99,120.24,0.01,1
OlRiYyA-QtM,UCIvLQ5lZ2kebqnLaGv_FP4w,2026-08-29 19:05:53,2401,12,2,119.91,120.16,0.09,0
OlSwZA0bDi0,UCAl4HWznMn7KhKBRFO5eiFA,2026-08-23 12:16:29,13260,121,6,119.99,120.24,0.01,0
OlTLdd7_ivw,UCms8Ge7H1ZGgw6nV94fUhUQ,2026-07-24 06:00:05,2425,28,1,120.0,120.0,0.0,1
OloZEfI3R-A,UC3RzmV2LX3AmWhZVx0A7u0A,2026-08-03 07:00:39,430437,8067,250,119.99,120.24,0.01,0
OlovOnfEvX4,UCPJGXrPIVKBR8PJY7w33WZw,2026-08-10 01:00:16,83175,1238,265,120.0,120.0,0.0,0
Om-JYMOBvvI,UCpcTrCXblq78GZrTUTLWeBw,2026-07-20 00:22:05,46175083,537150,5126,119.88,120.13,0.12,1
Om-wHtX6mi4,UCXAXCxTCCYYKsLJNzEvjqfw,2026-07-26 14:45:07,38305,427,17,120.0,120.0,0.0,1
OmC55NJc1iQ,UC4ncZM9bnBknxPkJbq4miHQ,2026-07-31 10:00:36,65810,1038,65,120.0,120.0,0.0,1
OmIs2q_WeUw,UCUR5w0E-jQTOO8Q0FZ4ilYQ,2026-08-27 06:05:17,50095,66,37,119.92,120.17,0.08,0
OmREti9P248,UCJDXc9JWCZo-nLNKr_-L2Ng,2026-07-25 17:00:34,11470,207,6,119.99,120.24,0.01,0
OmTgGD-Rwh8,UCEg24oF81p-THPtp3otdmTA,2026-08-08 09:00:38,69178,2922,129,119.99,120.24,0.01,0
OmVCCJnzhGk,UCAGfDVBYmUlAxUYYLvtrvyA,2026-08-08 09:00:33,37,6,10,120.0,120.0,0.0,0
Om_J_NAhUno,UCXAXCxTCCYYKsLJNzEvjqfw,2026-08-07 19:15:28,52635,700,254,119.99,120.24,0.01,0
OmchooJ_QgU,UC0vqyzJ-1l3AJl3IkKu0bhQ,2026-08-11 02:57:19,40,4,2,119.8,120.05,0.05,1
OmwKBJ5jyYk,UC5ThQKdocwo_9UurfT5P_ww,2026-08-22 02:00:13,316420,4247,147,119.76,120.01,0.01,1
On1h0yOQ5_A,UCgLFbrC7-g0ihBKB0obVPTg,2026-08-03 19:09:26,73,2,0,119.85,120.09,0.09,0
On7nkHxTajI,UCPsZX-D7LW99PjZLA-UysPQ,2026-08-28 09:00:13,1485,5,0,119.76,120.01,0.01,0
On8wTeMz5rI,UCPp6kLLWggTuACsQwFibg8A,2026-08-18 02:00:36,165757,906,104,119.99,120.24,0.01,0
OnBQPirrKjU,UCHYMpkGhNIr8A0m2H3lIjUA,2026-08-14 13:00:10,23161,228,34,120.0,120.0,0.0,0
OnLQkbTOWo4,UCuXE-MdbuaZcPt_2J2kSsSQ,2026-07-26 12:55:54,956,1,0,119.82,120.07,0.07,1
OnSbDphw5Ps,UCV6mNrW8CrmWtcxWfQXy11g,2026-08-18 14:00:38,71463,3166,97,120.0,120.0,0.0,0
OnVBaqnhgKM,UC783XWULPW-nDGv_0EYlB6Q,2026-08-31 09:30:24,16117,459,26,119.76,120.01,0.01,1
OnXSnQim_No,UC_E_qYfGKM3C0kqrp1p8z7Q,2026-08-14 15:00:39,84,7,0,119.99,120.24,0.01,0
OnbrZh2xUUc,UCuXE-MdbuaZcPt_2J2kSsSQ,2026-07-18 03:02:50,119,2,0,119.96,120.2,0.04,0
OneSidMK6ww,UCP8Q-Ku5_RkANynqDFzDWnQ,2026-07-23 15:00:11,5475,74,18,120.0,120.0,0.0,0
OnmzRJiP5YY,UCpcTrCXblq78GZrTUTLWeBw,2026-08-23 04:30:03,38248,519,45,119.76,120.01,0.01,0
Onwq1vcGXbM,UC0uQYROl6H_8-Lb2bFz6yyg,2026-08-27 09:00:13,137730,381,44,119.76,120.01,0.01,0
OoA6dBtTz54,UCPGl9DV2WUgaqGVXtVrhJWQ,2026-07-21 15:00:11,110,1,0,120.0,120.0,0.0,0
OoGRxZRk54A,UCp6n8d8Y8r3MwKNw_MMaouQ,2026-07-24 16:45:19,6392,351,2,120.0,120.0,0.0,1
OoVhZovMg5E,UCKrprPfevcAZpPuRnCO6xOA,2026-07-27 09:00:29,608,3,2,119.99,120.24,0.01,0
OoWmCDLyj2c,UCJYdIDfGkqXTsQq5aW4md0Q,2026-08-15 02:04:34,218,1,0,119.93,120.18,0.07,0
OoXmEFr1Fkk,UCS2OAdHoLt-9T6cG9A2H49Q,2026-08-23 03:00:39,14003,180,42,120.0,120.0,0.0,0
OoeJILdDJHQ,UChLqHuZV0PENIBYxDgXyPLQ,2026-08-23 05:51:06,876263,13260,171,119.91,120.16,0.09,1
OovCzfd3G6A,UCBW_PhuXoHk40xF6nO0Q64w,2026-07-15 23:00:31,9808,259,57,119.99,120.24,0.01,0
OoyW6tv6gAw,UC24GgPBq5W3v34z0p0uk1Ow,2026-08-23 09:27:37,354,3,0,119.8,120.05,0.05,0
Op3qFcqUoQA,UCKttwyzsHvW7bCo7YfTacVQ,2026-08-29 16:34:46,3126,15,0,119.93,120.18,0.07,0
OpCzysh4b3o,UCt8CJiye87FMbEwt0npPMuQ,2026-08-10 12:00:01,2237,99,3,120.0,120.0,0.0,1
OpRUpWPqpdg,UCoSniqkitCpxlHrQd5L8A1w,2026-08-06 23:37:07,1921,25,8,119.88,120.13,0.12,0
OpeCLRTTxuA,UCN7FA8FwikP2p5Vrs5kiivw,2026-08-08 21:00:39,13269,358,10,119.99,120.24,0.01,1
OpfCp96cLqE,UCN5oT4zGJX-_H6pE5isAEeg,2026-08-18 22:00:27,373923,5477,464,120.0,120.0,0.0,1
OpjppB5WgU4,UC6YqXiwCBfPvPTs3wXgWElQ,2026-07-27 11:15:11,35385,202,28,120.0,120.0,0.0,0
OpkZTur6omg,UCFrKhWvZ8oeJQTNP5ZabgJw,2026-07-29 06:02:53,161854,1450,134,119.96,120.21,0.04,1
Opq52O_R9OI,UC86GXx7Ap-Cahlb0r0xT-ZQ,2026-08-24 12:00:35,6399,50,9,119.75,120.25,0.25,0
OptHDFEL0fs,UCt8CJiye87FMbEwt0npPMuQ,2026-07-31 16:00:02,16218,759,88,120.0,120.0,0.0,1
Oq3yRCoxvrs,UCKttwyzsHvW7bCo7YfTacVQ,2026-08-14 16:56:39,984,25,0,119.81,120.06,0.06,0
Oq4Y8bavH4A,UCV6mNrW8CrmWtcxWfQXy11g,2026-08-27 23:32:17,781384,9892,95,119.97,120.22,0.03,0
Oq5bWia_GHg,UCnkytUgy0CtWd06up9CjNxg,2026-07-21 11:00:07,440121,4569,71,120.0,120.0,0.0,1
OqGSFmBOyxY,UChLqHuZV0PENIBYxDgXyPLQ,2026-08-31 13:21:06,668307,8483,45,119.91,120.16,0.09,1
Oqb0nrsoHaY,UCuwnt_REmD4YsCtFJRoqjFw,2026-07-26 05:21:17,89712,849,148,119.9,120.15,0.1,0
OqiYbvavKMk,UCkd3KAYGnTNPJZZrPOFeWhA,2026-08-25 08:00:20,23186,68,116,119.76,120.01,0.01,0
OqnUPrrqIvs,UC2yOBpLVwB7kzt9C5ZPbB7w,2026-08-22 10:00:17,137768,2224,66,119.76,120.01,0.01,1
RPmBE1d6OYU,UCEuP8zMn3ln3ZqJa85dp9JQ,2026-08-10 09:15:25,20971,1077,25,120.0,120.0,0.0,1
RPmQ3VgrVQU,UCmnCuNh2owRLP48nnS3pe2w,2026-08-19 19:24:24,21,1,0,119.85,120.1,0.1,0
RPsE4HX3Gh8,UCfIUuMA7U_jImP7oWfTe4Pw,2026-08-26 13:57:58,694196,3454,415,119.8,120.05,0.05,0
RPtG4ZTtM_A,UCYxwKnNRv4FurQxeKcuR0Sw,2026-08-09 12:17:13,83,3,0,119.97,120.22,0.03,0
RQ5zb_EBc9A,UCHeg3ApmuXQbqqszaD1fR9g,2026-07-25 15:18:55,115,3,0,119.94,120.19,0.06,0
RQ8G9ku9n7k,UCs0LzOveQMLImmmTrMmP2sg,2026-07-25 03:00:13,17853,92,8,120.0,120.0,0.0,0
RQG5Z6hH9GA,UC5H8Wt-1q_tnn-m4tDTqbUw,2026-08-29 02:40:42,7513,25,5,119.83,120.08,0.08,0
RQLbltW35Oc,UCAl4HWznMn7KhKBRFO5eiFA,2026-07-24 13:30:32,2969,16,0,119.99,120.24,0.01,1
RQPt9S-CrPM,UCHeg3ApmuXQbqqszaD1fR9g,2026-08-25 02:00:09,8316,132,8,119.76,120.01,0.01,1
RQjJIJ6jkSg,UC8CIM3d3zDYMk-3T5aAz0yw,2026-07-20 10:26:13,265793,5783,533,119.81,120.06,0.06,0
RQo0mOvt2IE,UC08-hQbwh7eyr8PlaYG2-sQ,2026-07-27 10:00:29,17187,230,201,119.99,120.24,0.01,0
RQpJdwjo7Yc,UCZNTsLA6t6bRoj-5QRmqt_w,2026-08-26 15:00:02,75218,1653,99,119.76,120.01,0.01,0
RR7k22k5aR4,UCQJuZxeDv2P05YHcC-tIEVQ,2026-08-03 08:00:23,13282,265,25,120.0,120.0,0.0,0
RRUKMoMmWv0,UCAl4HWznMn7KhKBRFO5eiFA,2026-08-23 13:40:48,26297,297,154,119.83,120.08,0.08,0
RRaA6VFAuWE,UCrKSaegnzewdj9-YLsUhoZw,2026-08-27 23:57:02,15705,38,16,119.81,120.07,0.07,0
RRayrqqfr6w,UC6aF-skLT_1X6cdPJxVJXxQ,2026-07-29 02:00:12,32508,838,20,120.0,120.0,0.0,1
RRziQwgOtEQ,UCFHUplScMiWTjJrtv4hxWmg,2026-08-18 11:11:05,58512,494,91,119.83,120.08,0.08,0
RS038MzLmpE,UCZCZHg_oJiHcrcj2vaPRCag,2026-08-13 09:00:29,605,0,0,120.0,120.0,0.0,0
RS09AjS5JG8,UCq6bX1rAJqwt3LmYuHrDPqg,2026-07-25 20:21:33,8102,13,1,119.89,120.14,0.11,0
RS1FARgEUP0,UCoovEJW0dyTWwHiblWDWvyQ,2026-08-22 03:02:16,7916,70,0,119.97,120.22,0.03,0
RS7LE9Vsgl8,UCV7WE8I_UiAN0fa6Arezx_w,2026-08-05 22:00:22,34,0,0,120.0,120.0,0.0,0
RS9Bxy5Ufok,UCpn9dP1b5BhBsU9SduEz1hA,2026-07-23 15:00:22,18275,152,8,119.99,120.24,0.01,1
RSCPIXj_lo0,UCpcTrCXblq78GZrTUTLWeBw,2026-07-14 15:32:31,25385,129,21,119.96,120.21,0.04,0
RSKcjbZyhtU,UCdF0eCyf5np3lPO4y1fJVdw,2026-08-21 09:45:20,3445,128,9,119.76,120.01,0.01,0
RSLiWw_WR7k,UCkd3KAYGnTNPJZZrPOFeWhA,2026-08-03 08:00:27,11966,33,15,120.0,120.0,0.0,1
RSTeGGzXOmQ,UCw1DsweY9b2AKGjV4kGJP1A,2026-08-20 13:00:39,5558,36,26,119.99,120.25,0.01,0
RSWj28ElH1M,UCPJGXrPIVKBR8PJY7w33WZw,2026-08-18 06:00:25,61391,557,105,120.0,120.0,0.0,0
RSatPyWMs1c,UCgjaQlejpAnIu0q-xtVfTEw,2026-08-22 00:00:35,32734,359,50,120.0,120.0,0.0,0
RSdLq1l_PIo,UC6YqXiwCBfPvPTs3wXgWElQ,2026-07-27 08:08:16,32092,175,83,119.86,120.11,0.11,0
RSnETUO78h4,UC9JlObZnbOirT4_iyPGrdcw,2026-08-27 12:23:53,55177,492,20,119.86,120.11,0.11,0
RSubO5i9L8I,UCKHx_yf3dI2ajWAjXRJ_9Rw,2026-07-24 19:25:42,111922,1449,23,119.82,120.07,0.07,0
RSysbbdLnqA,UCzRPPKLkNxjD2of-0Xxfnjw,2026-08-08 09:41:19,11553,248,38,119.81,120.06,0.06,0
RT-xBSCSRNI,UCPJGXrPIVKBR8PJY7w33WZw,2026-08-14 22:10:14,20057,275,73,119.83,120.08,0.08,0
RT1lhNN3Xa4,UCAl4HWznMn7KhKBRFO5eiFA,2026-07-21 15:06:58,18535,80,5,119.88,120.13,0.12,1
RTDURwNDO2o,UC3RzmV2LX3AmWhZVx0A7u0A,2026-08-14 07:00:10,114604,2553,120,120.0,120.0,0.0,1
RTG71DJxgJs,UC4VWaR3R17Ruc7j1Cy1-PKQ,2026-08-14 10:43:48,65,3,0,119.77,120.02,0.02,0
RTQV3mr3i58,UCAl4HWznMn7KhKBRFO5eiFA,2026-08-15 07:57:35,14578,146,16,119.79,120.04,0.04,0
RTWfv2jSf8E,UChfs1dQ5phBDBWZJ1hHLbUA,2026-08-11 09:15:31,49325,666,159,120.0,120.0,0.0,0
RTaMn_gtzFU,UCNZ87V1E_2h_Nyh-zVTRFWA,2026-08-10 01:39:41,981,5,0,119.84,120.09,0.09,1
RTnSVnJmsfM,UC_e83kYlGHWbsrr8QCfV_ag,2026-08-24 11:35:57,11602,98,13,119.91,120.16,0.09,0
RTpaK5JsIwc,UCtjlhCmFXYFXC4uqg1flTBg,2026-08-16 08:41:04,192,4,1,119.82,120.07,0.07,0
RTsiH5qSWyY,UCYGF_xk5RDpltyZDSx040uw,2026-07-31 11:00:14,120866,1259,38,120.0,120.0,0.0,1
RU0vmB30KNs,UCWU2V62eLE3oQ7AjIGS2STQ,2026-08-15 09:48:24,110,4,0,119.95,120.2,0.05,0
RU1oZT_tgQ8,UCby0vMKcLR05ZdS90aZd5og,2026-08-12 13:59:23,267,5,0,119.76,120.01,0.01,0
RU5Vxg1krmI,UCBmPfbqvGwTTfrV-H_UOfdw,2026-07-26 05:00:16,1292165,15588,158,120.0,120.0,0.0,1
RUYwTNJbFoQ,UCI3DTtB-a3fJPjKtQ5kYHfA,2026-08-28 01:04:57,3117,5,0,119.93,120.18,0.07,0
RUauAzP2FGM,UCKttwyzsHvW7bCo7YfTacVQ,2026-07-30 16:04:17,1438,18,0,119.93,120.18,0.07,0
RUc1B5XCUE8,UCO8ToDSM2Gvt3EZdOdosxTw,2026-08-09 06:15:22,8756,156,110,120.0,120.0,0.0,0
RUj78GYo2-E,UCt8CJiye87FMbEwt0npPMuQ,2026-07-12 15:45:17,6899,277,12,120.0,120.0,0.0,0
RV4WH_mIhSo,UCnhGcri8x6xhehanhAe9ipw,2026-08-08 09:50:25,150632,467,164,119.91,120.16,0.09,0
RVDAHh5e8Us,UC_m_uqd_9s0hZvlgfvCzqbQ,2026-07-25 14:29:13,479,2,0,119.77,120.02,0.02,1
RVcJt9_tAgU,UCqVkQsNin4MdGFrWvzFVOKw,2026-08-21 13:01:48,10809,298,2,119.98,120.23,0.02,0
RVd7uCKAkq0,UCw1DsweY9b2AKGjV4kGJP1A,2026-08-13 09:00:11,36932,163,10,120.0,120.0,0.0,1
RVoUuCyUpi4,UCw1DsweY9b2AKGjV4kGJP1A,2026-08-14 09:59:12,49405,240,73,119.77,120.02,0.02,0
RVvGvn_BIw8,UCt8CJiye87FMbEwt0npPMuQ,2026-07-23 17:22:31,7635,259,41,119.88,120.13,0.12,1
RVyKIwg4_tk,UCksGX0hODm1Ev6mysrToMqg,2026-08-06 08:00:06,8793,728,62,120.0,120.0,0.0,0
RW18V3qTD48,UCUae69frfqpKOB3BUMdX5Qw,2026-08-16 03:30:34,352897,6506,136,119.99,120.24,0.01,0
RW7FtwaT7C0,UCFHUplScMiWTjJrtv4hxWmg,2026-08-31 12:06:05,92579,378,201,119.91,120.16,0.09,0
RWAAOgWJuBA,UCdoTrHNHnoRbaQenxK5PEUg,2026-07-13 03:14:23,36,1,0,119.76,120.01,0.01,0
RWZqm88o0Zc,UCFCt5RYu41HTg4eX1jdHNxw,2026-08-25 00:48:27,11104,53,0,119.95,120.2,0.05,0
RX-2lLR3GzY,UCjUnlBpn0Z1L450g79fniRg,2026-07-31 06:50:12,355,3,0,119.92,120.17,0.08,0
RXFf7K_2U7Y,UCFrKhWvZ8oeJQTNP5ZabgJw,2026-07-28 06:15:37,125690,762,72,119.99,120.24,0.01,1
RXMRTmBVIJY,UC9DNu8JRIcE-rpo9eBx1ffw,2026-08-08 10:04:50,3610,12,12,119.92,120.17,0.08,0
RXXFg7dXwnA,UC1IUMdwaJ22A6FkPiI8dcig,2026-08-09 13:41:29,51827,1126,73,119.81,120.06,0.06,1
RXltuQJCJyQ,UCB4gIGaPUiLtpPreFSf8fKQ,2026-08-19 11:00:05,2147,33,7,119.76,120.01,0.01,0
RXmKzy0Adl0,UCzRPPKLkNxjD2of-0Xxfnjw,2026-08-26 14:08:14,1850,10,0,119.88,120.13,0.12,1
RXvi_OncOs8,UCb08r5yPoH-AqM7_XCL4Uhg,2026-08-01 07:00:06,22290,965,161,120.0,120.0,0.0,0
RXxRkAcM4RQ,UCB4gIGaPUiLtpPreFSf8fKQ,2026-08-13 11:00:23,3313,42,10,120.0,120.0,0.0,0
RY3QDyirc1s,UCzps05UZ7XpX3SFoFyYIDow,2026-08-20 08:01:42,10392,179,28,119.98,120.23,0.02,0
RY4RzGq8WTM,UCz5LAkkX66OAW-y_WiWf9vA,2026-08-05 10:15:35,28177,89,8,119.99,120.24,0.01,1
RYQ1YQe1cc0,UCZNTsLA6t6bRoj-5QRmqt_w,2026-07-27 14:00:37,48791,1560,75,119.99,120.24,0.01,0
RYX5tLr74jo,UCBtJuwDt6LlXp2YASC-ZMdA,2026-08-12 10:00:09,403,4,0,120.0,120.0,0.0,1
RYf9-nzdj0Q,UCifCesg-EUkjKyQedaB3hRg,2026-08-02 01:11:31,4823,64,6,119.81,120.06,0.06,0
RYsRl8b5JEQ,UC2ja61Zku_rw3ZBfDZi8cuQ,2026-08-14 08:00:31,65283,1238,87,119.99,120.25,0.01,0
RZ7tOhUs0KQ,UCXu_CcxBZA5S_iG33OzA9PQ,2026-08-30 11:15:21,13766,214,36,119.76,120.01,0.01,1
RZG1opV3pn4,UCKC4R6B8bTLIKH1V9PyD7Iw,2026-07-10 09:00:12,52324,498,24,119.76,123.62,0.24,0
RZIkr3x529s,UCPsZX-D7LW99PjZLA-UysPQ,2026-08-13 03:00:28,1043,9,2,120.0,120.0,0.0,0
RZWVilpX14o,UCTUnpbuKoOODvhLhCO_kO_A,2026-07-23 08:00:23,599,11,2,120.0,120.0,0.0,0
RZbAu3Rem_E,UCv1tOT645xHOJrwdGlzjMaA,2026-08-20 11:40:52,55652,817,15,119.82,120.07,0.07,1
RZo2i0M1Heg,UCAGUSx1hbPKDqzBZH7bTjiA,2026-08-22 05:00:40,44705,827,169,120.0,120.0,0.0,0
R_3ORlSksZc,UCV2rXchZ5JNpvmSIOVEQ5oA,2026-08-15 15:10:59,193748,246,56,119.57,120.07,0.07,1
JaZ-e0kcxSY,UC_e83kYlGHWbsrr8QCfV_ag,2026-08-18 11:25:02,11208,119,18,119.84,120.09,0.09,0
JarLkWc61pc,UCPuD5ZRQWa_JCaY5NokNhtg,2026-07-29 04:00:17,326,5,5,120.0,120.0,0.0,0
Jb2Zgwc9MIU,UCZNTsLA6t6bRoj-5QRmqt_w,2026-08-22 17:00:18,88360,2068,38,119.76,120.01,0.01,1
Jb3h24M03vQ,UCgT-gb3favw2jQgwxbbwwaA,2026-08-23 11:00:08,133465,958,25,119.76,120.01,0.01,0
Jb5nlyFNBi4,UCby0vMKcLR05ZdS90aZd5og,2026-08-06 04:58:31,1253,2,0,119.78,120.03,0.03,1
JbDyiA4l7Gg,UCgLFbrC7-g0ihBKB0obVPTg,2026-08-05 15:32:09,356,6,3,119.97,120.22,0.03,0
JbJPs5JUsrY,UCWVS5IJOkNnkKS5rjiAt9rw,2026-08-21 23:31:00,24083,152,3,119.99,120.24,0.01,0
JbZgDBnVDQs,UCwBkHOTyu57NQi0syf5MLig,2026-08-06 00:00:01,441800,2490,77,120.0,120.0,0.0,1
JbhiN6NlevM,UCjiXXUsdl0F0aUkTbv8ZVTA,2026-08-09 16:15:21,4963,248,11,120.0,120.0,0.0,0
Jbiz0lwIFsQ,UCYGF_xk5RDpltyZDSx040uw,2026-08-13 05:40:35,71963,912,16,119.83,120.08,0.08,1
Jbm06KmJM-w,UCIH7bdyhaJ0nD7jIcgqmQbQ,2026-08-04 00:00:16,22409,234,27,120.0,120.0,0.0,0
JbmCvGlV4os,UCkrJBQAut47U8xMUuv8D_3g,2026-07-16 10:13:24,23433,784,53,119.78,120.03,0.03,0
JbqUK8747mc,UCzSODDx0zQF3nxXOZISCm_w,2026-08-05 07:30:21,1078,2,0,120.0,120.0,0.0,1
Jbv8hDN_i0s,UCVWAdUQGUiY2Kzh0JoB5PtQ,2026-08-25 09:23:51,2034,12,5,119.86,120.11,0.11,0
JcJ8no6lso4,UCMswODzU1ZjjrLyUk7NfwPA,2026-07-24 10:00:40,15658,425,21,119.99,120.24,0.01,0
JcJutx5ROMI,UCAgZP6qUjcVjZsGWtW-l6lw,2026-08-11 10:51:37,11,1,0,119.89,120.14,0.11,0
JcM0RGiSosk,UC_9W6Z5Y3lDpLk47Y_y5ITQ,2026-08-22 16:19:33,17741,261,27,119.93,120.18,0.07,0
JcVmfaaI3V8,UCv1tOT645xHOJrwdGlzjMaA,2026-08-15 12:02:24,126546,3238,45,119.96,120.21,0.04,1
Jd2JE_Lp3xw,UCp6n8d8Y8r3MwKNw_MMaouQ,2026-08-27 13:26:45,124485,3502,55,119.82,120.07,0.07,0
JdJuSHaoP9E,UCrwOSKEMgNGb1SIWqiYaulA,2026-08-20 10:23:27,22212,505,12,119.87,120.12,0.12,1
JdVAXyTiB6M,UCBtJuwDt6LlXp2YASC-ZMdA,2026-08-29 10:00:20,947,6,0,119.76,120.01,0.01,0
JdVj9VKCkSM,UCZuT6NXrfZzYbqCG_RWgSgA,2026-07-31 03:00:05,5274,18,5,120.0,120.0,0.0,1
Jdd8MQ-n7Iw,UCPuD5ZRQWa_JCaY5NokNhtg,2026-08-25 11:03:24,5126,16,14,119.95,120.2,0.05,0
JdeY1_YMbTw,UCPGl9DV2WUgaqGVXtVrhJWQ,2026-08-17 14:10:48,7,0,0,119.82,120.07,0.07,0
Jdra91mAl9w,UCI3DTtB-a3fJPjKtQ5kYHfA,2026-08-30 16:00:36,1669078,11023,390,120.0,120.0,0.0,0
Jds1r10eor8,UCab17MxxnFtAhGsJVTkSkCg,2026-07-23 10:03:07,622,21,0,119.95,120.2,0.05,0
Je0qfVwuqUg,UC5ScPjbt-a97AJO7SBj6nAg,2026-07-24 06:53:53,314525,6425,168,119.86,120.11,0.11,1
Je1rodn5spc,UCpcTrCXblq78GZrTUTLWeBw,2026-07-19 23:34:28,6974043,114963,558,119.93,120.18,0.07,1
Je8JAhEvUFs,UC2yOBpLVwB7kzt9C5ZPbB7w,2026-07-28 04:00:39,59034,855,50,119.99,120.24,0.01,1
JeZg_7fe6Ns,UCl-VnCUwSxDr5zPu-YlDUYw,2026-07-22 08:00:25,83017,1352,29,120.0,120.0,0.0,1
Je_wW9tAxcg,UCV7WE8I_UiAN0fa6Arezx_w,2026-08-25 00:00:31,26,1,0,120.0,120.0,0.0,0
Jej07y1fX-Q,UC-DpK48x4bltMjHHChZ4zBg,2026-08-10 14:45:26,7185,52,10,119.99,120.25,0.01,0
Jej4phRHEfw,UCRq3CDTZ2qe3HiHrZdQKBvQ,2026-08-20 12:32:29,1540,12,5,119.96,120.21,0.04,1
JexGgsiaHBQ,UCyU5JQ8KVRD9jE4E_xLsHxw,2026-07-25 02:30:27,19,3,0,119.99,120.24,0.01,0
Jf-jOHGZ9us,UCtGMgPWJNU2Aj-SNK0zg0Sg,2026-07-29 16:36:00,2880,19,0,119.9,120.15,0.1,0
Jf7bwA7W2r0,UCnCH3Uhv_ynhTNKEH6ekRtg,2026-08-25 07:56:30,13859,160,31,119.82,120.07,0.07,0
JfCD90K-8v4,UCpAZLM9XMzIbqFucUBD8Jtg,2026-08-13 05:45:35,86281,1154,98,119.99,120.24,0.01,1
JfHG8sLyPFw,UCFrKhWvZ8oeJQTNP5ZabgJw,2026-08-02 07:00:18,122733,854,49,120.0,120.0,0.0,1
JfIA2kZyp2Q,UCooLkG0FfrkPBQsSuC95L6w,2026-08-26 08:00:40,40437,405,24,120.0,120.0,0.0,1
JfRpR3ozIzo,UCh7XUfZEEV3pct5zDjx6OZA,2026-07-23 02:31:04,5928,108,37,119.99,120.23,0.01,0
JfTM_vLHUhY,UCZaNYFjF_SRRJPVuGX7yMjQ,2026-07-14 01:48:22,1,0,0,119.95,120.2,0.05,0
Jfy1hGpdszM,UCQePzo3_oRB-6RAzBioc6pg,2026-08-23 11:17:10,3864,37,0,119.98,120.23,0.02,1
Jg3RpG3RniQ,UCw1DsweY9b2AKGjV4kGJP1A,2026-07-30 10:01:00,42807,143,84,119.99,120.24,0.01,0
Jg6pLABSnBc,UCpcTrCXblq78GZrTUTLWeBw,2026-07-19 05:14:31,10916831,71279,646,119.76,120.01,0.01,1
JgDqJMP2jAw,UC-FiQR2gg8oiNw98ZdsSX6Q,2026-08-15 12:00:02,3249,32,3,120.0,120.0,0.0,1
JgHla-zlWJQ,UCElXDMEQqlUnuyDbChjARWQ,2026-08-10 10:41:49,232,0,0,119.81,120.06,0.06,0
JgLGeMqwnZ4,UCZ6mNZTiTUrUSbSYPlclI4A,2026-08-01 10:06:56,48341,1060,30,119.89,120.14,0.11,1
JgTfasdAvH8,UCV6mNrW8CrmWtcxWfQXy11g,2026-08-31 02:00:23,1815536,76904,370,119.76,120.01,0.01,0
Jgq6YfqNjW0,UCMswODzU1ZjjrLyUk7NfwPA,2026-07-20 09:15:19,36391,449,12,120.0,120.0,0.0,0
Jh-dXTNfgzo,UCKrprPfevcAZpPuRnCO6xOA,2026-07-23 09:29:58,14,0,1,120.0,120.0,0.0,0
JhOm--Um4Og,UCepHesz_5Lwr7qRaqjB-p1A,2026-07-23 07:00:10,157616,3156,367,120.0,120.0,0.0,0
JhdicO93dxo,UCSzHok6X5qXEO7cjvVnE62g,2026-07-31 12:00:14,119408,951,157,120.0,120.0,0.0,1
JhnzzgqQUTo,UCMF3M48BakI-ptofqoUqdAA,2026-08-29 14:00:03,10886,123,47,119.76,120.01,0.01,0
JhpncwS3QwU,UCYJDUekoQz0-bo8al1diLWQ,2026-08-11 04:18:33,573801,8601,330,119.94,120.19,0.06,1
Jhup-GehHzc,UCZ-B_El841ME7qGXvYinGmw,2026-08-28 13:41:55,6503,42,5,119.81,120.06,0.06,1
JiAgL4LEe0k,UCkcaRxpTcisadUeCbHOYTFw,2026-08-31 09:15:17,134817,660,132,119.76,120.01,0.01,0
Jijt1YIitvM,UC-okJdotaXPlzivRzHFqzuA,2026-08-24 09:05:04,114851,1076,21,119.93,120.18,0.07,0
Jire4JvDAtM,UCXu_CcxBZA5S_iG33OzA9PQ,2026-08-09 22:24:57,453,7,0,119.84,120.09,0.09,0
Jiv1-viZUuk,UCVqmxk6oNOHj9RFVo4uP_lw,2026-08-08 23:00:36,31150,1036,15,119.99,120.24,0.01,1
JivDva4woE0,UCKttwyzsHvW7bCo7YfTacVQ,2026-08-17 23:31:26,4338,33,0,119.98,120.23,0.02,0
JiwWdz3KLfY,UCFrKhWvZ8oeJQTNP5ZabgJw,2026-08-08 05:03:17,39106,483,26,119.95,120.2,0.05,1
JiwxRjamZUc,UCP8Q-Ku5_RkANynqDFzDWnQ,2026-08-05 15:00:10,5811,41,7,120.0,120.0,0.0,1
Jiygg2Yo4B0,UC-8S20Ll1gzPiu_YY8BgyaQ,2026-08-09 11:04:45,44555,430,14,119.92,120.17,0.08,0
Jj7OU_RONuk,UCyU5JQ8KVRD9jE4E_xLsHxw,2026-07-11 02:30:13,20,1,0,120.0,120.0,0.0,0
JjF0TKnhpNA,UCAEQiQ4Mg6fFkPshBMhPaxw,2026-08-06 10:53:21,1574,61,16,119.86,120.11,0.11,0
JjH7RDFCHoQ,UCV6mNrW8CrmWtcxWfQXy11g,2026-08-28 12:00:36,1285038,41222,739,120.0,120.0,0.0,1
JjPNA4MmdkU,UCV7WE8I_UiAN0fa6Arezx_w,2026-08-31 10:00:27,111,0,0,120.0,120.0,0.0,0
Jj_a67d5wME,UCSzHok6X5qXEO7cjvVnE62g,2026-07-20 12:00:36,318193,3384,54,119.99,120.24,0.01,0
JjojYIWstkE,UClvMduw1MDMQ0PuH753-XSA,2026-08-28 19:00:14,12302,264,44,119.76,120.01,0.01,0
Jjr_pMKtVjU,UC2t5bjwHdUX4vM2g8TRDq5g,2026-07-13 16:00:19,110726,1608,27,120.0,120.0,0.0,1
Jk3MRzf0uB4,UCwBkHOTyu57NQi0syf5MLig,2026-08-08 17:37:49,22574,138,33,119.87,120.12,0.12,0
Jk8yK0KzAE8,UCoH2pCzAr6zWDG-LtUiLWRw,2026-08-28 23:00:28,199139,1650,325,120.0,120.0,0.0,0
JkU0iWI217c,UCL2ZLyAV0H9Pvi46W7TGdHQ,2026-07-15 04:00:15,42525,250,100,120.0,120.0,0.0,0
JkVXmnJakL4,UCcstDLbuhxEbFKkPZ6wST2A,2026-08-29 09:00:34,60671,202,57,120.0,120.0,0.0,0
Jkb7wXwkQWw,UCzRPPKLkNxjD2of-0Xxfnjw,2026-07-26 14:01:32,20283,231,7,119.98,120.23,0.02,1
JkcaKliEcgc,UCws1FXlgdkXB-3FKN_lqgiw,2026-07-29 08:01:35,15,1,0,119.98,120.23,0.02,0
Jkvzii2y1C4,UCV6mNrW8CrmWtcxWfQXy11g,2026-08-13 22:00:19,274711,9636,209,120.0,120.0,0.0,1
JkxmG--QvvM,UC1IUMdwaJ22A6FkPiI8dcig,2026-07-18 10:52:46,30081,810,30,119.87,120.12,0.12,1
JlFkYl-aazs,UCYS2NvZlSjrxZfnn1v7b3QQ,2026-07-26 16:05:26,7,1,0,119.91,120.16,0.09,0
JlQ2JjzzZIk,UCUae69frfqpKOB3BUMdX5Qw,2026-08-02 03:30:28,111361,1483,65,120.0,120.0,0.0,1
JlVLHj10d8o,UC-okJdotaXPlzivRzHFqzuA,2026-07-30 08:59:00,66732,1074,23,119.77,120.02,0.02,0
M6Gcsous7hw,UCrXfM4HsibSucC_NlIY7v0Q,2026-08-09 12:48:40,18525,71,14,119.94,120.19,0.06,0
M6M7eDOE_44,UCpCBP5cVIBvezPI1LKFMYjA,2026-08-10 09:00:17,38176,1000,38,120.0,120.0,0.0,0
M6gn0qisZ8U,UCaj7p2XHGqfBYb2OI-7Q2DA,2026-08-21 03:25:03,91417,1477,171,119.84,120.09,0.09,0
M6mwHQGbu-A,UCFJAOgvqcc3fPqdu7fTl-zA,2026-08-17 07:46:32,278,,0,119.98,120.23,0.02,0
M6yYSBBsAuI,UCJNEIbzzpRl-l1iGdD2BxGg,2026-08-06 02:33:04,6786,81,14,119.95,120.2,0.05,0
M71j4LQ_KsA,UCNOj6xtKWCtPbjJV8XPlbLg,2026-08-12 12:57:17,67728,702,186,119.8,120.05,0.05,0
M7DEDd464tM,UCby0vMKcLR05ZdS90aZd5og,2026-08-11 02:42:31,2586,5,2,119.79,120.04,0.04,1
M7KLmxZ497w,UCBtJuwDt6LlXp2YASC-ZMdA,2026-08-09 04:00:20,1255,7,0,120.0,120.0,0.0,1
M7NySmSgaAU,UCPGl9DV2WUgaqGVXtVrhJWQ,2026-08-18 15:00:39,18,0,0,120.0,120.0,0.0,0
M7Ouimnc6wc,UCraf4ugZTyvFY6AJ0VjIxFA,2026-08-07 16:49:11,1291,,0,119.93,120.18,0.07,0
M81hS1vnjR8,UCtVBI7YLJyDvrx7iWAukx_Q,2026-08-18 04:00:07,36371,834,103,120.0,120.0,0.0,0
M8DwY8f277E,UCos3GN2gX0wLcfuhOAiMotQ,2026-07-26 12:18:07,62939,344,43,119.95,120.2,0.05,0
M8GBlxzVFBQ,UCSzHok6X5qXEO7cjvVnE62g,2026-08-07 12:00:28,234090,3023,53,120.0,120.0,0.0,1
M8GmzsXjShs,UCAl4HWznMn7KhKBRFO5eiFA,2026-08-15 10:55:46,12190,45,6,119.82,120.07,0.07,0
M8osDeTCsbk,UC9qwDE50UcXvdplRNZKEoPA,2026-08-25 07:00:23,12527,339,15,119.76,120.01,0.01,1
M8wxmIOWrMQ,UCzDmGDR5RdahQkLCBoWlTEg,2026-08-29 03:00:02,317419,1258,213,119.76,120.01,0.01,0
M8y4i99Fcpg,UC543-TDm6IvHHZXwdSFioMw,2026-08-30 11:30:24,11660,70,2,119.76,120.01,0.01,0
M98xlmKDY5c,UCBvKuSAkXERBnGSQOH0Sarw,2026-08-25 18:19:00,5050,74,2,119.95,120.19,0.05,0
M9EJ3-fY6Ow,UCmwZePdbUmncnpQptdPH2Jg,2026-07-31 21:29:39,13,1,3,119.76,120.01,0.01,0
M9Jz4rd12Zg,UCJmnOEp1-OITEU0mk4icM5A,2026-08-10 05:00:20,188429,2100,198,120.0,120.0,0.0,0
M9Kzz8lG2JQ,UCwBkHOTyu57NQi0syf5MLig,2026-08-23 04:00:30,275266,2308,65,120.0,120.0,0.0,0
M9PYxZMujhg,UCzSODDx0zQF3nxXOZISCm_w,2026-07-23 09:30:07,1055,4,0,120.0,120.0,0.0,1
M9cGdr91hWg,UCdK9h1ILxS49c2LguBUY3rw,2026-08-19 11:45:34,8,2,0,120.0,120.0,0.0,0
M9dMv4MWNAs,UCYJ0Ucu9jPX5kn6SeDcNaIQ,2026-08-15 01:18:02,142874,966,190,119.95,120.2,0.05,0
M9fwJikWXFE,UCETJ2rkwgeYb0OojPNh-DRw,2026-07-12 14:52:04,163,1,0,119.88,120.13,0.12,0
M9hR8JLYbM8,UCtVBI7YLJyDvrx7iWAukx_Q,2026-08-08 02:00:19,33918,1284,30,120.0,120.0,0.0,0
M9yqsh0FyxM,UC3DYSay178fMMPaf3zHwECA,2026-08-21 04:15:07,14556,451,30,119.76,120.01,0.01,0
MA1eRyx5YA8,UCJN5mgLqkPCTVC5v-12gKjQ,2026-08-26 12:22:54,3773,86,2,119.88,120.13,0.12,1
MA1wWBImLTI,UCj5Y6sl23ln9PL6OiDTL7Gg,2026-08-05 18:01:25,248,17,1,119.98,120.23,0.02,0
MAE39ZydRfY,UCAenntxQB3F7AH637vySglg,2026-07-23 16:01:06,148,3,0,119.99,120.24,0.01,0
MAK18DC5x9s,UCeBa5aBvHvly34S0Uk9Wqig,2026-08-21 08:11:41,68427,300,326,119.82,120.07,0.07,0
MAeaRBDeYsM,UCPuD5ZRQWa_JCaY5NokNhtg,2026-08-10 04:06:18,387,8,2,119.9,120.15,0.1,0
MAgIYFdMNOs,UCXNh3eUHXEkL7h1w1KYQRKQ,2026-08-14 07:14:30,20911,249,9,119.76,120.01,0.01,1
MAoO1dALH9w,UC0vqyzJ-1l3AJl3IkKu0bhQ,2026-08-08 12:59:12,20,3,1,119.77,120.02,0.02,1
MAq3Uon0vJ4,UCPuD5ZRQWa_JCaY5NokNhtg,2026-08-29 22:11:16,2396,12,6,119.83,120.07,0.07,0
MB5XAK4VLb8,UCPuD5ZRQWa_JCaY5NokNhtg,2026-08-31 13:52:57,2188,6,4,119.88,120.13,0.12,0
MB9sGII-hpM,UCpcTrCXblq78GZrTUTLWeBw,2026-07-13 23:30:29,57176,723,108,119.99,120.24,0.01,0
MB_T2BAZQjA,UCkrJBQAut47U8xMUuv8D_3g,2026-08-18 02:54:37,45951,2278,99,119.84,120.09,0.09,1
MBhS0hXfKMc,UC5pdoCANExIVI4yf6DVoxew,2026-08-27 12:12:00,1424,,16,119.82,120.06,0.06,1
MBiUZv8M4ow,UCvPGGL-OTEAQlwAUxbcJO8g,2026-07-13 08:28:09,106978,2000,158,119.78,120.03,0.03,0
MBmmviy2Lzk,UCIvLQ5lZ2kebqnLaGv_FP4w,2026-08-18 08:29:35,6182,38,15,119.77,120.02,0.02,0
MBuVOggeup8,UCAaLhok91QDrweyuDRsmjqQ,2026-08-24 10:26:40,157059,894,113,119.82,120.07,0.07,0
MByjnfV19lE,UCIvLQ5lZ2kebqnLaGv_FP4w,2026-08-30 18:40:19,5780,16,3,119.84,120.09,0.09,0
MC4dXTbq0J4,UCV6mNrW8CrmWtcxWfQXy11g,2026-08-07 02:43:58,37388,762,20,119.77,120.02,0.02,0
MC5j6nmnnqM,UCZRH94I89Ps7giJYeK6DlWA,2026-07-11 03:00:38,31748,492,41,119.99,120.24,0.01,0
MC9oOCQ9H2o,UCwfbSsZ7_sccxcibe60mWlQ,2026-08-25 03:00:32,21847,80,18,119.75,120.01,0.01,0
MCAQxX3nyhs,UCiEMsnnzti6PDNi8TAlSnFw,2026-08-24 19:07:10,52,,0,119.89,120.14,0.11,0
MCCvmq9SC_w,UCXCa03lRK6tlntZoJ7TUWRw,2026-08-18 05:00:16,88210,2497,47,120.0,120.0,0.0,1
MCF0SDHc5fA,UCV7WE8I_UiAN0fa6Arezx_w,2026-07-19 02:00:19,119,1,0,120.0,120.0,0.0,0
MCH7JNmSG7U,UCl402YYy7RcH7PBI3npmGPQ,2026-08-04 06:00:14,202882,1163,168,120.0,120.0,0.0,0
MCJQUsW81X0,UCPGl9DV2WUgaqGVXtVrhJWQ,2026-07-16 13:09:35,323,1,0,119.84,120.09,0.09,0
MCQxFOu4Kr0,UCS2OAdHoLt-9T6cG9A2H49Q,2026-08-04 03:00:22,12597,137,40,120.0,120.0,0.0,0
MCXj4QFLjIk,UCJmnOEp1-OITEU0mk4icM5A,2026-08-19 03:00:30,117011,1300,41,120.0,120.0,0.0,1
MCabx9Ik-2w,UCAl4HWznMn7KhKBRFO5eiFA,2026-07-18 13:24:19,632,2,0,119.85,120.1,0.1,0
MChr6Os7rms,UC4oe-OVZ2Ho-03yrMkrXomQ,2026-08-21 05:00:09,291539,5081,149,119.76,120.01,0.01,1
MCiBJurqABE,UC8C0Yd20ke5XqOiZvMVgM9w,2026-08-18 09:00:29,24710,789,13,120.0,120.0,0.0,1
MCudqbsLwUw,UCgWwo8FJL3MCxfd66ip7nFg,2026-08-20 09:00:10,69271,,86,120.0,120.0,0.0,0
MD1ktWr3Zzk,UCPGl9DV2WUgaqGVXtVrhJWQ,2026-08-08 14:37:09,2,0,0,119.88,120.13,0.12,0
MDH3QUuvuoM,UCZ-B_El841ME7qGXvYinGmw,2026-07-23 12:52:41,4946,101,46,119.88,120.13,0.12,0
MDM2Fx4CC1w,UCaN1Qp37sHiCdQuSaXa3fVw,2026-08-28 06:00:24,207240,,84,119.76,120.01,0.01,1
MDQY9eGN_Vw,UCElXDMEQqlUnuyDbChjARWQ,2026-08-23 08:00:27,33,0,1,119.75,120.01,0.01,0
MDSZLQXvZJc,UCzps05UZ7XpX3SFoFyYIDow,2026-08-17 07:49:33,51636,192,40,119.93,120.18,0.07,0
MDwiESwsDeE,UC-ntxe7eU_afJWEpcTNlVFA,2026-08-15 09:47:12,22859,933,25,119.97,120.22,0.03,0
MDy0N0-ZNVw,UC-yb5eNBQyXBE9nZnht9u-g,2026-08-07 10:00:10,5006,180,29,120.0,120.0,0.0,0
ME1AbzRQJ-k,UCVqmxk6oNOHj9RFVo4uP_lw,2026-07-31 23:00:28,12804,550,64,119.99,120.24,0.01,1
MEaBokhtUFg,UCtGMgPWJNU2Aj-SNK0zg0Sg,2026-08-27 16:12:01,10806,25,1,119.81,120.06,0.06,0
MEjer6H5kyg,UCI4wEWWBEElIbp9jHcFllTw,2026-08-30 12:00:17,11826,5,4,119.76,120.01,0.01,0
MEpNOzS5B9Q,UCz5LAkkX66OAW-y_WiWf9vA,2026-07-27 13:48:55,92,3,0,119.94,120.19,0.06,0
MEwTNUWEJRw,UCYJDUekoQz0-bo8al1diLWQ,2026-07-30 09:01:19,500709,6252,788,119.98,120.23,0.02,0
MEyNuHBhW7w,UCAtGPbK4AWmeoaREsNLLZhg,2026-07-29 02:14:19,91466,1657,921,119.76,120.01,0.01,0
MEy_kjGx4Ks,UCy8OX8RrstkjRrnM5hND_ug,2026-07-23 20:27:02,1855,42,1,119.8,120.06,0.06,0
MF-equZlbvI,UCgvtwZJPhSfbKOxh3EoVXng,2026-08-28 20:33:23,123,2,0,119.95,120.2,0.05,0
MF-zU6udSP0,UCSzHok6X5qXEO7cjvVnE62g,2026-07-27 10:00:11,61751,343,53,120.0,120.0,0.0,0
MFZ6p_Tf2cI,UCyiKngyUPUb1bka4yFrn65g,2026-08-06 10:49:22,10477,64,25,119.93,120.18,0.07,1
MFfLVU9uUkw,UCUae69frfqpKOB3BUMdX5Qw,2026-08-18 03:30:39,56013,854,114,119.99,120.24,0.01,0
MGhDNtp7Lj0,UCfq-5-0b5Lzj7cKCrp6-flA,2026-08-09 08:00:33,25877,634,72,119.99,120.24,0.01,1
MGklsCb0m8A,UCUt2AEhC-OOC2EPCzj4DkCw,2026-07-22 23:00:04,98911,857,34,120.0,120.0,0.0,1
MGoIDByB1wo,UCNu00qhYj4nPeMNdxuwV6sg,2026-07-25 10:22:38,1109,49,0,119.87,120.12,0.12,0
MGsjasDpino,UCSl8TBqqflby-ymdEQVfRNQ,2026-07-29 23:27:07,19057,174,2,119.8,120.05,0.05,0
MH0XDfBs6vM,UC3_QWAvQRhPW4CDoQU8acKw,2026-08-05 07:24:41,40875,943,64,119.84,120.09,0.09,0
MH9klArZSnE,UCl-VnCUwSxDr5zPu-YlDUYw,2026-07-30 09:15:40,7683,122,36,119.99,120.24,0.01,0
Oqo4jxxzelY,UCkvz_CZlthtVo7E2sGa43cg,2026-08-14 13:02:39,183451,2586,205,119.96,120.21,0.04,0
OrNTYJxJ0T8,UC5Yx9RlmznXDUEIrfoSqheA,2026-08-31 19:13:37,37093,44,0,119.79,120.04,0.04,0
OrXgF15XaGk,UC8x8GQmlxAIhHxzU61z0uLQ,2026-07-17 14:00:03,6064,44,16,120.0,120.0,0.0,0
OrcqeREcWYQ,UCHeg3ApmuXQbqqszaD1fR9g,2026-08-05 02:00:07,10866,211,9,120.0,120.0,0.0,1
Os0zVAGieEA,UCroIk85IFzp6OZzKoJFDKuA,2026-08-29 12:41:58,30172,44,9,119.82,120.07,0.07,0
OsEtX6HiOhI,UCZ_xE8U6MVnpwefrYvl2uvA,2026-08-06 09:00:07,169,4,2,120.0,120.0,0.0,0
OsJJmEpnN8M,UCS2OAdHoLt-9T6cG9A2H49Q,2026-08-31 15:00:39,32334,158,16,120.0,120.0,0.0,1
OsMhRrEC4oo,UCFrKhWvZ8oeJQTNP5ZabgJw,2026-08-04 07:00:30,513494,4072,364,120.0,120.0,0.0,1
Osg7He2kzyM,UCmwZePdbUmncnpQptdPH2Jg,2026-08-03 14:13:25,21,1,0,119.78,120.03,0.03,0
OsijZLv7ixQ,UC4cKHOBS-nRfKFTwf1n8HGA,2026-07-25 02:00:05,1006,,23,120.0,120.0,0.0,0
OsrARA4sDns,UCPuD5ZRQWa_JCaY5NokNhtg,2026-08-30 04:28:19,774,7,2,119.79,120.04,0.04,0
OstRgHx3uWo,UCZCZHg_oJiHcrcj2vaPRCag,2026-08-15 15:18:58,52,2,0,119.94,120.19,0.06,0
Ot10ePJ_oWY,UCt8CJiye87FMbEwt0npPMuQ,2026-08-11 13:54:35,5278,161,11,119.84,120.09,0.09,0
Ot1GZclqSXg,UC8C0Yd20ke5XqOiZvMVgM9w,2026-08-14 09:00:22,238506,8139,1000,120.0,120.0,0.0,0
Ot4bfK_0_x0,UCpn9dP1b5BhBsU9SduEz1hA,2026-08-02 16:15:03,22006,332,11,120.0,120.0,0.0,1
OtTheT7LOUQ,UCgLFbrC7-g0ihBKB0obVPTg,2026-08-21 16:46:11,158,4,0,119.99,120.24,0.01,0
OtfUC7cfk0M,UCwBkHOTyu57NQi0syf5MLig,2026-08-29 05:08:58,779198,5155,314,119.87,120.12,0.12,1
Otl2SiPmkN0,UCPsZX-D7LW99PjZLA-UysPQ,2026-07-25 06:00:08,293,1,1,120.0,120.0,0.0,0
OtqpTg04jes,UCkcaRxpTcisadUeCbHOYTFw,2026-08-28 10:26:35,43595,476,10,119.82,120.07,0.07,1
Otw9t3N8T5s,UCApYlKNymyHZ9dlOCImFVBg,2026-08-13 16:25:41,7469,232,7,119.82,120.07,0.07,0
OtyrBFdIW34,UCAl4HWznMn7KhKBRFO5eiFA,2026-08-09 09:00:37,18106,93,2,119.99,120.24,0.01,1
Ou1TZ8locFo,UC3DYSay178fMMPaf3zHwECA,2026-07-13 08:00:19,119899,3031,51,120.0,120.0,0.0,1
OuMUvrL29Bk,UCG3uX-OwJ82T3L3EhC3GPXA,2026-07-20 02:00:38,11861,231,46,119.99,120.24,0.01,0
Ouc2j6E3Gxg,UCqFmG6ofirSWvI9B8mwzvyA,2026-07-24 09:02:29,495,13,0,119.96,120.21,0.04,0
Oun1oKzPyf0,UCIxcZWLQpP-mUZC6_Uljc_Q,2026-07-22 14:20:24,11032,79,16,119.91,120.16,0.09,0
Ov9Acn8J7M8,UCL_IvtOZo6sONpiydbzzHpA,2026-08-28 01:39:00,82767,798,8,119.86,120.11,0.11,0
OvFEcPQ-dko,UCAl4HWznMn7KhKBRFO5eiFA,2026-08-07 13:20:00,18440,74,3,119.92,120.17,0.08,1
OvMW8iuNKTA,UCY_vDlvG-BTDRIOk_I9QQ6g,2026-08-03 15:47:40,2424,43,9,119.96,120.21,0.04,0
OvV2YU2BP8U,UCEJF0q0SqEJ64uA9LCXuSrQ,2026-07-13 08:30:00,1313,72,37,120.0,120.0,0.0,0
OvbiJ8zJ91c,UC0E_zsPAziGgkxaAtwvmFAA,2026-08-23 02:30:19,205590,6465,257,119.76,120.01,0.01,0
Ovj5eHLlqrM,UCPI40-XQA9-GBGj2k8PPqfg,2026-08-06 08:50:02,51209,830,92,119.92,120.17,0.08,0
Ow6AkmDW6zw,UCrKSaegnzewdj9-YLsUhoZw,2026-07-23 04:32:46,34442,212,57,119.96,120.21,0.04,0
OwDM7-K_iS0,UCUbOogiD-4PKDqaJfSOTC0g,2026-08-08 11:29:06,251539,1563,322,119.77,120.02,0.02,0
OwHR-AQCQnE,UCHYMpkGhNIr8A0m2H3lIjUA,2026-07-11 13:00:06,25299,292,30,120.0,120.0,0.0,0
OwR8Ti9BpGk,UCKVt3arMXfa6XZezR1UnjqQ,2026-08-03 22:00:09,4892,62,3,120.0,120.0,0.0,0
OwTCOqueDW0,UCIH7bdyhaJ0nD7jIcgqmQbQ,2026-08-11 09:34:43,64338,1128,13,119.92,120.17,0.08,1
OwU-qQDdq_w,UCcNdwtZ7ulFFxngmnzsWQNA,2026-07-26 02:00:34,41531,372,154,119.99,120.24,0.01,0
OwYG6G_mBb4,UCKrprPfevcAZpPuRnCO6xOA,2026-08-07 09:30:37,1588,10,5,119.99,120.24,0.01,0
OwftZymb8Hw,UC5ThQKdocwo_9UurfT5P_ww,2026-08-18 23:00:01,481276,5396,104,119.76,120.01,0.01,1
Ox0edtEnR60,UCyZtdaxIiGb4wp5AmkEMrwQ,2026-08-31 08:00:24,85519,2381,19,119.76,120.01,0.01,1
OxPCcq3pD5k,UCt8CJiye87FMbEwt0npPMuQ,2026-08-27 18:04:55,17923,275,120,119.93,120.18,0.07,0
OxfiiSs0ZQY,UCikKJvpU0Ylua4hRW6faQRg,2026-08-06 10:39:02,4879,94,0,119.85,120.1,0.1,0
OxhGdIkaY-A,UCYG8tuvbQzWsDeoADyJFU8Q,2026-08-15 18:50:47,3330,58,8,119.91,120.16,0.09,0
OxtFnRCXS34,UC8a9-ubjMyQkDH9Jr8EX0JQ,2026-07-11 19:36:24,105,1,0,119.89,120.14,0.11,0
OxzGvOROlH4,UCT807kAu6fmwES8B5698e2w,2026-08-10 11:00:13,32328,1827,58,120.0,120.0,0.0,1
OyGOMlMKbrI,UCTUnpbuKoOODvhLhCO_kO_A,2026-08-01 08:00:21,434,4,2,120.0,120.0,0.0,0
OyOd05MDHXQ,UCEcRvF_6IRSux8FO-ogFZug,2026-08-08 16:09:45,20890,675,36,119.84,120.09,0.09,0
OyPSQrMYiI4,UCIKORyfTZ0cN-u0hrxHcgUw,2026-08-15 02:44:37,602,6,0,119.76,120.01,0.01,0
OyZe9PSQUG0,UCPsZX-D7LW99PjZLA-UysPQ,2026-08-03 15:00:22,541,5,1,120.0,120.0,0.0,0
Oy_8yp9caRQ,UCsrLyevZL_AEZY0LaYVCYzA,2026-08-15 23:00:08,37,1,0,120.0,120.0,0.0,0
OykCcFhIdlQ,UCi1Tln5CFg1yExpz8djyxjA,2026-08-27 22:52:02,1579136,61339,376,119.89,120.14,0.11,1
OyqNp4oPEAk,UCPv0av3PfTUeTnHGgcXkk8w,2026-07-30 23:59:14,6,0,0,119.76,120.01,0.01,0
Oz3nsAfaF-o,UCqPN9LAkx20aBWOafwvQB-Q,2026-08-11 23:00:28,36226,1684,90,119.99,120.24,0.01,0
OzWwFaCcXX8,UC5ScPjbt-a97AJO7SBj6nAg,2026-08-11 07:28:13,292618,5711,147,119.78,120.03,0.03,1
Ozx6UprZojU,UCdb5lyq0tWbY3jqH35SufmA,2026-08-18 10:30:08,12575,22,12,119.76,120.01,0.01,1
OzyVcjo8RgQ,UChLqHuZV0PENIBYxDgXyPLQ,2026-07-10 13:41:06,39949,598,12,119.82,120.07,0.07,1
P-8RiN-qNkA,UCPuD5ZRQWa_JCaY5NokNhtg,2026-07-24 13:05:08,680,15,3,119.92,120.17,0.08,0
P-UZY94mAxg,UCT-UsvGz4gm7lezXvCEex9A,2026-08-29 05:00:01,1494,10,6,119.76,120.02,0.02,1
P-UsgasDDMo,UCqyzJW0VRYRP_sFELZYdxGg,2026-08-11 10:05:36,73033,77,41,119.91,120.16,0.09,1
P-Zmlkx-0VE,UCT807kAu6fmwES8B5698e2w,2026-07-25 03:00:01,106736,4701,361,120.0,120.0,0.0,0
P-hUWbygGbs,UC3ozN5tHi449NhCDE6Xtmwg,2026-08-30 05:12:01,91285,354,30,119.82,120.06,0.06,0
P-mZJLXEOdA,UCAZVLirygDNDfCNfyIVnTWA,2026-08-29 00:42:28,450,9,0,119.8,120.05,0.05,0
P06MgnEK1mM,UCV6mNrW8CrmWtcxWfQXy11g,2026-08-24 12:00:21,79233,3908,93,119.75,120.25,0.25,0
P0S3d2Kgimw,UC1aBdmKvC6yAiq4xgPLOzKA,2026-08-21 04:30:50,38236,563,37,120.0,120.0,0.0,1
P0_AAiMqdpY,UCuXE-MdbuaZcPt_2J2kSsSQ,2026-08-09 08:43:33,973,1,1,119.78,120.03,0.03,1
P0bY_AdxiO0,UCSl8TBqqflby-ymdEQVfRNQ,2026-07-25 14:53:10,22357,466,184,119.87,120.12,0.12,0
P0e8tqPQRJ4,UCYMXFMiaGBnZ08-wBHS2MPQ,2026-08-10 08:54:14,10764,103,42,119.85,120.1,0.1,0
P0gGnaWYfsU,UCV6mNrW8CrmWtcxWfQXy11g,2026-08-21 04:00:19,32661,1200,44,119.76,120.01,0.01,1
P0lYHS_vO7k,UCBtJuwDt6LlXp2YASC-ZMdA,2026-08-13 10:00:35,1337,5,0,119.99,120.24,0.01,1
P0noQ1l2vC8,UCab17MxxnFtAhGsJVTkSkCg,2026-08-21 16:40:30,6074,54,11,119.84,120.09,0.09,0
P12BmnaU_kc,UCZ6mNZTiTUrUSbSYPlclI4A,2026-08-30 05:00:12,19606,332,8,119.76,120.01,0.01,1
P1Ees4-97JY,UCS2OAdHoLt-9T6cG9A2H49Q,2026-08-26 09:00:05,32457,197,18,119.76,120.01,0.01,1
P1F1GftwvME,UCfq-5-0b5Lzj7cKCrp6-flA,2026-08-27 08:00:18,10607,768,30,119.76,120.01,0.01,1
P1GgTBbKSTM,UCz5LAkkX66OAW-y_WiWf9vA,2026-07-25 09:53:21,60,4,0,119.86,120.11,0.11,0
P1LNf5xbBAk,UCV7WE8I_UiAN0fa6Arezx_w,2026-08-08 10:00:25,21,0,0,120.0,120.0,0.0,0
P1TJtciP_dk,UCdF0eCyf5np3lPO4y1fJVdw,2026-08-02 03:00:04,26816,611,29,120.0,120.0,0.0,0
P1iPuJQ10to,UC5ThQKdocwo_9UurfT5P_ww,2026-08-12 05:27:12,450359,4659,138,119.8,120.05,0.05,1
P1wB0MdOkLY,UCNRnCc0hg3ZcKdOGXKKv5Ww,2026-08-13 17:28:08,11220,82,5,119.78,120.03,0.03,0
P1xR6zazWq0,UCrY2B2XX41ReYh9DIWrFfCg,2026-08-15 09:54:45,3806,,11,119.84,120.09,0.09,0
P2XcFOPmASc,UCfIUuMA7U_jImP7oWfTe4Pw,2026-08-11 13:10:09,333812,2724,150,119.83,120.08,0.08,0
P2gdc_--q0E,UCrxzkAOXEbflxcTbRYnCoTw,2026-08-10 23:00:19,24861,159,37,120.0,120.0,0.0,0
R_DhVwEbAG8,UCSl8TBqqflby-ymdEQVfRNQ,2026-08-16 15:23:08,6687,194,23,119.87,120.12,0.12,0
R_JMvprTYy8,UCdb5lyq0tWbY3jqH35SufmA,2026-08-12 22:30:39,10089,54,17,119.99,120.24,0.01,1
R_OgbTFnIc8,UCHeg3ApmuXQbqqszaD1fR9g,2026-08-29 02:00:30,35577,417,15,120.0,120.0,0.0,1
R_R2VOqZ3go,UCbvvdVOF0teLO-U6GWh1RKg,2026-07-23 10:17:31,3186,49,16,119.96,120.21,0.04,0
R_hGSdB0I4g,UCrKSaegnzewdj9-YLsUhoZw,2026-08-16 23:49:51,5934,41,11,119.92,120.17,0.08,0
R_vHIcByfOI,UCv1tOT645xHOJrwdGlzjMaA,2026-07-14 08:44:08,33596,719,27,119.77,120.02,0.02,0
R_wgSCRHh9w,UCrxzkAOXEbflxcTbRYnCoTw,2026-08-31 23:00:07,42644,172,85,119.76,120.01,0.01,0
R_xK8i1s8cg,UCgyDKBTgkBfa8jWrBb8Npig,2026-07-23 17:09:33,4,0,1,119.84,120.09,0.09,0
R_zmu13Ca3E,UCifCesg-EUkjKyQedaB3hRg,2026-08-22 23:35:55,4027,48,1,119.91,120.16,0.09,0
Ra4JjekI8eI,UCoH2pCzAr6zWDG-LtUiLWRw,2026-08-12 10:31:05,209823,4168,209,119.99,120.24,0.01,1
RaCDLHYvL_E,UCt8CJiye87FMbEwt0npPMuQ,2026-08-26 16:00:14,4373,25,1,119.76,120.01,0.01,1
Raa5mEfLLyo,UCZ6mNZTiTUrUSbSYPlclI4A,2026-08-13 06:00:13,151542,2709,150,120.0,120.0,0.0,1
RadDlxwZ25Q,UCI6Ro_MOr36re4Bhb7nCY7g,2026-08-18 10:00:31,38771,354,84,120.0,120.0,0.0,0
Ran-Ef54_Fo,UCY_vDlvG-BTDRIOk_I9QQ6g,2026-08-20 23:54:01,2331,20,2,119.86,120.12,0.12,0
RaojOnz3ge0,UCYooECrv-fIXlPaDwEIaveA,2026-08-22 09:01:21,34395,355,38,119.99,120.24,0.01,0
Rb1yetnWB_0,UCv1tOT645xHOJrwdGlzjMaA,2026-08-27 13:58:35,33451,95,77,119.79,120.04,0.04,0
Rb3WZ6QGcGE,UCt8CJiye87FMbEwt0npPMuQ,2026-08-19 15:00:08,3439,135,17,119.76,120.01,0.01,1
RbTb9oCwyIM,UC_e83kYlGHWbsrr8QCfV_ag,2026-07-26 11:20:20,26358,18,0,119.91,120.16,0.09,1
Rc077guvtPA,UCtGMgPWJNU2Aj-SNK0zg0Sg,2026-08-29 09:30:31,70249,571,55,119.76,120.01,0.01,1
Rc2MXGB26E8,UCCd3jyJmOFzkJEMj5Bp89rw,2026-07-17 15:00:21,1289,59,0,120.0,120.0,0.0,1
RcAb2yKMX8U,UCr4WCOxirRA-BzVu-MH_WqQ,2026-07-31 10:00:13,7543,40,4,120.0,120.0,0.0,1
RcbgaJGoihU,UCZPfs7xIjGmOGs9kvgGhUKQ,2026-08-31 09:54:55,129,1,0,119.85,120.1,0.1,0
Rcc1XDE6w3E,UCZCZHg_oJiHcrcj2vaPRCag,2026-08-10 16:06:19,60,1,0,119.9,120.15,0.1,0
RckOmnlv_A8,UCZFGZ_LhwgiTxaJzJ0QGdFw,2026-08-01 17:32:24,11499,24,0,119.96,120.21,0.04,0
RdJ9EMB6UKY,UCZ_xE8U6MVnpwefrYvl2uvA,2026-08-12 03:00:15,332,1,0,120.0,120.0,0.0,1
Rdj_MVfpKFA,UCPGl9DV2WUgaqGVXtVrhJWQ,2026-08-28 09:37:47,4,0,0,119.88,120.13,0.12,0
RdlWGDS3ffU,UC3hqiw3lZAXaMwhQvMGZkdw,2026-08-16 14:15:10,4914,50,18,120.0,120.0,0.0,0
Rdlt8OPE1Bk,UCE8JC9RAVSudDT_8Ji1fuPQ,2026-08-16 08:45:36,146020,2028,212,119.99,120.24,0.01,1
Re-ekuz3Vmw,UCO8ToDSM2Gvt3EZdOdosxTw,2026-08-23 14:05:10,45939,753,67,119.92,120.17,0.08,1
Re6PcYSMaGw,UCIvLQ5lZ2kebqnLaGv_FP4w,2026-07-31 08:30:07,2735,12,7,120.0,120.0,0.0,0
ReFBq4PIaMc,UC8a9-ubjMyQkDH9Jr8EX0JQ,2026-07-18 17:41:15,97,0,0,119.81,120.06,0.06,0
ReHptQhEuhU,UCK8iWEZupSV2pmDMxtwdAmA,2026-08-27 02:22:27,140,6,0,119.89,120.14,0.11,0
ReUWCKNYtyk,UCSl8TBqqflby-ymdEQVfRNQ,2026-08-04 13:10:25,25757,196,0,119.83,120.08,0.08,0
ReWiw3LViW8,UCHeg3ApmuXQbqqszaD1fR9g,2026-07-21 02:00:25,15367,496,34,119.99,120.24,0.01,1
Reetrw13ZK4,UCC1veMJY2wElX0lpYOoNB1Q,2026-07-24 11:01:06,2795745,2486,53,119.99,120.24,0.01,1
Reg8vwVNr7o,UCei_ecYpQqFjYhjLaDPr2Lw,2026-07-31 00:47:39,55,2,0,119.96,120.21,0.04,0
Rep4LkK34uY,UCFrKhWvZ8oeJQTNP5ZabgJw,2026-08-26 07:00:35,580095,8859,434,120.0,120.0,0.0,1
ResA_vUz_OI,UCn3lLusvOTVdtxZi0EHlSTw,2026-08-29 12:32:38,268,8,0,119.97,120.22,0.03,0
Rf7DOeTV1cg,UCdQHEqTxcFzjFCrq0o4V7dg,2026-08-16 00:00:07,70272,5327,884,120.0,120.0,0.0,0
RfWzHTuGQh8,UCaY7wcqhFb_c2eQ1eRB8rOQ,2026-08-11 10:00:11,18598,247,28,120.0,120.0,0.0,1
RfYVTGcmyvs,UCZPfs7xIjGmOGs9kvgGhUKQ,2026-08-24 09:55:21,32,2,0,119.84,120.09,0.09,0
Rfact2vrFpQ,UCkrJBQAut47U8xMUuv8D_3g,2026-08-12 08:56:24,15012,392,16,119.81,120.06,0.06,1
RftlpclriWc,UC1p5kp09LAS3kpQB3O8YQJw,2026-07-24 15:33:26,1756,18,0,119.94,120.19,0.06,0
Rg24-f5jI-k,UCyiKngyUPUb1bka4yFrn65g,2026-08-05 12:41:00,27454,150,20,119.82,120.07,0.07,1
Rg6_xvNZOmk,UCZNTsLA6t6bRoj-5QRmqt_w,2026-07-24 17:00:24,25572,935,31,120.0,120.0,0.0,0
RgC76JFM7Yg,UCKVt3arMXfa6XZezR1UnjqQ,2026-08-06 00:00:21,4301,38,3,120.0,120.0,0.0,0
RgDOnFjPzyg,UChLqHuZV0PENIBYxDgXyPLQ,2026-08-09 08:51:00,212664,3468,114,119.9,120.15,0.1,1
RgfoDnNZZEM,UCtIbfg_6gjbdFqCqAiUcqyQ,2026-08-24 08:00:14,57374,675,25,119.76,120.01,0.01,1
RglyYztcFJU,UCBmPfbqvGwTTfrV-H_UOfdw,2026-07-23 17:53:22,6876985,201755,1317,119.86,120.11,0.11,1
RgogW1-tXdY,UC9nWoDbRAl3-fvreBNeStKQ,2026-08-07 10:45:26,21784,203,26,120.0,120.0,0.0,1
RgyHKZvqluM,UCikKJvpU0Ylua4hRW6faQRg,2026-08-22 20:20:20,6795,121,0,119.92,120.17,0.08,0
RgzPgG5q4nk,UCLbehOwlIi6QrfZNhC39t4Q,2026-07-26 06:46:13,25633,527,51,119.98,120.23,0.02,0
RhbsKg8sac4,UCWU2V62eLE3oQ7AjIGS2STQ,2026-08-15 09:45:51,142,1,0,119.99,120.24,0.01,0
Rhk_XyMBenI,UCSzHok6X5qXEO7cjvVnE62g,2026-07-11 06:00:13,53638,281,45,120.0,120.0,0.0,0
RhnOWm7qMMo,UCFCt5RYu41HTg4eX1jdHNxw,2026-07-27 00:12:00,10854,55,5,119.8,120.05,0.05,0
RhphvVnPJ6M,UCp9skQ2mP_DfVL8c3gZQUzg,2026-08-26 09:28:07,59817,251,40,119.79,120.04,0.04,0
Ri1yAomSWaE,UCDLDbittWhk2KXvaCT0YpZQ,2026-08-14 07:42:16,35749,1691,69,119.8,120.05,0.05,0
Ri23PSGm0qQ,UCnCFD3met1Ip7OngdF9TRDg,2026-07-24 04:24:07,15708,287,42,119.85,120.1,0.1,0
Ri4YZMc5Q54,UCt8CJiye87FMbEwt0npPMuQ,2026-08-27 19:28:57,18783,231,9,119.78,120.03,0.03,1
Ri5g5aXjToY,UC-DpK48x4bltMjHHChZ4zBg,2026-08-07 14:40:58,7752,52,15,119.82,120.07,0.07,0
RiH-pgK_8vs,UCt8CJiye87FMbEwt0npPMuQ,2026-07-20 14:00:15,12015,560,59,120.0,120.0,0.0,0
RiHmNPtfLU8,UCVWAdUQGUiY2Kzh0JoB5PtQ,2026-08-07 04:00:40,179,3,3,120.0,120.0,0.0,0
Riiiuxe_tg8,UCN8L7Z-dyzu9FzT39RM0fvw,2026-08-12 08:07:45,19135,219,10,119.87,120.12,0.12,1
Rj-c9Uau3Zc,UCV6mNrW8CrmWtcxWfQXy11g,2026-08-03 02:00:30,1128332,28073,216,119.99,120.24,0.01,1
Rj-ei98sAfg,UCOTJtP0Z9DjpPU43B5m1V6A,2026-08-17 12:00:07,283796,1898,64,120.0,120.0,0.0,0
Rj0aZK_rzsQ,UCJDXc9JWCZo-nLNKr_-L2Ng,2026-08-21 16:00:24,2893,103,5,120.0,120.0,0.0,0
Rj2VWzXk1aU,UCzDyC6JMEXEufozffWzI9Mg,2026-08-17 04:00:09,90088,812,24,120.0,120.0,0.0,1
Rj5E7-8kcIs,UCPGl9DV2WUgaqGVXtVrhJWQ,2026-07-10 15:00:19,34,0,0,120.0,120.0,0.0,0
RjFqajXMAlk,UCaY7wcqhFb_c2eQ1eRB8rOQ,2026-07-30 10:00:17,22267,1389,34,120.0,120.0,0.0,0
RjPw1R_qpvE,UCcstDLbuhxEbFKkPZ6wST2A,2026-08-05 09:15:39,19139,79,20,119.99,120.24,0.01,0
RjTBUfrvMLI,UCt8CJiye87FMbEwt0npPMuQ,2026-08-17 14:30:15,4292,201,7,120.0,120.0,0.0,0
RjVE5Vyzfqw,UCifCesg-EUkjKyQedaB3hRg,2026-08-10 00:55:17,12205,191,24,119.83,120.08,0.08,0
Rjc9m_-s3jc,UC2U8C7lmbQpfBeAW8fTP_jg,2026-07-18 01:14:39,45845,1149,65,119.76,120.01,0.01,0
RjgGwXr6Euw,UCs0LzOveQMLImmmTrMmP2sg,2026-08-13 18:08:37,82202,395,106,119.86,120.11,0.11,0
RjhjhMI_BNs,UCHK-FRuAjk8g798dD7L7xqA,2026-08-17 09:15:00,65730,1184,17,120.0,120.0,0.0,1
RjimoCKWc3o,UCUbOogiD-4PKDqaJfSOTC0g,2026-08-30 10:53:19,32604,145,11,119.87,120.13,0.13,1
Rjj5CugJwQE,UCJDXc9JWCZo-nLNKr_-L2Ng,2026-08-24 10:30:03,892,36,1,119.76,120.01,0.01,0
RjkqwT3GB04,UCBmPfbqvGwTTfrV-H_UOfdw,2026-08-26 04:36:24,428426,4139,55,119.9,120.16,0.1,1
Rjl6R5gXE_k,UCV6mNrW8CrmWtcxWfQXy11g,2026-08-14 22:00:23,801452,22673,243,120.0,120.0,0.0,1
RjqmMpwfuvI,UCpcTrCXblq78GZrTUTLWeBw,2026-07-19 18:46:26,149245,1239,98,119.98,120.23,0.02,0
JlagGVlING8,UCEcRvF_6IRSux8FO-ogFZug,2026-08-12 18:47:07,11881,517,29,119.97,120.22,0.03,0
Jlax-cBbLks,UCa4clnMsHg6uJPpxKbxCEmA,2026-07-29 07:00:15,111784,1600,100,120.0,120.0,0.0,0
Jlh67KIXku4,UCPGl9DV2WUgaqGVXtVrhJWQ,2026-08-14 15:00:34,44,0,0,119.99,120.24,0.01,0
JljJ1Yrkduo,UCSOeJWyByeoBHpmrm0NnlLw,2026-07-23 07:00:01,132794,2584,186,120.0,120.0,0.0,0
JlsFUEufmqM,UCw1DsweY9b2AKGjV4kGJP1A,2026-07-30 10:00:08,39357,135,81,120.0,120.0,0.0,0
JluPQBD1NHc,UCqlcSsDNMYxEsem7bWY-66Q,2026-07-24 16:14:45,12988,357,3,119.76,120.01,0.01,0
Jm2TpIS3W5g,UCZ_xE8U6MVnpwefrYvl2uvA,2026-08-04 02:37:59,46,1,1,119.87,120.12,0.12,0
Jm8Ge9Q3Oas,UCt8CJiye87FMbEwt0npPMuQ,2026-08-27 19:11:16,11187,146,17,119.82,120.07,0.07,1
JmBXh2ybjmA,UCAl4HWznMn7KhKBRFO5eiFA,2026-08-29 10:00:24,10522,48,11,119.76,120.01,0.01,0
JmPN1rUMHP8,UC2yOBpLVwB7kzt9C5ZPbB7w,2026-07-25 20:00:31,169426,2308,67,119.99,120.24,0.01,1
JmUQsGbDm9c,UCxpXguPL_B5pz7Gq8ozfwlA,2026-08-26 17:25:09,8867,55,0,119.84,120.09,0.09,0
JmimPY_9AS4,UCrY2B2XX41ReYh9DIWrFfCg,2026-08-07 10:21:23,9710,,14,119.9,120.15,0.1,0
Jmm08M1QRF4,UCHeg3ApmuXQbqqszaD1fR9g,2026-07-10 15:07:40,78,2,0,119.87,120.12,0.12,0
JmrC9ulcYJ4,UCuwnt_REmD4YsCtFJRoqjFw,2026-08-27 07:29:29,60652,241,31,119.77,120.02,0.02,0
JmzPMCHTfsk,UCPuD5ZRQWa_JCaY5NokNhtg,2026-07-28 02:37:53,1024,7,3,119.87,120.12,0.12,0
Jn02CmY0yt4,UCt8CJiye87FMbEwt0npPMuQ,2026-07-16 17:56:25,1125,52,0,119.81,120.06,0.06,1
Jn2jpmpQZKU,UCfcfymsN3OMo2cfmbpGTanw,2026-08-26 03:00:16,40215,166,84,119.76,120.01,0.01,0
JnITvpDCPes,UCwBkHOTyu57NQi0syf5MLig,2026-08-05 01:00:26,88768,637,58,120.0,120.0,0.0,1
JnIW5kNZR_U,UC_8GOc5dWX2Kpb74_nQ7vSQ,2026-07-30 09:00:28,96926,3349,362,120.0,120.0,0.0,0
JnN91E4D8HI,UC_E_qYfGKM3C0kqrp1p8z7Q,2026-07-22 15:00:26,73,4,0,120.0,120.0,0.0,0
JnNyLOdE8qI,UCby0vMKcLR05ZdS90aZd5og,2026-07-13 15:06:30,6445,11,2,119.89,120.14,0.11,1
JnO96binVds,UC-FiQR2gg8oiNw98ZdsSX6Q,2026-08-04 08:05:36,1437,8,0,119.91,120.16,0.09,0
JnOoolEDxWc,UC-FiQR2gg8oiNw98ZdsSX6Q,2026-08-10 11:30:08,887,11,2,120.0,120.0,0.0,0
JnYJuWguUpc,UCby0vMKcLR05ZdS90aZd5og,2026-08-13 06:03:12,6330,6,0,119.95,120.2,0.05,1
JndHyAsuOFs,UC3DYSay178fMMPaf3zHwECA,2026-08-13 08:00:00,157407,3298,63,120.0,120.0,0.0,1
JndMtn96RnQ,UCCTw9N950kEoELFv3dRcWJQ,2026-08-28 19:34:26,14160,151,8,119.94,120.19,0.06,0
JnoxbvxBFIk,UCVZI7eLie2UlZph6aiBRNrw,2026-07-16 11:00:08,209464,1261,471,120.0,120.0,0.0,0
JnsYEpBsUtI,UCaMV-CjrWYh2Aefg_8iLwJQ,2026-07-23 04:00:18,256213,1804,62,120.0,120.0,0.0,1
JnxjRFfN_wc,UCwfbSsZ7_sccxcibe60mWlQ,2026-08-01 15:08:53,18666,83,12,119.86,120.11,0.11,0
JnytBucYVSQ,UCuWDza8A_ntbjwBZgW0ZSNw,2026-07-15 07:00:13,49100,622,4,120.0,120.0,0.0,1
Jo17AVl1Ksg,UCbvvdVOF0teLO-U6GWh1RKg,2026-08-17 04:07:48,2815,61,50,119.87,120.12,0.12,0
JoCc5pf15l8,UCX11f6rIVaoWGvFnKKyPBNQ,2026-07-29 20:39:07,2240,130,1,119.85,120.1,0.1,0
Joh9u4kpC-c,UC2yOBpLVwB7kzt9C5ZPbB7w,2026-08-25 20:00:15,131616,1342,131,119.76,120.01,0.01,1
JoqSBNSpEUk,UC-okJdotaXPlzivRzHFqzuA,2026-08-23 16:05:30,86221,2307,4,119.92,120.17,0.08,0
JosHMzxMHQA,UCV7WE8I_UiAN0fa6Arezx_w,2026-08-29 06:00:08,1118,2,0,119.76,120.01,0.01,0
JpIxrcNWLJg,UCqjUPx-UAFHVvthd71bY7_g,2026-08-18 08:00:19,4777,30,45,119.75,120.01,0.01,0
JpK3Xcc-yOA,UC9qwDE50UcXvdplRNZKEoPA,2026-08-25 08:00:23,29699,785,30,119.76,120.01,0.01,1
JpQSW_xJMwQ,UC0wo7SwsC5dE0nSgBs2M-3A,2026-07-21 06:00:34,563776,17958,390,119.99,120.24,0.01,0
JpRa8aUNAUY,UCt8CJiye87FMbEwt0npPMuQ,2026-08-11 17:00:12,3450,96,19,120.0,120.0,0.0,0
JpXxK7nH8aM,UCAl4HWznMn7KhKBRFO5eiFA,2026-08-13 11:32:19,2522,12,0,119.96,120.21,0.04,1
JpkmOHkxljo,UCaMV-CjrWYh2Aefg_8iLwJQ,2026-08-06 12:00:15,67370,348,309,120.0,120.0,0.0,0
JpwWLNc3ONs,UCS2OAdHoLt-9T6cG9A2H49Q,2026-08-28 03:00:23,34914,216,53,119.75,120.01,0.01,0
Jq-CW4ffI8Y,UCP8Q-Ku5_RkANynqDFzDWnQ,2026-08-25 13:30:03,12443,81,10,119.76,120.01,0.01,1
Jq9XNo0vwto,UCkd3KAYGnTNPJZZrPOFeWhA,2026-07-22 05:34:13,13808,56,41,119.94,120.19,0.06,0
JqBSmzQytDQ,UC5pdoCANExIVI4yf6DVoxew,2026-08-29 21:11:32,221,4,1,119.83,120.07,0.07,0
JqEtf-c8DH4,UC4VWaR3R17Ruc7j1Cy1-PKQ,2026-07-19 04:08:50,91,2,0,119.85,120.1,0.1,0
JqK3mhgGgGc,UCdK9h1ILxS49c2LguBUY3rw,2026-08-31 11:30:05,11,2,0,119.76,120.01,0.01,0
JqP0z121lCc,UCJmnOEp1-OITEU0mk4icM5A,2026-08-18 10:00:10,57361,638,27,119.76,120.01,0.01,1
JqW2dEOwCak,UCpcTrCXblq78GZrTUTLWeBw,2026-07-13 02:30:05,2598772,39014,1766,120.0,120.0,0.0,0
JqXigazmP8M,UCCMQyaKDjQJY79VimTdaYYQ,2026-07-22 09:23:36,94413,582,477,119.86,120.11,0.11,0
JqgkjqmAuXs,UCZCZHg_oJiHcrcj2vaPRCag,2026-08-20 16:09:22,77,1,0,119.85,120.1,0.1,0
JqtTdHjvTLw,UCN5oT4zGJX-_H6pE5isAEeg,2026-08-19 08:00:02,439109,6154,538,119.76,120.01,0.01,1
Jr2VAsHR5LA,UCADf92tisOOh90hrZee4-LA,2026-08-11 13:02:35,373037,3433,385,119.96,120.21,0.04,1
JrGqbYQxjDc,UCpI-AhCT02iQRGLC2ZcY0Jw,2026-07-14 10:00:23,37844,444,249,119.99,120.24,0.01,0
JrObT9C8DaU,UCw1DsweY9b2AKGjV4kGJP1A,2026-07-31 10:15:38,91544,330,12,119.99,120.24,0.01,1
Jr_fCvlTCSk,UCkd3KAYGnTNPJZZrPOFeWhA,2026-07-29 23:06:55,23438,82,46,119.89,120.14,0.11,0
JraJ-EnZoLQ,UCJA6MZLzTeljmGNFaugdoWQ,2026-08-06 07:00:12,1394,15,2,120.0,120.0,0.0,0
JrzJRthswUw,UC2U8C7lmbQpfBeAW8fTP_jg,2026-08-17 06:52:27,48095,829,93,119.88,120.13,0.12,0
JsdDdIiPzL8,UCkvz_CZlthtVo7E2sGa43cg,2026-08-10 04:15:02,73386,1763,264,120.0,120.0,0.0,0
Jse6boGrM7k,UCNRnCc0hg3ZcKdOGXKKv5Ww,2026-07-23 09:15:05,17592,136,7,120.0,120.0,0.0,1
JsoHBXTyCCg,UCv1tOT645xHOJrwdGlzjMaA,2026-08-20 12:13:25,200501,1506,35,119.78,120.03,0.03,0
JsuL7js6-fI,UCtRiSpvkhtRXaSjVjEB9LKg,2026-07-23 07:48:55,1394,20,2,119.94,120.19,0.06,0
Jt3aLRmNC8M,UCO8ToDSM2Gvt3EZdOdosxTw,2026-07-22 04:15:04,6078,60,43,120.0,120.0,0.0,0
Jt927gmK0rU,UC_E_qYfGKM3C0kqrp1p8z7Q,2026-08-10 17:00:27,498,9,3,120.0,120.0,0.0,1
JtAqIHKOgqE,UCYsRymb9vAsOOLBy-Wo1kRg,2026-08-28 09:02:30,8441,77,32,119.97,120.22,0.03,0
JtBOtbOwtRI,UCeKjmFzU-Jlqg7diwzf2Udw,2026-07-22 19:27:15,9,1,2,119.8,120.05,0.05,0
JtVg4cYzXaU,UCK8iWEZupSV2pmDMxtwdAmA,2026-07-27 22:06:50,616,5,0,119.89,120.14,0.11,0
JtakUXeMjFc,UCaHIZAKows704_gk6bjdAog,2026-08-01 04:30:00,45688,542,175,120.0,120.0,0.0,0
JtjAbcKv3As,UCZaNYFjF_SRRJPVuGX7yMjQ,2026-08-17 11:12:12,7,1,0,119.8,120.05,0.05,0
JtktHdg5qm8,UCSzHok6X5qXEO7cjvVnE62g,2026-07-28 12:00:15,79788,651,28,120.0,120.0,0.0,1
JtnRNeK-ElE,UCuXE-MdbuaZcPt_2J2kSsSQ,2026-07-25 12:36:15,520,7,0,119.9,120.15,0.1,1
Jto4LFc3sbw,UCp6n8d8Y8r3MwKNw_MMaouQ,2026-08-22 20:08:56,3098,34,7,119.86,120.11,0.11,0
Jtw21Gi-XE4,UCv1tOT645xHOJrwdGlzjMaA,2026-08-06 03:00:25,96194,1112,22,120.0,120.0,0.0,0
Jtwd14hKtnY,UCYJDUekoQz0-bo8al1diLWQ,2026-07-13 04:52:08,399537,4564,55,119.88,120.13,0.12,1
Jty63AGq-8M,UCrY2B2XX41ReYh9DIWrFfCg,2026-08-09 10:23:07,13530,,18,119.87,120.12,0.12,1
Jtzl-h-_KHQ,UCUt2AEhC-OOC2EPCzj4DkCw,2026-07-31 08:00:17,47198,979,38,120.0,120.0,0.0,1
JuEWh41PSnk,UC_yxsHiFh1_j174x4AxICSg,2026-07-15 11:08:37,20838,536,84,119.86,120.11,0.11,0
JuG5ly28zto,UCNRnCc0hg3ZcKdOGXKKv5Ww,2026-07-29 03:15:06,56963,268,34,120.0,120.0,0.0,1
JuNsXd_V-BM,UC72PuhDwKtZ5MikpGNhPAtA,2026-08-19 20:09:40,167497,6402,445,119.85,120.1,0.1,0
JuO1euMxuM4,UCpX86JOUhnrzG7MK8e8Gjbw,2026-08-20 12:49:20,46770,244,131,119.93,120.18,0.07,0
JuP21Dj46gI,UCab17MxxnFtAhGsJVTkSkCg,2026-08-29 09:03:40,3153,29,2,119.96,120.2,0.04,0
MHQ9gzUBSlc,UCpcTrCXblq78GZrTUTLWeBw,2026-07-27 19:30:30,36853,544,54,119.99,120.24,0.01,0
MHQSY1fGUo4,UCQDGJQe8X9tbk_i8Na3VVXg,2026-07-24 18:52:11,56,2,0,119.88,120.13,0.12,0
MHTdH1xOukc,UCAVR6Q0YgYa8xwz8rdg9Mrg,2026-08-31 10:00:34,253155,4114,213,120.0,120.0,0.0,0
MHVmm1k8LVE,UCPGl9DV2WUgaqGVXtVrhJWQ,2026-08-08 15:11:37,8,0,0,119.81,120.06,0.06,0
MHXTCTHBtUY,UC9M8GGVwPqc9ubNruArCNPg,2026-07-22 08:00:07,47568,1147,36,120.0,120.0,0.0,1
MHkl2rTwmng,UCdVIcHpdbEQc65xwAxc_owQ,2026-08-10 19:21:26,16,2,0,119.9,120.15,0.1,0
MI2wsjftehc,UChHxLcNi7e0zu-e33HM6v6A,2026-08-24 23:00:01,11747,108,14,119.76,120.01,0.01,0
MIM4vmUyTtk,UCTNyl3P7q6PNhPddh6d7WJQ,2026-07-29 23:45:16,11,1,0,120.0,120.0,0.0,0
MINUj6wY224,UC9otskL_kd-0CDib_5Lj-mQ,2026-07-14 02:00:39,5230,29,1,119.99,120.24,0.01,1
MIUcL2IzL40,UClvMduw1MDMQ0PuH753-XSA,2026-07-26 00:04:26,5057,117,0,119.93,120.18,0.07,0
MIV-T9l0DBI,UC-aXNBQ6nwMNeW2V8XB7sBg,2026-08-29 12:00:33,161729,1216,36,120.0,120.0,0.0,1
MIbxrGEitqc,UCPGl9DV2WUgaqGVXtVrhJWQ,2026-08-25 15:00:04,4,0,0,119.76,120.01,0.01,0
MIkoUgLLSiI,UClHGjnruf4A9Us7CHVgLIEQ,2026-08-01 11:13:04,1201,6,0,119.78,120.03,0.03,1
MJ884E9rOaE,UCO8ToDSM2Gvt3EZdOdosxTw,2026-07-11 03:15:36,6572,65,57,119.99,120.24,0.01,0
MJA5EHEnyFc,UCPI40-XQA9-GBGj2k8PPqfg,2026-07-12 08:50:26,62748,927,77,119.91,120.16,0.09,0
MJOrsRRa9GM,UC6VcWc1rAoWdBCM0JxrRQ3A,2026-08-28 01:01:30,5785589,57109,1493,119.99,120.24,0.01,1
MJddlEOGziY,UC4cKHOBS-nRfKFTwf1n8HGA,2026-07-28 10:56:41,1404,,8,119.81,120.06,0.06,1
MJtBxB0EL_I,UCah0w9n_eAyjUBG7eHbj8vw,2026-08-07 02:42:08,333666,3256,823,119.8,120.05,0.05,0
MJv3VML4yFQ,UCt8CJiye87FMbEwt0npPMuQ,2026-08-04 13:30:35,3887,167,9,119.99,120.24,0.01,1
MKArnfc-_F4,UCIKORyfTZ0cN-u0hrxHcgUw,2026-08-07 04:20:07,31,0,0,119.92,120.17,0.08,0
MKBQqAJnXfI,UCmvMUe1GqpZFkj1e-V532LA,2026-07-31 04:38:47,12756,206,38,119.86,120.11,0.11,0
MKSoFHrlIf0,UCt8CJiye87FMbEwt0npPMuQ,2026-07-28 16:30:25,16752,866,27,120.0,120.0,0.0,0
MKZxRryW_BI,UCP8Q-Ku5_RkANynqDFzDWnQ,2026-08-09 13:20:45,7671,55,12,119.91,120.16,0.09,1
MKatOiZkF7k,UCoH2pCzAr6zWDG-LtUiLWRw,2026-08-17 10:05:49,38841,793,52,119.91,120.16,0.09,0
MKbUfhvaVnY,UCMiOzwzeNwlZUTFLNtzgRTg,2026-08-04 06:08:08,6,1,0,119.87,120.12,0.12,0
MKcaMCg_GoI,UCIOY-akTwtohcU0QB5ksjaA,2026-08-02 00:28:57,114,0,0,119.77,120.02,0.02,0
MKf_pJV2490,UCYsRymb9vAsOOLBy-Wo1kRg,2026-08-21 09:00:03,1336,23,6,119.76,120.01,0.01,0
MKkmHnCF_hQ,UCyEIUlSKbzCt3ElAsPFb7EQ,2026-07-24 20:30:14,31339,61,15,120.0,120.0,0.0,1
MKnVJMfm50A,UCeG0ONJtjwE20ThR5iSYdsA,2026-08-16 09:13:06,42067,649,85,119.79,120.03,0.03,0
MKrVTJgaBGk,UC6JB_a6rD1lZ_aZgQvORfrQ,2026-07-19 22:30:17,15945,79,30,120.0,120.0,0.0,1
MKrf0nQTk6A,UCifCesg-EUkjKyQedaB3hRg,2026-08-20 00:38:14,4819,64,0,119.87,120.12,0.12,1
MKsNTaMIyK4,UCPGl9DV2WUgaqGVXtVrhJWQ,2026-07-17 15:00:03,7,0,0,120.0,120.0,0.0,0
MKwshDi-aQ8,UCz5UFGucIyJGH0nf_8d0ghA,2026-07-29 22:59:54,675,18,7,120.0,120.0,0.0,0
MKxB9gNjFb4,UCS-X1uBDTNwAYyydiXjcX9A,2026-08-24 03:09:54,5136,38,15,119.85,120.1,0.1,1
ML-T5BYZj_M,UCUae69frfqpKOB3BUMdX5Qw,2026-08-01 08:00:07,5448,155,22,120.0,120.0,0.0,0
ML10_Smd26A,UCby0vMKcLR05ZdS90aZd5og,2026-08-11 04:35:22,3460,7,2,119.91,120.16,0.09,1
MLFXXsULMcs,UCIvLQ5lZ2kebqnLaGv_FP4w,2026-08-16 08:24:11,1915,8,1,119.85,120.1,0.1,0
MLLTHqPm2cw,UCktXAh1Sd7wf8eQHc029-8g,2026-08-31 06:48:39,6602,12,3,119.95,120.21,0.05,1
MLMvSioJSmM,UCPoEVLrQMMXICwULGDwfvug,2026-08-27 07:05:24,21769,159,28,119.92,120.17,0.08,1
MLS4gwEV_8M,UCawK5EIfr66Z7fjAlZgfB2g,2026-08-30 08:22:38,47590,,18,119.89,120.14,0.11,0
MLZctZUgnk4,UCZ6mNZTiTUrUSbSYPlclI4A,2026-08-25 04:47:26,17848,738,20,119.97,120.23,0.03,1
MLbphMuXWXs,UCQfd-b9GRBrUP0-wCqabLTA,2026-08-10 02:45:33,7500,22,3,119.99,120.25,0.01,1
MLcWmUjLnVk,UCaj7p2XHGqfBYb2OI-7Q2DA,2026-07-30 02:07:06,168027,2315,475,119.88,120.13,0.12,0
MLvc81bDyiE,UCqEoc6yuYRg5CFG4NIG8euQ,2026-08-20 08:00:21,11986,162,27,120.0,120.0,0.0,0
MLxy55Pmd5Q,UCKVt3arMXfa6XZezR1UnjqQ,2026-07-10 22:00:33,11157,79,6,119.99,120.24,0.01,0
MM6MBH9qSbs,UCBidluUUxzT_5jVOI_2x2MQ,2026-08-09 15:17:01,84,2,0,119.97,120.22,0.03,0
MMJ4wE9g8qU,UCkrNv6xF8j7QZmWb3UeAH8A,2026-08-24 08:54:20,1419,7,2,119.86,120.11,0.11,0
MML2FOg_FlI,UC-FiQR2gg8oiNw98ZdsSX6Q,2026-08-16 18:00:35,1490,6,0,119.99,120.24,0.01,0
MMWuNofodVY,UCqIwPYLfMd3EoWYwvyTjPnA,2026-08-15 23:00:25,68734,473,65,120.0,120.0,0.0,0
MM_pUO7d9Ns,UCHCeN9BUgogMGrHBC6zKYvA,2026-08-09 21:59:16,6431,104,27,119.77,120.02,0.02,0
MMaS0nlet_w,UCoH2pCzAr6zWDG-LtUiLWRw,2026-08-25 22:14:07,130951,1167,233,119.78,120.03,0.03,0
MMjRTXVPTeU,UC_E_qYfGKM3C0kqrp1p8z7Q,2026-08-07 17:00:37,303,6,1,119.99,120.24,0.01,1
MMlpZ5upAKw,UC-aXNBQ6nwMNeW2V8XB7sBg,2026-07-15 22:00:34,32772,305,31,119.99,120.24,0.01,1
MMngOGXPd88,UCL_IvtOZo6sONpiydbzzHpA,2026-07-29 15:00:11,216208,3079,96,120.0,120.0,0.0,1
MMoBokghYUs,UCaHIZAKows704_gk6bjdAog,2026-07-25 23:00:11,63277,553,133,120.0,120.0,0.0,0
MN-5exHIX8s,UCmnCuNh2owRLP48nnS3pe2w,2026-08-01 23:06:19,53,0,0,119.9,120.15,0.1,0
MN5Vb5ApGfE,UCpcTrCXblq78GZrTUTLWeBw,2026-07-12 03:06:32,45913,268,11,119.89,120.14,0.11,0
MN8qUeiWRqc,UCaj7p2XHGqfBYb2OI-7Q2DA,2026-07-31 07:22:38,121177,1443,411,119.88,120.13,0.12,0
MNF3UnAeruc,UCbQSNsVu1vK4G8Jh9Vb6k_g,2026-08-02 03:00:21,18424,308,69,120.0,120.0,0.0,0
MNN9iXkmQzc,UCS3_H_feQRm4QbXipKTvSrw,2026-07-10 11:30:26,27729,461,75,117.26,121.11,1.11,0
MNOzK55_4r0,UCCiKOocVSjyb2rsbL_Aanhw,2026-08-20 22:42:36,33346,153,138,119.8,120.05,0.05,0
MNQ7J0vIGv4,UCa2liSwjQST4AGcg6LFQakQ,2026-08-10 04:00:21,688,1,0,120.0,120.0,0.0,1
MNbkkQMCxvI,UCAGUSx1hbPKDqzBZH7bTjiA,2026-08-16 10:00:14,32280,151,20,120.0,120.0,0.0,0
MNkfjh4S18o,UC3ozN5tHi449NhCDE6Xtmwg,2026-08-19 02:27:18,637927,6069,173,119.81,120.06,0.06,1
MONFzLIXhZk,UCpAZLM9XMzIbqFucUBD8Jtg,2026-07-24 05:02:30,22876,279,12,119.96,120.21,0.04,1
MOkT3s3TEmY,UCkcaRxpTcisadUeCbHOYTFw,2026-07-26 07:02:14,36536,613,16,119.97,120.22,0.03,1
MOxLWyI-FXw,UCV6mNrW8CrmWtcxWfQXy11g,2026-07-22 22:00:14,55889,1323,32,120.0,120.0,0.0,1
MP8HpY0RaIc,UCgLFbrC7-g0ihBKB0obVPTg,2026-07-29 14:10:48,444,10,1,119.82,120.07,0.07,0
MPEGagEbzys,UCmiTZyj9GwMjyznZxrgCH4Q,2026-08-29 06:34:59,51234,557,63,119.93,120.18,0.07,0
MPaLStJU3E4,UCFiHjGyrJux8Rt4e6mUPU-w,2026-08-05 17:02:55,13986,470,136,119.95,120.2,0.05,0
MPhljomKMWI,UCawK5EIfr66Z7fjAlZgfB2g,2026-08-20 14:15:29,23998,,24,120.0,120.0,0.0,0
MPzcQ6b9Alk,UCZNTsLA6t6bRoj-5QRmqt_w,2026-07-23 14:00:16,66815,1799,223,120.0,120.0,0.0,0
MQDznOICRak,UC5H8Wt-1q_tnn-m4tDTqbUw,2026-07-22 03:46:02,1103,13,7,119.99,120.24,0.01,0
MQFFhISHcEo,UC5grrciAyUF4xjd42XhV-1Q,2026-08-25 01:11:20,5053,,1,119.82,120.07,0.07,0
MQGvieqSluY,UCJj2vuQIpFnk5pbTAtCi3yw,2026-08-20 12:20:38,12476,223,48,119.91,120.16,0.09,0
MQVnymp2UnE,UCS2OAdHoLt-9T6cG9A2H49Q,2026-08-09 03:00:29,14058,163,58,119.99,120.24,0.01,0
MQi0CDhOyww,UCnMshUhBxDsKFPnxBGmGEpg,2026-08-23 03:56:50,722,7,3,119.82,120.07,0.07,0
MQv-IzbS3zI,UCybfHuHkJRzGDymek2Dsqvw,2026-07-13 07:00:03,185209,7401,57,120.0,120.0,0.0,0
MR1F8KBu4Eo,UCoSniqkitCpxlHrQd5L8A1w,2026-07-31 14:30:14,2208,26,7,120.0,120.0,0.0,0
MR25PGQ_yoU,UCp6n8d8Y8r3MwKNw_MMaouQ,2026-08-12 18:37:11,893,23,0,119.88,120.13,0.12,1
MR6f6zAx_TQ,UCV6mNrW8CrmWtcxWfQXy11g,2026-08-26 01:00:04,228461,8236,153,119.76,120.01,0.01,1
P2iaqUDG6vM,UCmZeuRfHYowZhf6odtoaNdg,2026-08-03 12:50:30,41649,468,116,119.91,120.16,0.09,0
P2tCq83JLWU,UCSl8TBqqflby-ymdEQVfRNQ,2026-08-13 15:24:20,35240,512,130,119.85,120.1,0.1,0
P2ujV4yvAQ0,UCB4YEVYp6LynBpz7bXyZsTg,2026-08-10 09:00:23,22002,196,64,120.0,120.0,0.0,0
P309nRT1SSc,UCCd3jyJmOFzkJEMj5Bp89rw,2026-07-21 15:00:37,2574,183,5,119.99,120.24,0.01,1
P3GlQdtOMcw,UCcum1rCJ5GJeQ_xv0xrohqg,2026-08-09 04:00:01,68290,3205,166,120.0,120.0,0.0,1
P3a-OvzaH9Y,UCZ49HaU_D0Tlf1aDA2jU_Vg,2026-08-06 14:56:16,114428,1162,171,119.82,120.06,0.06,0
P40ZoG8R6a0,UC5ScPjbt-a97AJO7SBj6nAg,2026-08-12 08:33:52,74991,1979,255,119.94,120.19,0.06,0
P49TzxBC60o,UClHTjLVog7CkRF8tYJuNXXQ,2026-07-27 22:30:16,416,16,4,120.0,120.0,0.0,0
P4GuJLd67T4,UCp6n8d8Y8r3MwKNw_MMaouQ,2026-08-06 16:57:31,9092,429,4,119.79,120.04,0.04,1
P4Jo1ehTotU,UCJDXc9JWCZo-nLNKr_-L2Ng,2026-08-13 17:00:38,1662,86,3,119.99,120.24,0.01,0
P4U4wnljkbY,UCGW76VChAJKee9kYzvyoycQ,2026-07-14 09:00:06,3361,118,17,120.0,120.0,0.0,0
P4cqwhHDRvM,UCV6mNrW8CrmWtcxWfQXy11g,2026-08-27 06:00:32,224996,6204,90,120.0,120.0,0.0,1
P4p8ULKaANs,UCv1tOT645xHOJrwdGlzjMaA,2026-08-03 09:00:25,10789,194,2,120.0,120.0,0.0,1
P4uJThuT7mA,UCiEMsnnzti6PDNi8TAlSnFw,2026-08-07 12:06:09,0,,0,119.9,120.15,0.1,0
P56Ph1lp514,UC14G5tdSndPhP47RTVgMXcg,2026-08-18 06:53:09,1037,42,7,119.87,120.12,0.12,0
P57XeAL2tBc,UCO8ToDSM2Gvt3EZdOdosxTw,2026-07-14 09:00:21,60039,1387,75,120.0,120.0,0.0,0
P5DyGhTG4Fc,UC6oq8RPEH1BmtyldQgXVbJw,2026-07-29 06:05:42,14484,160,32,119.91,120.16,0.09,0
P5Rfrw1W5ls,UCikKJvpU0Ylua4hRW6faQRg,2026-07-26 09:34:34,5627,134,0,119.93,120.18,0.07,0
P5X2uGSVH4I,UCZ-UuK86Bk5sGzQQ2cEglJQ,2026-08-28 10:54:43,328072,1621,74,119.85,120.1,0.1,0
P5acUtwG248,UCXS55IczImEf64aU16NzKlg,2026-08-19 08:30:10,2653,12,23,119.76,120.01,0.01,0
P5cpSTVS40U,UCcsC1X0SyiWcxBTbnjoZ9Ag,2026-07-27 09:00:02,1917,33,17,120.0,120.0,0.0,0
P5dwxjm9tAw,UCpcTrCXblq78GZrTUTLWeBw,2026-08-01 14:30:24,116410,1231,92,120.0,120.0,0.0,0
P5lUu6fWh3w,UCw-JzmPsjRcbzJLncr4pIIA,2026-08-06 12:51:33,344049,5278,541,119.89,120.14,0.11,0
P5syPvkiwU8,UCAl4HWznMn7KhKBRFO5eiFA,2026-08-13 13:14:49,1422,10,0,119.76,120.01,0.01,0
P5uskWGW5Hg,UCpTNtH8yc1Kdl_YFfsQsTYA,2026-08-29 14:59:08,17608,17,0,119.78,120.03,0.03,0
P5wlOl7MlTY,UC-okJdotaXPlzivRzHFqzuA,2026-08-13 04:59:37,202255,801,41,119.76,120.01,0.01,1
P65pAuv1wsk,UCzDmGDR5RdahQkLCBoWlTEg,2026-08-07 12:00:34,4453,24,1,119.99,120.24,0.01,0
P6AKWP2jrpE,UC2yOBpLVwB7kzt9C5ZPbB7w,2026-07-30 04:00:03,102903,1592,33,120.0,120.0,0.0,1
P6SNdoC9a2E,UCBo7GIv99qTzHaa6ip09YLA,2026-07-27 06:21:45,1032,7,6,119.89,120.14,0.11,0
P6e9oIonSvo,UCcum1rCJ5GJeQ_xv0xrohqg,2026-08-22 10:00:10,36618,1068,265,119.76,120.01,0.01,0
P6nKeR94foI,UCt8CJiye87FMbEwt0npPMuQ,2026-07-29 13:30:06,11572,360,41,120.0,120.0,0.0,0
P6y0OvYLaVQ,UCV7WE8I_UiAN0fa6Arezx_w,2026-08-03 03:00:09,50,1,0,120.0,120.0,0.0,0
P73qOa5lJnU,UC8C0Yd20ke5XqOiZvMVgM9w,2026-08-19 09:00:00,15409,299,3,119.76,120.01,0.01,1
P74mb3KtXW8,UCBS4sjbGJIcclT-Y6i_Jzkg,2026-07-31 16:50:47,22795,851,6,119.91,120.16,0.09,1
P76ESEHrorA,UCxpXguPL_B5pz7Gq8ozfwlA,2026-08-16 18:30:38,8746,49,1,119.99,120.24,0.01,0
P78EbxvP3YQ,UCO94iFhOhtdGb4Ze5DUAtbw,2026-08-30 02:00:18,10290,75,33,119.76,120.01,0.01,0
P7OWDi3tUvA,UC783XWULPW-nDGv_0EYlB6Q,2026-08-28 09:30:12,202080,4773,47,119.76,120.01,0.01,0
P7SPZQgNIfc,UCFCt5RYu41HTg4eX1jdHNxw,2026-07-23 22:52:23,10350,41,3,119.88,120.13,0.12,0
P7UJz-VuqbI,UCyZXLzORHoh9QMwA7IwS0pA,2026-08-28 16:56:25,8977,12,1,119.82,120.07,0.07,0
P7W_lsX9YFM,UCfq-5-0b5Lzj7cKCrp6-flA,2026-08-30 08:00:33,12492,71,35,119.75,120.01,0.01,0
P7Yw83xSJk4,UCYJ0Ucu9jPX5kn6SeDcNaIQ,2026-07-15 08:28:31,124042,1505,128,119.78,120.03,0.03,0
P7_WLlL42jg,UCSl8TBqqflby-ymdEQVfRNQ,2026-08-15 14:54:46,11098,182,36,119.84,120.34,0.16,0
P7dCCztYy6E,UCq6bX1rAJqwt3LmYuHrDPqg,2026-08-16 18:41:55,10137,11,0,119.81,120.05,0.05,0
P7i2y9oi1es,UCKrprPfevcAZpPuRnCO6xOA,2026-08-28 09:30:27,3486,9,2,120.0,120.0,0.0,0
P7lJ7Wy1_n8,UChEATwTajZl4Wjypr0cBj3w,2026-08-09 18:13:52,7459,125,19,119.77,120.02,0.02,1
P8Ipxac1iXQ,UCN5oT4zGJX-_H6pE5isAEeg,2026-07-27 03:00:00,591250,9299,444,120.0,120.0,0.0,1
P8UAtj5dkZw,UCV7WE8I_UiAN0fa6Arezx_w,2026-08-24 13:00:09,24,0,0,119.76,120.01,0.01,0
P8WZvD56qVs,UC_O4_e0nbsMoU1rg7JU_nwQ,2026-08-05 02:30:36,104074,1553,341,119.99,120.24,0.01,0
P8Yqkx85pe8,UC5ScPjbt-a97AJO7SBj6nAg,2026-07-28 08:30:31,89306,2468,353,119.99,120.24,0.01,0
P8eW6e7kJdY,UCV7WE8I_UiAN0fa6Arezx_w,2026-07-25 00:00:36,129,0,0,119.99,120.24,0.01,0
P8kM1kiE_k4,UCuWDza8A_ntbjwBZgW0ZSNw,2026-08-17 03:00:27,84386,908,24,120.0,120.0,0.0,1
P8si7SKNohA,UCPuD5ZRQWa_JCaY5NokNhtg,2026-08-16 19:42:02,391,8,2,119.8,120.05,0.05,0
P8yV8Tnd92o,UCDBAVzfX3yZ1hah0FHnOoaA,2026-07-24 13:30:15,447541,2107,273,120.0,120.0,0.0,0
P91znawaBls,UCV7WE8I_UiAN0fa6Arezx_w,2026-08-31 03:00:10,502,1,1,119.76,120.01,0.01,0
P9Hsu4TzVZo,UCuZ862fZel1gq9RAf_OkvqA,2026-08-23 02:19:32,5344,42,6,119.94,120.19,0.06,0
P9RRbaWdC8g,UCgLFbrC7-g0ihBKB0obVPTg,2026-08-12 13:27:05,0,0,0,119.8,120.05,0.05,0
P9czNteSLe0,UCifCesg-EUkjKyQedaB3hRg,2026-08-21 23:52:08,33547,819,16,119.89,120.14,0.11,1
P9jPrNNOVak,UC_9W6Z5Y3lDpLk47Y_y5ITQ,2026-08-29 23:56:06,45265,192,32,119.83,120.08,0.08,0
P9kJxV5hVxA,UCK2tMI7hBvOk5ibNMVpaIlw,2026-07-23 16:02:15,66,9,0,119.97,120.22,0.03,0
PAHi392VMew,UCeG0ONJtjwE20ThR5iSYdsA,2026-07-24 10:04:41,39402,499,85,119.92,120.17,0.08,0
PAIvtXA9Xu0,UCXtU-C_e2iBzPSq9oLXtbVw,2026-07-26 23:15:38,44,3,6,119.99,120.24,0.01,0
PANN5yR2Y6A,UC1Ns07Rw0lQK-KuaPHfRRTw,2026-08-17 11:25:56,47,0,0,119.82,120.07,0.07,0
PAaTBGpbTUk,UCAJ-meoCh1TrPZ7La3UpPrw,2026-07-24 07:54:25,117159,3075,135,119.84,120.1,0.1,0
PAer7GKJ_ks,UCpcTrCXblq78GZrTUTLWeBw,2026-07-17 23:30:10,101011,1208,162,120.0,120.0,0.0,0
PAlML-5On0I,UC_8GOc5dWX2Kpb74_nQ7vSQ,2026-08-18 11:30:32,293456,10956,139,120.0,120.0,0.0,1
PAn8KASM-48,UCqlcSsDNMYxEsem7bWY-66Q,2026-07-30 16:08:35,14680,505,0,119.86,120.11,0.11,0
PAuy7TqRods,UCZ-UuK86Bk5sGzQQ2cEglJQ,2026-08-17 08:26:20,222752,3092,100,119.82,120.06,0.06,1
PAv8SfmyXPI,UCNNR1-x2NhZARsNGnQlh2sQ,2026-08-30 07:15:13,93049,177,19,119.76,120.01,0.01,1
PB0STLc51oM,UCPuD5ZRQWa_JCaY5NokNhtg,2026-07-31 14:51:21,557,8,5,119.9,120.15,0.1,0
PB12XnZmsTU,UCqVkQsNin4MdGFrWvzFVOKw,2026-07-22 04:24:30,13159,99,0,119.85,120.1,0.1,0
PBRHGBJcNxQ,UCHJv9xBR9lkzGSIepie-T_A,2026-08-09 21:30:05,2149,13,1,120.0,120.0,0.0,1
PBpGxazzkEY,UCJN5mgLqkPCTVC5v-12gKjQ,2026-08-13 12:08:33,2671,64,1,119.86,120.11,0.11,1
PCIRtk0ybX8,UCBtJuwDt6LlXp2YASC-ZMdA,2026-08-22 11:00:09,1368,7,0,119.76,120.01,0.01,1
PCM-qkqUcL4,UCoH2pCzAr6zWDG-LtUiLWRw,2026-08-15 07:27:59,9533,536,15,119.79,120.04,0.04,0
PCPYYoZL88I,UCt8CJiye87FMbEwt0npPMuQ,2026-07-16 20:37:17,2461,84,6,119.88,120.13,0.12,1
PCQbpJQpEwU,UCkrNv6xF8j7QZmWb3UeAH8A,2026-08-30 07:55:46,5886,34,1,119.83,120.09,0.09,0
PCTc1H-vQA4,UCrY2B2XX41ReYh9DIWrFfCg,2026-08-12 10:00:25,2146,,4,120.0,120.0,0.0,0
PCsFZd55Ios,UC9vz3TBChrJmYbzUo-rqfSg,2026-07-27 03:48:39,28287,253,126,119.94,120.19,0.06,0
PCuhrvz7LMw,UCAhmOb9JWkI2HV_KIe9X_3A,2026-08-13 04:00:21,8522,235,43,120.0,120.0,0.0,0
PDIZJVkNzaY,UCO8ToDSM2Gvt3EZdOdosxTw,2026-08-26 14:05:35,220496,1561,77,119.92,120.17,0.08,0
PDYKwdsKkbE,UCifCesg-EUkjKyQedaB3hRg,2026-07-28 19:27:54,280068,2725,6,119.79,120.04,0.04,0
RjrOSh4fng0,UCzDyC6JMEXEufozffWzI9Mg,2026-08-20 04:00:08,180518,2993,130,119.75,120.01,0.01,0
Rk-f6wquZgQ,UCmwZePdbUmncnpQptdPH2Jg,2026-07-29 09:30:52,20,1,0,119.99,120.24,0.01,0
Rk4SLeTysSc,UC3gl4CHfNtAqNjju1goB0_w,2026-08-22 11:05:27,27962,795,57,119.92,120.17,0.08,1
Rk7zk1Pini8,UCyZtdaxIiGb4wp5AmkEMrwQ,2026-07-18 03:00:29,8548,210,25,119.99,120.24,0.01,0
RkXyCsqgPU0,UCpcTrCXblq78GZrTUTLWeBw,2026-08-29 08:30:24,28298,181,10,119.76,120.01,0.01,1
RkbwyNZWwMw,UCZ6mNZTiTUrUSbSYPlclI4A,2026-07-29 15:55:31,9331,231,13,119.83,120.08,0.08,1
Rl7z7i5--8E,UCa8Z4uUp51Aqtx4Fq4-3wMA,2026-07-23 06:34:46,1782,16,2,119.93,120.17,0.07,1
RlCnB_5hGe0,UCO8ToDSM2Gvt3EZdOdosxTw,2026-08-18 06:30:26,5038,80,46,120.0,120.0,0.0,0
RlWuzKjCGhE,UC0aKwoKNeqBaUwiEXmkQaGQ,2026-08-31 03:00:37,546512,6754,690,119.75,120.01,0.01,1
RlYvVapp6Aw,UCd-Ziz8pAMZBWl7juEghsag,2026-07-14 03:53:52,10777,194,59,119.85,120.1,0.1,0
RlZ4PJR6WSU,UCikKJvpU0Ylua4hRW6faQRg,2026-08-16 01:37:35,9231,191,2,119.88,120.13,0.12,0
RljzEAorROY,UCDBAVzfX3yZ1hah0FHnOoaA,2026-08-03 13:30:03,571566,3563,423,120.0,120.0,0.0,0
RlpEEMTQW9s,UCHeg3ApmuXQbqqszaD1fR9g,2026-07-19 14:21:31,71,4,0,119.89,120.14,0.11,0
RlqA5NT-pH4,UCV7WE8I_UiAN0fa6Arezx_w,2026-08-05 18:00:02,54,0,0,120.0,120.0,0.0,0
Rm69OnvvGMg,UCApYlKNymyHZ9dlOCImFVBg,2026-08-12 16:05:53,4796,146,3,119.9,120.15,0.1,0
RmFr2v3LZBg,UCw1DsweY9b2AKGjV4kGJP1A,2026-08-03 03:00:30,143391,1139,74,120.0,120.0,0.0,1
RmIwqY2KOFY,UCS2OAdHoLt-9T6cG9A2H49Q,2026-08-25 03:00:28,14405,171,38,120.0,120.0,0.0,0
RmgH2Av0GSQ,UCpcTrCXblq78GZrTUTLWeBw,2026-08-16 09:00:14,162319,3530,37,120.0,120.0,0.0,1
RmjJ42Sz4vs,UC2yOBpLVwB7kzt9C5ZPbB7w,2026-08-14 04:00:37,199247,2422,51,119.99,120.24,0.01,1
RmpNRB-ZknY,UCab17MxxnFtAhGsJVTkSkCg,2026-07-31 18:14:26,727,15,0,119.76,120.01,0.01,0
RnD1-uV3JWk,UCBidluUUxzT_5jVOI_2x2MQ,2026-08-27 08:00:27,1633,7,4,119.76,120.01,0.01,0
RnHbGJ7vtec,UCp6n8d8Y8r3MwKNw_MMaouQ,2026-08-28 19:34:38,6666,36,2,119.93,120.18,0.07,0
RnQn_pOB4c8,UCXAXCxTCCYYKsLJNzEvjqfw,2026-08-13 02:52:41,66311,1604,59,119.87,120.12,0.12,0
RnRqI6enEvw,UC8FErYSi74YwGUAoTpjvgzQ,2026-08-24 10:30:34,3751,217,20,120.0,120.0,0.0,0
Rnme2E_Pm-s,UCPGl9DV2WUgaqGVXtVrhJWQ,2026-07-12 15:00:07,5,0,0,120.0,120.0,0.0,0
RnrcW2-tZMU,UCt8CJiye87FMbEwt0npPMuQ,2026-08-11 12:30:34,3250,91,11,119.99,120.24,0.01,0
RnwL4w308Go,UC2f8VfmEF2_0-rFN4RNHaNg,2026-08-19 17:47:37,27185,330,193,119.97,120.22,0.03,0
RnzwXwO9Umo,UCw1DsweY9b2AKGjV4kGJP1A,2026-08-09 08:00:01,54709,204,46,120.0,120.0,0.0,0
RoDltV8TBhM,UCaMV-CjrWYh2Aefg_8iLwJQ,2026-08-15 04:00:29,346461,1913,65,120.0,120.0,0.0,1
RoHSkrJTC4Y,UCdK9h1ILxS49c2LguBUY3rw,2026-08-20 12:00:15,3,2,0,120.0,120.0,0.0,0
RoPn2lCH6UQ,UC3gl4CHfNtAqNjju1goB0_w,2026-07-28 00:40:32,213537,1957,110,119.83,120.08,0.08,1
RocD9QTi_XU,UCV7WE8I_UiAN0fa6Arezx_w,2026-08-29 12:00:36,374,0,0,120.0,120.0,0.0,0
RopL5OErUDQ,UC-FiQR2gg8oiNw98ZdsSX6Q,2026-08-28 18:00:18,69,2,0,120.0,120.0,0.0,0
RopVdjlQ4BM,UC0FUMakBJHsRrfKCGQuWnRA,2026-08-08 12:44:09,35924,277,196,119.77,120.02,0.02,0
RpIwh05uqfQ,UCepHesz_5Lwr7qRaqjB-p1A,2026-07-16 07:00:02,24014,467,182,120.0,120.0,0.0,0
RpJAVOiyqBg,UCeG0ONJtjwE20ThR5iSYdsA,2026-07-13 09:31:41,82230,913,107,119.97,120.22,0.03,0
RpMF-cSUy4w,UCrY2B2XX41ReYh9DIWrFfCg,2026-07-12 10:00:28,4863,,15,119.99,120.24,0.01,1
RpSECya-yFk,UC4cKHOBS-nRfKFTwf1n8HGA,2026-08-01 08:13:36,1524,,5,119.78,120.03,0.03,1
RpVkUd9sd2U,UCV7WE8I_UiAN0fa6Arezx_w,2026-07-14 19:00:21,56,1,0,120.0,120.0,0.0,0
RpVq77eIoQY,UCPsZX-D7LW99PjZLA-UysPQ,2026-07-23 09:00:27,1241,8,6,120.0,120.0,0.0,0
RpVwYWycjz4,UCvfEv6nBnL0QlKqyGmL0orQ,2026-08-04 00:00:24,12555,90,40,120.0,120.0,0.0,0
RpdHY6ZcMjM,UCfjMjhfjRRy8B0mfqbO_43w,2026-08-16 01:45:14,31121,371,47,120.0,120.0,0.0,0
Rplj3plyMnQ,UCby0vMKcLR05ZdS90aZd5og,2026-08-28 03:44:21,3574,5,0,119.77,120.02,0.02,1
RpqDOftxq88,UCoqMTw0yGmjIjNayukuOg5Q,2026-07-24 10:36:45,49146,390,150,119.89,120.14,0.11,0
Rq5ZfZUbK-0,UCS2OAdHoLt-9T6cG9A2H49Q,2026-07-23 09:08:57,30582,172,19,119.85,120.1,0.1,1
Rq7CUA1Sl_s,UChD6JvTbge_rh8yFIK2ZVJA,2026-07-29 09:00:45,2,0,0,119.99,120.24,0.01,0
RqGmM9k6u8w,UCYTQCmuFcacJJ_Tad20qqEw,2026-07-28 16:36:48,108742,5231,179,119.89,120.14,0.11,0
RqHm1NlfOxQ,UCdXpKf3aIenvWkMbF3EvcQg,2026-08-09 13:32:14,6548,86,16,119.97,120.22,0.03,1
RqKv46VI4Mw,UCb5NLtXAsTBrmaZVhyFa-Wg,2026-08-04 08:25:22,210330,965,172,119.83,120.08,0.08,0
RqNoyi5J7-Q,UC78d2aaqdrt02RfmtRLmlAw,2026-08-23 21:50:18,2657,40,0,119.92,120.17,0.08,0
RqQqVnnXFDs,UCqFmG6ofirSWvI9B8mwzvyA,2026-08-14 10:30:24,658,9,0,120.0,120.0,0.0,0
RqStxCXG6Z4,UC-okJdotaXPlzivRzHFqzuA,2026-08-26 02:59:14,83881,925,23,119.77,120.02,0.02,0
Rqkx5JBMA9E,UCBtJuwDt6LlXp2YASC-ZMdA,2026-08-03 07:36:03,3309,13,2,119.9,120.15,0.1,1
Rr0J8drPo4U,UCo33r3SAf5z9MS-lrXV2aOQ,2026-07-30 08:45:35,60641,564,62,119.99,120.24,0.01,0
Rr3C0zWWcdI,UC3hCAmwyYNgRuOOSFV7evVA,2026-08-18 12:20:05,58116,84,32,119.93,120.18,0.07,1
Rr3ChjAyvQo,UCuWDza8A_ntbjwBZgW0ZSNw,2026-07-28 03:10:49,58268,845,56,119.82,120.07,0.07,1
Rr3Qqn9oYCQ,UCHeg3ApmuXQbqqszaD1fR9g,2026-07-16 15:16:13,80,6,0,119.98,120.23,0.02,0
Rr7Ui25UA5E,UCkd3KAYGnTNPJZZrPOFeWhA,2026-07-24 07:10:48,19884,122,41,119.82,120.07,0.07,0
RrDf2jMXVs0,UCkphwoGMBs2_0raLOqu9aQw,2026-07-25 13:26:34,201,6,8,119.81,120.06,0.06,0
RrGBFXOZsfw,UC-aXNBQ6nwMNeW2V8XB7sBg,2026-08-21 09:00:35,220573,2492,84,120.0,120.0,0.0,1
RrHkQSmZMWw,UC2ja61Zku_rw3ZBfDZi8cuQ,2026-07-26 01:00:20,65821,234,21,120.0,120.0,0.0,0
RrUM2aMSzSk,UCYJDUekoQz0-bo8al1diLWQ,2026-07-31 02:13:08,180558,3518,128,119.78,120.03,0.03,1
RrgAy_Wg7-A,UCp6n8d8Y8r3MwKNw_MMaouQ,2026-07-31 13:24:56,39277,964,24,119.84,120.09,0.09,1
RrlwhA0oyYM,UCYjNEoVziojh1ZCum1q0PNQ,2026-07-13 01:15:11,66858,1282,55,120.0,120.0,0.0,1
RrnY3lbLojc,UCAGfDVBYmUlAxUYYLvtrvyA,2026-08-13 09:00:10,20,7,4,120.0,120.0,0.0,0
Rro1KLcYDqQ,UCzDmGDR5RdahQkLCBoWlTEg,2026-07-12 15:33:27,12681,114,1,119.94,120.19,0.06,1
Rro3jz_o9yU,UCqI5lyTpC79pOy2D-VXAMdA,2026-07-13 13:33:54,201037,2398,606,119.94,120.19,0.06,0
RruvYsyIZeo,UCtGMgPWJNU2Aj-SNK0zg0Sg,2026-08-14 16:01:01,2772,24,1,119.99,120.24,0.01,0
RrxAywXDK5o,UCeiDuGZqWT4iiIXRTfhM3qQ,2026-08-22 20:30:15,14615,799,52,119.76,120.01,0.01,0
Rs3Je4s5hVM,UCms8Ge7H1ZGgw6nV94fUhUQ,2026-08-23 09:00:27,1779,13,0,119.76,120.01,0.01,1
RsDWnnLK5no,UCV7WE8I_UiAN0fa6Arezx_w,2026-08-28 17:00:14,236,1,0,119.76,120.01,0.01,0
RsVawyzOQ6E,UCPpSXwAg3hkSpa85Ah-dpgA,2026-07-26 05:41:20,1921,47,13,119.81,120.06,0.06,0
RsosfQunDno,UCAEQiQ4Mg6fFkPshBMhPaxw,2026-08-11 09:04:05,2039,59,4,119.94,120.19,0.06,0
RssF9ePfvNI,UCwBkHOTyu57NQi0syf5MLig,2026-08-30 01:00:35,181080,873,76,119.75,120.01,0.01,1
Rt0hOhtqL2s,UCzRPPKLkNxjD2of-0Xxfnjw,2026-08-07 08:43:39,16689,309,47,119.78,120.03,0.03,0
Rt1hag4wZ4U,UCnhGcri8x6xhehanhAe9ipw,2026-07-23 13:06:48,18587,1469,54,119.89,120.14,0.11,0
RteI1H1V378,UC5ScPjbt-a97AJO7SBj6nAg,2026-07-26 07:56:24,355754,10200,156,119.81,120.06,0.06,1
RtgZjD1Leuw,UC3kVT7zilzGf_7fIEkc4dDA,2026-08-17 05:30:39,15967,427,82,119.99,120.24,0.01,0
RtkBaNMnt94,UCElXDMEQqlUnuyDbChjARWQ,2026-08-13 07:00:01,285,0,0,120.0,120.0,0.0,0
Rtp98xoeiZ0,UCt8CJiye87FMbEwt0npPMuQ,2026-08-07 14:00:14,23984,824,56,120.0,120.0,0.0,1
RtpzXGumkmE,UCwBkHOTyu57NQi0syf5MLig,2026-08-28 12:23:00,34754,165,10,119.88,120.13,0.12,1
JuXOyhC_xbM,UCaN1Qp37sHiCdQuSaXa3fVw,2026-08-13 07:00:06,57423,1152,29,120.0,120.0,0.0,1
JubidlMf-Ns,UCifCesg-EUkjKyQedaB3hRg,2026-07-26 01:03:12,12273,254,3,119.95,120.2,0.05,1
Juh-VDAXSqI,UCfcfymsN3OMo2cfmbpGTanw,2026-08-05 09:03:45,15314,66,18,119.94,120.19,0.06,0
JuiJCe9F4-g,UCq6bX1rAJqwt3LmYuHrDPqg,2026-08-08 18:14:04,4008,7,0,119.77,120.02,0.02,0
Jv2jB7yUPA0,UC8E29ANOC3_OuB7_5EPY2xw,2026-08-13 13:42:15,1236,9,0,119.8,120.05,0.05,1
JvBZtn4ENzM,UC1dG3vI9FfHnH3YgyeKUz_A,2026-08-12 15:14:47,191114,1015,109,119.76,120.01,0.01,0
JvRSuQsc8cg,UCJDXc9JWCZo-nLNKr_-L2Ng,2026-08-31 11:00:17,2449,60,10,119.76,120.01,0.01,0
JvXlwnvY82g,UCifCesg-EUkjKyQedaB3hRg,2026-08-17 03:53:48,770,14,1,119.86,120.11,0.11,0
Jvb7jDNTY9o,UCL2ZLyAV0H9Pvi46W7TGdHQ,2026-08-07 11:00:31,30544,212,104,119.99,120.24,0.01,0
JvgK0fwVCq8,UCyoKcrOcBEY4rmLYkDuXErA,2026-08-03 09:00:28,34850,407,8,120.0,120.0,0.0,1
Jvl8N9ggLew,UCmwZePdbUmncnpQptdPH2Jg,2026-08-28 09:51:01,47,3,0,119.91,120.16,0.09,0
Jw3CLgA6Dpo,UC3RzmV2LX3AmWhZVx0A7u0A,2026-08-17 07:00:22,95834,2361,93,120.0,120.0,0.0,1
Jw3Kzu2DxP0,UCv1tOT645xHOJrwdGlzjMaA,2026-08-07 08:40:42,12647,180,7,119.83,120.08,0.08,1
JwAnEpS24ng,UCMAfHuocszM6UTORPwUmeNw,2026-08-09 13:28:06,17494,382,0,119.78,120.03,0.03,0
JwI6DJEkCLs,UC5ThQKdocwo_9UurfT5P_ww,2026-08-11 05:39:42,633028,6314,267,119.84,120.09,0.09,1
JwPAQvHjo6w,UCTK7GGeH0c9INAEnV2EfD0Q,2026-07-27 03:00:24,5464,138,7,120.0,120.0,0.0,0
JwWJPZ8_UW4,UCU0-6z_KU9AShyR9J6gcFGw,2026-08-12 23:33:31,214,3,0,119.94,120.19,0.06,0
JwbhZIe-7zw,UCPsZX-D7LW99PjZLA-UysPQ,2026-07-24 12:00:20,248,2,1,120.0,120.0,0.0,0
JwccCb2iyIQ,UChLqHuZV0PENIBYxDgXyPLQ,2026-08-11 11:51:08,28546,492,12,119.9,120.15,0.1,1
JwdGJ1EzF3k,UCNRnCc0hg3ZcKdOGXKKv5Ww,2026-08-13 09:15:39,3112,40,5,119.99,120.24,0.01,0
JwepX2pdK9k,UCksGX0hODm1Ev6mysrToMqg,2026-08-14 12:45:22,15755,240,27,120.0,120.0,0.0,0
JwjtveT0c04,UCJA6MZLzTeljmGNFaugdoWQ,2026-08-05 07:00:33,1368,10,0,119.99,120.24,0.01,1
Jwl046bHrSs,UCxPMcxq7WJ32M3lnFn58Cpg,2026-08-15 09:27:05,5474,18,7,119.8,120.05,0.05,1
JxayObwNKtQ,UCPuD5ZRQWa_JCaY5NokNhtg,2026-07-25 06:34:25,933,10,4,119.93,120.18,0.07,0
JxhExF00kYc,UCL_IvtOZo6sONpiydbzzHpA,2026-08-26 02:20:52,49060,702,16,119.91,120.16,0.09,0
Jxja_Pxt7ZU,UCaN1Qp37sHiCdQuSaXa3fVw,2026-08-04 10:26:38,2367,54,16,119.81,120.06,0.06,0
Jy0VvxrDd3I,UCQSEAbOs6vsJfy7WN7iYaGQ,2026-07-22 22:00:14,477867,13715,535,120.0,120.0,0.0,0
Jy4djrhhJ8E,UC-8S20Ll1gzPiu_YY8BgyaQ,2026-08-30 11:27:54,41273,318,8,119.8,120.05,0.05,0
Jy666VY-uSU,UCifCesg-EUkjKyQedaB3hRg,2026-08-19 22:42:46,32263,586,9,119.79,120.04,0.04,1
JyR8Qx0D8Eg,UCY_vDlvG-BTDRIOk_I9QQ6g,2026-08-03 00:37:09,2700,28,12,119.88,120.13,0.12,0
JyaXh4W-Lmk,UCV7WE8I_UiAN0fa6Arezx_w,2026-07-14 11:00:40,52,0,0,119.99,120.24,0.01,0
JybOrHcZEoM,UCSzHok6X5qXEO7cjvVnE62g,2026-07-23 10:00:19,32255,167,20,120.0,120.0,0.0,0
JynngN8Zzvg,UCmZeuRfHYowZhf6odtoaNdg,2026-07-23 12:00:20,29804,490,222,120.0,120.0,0.0,0
Jyvft8pu87Q,UCuwnt_REmD4YsCtFJRoqjFw,2026-08-30 07:53:43,130572,489,180,119.87,120.12,0.12,0
Jz1L4mHh3VE,UCwfbSsZ7_sccxcibe60mWlQ,2026-08-25 15:00:23,4117,15,3,119.75,120.01,0.01,0
JzDcKI91Dms,UCirJgPv8RtFaFMj39b6cD8Q,2026-08-16 09:00:06,9759,54,2,120.0,120.0,0.0,1
JzDxli44ZTI,UCt8CJiye87FMbEwt0npPMuQ,2026-08-28 16:00:14,14411,80,7,119.76,120.01,0.01,0
JzMmL9ZBOws,UCElXDMEQqlUnuyDbChjARWQ,2026-08-21 11:19:54,658,3,0,119.93,120.18,0.07,0
JzRL_Mq1qM0,UC6LLMkdyses2ugPRNEXutMQ,2026-08-08 10:15:10,26042,281,30,120.0,120.0,0.0,1
JzkQWucHR3g,UCZRH94I89Ps7giJYeK6DlWA,2026-08-22 03:00:12,57311,826,116,119.76,120.01,0.01,0
JzrgpD3uBfg,UCZCZHg_oJiHcrcj2vaPRCag,2026-08-11 09:32:51,48,0,0,119.96,120.21,0.04,0
JzwQiTrJ9pI,UCwBkHOTyu57NQi0syf5MLig,2026-08-27 08:00:22,78447,339,13,119.76,120.01,0.01,1
K-GG3jmuMlE,UCikKJvpU0Ylua4hRW6faQRg,2026-08-15 22:19:42,2926,70,0,119.92,120.17,0.08,0
K-LLzAzXA8g,UCrfB1-zWijAYkgfZW7Ehc8Q,2026-07-22 03:00:10,144260,4756,753,120.0,120.0,0.0,0
K-RXFMG-r2Q,UCPGl9DV2WUgaqGVXtVrhJWQ,2026-08-06 15:00:28,10,0,0,119.99,120.25,0.01,0
K-szukGz2sA,UCJGww2K__Q3y-MtDi0XWH2w,2026-08-13 07:27:22,130319,2090,61,119.8,120.05,0.05,0
K-tZ-pAPY9o,UC6aF-skLT_1X6cdPJxVJXxQ,2026-08-26 09:48:59,195220,5759,91,119.94,120.19,0.06,1
K01mevc8048,UCQePzo3_oRB-6RAzBioc6pg,2026-08-25 23:10:48,13729,124,101,119.83,120.08,0.08,0
K0AdTZc5wZE,UCL_IvtOZo6sONpiydbzzHpA,2026-08-16 23:11:11,68025,709,5,119.82,120.07,0.07,0
K0LeU7n4x8g,UCYM01qjjE_hmqFQAmOo-lNg,2026-08-02 03:00:06,17481,53,9,120.0,120.0,0.0,0
K0QbPJtNlU0,UCUt2AEhC-OOC2EPCzj4DkCw,2026-08-25 00:39:44,25885,1559,71,119.85,120.1,0.1,1
K0StuZ9sSVI,UCKVt3arMXfa6XZezR1UnjqQ,2026-07-12 22:00:05,5161,64,3,120.0,120.0,0.0,0
K0b9gW9wOGc,UC3gl4CHfNtAqNjju1goB0_w,2026-08-22 13:43:09,2100,50,1,119.79,120.04,0.04,0
K0gfwe4eufM,UCpX86JOUhnrzG7MK8e8Gjbw,2026-08-15 14:29:34,40158,168,101,119.76,120.01,0.01,0
K0hQWZMB8fs,UCEg24oF81p-THPtp3otdmTA,2026-07-12 09:00:12,44975,1189,33,120.0,120.0,0.0,0
K0jlLxJOBFs,UCePy6AqRuTfKDC4aTrqcAqQ,2026-08-13 13:58:20,288,30,6,119.78,120.03,0.03,0
K1BCfiPEksU,UCV7WE8I_UiAN0fa6Arezx_w,2026-08-01 13:00:25,19,0,0,120.0,120.0,0.0,0
K1IHZOZAcV4,UCX11f6rIVaoWGvFnKKyPBNQ,2026-08-27 23:37:41,57146,431,62,119.88,120.13,0.12,1
K1KRvB8Mao0,UC3gl4CHfNtAqNjju1goB0_w,2026-08-07 07:23:44,1660,36,25,119.86,120.11,0.11,0
K1R_Z-PTtjI,UCV7WE8I_UiAN0fa6Arezx_w,2026-07-19 08:00:04,43,1,0,120.0,120.0,0.0,0
K1nyEd33GrI,UCYS2NvZlSjrxZfnn1v7b3QQ,2026-08-16 16:00:19,12,1,0,120.0,120.0,0.0,0
K2--NNcwMNI,UCD9tj7ATjYkyPyWXK_ewNXQ,2026-08-20 15:45:56,529,12,0,119.99,120.24,0.01,0
K2AT1DorDIo,UCLHwMFguUxHVSk91vzicEJw,2026-07-22 12:37:21,40749,426,30,119.88,120.13,0.12,0
K2KcWKDpLFs,UCN5oT4zGJX-_H6pE5isAEeg,2026-08-26 08:00:01,69531,1618,75,119.76,120.01,0.01,1
K2fmQoLfBW4,UCHJv9xBR9lkzGSIepie-T_A,2026-08-10 21:30:23,3744,44,4,120.0,120.0,0.0,0
K2kD0d39Oj0,UCdb5lyq0tWbY3jqH35SufmA,2026-08-16 10:30:09,27364,59,6,120.0,120.0,0.0,1
K2mUhMD8gsc,UCRpdlPk671uOMiBtf5HtB3Q,2026-07-20 09:55:26,20035,195,52,119.83,120.08,0.08,0
K357WXofiq8,UCBidluUUxzT_5jVOI_2x2MQ,2026-08-09 08:00:06,130,5,0,120.0,120.0,0.0,0
K35az3ExWFQ,UCt15X5eHLwyP8PpNtQTkuDQ,2026-07-17 07:56:58,162710,1036,167,119.8,120.05,0.05,0
K361eav-29A,UCqRz_-l3GCmWb92u8P33RYQ,2026-07-31 08:10:25,67921,591,133,119.83,120.08,0.08,0
K3Geq5qxozs,UCPGl9DV2WUgaqGVXtVrhJWQ,2026-08-26 15:00:32,6,0,0,120.0,120.0,0.0,0
K3LZBFICy48,UCqjUPx-UAFHVvthd71bY7_g,2026-08-11 08:00:07,4473,26,29,120.0,120.0,0.0,0
K3UI3c7y3JQ,UCgysH1Lm7jP3pjyFoGLwTcw,2026-08-14 04:58:04,1721,3,1,119.78,120.04,0.04,1
K3kLx56USYo,UCt8CJiye87FMbEwt0npPMuQ,2026-08-24 17:00:38,5613,204,14,120.0,120.0,0.0,0
K3kZb7f3NZg,UCpcTrCXblq78GZrTUTLWeBw,2026-08-10 19:30:35,8108,179,19,119.99,120.24,0.01,0
K3n30GEkabs,UCFrKhWvZ8oeJQTNP5ZabgJw,2026-08-05 07:00:20,281323,2850,133,120.0,120.0,0.0,1
K3rsxdUN-go,UCAl4HWznMn7KhKBRFO5eiFA,2026-08-22 14:14:28,16698,125,63,119.77,120.02,0.02,0
K3vb8mwbCgU,UCPJGXrPIVKBR8PJY7w33WZw,2026-08-01 01:00:22,65442,1208,445,120.0,120.0,0.0,0
K3xT_NXzLxw,UCpwGBltfwjd_fIzp5cb5R0w,2026-08-15 00:30:13,582156,5536,429,120.0,120.0,0.0,1
K3y2Dodutts,UCOKQpmfKrtu7Nu719CVSw1A,2026-08-27 03:10:13,1009,10,3,119.84,120.09,0.09,0
K40kuYp9v-U,UCqI5lyTpC79pOy2D-VXAMdA,2026-08-31 15:20:46,179032,624,153,119.92,120.17,0.08,0
MRIE-Ddi7S0,UCT-UsvGz4gm7lezXvCEex9A,2026-08-15 05:00:39,1758,42,12,119.99,120.24,0.01,1
MRIaGqaKP0I,UCnCFD3met1Ip7OngdF9TRDg,2026-08-08 06:00:44,28440,280,46,119.99,120.24,0.01,0
MRd8Zv_CavI,UCby0vMKcLR05ZdS90aZd5og,2026-08-11 05:54:35,4053,5,0,119.84,120.09,0.09,1
MRh44E-7rIQ,UCaN1Qp37sHiCdQuSaXa3fVw,2026-08-20 10:54:55,98039,,27,119.84,120.09,0.09,1
MS0E35y7dWg,UC4cKHOBS-nRfKFTwf1n8HGA,2026-08-16 15:01:58,38,,0,119.97,120.22,0.03,0
MS2W4tBSaoM,UCApYlKNymyHZ9dlOCImFVBg,2026-07-30 11:15:13,6308,181,6,120.0,120.0,0.0,0
MS2zCNDPweI,UCqyzJW0VRYRP_sFELZYdxGg,2026-07-31 03:00:39,3997,36,2,119.99,120.24,0.01,1
MSYI3x1FAzI,UC_9W6Z5Y3lDpLk47Y_y5ITQ,2026-08-13 13:04:14,9542,79,15,119.93,120.18,0.07,0
MSb-y6y9f8M,UCws1FXlgdkXB-3FKN_lqgiw,2026-08-29 08:12:55,1209,6,1,119.8,120.05,0.05,1
MSbOcI1oONU,UC_9W6Z5Y3lDpLk47Y_y5ITQ,2026-08-13 23:36:35,6291,79,6,119.89,120.14,0.11,0
MStLVV2JDVA,UCraf4ugZTyvFY6AJ0VjIxFA,2026-08-22 09:39:40,0,,0,119.85,120.1,0.1,0
MSwa0PfafW8,UCLHwMFguUxHVSk91vzicEJw,2026-08-20 04:18:14,26744,396,12,119.95,120.2,0.05,0
MT1R7zrHIuU,UCbFLnCfOet-u_kFyA7uX-9Q,2026-08-19 15:00:13,62411,669,43,119.76,120.01,0.01,1
MT36Uik6lDU,UCJA6MZLzTeljmGNFaugdoWQ,2026-08-18 07:00:01,2181,10,1,119.76,120.01,0.01,1
MTC08PqSvJ0,UCrR_fhiJjoW8OJFzUcmlMMA,2026-07-31 07:00:15,11594,93,42,120.0,120.0,0.0,0
MTg4W27L94I,UC8CIM3d3zDYMk-3T5aAz0yw,2026-07-25 10:13:50,303315,7825,694,119.77,120.02,0.02,0
MTsea4KM4Wg,UC60HSePkZwGFzRj6VSDa6Ew,2026-08-25 05:00:07,11729,252,51,119.76,120.02,0.02,0
MU-eCpHXDKY,UCZ6mNZTiTUrUSbSYPlclI4A,2026-08-22 04:15:19,13779,456,10,119.76,120.01,0.01,1
MU3-PEPW-0g,UCPGl9DV2WUgaqGVXtVrhJWQ,2026-07-15 13:21:06,2,0,0,119.9,120.15,0.1,0
MUCwOyZgyec,UCN5oT4zGJX-_H6pE5isAEeg,2026-08-20 03:00:12,486045,9903,284,120.0,120.0,0.0,1
MUDSgi24qxU,UCJDXc9JWCZo-nLNKr_-L2Ng,2026-07-30 15:00:27,5138,166,12,119.99,120.24,0.01,0
MUFun1DSh50,UC-yb5eNBQyXBE9nZnht9u-g,2026-08-31 10:02:23,7822,491,4,119.97,120.22,0.03,1
MUY4VJ5e3pM,UCIKORyfTZ0cN-u0hrxHcgUw,2026-08-16 11:30:07,72,0,0,120.0,120.0,0.0,0
MUv3XI_mk_8,UCV6mNrW8CrmWtcxWfQXy11g,2026-08-21 22:00:03,52699,2405,47,119.76,120.01,0.01,1
MUw9-0mfSVc,UCaMV-CjrWYh2Aefg_8iLwJQ,2026-07-27 04:00:15,145571,977,51,120.0,120.0,0.0,1
MV0x-n9VztY,UCVqmxk6oNOHj9RFVo4uP_lw,2026-08-03 23:00:02,29147,821,20,120.0,120.0,0.0,1
MV53WgfX-rk,UCYMXFMiaGBnZ08-wBHS2MPQ,2026-08-03 01:46:57,6144,57,10,119.97,120.22,0.03,0
MVTXcD4dDIk,UCPuD5ZRQWa_JCaY5NokNhtg,2026-08-07 16:02:14,389,9,2,119.97,120.22,0.03,0
MVjpAwW9ZEI,UCw-JzmPsjRcbzJLncr4pIIA,2026-07-21 12:30:27,156331,2446,166,119.99,120.24,0.01,0
MVvNH0xVZkg,UCkrNv6xF8j7QZmWb3UeAH8A,2026-08-07 09:35:26,812,13,3,119.91,120.16,0.09,0
MW2SiCPEu0s,UClWTMxooQefOLUV0TRcJ1Eg,2026-07-28 08:30:02,4177,247,33,120.0,120.0,0.0,0
MWbT4r3mkuk,UCqI5lyTpC79pOy2D-VXAMdA,2026-07-12 14:40:27,187693,2181,594,119.83,120.08,0.08,0
MWg_0z-UqO8,UCQJuZxeDv2P05YHcC-tIEVQ,2026-08-31 08:00:33,35124,313,21,120.0,120.0,0.0,0
MWtUBZFuIhI,UCZ6mNZTiTUrUSbSYPlclI4A,2026-07-31 02:45:29,1429,34,4,119.99,120.25,0.01,0
MWwLGcVywFk,UCAJ-meoCh1TrPZ7La3UpPrw,2026-08-03 12:09:52,114254,1838,215,119.84,120.09,0.09,0
MWxSeUlSPeI,UClWTMxooQefOLUV0TRcJ1Eg,2026-08-29 08:30:06,13723,170,20,119.76,120.01,0.01,0
MWyYmThTfaI,UCD9tj7ATjYkyPyWXK_ewNXQ,2026-08-05 13:06:25,272,12,0,119.9,120.15,0.1,0
MX72M2MbuPU,UCnCH3Uhv_ynhTNKEH6ekRtg,2026-07-20 09:09:25,7073,109,19,119.84,120.09,0.09,0
MXLOG3yzuLM,UCPI40-XQA9-GBGj2k8PPqfg,2026-08-05 08:50:38,62843,838,138,119.91,120.16,0.09,0
MXebMXrNI0A,UC0wo7SwsC5dE0nSgBs2M-3A,2026-08-10 08:00:32,661813,16251,380,119.99,120.24,0.01,1
MXuXHeP_DqA,UCirJgPv8RtFaFMj39b6cD8Q,2026-08-18 03:00:28,7941,50,0,120.0,120.0,0.0,1
MY3JEzCfFT4,UCikKJvpU0Ylua4hRW6faQRg,2026-08-20 01:47:13,2307,71,0,119.97,120.22,0.03,0
MY3zEfU4EQU,UCdT2nXooUR-X_MdmbER25yQ,2026-08-29 00:00:35,70622,956,51,119.75,120.01,0.01,0
MY4RkH20cIQ,UCUbOogiD-4PKDqaJfSOTC0g,2026-08-31 10:40:29,18072,71,6,119.84,120.09,0.09,1
MYCZUaTcqB8,UCPsZX-D7LW99PjZLA-UysPQ,2026-08-24 00:00:31,2336,13,8,119.75,120.01,0.01,0
MYKADVa_d0o,UCFCt5RYu41HTg4eX1jdHNxw,2026-07-24 01:55:09,1388,25,4,119.84,120.09,0.09,0
MYUD9JzRf8g,UCUt2AEhC-OOC2EPCzj4DkCw,2026-07-30 23:00:09,34001,804,19,120.0,120.0,0.0,1
MYcykqA6ZtA,UCdQHEqTxcFzjFCrq0o4V7dg,2026-08-20 00:15:37,41126,2462,244,120.0,120.0,0.0,0
MYe1UvyE3to,UCfq-5-0b5Lzj7cKCrp6-flA,2026-07-24 08:00:38,10954,797,102,119.99,120.24,0.01,1
MYePibEGpuo,UC4VWaR3R17Ruc7j1Cy1-PKQ,2026-08-29 22:58:59,306,3,0,119.78,120.04,0.04,0
MYtk-kpMSRo,UCBtJuwDt6LlXp2YASC-ZMdA,2026-08-08 07:00:39,1364,13,1,119.99,120.24,0.01,1
MZ1aObhqBQQ,UCpcTrCXblq78GZrTUTLWeBw,2026-07-11 16:10:19,145223,668,53,119.83,120.08,0.08,1
MZ9r5Lzh0Gs,UCL_IvtOZo6sONpiydbzzHpA,2026-08-26 02:20:33,38998,547,9,119.92,120.17,0.08,0
MZD3ewu-0EU,UCt8CJiye87FMbEwt0npPMuQ,2026-08-08 12:00:11,8068,399,30,120.0,120.0,0.0,1
MZ_MUBf3dS8,UCoSniqkitCpxlHrQd5L8A1w,2026-08-18 02:17:59,2685,17,12,119.95,120.2,0.05,0
MZakvV-ppbc,UCMF3M48BakI-ptofqoUqdAA,2026-08-25 21:03:09,31220,396,52,119.96,120.21,0.04,0
MZgR2XQhqpY,UCPGl9DV2WUgaqGVXtVrhJWQ,2026-08-15 15:00:06,10,0,0,119.75,120.25,0.25,0
MZiqT_s8T_U,UCOTJtP0Z9DjpPU43B5m1V6A,2026-07-29 13:57:52,52576,609,11,119.79,120.04,0.04,0
MZl_SwK1Fno,UC_e83kYlGHWbsrr8QCfV_ag,2026-08-25 11:19:10,2203,7,2,119.94,120.19,0.06,0
MZmtgkhcWWI,UCjOtzpfj5lF9erwTEQYkxtQ,2026-08-21 03:00:33,38147,796,51,120.0,120.0,0.0,0
M_Bzv5_Ye4s,UCYJDUekoQz0-bo8al1diLWQ,2026-08-06 02:50:11,2011189,18375,703,119.92,120.17,0.08,1
M_J5kSXEAmo,UCPJGXrPIVKBR8PJY7w33WZw,2026-08-26 06:00:08,55093,380,93,119.76,120.01,0.01,0
M_KbKWNmmcM,UCQfISxq5legTqOt1h1us6lg,2026-08-07 10:32:52,2037,3,0,119.96,120.2,0.04,0
M_UwnjGsino,UCPa8JSV9SPAjX7P2S-N5ssg,2026-08-02 16:06:27,2567,69,0,119.89,120.14,0.11,0
M_xlwxVNmpY,UCuXE-MdbuaZcPt_2J2kSsSQ,2026-08-01 05:50:21,12,0,0,119.91,120.16,0.09,0
Ma3HjHRUC1A,UCifCesg-EUkjKyQedaB3hRg,2026-08-15 00:32:34,37029,1015,19,119.96,120.21,0.04,1
MaG_-2DHZY0,UCPI40-XQA9-GBGj2k8PPqfg,2026-08-04 08:50:24,55776,857,80,119.91,120.16,0.09,0
MaiXnFh_CZY,UCIopBBvx8iIkv27dFsQnUYA,2026-07-24 04:00:21,1962,47,5,120.0,120.0,0.0,0
MawTJtLWXms,UCYGF_xk5RDpltyZDSx040uw,2026-08-04 05:22:35,68249,536,30,119.88,120.13,0.12,1
Max5vXSLZvw,UCxe_WKNMrOgvNtgz02oLTjQ,2026-08-11 11:15:02,4692,51,8,120.0,120.0,0.0,1
MayXswCaxas,UCYooECrv-fIXlPaDwEIaveA,2026-08-09 09:00:25,153220,2611,22,120.0,120.0,0.0,1
MbMhJunFS94,UCN7FA8FwikP2p5Vrs5kiivw,2026-08-24 13:00:13,2813,112,6,119.76,120.01,0.01,1
Mbvr5l4nPt8,UCPuD5ZRQWa_JCaY5NokNhtg,2026-08-10 06:13:01,348,7,2,119.79,120.04,0.04,0
McDH75lfQDA,UCnkytUgy0CtWd06up9CjNxg,2026-08-14 15:00:30,174005,1988,362,119.99,120.24,0.01,0
McMcgBzJd80,UCL2ZLyAV0H9Pvi46W7TGdHQ,2026-07-16 02:37:28,33701,244,244,119.88,120.13,0.12,0
McVR1skeXxQ,UCPsZX-D7LW99PjZLA-UysPQ,2026-07-23 15:00:27,1815,15,6,120.0,120.0,0.0,0
McWCXRHf7W0,UCpTNtH8yc1Kdl_YFfsQsTYA,2026-08-13 09:00:34,50658,129,14,120.0,120.0,0.0,1
McX4glKaeyw,UCpX86JOUhnrzG7MK8e8Gjbw,2026-07-22 10:05:18,19248,130,140,119.91,120.16,0.09,0
McpReGzbh-A,UCwBkHOTyu57NQi0syf5MLig,2026-08-08 04:00:00,239093,1154,92,120.0,120.0,0.0,1
Mczlhnft1Kg,UCXAXCxTCCYYKsLJNzEvjqfw,2026-08-31 13:04:33,88476,476,167,119.94,120.18,0.06,0
PDhnNSYlUco,UCAl4HWznMn7KhKBRFO5eiFA,2026-07-11 10:36:49,1151,5,0,119.89,120.14,0.11,1
PDto_K608iM,UCV6mNrW8CrmWtcxWfQXy11g,2026-08-27 22:29:43,1088839,41701,933,119.77,120.02,0.02,1
PDyn1n0rW7s,UCUbOogiD-4PKDqaJfSOTC0g,2026-07-23 12:12:02,686099,2282,65,119.8,120.05,0.05,1
PE-5stf1aGc,UC8E29ANOC3_OuB7_5EPY2xw,2026-07-17 09:45:33,664,11,0,119.99,120.24,0.01,0
PED9NzxXB0I,UCDmmbxGg8g-EBkC_ku6vybg,2026-08-13 13:00:25,14928,991,211,120.0,120.0,0.0,0
PEJ3Jehbqn4,UCElXDMEQqlUnuyDbChjARWQ,2026-08-17 04:43:08,920,3,0,119.79,120.03,0.03,0
PEMhFX0jAWM,UCD8r5Jgns2V64-NcUmXclpg,2026-08-05 03:15:38,55597,307,31,119.99,120.24,0.01,0
PEUo6OyyKvg,UC9qwDE50UcXvdplRNZKEoPA,2026-08-07 08:00:25,45491,1111,32,120.0,120.0,0.0,1
PEWZv6GTdt8,UC60HSePkZwGFzRj6VSDa6Ew,2026-08-20 17:44:11,3524,38,3,119.77,120.02,0.02,0
PEWbnZBz8Qg,UCPGl9DV2WUgaqGVXtVrhJWQ,2026-08-06 15:00:35,13,0,0,119.99,120.24,0.01,0
PEawYYYcMfM,UCd-Ziz8pAMZBWl7juEghsag,2026-07-17 02:54:06,53238,622,27,119.85,120.1,0.1,0
PEmwg8zSkPI,UC7SIaeUWuuIrWTIOBpayDVQ,2026-07-31 03:08:40,32561,402,112,119.86,120.11,0.11,0
PEstPxqkb-s,UCqVkQsNin4MdGFrWvzFVOKw,2026-08-07 15:34:58,15407,431,0,119.92,120.17,0.08,0
PF-T9ysLczM,UC8Gk3BMOPf8b-B4PXkukqTw,2026-08-07 11:30:15,5192,19,11,120.0,120.0,0.0,1
PF327dbERMc,UC5ThQKdocwo_9UurfT5P_ww,2026-08-30 03:48:49,163505,2546,103,119.95,120.2,0.05,1
PF7Z4cfVTv4,UCV7WE8I_UiAN0fa6Arezx_w,2026-08-14 04:00:15,24,1,0,120.0,120.0,0.0,0
PFBlMGi1foE,UCGW76VChAJKee9kYzvyoycQ,2026-08-07 11:00:00,6472,64,64,120.0,120.0,0.0,0
PFQSqrDoAuU,UCnCFD3met1Ip7OngdF9TRDg,2026-08-14 04:30:35,7116,82,11,119.99,120.24,0.01,0
PFWrtuogmLI,UCPsZX-D7LW99PjZLA-UysPQ,2026-08-22 12:00:03,261,2,0,119.76,120.01,0.01,0
PFXMCBcyjsE,UCp8jCam8r3SU3A2sxksHaag,2026-07-18 03:46:34,25,0,2,119.98,120.23,0.02,0
PFa9tRon5C0,UCPsZX-D7LW99PjZLA-UysPQ,2026-07-29 15:00:06,710,13,5,120.0,120.0,0.0,0
PFc8xjZxDV4,UC-aXNBQ6nwMNeW2V8XB7sBg,2026-08-23 01:00:19,173388,1782,120,119.76,120.01,0.01,1
PFcqk50CkLs,UCqIwPYLfMd3EoWYwvyTjPnA,2026-08-30 07:00:10,31202,130,19,119.76,120.01,0.01,0
PFfNbW9aOKQ,UCV7WE8I_UiAN0fa6Arezx_w,2026-08-01 22:00:18,16,0,0,120.0,120.0,0.0,0
PFh3VzwtPSk,UC8C0Yd20ke5XqOiZvMVgM9w,2026-08-26 03:00:02,2823579,29,2,119.76,120.01,0.01,1
PFitt5jJUVQ,UClFxbDnu3-z8B002ns6JnBQ,2026-08-24 21:00:21,86,1,0,119.76,120.01,0.01,1
PFkufqRLxZc,UCby0vMKcLR05ZdS90aZd5og,2026-07-15 03:50:53,198,5,0,119.9,120.15,0.1,0
PGNW3VHPk1k,UCHJv9xBR9lkzGSIepie-T_A,2026-08-26 21:30:10,3500,32,1,119.76,120.01,0.01,1
PGP4hqtVO4c,UCMAfHuocszM6UTORPwUmeNw,2026-08-23 12:57:21,17787,342,0,119.8,120.05,0.05,0
PGsBHAGiF3w,UCnCFD3met1Ip7OngdF9TRDg,2026-08-26 14:24:15,45783,252,48,119.86,120.11,0.11,0
PGwaXwDA2Qw,UC4VWaR3R17Ruc7j1Cy1-PKQ,2026-07-21 23:24:47,1672,10,8,119.84,120.09,0.09,0
PH5ziZyU0qw,UCbFzvzDu17eDZ3RIeaLRswQ,2026-07-18 11:36:52,422918,4776,468,119.89,120.14,0.11,0
PH8cX_5nPPM,UC3hCAmwyYNgRuOOSFV7evVA,2026-08-25 03:15:04,68731,151,32,119.77,120.01,0.01,1
PHhIXCt0NdI,UCBtJuwDt6LlXp2YASC-ZMdA,2026-08-05 03:00:17,2150,14,2,120.0,120.0,0.0,1
PHn_5ZNfi9E,UCxPMcxq7WJ32M3lnFn58Cpg,2026-08-21 09:28:07,28578,72,12,119.79,120.04,0.04,0
PHuJK2QqjOQ,UCnhGcri8x6xhehanhAe9ipw,2026-07-21 11:01:17,54022,756,98,119.98,120.23,0.02,0
PI8NtC39rVY,UCPGl9DV2WUgaqGVXtVrhJWQ,2026-07-23 14:26:23,3,0,0,119.81,120.06,0.06,0
PIRUMnWafr8,UCcum1rCJ5GJeQ_xv0xrohqg,2026-08-06 10:00:39,34712,929,66,119.74,120.24,0.24,1
PIZLr359h1c,UC8CX0LD98EDXl4UYX1MDCXg,2026-08-19 00:00:02,51746,1965,55,119.76,120.01,0.01,1
PI_zwpKiMEo,UCMgTCM5mGx3y4Hg0aMOXrbw,2026-08-15 11:30:15,2962,38,2,120.0,120.0,0.0,0
PIaRVuT1HOg,UCifCesg-EUkjKyQedaB3hRg,2026-07-24 21:36:22,30248,1255,11,119.9,120.15,0.1,1
PId7GMlgztk,UCyZtdaxIiGb4wp5AmkEMrwQ,2026-07-15 07:56:16,61847,1995,19,119.81,120.06,0.06,1
PIst_Hbj3K8,UCL_IvtOZo6sONpiydbzzHpA,2026-08-28 01:45:21,99813,889,18,119.76,120.01,0.01,0
PJ5KFkUAZWg,UCSh__r5HS4Y1xBkccWnV0TA,2026-08-18 18:04:55,85422,3748,122,119.93,120.18,0.07,0
PJHjSmglaMA,UCqlcSsDNMYxEsem7bWY-66Q,2026-08-25 09:02:21,12002,272,14,119.97,120.22,0.03,0
PJLkm9LNuNk,UCBtJuwDt6LlXp2YASC-ZMdA,2026-08-26 09:00:02,871,3,0,119.76,120.01,0.01,1
PK1dsDvfet0,UCdK9h1ILxS49c2LguBUY3rw,2026-08-14 21:26:32,36,5,0,119.81,120.06,0.06,0
PK321FY4LY8,UCzDmGDR5RdahQkLCBoWlTEg,2026-08-17 12:05:22,31189,139,7,119.91,120.16,0.09,0
PKA7HVwGjcY,UCJd2uIrg_ZrSOaaQQr30XoA,2026-07-21 13:53:01,2471,30,6,119.87,120.12,0.12,1
PKGVsvbIncM,UCTbwgCCBrI-4XU8b5B0uGPg,2026-08-14 03:00:22,27608,215,24,120.0,120.0,0.0,0
PKKmzhDDcS4,UCM81CAJ2_Y42-bvK1OQnAAA,2026-07-16 10:51:11,76233,597,621,119.9,120.15,0.1,0
PKOwmdhEX4w,UCrwOSKEMgNGb1SIWqiYaulA,2026-08-07 10:04:50,6533,161,3,119.92,120.17,0.08,1
PKT26c8UKuE,UCHbz27HAkCIQNw_G2Pa7XVg,2026-08-12 07:00:01,143407,2335,53,120.0,120.0,0.0,1
PKTkeH-YOuA,UCw1DsweY9b2AKGjV4kGJP1A,2026-08-16 08:00:22,59368,217,11,120.0,120.0,0.0,1
PK_nX5Mytuo,UCGa52d8Qlv3THghuCAt_nXA,2026-07-21 08:30:33,4322,59,9,119.99,120.24,0.01,0
PKdQvS0Bkg4,UCX11f6rIVaoWGvFnKKyPBNQ,2026-07-31 23:30:41,2103,120,9,119.99,120.24,0.01,0
PKerLBFBHWQ,UC9vz3TBChrJmYbzUo-rqfSg,2026-08-04 01:24:42,55906,894,260,119.84,120.09,0.09,0
PL7WV0XIhD0,UCw1DsweY9b2AKGjV4kGJP1A,2026-08-06 10:02:02,61353,238,122,119.72,120.22,0.22,0
PL7gu2eUsdI,UCpcTrCXblq78GZrTUTLWeBw,2026-07-12 22:44:52,34458,284,48,120.0,120.0,0.0,0
PL8FmZL90jU,UCkavlo6q2XfO_MA9Q24wRvw,2026-08-01 12:15:31,405,1,0,119.99,120.24,0.01,0
PLapOfVCSdQ,UC2NFRq9s2neD_Ml0tPhNC2Q,2026-08-09 02:30:02,408342,3747,222,120.0,120.0,0.0,0
PLiUf_UXfb8,UCxe_WKNMrOgvNtgz02oLTjQ,2026-08-19 11:15:01,2979,29,3,119.76,120.01,0.01,1
PLinJCqDsZ0,UCw1DsweY9b2AKGjV4kGJP1A,2026-08-04 09:50:06,939659,3837,137,119.92,120.17,0.08,1
PLzTP_jO9SU,UCS-X1uBDTNwAYyydiXjcX9A,2026-08-19 21:51:15,570,3,0,119.9,120.15,0.1,0
PM-r9ybSkG0,UCg5-nd3qoNnz5dzkX-O0b8A,2026-08-30 10:23:11,159223,2177,170,119.88,120.13,0.12,1
PM95Xas5lUk,UCnju7ULBic4VgkCfDvVXCnA,2026-08-22 21:04:08,2883,88,0,119.95,120.19,0.05,0
PM9KSXvFevo,UCCW6uYIUP4YKKe50k-ktVAw,2026-08-25 08:30:21,41319,588,31,119.76,120.01,0.01,0
PMKkZXAmlw0,UCKVt3arMXfa6XZezR1UnjqQ,2026-08-19 22:00:12,7140,53,4,120.0,120.0,0.0,0
PMOTBE3b7E4,UCOKQpmfKrtu7Nu719CVSw1A,2026-07-11 08:00:03,10516,206,25,120.0,120.0,0.0,1
PMXLHoeqRb8,UCwfbSsZ7_sccxcibe60mWlQ,2026-08-16 03:02:05,10612,54,12,119.97,120.22,0.03,0
PMeaZWLjXXA,UCT807kAu6fmwES8B5698e2w,2026-07-29 06:00:13,51298,3050,103,120.0,120.0,0.0,1
PMj-Zs85uos,UCpwGBltfwjd_fIzp5cb5R0w,2026-08-04 13:26:10,87713,824,31,119.82,120.07,0.07,0
PNG6j-_OP44,UCA2ztZuXhSktpdxb419WvCQ,2026-08-03 04:00:01,8497,102,60,120.0,120.0,0.0,0
PNJFlZeWf70,UC4G86yAU5PXV5nRT4DlvV8A,2026-07-29 11:41:03,1911,7,,119.82,120.07,0.07,1
PNWA_GF9ILM,UC5RxNUZ9_c94ZEfJGnJZmTw,2026-08-26 12:00:16,5806,227,121,119.76,120.01,0.01,0
PNi9urkvmTM,UC_2x8h1QrTHOO0i4Yiss-ww,2026-08-26 11:29:12,47378,838,423,119.77,120.02,0.02,1
PNkzamieIEw,UCrGNa63AQ-rcINIoE_UqdxA,2026-08-05 19:21:18,40,0,9,119.9,120.15,0.1,0
PO1cdb1tg6A,UCvrxJgD0T_TFvgsO2nA-fDQ,2026-07-18 20:39:54,118892,800,510,119.84,120.09,0.09,0
PO683sF40M8,UCQfISxq5legTqOt1h1us6lg,2026-08-30 17:30:11,11852,14,0,119.76,120.01,0.01,0
PO8495fPb7s,UCZ-B_El841ME7qGXvYinGmw,2026-08-15 11:23:13,4727,60,19,119.87,120.12,0.12,0
RtrTxJQvqz8,UCFQWqbfZ-iEG3K_DRgHwnCw,2026-07-29 20:42:31,13,0,0,119.79,120.04,0.04,0
RttiHOAjC6s,UCPsZX-D7LW99PjZLA-UysPQ,2026-07-24 09:00:06,563,6,4,120.0,120.0,0.0,0
Ru0V-IXYFe0,UChLqHuZV0PENIBYxDgXyPLQ,2026-08-21 11:51:29,359356,5288,17,119.9,120.15,0.1,1
Ru3zyV4O-K0,UCWU2V62eLE3oQ7AjIGS2STQ,2026-08-27 12:20:16,1194,15,3,119.92,120.17,0.08,0
RuBNbqPSJjw,UCqVkQsNin4MdGFrWvzFVOKw,2026-08-12 15:50:05,16708,464,1,119.92,120.17,0.08,0
RuZ0zXkVmG4,UCF-rFAdN7dzd-SI2T3rkCaQ,2026-08-07 07:32:13,10084,146,16,119.97,120.22,0.03,0
Rua7M7WOH1E,UCuwnt_REmD4YsCtFJRoqjFw,2026-07-15 05:46:48,115567,950,248,119.97,120.22,0.03,0
Ruc0g9sWKjw,UCab17MxxnFtAhGsJVTkSkCg,2026-08-19 13:14:03,670,15,0,119.78,120.03,0.03,0
RuhO9r4DE14,UCV7WE8I_UiAN0fa6Arezx_w,2026-08-01 16:00:35,26,0,0,119.99,120.24,0.01,0
RuzegNG6yaE,UCpcTrCXblq78GZrTUTLWeBw,2026-07-13 15:00:08,688983,9438,878,120.0,120.0,0.0,0
Rv-LBhySOkU,UCta3D5-EYqO-pduQLxQ8mNQ,2026-08-02 03:00:18,13080,200,7,120.0,120.0,0.0,0
RvBxLsyjHG0,UCN8L7Z-dyzu9FzT39RM0fvw,2026-08-09 02:06:15,13672,141,52,119.9,120.15,0.1,0
RvC5EF8eaiE,UC2yOBpLVwB7kzt9C5ZPbB7w,2026-08-16 10:00:04,264569,2868,171,120.0,120.0,0.0,1
RvJINHUUGg0,UCz4b1O9sT73P8DWwx6OvQwg,2026-08-11 07:00:31,116648,2745,40,120.0,120.0,0.0,1
Rw-tDWvTQE8,UC-2wa6jvprl7hfCpvw0ULzg,2026-07-22 06:03:25,23589,455,126,119.94,120.2,0.06,0
RwB2cBIVXPM,UCab17MxxnFtAhGsJVTkSkCg,2026-08-10 14:26:01,1325,30,2,119.82,120.07,0.07,0
RwF-1xFslZ4,UCSzHok6X5qXEO7cjvVnE62g,2026-08-31 08:00:33,113604,308,70,120.0,120.0,0.0,0
RwGWt7OSDNQ,UCEcRvF_6IRSux8FO-ogFZug,2026-08-15 17:26:30,30185,866,112,119.81,120.06,0.06,0
RwHML1pZ6Js,UCybn_0S0Ec6Il1ZhiQM1Vww,2026-08-15 10:36:16,28617,119,33,119.9,120.15,0.1,0
RwKsx2P1T1o,UCIvLQ5lZ2kebqnLaGv_FP4w,2026-08-23 17:23:09,2988,13,0,119.87,120.13,0.13,0
RwPDtd48gTw,UCIvLQ5lZ2kebqnLaGv_FP4w,2026-08-14 09:00:23,7570,40,29,120.0,120.0,0.0,0
RwXfRidaCoo,UCpcTrCXblq78GZrTUTLWeBw,2026-07-14 23:20:04,73776,779,144,119.92,120.17,0.08,0
RwYvmIiWJCg,UCZ6mNZTiTUrUSbSYPlclI4A,2026-07-29 13:22:56,8967,212,2,119.87,120.12,0.12,1
Rwkijlq5N90,UCooLkG0FfrkPBQsSuC95L6w,2026-07-15 18:00:08,46996,642,122,120.0,120.0,0.0,0
RwyA69uVmT4,UCV7WE8I_UiAN0fa6Arezx_w,2026-08-01 11:00:17,57,1,0,120.0,120.0,0.0,0
Rx1XgyTOA4w,UCB4gIGaPUiLtpPreFSf8fKQ,2026-07-24 11:40:58,2991,49,3,119.82,120.07,0.07,0
Rx1nWH-u8zA,UCt8CJiye87FMbEwt0npPMuQ,2026-08-11 15:00:06,24277,1558,174,120.0,120.0,0.0,0
Rx3a5Jois2M,UCV7WE8I_UiAN0fa6Arezx_w,2026-08-12 11:00:20,24,0,0,120.0,120.0,0.0,0
Rx6TF52w3zs,UCKrprPfevcAZpPuRnCO6xOA,2026-08-24 09:00:39,967,7,2,120.0,120.0,0.0,0
RxCUB2ugiuU,UCkrNv6xF8j7QZmWb3UeAH8A,2026-08-25 06:14:00,8691,38,6,119.78,120.03,0.03,0
RxF_OZTbneM,UCYJ0Ucu9jPX5kn6SeDcNaIQ,2026-08-08 23:45:04,138790,904,109,120.0,120.0,0.0,0
RxLCvW069O0,UCJmnOEp1-OITEU0mk4icM5A,2026-07-24 12:00:23,30446,465,78,120.0,120.0,0.0,0
RxMZ_s8czwI,UCV6mNrW8CrmWtcxWfQXy11g,2026-08-15 00:00:08,20333,1187,34,120.0,120.0,0.0,1
RxTBQsXkcpc,UCJENagCOfjMxdQUDxO4kq2Q,2026-07-27 06:22:40,1259,7,3,119.87,120.12,0.12,0
RxTyedGYdR4,UC5grrciAyUF4xjd42XhV-1Q,2026-07-13 04:20:58,3763,,0,119.9,120.15,0.1,0
RxWsIuCBNy0,UCab17MxxnFtAhGsJVTkSkCg,2026-08-20 12:26:40,1786,22,1,119.81,120.06,0.06,0
Rxk6ZxYaRmE,UCcoJiq6MyAqJeo3urxjDqrg,2026-08-21 05:02:55,3372,27,3,119.96,120.21,0.04,0
RxmR0LCt_fE,UC8aCmG_y4DqqVI9Xlcym1Jg,2026-07-28 22:00:33,666,25,0,119.99,120.24,0.01,1
RxpQKe-0JJA,UC0PMQXAwF6O6aeTpv962miA,2026-08-25 18:51:50,29539,534,55,119.9,120.15,0.1,0
Ry2Uax5Fchc,UCV6mNrW8CrmWtcxWfQXy11g,2026-08-28 00:30:30,582017,26847,748,120.0,120.0,0.0,1
Ry350uL4v3I,UCOTJtP0Z9DjpPU43B5m1V6A,2026-08-02 15:48:32,77053,611,7,119.94,120.19,0.06,0
RyVgSXL0PDM,UCNZiNM2pP6uhIlTQVS2Q5fA,2026-08-31 09:03:22,335140,3780,191,119.96,120.21,0.04,1
RywUlJQeGrg,UCYo7Bfzth2yQZh2O09nwgsA,2026-08-15 04:36:37,843,9,4,119.89,120.14,0.11,1
RzFN_436Awg,UCV6mNrW8CrmWtcxWfQXy11g,2026-07-29 21:00:36,26660,2314,93,119.99,120.24,0.01,1
RzUJ0Mdq25M,UCz5LAkkX66OAW-y_WiWf9vA,2026-08-17 21:46:37,87,2,0,119.98,120.23,0.02,0
RzWcUAP7jno,UC1aBdmKvC6yAiq4xgPLOzKA,2026-08-27 04:41:29,87222,953,33,119.82,120.07,0.07,1
Rz_ZakLotU8,UCKttwyzsHvW7bCo7YfTacVQ,2026-08-24 12:34:54,1186,13,0,119.93,120.18,0.07,0
RznczcstFhs,UCJDXc9JWCZo-nLNKr_-L2Ng,2026-07-23 14:30:03,2629,107,8,120.0,120.0,0.0,0
S--xn1neGOg,UCV7WE8I_UiAN0fa6Arezx_w,2026-08-20 19:00:39,60,0,0,120.0,120.0,0.0,0
S-4bTiGvZQI,UC60HSePkZwGFzRj6VSDa6Ew,2026-08-14 10:00:25,878,11,4,120.0,120.0,0.0,0
S-8bEznFUmg,UCN8L7Z-dyzu9FzT39RM0fvw,2026-07-14 07:02:04,6571,126,19,119.97,120.22,0.03,0
S-9gwhHtYxk,UCoovEJW0dyTWwHiblWDWvyQ,2026-08-16 03:02:37,10782,64,0,119.96,120.21,0.04,0
S-BsrgNYg3A,UCYooECrv-fIXlPaDwEIaveA,2026-08-23 09:01:24,32832,403,65,119.99,120.24,0.01,0
S-JhBI5hrTI,UCZ-UuK86Bk5sGzQQ2cEglJQ,2026-08-30 11:01:57,371802,1422,72,119.98,120.23,0.02,0
S-TFXgfdKAQ,UCaMV-CjrWYh2Aefg_8iLwJQ,2026-08-19 10:30:13,70000,283,72,119.76,120.01,0.01,0
S-TwukncaWQ,UCuCmLrNT5MbpqfrSSKHqTug,2026-08-02 03:39:45,6469,67,13,119.84,120.09,0.09,0
S-WYVf6A87M,UCrwOSKEMgNGb1SIWqiYaulA,2026-08-03 13:26:15,3031,81,4,119.82,120.07,0.07,1
S-YNAxOV7V8,UCZ6mNZTiTUrUSbSYPlclI4A,2026-07-27 05:29:58,18303,1665,19,120.0,120.0,0.0,1
S-i0-0AsyXM,UCNRnCc0hg3ZcKdOGXKKv5Ww,2026-08-28 09:15:33,17965,105,13,120.0,120.0,0.0,0
S02z5TCXKRQ,UCPuD5ZRQWa_JCaY5NokNhtg,2026-08-10 08:14:00,572,6,10,119.77,120.02,0.02,0
S0F9pRS3f8A,UCuWDza8A_ntbjwBZgW0ZSNw,2026-07-12 07:00:38,31786,316,12,119.99,120.24,0.01,1
S0HEkGJ-Pkk,UCApYlKNymyHZ9dlOCImFVBg,2026-08-14 14:33:52,8108,270,3,119.94,120.19,0.06,0
S0Mf8uDjsgM,UCikKJvpU0Ylua4hRW6faQRg,2026-08-31 01:56:54,7588,80,1,119.81,120.07,0.07,0
S0Nh_Z-YAok,UC1dG3vI9FfHnH3YgyeKUz_A,2026-08-02 11:54:21,223176,1594,332,119.85,120.1,0.1,0
S0Tfx1h2Hf8,UC3DYSay178fMMPaf3zHwECA,2026-08-11 08:00:10,120772,2105,50,120.0,120.0,0.0,1
S0eW1Q5D6fU,UCg5-nd3qoNnz5dzkX-O0b8A,2026-08-29 08:15:19,32891,523,33,119.76,120.01,0.01,1
S0zPs17742k,UChyEdiMY2maW8ySmbcmEyRg,2026-08-22 12:49:08,6,0,0,119.94,120.19,0.06,0
S15SzRzOZGE,UCTDBdmaY4m3ipZaLiYA6FWg,2026-08-08 10:30:49,0,0,0,119.99,120.24,0.01,0
S1JO2eX3Kow,UC1dG3vI9FfHnH3YgyeKUz_A,2026-07-27 10:13:07,142565,831,283,119.78,120.03,0.03,0
S1YqI-ji2qg,UCKUUL3fMVvYVZdGkKhhjP0A,2026-08-19 08:00:01,68568,902,26,119.76,120.01,0.01,1
S1oePrBiMHk,UCqVkQsNin4MdGFrWvzFVOKw,2026-08-25 15:34:45,17238,482,0,119.93,120.18,0.07,0
S1tvWCzP7-M,UCDHGqgpiHQAsE0UiltRqhfQ,2026-08-12 09:30:04,31689,77,33,120.0,120.0,0.0,0
S1ySpFS1_lM,UCT_AS9Vfdi1RLtP4MIeIZow,2026-08-14 16:18:04,438,6,5,119.95,120.2,0.05,1
S2-BD3bLmq0,UCqyzJW0VRYRP_sFELZYdxGg,2026-07-28 08:00:28,5082,35,1,120.0,120.0,0.0,0
S2Alglwxd0c,UC_9W6Z5Y3lDpLk47Y_y5ITQ,2026-08-24 00:09:33,43314,421,57,119.86,120.1,0.1,0
S2EmS2vAf7M,UCPGl9DV2WUgaqGVXtVrhJWQ,2026-07-15 15:00:26,3,0,0,119.99,120.24,0.01,0
S2Srnydsizs,UCJDXc9JWCZo-nLNKr_-L2Ng,2026-08-12 19:00:36,3280,101,6,119.99,120.24,0.01,0
S2VckEKqiXU,UCUt2AEhC-OOC2EPCzj4DkCw,2026-07-26 23:00:01,27233,807,17,120.0,120.0,0.0,1
S2VfMjgiFUc,UCZPBWThSlgWT0DVaxxUEX4A,2026-07-28 01:51:15,198,3,0,119.9,120.15,0.1,0
S2X0qSZnYEo,UC-FiQR2gg8oiNw98ZdsSX6Q,2026-08-25 16:00:19,1098,8,3,119.76,120.01,0.01,0
S2XGH9Mz0Fw,UCDBAVzfX3yZ1hah0FHnOoaA,2026-07-16 13:31:05,452741,2031,299,119.98,120.23,0.02,0
K40suF5xCks,UC7loyhgCm1NRTtyF36hO-jA,2026-07-14 09:00:02,120017,1709,1139,120.0,120.0,0.0,0
K4NBxbHVFoc,UCrR_fhiJjoW8OJFzUcmlMMA,2026-07-28 07:00:29,6020,63,46,120.0,120.0,0.0,0
K4To3oaitZE,UCY_vDlvG-BTDRIOk_I9QQ6g,2026-07-29 15:48:17,3935,43,6,119.95,120.2,0.05,0
K4_BHbUxNJ8,UCO94iFhOhtdGb4Ze5DUAtbw,2026-07-29 11:00:33,15217,254,9,119.99,120.24,0.01,1
K4hflJbezAQ,UCY_vDlvG-BTDRIOk_I9QQ6g,2026-08-18 09:30:12,696,6,0,119.76,120.01,0.01,0
K4iryncPuQU,UCvPGGL-OTEAQlwAUxbcJO8g,2026-08-05 08:03:09,265762,3265,343,119.95,120.2,0.05,0
K4qHKH1WYZE,UCPsZX-D7LW99PjZLA-UysPQ,2026-08-24 03:00:39,3847,32,12,120.0,120.0,0.0,0
K4s-2hJKxJ0,UCBvkOBLsSj9kusGYlroQkBg,2026-08-23 12:49:57,169035,1163,35,119.93,120.18,0.07,0
K4sYkz1mpfI,UCXS55IczImEf64aU16NzKlg,2026-07-25 10:15:02,1434,18,28,120.0,120.0,0.0,0
K54DplK34_A,UCab17MxxnFtAhGsJVTkSkCg,2026-07-28 10:36:54,491,17,1,119.89,120.14,0.11,0
K54I7NBXYCo,UCvrxJgD0T_TFvgsO2nA-fDQ,2026-08-27 15:33:38,187898,764,351,119.95,120.2,0.05,0
K5SieZKH1EQ,UC4VWaR3R17Ruc7j1Cy1-PKQ,2026-07-17 03:43:15,125,3,0,119.78,120.03,0.03,0
K5ci41bR7ts,UC8rbhIem-3aAsNXhTDI-nSA,2026-08-22 01:27:57,75650,1214,65,119.79,120.04,0.04,0
K5lZlOvFjcA,UCta3D5-EYqO-pduQLxQ8mNQ,2026-08-14 03:00:23,7347,71,3,120.0,120.0,0.0,0
K5q-pTF7a1A,UCW_Ptq0v8ck67w9oKiwXz2g,2026-08-29 10:36:40,233,1,0,119.9,120.15,0.1,1
K5r7NVwHG9k,UCZPfs7xIjGmOGs9kvgGhUKQ,2026-08-30 09:53:51,255,1,0,119.87,120.12,0.12,0
K5yrBU1d7VQ,UCrR_fhiJjoW8OJFzUcmlMMA,2026-08-01 02:00:38,6426,77,17,119.99,120.24,0.01,0
K60CIMoZMgc,UCV6mNrW8CrmWtcxWfQXy11g,2026-08-19 10:00:03,185064,7253,69,119.76,120.01,0.01,1
K60X-l6ELbI,UCJj2vuQIpFnk5pbTAtCi3yw,2026-08-11 07:22:52,18228,348,89,119.87,120.12,0.12,0
K65Oy4fJP3g,UC46X_E7jxvJ1O_3gnaeCxeg,2026-08-22 01:45:17,86095,768,81,119.76,120.01,0.01,0
K6N_xq5mpyo,UCI3DTtB-a3fJPjKtQ5kYHfA,2026-08-05 02:00:34,3887,81,5,119.99,120.24,0.01,0
K6P6NX_ZRPE,UCQfd-b9GRBrUP0-wCqabLTA,2026-07-25 14:15:34,25858,100,1,119.99,120.24,0.01,0
K6RxEu9CLGc,UCpcTrCXblq78GZrTUTLWeBw,2026-07-12 05:25:33,72840557,619963,2659,119.83,120.08,0.08,1
K6XJ1l5JjRQ,UCab17MxxnFtAhGsJVTkSkCg,2026-08-14 12:10:19,3150,31,3,119.83,120.08,0.08,0
K6_Q9w3KNII,UCYMXFMiaGBnZ08-wBHS2MPQ,2026-08-24 21:45:24,9162,59,20,120.0,120.0,0.0,0
K6tQL2wXRno,UC0uQYROl6H_8-Lb2bFz6yyg,2026-08-31 09:00:51,128868,346,25,120.0,120.0,0.0,0
K6zsCdQZaJc,UC6YqXiwCBfPvPTs3wXgWElQ,2026-07-27 08:48:55,158460,973,302,119.94,120.19,0.06,0
K7-O79TPPFY,UCt8CJiye87FMbEwt0npPMuQ,2026-08-31 12:00:13,18735,397,31,119.76,120.01,0.01,0
K725pWPaMJ0,UC5ThQKdocwo_9UurfT5P_ww,2026-08-15 04:00:23,975266,7898,94,120.0,120.0,0.0,1
K749ywatz0g,UC9otskL_kd-0CDib_5Lj-mQ,2026-08-31 12:03:11,16651,62,0,119.96,120.21,0.04,0
K79jq0gOtLo,UCt8CJiye87FMbEwt0npPMuQ,2026-08-25 18:59:01,73536,743,42,119.78,120.03,0.03,0
K7D3pYV39M4,UCp9skQ2mP_DfVL8c3gZQUzg,2026-07-26 19:15:01,5414,77,0,120.0,120.0,0.0,0
K7OHJPYVttg,UCt8CJiye87FMbEwt0npPMuQ,2026-08-28 12:30:09,15629,221,26,119.76,120.01,0.01,0
K7P7_Kp3Byw,UCUPa-gJcbYG9Ql8b9H9FBbg,2026-07-27 08:15:25,5408,98,18,120.0,120.0,0.0,0
K7XmSHHAN9U,UCuWDza8A_ntbjwBZgW0ZSNw,2026-07-13 03:00:33,40598,428,13,119.99,120.24,0.01,1
K7YX0Lp8Ib8,UCL_IvtOZo6sONpiydbzzHpA,2026-08-09 05:53:54,83726,1054,150,119.85,120.1,0.1,0
K7wgk8ZZvmE,UCYJ0Ucu9jPX5kn6SeDcNaIQ,2026-08-03 15:00:01,88249,636,19,120.0,120.0,0.0,1
K87AnOoj3pw,UC_9W6Z5Y3lDpLk47Y_y5ITQ,2026-08-01 17:58:12,10120,136,7,119.78,120.03,0.03,0
K88gEP-Oj4A,UCI3DTtB-a3fJPjKtQ5kYHfA,2026-08-29 22:15:03,14986,121,4,119.77,120.01,0.01,0
K88uxSHZfiI,UCBtJuwDt6LlXp2YASC-ZMdA,2026-08-07 03:00:27,472,4,0,120.0,120.0,0.0,0
K89AqzlDG0Y,UCVZI7eLie2UlZph6aiBRNrw,2026-08-13 12:02:50,192781,1553,400,119.96,120.2,0.04,0
K8CLAAC1XUk,UCv1tOT645xHOJrwdGlzjMaA,2026-08-26 13:11:32,405225,2108,30,119.82,120.07,0.07,0
K8KmfT0ByBI,UC8x8GQmlxAIhHxzU61z0uLQ,2026-07-31 14:00:10,8484,91,71,120.0,120.0,0.0,0
K8QwKUxoPX0,UCzVXdulvpgEoI8yuFMmhxJw,2026-08-21 14:02:21,129576,9212,291,119.97,120.22,0.03,1
K8R4tJAV4Gw,UCPpSXwAg3hkSpa85Ah-dpgA,2026-08-27 22:00:21,7654,34,4,119.76,120.01,0.01,0
K8YPE23El6s,UCLbehOwlIi6QrfZNhC39t4Q,2026-07-20 07:25:34,25299,457,28,119.83,120.08,0.08,0
K8bnki2_oXk,UCA2ztZuXhSktpdxb419WvCQ,2026-08-09 07:00:35,9365,139,34,119.99,120.24,0.01,0
K8cH1BmrHWA,UCjOtzpfj5lF9erwTEQYkxtQ,2026-07-30 05:00:30,46671,1176,22,119.99,120.24,0.01,1
K8ek7uWqVz4,UCJJZkVUNIxq8XNDzHiAD-eQ,2026-08-17 00:00:09,56305,330,66,120.0,120.0,0.0,0
K8fAAycyad0,UCt8CJiye87FMbEwt0npPMuQ,2026-07-30 12:30:19,15133,793,67,120.0,120.0,0.0,0
K8mYToDe4Ms,UCE-6-bWkikwoP4_ooZNep3g,2026-08-21 22:00:20,11973,555,23,119.76,120.01,0.01,1
K8utX2RWclY,UC5bjQxLK_3XVzIOTQ04sYeg,2026-08-20 12:54:52,274,6,0,119.84,120.09,0.09,0
K91QFp6eo5E,UCdVIcHpdbEQc65xwAxc_owQ,2026-08-05 09:25:37,1743,4,0,119.83,120.08,0.08,1
K9Z5BFELQAs,UCt8CJiye87FMbEwt0npPMuQ,2026-08-05 14:45:35,4417,190,15,119.99,120.24,0.01,1
K9djGfe7qXY,UCYooECrv-fIXlPaDwEIaveA,2026-08-26 09:00:01,36363,392,6,119.76,120.01,0.01,1
K9w4EH0XT7s,UC8CZL4cvFiKwKKDNCuM2lTA,2026-08-05 10:11:15,57704,211,5,119.82,120.07,0.07,1
KA37muZ7nqs,UCwfbSsZ7_sccxcibe60mWlQ,2026-07-28 03:00:38,27759,129,63,119.99,120.24,0.01,0
KA7O3if8JAY,UCab17MxxnFtAhGsJVTkSkCg,2026-07-25 12:01:02,1109,23,0,119.99,120.24,0.01,0
KAATLKesF8I,UCKrprPfevcAZpPuRnCO6xOA,2026-08-31 09:00:11,4863,9,13,119.76,120.01,0.01,0
KAGTS4nipc4,UCp6n8d8Y8r3MwKNw_MMaouQ,2026-07-23 09:15:12,10095,496,10,120.0,120.0,0.0,1
KA_l6gyPl5U,UCl-VnCUwSxDr5zPu-YlDUYw,2026-07-13 09:15:29,5315,89,31,119.99,120.24,0.01,0
KAio5BlPDu4,UCCiKOocVSjyb2rsbL_Aanhw,2026-08-08 08:00:25,8988,162,128,120.0,120.0,0.0,0
KArfcl0UvcM,UCO8ToDSM2Gvt3EZdOdosxTw,2026-08-29 06:30:02,26266,124,127,119.76,120.01,0.01,0
KAsb3NnLU4o,UCHCeN9BUgogMGrHBC6zKYvA,2026-08-19 23:36:04,2491,34,10,119.9,120.15,0.1,0
KAu1FFJQBXQ,UC5ScPjbt-a97AJO7SBj6nAg,2026-08-19 07:58:39,47910,1934,142,119.78,120.04,0.04,1
KB6XG6KScnY,UCnju7ULBic4VgkCfDvVXCnA,2026-08-01 04:17:11,71851,154,8,119.97,120.22,0.03,1
KBHg5ITYDhM,UCp9skQ2mP_DfVL8c3gZQUzg,2026-08-23 18:08:14,33653,319,1,119.88,120.12,0.12,0
KBJU0rFvHKU,UCqlcSsDNMYxEsem7bWY-66Q,2026-08-05 09:04:03,19257,520,32,119.94,120.19,0.06,0
KBJdmgruhOc,UCcum1rCJ5GJeQ_xv0xrohqg,2026-08-06 04:01:15,22257,1213,29,119.98,120.23,0.02,1
KBVHI_hoG0o,UCSfhr4gDPFsKuwdmTOWp2jw,2026-07-28 09:30:33,63,2,0,119.99,120.24,0.01,0
KBX6_SPGtI0,UCs4CTQE-t9kj-6Xn3Cjtf-A,2026-08-23 19:43:24,1607,13,7,119.79,120.04,0.04,0
KBbJEdTjrUU,UC-FiQR2gg8oiNw98ZdsSX6Q,2026-08-12 22:00:03,1128,7,1,120.0,120.0,0.0,0
KBu-6tblNNM,UCpcTrCXblq78GZrTUTLWeBw,2026-07-11 20:45:24,28163,192,20,120.0,120.0,0.0,0
KC-WRw8MPSA,UCaN1Qp37sHiCdQuSaXa3fVw,2026-07-22 07:00:03,172958,2562,128,120.0,120.0,0.0,1
KCFE4jobi7Y,UCFrKhWvZ8oeJQTNP5ZabgJw,2026-08-10 07:00:02,222326,2566,171,120.0,120.0,0.0,1
KCG9UTy8neY,UCPGl9DV2WUgaqGVXtVrhJWQ,2026-07-13 15:00:17,4,0,0,120.0,120.0,0.0,0
KCXYkt4Awis,UC_9W6Z5Y3lDpLk47Y_y5ITQ,2026-08-14 18:02:14,14289,174,28,119.97,120.22,0.03,0
KCi3fPM4Aj4,UCby0vMKcLR05ZdS90aZd5og,2026-07-29 08:02:53,2460,3,0,119.95,120.2,0.05,1
KCjC3RDd5P0,UCab17MxxnFtAhGsJVTkSkCg,2026-08-04 10:28:20,901,18,4,119.78,120.03,0.03,0
KCqZq4Ye0Kw,UCuFguUhr9Wr0tFY85nDGk9w,2026-08-07 13:30:17,8043,40,18,120.0,120.0,0.0,0
KD1kwFIBLIw,UCSrQnB-Ip9hc0biFQ3HoKzg,2026-08-11 03:34:07,34940,1113,47,119.93,120.18,0.07,0
MdK0efz48n0,UC3kVT7zilzGf_7fIEkc4dDA,2026-08-21 15:30:34,10058,293,48,120.0,120.0,0.0,0
MdPZRDW8vTo,UCrR_fhiJjoW8OJFzUcmlMMA,2026-07-16 10:00:37,3611,50,12,119.99,120.24,0.01,0
MdQOb3oy9iY,UCTbwgCCBrI-4XU8b5B0uGPg,2026-08-28 08:00:32,114408,894,34,120.0,120.0,0.0,1
MdbRc9x5yO8,UCaN1Qp37sHiCdQuSaXa3fVw,2026-08-19 06:00:29,655676,13443,220,119.75,120.01,0.01,1
MduLNQZWJGM,UCd9oeoY-jLSkhd-J5y_1aYg,2026-08-08 08:44:13,1373,36,21,119.77,120.02,0.02,0
MdyiCdPwQpI,UCoSniqkitCpxlHrQd5L8A1w,2026-07-31 18:03:41,1919,14,1,119.94,120.19,0.06,1
MeD6fVrgHfo,UCPoEVLrQMMXICwULGDwfvug,2026-08-04 13:50:45,13737,279,33,119.91,120.16,0.09,1
MeReuCANHj4,UCoIEwIHhW-1_roLnb5nK_UA,2026-08-19 14:45:25,2300,24,1,120.0,120.0,0.0,0
MehZi9sI4tQ,UCksGX0hODm1Ev6mysrToMqg,2026-08-09 02:00:15,10761,189,55,120.0,120.0,0.0,0
MeumOUvAoHo,UCjiPEaapiHbJMoAdi_L8fNA,2026-08-01 17:00:54,236433,5816,877,119.99,120.24,0.01,1
Mf5NYyrY7rM,UC4cKHOBS-nRfKFTwf1n8HGA,2026-08-13 11:47:33,310,,2,119.96,120.21,0.04,1
MfDHS7UlzWQ,UClvMduw1MDMQ0PuH753-XSA,2026-08-25 01:54:46,2697,60,0,119.85,120.1,0.1,0
MfP1yChv-0M,UCJNEIbzzpRl-l1iGdD2BxGg,2026-08-28 03:44:20,17515,50,29,119.77,120.02,0.02,0
MfZx1mS4uYc,UCRq3CDTZ2qe3HiHrZdQKBvQ,2026-08-14 10:04:27,2635,16,3,119.93,120.18,0.07,1
MfcCAZMcpaY,UCw1DsweY9b2AKGjV4kGJP1A,2026-08-03 10:02:04,63114,278,106,119.97,120.22,0.03,0
Mfl28d9iwUM,UCP8Q-Ku5_RkANynqDFzDWnQ,2026-07-29 02:06:52,29284,188,46,119.89,120.14,0.11,1
MfnjxxNbQcs,UCF7IBIvHZ2be4Ufo8i0uHBw,2026-07-28 09:00:13,17993,223,47,120.0,120.0,0.0,0
Mfx1B_LBSV0,UC72PuhDwKtZ5MikpGNhPAtA,2026-08-27 19:30:30,2969270,74643,5158,120.0,120.0,0.0,0
MgB3mXSfT3g,UCab17MxxnFtAhGsJVTkSkCg,2026-08-31 08:36:21,6709,47,7,119.91,120.16,0.09,0
MgECh2oHDTk,UCXAXCxTCCYYKsLJNzEvjqfw,2026-07-23 02:27:51,74599,1011,92,119.79,120.04,0.04,1
MgEX4nvVeMw,UCUPa-gJcbYG9Ql8b9H9FBbg,2026-08-07 08:15:15,4757,88,12,120.0,120.0,0.0,0
MgFQaukQ-k0,UCktXAh1Sd7wf8eQHc029-8g,2026-08-25 20:39:01,162,3,2,119.86,120.11,0.11,0
MgGloRBKD50,UC8x8GQmlxAIhHxzU61z0uLQ,2026-08-21 10:52:11,18687,123,6,119.89,120.14,0.11,0
MgIgkOPi4Oc,UCdK9h1ILxS49c2LguBUY3rw,2026-08-02 11:15:09,3,0,0,120.0,120.0,0.0,1
MgMrhyHUFBY,UCB4YEVYp6LynBpz7bXyZsTg,2026-07-30 11:30:25,15078,174,22,120.0,120.0,0.0,0
MgOV8PlUO0M,UC2k1bSUZ4X02jMs_sTS9jiQ,2026-08-13 12:00:05,8128,154,13,120.0,120.0,0.0,0
Mg__p2MskIg,UCPsZX-D7LW99PjZLA-UysPQ,2026-08-22 03:00:05,9918,114,58,119.76,120.01,0.01,0
Mgb5akPdv9c,UCrY2B2XX41ReYh9DIWrFfCg,2026-08-12 11:04:11,4947,,2,119.93,120.18,0.07,0
MgcKF8N3yms,UCNRnCc0hg3ZcKdOGXKKv5Ww,2026-08-13 03:15:27,165573,534,44,120.0,120.0,0.0,1
MgmB6I2CuEU,UC0FUMakBJHsRrfKCGQuWnRA,2026-07-30 11:29:51,89546,943,362,120.0,120.0,0.0,0
MgtdvqnUDWA,UCpcTrCXblq78GZrTUTLWeBw,2026-08-29 18:30:25,28937,159,17,119.76,120.01,0.01,0
Mh7B0UKNHNA,UCgLFbrC7-g0ihBKB0obVPTg,2026-07-22 15:14:34,195,4,0,119.76,120.01,0.01,0
Mh7Hlnudzg8,UC_8GOc5dWX2Kpb74_nQ7vSQ,2026-08-02 04:00:05,74934,2121,179,120.0,120.0,0.0,0
MhSWwy-junY,UCkcaRxpTcisadUeCbHOYTFw,2026-07-23 09:39:08,60975,721,26,119.85,120.1,0.1,1
MhTEmg9yff4,UCI3DTtB-a3fJPjKtQ5kYHfA,2026-08-31 13:45:33,30307,300,16,120.0,120.0,0.0,0
Mhfx0f6hhBU,UCdZNJItzkmKrpwtQ3cxTEVA,2026-08-14 09:02:42,68242,249,54,119.96,120.21,0.04,1
MhgxNljlLL4,UCYJ0Ucu9jPX5kn6SeDcNaIQ,2026-08-29 15:00:11,14676,72,1,119.76,120.01,0.01,1
MhiQ9Wnzb7A,UCZ_xE8U6MVnpwefrYvl2uvA,2026-08-14 03:00:06,389,0,0,120.0,120.0,0.0,1
Mi9SRnPvDs0,UCuwnt_REmD4YsCtFJRoqjFw,2026-07-30 06:24:28,46299,233,25,119.85,120.1,0.1,1
MiJ5bjU1nq0,UCK0B6CvhOfGdmh9QMgy5Fxw,2026-08-26 06:15:43,13091,71,33,120.0,120.0,0.0,0
MivGrv1zO1s,UC3DYSay178fMMPaf3zHwECA,2026-07-13 04:15:07,43643,1219,31,120.0,120.0,0.0,0
MiyOJcjass0,UC_m_uqd_9s0hZvlgfvCzqbQ,2026-08-23 12:13:05,729,2,0,119.79,120.04,0.04,1
Mj5rXbGSiOo,UCnDcpS7XLQ9KFPqULb9TH8g,2026-08-06 14:32:07,1061513,7491,151,119.97,120.22,0.03,1
MjQ-Cqd5v_k,UCgLFbrC7-g0ihBKB0obVPTg,2026-08-18 12:03:34,113,1,0,119.95,120.2,0.05,0
MjdwDrIDKcI,UCifCesg-EUkjKyQedaB3hRg,2026-07-24 00:51:34,141406,1518,16,119.89,120.14,0.11,0
MjjP4ps4Dis,UCcum1rCJ5GJeQ_xv0xrohqg,2026-08-02 10:00:05,34654,1271,60,120.0,120.0,0.0,1
MjmVQNO3-mU,UC5bjQxLK_3XVzIOTQ04sYeg,2026-08-07 21:44:25,836,14,2,119.76,120.01,0.01,0
MjrmjpGJsCU,UCpI-AhCT02iQRGLC2ZcY0Jw,2026-08-24 07:00:18,32148,344,141,119.76,120.01,0.01,0
Mk9klz_V8RQ,UC9vI-9WYQLXKI6n9XdXXo3g,2026-08-11 03:00:35,13975,111,27,119.99,120.24,0.01,0
MkBAMTFyBtQ,UCoIEwIHhW-1_roLnb5nK_UA,2026-08-27 14:20:24,31533,70,33,119.92,120.17,0.08,0
Mkm_wgUe78Y,UC6YqXiwCBfPvPTs3wXgWElQ,2026-08-10 09:53:54,228506,1399,656,119.85,120.1,0.1,0
MkqmXYH5Tn8,UCrR_fhiJjoW8OJFzUcmlMMA,2026-08-17 10:00:15,12405,179,7,120.0,120.0,0.0,0
MkrGRizssvQ,UC543-TDm6IvHHZXwdSFioMw,2026-07-29 14:33:19,46698,1155,52,119.95,120.2,0.05,0
MlSnJ3teeoI,UC_yxsHiFh1_j174x4AxICSg,2026-07-11 07:15:03,30550,506,25,120.0,120.0,0.0,1
Mla5LFXKXag,UCAgZP6qUjcVjZsGWtW-l6lw,2026-07-30 10:30:33,145,2,0,119.99,120.24,0.01,0
MlbaYX9slFM,UCIOY-akTwtohcU0QB5ksjaA,2026-08-30 12:22:29,20,0,0,119.89,120.14,0.11,0
Mlmid38VatA,UCqIwPYLfMd3EoWYwvyTjPnA,2026-07-12 07:00:37,55822,248,17,119.99,120.24,0.01,0
Mlp26Rd6PeA,UCzT9VqGDsCxleSmXzJ80hBQ,2026-07-22 15:54:20,542,32,16,119.85,120.1,0.1,0
MlpKoSBWALE,UCULRVjf5z_WoR106msn8HoA,2026-07-31 09:47:26,29558,467,87,119.96,120.22,0.04,0
MlrS0lSDSB4,UCVZ0SJNurJAv-6hV5VEGB2A,2026-08-16 00:15:05,290721,2788,41,120.0,120.0,0.0,0
MlsdYLc8aiw,UCcstDLbuhxEbFKkPZ6wST2A,2026-08-28 10:30:23,38977,62,13,119.76,120.01,0.01,0
Mm6UUhWQQnk,UCz4b1O9sT73P8DWwx6OvQwg,2026-08-14 07:00:15,35780,545,83,120.0,120.0,0.0,0
MmOlUuXGAj4,UCk3w4CQ_SlLH4V0-V6WjFZg,2026-07-24 16:06:53,60436,2964,250,119.89,120.14,0.11,0
MmeIFd1eMZU,UCAVR6Q0YgYa8xwz8rdg9Mrg,2026-08-11 04:02:01,54572,3584,27,119.97,120.22,0.03,1
MmeqU6HGAok,UC3DYSay178fMMPaf3zHwECA,2026-08-03 08:00:19,38882,1156,19,120.0,120.0,0.0,1
MmqjtohgRls,UCifCesg-EUkjKyQedaB3hRg,2026-08-13 01:51:14,199,4,0,119.9,120.15,0.1,0
Mn3gYJ565ZY,UCei_ecYpQqFjYhjLaDPr2Lw,2026-07-22 23:28:33,1674,10,5,119.78,120.03,0.03,1
MnDJ9Pr77UY,UCYGF_xk5RDpltyZDSx040uw,2026-07-19 04:43:19,78163,892,25,119.78,120.03,0.03,1
MnGADFnvE5Y,UCIvLQ5lZ2kebqnLaGv_FP4w,2026-08-22 08:30:21,10964,115,59,119.76,120.01,0.01,0
MnJp1cKQ6Ug,UCz4b1O9sT73P8DWwx6OvQwg,2026-08-27 15:03:31,15779,71,41,119.95,120.2,0.05,0
MnPx7EzkaCg,UCJj2vuQIpFnk5pbTAtCi3yw,2026-08-15 04:00:34,13328,261,52,119.99,120.24,0.01,0
Mna-rGwQbxY,UC9bicYGdrx2YllCCg5H81Cw,2026-07-13 00:16:15,54226,887,30,119.98,120.23,0.02,0
Mne8ha9AZ_o,UC4cKHOBS-nRfKFTwf1n8HGA,2026-08-15 14:53:25,31,,0,119.86,120.36,0.14,0
MnpfvmW1wsg,UCPGl9DV2WUgaqGVXtVrhJWQ,2026-08-27 13:52:05,22,0,0,119.89,120.15,0.11,0
Mnpfzztg9Qk,UCBo7GIv99qTzHaa6ip09YLA,2026-07-29 08:00:05,5727,42,0,120.0,120.0,0.0,0
MnzulfNw6og,UCzDyC6JMEXEufozffWzI9Mg,2026-07-24 04:00:37,90085,1302,91,120.0,120.0,0.0,1
Mo1FygzuxTw,UCO8ToDSM2Gvt3EZdOdosxTw,2026-08-24 14:05:12,47237,942,113,119.92,120.17,0.08,1
Mo5aktW5skM,UCZCZHg_oJiHcrcj2vaPRCag,2026-07-29 15:55:33,58,2,0,119.83,120.08,0.08,0
MoDwG4kC-FI,UCM81CAJ2_Y42-bvK1OQnAAA,2026-08-16 13:44:33,115957,1309,1387,119.76,120.01,0.01,0
MoVd5qxCxQw,UCjUnlBpn0Z1L450g79fniRg,2026-07-24 09:58:12,1374,6,0,119.78,120.03,0.03,1
MofCEoqQ8GE,UCZRH94I89Ps7giJYeK6DlWA,2026-08-28 16:00:12,90910,2020,32,119.76,120.01,0.01,0
pPkvJ6eaxbo,UCt8CJiye87FMbEwt0npPMuQ,2026-07-27 13:30:22,97653,6028,188,120.0,120.0,0.0,0
pPow66nPwyc,UCPI40-XQA9-GBGj2k8PPqfg,2026-08-15 08:50:10,115511,2044,159,119.92,120.17,0.08,0
pPuqgTbNnt8,UCei_ecYpQqFjYhjLaDPr2Lw,2026-08-23 04:43:21,3979,41,17,119.79,120.04,0.04,1
pQ0RX9Ide-Q,UC-2wa6jvprl7hfCpvw0ULzg,2026-08-22 02:00:14,14554,1226,149,119.76,120.01,0.01,0
pQNWllHZvRg,UC43hOVGChFuQRV47vxc_c-g,2026-07-23 13:08:46,126,,0,119.86,120.11,0.11,0
pQg8fASMy70,UCPsZX-D7LW99PjZLA-UysPQ,2026-08-13 06:00:18,410,5,3,120.0,120.0,0.0,0
pR0tfiM9EMk,UCqVkQsNin4MdGFrWvzFVOKw,2026-07-26 03:17:02,8098,250,0,119.97,120.22,0.03,0
pR7rtzM1JCI,UCirJgPv8RtFaFMj39b6cD8Q,2026-08-30 03:00:16,5100,46,1,119.76,120.01,0.01,1
pRAAyzDg-hY,UCRpdlPk671uOMiBtf5HtB3Q,2026-07-22 09:56:04,18392,180,58,119.82,120.07,0.07,0
pRBWCkQjCZ8,UCXAXCxTCCYYKsLJNzEvjqfw,2026-07-14 03:47:23,37504,436,252,119.96,120.21,0.04,0
pRECwLqlW5I,UCXS55IczImEf64aU16NzKlg,2026-07-16 02:00:31,3560,12,10,119.99,120.24,0.01,1
pRIan4TmwGI,UCqIwPYLfMd3EoWYwvyTjPnA,2026-07-17 03:00:27,38058,176,19,119.99,120.24,0.01,0
pRRvB1Aque4,UCrXfM4HsibSucC_NlIY7v0Q,2026-08-06 14:17:45,32548,191,6,119.96,120.21,0.04,0
pRXEgfmcHbs,UCJpAwvQaZyCI5spAz7tipGA,2026-07-31 08:44:56,529778,2687,495,120.0,120.0,0.0,0
pR_SAeteA4k,UC2t5bjwHdUX4vM2g8TRDq5g,2026-07-10 08:55:54,58208,735,15,119.83,123.69,0.17,1
pRp0RH51ihM,UCxPMcxq7WJ32M3lnFn58Cpg,2026-08-16 09:27:36,28072,84,59,119.79,120.04,0.04,0
pRsY0K4YUU0,UCT-UsvGz4gm7lezXvCEex9A,2026-08-06 08:00:25,170,18,11,120.0,120.0,0.0,0
pRyTsaqtDLs,UCL2ZLyAV0H9Pvi46W7TGdHQ,2026-07-24 12:00:15,310908,2504,75,120.0,120.0,0.0,1
pS5Sjk1TRPg,UCJDXc9JWCZo-nLNKr_-L2Ng,2026-08-13 18:00:17,3475,116,3,120.0,120.0,0.0,0
pS5wW5wA-g4,UCPsZX-D7LW99PjZLA-UysPQ,2026-07-30 15:00:02,281,1,0,120.0,120.0,0.0,0
pSX6VxEZ7hU,UCAl4HWznMn7KhKBRFO5eiFA,2026-08-25 10:00:23,9488,63,4,119.76,120.01,0.01,1
pSk4JFj-qiw,UCJoWNCiFuiN4eZnB80WUf4Q,2026-08-15 05:30:12,39504,470,57,120.0,120.0,0.0,0
pSlFx5yuyls,UChUNd9Dt96PzfB24BtVviHg,2026-07-23 09:00:37,22108,512,12,119.99,120.24,0.01,1
pSmbb3om-8c,UCQePzo3_oRB-6RAzBioc6pg,2026-08-30 17:29:17,15462,79,25,119.77,120.03,0.03,0
pSwdtJ2W_II,UC4G86yAU5PXV5nRT4DlvV8A,2026-07-30 01:50:08,191,1,,119.92,120.17,0.08,1
pSxaMjmqt7E,UC_9W6Z5Y3lDpLk47Y_y5ITQ,2026-08-29 18:07:07,39430,255,31,119.89,120.14,0.11,0
pT5QBB6iZFs,UCikKJvpU0Ylua4hRW6faQRg,2026-08-25 13:40:26,2725,77,2,119.84,120.09,0.09,0
pT79Ar6Eptg,UCifCesg-EUkjKyQedaB3hRg,2026-08-18 00:27:50,1352,9,0,119.79,120.04,0.04,0
pT84Aq7hfIk,UC4P7F8qenDo1O_5NvgBb_cg,2026-08-13 02:30:16,83580,809,72,120.0,120.0,0.0,0
pTD-HMmNGQc,UC59jWhPazXYi8Ny4vake45A,2026-08-27 08:27:31,34035,868,25,119.8,120.05,0.05,1
pTZ6g5fqfvQ,UCV6mNrW8CrmWtcxWfQXy11g,2026-08-28 20:06:38,457716,9676,709,119.9,120.15,0.1,0
pToUiKHrv6g,UC7SIaeUWuuIrWTIOBpayDVQ,2026-08-19 03:05:19,5718,44,61,119.92,120.17,0.08,0
pTp-Xi_C9wU,UC6JB_a6rD1lZ_aZgQvORfrQ,2026-08-16 10:40:55,4555,61,42,119.82,120.07,0.07,0
pUA_pOK0iY4,UCab17MxxnFtAhGsJVTkSkCg,2026-07-28 12:16:03,716,16,0,119.98,120.23,0.02,0
pUCJ4Sd9qY4,UC2yOBpLVwB7kzt9C5ZPbB7w,2026-08-09 19:30:24,51635,781,23,120.0,120.0,0.0,1
pULGBpnU540,UCYjNEoVziojh1ZCum1q0PNQ,2026-08-17 01:15:26,20964,435,53,120.0,120.0,0.0,1
pUXsse8Gg9k,UCyoKcrOcBEY4rmLYkDuXErA,2026-07-27 09:00:09,33607,730,23,120.0,120.0,0.0,1
pUedEN3CV8A,UCFrKhWvZ8oeJQTNP5ZabgJw,2026-08-27 07:00:14,62570,586,162,119.76,120.01,0.01,1
pUmp5FQccpM,UCD8r5Jgns2V64-NcUmXclpg,2026-08-25 03:15:21,54164,306,34,119.76,120.01,0.01,0
pUxd7QENKS0,UCFrKhWvZ8oeJQTNP5ZabgJw,2026-08-06 09:39:48,66712,505,47,119.84,120.09,0.09,1
pVOBlRf6nhU,UC0FUMakBJHsRrfKCGQuWnRA,2026-08-04 09:00:13,4946,40,8,120.0,120.0,0.0,0
pVS24THVEQI,UC5WN-znPsJK0BbA8aHxZHWQ,2026-07-21 08:00:23,7328,155,2,119.99,120.24,0.01,1
pVbrf6SXWhs,UCGa52d8Qlv3THghuCAt_nXA,2026-08-11 08:30:15,3965,66,9,120.0,120.0,0.0,0
pVntKWCp4mU,UCgvtwZJPhSfbKOxh3EoVXng,2026-08-23 10:38:40,35,1,0,119.87,120.12,0.12,0
pVsXKkEEMas,UCfHlKp8w7IxpObWnHJtYRnQ,2026-07-25 12:15:12,343,33,4,120.0,120.0,0.0,0
pW1fkohPFIs,UCWZqSCSNZT3X8e_HyCJoXMg,2026-08-23 12:55:33,16542,592,28,119.83,120.08,0.08,1
pWPMwKYPFrA,UCYGF_xk5RDpltyZDSx040uw,2026-08-02 11:42:44,69526,676,13,119.79,120.04,0.04,1
pWxqjqDPpyI,UCepHesz_5Lwr7qRaqjB-p1A,2026-08-20 03:00:09,46542,575,179,120.0,120.0,0.0,0
pX27oQGkQhA,UCm6Y-gVqhlhX4FzrJCtsSzg,2026-08-11 09:45:46,95033,1214,208,119.99,120.24,0.01,0
pXCtmrDBTc8,UCV6mNrW8CrmWtcxWfQXy11g,2026-08-20 02:00:01,315280,9590,147,120.0,120.0,0.0,1
pXEDEzxY3CY,UC-yb5eNBQyXBE9nZnht9u-g,2026-07-12 15:15:21,35126,612,8,119.99,120.24,0.01,1
pXLm_Bp_ArA,UCgWOZQvFZhGuqBCtjmee0XQ,2026-07-16 12:45:14,401,4,0,26.25,693.0,93.75,0
pXVV7ZaF_ik,UCxtZZzggcfOmsW99gYkxsNA,2026-08-11 01:00:35,3173,84,25,119.99,120.24,0.01,0
pXZwSuFa6f0,UCZuT6NXrfZzYbqCG_RWgSgA,2026-08-10 14:50:23,76,2,3,119.91,120.16,0.09,0
pXmNpmZ7VI0,UCEcRvF_6IRSux8FO-ogFZug,2026-08-07 03:00:23,12034,939,75,120.0,120.0,0.0,0
pXqfywFPV88,UCdK9h1ILxS49c2LguBUY3rw,2026-08-06 10:45:02,22,1,4,120.0,120.0,0.0,1
pXrGSp4Smdc,UCrY2B2XX41ReYh9DIWrFfCg,2026-08-02 09:18:56,4709,,6,119.94,120.19,0.06,0
pXrQyo2YqDc,UCqyzJW0VRYRP_sFELZYdxGg,2026-08-12 08:00:33,2472,14,1,119.99,120.25,0.01,1
pXvzakCBnfk,UCsRiYH-VrZ2mYsohk7GhLdQ,2026-08-02 12:00:38,54448,360,30,119.99,120.24,0.01,0
pXwLo4aXAAU,UC7hwQp3F6P_OwyRM14p88iQ,2026-08-04 15:17:19,31080,206,0,119.97,120.21,0.03,0
pXxDi2vZcFw,UCab17MxxnFtAhGsJVTkSkCg,2026-08-01 08:13:29,828,15,0,119.78,120.03,0.03,0
pY7UPppnrAc,UCB4gIGaPUiLtpPreFSf8fKQ,2026-08-27 03:45:31,10192,58,29,120.0,120.0,0.0,0
pYAUJMs1qYA,UCkrNv6xF8j7QZmWb3UeAH8A,2026-08-29 04:06:03,12553,15,37,119.92,120.16,0.08,0
pYL8QtKSKXo,UC2NFRq9s2neD_Ml0tPhNC2Q,2026-08-23 02:30:20,140861,2120,182,119.76,120.01,0.01,0
pYSrkX6Gd2A,UCgLFbrC7-g0ihBKB0obVPTg,2026-08-21 15:57:42,135,2,0,119.8,120.05,0.05,0
pYkpq_DH_cY,UCt8CJiye87FMbEwt0npPMuQ,2026-07-30 08:15:33,2713,66,11,119.99,120.24,0.01,0
pYo7s39bkww,UC5pdoCANExIVI4yf6DVoxew,2026-08-08 17:57:11,92,7,0,119.8,120.05,0.05,0
pYuak_DhidU,UCV6mNrW8CrmWtcxWfQXy11g,2026-08-27 23:30:02,521127,17696,1354,119.76,120.01,0.01,0
pZUSnFB63uc,UC7lwS-aSDzYHZJ9uWuzySwQ,2026-08-29 22:00:30,1296,4,6,119.76,120.01,0.01,1
pZZvPNPTsxc,UCFrKhWvZ8oeJQTNP5ZabgJw,2026-08-11 07:38:48,182176,2002,311,119.86,120.11,0.11,1
p_7J-Ek81ME,UCkd3KAYGnTNPJZZrPOFeWhA,2026-07-27 05:54:07,22397,59,42,119.85,120.1,0.1,0
p_Jo69c0OIw,UCab17MxxnFtAhGsJVTkSkCg,2026-08-17 08:12:27,1247,26,3,119.8,120.05,0.05,0
p_T5KE5lbzc,UCwUdsbSoKjC9FDcpihDeXSg,2026-07-30 12:45:12,82312,72,19,120.0,120.0,0.0,1
p_T7yBmC9dQ,UCFHUplScMiWTjJrtv4hxWmg,2026-08-24 11:11:37,67402,420,38,119.82,120.07,0.07,0
p_WGLzl2-wM,UCW_Ptq0v8ck67w9oKiwXz2g,2026-07-25 08:35:56,322,3,2,119.9,120.15,0.1,0
p_ZWlnJl2hA,UCV6mNrW8CrmWtcxWfQXy11g,2026-08-12 22:00:36,281943,9405,71,119.99,120.24,0.01,1
p_ZuCbwEZ1Y,UCbFLnCfOet-u_kFyA7uX-9Q,2026-08-15 08:15:13,71723,679,85,120.0,120.0,0.0,1
p_btwWlakt4,UCTbwgCCBrI-4XU8b5B0uGPg,2026-08-05 09:00:15,55927,720,23,120.0,120.0,0.0,0
p_f6Wkg_4vA,UCyz5WVrb-cz3myY04x_kVYw,2026-08-20 22:18:51,660,11,0,119.95,120.2,0.05,0
p_fgV8xtArY,UCHbz27HAkCIQNw_G2Pa7XVg,2026-08-10 06:00:15,24672,600,43,120.0,120.0,0.0,1
pa6QiAaP2z8,UC24GgPBq5W3v34z0p0uk1Ow,2026-07-26 10:00:43,800,4,0,119.99,120.24,0.01,0
twt6ZT7r1fQ,UCPsZX-D7LW99PjZLA-UysPQ,2026-08-24 12:00:00,462,9,2,119.76,120.26,0.24,0
txIgomrdfhU,UCN8L7Z-dyzu9FzT39RM0fvw,2026-08-09 09:00:24,9819,160,10,120.0,120.0,0.0,1
txKo_6ieSbM,UCV7WE8I_UiAN0fa6Arezx_w,2026-07-30 08:00:01,80,0,0,120.0,120.0,0.0,0
txL9PpAOyhg,UCi8fe6P0_tLeZ1r31wOydvw,2026-08-30 04:00:11,5274,17,0,119.76,120.01,0.01,0
txp-hhEjs1I,UCHbz27HAkCIQNw_G2Pa7XVg,2026-08-22 03:09:24,16546,426,60,119.85,120.1,0.1,0
txvhsQ9tKNA,UCPGl9DV2WUgaqGVXtVrhJWQ,2026-07-29 14:13:13,5,0,0,119.78,120.03,0.03,0
tyGuN-2UXjE,UC-okJdotaXPlzivRzHFqzuA,2026-08-19 02:59:26,64821,996,30,119.77,120.02,0.02,0
tybKbcGQ8EI,UCgT-gb3favw2jQgwxbbwwaA,2026-08-26 11:00:22,51614,359,23,119.75,120.01,0.01,0
tycZS4X_2rk,UCETJ2rkwgeYb0OojPNh-DRw,2026-07-12 14:52:08,120,1,0,119.88,120.13,0.12,0
tyeNwR5IOj4,UCdm06VHBWF5Mg5kYxffzikw,2026-08-06 01:00:39,10305,111,6,119.99,120.24,0.01,1
tyicEEKwub0,UC1dHu9GhbHH7RcHKyJdaOvA,2026-08-12 05:05:10,66955,287,159,119.92,120.17,0.08,0
tyiqzQZAgb4,UCnkytUgy0CtWd06up9CjNxg,2026-08-24 15:00:35,148052,1605,283,120.0,120.0,0.0,0
tysNN9ldYQk,UCrwOSKEMgNGb1SIWqiYaulA,2026-08-17 14:00:15,2742,69,3,120.0,120.0,0.0,1
tz9jdF5uwRM,UC0aKwoKNeqBaUwiEXmkQaGQ,2026-08-30 10:30:39,106395,583,216,120.0,120.0,0.0,0
tzBD_RoPcfs,UCZ6mNZTiTUrUSbSYPlclI4A,2026-08-25 04:36:10,8561,351,5,119.91,120.16,0.09,1
tzNPQwuyfWM,UCgT-gb3favw2jQgwxbbwwaA,2026-07-31 15:00:26,156466,2007,62,120.0,120.0,0.0,0
tzVo0NBfNAA,UCnCFD3met1Ip7OngdF9TRDg,2026-07-30 03:19:47,5830,88,21,119.92,120.17,0.08,0
tzc7OfoZxdA,UCeiDuGZqWT4iiIXRTfhM3qQ,2026-08-20 05:10:01,2436,60,0,119.84,120.09,0.09,0
tzlKspKKElU,UCdtV_sB8WUWo-P_q3OwNfcw,2026-08-28 08:00:04,19103,76,35,119.76,120.01,0.01,0
tzmIt23NeYA,UCNNR1-x2NhZARsNGnQlh2sQ,2026-08-06 06:00:05,105547,314,79,120.0,120.0,0.0,1
tzpz5M5W-vI,UC4VWaR3R17Ruc7j1Cy1-PKQ,2026-07-31 00:29:53,18,4,3,120.0,120.0,0.0,0
tzuxVvy3GfE,UC1IUMdwaJ22A6FkPiI8dcig,2026-07-11 08:02:49,82024,1477,47,119.95,120.2,0.05,1
u-1SsJEDjT0,UCoH2pCzAr6zWDG-LtUiLWRw,2026-07-12 22:00:18,49770,487,66,120.0,120.0,0.0,0
u-DCa0hyG-I,UC1sELGmy5jp5fQUugmuYlXQ,2026-08-24 15:00:25,1199612,67887,1872,120.0,120.0,0.0,1
u-NfqFBBsHI,UCVZI7eLie2UlZph6aiBRNrw,2026-08-04 11:00:20,177170,1721,544,120.0,120.0,0.0,0
u-Zjv0zZjmA,UC9DNu8JRIcE-rpo9eBx1ffw,2026-08-17 21:54:17,3338,18,2,119.85,120.1,0.1,0
u-nBqkubNTM,UC6JB_a6rD1lZ_aZgQvORfrQ,2026-08-07 19:24:50,1243,37,0,119.84,120.09,0.09,0
u-qLSMpcD-8,UCdK9h1ILxS49c2LguBUY3rw,2026-08-06 12:00:21,3,2,0,120.0,120.0,0.0,0
u-y8ptsMb74,UCIvLQ5lZ2kebqnLaGv_FP4w,2026-08-04 03:00:34,4259,82,17,119.99,120.24,0.01,0
u04SVeVWaWw,UC9jOsXFn3RwXEW3qUyySjAQ,2026-08-30 08:30:22,1204,13,3,119.76,120.01,0.01,0
u06hqsM7fNI,UCt8CJiye87FMbEwt0npPMuQ,2026-08-12 16:30:26,5265,148,15,120.0,120.0,0.0,0
u0U9Ep68qys,UCTVkjiEiaiSbEq0Qwd5XTPA,2026-08-30 03:34:59,2073,25,5,119.93,120.18,0.07,0
u0WnuIHkpUc,UCwUdsbSoKjC9FDcpihDeXSg,2026-07-24 12:45:21,82835,79,28,120.0,120.0,0.0,1
u0X2-SWGAVk,UC2k1bSUZ4X02jMs_sTS9jiQ,2026-08-06 12:00:06,5949,107,9,120.0,120.0,0.0,0
u0_HAnK2Zvg,UCBtJuwDt6LlXp2YASC-ZMdA,2026-08-25 11:00:22,606,3,0,119.76,120.01,0.01,1
u0_bMB_xYeI,UCw1DsweY9b2AKGjV4kGJP1A,2026-08-14 07:50:25,342429,537,25,119.91,120.16,0.09,1
u0bzr1a3q-I,UCpI-AhCT02iQRGLC2ZcY0Jw,2026-08-09 01:04:47,27393,370,260,119.92,120.17,0.08,0
u0cha4X9HIE,UCv1tOT645xHOJrwdGlzjMaA,2026-08-21 10:35:39,39868,663,51,119.92,120.17,0.08,1
u0sF5Ksxbjw,UCtIbfg_6gjbdFqCqAiUcqyQ,2026-07-29 08:00:05,8287,198,11,120.0,120.0,0.0,1
u0sXUR1omHY,UC8E29ANOC3_OuB7_5EPY2xw,2026-08-23 09:07:02,1447,3,4,119.9,120.15,0.1,1
u11UX2tFVVY,UC2yOBpLVwB7kzt9C5ZPbB7w,2026-08-19 20:00:35,237839,3756,114,120.0,120.0,0.0,1
u1eXgxowaWU,UChHxLcNi7e0zu-e33HM6v6A,2026-08-09 03:00:35,28950,168,97,119.99,120.24,0.01,0
u1fV8gX3H6A,UCJDXc9JWCZo-nLNKr_-L2Ng,2026-07-26 12:23:33,2156,115,10,119.86,120.11,0.11,0
u1xhLDcEUEU,UCYS2NvZlSjrxZfnn1v7b3QQ,2026-07-27 16:06:22,16,1,0,119.9,120.15,0.1,0
u22Tb-SQoq8,UCkphwoGMBs2_0raLOqu9aQw,2026-08-08 12:00:27,105,3,3,120.0,120.0,0.0,0
u23TaR5CxcM,UCHeg3ApmuXQbqqszaD1fR9g,2026-08-13 14:34:20,112,9,0,119.93,120.18,0.07,0
u2L1YqktfJg,UCrKSaegnzewdj9-YLsUhoZw,2026-08-03 04:10:37,43844,263,104,119.83,120.08,0.08,0
u2PTsS_5_iI,UC8CIM3d3zDYMk-3T5aAz0yw,2026-07-12 10:14:33,569983,13466,783,119.76,120.01,0.01,0
u2ROo_yAAF8,UCei_ecYpQqFjYhjLaDPr2Lw,2026-07-20 01:54:57,28,10,0,119.84,120.09,0.09,0
u2SJAA2GmzM,UClHTjLVog7CkRF8tYJuNXXQ,2026-08-14 09:16:33,279,11,0,119.98,120.23,0.02,0
u2VGqpcPaIY,UCdGiRd1dTixfQxQrb2pbn5Q,2026-08-06 10:03:24,30650,411,56,119.7,120.2,0.2,1
u2n1Rr24BBA,UCL3gnarNIeI_M0cFxjNYdAA,2026-08-06 03:01:19,1312003,,35,119.98,120.23,0.02,1
u3GZMMMfH5M,UCV7WE8I_UiAN0fa6Arezx_w,2026-08-01 18:00:10,16,0,0,120.0,120.0,0.0,0
u3M0m5-Djew,UCL2ZLyAV0H9Pvi46W7TGdHQ,2026-07-28 12:00:19,564423,5103,179,120.0,120.0,0.0,1
u3SnS6YQbgU,UCta3D5-EYqO-pduQLxQ8mNQ,2026-08-22 03:00:16,6541,51,3,119.76,120.01,0.01,1
u3ZTn6sIv6A,UC4VWaR3R17Ruc7j1Cy1-PKQ,2026-07-28 07:03:21,204,3,0,119.95,120.2,0.05,0
u3_Isi1xUas,UCt8CJiye87FMbEwt0npPMuQ,2026-08-18 13:30:20,2952,92,9,119.76,120.01,0.01,0
u3fdm_oqaj4,UC027x98NgUBw9K4aPT8k0mg,2026-08-25 12:00:19,9062,69,14,119.76,120.01,0.01,0
u3hNGhNRGEA,UC7hwQp3F6P_OwyRM14p88iQ,2026-08-11 13:06:45,29559,240,12,119.89,120.14,0.11,0
u3vJCvpCjRk,UCdcjduaR6hyGHVNmpbJzSsw,2026-08-12 00:29:40,11389,82,3,119.76,120.01,0.01,0
u4HBKe_82Lo,UCpX86JOUhnrzG7MK8e8Gjbw,2026-08-03 05:49:52,21614,138,142,119.92,120.17,0.08,0
u4QKV_4V75U,UCNZiNM2pP6uhIlTQVS2Q5fA,2026-07-31 09:00:22,193384,3091,81,120.0,120.0,0.0,1
u4XMYzpLQU4,UCbYO4SBywZ2oWv1u309oWmQ,2026-08-24 10:00:24,36400,653,24,120.0,120.0,0.0,1
u4nlYRcakSk,UCN5oT4zGJX-_H6pE5isAEeg,2026-08-26 03:00:14,619543,10872,250,119.76,120.01,0.01,1
u4uMDZ3ny0g,UCab17MxxnFtAhGsJVTkSkCg,2026-08-03 10:20:05,2584,57,2,119.92,120.17,0.08,0
u50zD1DC1Pg,UCv1tOT645xHOJrwdGlzjMaA,2026-08-27 05:33:54,22185,296,6,119.95,120.2,0.05,0
u55Zb9lImt0,UCikKJvpU0Ylua4hRW6faQRg,2026-08-23 13:28:10,9363,206,0,119.79,120.04,0.04,0
u5Jxtl7yG4w,UCPv0av3PfTUeTnHGgcXkk8w,2026-08-11 23:59:41,7,0,0,119.76,120.01,0.01,0
u5WvzhzZBH0,UCJmnOEp1-OITEU0mk4icM5A,2026-07-22 12:00:26,28557,230,19,120.0,120.0,0.0,1
u5b2_-go-NY,UCbFLnCfOet-u_kFyA7uX-9Q,2026-08-12 21:36:57,42529,557,116,119.89,120.14,0.11,0
u5o7P0FFLXc,UCw1DsweY9b2AKGjV4kGJP1A,2026-07-11 13:06:47,147860,676,241,119.89,120.14,0.11,0
u5uqFVtx-jU,UClWTMxooQefOLUV0TRcJ1Eg,2026-08-15 08:30:32,4533,214,9,120.0,120.0,0.0,0
u5y1vMgbbQA,UCe9jDZNCsC4sH-Ln2Fn99FQ,2026-08-24 03:22:27,21,0,0,119.89,120.14,0.11,1
u6GlwGiOldE,UCjiXXUsdl0F0aUkTbv8ZVTA,2026-08-11 15:49:51,4568,108,6,119.92,120.17,0.08,0
u6PgeYGWibI,UCWwbZhw5M-Q5dZtTK4nDWNw,2026-08-25 03:00:32,135785,1449,11,120.0,120.0,0.0,0
u6b-WPe58gI,UCv1tOT645xHOJrwdGlzjMaA,2026-08-01 14:44:26,15206,130,35,119.76,120.01,0.01,0
u6dZTFmxpEs,UCp9skQ2mP_DfVL8c3gZQUzg,2026-08-15 19:30:29,6488,89,0,120.0,120.0,0.0,0
u6fkl8SMMak,UCBmPfbqvGwTTfrV-H_UOfdw,2026-08-15 02:23:45,459116,5512,85,119.86,120.11,0.11,1
u6iDtzJ9gtk,UCpTNtH8yc1Kdl_YFfsQsTYA,2026-08-23 09:20:11,25616,62,0,119.93,120.18,0.07,0
u6jnQ4bZdJY,UCs7mzshFv0PbUMUM0x1Waug,2026-07-13 11:10:34,1697,7,0,119.83,120.08,0.08,0
u6yi9WCVzqQ,UCcum1rCJ5GJeQ_xv0xrohqg,2026-07-31 13:15:01,64016,1797,88,120.0,120.0,0.0,1
wdoJGCZgEFk,UCPGl9DV2WUgaqGVXtVrhJWQ,2026-08-30 14:19:33,7,0,0,119.94,120.19,0.06,0
wdpuX4lMKu4,UCp9skQ2mP_DfVL8c3gZQUzg,2026-08-15 07:39:49,48452,240,33,119.84,120.09,0.09,1
wdyz-XIW2Dk,UCcvKf8NxAw9i09hZw1MQPBQ,2026-08-13 09:00:33,28964,533,69,120.0,120.0,0.0,1
weGn-nV4iKc,UC2WBkFH1nHcO6aFLWo6sZQg,2026-08-25 14:57:36,10196,313,2,119.8,120.05,0.05,1
weKksMXZr8g,UCvfEv6nBnL0QlKqyGmL0orQ,2026-08-06 17:58:23,17727,102,41,119.78,120.03,0.03,0
wehgjWdgY3E,UCtGMgPWJNU2Aj-SNK0zg0Sg,2026-08-22 16:18:06,2893,20,0,119.96,120.21,0.04,0
weiZO68FHPE,UCw1DsweY9b2AKGjV4kGJP1A,2026-08-20 10:00:23,3416,24,9,120.0,120.0,0.0,0
weu8-_pp5XE,UC60HSePkZwGFzRj6VSDa6Ew,2026-08-09 13:19:35,3271,48,2,119.93,120.18,0.07,0
weuHIhQaaS8,UCby0vMKcLR05ZdS90aZd5og,2026-07-26 20:59:37,94,3,0,119.76,120.01,0.01,0
wf2dMx31W2s,UC08-hQbwh7eyr8PlaYG2-sQ,2026-07-14 10:00:06,32781,590,503,120.0,120.0,0.0,0
wfRCbq0FNDs,UCO8ToDSM2Gvt3EZdOdosxTw,2026-08-12 14:05:02,92330,1943,166,119.92,120.17,0.08,0
wfb8--YDPr8,UCpcTrCXblq78GZrTUTLWeBw,2026-08-26 12:30:31,254276,726,48,120.0,120.0,0.0,1
wfnS_S6j9dI,UC9qwDE50UcXvdplRNZKEoPA,2026-08-14 08:00:13,18189,514,54,120.0,120.0,0.0,1
wftL64NIfNQ,UCPqqyxHmSvJygac5TH52qJw,2026-07-20 08:14:03,216017,2486,80,119.77,120.02,0.02,1
wg2bR4BuoSw,UCPsZX-D7LW99PjZLA-UysPQ,2026-08-17 06:00:02,555,7,3,120.0,120.0,0.0,0
wgMEEUeTt-M,UCULRVjf5z_WoR106msn8HoA,2026-08-10 11:07:57,70143,805,145,119.87,120.12,0.12,0
wgOlCdSvNhg,UCyZtdaxIiGb4wp5AmkEMrwQ,2026-08-15 03:00:27,44666,1139,26,120.0,120.0,0.0,1
wgfh7vhrowU,UCKrprPfevcAZpPuRnCO6xOA,2026-07-23 09:00:53,734,3,3,119.99,120.24,0.01,0
wgl5OJeM0QM,UCuXE-MdbuaZcPt_2J2kSsSQ,2026-08-01 07:47:26,484,2,0,119.96,120.21,0.04,1
wh8NQuZ10lc,UCT-UsvGz4gm7lezXvCEex9A,2026-08-07 08:00:32,198,17,8,119.99,120.24,0.01,0
whKMGynZ1mU,UCYsRymb9vAsOOLBy-Wo1kRg,2026-07-23 08:30:29,2804,92,20,119.99,120.24,0.01,0
whL1tj_ZmIw,UCS2OAdHoLt-9T6cG9A2H49Q,2026-07-25 03:00:19,9611,112,32,120.0,120.0,0.0,0
whP5uK9d2-8,UCI3DTtB-a3fJPjKtQ5kYHfA,2026-08-28 00:08:49,2695,5,1,119.87,120.12,0.12,0
whTFZSMZays,UCBY9rOZPo0fLE45mOV0s0cw,2026-07-31 23:39:10,113,1,0,119.85,120.1,0.1,0
whaNiJ5drDE,UCJDXc9JWCZo-nLNKr_-L2Ng,2026-08-24 14:00:09,1282,61,4,119.76,120.01,0.01,0
whcikNNY_Tg,UCksGX0hODm1Ev6mysrToMqg,2026-08-17 05:10:41,13284,469,44,119.83,120.08,0.08,0
wheCKaj4v3M,UCOaUTqrtz1yBBiwziVJEAmQ,2026-07-30 16:00:09,2809,47,6,120.0,120.0,0.0,0
whgihkv8DL8,UCMswODzU1ZjjrLyUk7NfwPA,2026-07-14 09:30:37,20417,376,25,119.99,120.24,0.01,1
whlKGhGwddU,UCpwGBltfwjd_fIzp5cb5R0w,2026-08-08 14:23:17,53223,782,17,119.86,120.12,0.12,0
wi-7uzMUK5Y,UCAGUSx1hbPKDqzBZH7bTjiA,2026-08-18 10:00:06,42693,227,15,119.76,120.01,0.01,0
wi-JaVDxvcs,UC_m_uqd_9s0hZvlgfvCzqbQ,2026-08-16 14:26:21,739,2,0,119.81,120.06,0.06,1
wi8H4c0XAsQ,UCt8CJiye87FMbEwt0npPMuQ,2026-08-14 13:00:01,55290,2937,539,120.0,120.0,0.0,0
wiGOvMlpKk8,UCNZiNM2pP6uhIlTQVS2Q5fA,2026-08-22 07:00:05,150861,2706,278,119.76,120.01,0.01,0
wiKxi6m4cZs,UCdK9h1ILxS49c2LguBUY3rw,2026-08-23 11:30:25,7,2,0,119.76,120.01,0.01,0
wiQyzcBOhVI,UCHeg3ApmuXQbqqszaD1fR9g,2026-08-10 02:00:14,9530,156,11,120.0,120.0,0.0,1
wixEtfsxBr8,UCN8YcyYvYIrtLcwyT-KqbNg,2026-07-12 11:30:21,23916,342,22,120.0,120.0,0.0,1
wiz2_d7W7QE,UCs7mzshFv0PbUMUM0x1Waug,2026-07-16 02:55:11,2407,12,0,119.83,120.08,0.08,0
wiz38KQ7evs,UCkcaRxpTcisadUeCbHOYTFw,2026-08-13 10:13:17,30788,354,15,119.78,120.03,0.03,1
wj68GZdqshQ,UCd9oeoY-jLSkhd-J5y_1aYg,2026-08-01 06:25:14,938,7,0,119.84,120.08,0.08,0
wjCrBEsjL1Y,UCL2ZLyAV0H9Pvi46W7TGdHQ,2026-07-31 11:00:37,777500,5988,166,119.99,120.24,0.01,1
wjUFQ0_Wfas,UC4VWaR3R17Ruc7j1Cy1-PKQ,2026-07-15 10:50:58,14651,98,70,119.9,120.15,0.1,0
wjguZGJmCx4,UC4VWaR3R17Ruc7j1Cy1-PKQ,2026-08-03 11:02:16,245,2,0,119.96,120.21,0.04,0
wjp7gCMkGu8,UChLqHuZV0PENIBYxDgXyPLQ,2026-08-14 12:51:32,71434,942,35,119.89,120.14,0.11,1
wjqQ_TXY0XI,UCATlfGN7EDjXS_2ofklb3bw,2026-08-24 00:50:16,21555,456,11,119.92,120.17,0.08,0
wju0uROCODg,UCpcTrCXblq78GZrTUTLWeBw,2026-07-13 03:00:25,169958,2451,149,120.0,120.0,0.0,1
wkErnB4LNno,UCaN3tSrrzIrXSDonEe7LK9A,2026-07-28 08:00:40,1414,30,4,119.99,120.24,0.01,0
wkOijLEdid0,UCmiTZyj9GwMjyznZxrgCH4Q,2026-07-30 02:39:01,50314,698,55,119.85,120.1,0.1,0
wkWrCXl6SIA,UCQzgMwT5Q6x-Mtq65HRS_0Q,2026-07-28 09:30:14,3178,69,26,120.0,120.0,0.0,0
wkdLG-1-auk,UCYS2NvZlSjrxZfnn1v7b3QQ,2026-08-29 16:01:03,9,1,0,120.0,120.0,0.0,0
wl2y1fOGUng,UCab17MxxnFtAhGsJVTkSkCg,2026-07-30 11:30:51,443,8,0,119.99,120.24,0.01,0
wl4jYv_J2AE,UCMj-P8p7UcOGF_GPsifXvAQ,2026-08-10 04:00:31,11906,670,41,119.99,120.24,0.01,1
wl5PN-zD4lw,UCZCZHg_oJiHcrcj2vaPRCag,2026-08-03 15:39:05,108,2,0,119.85,120.1,0.1,0
wlIPVI0Qz3w,UCFCt5RYu41HTg4eX1jdHNxw,2026-07-25 00:33:40,23506,92,2,119.94,120.19,0.06,0
wlSnU7pt-XQ,UCtGMgPWJNU2Aj-SNK0zg0Sg,2026-07-26 09:30:11,21188,333,38,120.0,120.0,0.0,1
wlkXLxxPf9M,UCYXAJvn4s3GUvTzjwLy15pg,2026-08-16 04:48:06,2,0,0,119.95,120.2,0.05,0
wlxUa0WdoC8,UC0vqyzJ-1l3AJl3IkKu0bhQ,2026-08-09 11:32:33,47,1,0,119.96,120.21,0.04,0
wm7vmTUCMX8,UC5RxNUZ9_c94ZEfJGnJZmTw,2026-08-06 12:00:27,2807,108,36,120.0,120.0,0.0,0
wmE45us0wNU,UCIsrVj53L57rcLAPOre4Xhg,2026-07-25 03:24:26,73417,747,87,119.85,120.1,0.1,0
wmPwKuy_0EE,UCZ49HaU_D0Tlf1aDA2jU_Vg,2026-08-19 12:34:27,36259,283,141,119.94,120.19,0.06,0
wmRKH5Vzojs,UCHeg3ApmuXQbqqszaD1fR9g,2026-07-16 02:00:01,29766,443,19,120.0,120.0,0.0,1
wmTHeek4WAc,UCuXE-MdbuaZcPt_2J2kSsSQ,2026-08-01 02:58:29,829,11,0,119.78,120.03,0.03,1
wmUEcfaSysI,UCEg24oF81p-THPtp3otdmTA,2026-08-03 09:00:03,51746,1052,39,120.0,120.0,0.0,1
wmX_Gkl6B6E,UCgyDKBTgkBfa8jWrBb8Npig,2026-08-03 01:03:29,75,6,1,119.94,120.19,0.06,0
wmioKULZU4U,UCw1DsweY9b2AKGjV4kGJP1A,2026-08-15 08:00:29,217030,1015,132,120.0,120.0,0.0,0
wnHla70tGVQ,UCUPa-gJcbYG9Ql8b9H9FBbg,2026-08-05 08:00:16,11110,179,22,120.0,120.0,0.0,0
wnMxQZ0OwF8,UCGW76VChAJKee9kYzvyoycQ,2026-08-14 07:00:27,4813,195,27,120.0,120.0,0.0,0
wnvjYY6_7GM,UCBtJuwDt6LlXp2YASC-ZMdA,2026-07-25 22:22:17,448,10,0,119.88,120.13,0.12,0
woGyLwThki4,UCvfEv6nBnL0QlKqyGmL0orQ,2026-08-14 00:00:22,13342,71,31,120.0,120.0,0.0,0
wo_c34_BkBQ,UC3hqiw3lZAXaMwhQvMGZkdw,2026-07-10 13:15:39,4398,66,49,119.99,120.24,0.01,0
wofDJ5xPGqE,UCgT-gb3favw2jQgwxbbwwaA,2026-08-31 11:18:31,231128,755,23,119.95,120.2,0.05,0
wolz2OCSxFQ,UC5WN-znPsJK0BbA8aHxZHWQ,2026-08-02 03:00:14,10729,230,60,120.0,120.0,0.0,0
woniyJt0Vk0,UC6YqXiwCBfPvPTs3wXgWElQ,2026-08-04 02:40:29,1968,22,4,119.83,120.08,0.08,0
woo1SM2GIjU,UCpcTrCXblq78GZrTUTLWeBw,2026-07-14 17:33:53,598610,1902,202,119.94,120.19,0.06,1
wopZs0VT2G0,UC4VWaR3R17Ruc7j1Cy1-PKQ,2026-08-05 12:18:03,44,5,0,119.95,120.2,0.05,0
woxRiTdBH5A,UCab17MxxnFtAhGsJVTkSkCg,2026-08-26 01:06:21,1456,13,0,119.91,120.16,0.09,0
wp0Ha4W7YOU,UCQfISxq5legTqOt1h1us6lg,2026-08-03 13:36:47,24673,66,8,119.89,120.14,0.11,1
wp51yuWMFhI,UC7nIK3KpkhbGee5K_sVBscQ,2026-07-27 05:31:16,4499,51,28,119.98,120.23,0.02,0
wpF33rCdG-4,UCPGl9DV2WUgaqGVXtVrhJWQ,2026-08-22 14:33:07,4,0,0,119.96,120.21,0.04,0
wpQ3EBbyQMs,UCqI5lyTpC79pOy2D-VXAMdA,2026-08-23 14:35:19,57627,602,151,119.92,120.17,0.08,0
wpYEJZYk0PI,UCw1DsweY9b2AKGjV4kGJP1A,2026-07-30 07:45:37,185612,385,25,119.99,120.24,0.01,1
wpvr-vOLvio,UC1p5kp09LAS3kpQB3O8YQJw,2026-08-20 09:00:24,865,12,2,120.0,120.0,0.0,0
muNOK7GI2rg,UCzHnjIeMxo1gViogzN9xMLw,2026-07-27 06:52:39,5763,116,17,119.88,120.13,0.12,0
muY7JxEhjXs,UCV7WE8I_UiAN0fa6Arezx_w,2026-07-20 05:00:03,42,0,0,120.0,120.0,0.0,0
muh0S1CsaZE,UCfQOeRevRI14uNqluiJ7TeQ,2026-07-24 08:06:48,29,0,0,119.89,120.14,0.11,0
mvhNx_vQsRQ,UCYM01qjjE_hmqFQAmOo-lNg,2026-08-24 14:32:20,683,5,0,119.97,120.22,0.03,0
mvqK27FTy5g,UCwBkHOTyu57NQi0syf5MLig,2026-07-31 04:00:25,92098,519,25,120.0,120.0,0.0,1
mw8ojVXzy48,UCPGl9DV2WUgaqGVXtVrhJWQ,2026-08-08 15:00:25,17,1,0,120.0,120.0,0.0,0
mwFnTFM3AAM,UCAl4HWznMn7KhKBRFO5eiFA,2026-07-18 12:24:13,12756,79,10,119.85,120.1,0.1,1
mwUsUcI806o,UC08-hQbwh7eyr8PlaYG2-sQ,2026-08-07 10:00:24,14769,202,105,120.0,120.0,0.0,0
mwXwy4QUx4A,UCgLFbrC7-g0ihBKB0obVPTg,2026-08-07 16:01:53,0,0,0,119.97,120.22,0.03,0
mwY8cz3ILtw,UCyoKcrOcBEY4rmLYkDuXErA,2026-07-29 13:30:18,107467,1976,232,120.0,120.0,0.0,0
mwgk0_PRwqU,UCe9jDZNCsC4sH-Ln2Fn99FQ,2026-08-20 10:07:03,41,0,0,119.89,120.14,0.11,0
mxD4AunbzWM,UC1Ns07Rw0lQK-KuaPHfRRTw,2026-08-20 15:16:35,27,0,0,119.98,120.23,0.02,0
mxKiPSfxpeI,UCBW_PhuXoHk40xF6nO0Q64w,2026-08-30 22:04:09,27114,280,55,119.95,120.19,0.05,0
mxOCj5rXGaw,UCDmmbxGg8g-EBkC_ku6vybg,2026-07-13 10:00:29,13651,299,39,119.99,120.24,0.01,0
mx_RTn8aeaY,UCzVXdulvpgEoI8yuFMmhxJw,2026-08-05 12:23:00,44001,2261,31,119.87,120.12,0.12,1
mxicSFQIF1w,UC6pvGgQuZwKWlAQN50dU-wg,2026-08-02 13:17:05,9,1,,119.97,120.22,0.03,1
mxkdGvnq7Ms,UCaY7wcqhFb_c2eQ1eRB8rOQ,2026-08-26 10:00:19,21680,622,9,119.76,120.01,0.01,0
mxmQ0gtMQ9U,UCEuP8zMn3ln3ZqJa85dp9JQ,2026-07-24 08:45:38,6100,366,6,119.99,120.24,0.01,1
mxyEN4x5IyA,UCz1Gc37nWsdF_jbJ_SvMl4g,2026-07-30 10:43:33,22123,147,6,119.78,120.03,0.03,0
mxyJRxPDrgA,UC5ThQKdocwo_9UurfT5P_ww,2026-08-13 00:00:15,328221,3982,83,120.0,120.0,0.0,1
my-aDrMrBek,UChfA8Yu8dk5k78UzaM6tsRw,2026-07-23 10:22:22,40688,998,113,119.88,120.13,0.12,0
my0PFoI_opM,UCZRH94I89Ps7giJYeK6DlWA,2026-08-12 03:00:01,37161,592,70,120.0,120.0,0.0,0
my7-Xc_UbgU,UCI6Ro_MOr36re4Bhb7nCY7g,2026-08-20 10:00:09,10546,115,53,120.0,120.0,0.0,0
my8TP3yrkCo,UCt6Eo4xMTHhlOWg4_PAz_MA,2026-07-30 12:30:16,11842,133,9,120.0,120.0,0.0,0
myEGoV4crSc,UCBidluUUxzT_5jVOI_2x2MQ,2026-08-08 15:36:37,93,5,0,119.89,120.14,0.11,0
myKRm_0kmm0,UCWU2V62eLE3oQ7AjIGS2STQ,2026-08-27 12:30:00,2867,10,2,119.76,120.01,0.01,0
myZ8WohbbsA,UCS2OAdHoLt-9T6cG9A2H49Q,2026-07-28 09:13:42,40977,170,10,119.77,120.02,0.02,1
myfDE0anDNA,UC8chC5rneP-LHm43q-jF3oQ,2026-07-17 06:18:11,1326855,19892,305,119.95,120.2,0.05,1
mygc5gzJFpA,UC1dG3vI9FfHnH3YgyeKUz_A,2026-07-22 13:50:51,245243,1111,254,119.9,120.15,0.1,0
myiZYf6k51k,UC-FiQR2gg8oiNw98ZdsSX6Q,2026-08-02 00:00:10,945,6,0,120.0,120.0,0.0,0
myoVa8IOzHw,UCpCBP5cVIBvezPI1LKFMYjA,2026-07-12 01:00:21,18181,287,39,120.0,120.0,0.0,0
myqTl4IN15o,UCifCesg-EUkjKyQedaB3hRg,2026-08-05 17:13:51,274865,2309,5,119.77,120.02,0.02,0
myupZP2eFy4,UCirJgPv8RtFaFMj39b6cD8Q,2026-08-29 03:00:11,33079,179,2,119.76,120.01,0.01,1
mzCeIViKt2Q,UCDq6CfnZgtnqXEwG8tqvBfA,2026-07-15 17:48:36,42,0,0,119.94,120.19,0.06,0
mzNFYc3BSUc,UCv1tOT645xHOJrwdGlzjMaA,2026-07-26 03:13:51,166061,1193,9,119.77,120.02,0.02,0
mzS8ki8DgH0,UCab17MxxnFtAhGsJVTkSkCg,2026-07-28 04:06:36,2081,29,9,119.89,120.14,0.11,0
mza6Qpn29eI,UCEJF0q0SqEJ64uA9LCXuSrQ,2026-08-23 08:30:05,3047,94,39,119.76,120.01,0.01,1
mzl2zFVa630,UCdK9h1ILxS49c2LguBUY3rw,2026-07-31 11:30:07,9,2,0,120.0,120.0,0.0,0
mzmjodxLVhc,UCab17MxxnFtAhGsJVTkSkCg,2026-07-25 10:32:03,552,10,0,119.97,120.22,0.03,0
mztdZQMtsbQ,UCSzHok6X5qXEO7cjvVnE62g,2026-07-16 12:00:15,406741,5214,75,120.0,120.0,0.0,1
n-GVoMCzfn0,UC027x98NgUBw9K4aPT8k0mg,2026-07-21 12:00:22,6559,52,15,119.99,120.24,0.01,0
n-SAzHQ-z5Y,UC_yxsHiFh1_j174x4AxICSg,2026-07-26 08:20:08,33004,391,15,119.92,120.17,0.08,1
n-XRU2oxSBk,UChLqHuZV0PENIBYxDgXyPLQ,2026-08-07 07:51:23,82411,1144,32,119.9,120.15,0.1,1
n-bzWoeS_LE,UCt6Eo4xMTHhlOWg4_PAz_MA,2026-08-08 08:19:41,2420,29,0,119.93,120.18,0.07,0
n-hkq0VbKN0,UC1Ns07Rw0lQK-KuaPHfRRTw,2026-07-16 14:19:00,18,0,0,119.93,120.19,0.07,0
n-uG-e_78Nk,UC-okJdotaXPlzivRzHFqzuA,2026-07-27 05:00:03,97738,508,15,120.0,120.0,0.0,1
n-weSs9oaKQ,UCuwnt_REmD4YsCtFJRoqjFw,2026-07-28 04:13:31,74896,689,362,119.78,120.03,0.03,0
n-zoivLZs9w,UC-8S20Ll1gzPiu_YY8BgyaQ,2026-07-26 13:30:03,91384,619,67,120.0,120.0,0.0,0
n04VANP45mk,UCHeg3ApmuXQbqqszaD1fR9g,2026-08-04 02:00:00,21790,306,19,120.0,120.0,0.0,1
n0NbZ2kJMBA,UCuWDza8A_ntbjwBZgW0ZSNw,2026-08-13 08:00:30,13407,54,21,119.99,120.25,0.01,0
n0RelEOgT0o,UCY_vDlvG-BTDRIOk_I9QQ6g,2026-07-18 01:20:07,3127,26,1,119.92,120.17,0.08,0
n0abOWayTbw,UCX11f6rIVaoWGvFnKKyPBNQ,2026-08-06 19:31:44,17585,481,149,119.97,120.22,0.03,0
n0hhACNbJy4,UCD9tj7ATjYkyPyWXK_ewNXQ,2026-08-21 23:05:20,531,11,5,119.92,120.17,0.08,0
n0jNpicMFp8,UCFVRXOqBeh8ynDdYWztewXg,2026-07-27 10:00:32,10692,136,26,119.99,120.24,0.01,0
n0m8KmCt3sY,UCF7IBIvHZ2be4Ufo8i0uHBw,2026-08-04 09:00:25,47400,397,63,120.0,120.0,0.0,0
n0mg5GpMTEE,UCZCZHg_oJiHcrcj2vaPRCag,2026-08-28 23:22:00,128,0,0,119.89,120.15,0.11,0
n11ZprpC-_8,UCPa8JSV9SPAjX7P2S-N5ssg,2026-08-22 15:00:20,16123,739,44,119.76,120.01,0.01,0
n1GkbLToduc,UCt8CJiye87FMbEwt0npPMuQ,2026-08-25 16:30:05,1635,39,7,119.76,120.01,0.01,0
n1GvYusD4sY,UC8CZL4cvFiKwKKDNCuM2lTA,2026-07-17 08:45:51,41678,412,97,119.99,120.24,0.01,0
n1N22ixkcHw,UCb08r5yPoH-AqM7_XCL4Uhg,2026-08-19 08:00:04,2229,62,77,119.76,120.01,0.01,0
n1T1h-1ynfk,UCJpAwvQaZyCI5spAz7tipGA,2026-08-09 08:30:09,369214,1934,339,120.0,120.0,0.0,0
n1XrTAg0b0E,UCzDmGDR5RdahQkLCBoWlTEg,2026-07-20 15:05:38,29540,75,28,119.91,120.16,0.09,0
n1b6m7H4MnM,UCnhGcri8x6xhehanhAe9ipw,2026-08-04 11:00:27,97261,874,63,120.0,120.0,0.0,0
n1fUIGbg9KI,UCqPN9LAkx20aBWOafwvQB-Q,2026-08-04 23:00:19,40313,1821,115,120.0,120.0,0.0,0
n1i5JVd9h9k,UCyoKcrOcBEY4rmLYkDuXErA,2026-08-09 14:00:36,170906,2638,304,119.99,120.24,0.01,0
n27NEUQOWPw,UCz5LAkkX66OAW-y_WiWf9vA,2026-08-16 07:49:04,34,1,0,119.94,120.19,0.06,0
n2V2dqs2uOI,UCEg24oF81p-THPtp3otdmTA,2026-07-20 10:14:14,106236,1923,38,119.76,120.01,0.01,1
n2Xuor9NjNI,UCw1DsweY9b2AKGjV4kGJP1A,2026-07-14 10:06:02,36020,1676,165,119.9,120.15,0.1,0
n2ZK8lopylY,UCdoTrHNHnoRbaQenxK5PEUg,2026-07-23 02:30:28,49,1,0,119.99,120.24,0.01,0
n2yc5ngoO_E,UCab17MxxnFtAhGsJVTkSkCg,2026-08-24 10:20:24,3047,25,1,119.92,120.17,0.08,0
n3LpX9NiLfA,UCzSODDx0zQF3nxXOZISCm_w,2026-08-06 09:30:02,956,3,1,120.0,120.0,0.0,1
n3PV-EEvgxw,UCCd3jyJmOFzkJEMj5Bp89rw,2026-07-16 19:00:20,2198,88,2,120.0,120.0,0.0,1
n3PabbyE53w,UCOTJtP0Z9DjpPU43B5m1V6A,2026-08-31 05:00:13,463494,1941,58,119.76,120.01,0.01,1
n3Tn4Wl-tUY,UCy8wtBLOSzpRSTXdC_te9Qw,2026-08-14 04:23:45,1263,6,4,119.86,120.11,0.11,1
n3l0w_PN__c,UC2yOBpLVwB7kzt9C5ZPbB7w,2026-08-08 04:00:12,102275,1108,60,120.0,120.0,0.0,1
n4L_1ad1uxE,UCt8CJiye87FMbEwt0npPMuQ,2026-07-15 13:39:05,4160,133,12,119.85,120.1,0.1,0
n4bHdW9xq-g,UC59jWhPazXYi8Ny4vake45A,2026-08-03 11:19:15,69684,1645,24,119.93,120.18,0.07,1
n4dXzuuA3wM,UCKUUL3fMVvYVZdGkKhhjP0A,2026-08-13 01:41:33,88087,1259,20,119.81,120.06,0.06,1
n4kWktg7z_4,UCP4LFmTW3VGxXSJ1pIA-tfw,2026-08-13 11:57:15,4,0,0,119.8,120.05,0.05,0
n4qI2frL4lo,UCaY7wcqhFb_c2eQ1eRB8rOQ,2026-08-20 10:00:23,20212,415,15,120.0,120.0,0.0,0
n4snd7pJznc,UCjOtzpfj5lF9erwTEQYkxtQ,2026-08-19 03:00:38,33180,564,30,120.0,120.0,0.0,0
pa9AHjRQVaI,UCV6mNrW8CrmWtcxWfQXy11g,2026-08-05 14:00:22,239934,10593,123,120.0,120.0,0.0,1
paCvTpVc_EQ,UC8CX0LD98EDXl4UYX1MDCXg,2026-08-16 13:00:08,104822,4378,202,120.0,120.0,0.0,1
paHbBCFMn-k,UCyAA-Vj4ORjXl5Ui2m6_Llw,2026-08-11 10:30:29,2572,17,8,120.0,120.0,0.0,0
paRheVVL50U,UCPGl9DV2WUgaqGVXtVrhJWQ,2026-08-05 15:00:03,5,0,0,120.0,120.0,0.0,0
pacvfnJ5RXw,UCVipGmBXqbYKNODNzVCN86w,2026-08-25 14:05:38,9324,165,6,119.92,120.17,0.08,1
paty_iB2GYw,UCAVR6Q0YgYa8xwz8rdg9Mrg,2026-08-21 10:00:21,66545,4084,21,119.76,120.01,0.01,1
pbP5vamQhK0,UCPuD5ZRQWa_JCaY5NokNhtg,2026-08-28 02:58:42,3061,10,6,119.78,120.03,0.03,0
pbaOXQHkUqI,UCeKjmFzU-Jlqg7diwzf2Udw,2026-07-23 03:55:54,8,0,0,119.82,120.07,0.07,0
pbaZu06CNjU,UCpwGBltfwjd_fIzp5cb5R0w,2026-08-29 00:30:08,462034,2476,381,119.76,120.01,0.01,1
pbcmgrY7BJw,UCRltQqhqu9nXMRLaX0f8Cow,2026-08-02 07:31:10,1743,57,22,119.98,120.23,0.02,0
pbg1rY3Ugwg,UCsRiYH-VrZ2mYsohk7GhLdQ,2026-07-18 08:28:10,250892,7362,711,119.78,120.03,0.03,1
pbiSRc_aQ2M,UCw1DsweY9b2AKGjV4kGJP1A,2026-08-04 12:15:32,268546,677,36,119.99,120.24,0.01,1
pbnlFT7BHoQ,UCt8CJiye87FMbEwt0npPMuQ,2026-07-13 16:00:15,7240,343,21,120.0,120.0,0.0,0
pbtmyUaosWw,UC59jWhPazXYi8Ny4vake45A,2026-08-21 06:00:36,44919,1059,25,119.75,120.01,0.01,1
pc1zymcBSvM,UCAl4HWznMn7KhKBRFO5eiFA,2026-07-26 15:38:30,3850,14,0,119.86,120.11,0.11,1
pc6aHC2-pRE,UChLqHuZV0PENIBYxDgXyPLQ,2026-07-30 01:21:24,2408,63,36,119.9,120.15,0.1,0
pc9t1c02si8,UCzDmGDR5RdahQkLCBoWlTEg,2026-08-31 04:00:34,35335,247,4,119.75,120.01,0.01,1
pcBJlp9qGRc,UCBmPfbqvGwTTfrV-H_UOfdw,2026-08-04 22:06:59,130516,3238,39,119.89,120.14,0.11,1
pcQQQOv9_c8,UCdb5lyq0tWbY3jqH35SufmA,2026-08-21 22:30:15,41732,271,70,119.76,120.01,0.01,1
pcS44I94hLU,UCi1Tln5CFg1yExpz8djyxjA,2026-08-31 17:56:08,355286,17585,178,119.83,120.08,0.08,1
pcVbCXvpeFE,UC5WN-znPsJK0BbA8aHxZHWQ,2026-07-23 13:00:40,2141,22,2,119.99,120.24,0.01,1
pdHpnGnN_C4,UCaMV-CjrWYh2Aefg_8iLwJQ,2026-08-27 09:30:39,136921,281,50,120.0,120.0,0.0,0
pdLV-xIZW4A,UCdm06VHBWF5Mg5kYxffzikw,2026-08-13 02:37:50,4687,50,9,119.87,120.12,0.12,0
pdiwFG1fGpM,UCnhGcri8x6xhehanhAe9ipw,2026-08-19 11:15:36,16858,161,41,120.0,120.0,0.0,1
pdu4tY1fnsg,UCrKSaegnzewdj9-YLsUhoZw,2026-08-19 23:43:49,5313,26,14,119.77,120.02,0.02,0
pdwQdWC4lYw,UCJJZkVUNIxq8XNDzHiAD-eQ,2026-08-20 09:16:30,63761,355,85,119.98,120.23,0.02,0
pe5XNitsE1c,UCpI-AhCT02iQRGLC2ZcY0Jw,2026-07-23 06:15:01,34327,402,616,120.0,120.0,0.0,0
peDOBuNnRxE,UCGX5t-qAZjL4xl5xZ36Md5g,2026-08-15 09:00:08,4976,249,21,120.0,120.0,0.0,0
peEMV6T1iDs,UCY9MrcOJikcf3Xux9WOwRHA,2026-07-30 14:40:48,36,0,0,119.82,120.07,0.07,0
peFeBeovEmI,UCSzHok6X5qXEO7cjvVnE62g,2026-08-18 10:00:34,42217,225,23,120.0,120.0,0.0,0
peLZ-XTIRVA,UCnhGcri8x6xhehanhAe9ipw,2026-08-14 09:15:03,3641,27,27,120.0,120.0,0.0,0
peWbEwHuz0U,UC4P7F8qenDo1O_5NvgBb_cg,2026-08-17 02:30:37,81876,808,111,119.99,120.24,0.01,0
peZwHyNbE9Q,UC98cAx2X3X7BePkuk7NuKKA,2026-08-04 18:04:18,0,0,0,119.93,120.18,0.07,0
peavdI7Tm-8,UCt8CJiye87FMbEwt0npPMuQ,2026-08-13 13:30:25,1625,30,3,120.0,120.0,0.0,0
pedbxJGgaIg,UCZ-B_El841ME7qGXvYinGmw,2026-07-28 11:00:24,4904,86,17,120.0,120.0,0.0,0
peiCyUILiZo,UCkrJBQAut47U8xMUuv8D_3g,2026-08-25 14:54:16,263494,2647,79,119.86,120.11,0.11,1
pf6bxwku1ow,UC_9W6Z5Y3lDpLk47Y_y5ITQ,2026-07-25 16:54:19,10821,134,15,119.85,120.1,0.1,0
pfHGbRB3Qpo,UCJDXc9JWCZo-nLNKr_-L2Ng,2026-08-09 17:03:04,1680,72,4,119.95,120.2,0.05,0
pf_z1F2vG1U,UCeOXoe4zJCBTBwHN1M_djUw,2026-08-22 19:00:22,660,7,0,119.76,120.01,0.01,0
pfeM-ctO6Ns,UCBA9XaL5wCdHnC5EmEzwrqw,2026-08-31 09:42:25,1229994,4838,487,119.81,120.06,0.06,0
pfew8Vw-4AE,UCfQOeRevRI14uNqluiJ7TeQ,2026-08-17 08:00:27,25,2,0,120.0,120.0,0.0,0
pffaXKzc1ws,UCQ9eDVhFn_jq7eTpjf21ouA,2026-08-15 09:13:36,125775,1695,144,119.78,120.03,0.03,0
pfgrFcBHwEg,UCt15X5eHLwyP8PpNtQTkuDQ,2026-08-06 11:45:15,216369,2012,541,120.0,120.0,0.0,0
pfhF_tq60lc,UCNrQ0VbdprXAur6OZKexjEw,2026-08-05 08:00:26,37946,550,111,120.0,120.0,0.0,0
pfwx_3GO9rQ,UC5Yx9RlmznXDUEIrfoSqheA,2026-08-04 18:11:36,5836,42,0,119.81,120.06,0.06,0
pfyQO5Gquro,UCuwnt_REmD4YsCtFJRoqjFw,2026-08-04 06:33:04,53545,514,137,119.95,120.2,0.05,0
pg435foBgZs,UCD8r5Jgns2V64-NcUmXclpg,2026-07-22 03:15:19,65854,365,79,120.0,120.0,0.0,0
pgGkmElo0VM,UCcsC1X0SyiWcxBTbnjoZ9Ag,2026-08-08 04:00:05,9170,61,17,120.0,120.0,0.0,0
pgPqXDKqlbA,UC_8GOc5dWX2Kpb74_nQ7vSQ,2026-08-09 04:02:17,71097,2418,202,119.97,120.22,0.03,0
pgTg3LnB73w,UCbYO4SBywZ2oWv1u309oWmQ,2026-08-14 10:00:12,128110,1457,48,120.0,120.0,0.0,1
pgfVCWae3j4,UCY_vDlvG-BTDRIOk_I9QQ6g,2026-08-22 23:48:12,2037,39,0,119.96,120.21,0.04,0
pgrQ2NXfB6U,UC5RxNUZ9_c94ZEfJGnJZmTw,2026-08-10 12:00:20,3203,112,31,120.0,120.0,0.0,0
pgtDQ2w1n6I,UCB4gIGaPUiLtpPreFSf8fKQ,2026-08-29 03:45:13,15832,39,8,119.76,120.01,0.01,0
phA876KdtWI,UC2_VPutZK0o_tG8ca_QrQRA,2026-08-27 09:24:08,73128,,32,119.86,120.11,0.11,0
phHQJNR_2rs,UCOTJtP0Z9DjpPU43B5m1V6A,2026-08-24 05:00:38,289999,1665,46,120.0,120.0,0.0,1
phLqHb6AY60,UCV7WE8I_UiAN0fa6Arezx_w,2026-08-21 01:00:07,26,1,0,119.76,120.01,0.01,0
phMajs-e4b4,UCgLFbrC7-g0ihBKB0obVPTg,2026-07-22 15:54:55,0,1,0,119.84,120.09,0.09,0
phRWfCroAaM,UC0PMQXAwF6O6aeTpv962miA,2026-08-05 17:00:37,9669,533,50,119.99,120.24,0.01,0
phl7sR2zbM0,UCV7WE8I_UiAN0fa6Arezx_w,2026-08-07 14:00:13,28,0,0,120.0,120.0,0.0,0
phqVLh8ZqmA,UCO8ToDSM2Gvt3EZdOdosxTw,2026-08-29 09:05:39,24928,658,69,119.92,120.17,0.08,0
pillLICcEnw,UC-aXNBQ6nwMNeW2V8XB7sBg,2026-07-31 03:00:04,61192,1131,21,120.0,120.0,0.0,1
pioM5Nh83ig,UC5ThQKdocwo_9UurfT5P_ww,2026-08-08 10:33:26,231747,3105,58,119.95,120.2,0.05,1
pipUxMtiHvI,UC9M8GGVwPqc9ubNruArCNPg,2026-08-19 12:00:02,4766,91,5,119.76,120.01,0.01,1
pizVxoREcDY,UC8FErYSi74YwGUAoTpjvgzQ,2026-07-24 03:30:01,12050,58,3,120.0,120.0,0.0,1
pj8FMj05WHA,UCz4b1O9sT73P8DWwx6OvQwg,2026-08-26 07:00:02,16845,211,23,119.76,120.01,0.01,0
pjDFcHwRCAg,UC7hwQp3F6P_OwyRM14p88iQ,2026-07-26 15:48:51,51562,333,0,119.94,120.19,0.06,0
pjFWPU0G2X4,UCQfISxq5legTqOt1h1us6lg,2026-08-24 13:57:26,4704,24,0,119.8,120.05,0.05,0
pjHkmIV4R58,UCfIUuMA7U_jImP7oWfTe4Pw,2026-07-11 08:43:10,333411,1997,352,119.78,120.03,0.03,0
pjapbUTaFhg,UC5ThQKdocwo_9UurfT5P_ww,2026-08-08 04:31:30,122499,1979,55,119.98,120.23,0.02,1
pjpiR-Dr_44,UCElXDMEQqlUnuyDbChjARWQ,2026-07-29 09:30:23,34,0,1,120.0,120.0,0.0,0
pjrXJCCow88,UCZRH94I89Ps7giJYeK6DlWA,2026-08-20 03:00:33,31286,479,62,120.0,120.0,0.0,0
pk473Zj3CX8,UCYMXFMiaGBnZ08-wBHS2MPQ,2026-08-15 06:37:31,5123,41,3,119.88,120.13,0.12,0
pkAdeheG_9I,UCwBkHOTyu57NQi0syf5MLig,2026-08-22 06:16:59,463706,2409,144,119.98,120.23,0.02,1
pkGaSaQfFOk,UCJ_skdHPp19J9qGsgXxjMnA,2026-07-30 08:00:03,5619,119,20,120.0,120.0,0.0,1
pkIWprcsEEo,UCAl4HWznMn7KhKBRFO5eiFA,2026-08-23 11:36:41,29034,221,6,119.9,120.15,0.1,0
pkQGL-V73PA,UCbFzvzDu17eDZ3RIeaLRswQ,2026-08-07 11:37:12,572359,5809,573,119.88,120.13,0.12,0
pkX19MHWF0c,UCrKSaegnzewdj9-YLsUhoZw,2026-07-17 23:18:58,16239,120,44,119.94,120.19,0.06,0
pkfHlAsImPY,UCULRVjf5z_WoR106msn8HoA,2026-08-04 23:37:11,16639,304,73,119.88,120.13,0.12,0
pky0A5v7nqE,UCWZqSCSNZT3X8e_HyCJoXMg,2026-07-11 11:52:17,3094,88,23,119.88,120.13,0.12,0
plDC_I3lVO4,UCdb5lyq0tWbY3jqH35SufmA,2026-08-04 05:40:02,12622,42,12,119.84,120.09,0.09,1
plQ1fBjEL4c,UCFCt5RYu41HTg4eX1jdHNxw,2026-08-16 23:34:20,2316,20,1,119.93,120.18,0.07,0
u73dpYlQV0Y,UCnhGcri8x6xhehanhAe9ipw,2026-07-16 01:01:31,15276,244,31,119.98,120.23,0.02,0
u77FQvUw8J8,UCPsZX-D7LW99PjZLA-UysPQ,2026-08-18 00:00:31,1329,17,4,119.99,120.24,0.01,0
u7HbpMe33I8,UCOTJtP0Z9DjpPU43B5m1V6A,2026-08-30 12:00:07,343057,2307,131,119.76,120.01,0.01,1
u7ITSCaqQ-c,UCVZ0SJNurJAv-6hV5VEGB2A,2026-08-01 02:00:27,82300,1455,371,119.99,120.24,0.01,0
u7bNY3iaT5Q,UCnCH3Uhv_ynhTNKEH6ekRtg,2026-07-29 04:21:46,10587,138,24,119.89,120.14,0.11,0
u7y5auIGtXI,UCkphwoGMBs2_0raLOqu9aQw,2026-08-03 12:00:15,77,2,11,120.0,120.0,0.0,0
u80B3rlA5WQ,UCt8CJiye87FMbEwt0npPMuQ,2026-07-30 19:00:36,7624,273,20,119.99,120.24,0.01,0
u80BVDdMemo,UCYjNEoVziojh1ZCum1q0PNQ,2026-07-26 01:15:17,34613,581,21,120.0,120.0,0.0,1
u89PVj85PNc,UCV6mNrW8CrmWtcxWfQXy11g,2026-08-19 02:29:21,22362,540,6,119.77,120.02,0.02,0
u8Heb-Q0Brw,UCApYlKNymyHZ9dlOCImFVBg,2026-08-13 12:21:46,6190,232,1,119.89,120.14,0.11,0
u8Qtgfkk3IA,UCifCesg-EUkjKyQedaB3hRg,2026-08-03 00:57:58,15403,674,18,119.79,120.04,0.04,1
u8d4dJ8P5LE,UCqyzJW0VRYRP_sFELZYdxGg,2026-08-21 08:00:24,9537,72,2,119.76,120.01,0.01,1
u8jENVfSVxc,UCw1DsweY9b2AKGjV4kGJP1A,2026-08-04 13:00:19,57603,851,171,120.0,120.0,0.0,0
u8wHT9uBLXo,UC6JTm9ObvQFuTEOxOsbmYwA,2026-08-16 09:00:05,49300,857,75,120.0,120.0,0.0,0
u94qaWeV-nc,UCdQHEqTxcFzjFCrq0o4V7dg,2026-07-26 23:45:17,48749,2800,227,120.0,120.0,0.0,0
u96k9j4s-Gk,UCvAetSOU_4lyjM5hVMNzN0Q,2026-08-13 16:40:37,186704,1457,129,119.83,120.08,0.08,1
u9Eu449Gy6E,UCwBkHOTyu57NQi0syf5MLig,2026-08-14 13:35:52,118325,989,231,119.9,120.16,0.1,0
u9LVS7y461U,UC2yOBpLVwB7kzt9C5ZPbB7w,2026-07-29 20:00:39,89272,1219,35,119.99,120.24,0.01,1
u9MKUU8XVVY,UCwBkHOTyu57NQi0syf5MLig,2026-08-16 12:27:45,98447,718,178,119.79,120.04,0.04,0
uAK5c7egEmk,UCSzHok6X5qXEO7cjvVnE62g,2026-08-11 08:00:06,34689,181,38,120.0,120.0,0.0,0
uAmrcE_eaYA,UCGX5t-qAZjL4xl5xZ36Md5g,2026-08-06 09:00:01,4507,233,33,120.0,120.0,0.0,0
uAzf06iXfgc,UCV6mNrW8CrmWtcxWfQXy11g,2026-08-28 13:00:38,1503491,31870,808,120.0,120.0,0.0,1
uB0jWq2V3x4,UCe0loHR-Vltq0GPHgYyzmrQ,2026-08-25 07:00:34,323,6,3,120.0,120.0,0.0,0
uB3Y2ORqaaw,UCGa52d8Qlv3THghuCAt_nXA,2026-07-28 08:30:15,28621,267,8,120.0,120.0,0.0,1
uBXSdW3FkBg,UC4oe-OVZ2Ho-03yrMkrXomQ,2026-08-28 05:00:38,345610,6793,232,120.0,120.0,0.0,1
uBewoq21e8Q,UCNNR1-x2NhZARsNGnQlh2sQ,2026-08-02 08:45:25,75627,295,73,120.0,120.0,0.0,0
uCAbrBxfBtk,UCpwGBltfwjd_fIzp5cb5R0w,2026-08-08 00:30:23,911784,11585,379,120.0,120.0,0.0,1
uCQ82OY0_j4,UCEg24oF81p-THPtp3otdmTA,2026-07-17 10:00:18,54309,1562,64,120.0,120.0,0.0,0
uCQa1VHbSZY,UCcum1rCJ5GJeQ_xv0xrohqg,2026-08-06 04:02:24,23070,732,27,119.96,120.21,0.04,1
uCYx6kXHYmY,UCX11f6rIVaoWGvFnKKyPBNQ,2026-08-21 22:56:26,10676,367,6,119.82,120.07,0.07,0
uCd_11WdQLQ,UC2f8VfmEF2_0-rFN4RNHaNg,2026-08-20 03:51:46,4434,70,19,119.89,120.14,0.11,0
uCmX65vApmE,UCzHnjIeMxo1gViogzN9xMLw,2026-08-14 02:37:02,718,23,5,119.89,120.14,0.11,0
uCyJrXI29lU,UCOTJtP0Z9DjpPU43B5m1V6A,2026-07-25 05:10:09,335818,2204,60,119.83,120.08,0.08,1
uDGjurbckdI,UCM7ccuD_XdAXSTuhVrLUo9A,2026-08-09 12:20:41,7,1,0,119.91,120.16,0.09,0
uDJPnLTjUgU,UCw1DsweY9b2AKGjV4kGJP1A,2026-07-12 12:30:00,445631,5842,404,120.0,120.0,0.0,0
uE11JVSSrnA,UC78d2aaqdrt02RfmtRLmlAw,2026-08-04 14:10:56,18308,681,245,119.82,120.07,0.07,0
uE5JCHNphKU,UC-8S20Ll1gzPiu_YY8BgyaQ,2026-08-26 13:00:09,118752,632,67,119.76,120.01,0.01,0
uE6A1MueX6k,UCuXE-MdbuaZcPt_2J2kSsSQ,2026-07-12 05:59:00,155,2,0,119.77,120.02,0.02,0
uEH6rmdS35E,UCt8CJiye87FMbEwt0npPMuQ,2026-08-27 19:44:57,22647,343,16,119.76,120.01,0.01,0
uELVqeyFj6Y,UCbItyvYa6cqvqtwlU2E9-wA,2026-08-03 22:38:11,12553,542,37,119.87,120.12,0.12,0
uEQSVG6TF3s,UCBtJuwDt6LlXp2YASC-ZMdA,2026-08-22 03:00:38,1522,8,0,120.0,120.0,0.0,1
uEQeXZc-oDU,UCbItyvYa6cqvqtwlU2E9-wA,2026-08-19 13:42:49,6713,346,8,119.8,120.05,0.05,1
uER5x88Emu4,UCYJDUekoQz0-bo8al1diLWQ,2026-08-21 09:07:13,422277,5547,519,119.89,120.14,0.11,0
uEZIWoeLPJ0,UCpX86JOUhnrzG7MK8e8Gjbw,2026-08-15 03:17:03,23184,146,129,119.97,120.22,0.03,0
uF6C7ZKis7g,UCz5LAkkX66OAW-y_WiWf9vA,2026-08-09 07:04:19,50,0,0,119.93,120.18,0.07,0
uFEcaAAH-uY,UCN7FA8FwikP2p5Vrs5kiivw,2026-07-31 00:00:32,27182,539,12,119.99,120.24,0.01,1
uFLWBj5mNUc,UCd6CX2LiQE2dEAPXwk2N0jg,2026-08-21 12:03:46,343914,4864,238,119.95,120.2,0.05,0
uFPEJxt1vig,UCzSODDx0zQF3nxXOZISCm_w,2026-08-03 11:30:10,39,3,0,120.0,120.0,0.0,1
uFiAt9Jg1e0,UCAZVLirygDNDfCNfyIVnTWA,2026-08-23 19:31:12,507,19,1,119.99,120.24,0.01,0
uFq_f-MWMKc,UCHJv9xBR9lkzGSIepie-T_A,2026-07-25 23:18:46,1894,30,1,119.94,120.19,0.06,0
uFsqv6yW-Lc,UCEebX3m88Arwc91LPmEmTYQ,2026-08-23 20:22:06,6787,348,20,119.89,120.14,0.11,0
uG2YAy06xds,UCJDXc9JWCZo-nLNKr_-L2Ng,2026-08-29 19:00:30,2458,81,3,120.0,120.0,0.0,0
uG6Endv5L1U,UCPGl9DV2WUgaqGVXtVrhJWQ,2026-07-22 13:39:23,1,0,0,119.85,120.1,0.1,0
uGCxABN1cac,UC1dG3vI9FfHnH3YgyeKUz_A,2026-07-16 12:10:20,237381,1338,670,119.83,120.08,0.08,0
uGRN5XDASZ0,UC8CIM3d3zDYMk-3T5aAz0yw,2026-08-05 08:15:28,313211,12989,216,120.0,120.0,0.0,0
uGYj9kaVYsU,UCs0LzOveQMLImmmTrMmP2sg,2026-08-02 13:19:06,50981,238,31,119.93,120.18,0.07,0
uGZbA-KF1HM,UCPsZX-D7LW99PjZLA-UysPQ,2026-07-27 00:00:23,495,9,0,120.0,120.0,0.0,0
uGnYwidrs0g,UCV6mNrW8CrmWtcxWfQXy11g,2026-08-03 16:00:24,211173,5433,68,120.0,120.0,0.0,1
uGv6aoirv2g,UC-2JsFNClcIesgd7UmtGnpw,2026-08-16 02:00:01,118934,2583,57,120.0,120.0,0.0,1
uH3gT-zTvQA,UCO94iFhOhtdGb4Ze5DUAtbw,2026-08-23 02:00:32,4400,112,37,120.0,120.0,0.0,0
uHEX2OUO-Lo,UCwBkHOTyu57NQi0syf5MLig,2026-08-13 06:00:26,95596,611,64,120.0,120.0,0.0,1
uHNdIw0mPqE,UC8FErYSi74YwGUAoTpjvgzQ,2026-08-30 11:01:31,35002,463,45,119.99,120.24,0.01,1
uHZ_DjbsIQk,UCSzHok6X5qXEO7cjvVnE62g,2026-08-12 10:00:07,73383,363,46,120.0,120.0,0.0,0
uHjcwUvCkkM,UC2NFRq9s2neD_Ml0tPhNC2Q,2026-07-14 02:30:18,230024,3198,201,120.0,120.0,0.0,0
uHx9dHH8mxw,UCdK9h1ILxS49c2LguBUY3rw,2026-07-22 11:15:18,1,0,0,120.0,120.0,0.0,0
uIDA_32zyE8,UCWwbZhw5M-Q5dZtTK4nDWNw,2026-07-27 09:00:30,14604,206,31,119.99,120.24,0.01,0
uIJ1jKBr_ic,UC46X_E7jxvJ1O_3gnaeCxeg,2026-07-12 00:45:16,35634,319,36,120.0,120.0,0.0,0
uIMXj8I1WiU,UCQfISxq5legTqOt1h1us6lg,2026-07-25 18:10:36,5115,10,0,119.83,120.08,0.08,0
uIQd3O2hlpo,UCXg-6b0X0sIMBDHhbyBuOQg,2026-07-29 11:00:34,14292,348,10,119.99,120.24,0.01,0
uIi6Jv1AtRU,UCo33r3SAf5z9MS-lrXV2aOQ,2026-08-11 07:45:09,77171,1315,139,120.0,120.0,0.0,0
uIiRukmvj6w,UCifCesg-EUkjKyQedaB3hRg,2026-07-31 00:39:42,27339,685,5,119.84,120.09,0.09,1
uIj3V-3jQkM,UCzDmGDR5RdahQkLCBoWlTEg,2026-08-13 03:00:39,6472,39,1,119.99,120.24,0.01,1
uIt7620NJak,UCw1DsweY9b2AKGjV4kGJP1A,2026-08-10 08:02:32,51048,232,53,119.96,120.21,0.04,0
uJ4OPWcsY5o,UCdXpKf3aIenvWkMbF3EvcQg,2026-08-22 09:00:40,4692,132,40,120.0,120.0,0.0,0
uJ5sy6kV5I0,UCuXE-MdbuaZcPt_2J2kSsSQ,2026-07-18 14:09:31,993,2,0,119.84,120.09,0.09,1
uJGoORmLUFA,UCR0aLp4aIvxS07g6rGWZr_g,2026-07-29 06:45:14,29560,219,151,120.0,120.0,0.0,0
uJHgFiDVnUg,UCS3_H_feQRm4QbXipKTvSrw,2026-08-28 12:00:10,51400,363,143,119.76,120.01,0.01,0
uJPX2zO1WKc,UClFSQxcVutJFEI9nCAOOkgQ,2026-08-27 17:25:07,936,,5,119.84,120.09,0.09,0
uJdhbsj6gYA,UCIvLQ5lZ2kebqnLaGv_FP4w,2026-08-15 09:45:00,7984,60,60,120.0,120.0,0.0,0
uJl0g49DeNg,UCbvvdVOF0teLO-U6GWh1RKg,2026-08-14 00:06:13,750,3,3,119.9,120.15,0.1,0
uJm7CXlf644,UCqIwPYLfMd3EoWYwvyTjPnA,2026-07-25 23:00:00,13500,103,3,120.0,120.0,0.0,0
wqAWd_j2gag,UCyz5WVrb-cz3myY04x_kVYw,2026-08-13 10:00:02,180,6,2,120.0,120.0,0.0,0
wqHVadCgPlU,UCdK9h1ILxS49c2LguBUY3rw,2026-08-21 11:45:12,8,2,0,119.76,120.01,0.01,0
wqKlnRvdSlI,UCg5Ew4lj74r_ohbc4AeQj1w,2026-08-01 04:58:34,170213,3003,71,119.78,120.03,0.03,1
wqX0_Eg8dOw,UCrXfM4HsibSucC_NlIY7v0Q,2026-08-25 08:30:19,3825,80,55,119.76,120.01,0.01,0
wqgn8uHYUho,UCAl4HWznMn7KhKBRFO5eiFA,2026-07-27 10:00:37,15707,204,11,119.99,120.24,0.01,1
wqjGxvoaeUI,UCuwnt_REmD4YsCtFJRoqjFw,2026-07-11 10:07:31,25831,259,60,119.88,120.13,0.12,0
wr23rdqQqHs,UCeAsj1O73pcqd-xQ4AZbJeQ,2026-08-02 13:55:16,407,3,4,119.83,120.08,0.08,0
wr3r7yGBUk8,UCOTJtP0Z9DjpPU43B5m1V6A,2026-08-08 12:00:20,267644,2149,76,120.0,120.0,0.0,1
wrA_gNwqQN4,UCNRnCc0hg3ZcKdOGXKKv5Ww,2026-08-15 09:15:19,3319,50,14,120.0,120.0,0.0,0
wrDMV8LNSFQ,UCT-UsvGz4gm7lezXvCEex9A,2026-08-21 08:00:03,3308,61,7,119.76,120.01,0.01,1
wrKI6YBgPAE,UC-2wa6jvprl7hfCpvw0ULzg,2026-08-25 08:00:24,54534,681,44,119.76,120.01,0.01,1
wrVpdH8UOiE,UC3kVT7zilzGf_7fIEkc4dDA,2026-08-10 08:00:31,36569,901,108,119.99,120.24,0.01,0
wrhA7M6gFfE,UCtGMgPWJNU2Aj-SNK0zg0Sg,2026-07-23 16:34:51,2069,18,0,119.92,120.17,0.08,0
wruhJRVY-5A,UCfHlKp8w7IxpObWnHJtYRnQ,2026-07-31 08:39:00,2193,36,7,119.85,120.1,0.1,1
wsc-03_EatY,UCt8CJiye87FMbEwt0npPMuQ,2026-08-28 15:30:18,16655,132,8,119.76,120.01,0.01,0
wskv4quaZhQ,UCrdRt77s53QWevhMYX-8UPg,2026-08-13 01:14:40,39820,72,16,119.76,120.01,0.01,1
wt16iKmWwmY,UCV7WE8I_UiAN0fa6Arezx_w,2026-07-18 10:00:07,168,3,0,120.0,120.0,0.0,0
wt63OPWJY3c,UCSgvQDek_7CQj08fu7kp1Iw,2026-08-21 09:00:17,139603,2801,939,119.76,120.01,0.01,0
wtbEIL7XHS8,UC8aCmG_y4DqqVI9Xlcym1Jg,2026-07-28 22:30:11,735,42,2,120.0,120.0,0.0,0
wtc7yHXzcP0,UCT_AS9Vfdi1RLtP4MIeIZow,2026-08-25 21:23:49,39,2,0,119.86,120.11,0.11,0
wtcPKlHlxns,UCAVR6Q0YgYa8xwz8rdg9Mrg,2026-08-03 10:00:28,90572,5049,103,120.0,120.0,0.0,1
wty_I-IgkI4,UC8aCmG_y4DqqVI9Xlcym1Jg,2026-08-23 22:13:54,9562,282,15,119.78,120.03,0.03,0
wu8ZujMNfY4,UChI9sq2ifMFu5L8iJ582F_A,2026-07-23 14:51:13,6,0,0,119.9,120.15,0.1,0
wu9zhM9vQ6k,UChI9sq2ifMFu5L8iJ582F_A,2026-08-11 12:56:19,15,0,0,119.81,120.06,0.06,0
wuB4Gye4fAg,UCZaNYFjF_SRRJPVuGX7yMjQ,2026-08-14 12:02:56,1,1,0,119.95,120.2,0.05,0
wuH2BvMQB8w,UCFHUplScMiWTjJrtv4hxWmg,2026-08-02 07:00:07,30463,242,50,120.0,120.0,0.0,0
wuNDf2OA6fs,UC2U8C7lmbQpfBeAW8fTP_jg,2026-08-07 05:38:44,53164,879,76,119.86,120.11,0.11,0
wugnrj_n5zk,UCt8CJiye87FMbEwt0npPMuQ,2026-07-27 15:00:33,2793,70,9,119.99,120.24,0.01,0
wuwLBCaWfPk,UCJDXc9JWCZo-nLNKr_-L2Ng,2026-08-30 20:00:20,12175,136,16,119.76,120.01,0.01,0
wuy57fZqFvo,UCV6mNrW8CrmWtcxWfQXy11g,2026-08-10 16:00:35,28104,948,35,119.99,120.24,0.01,1
wuzwmrcUoO0,UCTUnpbuKoOODvhLhCO_kO_A,2026-07-25 06:00:29,1525,7,0,119.99,120.24,0.01,1
wv54FwMHjn4,UC9nWoDbRAl3-fvreBNeStKQ,2026-07-27 16:46:06,3694,24,1,119.98,120.23,0.02,0
wvSjrlXCk3g,UCzDmGDR5RdahQkLCBoWlTEg,2026-08-10 04:00:31,110908,592,76,119.99,120.24,0.01,1
wvioDsMMorU,UCt8CJiye87FMbEwt0npPMuQ,2026-07-21 16:00:09,4002,155,22,120.0,120.0,0.0,0
ww0SpZ4JwpM,UCt8CJiye87FMbEwt0npPMuQ,2026-08-11 17:30:35,90610,3251,110,119.99,120.24,0.01,1
ww3BbAzFMFs,UCHCeN9BUgogMGrHBC6zKYvA,2026-08-04 07:50:33,6262,139,43,119.91,120.16,0.09,0
ww5OQq99g_8,UC-FiQR2gg8oiNw98ZdsSX6Q,2026-07-31 00:00:15,2262,11,3,120.0,120.0,0.0,1
ww64HsBEQ4o,UCV7WE8I_UiAN0fa6Arezx_w,2026-08-19 01:00:22,31,0,0,120.0,120.0,0.0,0
wwRbRvT_mRE,UC2YA1b6qKO2YteKYFuMiYPg,2026-07-24 01:21:09,166,5,1,119.9,120.15,0.1,0
wwS9smDOL_A,UC8a9-ubjMyQkDH9Jr8EX0JQ,2026-07-18 18:44:51,54,1,0,120.0,120.0,0.0,0
wwpRrSvf0jc,UCQSEAbOs6vsJfy7WN7iYaGQ,2026-08-08 22:46:00,67276,1358,39,119.99,120.24,0.01,0
wx3ms7n0Eb0,UCK8iWEZupSV2pmDMxtwdAmA,2026-08-10 22:15:55,553,6,1,119.99,120.24,0.01,0
wx6dgNCYKts,UCKttwyzsHvW7bCo7YfTacVQ,2026-08-08 20:29:25,492,9,0,119.76,120.02,0.02,0
wx8371_yM20,UC0-sEWFXIymAxx0InClynUA,2026-08-16 04:16:26,55555,899,91,119.98,120.23,0.02,0
wx9669Ppgjg,UCjiPEaapiHbJMoAdi_L8fNA,2026-07-31 18:05:57,194504,3047,942,119.9,120.15,0.1,1
wxLBIUFxLTg,UCifCesg-EUkjKyQedaB3hRg,2026-08-10 00:53:37,7376,84,4,119.86,120.11,0.11,0
wxMMUW43jSA,UC8aCmG_y4DqqVI9Xlcym1Jg,2026-07-23 21:00:04,149,14,0,120.0,120.0,0.0,0
wxYw9e0V6Ko,UCg5Ew4lj74r_ohbc4AeQj1w,2026-08-18 08:59:14,20581,508,25,119.77,120.02,0.02,1
wx_IFOfUwns,UC4VWaR3R17Ruc7j1Cy1-PKQ,2026-08-13 21:59:34,2626,45,11,119.76,120.01,0.01,0
wxoQvfQBpV8,UC027x98NgUBw9K4aPT8k0mg,2026-08-04 12:00:17,7997,47,12,120.0,120.0,0.0,0
wxuxQI4QBEc,UC9qwDE50UcXvdplRNZKEoPA,2026-07-27 08:00:35,33239,936,24,119.99,120.24,0.01,1
wy4Tc5yRJSY,UCrfB1-zWijAYkgfZW7Ehc8Q,2026-08-21 07:00:10,116007,4200,348,119.76,120.01,0.01,0
wy5vh48Tf2g,UCDbOXmGL7EkmOcnUb5Kki4A,2026-08-13 04:46:26,37317,637,131,119.98,120.23,0.02,0
wy6OkefftYk,UCV6mNrW8CrmWtcxWfQXy11g,2026-08-17 06:00:39,135734,6134,74,119.99,120.24,0.01,1
wyabb5Yes8Q,UCYooECrv-fIXlPaDwEIaveA,2026-07-11 09:01:33,60209,1037,51,119.98,120.23,0.02,0
wydt2vr-mrI,UCnkytUgy0CtWd06up9CjNxg,2026-07-18 11:00:06,62435,1637,41,120.0,120.0,0.0,0
wyh5r_ak4pE,UCZCZHg_oJiHcrcj2vaPRCag,2026-07-22 09:00:14,44,1,0,120.0,120.0,0.0,0
wyi3rY3JIh8,UCw1DsweY9b2AKGjV4kGJP1A,2026-08-05 07:21:02,42064,387,24,119.9,120.15,0.1,0
wylwebQUh1w,UCt8CJiye87FMbEwt0npPMuQ,2026-07-11 12:00:27,126346,5746,198,119.99,120.24,0.01,1
wymtvATY1tg,UCqVkQsNin4MdGFrWvzFVOKw,2026-08-26 15:20:42,14383,405,0,119.92,120.17,0.08,0
wypPvOjIRsU,UC0FUMakBJHsRrfKCGQuWnRA,2026-08-16 12:22:00,16816,142,40,119.89,120.14,0.11,0
wzHiBNS0NQk,UCYJDUekoQz0-bo8al1diLWQ,2026-08-08 04:06:45,1475001,22456,176,119.89,120.14,0.11,1
wzWgFCXjBS8,UCr7h47xV4lizW1QR0fV_3kg,2026-07-17 06:24:06,0,0,0,119.85,120.1,0.1,0
wzduPJwDjeM,UCpcTrCXblq78GZrTUTLWeBw,2026-07-31 17:30:28,273229,4791,170,119.99,120.24,0.01,1
x-EJXJxEatw,UCuWDza8A_ntbjwBZgW0ZSNw,2026-07-23 07:00:10,37733,225,32,120.0,120.0,0.0,0
x-Sc5_5y74M,UCF-rFAdN7dzd-SI2T3rkCaQ,2026-08-04 07:30:02,16816,202,46,120.0,120.0,0.0,0
x-bHv1wNudA,UC783XWULPW-nDGv_0EYlB6Q,2026-08-12 09:30:33,27808,733,31,119.99,120.24,0.01,0
x-cC0_-HniI,UCXCa03lRK6tlntZoJ7TUWRw,2026-08-04 02:00:02,132636,2922,100,120.0,120.0,0.0,1
x-dEJ71qoXk,UCdGiRd1dTixfQxQrb2pbn5Q,2026-08-29 04:00:12,21100,280,38,119.76,120.01,0.01,1
x-jD-c0cp_o,UCV7WE8I_UiAN0fa6Arezx_w,2026-07-12 10:00:23,253,3,0,119.99,120.25,0.01,0
x-jmCeE5EXE,UCv1tOT645xHOJrwdGlzjMaA,2026-07-29 09:30:07,37618,624,6,120.0,120.0,0.0,1
x-kEocnari8,UC9vI-9WYQLXKI6n9XdXXo3g,2026-08-27 06:00:34,514526,2930,159,120.0,120.0,0.0,1
x-nrfJbpKuY,UCqIwPYLfMd3EoWYwvyTjPnA,2026-07-16 08:00:35,21674,73,7,119.99,120.24,0.01,0
x-oSBwYimvw,UC2yOBpLVwB7kzt9C5ZPbB7w,2026-08-24 07:00:12,66243,1095,63,119.76,120.01,0.01,1
x-xah5TcHIc,UC_Xb6sEXAdNv9nHU4988vmg,2026-08-04 08:00:17,758,,0,120.0,120.0,0.0,0
x02Vq2A6TNI,UCJA6MZLzTeljmGNFaugdoWQ,2026-08-14 07:00:11,1285,7,3,120.0,120.0,0.0,1
x0KGFLvc1oQ,UC78d2aaqdrt02RfmtRLmlAw,2026-08-20 21:52:38,3234,46,0,119.88,120.14,0.12,0
x0R-Z2FGq9U,UCF-rFAdN7dzd-SI2T3rkCaQ,2026-07-22 10:35:20,11132,93,33,119.91,120.16,0.09,0
x0lwZjN6Sfw,UCN5oT4zGJX-_H6pE5isAEeg,2026-07-27 09:52:28,49277,649,57,119.88,120.13,0.12,0
x0patDSCUxE,UCWH9vqm4yM9MHiSUPTfdJYg,2026-07-11 04:00:21,45957,667,51,120.0,120.0,0.0,0
x0pgUA4tfe8,UCOTJtP0Z9DjpPU43B5m1V6A,2026-08-13 05:18:02,178589,1251,20,119.95,120.2,0.05,0
n4w-ZTuTdUo,UC3hCAmwyYNgRuOOSFV7evVA,2026-08-30 03:15:02,77811,192,17,119.77,120.01,0.01,1
n56phkz48Cg,UCU0-6z_KU9AShyR9J6gcFGw,2026-08-01 15:03:38,746,10,0,119.94,120.19,0.06,0
n577P11cjQg,UCBW_PhuXoHk40xF6nO0Q64w,2026-08-17 13:00:15,17643,365,101,120.0,120.0,0.0,0
n5Fwg9EVKEA,UChLqHuZV0PENIBYxDgXyPLQ,2026-07-12 01:21:14,17589,226,37,119.9,120.15,0.1,0
n5Md6J_9EjY,UCw1DsweY9b2AKGjV4kGJP1A,2026-07-11 12:42:11,165514,917,530,119.8,120.05,0.05,0
n5X-8bQs3TY,UCqlcSsDNMYxEsem7bWY-66Q,2026-08-30 10:30:49,28025,332,20,120.0,120.0,0.0,0
n5_Xfvgzs7k,UCDq6CfnZgtnqXEwG8tqvBfA,2026-07-18 16:49:17,33,0,0,119.93,120.18,0.07,0
n5lAFQu6oj8,UCWwbZhw5M-Q5dZtTK4nDWNw,2026-08-11 03:00:30,85052,1142,14,120.0,120.0,0.0,1
n6HPFftcB3g,UCV7WE8I_UiAN0fa6Arezx_w,2026-08-27 17:00:07,129,0,0,119.76,120.01,0.01,0
n6IBPDjsuHA,UCkphwoGMBs2_0raLOqu9aQw,2026-08-26 12:00:24,297,3,9,119.75,120.01,0.01,0
n6UpTlcQeqw,UC3ozN5tHi449NhCDE6Xtmwg,2026-07-15 02:19:42,250041,1938,43,119.92,120.17,0.08,1
n6luJXZ6JjA,UC-8S20Ll1gzPiu_YY8BgyaQ,2026-08-25 08:00:31,117563,652,19,120.0,120.0,0.0,0
n6nDYe8Qz9g,UC4oe-OVZ2Ho-03yrMkrXomQ,2026-07-14 04:30:15,305491,6133,104,120.0,120.0,0.0,1
n6tOG7yxpMU,UCp_jHNjcoiXC7SlElrBmzBA,2026-07-11 06:40:31,2634,183,12,119.83,120.08,0.08,0
n6uL_HWVWEI,UC8x8GQmlxAIhHxzU61z0uLQ,2026-08-10 09:54:30,11151,80,4,119.84,120.09,0.09,0
n6xGdOS56mA,UCCiKOocVSjyb2rsbL_Aanhw,2026-08-17 11:28:36,15075,119,89,119.78,120.03,0.03,0
n7HvbbA-jQU,UCbFLnCfOet-u_kFyA7uX-9Q,2026-08-08 15:00:02,61298,868,39,120.0,120.0,0.0,1
n7JbZS6xG0Q,UCbYO4SBywZ2oWv1u309oWmQ,2026-08-18 10:00:01,37803,644,41,119.76,120.01,0.01,1
n7LoUZ2VSBU,UC-aXNBQ6nwMNeW2V8XB7sBg,2026-08-31 02:00:21,232664,2014,106,119.76,120.01,0.01,1
n7V3z_Q7-Co,UCvsyW3GLAJxkpl-M9NFd0iA,2026-08-31 15:09:24,16675,311,7,119.86,120.11,0.11,0
n7c67sW8Jzk,UCzDmGDR5RdahQkLCBoWlTEg,2026-07-15 16:05:05,23448,76,38,119.92,120.17,0.08,0
n7jo15q9_rU,UCuXE-MdbuaZcPt_2J2kSsSQ,2026-08-30 12:00:07,1366,14,2,119.76,120.01,0.01,1
n80nDozgAPs,UCOaUTqrtz1yBBiwziVJEAmQ,2026-08-27 19:00:23,5332,10,19,120.0,120.0,0.0,0
n85AHpTTQvA,UC5ScPjbt-a97AJO7SBj6nAg,2026-08-27 07:35:23,177010,4891,100,119.92,120.17,0.08,1
n8Et0tGhiHw,UCp9skQ2mP_DfVL8c3gZQUzg,2026-08-24 05:58:37,20008,143,23,119.78,120.04,0.04,1
n8O34CRqjXc,UCVqmxk6oNOHj9RFVo4uP_lw,2026-08-12 23:00:25,12195,395,7,120.0,120.0,0.0,1
n8OxVDvK2Us,UC4cKHOBS-nRfKFTwf1n8HGA,2026-08-20 07:30:11,1915,,2,120.0,120.0,0.0,1
n8WPKaqN4nw,UCAenntxQB3F7AH637vySglg,2026-08-24 12:03:08,129,1,1,119.71,120.21,0.21,0
n8jrGm7Y810,UCeG0ONJtjwE20ThR5iSYdsA,2026-08-27 09:17:46,101207,892,112,119.97,120.21,0.03,0
n8oUDfG84BM,UCtVBI7YLJyDvrx7iWAukx_Q,2026-08-19 06:00:28,189944,6793,542,119.75,120.01,0.01,0
n91AwHLIdRM,UCAaLhok91QDrweyuDRsmjqQ,2026-08-30 10:52:12,540631,1413,125,119.89,120.15,0.11,0
n92my3V39Yo,UCM7ccuD_XdAXSTuhVrLUo9A,2026-08-01 10:00:13,32,0,0,120.0,120.0,0.0,0
n9ioGVwH8F4,UCHeg3ApmuXQbqqszaD1fR9g,2026-07-17 02:00:24,24651,230,11,120.0,120.0,0.0,1
n9xTJRYX8uw,UCvAetSOU_4lyjM5hVMNzN0Q,2026-07-15 16:40:20,31225,251,17,119.83,120.08,0.08,1
nA7myYifR1Y,UCPPuXI31ybWYB560T2uAeMg,2026-08-07 11:17:16,20205,88,37,119.97,120.22,0.03,0
nAAdOO7RgsY,UCyoSQyaCrZHro6F_nBiXIYg,2026-08-20 13:43:20,78235,364,92,119.78,120.03,0.03,0
nAbxqIL7hFA,UCZCZHg_oJiHcrcj2vaPRCag,2026-07-25 09:00:37,168,1,2,119.99,120.24,0.01,0
nAp74KB5J0g,UCZ6mNZTiTUrUSbSYPlclI4A,2026-08-16 07:45:14,13678,523,34,120.0,120.0,0.0,1
nB4nzRBu-jQ,UCnCH3Uhv_ynhTNKEH6ekRtg,2026-07-30 10:31:03,10755,141,14,119.99,120.24,0.01,0
nB55Z4l_gg8,UCksGX0hODm1Ev6mysrToMqg,2026-08-07 03:00:33,166925,4109,88,119.99,120.24,0.01,1
nB9EhLAEEmc,UCKYdD83f363lIzcAwwhB-_A,2026-07-29 15:12:18,3399,14,0,119.8,120.05,0.05,0
nB9TlvvQfro,UCHeg3ApmuXQbqqszaD1fR9g,2026-08-06 01:28:52,55,4,0,119.77,120.02,0.02,0
nBKRTszMLGc,UC027x98NgUBw9K4aPT8k0mg,2026-08-29 12:00:19,23552,46,16,119.76,120.01,0.01,0
nBOAXNlQ79c,UCV7WE8I_UiAN0fa6Arezx_w,2026-08-08 17:00:05,49,0,0,120.0,120.0,0.0,0
nBQ97qH3J_4,UClHTjLVog7CkRF8tYJuNXXQ,2026-07-25 09:47:51,382,19,0,119.96,120.21,0.04,0
nBfvSnHtsyI,UCg5Ew4lj74r_ohbc4AeQj1w,2026-08-22 04:26:23,123435,3806,79,119.82,120.07,0.07,1
nBjH9MoPMx4,UCV7WE8I_UiAN0fa6Arezx_w,2026-08-02 00:00:31,15,0,0,119.99,120.24,0.01,0
nBqatNTnl9Q,UCv1tOT645xHOJrwdGlzjMaA,2026-08-01 08:31:35,151914,3128,35,119.98,120.23,0.02,1
nBuEVKetzkM,UCA9f2-9fUklMMOaz8vKW7Jw,2026-08-13 02:26:58,4048,6,2,119.8,120.05,0.05,1
nBy0FMyoQSI,UC8FErYSi74YwGUAoTpjvgzQ,2026-08-15 09:03:57,12997,162,43,119.94,120.19,0.06,1
nC8HwWg_FBs,UCdb5lyq0tWbY3jqH35SufmA,2026-08-23 22:30:06,90728,158,139,119.76,120.01,0.01,1
nCMkUh5Wy-g,UCQePzo3_oRB-6RAzBioc6pg,2026-08-25 23:23:35,11739,100,107,119.87,120.12,0.12,0
nCPU5ss8EyE,UCIb0mO7d6_6WsPYDFLQZnTQ,2026-08-07 14:29:55,33,2,0,120.0,120.0,0.0,0
nCW65dOW-xA,UCK2tMI7hBvOk5ibNMVpaIlw,2026-08-19 14:18:31,103,4,0,119.95,120.2,0.05,0
nCeYVdM_RhY,UC8a9-ubjMyQkDH9Jr8EX0JQ,2026-07-15 13:45:29,80,3,0,119.99,120.24,0.01,0
nCu72hojfA8,UClvMduw1MDMQ0PuH753-XSA,2026-08-29 00:17:32,3607,47,4,119.97,120.22,0.03,0
nD6myKd2Jmw,UCbFLnCfOet-u_kFyA7uX-9Q,2026-07-24 15:46:51,36751,592,272,119.97,120.23,0.03,0
nDB02EmTSNY,UCJmnOEp1-OITEU0mk4icM5A,2026-07-22 10:00:21,18120,161,14,120.0,120.0,0.0,1
nDT3NrP6SLs,UCKVt3arMXfa6XZezR1UnjqQ,2026-08-04 22:00:18,4572,52,3,120.0,120.0,0.0,0
nDYggpcoFEg,UCZaNYFjF_SRRJPVuGX7yMjQ,2026-08-26 11:49:48,10,0,0,119.93,120.19,0.07,0
nDdrpv-t8ag,UCZNTsLA6t6bRoj-5QRmqt_w,2026-08-21 15:00:30,43101,1159,105,120.0,120.0,0.0,0
nDqx_RLtZLI,UC543-TDm6IvHHZXwdSFioMw,2026-08-04 11:00:28,8279,28,0,119.99,120.24,0.01,0
nDtqw3PSr0k,UC2yOBpLVwB7kzt9C5ZPbB7w,2026-08-03 04:00:22,89011,1075,54,120.0,120.0,0.0,1
nE0rFdo8Kjs,UCGi94VU356EAvQLgODywyrA,2026-08-18 19:36:37,3277,51,1,119.9,120.15,0.1,0
nE4fX-YuamY,UCPuD5ZRQWa_JCaY5NokNhtg,2026-07-26 09:40:14,210,6,2,119.83,120.08,0.08,0
nE6GTq9-oSA,UCT807kAu6fmwES8B5698e2w,2026-08-16 09:00:05,28644,1925,297,120.0,120.0,0.0,0
nE7_P8dCpL8,UCPGl9DV2WUgaqGVXtVrhJWQ,2026-08-08 07:14:27,311,3,0,119.76,120.01,0.01,0
nEK8gY9Sapo,UCqlcSsDNMYxEsem7bWY-66Q,2026-08-06 16:26:47,14600,471,1,119.81,120.06,0.06,0
nEWnc0nANtM,UCU0-6z_KU9AShyR9J6gcFGw,2026-08-09 10:31:18,134,2,0,119.98,120.23,0.02,0
nEi51OXC0Cc,UCUbOogiD-4PKDqaJfSOTC0g,2026-08-25 11:47:05,114296,1076,213,119.98,120.23,0.02,0
nEqbDNoGnuk,UCDnIK80iouL_rb_J6GybOlg,2026-08-20 09:00:38,2,0,0,119.99,120.24,0.01,0
nF4Esp7DTwU,UCSTIgFSMRyUgrobBoCVAGmw,2026-07-30 00:54:34,104,3,0,119.84,120.09,0.09,0
nF4QUAfseCM,UCyoSQyaCrZHro6F_nBiXIYg,2026-08-28 13:31:39,501053,1391,174,119.99,120.24,0.01,0
nF4xjKdskFc,UCgLFbrC7-g0ihBKB0obVPTg,2026-08-13 12:36:57,93,1,1,119.89,120.14,0.11,0
nF8rfHQp5DQ,UCElXDMEQqlUnuyDbChjARWQ,2026-08-06 11:00:33,509,2,0,119.99,120.24,0.01,1
nFD6qE2Yb3g,UCIKORyfTZ0cN-u0hrxHcgUw,2026-08-27 02:38:29,66,0,2,119.87,120.12,0.12,0
nFEAbq6gNdE,UC-aXNBQ6nwMNeW2V8XB7sBg,2026-08-22 01:00:23,47622,703,59,120.0,120.0,0.0,1
nFWy2REcDsY,UC-Pn1i_ot4qmG4l7wMZPvyw,2026-08-06 09:00:00,4505,95,14,120.0,120.0,0.0,0
nFdypaVOMq4,UCQyZh4b4TLaSVldnDWnh7fA,2026-07-23 11:54:10,3,0,0,119.85,120.1,0.1,0
nG5qaNCxJjE,UCuXE-MdbuaZcPt_2J2kSsSQ,2026-07-17 04:21:23,460,2,1,119.9,120.15,0.1,1
nGH77OKUSF0,UC8Xz3BKjDvQk7lKhH7Hi9nA,2026-08-04 07:32:15,19830,76,15,119.96,120.21,0.04,1
rcVSJ_GiFas,UC5ThQKdocwo_9UurfT5P_ww,2026-08-14 13:37:47,212194,3644,179,119.87,120.12,0.12,1
rcZkRJEQvCo,UCQ5KMP03ifjJ8mDeyjWeZ7g,2026-08-28 11:11:53,24645,53,7,119.82,120.06,0.06,0
rcZyCBpufLg,UCB4gIGaPUiLtpPreFSf8fKQ,2026-07-23 11:00:25,3227,31,15,120.0,120.0,0.0,0
rceqyOarq68,UCBtJuwDt6LlXp2YASC-ZMdA,2026-08-04 12:55:46,1973,7,0,119.82,120.07,0.07,1
rctV-pMdAmg,UChHxLcNi7e0zu-e33HM6v6A,2026-08-21 03:00:21,14201,126,26,119.75,120.01,0.01,0
rdAL_2z7Ye8,UC7nIK3KpkhbGee5K_sVBscQ,2026-07-23 06:37:29,15090,194,37,119.88,120.13,0.12,0
rdDWHL4bMJE,UCHJv9xBR9lkzGSIepie-T_A,2026-08-04 09:47:06,92,3,0,119.97,120.22,0.03,1
rdVzShWMJAk,UCZNTsLA6t6bRoj-5QRmqt_w,2026-08-08 17:00:35,117382,2432,32,119.99,120.24,0.01,0
re8LpQCDjOs,UCa8Z4uUp51Aqtx4Fq4-3wMA,2026-08-10 07:58:14,3842,79,5,119.78,120.03,0.03,1
reIOx94xnZc,UC4VWaR3R17Ruc7j1Cy1-PKQ,2026-07-25 23:40:57,102,4,6,119.82,120.07,0.07,0
reLzbvGFKs0,UCrR_fhiJjoW8OJFzUcmlMMA,2026-08-29 07:00:15,8930,50,50,119.76,120.02,0.02,0
reOMXQ4lXZM,UCg7rkxrTnIhiHEpXY1ec9NA,2026-07-25 07:00:05,194036,7560,419,120.0,120.0,0.0,0
reTBaIUlL7I,UCbFzvzDu17eDZ3RIeaLRswQ,2026-07-24 12:00:17,598275,7599,712,120.0,120.0,0.0,0
reWSQJi4C9g,UCAl4HWznMn7KhKBRFO5eiFA,2026-08-07 06:12:32,1842,7,0,119.8,120.05,0.05,0
reZoBz-NVQw,UC5grrciAyUF4xjd42XhV-1Q,2026-08-28 09:26:06,9262,,0,119.83,120.08,0.08,0
rea8cW5xDDU,UC_9W6Z5Y3lDpLk47Y_y5ITQ,2026-08-31 02:21:17,59989,296,72,119.91,120.16,0.09,0
reiTW4jeUhw,UCrR_fhiJjoW8OJFzUcmlMMA,2026-08-18 07:00:10,11340,122,3,119.76,120.01,0.01,1
revU8Iqi8oY,UCi1Tln5CFg1yExpz8djyxjA,2026-08-14 20:30:21,476555,16327,121,120.0,120.0,0.0,1
rfIwdGpeZbo,UCl402YYy7RcH7PBI3npmGPQ,2026-08-11 15:00:24,159860,880,321,120.0,120.0,0.0,0
rfUWkkCtnWg,UC4VWaR3R17Ruc7j1Cy1-PKQ,2026-08-01 12:55:12,62,4,0,119.83,120.08,0.08,0
rf_bTLoYRLI,UCcJ_oPUSkS_h96_PuizxMGA,2026-07-20 09:24:13,215,6,5,119.85,120.1,0.1,0
rfayxs8RnkU,UC3DYSay178fMMPaf3zHwECA,2026-08-14 04:15:06,15039,395,31,120.0,120.0,0.0,0
rfp7QUfkhvU,UChfA8Yu8dk5k78UzaM6tsRw,2026-07-25 05:00:17,33584,797,13,120.0,120.0,0.0,0
rfrxHYmpRus,UCpcTrCXblq78GZrTUTLWeBw,2026-08-06 04:30:31,18718,265,30,119.99,120.24,0.01,0
rg1ZXL88AOM,UCPsZX-D7LW99PjZLA-UysPQ,2026-07-28 06:00:24,358,3,1,120.0,120.0,0.0,0
rg2RjHiHbIw,UC2yOBpLVwB7kzt9C5ZPbB7w,2026-08-01 12:00:28,34887,710,12,119.99,120.25,0.01,1
rg5VX9Ws6j4,UCXg-6b0X0sIMBDHhbyBuOQg,2026-07-11 10:18:26,0,0,,119.94,120.19,0.06,0
rgGsiD_I_9E,UCS-X1uBDTNwAYyydiXjcX9A,2026-08-19 01:31:29,699,7,0,119.99,120.24,0.01,0
rgO0PeV39xk,UCpcTrCXblq78GZrTUTLWeBw,2026-08-07 19:30:16,76146,2077,35,120.0,120.0,0.0,1
rgO6VW-B910,UC0aKwoKNeqBaUwiEXmkQaGQ,2026-08-15 10:30:27,55736,1206,249,120.0,120.0,0.0,0
rgQ0x3JtVaY,UCBtJuwDt6LlXp2YASC-ZMdA,2026-08-17 10:00:15,771,3,0,120.0,120.0,0.0,1
rg_gJODSmXU,UCt8CJiye87FMbEwt0npPMuQ,2026-08-11 10:00:18,2388,99,18,120.0,120.0,0.0,1
rgaEkqVyEKg,UC24GgPBq5W3v34z0p0uk1Ow,2026-08-26 14:54:16,660,1,0,119.86,120.11,0.11,0
rgeBp7wgPN0,UCSzHok6X5qXEO7cjvVnE62g,2026-08-26 10:00:08,56181,266,48,119.76,120.01,0.01,0
rggJSQeYHY4,UC4VWaR3R17Ruc7j1Cy1-PKQ,2026-08-29 09:56:55,688,3,6,119.82,120.07,0.07,0
rgtktikWEfg,UC-okJdotaXPlzivRzHFqzuA,2026-08-03 02:59:13,63039,1029,21,119.77,120.02,0.02,0
rh3d0hhL_mo,UCDYAog4sNhwQ5pXtAZiT0Og,2026-07-30 07:00:26,22954,98,46,120.0,120.0,0.0,0
rhBzai0jXpc,UCH29Gz8a6veRLqUxzjBXHrQ,2026-08-31 09:15:21,33086,1342,10,119.76,120.01,0.01,0
rhClWVVCdqU,UCeB_ZeSo0xDL62wWlkTEtjA,2026-07-28 10:25:40,0,0,0,119.82,120.07,0.07,0
rhMnR-miCto,UC1sELGmy5jp5fQUugmuYlXQ,2026-08-14 15:00:17,1033420,42701,716,120.0,120.0,0.0,1
rhQo4tZxErY,UCPsZX-D7LW99PjZLA-UysPQ,2026-08-28 00:00:12,5295,7,14,119.76,120.01,0.01,0
rhTu1YmNMXo,UCV6mNrW8CrmWtcxWfQXy11g,2026-08-13 03:11:02,28831,568,48,119.82,120.07,0.07,0
rhhx_dWitA0,UCL_IvtOZo6sONpiydbzzHpA,2026-07-27 15:00:17,64366,1254,105,120.0,120.0,0.0,1
rhqpP3uONgQ,UCoSniqkitCpxlHrQd5L8A1w,2026-08-12 11:04:41,18688,89,4,119.93,120.18,0.07,1
rhzqSJ6SQHY,UCKVt3arMXfa6XZezR1UnjqQ,2026-08-07 03:00:25,9378,86,4,120.0,120.0,0.0,0
ri-phgzERZs,UCfcfymsN3OMo2cfmbpGTanw,2026-07-30 08:00:19,20746,106,29,120.0,120.0,0.0,0
ri8OD0sP2Ao,UCw1DsweY9b2AKGjV4kGJP1A,2026-08-06 10:00:30,37835,124,30,119.74,120.24,0.24,0
riN9M11Ywnw,UC59jWhPazXYi8Ny4vake45A,2026-08-10 10:45:58,180765,6394,51,119.99,120.24,0.01,1
ridSYSQeTFU,UC8E29ANOC3_OuB7_5EPY2xw,2026-08-07 07:45:11,823,8,0,120.0,120.0,0.0,1
riiBuUH2OHU,UCxPMcxq7WJ32M3lnFn58Cpg,2026-08-23 09:28:01,3492,14,3,119.8,120.05,0.05,1
rijeb-F99_w,UCPGl9DV2WUgaqGVXtVrhJWQ,2026-08-22 15:00:31,9,0,0,120.0,120.0,0.0,0
riql0GgGkMw,UCaova9Q4UZLPqFnSvq8VxzA,2026-07-27 04:31:05,41360,163,123,119.98,120.24,0.02,0
rj0STwxmEww,UClFxbDnu3-z8B002ns6JnBQ,2026-08-18 21:00:05,0,0,0,119.76,120.01,0.01,1
rj7VwPmwFgg,UCBvKuSAkXERBnGSQOH0Sarw,2026-07-31 13:10:14,34644,280,64,119.83,120.08,0.08,0
rjCb-gXrdrQ,UCBA9XaL5wCdHnC5EmEzwrqw,2026-08-25 03:00:08,323338,1422,200,119.76,120.01,0.01,0
rjDXv1Z_9EM,UCpn9dP1b5BhBsU9SduEz1hA,2026-08-07 09:00:13,5384,100,8,120.0,120.0,0.0,0
rjEkyf94WOA,UC2f8VfmEF2_0-rFN4RNHaNg,2026-08-28 11:04:19,80108,584,278,119.94,120.19,0.06,0
rjFJXBxlH8g,UCElXDMEQqlUnuyDbChjARWQ,2026-07-30 10:37:42,1132,3,2,119.87,120.12,0.12,0
rjFVjkcPe-E,UChUNd9Dt96PzfB24BtVviHg,2026-07-30 09:00:34,83868,948,11,119.99,120.24,0.01,1
rjKoUk-EL8U,UCw1DsweY9b2AKGjV4kGJP1A,2026-08-03 05:02:00,50490,414,123,119.97,120.22,0.03,1
rjM0geJ0K-o,UCUt2AEhC-OOC2EPCzj4DkCw,2026-07-17 23:00:07,5356,118,10,120.0,120.0,0.0,1
rjT1sTYGHEo,UC8C0Yd20ke5XqOiZvMVgM9w,2026-08-26 00:00:19,887827,46,17,119.76,120.01,0.01,1
rjTZlmBp150,UCO8ToDSM2Gvt3EZdOdosxTw,2026-07-28 09:00:06,139295,1655,76,120.0,120.0,0.0,1
rj_Lt-N84CE,UC2U8C7lmbQpfBeAW8fTP_jg,2026-08-06 03:09:44,6263,98,33,119.84,120.09,0.09,0
rjfb-qAA9pA,UCms8Ge7H1ZGgw6nV94fUhUQ,2026-07-29 09:00:04,140083,2073,340,120.0,120.0,0.0,0
rjgUoLPl1n8,UCNRnCc0hg3ZcKdOGXKKv5Ww,2026-07-25 03:15:21,37177,240,14,120.0,120.0,0.0,1
rjoBneOuhjo,UCMgTCM5mGx3y4Hg0aMOXrbw,2026-08-28 11:03:08,8682,52,16,119.96,120.21,0.04,0
rjsgiukksdg,UCe-7GwWL1XNlCJyfqBhgrHA,2026-07-29 05:58:57,8770,385,11,119.77,120.02,0.02,1
rkEa_Dx9vKM,UCYsRymb9vAsOOLBy-Wo1kRg,2026-07-18 06:00:36,6285,56,4,119.99,120.24,0.01,0
rkLb6MLx4y0,UCPoEVLrQMMXICwULGDwfvug,2026-07-23 13:11:31,18583,252,61,119.81,120.06,0.06,1
rkPgQ_i2mnw,UCw1DsweY9b2AKGjV4kGJP1A,2026-07-12 06:49:29,261264,2025,478,119.93,120.18,0.07,0
rkaP-ibSGwg,UCzRPPKLkNxjD2of-0Xxfnjw,2026-08-08 04:08:02,8255,71,14,119.87,120.12,0.12,1
rkcoPp3ulv4,UCwBkHOTyu57NQi0syf5MLig,2026-08-19 05:00:22,107237,763,12,119.76,120.01,0.01,1
rkwKh14Bp_U,UCXb8sP7slkJyunTEAsP-CiQ,2026-08-20 10:56:05,8653,206,19,119.82,120.07,0.07,0
rl4T2VYGF3Y,UCcgkgKhXT6QwdGj9Nr8PBcg,2026-07-20 07:49:13,150334,803,32,119.93,120.18,0.07,0
rl9U38NrCfU,UCv1tOT645xHOJrwdGlzjMaA,2026-07-25 12:59:34,59630,910,13,119.76,120.01,0.01,1
rlF1J_Y4HYY,UCOTJtP0Z9DjpPU43B5m1V6A,2026-08-16 02:45:33,132202,1200,126,119.99,120.24,0.01,0
rlImIroXJh4,UCbaRH9U2BEFwhJiodE3qTpQ,2026-08-28 09:00:04,16899,624,12,119.76,120.01,0.01,1
rlK-omPrGkA,UCab17MxxnFtAhGsJVTkSkCg,2026-08-13 13:04:27,5531,58,4,119.93,120.18,0.07,0
rlOs1UjMaLA,UC5WN-znPsJK0BbA8aHxZHWQ,2026-08-11 13:30:20,6111,310,10,120.0,120.0,0.0,0
rlR2Ovs7muY,UCV7WE8I_UiAN0fa6Arezx_w,2026-08-31 15:00:13,169,0,0,119.76,120.01,0.01,0
uJpeirgJidc,UCifCesg-EUkjKyQedaB3hRg,2026-08-23 21:24:37,13694,418,10,119.85,120.1,0.1,1
uK4zAp-yP70,UCPGl9DV2WUgaqGVXtVrhJWQ,2026-07-12 15:00:32,6,0,0,119.99,120.24,0.01,0
uK5jW3GDvrY,UCgLFbrC7-g0ihBKB0obVPTg,2026-08-17 15:02:57,174,3,0,119.95,120.2,0.05,0
uK6MdXtNRNU,UCKrprPfevcAZpPuRnCO6xOA,2026-07-25 09:30:28,1239,7,3,119.99,120.24,0.01,0
uKCWWvOQ7fM,UCCW6uYIUP4YKKe50k-ktVAw,2026-08-08 00:00:11,81647,1261,140,120.0,120.0,0.0,0
uKF6S9KfGD8,UCnju7ULBic4VgkCfDvVXCnA,2026-08-02 03:25:44,55863,160,33,119.82,120.07,0.07,1
uKiTmo-U_eY,UC5H8Wt-1q_tnn-m4tDTqbUw,2026-08-27 08:51:58,2479,15,4,119.89,120.15,0.11,0
uKpOlM8LWs8,UCp6n8d8Y8r3MwKNw_MMaouQ,2026-08-02 12:08:21,5408,322,6,119.86,120.11,0.11,1
uKu7BXlL6EY,UCuaizlkqA5hZ_Dt3kAQkW3g,2026-08-11 08:44:47,8104,153,36,119.76,120.01,0.01,0
uKuDMsoxD_8,UCPsZX-D7LW99PjZLA-UysPQ,2026-08-30 00:00:04,3677,10,5,119.76,120.01,0.01,0
uKwJlN1vtsA,UCT-UsvGz4gm7lezXvCEex9A,2026-07-24 10:00:40,7223,203,16,119.99,120.24,0.01,1
uL2LD-Hbe7E,UCEGtfhdJiRgH98mVMEQZThQ,2026-08-02 10:30:24,7584,35,17,120.0,120.0,0.0,0
uL9HBkI0tIk,UCnCH3Uhv_ynhTNKEH6ekRtg,2026-07-25 07:37:02,7293,110,15,119.88,120.13,0.12,0
uLDhKyYNQOA,UCoH2pCzAr6zWDG-LtUiLWRw,2026-07-26 22:00:34,68330,709,59,119.99,120.24,0.01,0
uLGzQO8B6zE,UCBmAvrPyyiohq552LjQvPww,2026-08-31 09:15:18,2182,40,10,119.76,120.01,0.01,1
uLPNTRXjjDg,UC8FErYSi74YwGUAoTpjvgzQ,2026-07-14 09:16:21,13054,544,32,119.98,120.23,0.02,1
uLPpDfbXC5E,UCmwZePdbUmncnpQptdPH2Jg,2026-07-23 01:28:52,26,2,0,119.78,120.02,0.02,0
uLUVaoLuVSw,UCJDXc9JWCZo-nLNKr_-L2Ng,2026-08-25 19:00:16,1446,78,6,119.76,120.01,0.01,0
uLnTE5VLZ-U,UC8a9-ubjMyQkDH9Jr8EX0JQ,2026-07-13 13:16:18,81,3,0,119.98,120.23,0.02,0
uLsbSDWjwlM,UCTVkjiEiaiSbEq0Qwd5XTPA,2026-08-09 03:39:11,362,22,1,119.85,120.1,0.1,0
uLxOgZyxlh8,UCSfhr4gDPFsKuwdmTOWp2jw,2026-08-13 09:30:14,148,3,0,120.0,120.0,0.0,0
uM5EsNe_WL0,UCPGl9DV2WUgaqGVXtVrhJWQ,2026-08-07 03:26:56,26,1,0,119.8,120.05,0.05,0
uMAxsYuMLKU,UC_F-jhf8uO0fzrM7NQwvs3Q,2026-08-27 12:58:27,357,0,0,119.79,120.04,0.04,0
uMZ5htoa3eM,UCoSniqkitCpxlHrQd5L8A1w,2026-08-19 01:45:06,12803,107,2,119.76,120.01,0.01,1
uMm8vAI3iYw,UCpn9dP1b5BhBsU9SduEz1hA,2026-07-17 16:00:05,13028,168,9,120.0,120.0,0.0,1
uMu6LvwJG7k,UC2NFRq9s2neD_Ml0tPhNC2Q,2026-07-13 02:30:20,167602,2284,27,120.0,120.0,0.0,1
uMwXOb_Liqs,UC2dwjvNVRTEo-rawvK4Z4WA,2026-08-29 00:00:34,18055,278,6,120.0,120.0,0.0,1
uMyKpjp-wjI,UCirJgPv8RtFaFMj39b6cD8Q,2026-07-31 09:00:24,21467,119,7,120.0,120.0,0.0,1
uN4NNkoMFMQ,UCM81CAJ2_Y42-bvK1OQnAAA,2026-08-30 13:23:59,121568,1047,238,119.86,120.11,0.11,0
uN6ALpZuWZg,UCPuD5ZRQWa_JCaY5NokNhtg,2026-07-22 10:12:35,204,8,3,119.79,120.04,0.04,0
uN98ofSvbvs,UCMgTCM5mGx3y4Hg0aMOXrbw,2026-08-26 11:30:01,5624,40,6,119.76,120.01,0.01,0
uNCIxT0Jb1w,UCt8CJiye87FMbEwt0npPMuQ,2026-08-27 18:46:12,41231,664,35,119.99,120.24,0.01,0
uNhS5EaWYUA,UCPsZX-D7LW99PjZLA-UysPQ,2026-08-03 00:00:31,581,9,3,119.99,120.24,0.01,0
uNtNTwtN1Ss,UCgT-gb3favw2jQgwxbbwwaA,2026-08-09 11:00:09,111166,687,30,120.0,120.0,0.0,0
uNwU5_QC94A,UCYsRymb9vAsOOLBy-Wo1kRg,2026-07-15 07:02:14,15953,87,5,119.96,120.21,0.04,0
uO8yGZ15wgY,UCql_fqTxryFKW7jukEvNoCQ,2026-07-26 06:30:24,27110,514,23,120.0,120.0,0.0,0
uOCzFjAXD-E,UC-okJdotaXPlzivRzHFqzuA,2026-08-07 04:59:20,85954,518,13,119.76,120.01,0.01,0
uODTW69vgbA,UCifCesg-EUkjKyQedaB3hRg,2026-07-31 01:42:52,31322,561,7,119.79,120.04,0.04,1
uOEo7oif8eg,UCbItyvYa6cqvqtwlU2E9-wA,2026-08-14 13:00:22,8751,548,36,120.0,120.0,0.0,0
uOZ-XUeJ4kA,UCV6mNrW8CrmWtcxWfQXy11g,2026-08-21 00:30:24,179932,5788,218,120.0,120.0,0.0,1
uOooRUP4-mw,UCEg24oF81p-THPtp3otdmTA,2026-08-07 09:30:28,111021,2396,92,119.99,120.24,0.01,1
uOsyb9x2UDM,UCTizVc_OD9jdhWZOnrQnUeQ,2026-07-27 17:04:34,19331,184,60,119.93,120.18,0.07,0
uOyWdjIushg,UCp6n8d8Y8r3MwKNw_MMaouQ,2026-08-07 19:40:41,1701,37,8,119.83,120.08,0.08,0
uPBDY3_K9o4,UC78d2aaqdrt02RfmtRLmlAw,2026-08-10 18:08:30,4022,44,0,119.86,120.11,0.11,0
uPE3Q8o-WEU,UCifCesg-EUkjKyQedaB3hRg,2026-08-07 00:05:08,52900,1167,43,119.92,120.17,0.08,1
uPGNJszbVwM,UCIxcZWLQpP-mUZC6_Uljc_Q,2026-08-22 14:45:09,12265,52,28,119.76,120.01,0.01,0
uPNJiFCl4dc,UCi_lv3g-CPdKF6nd68lvN3A,2026-07-23 05:57:12,1712,2,3,119.8,120.05,0.05,0
uPOcmQJiSeU,UCL_IvtOZo6sONpiydbzzHpA,2026-08-26 02:09:26,38895,490,12,119.85,120.1,0.1,1
uPa6-JcogQY,UCRq3CDTZ2qe3HiHrZdQKBvQ,2026-08-23 09:31:39,1278,13,3,119.98,120.23,0.02,1
uQ2NEjbkxM0,UCV7WE8I_UiAN0fa6Arezx_w,2026-07-30 19:00:32,50,0,0,119.99,120.24,0.01,0
uQI3CFGaS-Y,UCw1DsweY9b2AKGjV4kGJP1A,2026-07-29 05:00:31,55369,477,84,119.99,120.24,0.01,0
uQKj8tQ3PII,UC-okJdotaXPlzivRzHFqzuA,2026-08-08 02:59:09,201505,2427,208,119.77,120.02,0.02,0
uQNZFZ0TV4U,UCuWDza8A_ntbjwBZgW0ZSNw,2026-08-19 07:00:32,7775,52,16,120.0,120.0,0.0,0
uQWKdt95fsI,UCKrprPfevcAZpPuRnCO6xOA,2026-07-30 09:30:21,629,6,2,120.0,120.0,0.0,0
uQbKX9i_Smk,UC8x8GQmlxAIhHxzU61z0uLQ,2026-07-22 14:00:18,5626,52,13,120.0,120.0,0.0,0
uQf3V-3PRsM,UCm1JuixwDoQEDi5RfcRuHJg,2026-08-24 12:05:41,53586,1477,220,119.67,120.17,0.17,0
uQjK8s2baWw,UCg80LjrsnWo0T3T3uYCPhrQ,2026-07-25 12:05:28,64147,260,305,119.91,120.16,0.09,0
uQnK6lHd4wg,UCt8CJiye87FMbEwt0npPMuQ,2026-07-22 15:15:12,36380,719,37,120.0,120.0,0.0,1
uQoiIbDsBck,UCXtU-C_e2iBzPSq9oLXtbVw,2026-08-08 23:15:37,56,6,4,119.99,120.24,0.01,0
uQq6wi4IsUY,UC6JB_a6rD1lZ_aZgQvORfrQ,2026-07-21 22:30:14,8154,52,28,120.0,120.0,0.0,1
uR3b9E9Vgoo,UCpcTrCXblq78GZrTUTLWeBw,2026-08-17 09:00:10,613157,22053,219,120.0,120.0,0.0,0
uRLAh-KFHKU,UCYMXFMiaGBnZ08-wBHS2MPQ,2026-08-08 04:36:54,3219,21,3,119.89,120.14,0.11,0
uRW1EQdayYk,UCzSODDx0zQF3nxXOZISCm_w,2026-08-20 09:30:25,949,2,0,120.0,120.0,0.0,1
uRWtrQBeAEI,UCBS4sjbGJIcclT-Y6i_Jzkg,2026-08-05 19:05:48,52678,2312,7,119.91,120.16,0.09,1
uRaF2SyITn8,UCdb5lyq0tWbY3jqH35SufmA,2026-08-28 01:00:30,15640,33,27,120.0,120.0,0.0,0
uRcTfswpDXU,UCnV5tUnOVGyT-Ncj0s0tPTw,2026-08-27 01:15:49,10930,83,0,120.0,120.0,0.0,0
uRkz1L89vpI,UCN5oT4zGJX-_H6pE5isAEeg,2026-08-16 03:00:18,815780,11170,872,120.0,120.0,0.0,1
uRri8NsaSW4,UCK1aVlIbEBrdhv-gbSgGIkQ,2026-08-07 10:34:15,1549,5,0,119.93,120.18,0.07,1
uRy8FtEauCo,UCcJ_oPUSkS_h96_PuizxMGA,2026-07-20 04:16:03,449,4,6,119.98,120.23,0.02,0
uS1PaxBYr3U,UCab17MxxnFtAhGsJVTkSkCg,2026-07-26 09:16:12,1545,30,4,119.98,120.23,0.02,0
uSL1g7CgrZI,UCV7WE8I_UiAN0fa6Arezx_w,2026-08-19 00:00:18,25,1,0,119.75,120.01,0.01,0
uSLf52pqwJk,UCPuD5ZRQWa_JCaY5NokNhtg,2026-07-29 01:35:54,548,7,6,119.9,120.15,0.1,0
uSUrTird-xg,UCgsKeCRaBGH6JlnH6VO_7OA,2026-07-23 17:40:02,33,1,0,119.84,120.09,0.09,0
uSdlu11SX6w,UC8C0Yd20ke5XqOiZvMVgM9w,2026-07-22 09:00:21,29482,2287,24,120.0,120.0,0.0,1
uTA-CBH_GOE,UCaHIZAKows704_gk6bjdAog,2026-07-31 10:45:14,90316,1246,254,120.0,120.0,0.0,0
uTAwdinDIYw,UCei_ecYpQqFjYhjLaDPr2Lw,2026-08-29 02:33:12,95,4,0,119.96,120.21,0.04,0
uTHOrbyu5Sw,UC_E_qYfGKM3C0kqrp1p8z7Q,2026-08-14 19:00:04,189,5,1,120.0,120.0,0.0,1
uTMcVduzf2g,UCPGl9DV2WUgaqGVXtVrhJWQ,2026-07-25 15:00:05,2,0,0,120.0,120.0,0.0,0
uTRtUr-x-cA,UCuwnt_REmD4YsCtFJRoqjFw,2026-08-12 13:43:32,247075,1473,153,119.78,120.03,0.03,1
uTaRHbflbik,UCoQU5wtIxq0QGh80NHky82g,2026-08-08 08:14:32,70686,1214,143,119.76,120.01,0.01,0
uTeQchG7K6I,UCaN1Qp37sHiCdQuSaXa3fVw,2026-08-15 00:50:06,484217,7990,132,119.92,120.17,0.08,1
plUcxxSMUIk,UCnCFD3met1Ip7OngdF9TRDg,2026-08-14 04:24:32,7568,86,4,119.84,120.09,0.09,0
pmBQ5E6FzE4,UCGVy07wZs8W-EpKAGchrmCQ,2026-08-15 13:47:26,9408,73,15,119.96,120.21,0.04,0
pmKfBuTXc_4,UC2U8C7lmbQpfBeAW8fTP_jg,2026-07-21 04:34:01,19802,450,20,119.93,120.18,0.07,0
pmM_3dZpsR0,UC5RxNUZ9_c94ZEfJGnJZmTw,2026-08-15 01:22:30,1219,33,3,119.88,120.13,0.12,0
pmP8g8OnB2c,UC6YqXiwCBfPvPTs3wXgWElQ,2026-08-11 03:10:04,3981,36,2,119.84,120.09,0.09,0
pmTeSZKdyoc,UCwBkHOTyu57NQi0syf5MLig,2026-08-28 23:00:00,80526,314,18,119.76,120.01,0.01,1
pmid7svknag,UCAJ-meoCh1TrPZ7La3UpPrw,2026-08-07 16:43:39,82622,1693,286,119.77,120.02,0.02,0
pmwUH5GFiBQ,UCPI40-XQA9-GBGj2k8PPqfg,2026-08-08 08:50:15,100784,1826,194,119.92,120.17,0.08,0
pmwlKq-2cMY,UCVZI7eLie2UlZph6aiBRNrw,2026-07-19 13:05:11,74684,550,77,119.92,120.17,0.08,0
pmxx4dpAGlQ,UCV7WE8I_UiAN0fa6Arezx_w,2026-08-25 12:00:22,19,0,0,119.75,120.01,0.01,0
pn4Tv-U6Ppg,UCw-JzmPsjRcbzJLncr4pIIA,2026-08-24 12:30:47,194753,2733,223,120.0,120.0,0.0,0
pn9u1_DQfVU,UC8FErYSi74YwGUAoTpjvgzQ,2026-07-24 03:00:25,1831,43,18,119.99,120.24,0.01,0
pnH-qJmRozw,UCnju7ULBic4VgkCfDvVXCnA,2026-07-28 00:55:24,19014,374,1,119.83,120.08,0.08,0
pnScQBOcxzw,UCTK7GGeH0c9INAEnV2EfD0Q,2026-08-06 15:00:36,3566,113,22,119.99,120.24,0.01,0
pneeYsHk1V8,UCN5oT4zGJX-_H6pE5isAEeg,2026-08-30 08:00:25,360618,7931,585,119.76,120.01,0.01,1
pniqC0LNs7g,UCaN1Qp37sHiCdQuSaXa3fVw,2026-08-25 06:00:22,718637,11922,105,119.76,120.01,0.01,1
pnsPbLfB2Gg,UCO8ToDSM2Gvt3EZdOdosxTw,2026-08-30 10:25:41,7731,13,0,119.84,120.09,0.09,0
pnuuxJscVQI,UCV7WE8I_UiAN0fa6Arezx_w,2026-08-26 09:00:03,116,2,0,119.76,120.01,0.01,0
poCqWQ8b50I,UCWwbZhw5M-Q5dZtTK4nDWNw,2026-08-06 03:00:13,137508,1685,34,120.0,120.0,0.0,0
poJ1FAwcYQY,UC_8GOc5dWX2Kpb74_nQ7vSQ,2026-07-31 09:00:38,113713,4923,1318,119.99,120.24,0.01,0
poQUFueMUE4,UCwBkHOTyu57NQi0syf5MLig,2026-08-16 18:00:36,13409,66,17,119.99,120.24,0.01,0
poT1xiCTrJE,UC-8S20Ll1gzPiu_YY8BgyaQ,2026-08-26 09:33:42,40779,317,19,119.95,120.2,0.05,0
pobaBywHLJQ,UCxtZZzggcfOmsW99gYkxsNA,2026-08-20 01:00:45,1214,8,7,119.99,120.24,0.01,0
poe7YHTAOcg,UCBY9rOZPo0fLE45mOV0s0cw,2026-08-20 03:45:14,420,11,14,120.0,120.0,0.0,0
poi5n4kxMVY,UCV7WE8I_UiAN0fa6Arezx_w,2026-08-10 17:00:32,19,1,0,119.99,120.24,0.01,0
ponIZIJ3Zgc,UCWmHTIadJeUb8-4nHXBCVUA,2026-08-26 09:00:22,54489,266,44,119.76,120.01,0.01,0
pox2HPTvw94,UCc1VJX_5Z2RdGi58XU4IfbA,2026-08-19 04:00:14,1504,51,5,119.76,120.01,0.01,0
pozk1VdTHKk,UCW_Ptq0v8ck67w9oKiwXz2g,2026-07-30 07:29:25,212,1,0,119.76,120.01,0.01,1
pp5sz0-pOxo,UC5Yx9RlmznXDUEIrfoSqheA,2026-08-14 04:43:57,84,3,1,119.77,120.02,0.02,0
ppVsMRqpOF4,UCepHesz_5Lwr7qRaqjB-p1A,2026-08-12 05:00:38,35700,645,164,119.99,120.24,0.01,0
ppgIm_Ub0gY,UCPuD5ZRQWa_JCaY5NokNhtg,2026-08-18 13:27:31,299,7,2,119.8,120.05,0.05,0
ppqzYR746e4,UCA2ztZuXhSktpdxb419WvCQ,2026-08-19 12:20:30,6397,57,36,119.92,120.17,0.08,0
pps7C95MZ7Q,UCBY9rOZPo0fLE45mOV0s0cw,2026-07-28 08:48:33,175,1,0,119.94,120.19,0.06,0
pq1oJCtRQnk,UCamHctB9_ZaFO9vZElnl_Yw,2026-08-21 08:00:27,7020,158,37,119.75,120.01,0.01,0
pqB47w-6TzE,UCwBkHOTyu57NQi0syf5MLig,2026-08-01 03:00:22,90601,448,18,120.0,120.0,0.0,1
pqBcyt9VkC0,UCt8CJiye87FMbEwt0npPMuQ,2026-07-21 12:30:30,5882,217,17,119.99,120.24,0.01,1
pqOwOa0eiKU,UCab17MxxnFtAhGsJVTkSkCg,2026-08-07 09:29:05,353,8,0,119.77,120.02,0.02,0
pqlAIe-ozPc,UCBljJ2V-owl2MMQ_N9_bE3Q,2026-08-14 09:17:04,19553,18,0,119.97,120.22,0.03,1
pqndqd4Z8Xo,UCWVS5IJOkNnkKS5rjiAt9rw,2026-07-31 08:54:32,61787,508,70,119.84,120.09,0.09,0
pqrbAQonE8E,UC_E_qYfGKM3C0kqrp1p8z7Q,2026-08-16 19:00:03,322,8,1,120.0,120.0,0.0,1
pqtDQELszyk,UCVqmxk6oNOHj9RFVo4uP_lw,2026-08-02 23:00:24,34569,950,69,120.0,120.0,0.0,1
pqtuzw_RvZ8,UCxPMcxq7WJ32M3lnFn58Cpg,2026-07-20 12:27:35,1128,8,3,119.79,120.04,0.04,1
pr6LTRFzQjM,UC2FDVyrQnjoZCUyk9fmqd9g,2026-08-10 00:00:58,15032,473,138,119.99,120.24,0.01,0
prAL2cCUiAU,UCY_vDlvG-BTDRIOk_I9QQ6g,2026-07-11 00:28:00,2177,13,13,119.79,120.04,0.04,0
prI5teDfvCY,UCpwGBltfwjd_fIzp5cb5R0w,2026-08-20 12:22:53,419834,3324,736,119.87,120.12,0.12,1
prKIyPBh3sE,UC9qwDE50UcXvdplRNZKEoPA,2026-07-30 02:43:23,6528,124,62,119.78,120.03,0.03,0
prVl3_X_EHI,UC2yOBpLVwB7kzt9C5ZPbB7w,2026-08-31 07:00:14,251551,4007,186,119.76,120.01,0.01,1
prydX0nMpfE,UCh7XUfZEEV3pct5zDjx6OZA,2026-08-25 02:30:12,12747,132,34,119.76,120.01,0.01,0
ps28Yrh3gzk,UCgLFbrC7-g0ihBKB0obVPTg,2026-08-07 16:16:33,0,0,0,119.98,120.23,0.02,0
ps4awbypvpM,UCIxcZWLQpP-mUZC6_Uljc_Q,2026-08-20 14:55:13,8550,35,41,119.83,120.08,0.08,0
ps91Hn-qHyQ,UC783XWULPW-nDGv_0EYlB6Q,2026-08-25 09:30:13,20998,728,24,119.76,120.01,0.01,1
psFhSCopCOc,UCAGUSx1hbPKDqzBZH7bTjiA,2026-08-21 04:00:26,277101,6734,874,120.0,120.0,0.0,1
ps_fDsry_hI,UCby0vMKcLR05ZdS90aZd5og,2026-07-19 14:22:29,9505,16,4,119.88,120.13,0.12,1
ps_pw8z-BPo,UCtIbfg_6gjbdFqCqAiUcqyQ,2026-08-18 08:00:16,27789,452,14,119.76,120.01,0.01,1
psggs8Pq8L4,UCBmPfbqvGwTTfrV-H_UOfdw,2026-08-18 04:06:32,70487,1414,17,119.89,120.14,0.11,1
psottLU-Og0,UCbeQg95cAxVRsxxh6FyilxA,2026-08-20 13:06:15,26644,89,25,119.9,120.15,0.1,1
ptLAZkQBYwc,UCcum1rCJ5GJeQ_xv0xrohqg,2026-08-12 03:30:00,21027,1113,30,120.0,120.0,0.0,1
ptM4KHPIAcs,UCyiKngyUPUb1bka4yFrn65g,2026-07-15 22:08:48,1292,5,0,119.86,120.11,0.11,0
pt_no4LWXvQ,UCab17MxxnFtAhGsJVTkSkCg,2026-08-23 16:01:50,4542,61,14,119.98,120.23,0.02,0
pteyfdNLRQA,UC4VWaR3R17Ruc7j1Cy1-PKQ,2026-08-13 09:55:33,34,3,0,119.83,120.08,0.08,0
ptjD7ZyaXEU,UCei_ecYpQqFjYhjLaDPr2Lw,2026-07-18 12:05:44,77,7,0,119.91,120.16,0.09,0
puLW2ozN0ug,UCZCZHg_oJiHcrcj2vaPRCag,2026-08-06 16:50:33,48,0,0,119.91,120.16,0.09,0
pumcXMQDMZ4,UCmcBe97VA2LqVEQUeeZl6Ew,2026-07-24 09:00:39,127992,753,62,119.99,120.24,0.01,0
pumgbJhHpIQ,UCYxwKnNRv4FurQxeKcuR0Sw,2026-08-12 03:00:36,11,2,0,119.99,120.24,0.01,0
puoLgflmecw,UCAl4HWznMn7KhKBRFO5eiFA,2026-08-21 11:53:21,4968,45,0,119.87,120.12,0.12,1
puqynb5IhHE,UCyoSQyaCrZHro6F_nBiXIYg,2026-07-31 12:55:02,273727,1153,327,119.84,120.09,0.09,0
putJDZ5pUTw,UCGa52d8Qlv3THghuCAt_nXA,2026-07-22 08:30:15,32079,312,13,120.0,120.0,0.0,1
puvSNWQ7QOc,UCOTJtP0Z9DjpPU43B5m1V6A,2026-08-10 05:00:10,489004,2063,64,120.0,120.0,0.0,1
pv3p6Zxdlh0,UCgskqxXr-H0mE5VhYviluvQ,2026-08-27 23:12:11,4718,70,3,119.81,120.06,0.06,1
pv9X1Un7YY8,UCV6mNrW8CrmWtcxWfQXy11g,2026-08-21 13:00:30,37492,1316,40,120.0,120.0,0.0,1
pvBCeuxYojM,UCAVR6Q0YgYa8xwz8rdg9Mrg,2026-08-05 04:00:08,152503,9222,106,120.0,120.0,0.0,1
pvIPdpZF_C0,UCI3DTtB-a3fJPjKtQ5kYHfA,2026-08-28 00:06:10,2928,7,0,119.91,120.16,0.09,0
pvQqk31bGDw,UC9qwDE50UcXvdplRNZKEoPA,2026-08-04 08:00:27,18827,429,19,119.99,120.24,0.01,1
pvgVrHQZ6Iw,UCjyXK9pWHwWR_-bRibFaWDg,2026-08-22 10:18:37,25770,153,17,119.95,120.2,0.05,0
pvo7TwhbLaA,UC5ScPjbt-a97AJO7SBj6nAg,2026-07-22 09:04:54,294706,6625,150,119.92,120.17,0.08,1
pvpHHe6eL6Q,UCL3gnarNIeI_M0cFxjNYdAA,2026-07-23 09:01:30,109178,498,52,119.98,120.23,0.02,1
pvtJlRj5kHY,UCPuD5ZRQWa_JCaY5NokNhtg,2026-07-30 18:57:34,430,7,2,119.79,120.04,0.04,0
pw3dJS4Oue8,UCXS55IczImEf64aU16NzKlg,2026-07-17 01:00:13,7187,91,30,120.0,120.0,0.0,0
pw4rzAMrpoY,UCI6Ro_MOr36re4Bhb7nCY7g,2026-08-06 10:00:11,18399,240,66,119.75,120.25,0.25,0
pwB1K0EUj_Y,UC-8S20Ll1gzPiu_YY8BgyaQ,2026-07-28 13:00:08,66665,455,52,120.0,120.0,0.0,0
nGTmv7c3Iw8,UCVey3Q_CodrHAWBonTGbHFg,2026-07-15 03:00:16,4217,139,9,120.0,120.0,0.0,0
nGmwBOz7gmI,UCUt2AEhC-OOC2EPCzj4DkCw,2026-08-11 23:00:34,62671,661,12,119.99,120.24,0.01,1
nGyafqPCcOY,UCSl8TBqqflby-ymdEQVfRNQ,2026-07-27 13:33:26,46979,617,156,119.94,120.19,0.06,0
nH3vwmOTLwI,UCztGUZP5cCuIZDViaJanLKQ,2026-07-24 10:10:48,19246,137,56,119.82,120.07,0.07,0
nH72AjigGYQ,UCifCesg-EUkjKyQedaB3hRg,2026-08-30 21:54:32,1648,31,0,119.85,120.11,0.11,1
nHK_VOhLJR4,UC8x8GQmlxAIhHxzU61z0uLQ,2026-08-16 07:16:36,8689,53,8,119.98,120.23,0.02,0
nHjQhEVRuc4,UCv0cBz_Vdmd84xYl7gKWwQA,2026-08-13 19:00:04,1711,32,1,120.0,120.0,0.0,1
nIMyVF2wr-g,UCp9skQ2mP_DfVL8c3gZQUzg,2026-08-23 06:18:02,55773,222,54,119.96,120.21,0.04,1
nIk-OP6JfvA,UCoSniqkitCpxlHrQd5L8A1w,2026-08-18 02:03:53,900,5,0,119.94,120.19,0.06,0
nInRWwiprzg,UCVWAdUQGUiY2Kzh0JoB5PtQ,2026-08-10 09:00:24,12614,214,15,120.0,120.0,0.0,0
nIzzAX3VMkw,UCJ_skdHPp19J9qGsgXxjMnA,2026-08-01 08:00:32,8726,154,26,119.99,120.24,0.01,1
nJEMx-XQSZ0,UC9qwDE50UcXvdplRNZKEoPA,2026-08-29 01:00:10,17656,472,34,119.76,120.01,0.01,1
nJLyEW8-f_c,UCuWcjpKbIDAbZfHoru1toFg,2026-07-22 14:00:18,120194,3278,227,120.0,120.0,0.0,0
nJT7tOZSYuQ,UCv1tOT645xHOJrwdGlzjMaA,2026-07-31 12:18:52,69021,1289,43,119.94,120.19,0.06,1
nJWmVuqZa6c,UCgjaQlejpAnIu0q-xtVfTEw,2026-08-13 02:00:27,66581,1491,26,119.99,120.24,0.01,1
nJbm9BN5o1U,UCg7rkxrTnIhiHEpXY1ec9NA,2026-08-22 07:00:30,197338,7507,422,119.75,120.01,0.01,0
nJd_Fp8VeGE,UCIXQkaLrM7_t87SEM_pmHpA,2026-08-15 02:22:23,2325,25,9,119.88,120.13,0.12,0
nJjLGqM7A6o,UCV6mNrW8CrmWtcxWfQXy11g,2026-08-26 10:00:14,153609,6496,57,119.76,120.01,0.01,1
nJjnVQ8rR_o,UC8x8GQmlxAIhHxzU61z0uLQ,2026-07-28 14:00:10,4873,50,20,120.0,120.0,0.0,0
nKGv8KUPaek,UC0FUMakBJHsRrfKCGQuWnRA,2026-08-09 10:42:05,37485,270,323,119.8,120.05,0.05,0
nKJEZR5Xbiw,UC-FiQR2gg8oiNw98ZdsSX6Q,2026-08-22 23:30:39,1781,8,0,120.0,120.0,0.0,0
nKLEvfaiZck,UCyiKngyUPUb1bka4yFrn65g,2026-07-11 01:40:27,564,3,0,119.83,120.08,0.08,0
nKLsa7Bj89c,UCuZ862fZel1gq9RAf_OkvqA,2026-08-03 02:45:11,35415,629,155,120.0,120.0,0.0,0
nKOHm2z5r9U,UCs0LzOveQMLImmmTrMmP2sg,2026-08-10 13:00:14,89805,526,119,120.0,120.0,0.0,0
nKUdtqAbndc,UCt8CJiye87FMbEwt0npPMuQ,2026-07-12 12:00:10,37846,2173,242,120.0,120.0,0.0,1
nKx7sDsZ8HQ,UCnCFD3met1Ip7OngdF9TRDg,2026-08-22 04:28:04,7582,111,15,119.79,120.04,0.04,0
nL7J41gFrHQ,UCF-rFAdN7dzd-SI2T3rkCaQ,2026-07-17 09:00:38,92238,943,60,119.99,120.24,0.01,1
nLF-4JuZ3Is,UCnMshUhBxDsKFPnxBGmGEpg,2026-08-27 17:00:04,547,4,0,119.76,120.01,0.01,0
nLUdFfAkSmI,UCIxcZWLQpP-mUZC6_Uljc_Q,2026-08-30 14:56:03,29956,79,11,119.83,120.08,0.08,1
nLWAJHFBCW8,UC8x8GQmlxAIhHxzU61z0uLQ,2026-08-26 07:52:03,12270,58,3,119.89,120.14,0.11,0
nLm_E5ciBUM,UCZCZHg_oJiHcrcj2vaPRCag,2026-07-28 15:53:28,66,0,0,119.86,120.11,0.11,0
nLmu4rlOSoc,UCPGl9DV2WUgaqGVXtVrhJWQ,2026-07-25 07:22:20,5,0,0,119.88,120.13,0.12,1
nLqIUEAWW6s,UC3hCAmwyYNgRuOOSFV7evVA,2026-08-08 10:00:08,19838,154,37,120.0,120.0,0.0,0
nM1TO-NkbhQ,UCdGiRd1dTixfQxQrb2pbn5Q,2026-08-22 11:53:10,15001,181,6,119.88,120.13,0.12,1
nMBfxsYd3k0,UCHJv9xBR9lkzGSIepie-T_A,2026-08-07 22:30:08,4480,48,1,120.0,120.0,0.0,1
nMCyLCqOHKA,UCtUHgx7SA_eZFssVODDh82A,2026-08-30 08:54:38,63014,556,133,119.85,120.11,0.11,0
nMdqcC1aeRM,UCkNUuK9EfixaK2HbJYZ5YrQ,2026-07-27 04:30:11,5492,423,14,120.0,120.0,0.0,0
nMiSGNchj2Y,UClFSQxcVutJFEI9nCAOOkgQ,2026-08-27 04:40:58,2045,,23,119.83,120.08,0.08,1
nMmGKh3rF-g,UCl402YYy7RcH7PBI3npmGPQ,2026-08-28 09:00:32,210613,586,150,120.0,120.0,0.0,0
nMmfXvKoEkI,UCdK9h1ILxS49c2LguBUY3rw,2026-08-17 11:30:27,11,2,0,120.0,120.0,0.0,0
nMq994HX5h4,UC-DpK48x4bltMjHHChZ4zBg,2026-08-17 14:50:36,5025,47,10,119.91,120.16,0.09,0
nMwEF79WUVk,UCBtJuwDt6LlXp2YASC-ZMdA,2026-07-25 09:20:19,534,16,1,119.91,120.16,0.09,0
nN434BVzeo0,UClHGjnruf4A9Us7CHVgLIEQ,2026-07-27 11:10:56,13445,80,3,119.82,120.07,0.07,1
nNFj40wfts0,UCZ8QkhF9gSHi8IL8I4rFrOA,2026-07-24 09:45:36,28249,291,9,119.99,120.24,0.01,1
nNGzj6_3s4M,UCHZ9X2Nl3dq8ChEJgScmZCw,2026-07-30 04:15:34,22389,303,44,119.99,120.24,0.01,0
nNqWDZdhOq8,UCzDmGDR5RdahQkLCBoWlTEg,2026-08-12 03:00:14,22155,94,1,120.0,120.0,0.0,1
nOAxWF3UrM0,UCTVkjiEiaiSbEq0Qwd5XTPA,2026-08-16 03:34:46,253,12,1,119.92,120.17,0.08,0
nOBpYwVwA-Y,UCpI-AhCT02iQRGLC2ZcY0Jw,2026-07-10 10:00:36,19067,209,201,118.76,122.61,1.24,0
nOGfqVuxcVg,UCQSEAbOs6vsJfy7WN7iYaGQ,2026-08-05 22:00:38,614931,13397,362,119.99,120.24,0.01,0
nOQziQJfQWg,UCifCesg-EUkjKyQedaB3hRg,2026-08-16 01:23:16,260944,2106,10,119.86,120.11,0.11,0
nOc6-YlajLs,UCN9VGDvz2M3vdR0czEUp6lQ,2026-08-28 22:00:04,10510,135,129,119.76,120.01,0.01,0
nOnnFwz__wU,UC-FiQR2gg8oiNw98ZdsSX6Q,2026-08-22 11:00:28,1620,12,1,120.0,120.0,0.0,0
nOsCDl3FZcY,UC_m_uqd_9s0hZvlgfvCzqbQ,2026-07-22 13:05:13,230,1,0,119.92,120.17,0.08,1
nPFnH-54PiA,UCrR_fhiJjoW8OJFzUcmlMMA,2026-07-11 02:00:38,4009,47,7,119.99,120.24,0.01,0
nPcka1c0IfI,UCkvz_CZlthtVo7E2sGa43cg,2026-07-22 06:37:37,95659,1705,234,119.88,120.13,0.12,0
nPdAxVK5R5g,UC4oe-OVZ2Ho-03yrMkrXomQ,2026-08-18 23:00:27,204909,3253,226,120.0,120.0,0.0,1
nPkL0XrnTZc,UC5ThQKdocwo_9UurfT5P_ww,2026-08-19 00:00:37,267089,4708,151,120.0,120.0,0.0,1
nPmJLGxGEXc,UCt8CJiye87FMbEwt0npPMuQ,2026-08-13 12:30:26,26542,927,61,120.0,120.0,0.0,1
nPtowLxgj3g,UCmiTZyj9GwMjyznZxrgCH4Q,2026-07-31 23:00:16,11628,206,69,120.0,120.0,0.0,0
nQCirA6GKPc,UCYMXFMiaGBnZ08-wBHS2MPQ,2026-08-01 00:08:52,13368,111,35,119.85,120.1,0.1,0
nQcJStZzYXU,UCbFzvzDu17eDZ3RIeaLRswQ,2026-08-22 16:41:19,501907,6864,1353,119.82,120.07,0.07,0
nQdFopFpJN4,UC-StHq1pWM-t4XS9ycZpn9w,2026-07-16 06:35:18,13275,251,59,119.91,120.16,0.09,0
nQdQEHIJHrI,UCNu00qhYj4nPeMNdxuwV6sg,2026-08-26 14:04:07,1321,28,0,119.94,120.19,0.06,0
nQlwgahrXFA,UC2f8VfmEF2_0-rFN4RNHaNg,2026-07-22 14:21:33,26098,498,287,119.89,120.14,0.11,0
nQs2Z4QL6pk,UChHxLcNi7e0zu-e33HM6v6A,2026-08-25 23:00:32,10107,71,26,120.0,120.0,0.0,0
nR0N2kPihFY,UC3RzmV2LX3AmWhZVx0A7u0A,2026-07-18 07:00:23,20212,412,154,120.0,120.0,0.0,0
nR20RubT4oY,UCO203d-HvWROK_vpGbWASDw,2026-08-05 02:00:13,50,5,0,120.0,120.0,0.0,0
nRBtqZtT1G0,UC_Xb6sEXAdNv9nHU4988vmg,2026-08-26 11:00:09,296930,,0,119.76,120.01,0.01,1
nRKJOjR2vxY,UC0PMQXAwF6O6aeTpv962miA,2026-08-27 22:06:09,216525,2852,381,119.91,120.16,0.09,0
nRSoD8u6LBg,UCxPMcxq7WJ32M3lnFn58Cpg,2026-07-14 12:28:21,5810,74,1,119.78,120.03,0.03,1
nRooFPM_tDQ,UCBW_PhuXoHk40xF6nO0Q64w,2026-07-29 22:00:25,11889,232,40,120.0,120.0,0.0,0
nRwPJKwSaoQ,UC_8GOc5dWX2Kpb74_nQ7vSQ,2026-08-12 11:30:37,674155,24459,308,119.99,120.24,0.01,1
nSNiQE5JeHM,UCZFGZ_LhwgiTxaJzJ0QGdFw,2026-08-02 08:36:09,11730,21,0,119.9,120.15,0.1,0
nSPhcH-BLyA,UCi5yzN6jpdz2akGTm-mJSKQ,2026-08-31 12:57:58,1331,26,8,119.79,120.05,0.05,0
nSQSNkzQJmg,UCoH2pCzAr6zWDG-LtUiLWRw,2026-08-16 23:00:03,27923,351,142,120.0,120.0,0.0,0
nSldAvGYZ2A,UCSl8TBqqflby-ymdEQVfRNQ,2026-07-26 03:02:12,14016,98,2,119.97,120.22,0.03,0
nSqxVmvyN_U,UCarBV0zWlC2k-HteyeKqfag,2026-07-24 08:52:34,10611,55,1,119.88,120.13,0.12,0
nSskxPwWj6Q,UCSh__r5HS4Y1xBkccWnV0TA,2026-07-25 18:10:05,157282,5277,193,119.83,120.08,0.08,0
nT4O2POZ6Tw,UC4VWaR3R17Ruc7j1Cy1-PKQ,2026-07-27 22:00:40,22,3,0,119.99,120.24,0.01,0
nT9d516vZbA,UCt8CJiye87FMbEwt0npPMuQ,2026-07-11 12:45:27,3362,122,14,119.99,120.24,0.01,1
rlWhOghetsM,UCyZXLzORHoh9QMwA7IwS0pA,2026-08-18 12:36:13,529,8,0,119.91,120.16,0.09,0
rldchMgNnuM,UCp6n8d8Y8r3MwKNw_MMaouQ,2026-08-29 15:00:22,8403,83,0,119.76,120.01,0.01,0
rlgvGnWk4ok,UCbIQGH_oFu0yfTWNPyquvpw,2026-07-24 11:30:05,331,8,0,120.0,120.0,0.0,0
rlgxcwNLHAA,UCZRH94I89Ps7giJYeK6DlWA,2026-07-13 03:00:18,64943,801,93,120.0,120.0,0.0,0
rlmWloDKVKY,UCg7rkxrTnIhiHEpXY1ec9NA,2026-07-26 07:00:09,260389,11118,767,120.0,120.0,0.0,0
rm8LMX-bQE0,UCzRPPKLkNxjD2of-0Xxfnjw,2026-08-24 06:02:39,15651,286,59,119.97,120.22,0.03,0
rmE_QQwX5eU,UCPsZX-D7LW99PjZLA-UysPQ,2026-08-29 12:00:02,1296,7,0,119.76,120.01,0.01,0
rmHb-CehWu0,UCBA9XaL5wCdHnC5EmEzwrqw,2026-08-12 09:37:29,585016,3942,350,119.88,120.13,0.12,0
rmJlVjD2q60,UCp9skQ2mP_DfVL8c3gZQUzg,2026-08-21 13:05:58,21379,168,0,119.92,120.16,0.08,0
rmbSiKWQKdk,UCEGtfhdJiRgH98mVMEQZThQ,2026-08-24 09:30:38,18188,81,15,120.0,120.0,0.0,1
rmboaDkB9uY,UC8IxyKkhu4YUYK_c76AdcDw,2026-07-23 03:21:59,8539,107,56,119.89,120.14,0.11,0
rmh3nbIj8O4,UCpcTrCXblq78GZrTUTLWeBw,2026-08-03 19:00:22,86076,2479,49,120.0,120.0,0.0,0
rmtHkGGHEro,UCQyZh4b4TLaSVldnDWnh7fA,2026-07-27 08:03:48,1,0,0,119.94,120.19,0.06,0
rn8PMIRUkAA,UCpcTrCXblq78GZrTUTLWeBw,2026-08-09 13:30:12,50304,682,50,120.0,120.0,0.0,0
rnHeEcwWOTc,UCPsZX-D7LW99PjZLA-UysPQ,2026-08-01 03:00:24,2135,17,8,120.0,120.0,0.0,0
rnJciYKJRu8,UC-okJdotaXPlzivRzHFqzuA,2026-07-25 02:59:21,86658,1104,27,119.76,120.01,0.01,0
rnQ1MWzbNcI,UCQJuZxeDv2P05YHcC-tIEVQ,2026-08-04 08:00:39,19695,288,24,119.99,120.24,0.01,0
rnQ1V3SFaaY,UCV6mNrW8CrmWtcxWfQXy11g,2026-08-03 22:00:31,30497,2352,27,119.99,120.24,0.01,0
rnc2CTGiH7k,UCOKQpmfKrtu7Nu719CVSw1A,2026-07-25 10:30:05,3254,43,17,120.0,120.0,0.0,0
ro5ZSZlFm2E,UC0aKwoKNeqBaUwiEXmkQaGQ,2026-08-22 03:00:09,98682,2267,119,119.76,120.01,0.01,1
roBUZstjJ4U,UCifCesg-EUkjKyQedaB3hRg,2026-07-31 21:44:01,17461,458,3,119.77,120.02,0.02,1
roE5rpJIeS4,UCOTJtP0Z9DjpPU43B5m1V6A,2026-08-19 02:30:26,120218,1202,109,120.0,120.0,0.0,0
roRJJ0c2Kso,UCV7WE8I_UiAN0fa6Arezx_w,2026-08-08 09:00:19,43,1,0,120.0,120.0,0.0,0
rp-MQm0kbTo,UCOKQpmfKrtu7Nu719CVSw1A,2026-08-09 03:00:29,1417,18,1,120.0,120.0,0.0,1
rp2NxZ29Blo,UCYMXFMiaGBnZ08-wBHS2MPQ,2026-08-20 10:11:09,1955,7,8,119.82,120.07,0.07,0
rpG06wo9MSo,UCifCesg-EUkjKyQedaB3hRg,2026-08-19 21:39:11,10190,188,0,119.85,120.1,0.1,1
rpKK6hhiH24,UCt8CJiye87FMbEwt0npPMuQ,2026-08-07 13:00:26,3839,130,12,120.0,120.0,0.0,0
rpOkbJ2GsSE,UCN5oT4zGJX-_H6pE5isAEeg,2026-08-29 03:00:28,389645,8268,155,120.0,120.0,0.0,1
rpSV-6MWqNI,UCzDyC6JMEXEufozffWzI9Mg,2026-08-14 04:00:23,79457,931,41,120.0,120.0,0.0,1
rpY-vGeoDmQ,UCOTJtP0Z9DjpPU43B5m1V6A,2026-08-31 12:00:35,255067,1579,34,120.0,120.0,0.0,1
rpcKhMyC4mg,UCtGMgPWJNU2Aj-SNK0zg0Sg,2026-07-31 17:46:52,3331,24,0,119.97,120.22,0.03,0
rpe6nXcGuso,UCvAetSOU_4lyjM5hVMNzN0Q,2026-08-07 16:40:20,68391,549,46,119.83,120.08,0.08,1
rq0-207PBfY,UCFrKhWvZ8oeJQTNP5ZabgJw,2026-08-16 05:00:15,134724,1391,163,120.0,120.0,0.0,1
rq11-riuUtc,UCPGl9DV2WUgaqGVXtVrhJWQ,2026-07-16 12:52:18,5,0,0,119.88,120.13,0.12,0
rq5m1aqlwDw,UCirJgPv8RtFaFMj39b6cD8Q,2026-07-25 11:30:25,15680,134,1,119.99,120.24,0.01,1
rqNFAjEz82Y,UCz5LAkkX66OAW-y_WiWf9vA,2026-08-03 02:07:53,369,10,2,119.87,120.12,0.12,0
rqTX7cy-IDs,UCUt2AEhC-OOC2EPCzj4DkCw,2026-08-22 23:00:21,36934,599,22,120.0,120.0,0.0,1
rqWGMqX9c44,UCH29Gz8a6veRLqUxzjBXHrQ,2026-07-31 09:51:48,29721,1083,86,119.89,120.14,0.11,0
rqzH_aXMMx4,UCikKJvpU0Ylua4hRW6faQRg,2026-07-25 10:55:48,3823,89,0,119.82,120.07,0.07,0
rrDsjXA9BLE,UCKVt3arMXfa6XZezR1UnjqQ,2026-07-14 09:00:39,12647,29,10,119.99,120.24,0.01,0
rrEvqnNtAp4,UC78d2aaqdrt02RfmtRLmlAw,2026-08-26 16:00:29,22232,307,63,120.0,120.0,0.0,1
rrKCiUl7T0s,UC_m_uqd_9s0hZvlgfvCzqbQ,2026-08-28 14:53:44,1265,5,0,119.87,120.12,0.12,1
rrLWzKq9aRs,UC-yb5eNBQyXBE9nZnht9u-g,2026-08-16 10:27:18,4621,174,5,119.8,120.05,0.05,1
rrVAV8nkq9I,UCyoSQyaCrZHro6F_nBiXIYg,2026-07-15 06:51:19,236828,1677,286,119.9,120.15,0.1,0
rr_YmIQdOnE,UC-DpK48x4bltMjHHChZ4zBg,2026-08-24 13:44:05,9686,79,23,119.78,120.03,0.03,0
rrma-Cy-TPw,UCi8fe6P0_tLeZ1r31wOydvw,2026-08-24 04:00:31,1817,14,3,120.0,120.0,0.0,0
rrnXXL2_X98,UCt8CJiye87FMbEwt0npPMuQ,2026-07-31 15:51:12,3028,92,9,119.9,120.15,0.1,0
rrqmaAMKgw0,UCt8CJiye87FMbEwt0npPMuQ,2026-08-05 12:00:01,6130,167,20,120.0,120.0,0.0,0
rrxJUeUwjbw,UCIQEX0V3QxP-tY_jpRT-waQ,2026-08-17 06:48:17,2220,15,2,119.95,120.2,0.05,1
rs0HKz7WfAA,UCzps05UZ7XpX3SFoFyYIDow,2026-08-18 03:47:39,84010,775,884,119.96,120.21,0.04,0
rs3db0sjdDg,UC2yOBpLVwB7kzt9C5ZPbB7w,2026-07-31 12:00:05,80377,1061,51,120.0,120.0,0.0,1
rs630awMa3k,UC2NFRq9s2neD_Ml0tPhNC2Q,2026-08-21 03:00:12,531803,7704,102,119.76,120.01,0.01,0
rsENhFIQ5Og,UC8aCmG_y4DqqVI9Xlcym1Jg,2026-07-23 20:30:35,134,8,0,120.0,120.0,0.0,0
rsFIcGn4Bz4,UC0E_zsPAziGgkxaAtwvmFAA,2026-08-17 22:30:23,377133,10541,398,120.0,120.0,0.0,0
rsGMguyUSHs,UCnCFD3met1Ip7OngdF9TRDg,2026-08-30 05:17:40,19109,85,9,119.97,120.22,0.03,0
rsosom_ats0,UCxPMcxq7WJ32M3lnFn58Cpg,2026-08-03 10:28:06,46196,164,79,119.78,120.03,0.03,1
rt-mY0HBDjg,UCBidluUUxzT_5jVOI_2x2MQ,2026-08-22 03:00:24,1167,11,1,120.0,120.0,0.0,1
rt2D7oWOU2s,UCOTJtP0Z9DjpPU43B5m1V6A,2026-07-28 12:00:13,240742,1937,98,120.0,120.0,0.0,1
rtFoHCLAk94,UC7lwS-aSDzYHZJ9uWuzySwQ,2026-08-26 22:00:09,3259,10,0,119.76,120.01,0.01,1
rtHeN1Rdhyw,UCEGtfhdJiRgH98mVMEQZThQ,2026-08-26 11:00:33,8936,30,15,120.0,120.0,0.0,0
rt_wQ-Tw9ps,UC_1zs9WEip0B-2g5ysbf-eg,2026-08-01 04:44:26,254,2,0,119.76,120.01,0.01,1
rtd9Gkr-ICk,UC78d2aaqdrt02RfmtRLmlAw,2026-08-01 22:20:45,2614,27,0,119.91,120.16,0.09,0
rtoWE-jZ2eA,UC5Yx9RlmznXDUEIrfoSqheA,2026-08-16 18:29:44,22368,83,0,119.76,120.01,0.01,0
ruGMyBLpgoQ,UC6LLMkdyses2ugPRNEXutMQ,2026-08-06 10:15:22,15859,113,5,120.0,120.0,0.0,1
ruOhIg7ob4E,UCt8CJiye87FMbEwt0npPMuQ,2026-08-21 13:30:14,2686,150,9,119.76,120.01,0.01,1
ruPpRZBRI10,UCJj2vuQIpFnk5pbTAtCi3yw,2026-07-21 09:24:36,14827,273,77,119.84,120.09,0.09,0
rucoZ6tVt1M,UCI3DTtB-a3fJPjKtQ5kYHfA,2026-07-26 02:00:32,11735,203,6,119.99,120.24,0.01,0
rul8N3n6Y1U,UC59jWhPazXYi8Ny4vake45A,2026-08-04 09:29:17,31949,563,7,119.76,120.01,0.01,1
rutaql_oyyI,UCN5oT4zGJX-_H6pE5isAEeg,2026-08-06 12:00:38,731027,9414,158,119.99,120.24,0.01,1
rv0u3mwvaFI,UCBS4sjbGJIcclT-Y6i_Jzkg,2026-07-31 14:40:16,11320,333,1,119.83,120.08,0.08,1
rvA7KmZEfq4,UCvagJYsZ_uvB3jJoNwuimZQ,2026-08-16 02:21:58,1157,5,0,119.89,120.14,0.11,0
rvHp8p54kSE,UC5Yx9RlmznXDUEIrfoSqheA,2026-07-28 18:27:15,6489,40,0,119.8,120.05,0.05,0
rvNCTIfs5Ok,UCV7WE8I_UiAN0fa6Arezx_w,2026-08-02 14:00:26,37,1,0,120.0,120.0,0.0,0
rvNgDCb4MwI,UCOX0M9VYOm2FVBORW9XLChg,2026-08-17 01:44:54,49,2,0,120.0,120.0,0.0,0
rvPUArbORH0,UCms8Ge7H1ZGgw6nV94fUhUQ,2026-07-23 03:00:06,5295,93,24,120.0,120.0,0.0,1
rvQ-VwHozSI,UCPGl9DV2WUgaqGVXtVrhJWQ,2026-08-09 15:00:40,5,0,0,119.99,120.24,0.01,0
rvZ12LRvI9o,UCHeg3ApmuXQbqqszaD1fR9g,2026-08-04 14:41:51,80,6,0,119.81,120.06,0.06,0
rvoUQrZkFSY,UC3RzmV2LX3AmWhZVx0A7u0A,2026-07-22 07:00:04,393476,5951,246,120.0,120.0,0.0,1
rvugk3NGUWk,UCNu00qhYj4nPeMNdxuwV6sg,2026-08-23 10:54:59,1183,37,0,119.85,120.1,0.1,0
rw7WC-e7z04,UCifCesg-EUkjKyQedaB3hRg,2026-08-24 02:46:27,27970,640,12,119.99,120.24,0.01,1
rwGlOWz_wuo,UCLJNL66b_LytPcZovqz5pkg,2026-08-29 15:00:28,10342,104,15,120.0,120.0,0.0,0
uTtAWec_hBQ,UCuXE-MdbuaZcPt_2J2kSsSQ,2026-08-01 03:35:17,145,3,0,119.91,120.16,0.09,0
uU8AGLPJGcE,UCV6mNrW8CrmWtcxWfQXy11g,2026-08-25 23:00:36,153607,6990,106,120.0,120.0,0.0,1
uUCAbqWkSJU,UCYGF_xk5RDpltyZDSx040uw,2026-08-03 12:06:58,39943,637,51,119.89,120.14,0.11,1
uUCa_MhyzSE,UC3RzmV2LX3AmWhZVx0A7u0A,2026-08-21 07:00:06,40207,820,324,119.76,120.01,0.01,0
uUS-GcfNYnY,UCv1tOT645xHOJrwdGlzjMaA,2026-08-26 13:56:02,24507,178,113,119.83,120.08,0.08,0
uUeovzMn50w,UCp9skQ2mP_DfVL8c3gZQUzg,2026-07-23 19:03:56,5246,95,0,119.94,120.19,0.06,0
uUilxixvLkQ,UCv1tOT645xHOJrwdGlzjMaA,2026-08-19 12:43:50,118108,3385,69,119.78,120.03,0.03,1
uUn4qAdi5o0,UCnCH3Uhv_ynhTNKEH6ekRtg,2026-08-04 07:30:48,11130,158,21,119.99,120.24,0.01,0
uUqWGC_4aC4,UCdK9h1ILxS49c2LguBUY3rw,2026-08-25 11:30:06,11,3,2,119.76,120.01,0.01,0
uUsOjazhjGw,UCz5LAkkX66OAW-y_WiWf9vA,2026-08-02 10:16:31,5709,17,2,119.98,120.23,0.02,1
uV0vzxZJtKY,UCJmnOEp1-OITEU0mk4icM5A,2026-08-15 02:00:34,80623,924,126,119.99,120.24,0.01,0
uV5E4b_qJq0,UC3hCAmwyYNgRuOOSFV7evVA,2026-08-31 09:15:39,57014,171,31,120.0,120.0,0.0,1
uVHMiVrHVQo,UC_E_qYfGKM3C0kqrp1p8z7Q,2026-08-06 19:00:35,237,7,1,119.99,120.24,0.01,1
uVX8NvGPDvM,UCl-VnCUwSxDr5zPu-YlDUYw,2026-08-27 09:15:25,15440,114,31,119.76,120.01,0.01,0
uVdBMqBiFKg,UCpcTrCXblq78GZrTUTLWeBw,2026-07-16 07:37:14,7455885,33080,279,119.88,120.13,0.12,0
uVgqrsCfuFA,UCSzHok6X5qXEO7cjvVnE62g,2026-07-15 12:00:34,160377,1322,26,119.99,120.24,0.01,1
uVmAcj96oUc,UCPGl9DV2WUgaqGVXtVrhJWQ,2026-07-31 13:51:37,2,0,0,119.89,120.14,0.11,0
uVphpaIFXQA,UCl402YYy7RcH7PBI3npmGPQ,2026-08-09 06:00:27,145538,784,111,120.0,120.0,0.0,0
uVun9b5o-Gw,UCl402YYy7RcH7PBI3npmGPQ,2026-07-25 03:00:18,134143,913,255,120.0,120.0,0.0,0
uWHWEubecyw,UChHxLcNi7e0zu-e33HM6v6A,2026-07-25 03:00:26,25172,125,52,120.0,120.0,0.0,0
uWPizxprAq4,UCYooECrv-fIXlPaDwEIaveA,2026-08-14 09:00:30,79674,867,10,120.0,120.0,0.0,1
uWid3dHiktM,UC3_QWAvQRhPW4CDoQU8acKw,2026-08-25 07:28:40,60581,971,47,119.78,120.03,0.03,0
uWoz3ZmYw3E,UC_m_uqd_9s0hZvlgfvCzqbQ,2026-07-22 13:04:18,1452,4,0,119.93,120.18,0.07,1
uWr5T9ceNaY,UCyoSQyaCrZHro6F_nBiXIYg,2026-07-19 13:51:55,146703,984,249,119.89,120.14,0.11,0
uWxfqa-dvC0,UC9otskL_kd-0CDib_5Lj-mQ,2026-07-30 05:00:06,252536,225,11,120.0,120.0,0.0,0
uXXMUZs9sDM,UCMswODzU1ZjjrLyUk7NfwPA,2026-08-20 10:28:40,12527,316,13,119.78,120.03,0.03,0
uXXkHfVnlr8,UC6JB_a6rD1lZ_aZgQvORfrQ,2026-07-30 15:41:48,1341,52,0,119.81,120.06,0.06,0
uXbFGjxIPzM,UC0aKwoKNeqBaUwiEXmkQaGQ,2026-08-04 10:30:18,78624,1496,269,120.0,120.0,0.0,0
uY8WyONSnqE,UCAVR6Q0YgYa8xwz8rdg9Mrg,2026-08-22 04:00:13,104749,6341,363,119.76,120.01,0.01,0
uYIfWoAus5I,UCETJ2rkwgeYb0OojPNh-DRw,2026-07-16 03:33:00,16681,223,4,119.95,120.2,0.05,0
uYVVx6BZpuA,UCV7WE8I_UiAN0fa6Arezx_w,2026-08-01 12:00:16,24,0,0,120.0,120.0,0.0,0
uYmRmR7C-kM,UC027x98NgUBw9K4aPT8k0mg,2026-08-19 12:00:30,46084,377,126,120.0,120.0,0.0,0
uYrpGyuYE3s,UCt8CJiye87FMbEwt0npPMuQ,2026-07-23 00:56:37,4549,122,35,119.81,120.06,0.06,0
uYunpZnoIp8,UCI7OFjGUtM8yePASCBdnUUg,2026-08-23 11:33:21,264,9,1,119.96,120.21,0.04,0
uZR_0h13b9Y,UCPoEVLrQMMXICwULGDwfvug,2026-08-27 08:46:29,13926,149,20,119.99,120.24,0.01,1
uZT3Fkxw1SQ,UCYGF_xk5RDpltyZDSx040uw,2026-08-08 03:16:24,149612,1138,24,119.98,120.23,0.02,1
uZWttc7jRS8,UCwfbSsZ7_sccxcibe60mWlQ,2026-08-04 03:06:44,14867,66,13,119.89,120.14,0.11,0
uZgtoqlP03g,UCUbOogiD-4PKDqaJfSOTC0g,2026-07-23 10:39:22,72179,392,92,119.85,120.09,0.09,0
uZid4BEcfwg,UCBvKuSAkXERBnGSQOH0Sarw,2026-07-22 18:38:12,11653,116,0,119.87,120.12,0.12,0
u_7sCfFojT8,UCby0vMKcLR05ZdS90aZd5og,2026-08-04 07:24:03,2623,7,7,119.85,120.1,0.1,1
u_Fs_cR4eRA,UC9qwDE50UcXvdplRNZKEoPA,2026-07-24 13:54:03,3942,63,25,119.85,120.1,0.1,0
u_GAHVfdbT0,UCZCZHg_oJiHcrcj2vaPRCag,2026-08-31 09:00:23,1034,0,0,119.76,120.01,0.01,0
u_L8JXGlX9A,UCb5NLtXAsTBrmaZVhyFa-Wg,2026-08-12 09:15:32,178409,1059,954,119.99,120.24,0.01,0
u_qFawLos_k,UC8CIM3d3zDYMk-3T5aAz0yw,2026-08-15 10:16:09,441543,8857,977,119.98,120.23,0.02,0
uaB1Yed7F4U,UCw1DsweY9b2AKGjV4kGJP1A,2026-08-30 08:02:37,44677,103,25,119.97,120.22,0.03,0
uafD-xHpVJY,UCi1Tln5CFg1yExpz8djyxjA,2026-08-22 23:07:22,1306627,37667,202,119.89,120.14,0.11,1
uawMSekeasY,UC0FUMakBJHsRrfKCGQuWnRA,2026-08-01 11:52:34,127701,1446,613,119.88,120.13,0.12,0
uazbWOIHLmc,UCtjlhCmFXYFXC4uqg1flTBg,2026-08-25 01:38:33,92,0,0,119.87,120.12,0.12,0
ub2lK7KPcnA,UCV6mNrW8CrmWtcxWfQXy11g,2026-08-28 14:00:21,24474,827,18,119.76,120.01,0.01,1
ubDUWTDgVYI,UCElXDMEQqlUnuyDbChjARWQ,2026-08-09 07:46:13,1151,4,0,119.98,120.23,0.02,0
ubEqqSNX97Y,UC0Zl_lyMoTbroBSNv7SpGuQ,2026-08-20 01:32:17,236628,,195,119.97,120.22,0.03,1
ubGoZy1t7sY,UCEg24oF81p-THPtp3otdmTA,2026-08-17 09:00:30,104861,4553,254,120.0,120.0,0.0,0
ubKBlJq78P0,UCBtJuwDt6LlXp2YASC-ZMdA,2026-07-26 23:29:15,235,3,0,119.76,120.01,0.01,0
ubN2R_da-OA,UCt8CJiye87FMbEwt0npPMuQ,2026-07-16 14:15:17,91823,4544,219,120.0,120.0,0.0,1
ubZxOT9vm-M,UCUPa-gJcbYG9Ql8b9H9FBbg,2026-07-24 08:00:15,3264,68,15,120.0,120.0,0.0,0
ubcoHQ1uoZM,UCE-6-bWkikwoP4_ooZNep3g,2026-08-27 22:00:05,7271,474,16,119.76,120.01,0.01,1
ubi6wCN82nI,UC2Q9aDRNOLcOiMcKpF0Ylhg,2026-07-23 06:20:56,3469,267,36,119.9,120.16,0.1,0
ubky5wCLYME,UCCrqkpYfyGX5UBFyPx6bqKA,2026-08-13 12:04:10,1993,46,19,119.93,120.18,0.07,0
ublYXi2FV4I,UCzps05UZ7XpX3SFoFyYIDow,2026-07-25 20:55:46,60272,524,655,119.82,120.07,0.07,0
ubrPoLqmuuM,UC-S8JFhLkQ5enhB70c2CYIw,2026-08-16 11:04:06,68775,1944,204,119.93,120.18,0.07,0
uc6sDOtZPn8,UCADf92tisOOh90hrZee4-LA,2026-08-12 11:22:52,95209,370,11,119.87,120.12,0.12,1
uc7_Aotk1Ts,UCTK7GGeH0c9INAEnV2EfD0Q,2026-08-06 09:00:05,27104,790,11,120.0,120.0,0.0,1
uc9bkbUXpHc,UCJmnOEp1-OITEU0mk4icM5A,2026-07-23 12:00:11,48241,716,82,120.0,120.0,0.0,1
ucDmj1exeSw,UCZCZHg_oJiHcrcj2vaPRCag,2026-08-21 09:00:06,134,1,0,119.76,120.01,0.01,0
ucEyUTXbUw4,UC1sELGmy5jp5fQUugmuYlXQ,2026-07-25 15:00:22,1965660,78915,933,120.0,120.0,0.0,1
ucG7dIkXv3g,UCDnIK80iouL_rb_J6GybOlg,2026-07-12 21:00:24,1,0,0,119.99,120.24,0.01,0
ucK9SZulk50,UC4VWaR3R17Ruc7j1Cy1-PKQ,2026-08-08 22:23:20,118,7,2,119.86,120.11,0.11,0
uct-Pucz-D4,UCOMVY7jsl569k0UYXWv3OgQ,2026-08-13 10:04:55,41,2,2,119.92,120.17,0.08,0
ud2hH1URQpA,UC9nWoDbRAl3-fvreBNeStKQ,2026-08-01 19:10:52,26354,307,18,119.82,120.07,0.07,1
ud8u8qfgrBQ,UC1q4Ihlv_YhLELw-ijE0Diw,2026-07-10 12:00:20,137494,2622,111,116.76,120.61,0.61,0
udDiWRE00BA,UCv1tOT645xHOJrwdGlzjMaA,2026-07-24 12:29:15,38353,885,17,119.76,120.01,0.01,1
udEZedtEwKU,UCHeg3ApmuXQbqqszaD1fR9g,2026-08-28 02:00:38,20982,343,13,120.0,120.0,0.0,1
udbTzYTjhyI,UCV7WE8I_UiAN0fa6Arezx_w,2026-08-13 09:00:10,31,0,0,120.0,120.0,0.0,0
uddHO6rrFgY,UCJpAwvQaZyCI5spAz7tipGA,2026-08-03 08:30:18,400534,1835,175,120.0,120.0,0.0,0
udl443f7q9w,UCv1tOT645xHOJrwdGlzjMaA,2026-08-24 09:00:10,42769,828,9,119.76,120.01,0.01,1
uduG9biFdxI,UCHYMpkGhNIr8A0m2H3lIjUA,2026-07-21 13:00:14,27932,259,35,120.0,120.0,0.0,0
ueR6BVWaTHM,UCv1tOT645xHOJrwdGlzjMaA,2026-08-27 12:57:28,321168,1508,13,119.8,120.05,0.05,0
ue_YvaIggnQ,UCYGF_xk5RDpltyZDSx040uw,2026-08-19 12:26:13,61169,615,27,119.82,120.07,0.07,1
ueaC8HT7dYY,UCt8CJiye87FMbEwt0npPMuQ,2026-08-06 16:45:10,3252,102,25,120.0,120.0,0.0,0
uekSTkPj8eM,UCHCeN9BUgogMGrHBC6zKYvA,2026-07-25 12:12:47,6934,123,31,119.79,120.04,0.04,0
pwQYElerrOk,UCPGl9DV2WUgaqGVXtVrhJWQ,2026-07-24 15:00:37,4,0,0,119.99,120.24,0.01,0
pwREh-xkGOY,UCYMXFMiaGBnZ08-wBHS2MPQ,2026-08-23 21:30:37,3090,15,6,120.0,120.0,0.0,0
pwWbKVIdOPk,UCoSniqkitCpxlHrQd5L8A1w,2026-08-09 15:53:25,2315,20,11,119.86,120.11,0.11,0
pwbooZHDkTY,UC1Ns07Rw0lQK-KuaPHfRRTw,2026-07-29 15:29:41,88,0,0,119.76,120.01,0.01,0
pwd0CZNcXI8,UCMswODzU1ZjjrLyUk7NfwPA,2026-08-02 11:36:06,12484,325,15,119.9,120.15,0.1,0
pwuf53e5gos,UC59jWhPazXYi8Ny4vake45A,2026-08-28 13:08:15,193175,7292,208,119.87,120.12,0.12,0
pwv3tK7Ctdc,UCtVBI7YLJyDvrx7iWAukx_Q,2026-08-06 02:00:11,170940,7612,596,120.0,120.0,0.0,0
px5K2GPl6eY,UCRLoyYlPR9ufzlbeI9lLDqg,2026-07-26 09:00:31,25123,1524,84,119.99,120.24,0.01,1
pxG_cNG68LA,UCqI5lyTpC79pOy2D-VXAMdA,2026-07-31 15:21:26,74787,820,234,119.9,120.15,0.1,0
pxJ0XEPSSas,UCI3DTtB-a3fJPjKtQ5kYHfA,2026-08-27 23:54:56,3059,8,0,119.85,120.1,0.1,0
pxiFv0z0STE,UCiVO_mThS9B3tNc_kzpn-3g,2026-07-28 15:00:34,13637,319,16,119.99,120.24,0.01,1
pxjBRNO37Gc,UCvAetSOU_4lyjM5hVMNzN0Q,2026-07-31 16:40:32,236594,2135,102,119.83,120.08,0.08,1
pxuJbmX-l6E,UC5ThQKdocwo_9UurfT5P_ww,2026-08-09 23:57:08,262728,4204,61,119.8,120.05,0.05,1
py-jrXCeZ1Y,UCPGl9DV2WUgaqGVXtVrhJWQ,2026-07-18 15:00:19,6,0,0,120.0,120.0,0.0,0
pyWh4NlYu70,UCSzHok6X5qXEO7cjvVnE62g,2026-07-14 08:00:08,41545,234,35,120.0,120.0,0.0,0
pyeY_U0Csto,UChHxLcNi7e0zu-e33HM6v6A,2026-08-24 04:32:47,15371,171,41,119.96,120.21,0.04,0
pylpr038Q_w,UCS-X1uBDTNwAYyydiXjcX9A,2026-07-30 09:00:32,18202,242,129,119.99,120.24,0.01,0
pyp-sRT-XAc,UC1Ns07Rw0lQK-KuaPHfRRTw,2026-08-24 12:52:35,33,0,0,119.88,120.13,0.12,0
pyvdD6pkIn8,UC6LLMkdyses2ugPRNEXutMQ,2026-07-28 10:15:07,25424,167,14,120.0,120.0,0.0,1
pyyW9TSYxic,UCiEMsnnzti6PDNi8TAlSnFw,2026-08-19 18:29:26,17,,0,119.77,120.02,0.02,0
pyytphmrAdo,UCmZeuRfHYowZhf6odtoaNdg,2026-08-04 06:41:51,50835,248,141,119.81,120.06,0.06,1
pz0VqR6vVRo,UCaN1Qp37sHiCdQuSaXa3fVw,2026-08-17 13:50:30,331829,,80,119.91,120.16,0.09,1
pz6p-5JvDGI,UC783XWULPW-nDGv_0EYlB6Q,2026-07-24 09:30:02,73135,2071,24,120.0,120.0,0.0,1
pzC90wLfmPA,UCpI-AhCT02iQRGLC2ZcY0Jw,2026-07-17 09:01:23,22910,289,282,119.98,120.23,0.02,0
pzCzJVczLUU,UCoqMTw0yGmjIjNayukuOg5Q,2026-07-31 12:02:50,12708,226,96,119.96,120.21,0.04,0
pzWLnv-dIQs,UCZFGZ_LhwgiTxaJzJ0QGdFw,2026-08-22 14:48:08,2901,13,0,119.96,120.21,0.04,0
pzZLc8PuJyM,UCqIwPYLfMd3EoWYwvyTjPnA,2026-08-07 08:00:36,131880,698,114,119.99,120.24,0.01,0
pzkstGyQu94,UCyz5WVrb-cz3myY04x_kVYw,2026-08-20 12:44:51,10556,85,8,119.76,120.01,0.01,1
pzvJGGCVvZ4,UCQJuZxeDv2P05YHcC-tIEVQ,2026-08-28 08:00:02,34863,238,75,119.76,120.01,0.01,0
q-52PXcG_v0,UC783XWULPW-nDGv_0EYlB6Q,2026-08-14 09:30:13,21561,781,21,120.0,120.0,0.0,0
q-60Ar8zyqM,UCV6mNrW8CrmWtcxWfQXy11g,2026-08-04 22:00:15,244616,9392,57,120.0,120.0,0.0,1
q-AG7Qvx8KI,UCbeQg95cAxVRsxxh6FyilxA,2026-08-11 05:17:26,8087,24,9,119.96,120.21,0.04,0
q-DoTJnZ5WI,UCV7WE8I_UiAN0fa6Arezx_w,2026-08-12 12:00:20,54,0,0,120.0,120.0,0.0,0
q-IJ9VEOBUY,UCV7WE8I_UiAN0fa6Arezx_w,2026-08-30 15:00:10,327,1,0,119.76,120.01,0.01,0
q-OlX8AC5kI,UCATlfGN7EDjXS_2ofklb3bw,2026-07-26 07:52:08,45758,831,0,119.88,120.13,0.12,0
q-TQtCmhCZU,UCAl4HWznMn7KhKBRFO5eiFA,2026-07-28 06:00:16,2196,22,7,120.0,120.0,0.0,1
q-WDF33vUgU,UCw1DsweY9b2AKGjV4kGJP1A,2026-08-27 08:03:20,24883,53,8,119.96,120.21,0.04,0
q-Xh6IpB8Zc,UC3Oe-jfrIqEGygxYBYyN6jQ,2026-08-06 20:15:15,10320,127,1,120.0,120.0,0.0,0
q-eP22FEvaI,UCTUnpbuKoOODvhLhCO_kO_A,2026-08-27 06:00:34,3944,36,1,120.0,120.0,0.0,1
q-j-0hL4nmc,UCvAetSOU_4lyjM5hVMNzN0Q,2026-07-24 09:22:19,8761,106,23,119.88,120.13,0.12,0
q-jlMZR-nGg,UCnCFD3met1Ip7OngdF9TRDg,2026-07-27 03:19:23,10347,173,62,119.93,120.18,0.07,0
q-o2gKj988c,UCgWwo8FJL3MCxfd66ip7nFg,2026-07-29 09:00:12,38452,,47,120.0,120.0,0.0,0
q-onEd81FQY,UC3DYSay178fMMPaf3zHwECA,2026-08-16 08:00:31,55703,1678,43,120.0,120.0,0.0,1
q-sVfy-FNEw,UCAAtd2dSVf8urfwovnEIYaw,2026-07-30 06:37:33,4452,32,30,119.88,120.13,0.12,0
q-tyX5dlbmo,UC2OFe8XUEqDT3eJGO-0EDNQ,2026-08-30 05:44:07,949,13,5,119.78,120.03,0.03,0
q-uMkOffj_4,UC7Fh4LtlazaQnzT84qCzl6A,2026-08-10 06:09:21,142287,1844,39,119.85,120.1,0.1,1
q0ACr4UwkgQ,UCQhIdo5nRQY9DB3uo7vawtw,2026-08-09 13:40:13,298,19,6,119.83,120.08,0.08,0
q0B9N-abObA,UC783XWULPW-nDGv_0EYlB6Q,2026-08-15 09:30:25,17634,494,30,120.0,120.0,0.0,1
q0cSMfpG41o,UC3pTpoDKt17IrCDH60kSNPA,2026-08-27 02:11:15,2510,26,6,119.82,120.07,0.07,0
q0d2f_csUpo,UC-FiQR2gg8oiNw98ZdsSX6Q,2026-07-22 11:30:36,1482,10,0,119.99,120.24,0.01,0
q0v_YD3TZBA,UCfq-5-0b5Lzj7cKCrp6-flA,2026-08-31 08:00:15,13408,562,45,119.76,120.01,0.01,1
q140HMozpeA,UCPsZX-D7LW99PjZLA-UysPQ,2026-08-06 03:00:21,2014,10,2,120.0,120.0,0.0,0
q1MgjGOkI5k,UCPYeWvMGlNPORS7sOLFElkg,2026-07-26 05:19:16,1400,8,2,119.93,120.18,0.07,1
q1T1A0U-EUE,UCw-JzmPsjRcbzJLncr4pIIA,2026-07-27 12:30:33,209401,3060,202,119.99,120.24,0.01,0
q1kDdh5nM0o,UC6aF-skLT_1X6cdPJxVJXxQ,2026-07-11 10:20:39,50055,1630,50,119.91,120.16,0.09,1
q1qZDnrYJD0,UCsuanL5kXO29Uzz3MWlBsMQ,2026-08-14 07:15:13,93,5,1,120.0,120.0,0.0,0
q1rSNWsd7yg,UCBY9rOZPo0fLE45mOV0s0cw,2026-08-19 03:45:27,377,10,5,120.0,120.0,0.0,0
q1ywuBbEvQE,UCyU5JQ8KVRD9jE4E_xLsHxw,2026-08-26 13:00:59,131,1,0,120.0,120.0,0.0,0
q20jHjgGOmE,UCaN1Qp37sHiCdQuSaXa3fVw,2026-08-20 06:00:19,58334,,21,120.0,120.0,0.0,1
q21T3JxktEc,UCSfhr4gDPFsKuwdmTOWp2jw,2026-08-08 09:30:35,102,5,0,119.99,120.24,0.01,0
q27MhS_CyzQ,UC4ncZM9bnBknxPkJbq4miHQ,2026-08-30 10:07:03,46361,699,41,119.9,120.15,0.1,1
q2B8RBEdvvQ,UCV6mNrW8CrmWtcxWfQXy11g,2026-08-20 22:00:13,1296862,40604,178,119.76,120.01,0.01,1
q2N97pLUR7I,UCYxwKnNRv4FurQxeKcuR0Sw,2026-07-29 14:11:45,20,3,0,119.81,120.06,0.06,0
q2XdsikLvFg,UCePy6AqRuTfKDC4aTrqcAqQ,2026-08-27 08:01:35,2540,74,17,119.99,120.24,0.01,0
q2mjW3fblVc,UCdcjduaR6hyGHVNmpbJzSsw,2026-07-29 21:37:45,2432,24,2,119.87,120.12,0.12,0
q2rECrZ3dRk,UC4VWaR3R17Ruc7j1Cy1-PKQ,2026-08-06 11:47:36,97,5,3,119.96,120.21,0.04,0
q2t6OMIJfV8,UCZNTsLA6t6bRoj-5QRmqt_w,2026-08-01 17:00:19,55288,1382,11,120.0,120.0,0.0,0
q3GhnfLluAs,UCZ6mNZTiTUrUSbSYPlclI4A,2026-07-29 11:48:58,5544,68,20,119.94,120.19,0.06,0
q3b62-ITwUU,UC5WN-znPsJK0BbA8aHxZHWQ,2026-08-31 06:00:22,2143,45,2,119.76,120.01,0.01,0
q3tNhLoBDQo,UCim7oePrB5hdfhcYwgUY6Jw,2026-08-27 13:00:06,24838,46,35,119.76,120.01,0.01,0
q4QqASCTE_0,UClvMduw1MDMQ0PuH753-XSA,2026-08-14 23:33:57,2959,71,4,119.94,120.19,0.06,0
q4lGp03zVE4,UCpwGBltfwjd_fIzp5cb5R0w,2026-08-12 12:30:34,1095739,10482,196,119.99,120.24,0.01,1
q4nuLnNNv9E,UCAl4HWznMn7KhKBRFO5eiFA,2026-07-20 06:00:20,3723,63,0,120.0,120.0,0.0,0
q4rhnzCkZTs,UCzSODDx0zQF3nxXOZISCm_w,2026-08-14 08:04:35,524,2,1,119.93,120.18,0.07,0
q4xt0D5kOgo,UCHCeN9BUgogMGrHBC6zKYvA,2026-08-06 11:38:27,5581,119,35,119.86,120.11,0.11,0
q53CnTS5Rzo,UCV7WE8I_UiAN0fa6Arezx_w,2026-07-20 10:00:33,113,1,0,119.99,120.24,0.01,0
q56HA0TVHTY,UCoH2pCzAr6zWDG-LtUiLWRw,2026-08-06 00:06:01,57359,473,166,119.9,120.15,0.1,0
q59FgZ6NEPo,UCifCesg-EUkjKyQedaB3hRg,2026-07-25 23:19:39,28124,1522,10,119.92,120.17,0.08,1
q5HbZzkFJL0,UCv1tOT645xHOJrwdGlzjMaA,2026-08-13 12:45:56,174865,1187,13,119.99,120.24,0.01,0
q5KUJY9CBVg,UCVWAdUQGUiY2Kzh0JoB5PtQ,2026-07-23 09:04:39,1690,22,2,119.93,120.18,0.07,0
q5NCnV6kflU,UCoH2pCzAr6zWDG-LtUiLWRw,2026-07-13 22:00:14,54586,644,79,120.0,120.0,0.0,0
nTGxo9xM9bg,UCgvtwZJPhSfbKOxh3EoVXng,2026-08-30 10:23:27,259,1,2,119.87,120.13,0.13,0
nTT3lN84KBw,UCN8L7Z-dyzu9FzT39RM0fvw,2026-08-10 05:07:58,18015,202,82,119.87,120.12,0.12,0
nTUlQIkMPhk,UC2yOBpLVwB7kzt9C5ZPbB7w,2026-07-30 12:00:06,90849,1191,25,120.0,120.0,0.0,1
nTWKNPvMm3M,UCyiKngyUPUb1bka4yFrn65g,2026-08-22 20:47:52,1368,4,0,119.96,120.22,0.04,0
nTZjMEDduVc,UCYooECrv-fIXlPaDwEIaveA,2026-07-13 09:00:38,57388,812,18,119.99,120.24,0.01,1
nTZtTHo_js4,UC2t5bjwHdUX4vM2g8TRDq5g,2026-07-27 16:00:10,1311552,46771,232,120.0,120.0,0.0,1
nTau2g-t__o,UC2WBkFH1nHcO6aFLWo6sZQg,2026-08-22 14:25:22,16982,443,7,119.84,120.09,0.09,1
nTfAaZeLb38,UC_m_uqd_9s0hZvlgfvCzqbQ,2026-08-22 13:28:24,838,29,0,119.79,120.04,0.04,0
nTljLHJPLeY,UCZ-UuK86Bk5sGzQQ2cEglJQ,2026-08-02 08:45:40,65244,994,21,119.99,120.24,0.01,1
nTuq-0mMYxo,UCAl4HWznMn7KhKBRFO5eiFA,2026-08-05 10:24:15,22740,64,3,119.85,120.1,0.1,1
nU2DLhkp_ig,UCpcTrCXblq78GZrTUTLWeBw,2026-07-16 05:00:28,96866,1456,125,119.99,120.24,0.01,1
nU2eg7YtZg4,UCMswODzU1ZjjrLyUk7NfwPA,2026-08-25 03:00:01,33992,813,59,119.76,120.01,0.01,1
nU4_eTwjkn8,UCwfbSsZ7_sccxcibe60mWlQ,2026-08-06 13:57:24,50220,197,17,119.8,120.05,0.05,1
nUU1lYLW2Y8,UC6oq8RPEH1BmtyldQgXVbJw,2026-07-31 12:27:32,33576,303,54,119.79,120.04,0.04,1
nUhIzJwtMOE,UCz5LAkkX66OAW-y_WiWf9vA,2026-08-05 17:08:46,57,2,0,119.86,120.11,0.11,0
nUkd-E5aZRo,UCGa52d8Qlv3THghuCAt_nXA,2026-07-12 08:30:36,21502,207,4,119.99,120.24,0.01,1
nUt6QPB2kwA,UCNRnCc0hg3ZcKdOGXKKv5Ww,2026-08-14 03:15:24,34089,197,17,120.0,120.0,0.0,1
nUuYXnmfoX0,UCgvtwZJPhSfbKOxh3EoVXng,2026-07-23 10:41:34,3,0,0,119.81,120.06,0.06,0
nUvnoHwMJcw,UC5ThQKdocwo_9UurfT5P_ww,2026-08-08 02:05:11,323799,4120,75,119.92,120.17,0.08,1
nV0ITwP0mYU,UCeB_ZeSo0xDL62wWlkTEtjA,2026-07-29 01:00:19,27043,192,92,120.0,120.0,0.0,0
nV5TGiup5EY,UC2yOBpLVwB7kzt9C5ZPbB7w,2026-08-15 07:00:26,243197,3747,121,120.0,120.0,0.0,1
nVUT9VBSFfQ,UCt8CJiye87FMbEwt0npPMuQ,2026-07-16 17:00:09,920,27,3,120.0,120.0,0.0,1
nVa4FPsywgw,UC3hqiw3lZAXaMwhQvMGZkdw,2026-07-12 13:15:23,6160,113,3,119.99,120.24,0.01,0
nVh7gBe3UvE,UCT-UsvGz4gm7lezXvCEex9A,2026-08-25 08:00:24,383,20,6,119.76,120.01,0.01,0
nVjS7hBkUS0,UC2NFRq9s2neD_Ml0tPhNC2Q,2026-07-23 14:00:22,218133,3164,271,119.99,120.24,0.01,0
nVxlcvOHuSs,UCPGl9DV2WUgaqGVXtVrhJWQ,2026-07-16 15:00:27,10,0,0,119.99,120.24,0.01,0
nW99mo2QuF4,UCGW76VChAJKee9kYzvyoycQ,2026-08-09 11:00:29,6514,173,45,120.0,120.0,0.0,0
nWBadHuEqZw,UC2U8C7lmbQpfBeAW8fTP_jg,2026-08-02 05:42:58,24047,546,24,119.79,120.04,0.04,0
nWFEXuwkut8,UCJmnOEp1-OITEU0mk4icM5A,2026-08-19 05:00:30,108198,1252,53,120.0,120.0,0.0,1
nWGhpMZHI9I,UCGVy07wZs8W-EpKAGchrmCQ,2026-08-19 09:54:31,9519,71,12,119.85,120.1,0.1,0
nWMK8Hcjf1g,UC59jWhPazXYi8Ny4vake45A,2026-08-05 07:35:51,9019,397,13,119.91,120.16,0.09,1
nWVYDKZ0WxY,UCBmPfbqvGwTTfrV-H_UOfdw,2026-08-11 12:30:28,303360,3141,58,119.99,120.24,0.01,1
nWgKhfOkUPg,UCnju7ULBic4VgkCfDvVXCnA,2026-08-29 22:23:25,5400,81,0,119.87,120.13,0.13,0
nWvPYwh6y6Y,UCpcTrCXblq78GZrTUTLWeBw,2026-07-19 23:14:31,677057,30575,32,119.76,120.01,0.01,0
nX98hjR-eC4,UCv1tOT645xHOJrwdGlzjMaA,2026-08-28 13:15:25,50509,600,21,119.76,120.01,0.01,1
nXC0E42mcOU,UC8E29ANOC3_OuB7_5EPY2xw,2026-08-21 13:59:34,1187,1,0,119.77,120.02,0.02,1
nXDMXliTB20,UC5ScPjbt-a97AJO7SBj6nAg,2026-08-05 09:21:41,148586,3502,193,119.89,120.14,0.11,1
nXF5vdjlMoE,UCpI-AhCT02iQRGLC2ZcY0Jw,2026-08-25 11:22:28,35734,501,334,119.89,120.14,0.11,0
nXMzGmdNWMU,UCRCK5FCJtomQT3b88jXI_DA,2026-08-04 14:30:38,34521,,,119.99,120.24,0.01,0
nXOcjzBmZtg,UCb5NLtXAsTBrmaZVhyFa-Wg,2026-07-22 09:25:17,241643,1331,391,119.83,120.08,0.08,0
nXRdjLEAkbg,UCYJ0Ucu9jPX5kn6SeDcNaIQ,2026-08-30 15:00:14,22350,169,3,119.76,120.01,0.01,1
nXRoKo3s3ms,UCGVy07wZs8W-EpKAGchrmCQ,2026-08-20 04:17:52,3758,23,4,119.96,120.21,0.04,1
nXZfTJ8hnok,UCPGl9DV2WUgaqGVXtVrhJWQ,2026-08-23 15:00:30,8,0,0,120.0,120.0,0.0,0
nXg2a7tpuh8,UCKVt3arMXfa6XZezR1UnjqQ,2026-07-24 09:00:15,2719,32,2,120.0,120.0,0.0,0
nXjNiTIHtW0,UCZ-UuK86Bk5sGzQQ2cEglJQ,2026-08-12 07:36:11,100418,1157,42,119.9,120.15,0.1,1
nY8WLF8k2qE,UCv1tOT645xHOJrwdGlzjMaA,2026-07-14 10:57:03,38759,230,8,119.8,120.05,0.05,0
nY8euOtd5qE,UCv1tOT645xHOJrwdGlzjMaA,2026-08-07 12:23:33,43892,683,16,119.86,120.11,0.11,1
nYl-YSJyFs0,UC_9W6Z5Y3lDpLk47Y_y5ITQ,2026-08-07 01:20:57,28372,360,78,119.9,120.15,0.1,0
nYlIxxRr8mI,UCaN1Qp37sHiCdQuSaXa3fVw,2026-07-24 07:29:55,2108,31,19,120.0,120.0,0.0,0
nYlXbpQiUPE,UCN5oT4zGJX-_H6pE5isAEeg,2026-07-26 03:00:19,2413238,29828,1007,120.0,120.0,0.0,1
nZHSsp6_24w,UCab17MxxnFtAhGsJVTkSkCg,2026-08-26 12:25:27,4121,15,0,119.84,120.09,0.09,0
nZHqCrLeddM,UCdK9h1ILxS49c2LguBUY3rw,2026-08-16 10:45:03,16,1,0,120.0,120.0,0.0,1
nZUcYRkNZRA,UCzDyC6JMEXEufozffWzI9Mg,2026-08-24 04:00:07,53339,648,41,119.76,120.01,0.01,1
nZeamRFh1c8,UChHxLcNi7e0zu-e33HM6v6A,2026-08-07 03:00:28,30476,169,74,119.99,120.24,0.01,0
nZpLA2NA5hY,UCgvtwZJPhSfbKOxh3EoVXng,2026-07-29 10:52:58,24,1,0,119.87,120.12,0.12,0
n_9jLa28lPI,UCQhIdo5nRQY9DB3uo7vawtw,2026-07-24 10:17:23,356,17,5,119.96,120.21,0.04,0
n_Bv24QsAy8,UCyoKcrOcBEY4rmLYkDuXErA,2026-07-23 09:00:01,30108,400,12,120.0,120.0,0.0,1
n_Hd0U8Qvuw,UCPGl9DV2WUgaqGVXtVrhJWQ,2026-07-23 15:00:24,29,1,0,119.99,120.24,0.01,0
n_IKTldZep0,UC5RxNUZ9_c94ZEfJGnJZmTw,2026-08-16 12:00:22,3741,167,19,120.0,120.0,0.0,0
n_LdHrnq7gQ,UCD8r5Jgns2V64-NcUmXclpg,2026-08-17 03:15:29,53664,278,34,120.0,120.0,0.0,0
n_S4V7Q6eMI,UC24GgPBq5W3v34z0p0uk1Ow,2026-07-31 09:49:54,6435,51,8,119.92,120.17,0.08,0
n__ED6RTVJQ,UCsii9gve3wx7kHDfVlM2Stw,2026-07-30 04:00:29,67751,2596,252,120.0,120.0,0.0,0
n__qEA4WxIM,UCPGl9DV2WUgaqGVXtVrhJWQ,2026-07-11 15:00:37,4,0,0,119.99,120.24,0.01,0
n_eW_VB7GVE,UC1Il94cQwl93Zun8ax1Qjlw,2026-08-29 01:20:29,748,4,0,119.92,120.17,0.08,0
n_jqtynykUI,UCzDyC6JMEXEufozffWzI9Mg,2026-08-23 04:00:10,238672,1707,74,119.76,120.01,0.01,1
n_y-PAixDuw,UCjsqgRBvkn8XadWraSQxTKQ,2026-08-19 14:45:07,225,2,0,119.76,120.01,0.01,0
na8iRA2XL-8,UCpcTrCXblq78GZrTUTLWeBw,2026-08-02 14:30:16,53520,1096,102,120.0,120.0,0.0,0
naE-_Cx3bkg,UC7ikVsVGGrUy2RD65w-awng,2026-08-01 17:28:03,5862,102,15,119.78,120.03,0.03,0
naIAXtXdq6c,UCMAfHuocszM6UTORPwUmeNw,2026-08-02 11:17:32,8462,248,2,119.96,120.21,0.04,0
naIYUYPHpvI,UC5Yx9RlmznXDUEIrfoSqheA,2026-08-15 14:42:06,5742,43,0,119.8,120.05,0.05,0
naWh6g1GTDA,UCjOtzpfj5lF9erwTEQYkxtQ,2026-08-09 03:30:02,105344,2845,56,120.0,120.0,0.0,0
natsO6rL6SA,UCqRz_-l3GCmWb92u8P33RYQ,2026-08-07 09:40:05,38350,459,75,119.83,120.08,0.08,0
navq65_gohc,UCrY2B2XX41ReYh9DIWrFfCg,2026-07-28 11:18:25,6288,,6,119.95,120.2,0.05,1
naxtGQYMddk,UCix5yCKpPr18CWrGOSCKCLA,2026-07-23 09:00:14,2554,,1,120.0,120.0,0.0,1
nb4jtZq5WhY,UC6pvGgQuZwKWlAQN50dU-wg,2026-07-24 11:49:10,11,0,2,119.93,120.18,0.07,1
nb9M-1OFRkU,UC-S8JFhLkQ5enhB70c2CYIw,2026-08-01 11:00:11,184638,3877,220,120.0,120.0,0.0,0
nbGyb9xY-As,UCKttwyzsHvW7bCo7YfTacVQ,2026-08-30 12:23:30,3072,22,0,119.87,120.12,0.12,0
nbSQw4BdMMc,UC_e83kYlGHWbsrr8QCfV_ag,2026-07-27 13:09:24,4464,9,2,119.85,120.1,0.1,0
nbT9K0ORtVY,UCOTJtP0Z9DjpPU43B5m1V6A,2026-07-26 05:05:07,287633,2318,101,119.92,120.17,0.08,1
nba454Rs6y8,UCI3DTtB-a3fJPjKtQ5kYHfA,2026-08-28 00:45:28,2575,2,0,120.0,120.0,0.0,0
nbdNZy1ODms,UC9vI-9WYQLXKI6n9XdXXo3g,2026-08-23 06:00:28,118186,607,38,119.76,120.01,0.01,1
rwLQAZKfTQE,UCrKSaegnzewdj9-YLsUhoZw,2026-07-31 23:54:37,12196,75,16,119.84,120.09,0.09,0
rwMfSN5KCZk,UCXYNuWjnQRSAXCGl9gv8Ncw,2026-08-30 01:00:39,61118,640,83,120.0,120.0,0.0,0
rwQarUyUA2s,UCifCesg-EUkjKyQedaB3hRg,2026-08-14 01:15:58,44363,2249,25,119.99,120.24,0.01,1
rwXSxyHeBZA,UCF5RrlbsxJjAVLWgOCoNHMg,2026-08-02 01:35:25,36247,1388,18,119.91,120.16,0.09,1
rweKFU5er58,UC_m_uqd_9s0hZvlgfvCzqbQ,2026-07-23 14:46:43,120,9,2,119.97,120.23,0.03,0
rx2GVYfoo9M,UCYooECrv-fIXlPaDwEIaveA,2026-08-19 09:01:09,55083,730,120,119.99,120.24,0.01,0
rx3KAD6Ok1Q,UC6YqXiwCBfPvPTs3wXgWElQ,2026-07-27 08:48:58,45545,253,41,119.94,120.19,0.06,0
rxT7cJSdDUc,UCBtJuwDt6LlXp2YASC-ZMdA,2026-07-26 01:37:06,313,6,0,119.88,120.13,0.12,0
rxWokjFgHaM,UCSOeJWyByeoBHpmrm0NnlLw,2026-08-26 07:00:13,72468,1494,85,119.76,120.01,0.01,0
rxdr59RptYA,UCby0vMKcLR05ZdS90aZd5og,2026-08-02 23:41:41,596,4,0,119.81,120.06,0.06,0
rxeJmGlCV6A,UCqVZTizoA2wQKOj_xaDt10Q,2026-07-22 12:24:26,238,4,0,119.85,120.1,0.1,1
rxhOQE2u85A,UCt8CJiye87FMbEwt0npPMuQ,2026-08-10 22:49:21,3109,107,6,119.93,120.18,0.07,1
ry1gyHxWeeg,UC3_QWAvQRhPW4CDoQU8acKw,2026-07-24 08:00:22,38810,663,31,120.0,120.0,0.0,0
ry2UUEnkfp8,UCk5C4AR3uvmKwZYkIlSobbg,2026-08-14 01:35:55,14590,90,36,119.9,120.15,0.1,0
ryYJPmKZTRI,UCV6mNrW8CrmWtcxWfQXy11g,2026-08-30 23:00:10,206047,1383,9,119.76,120.01,0.01,0
ryYNe8Fm8dQ,UC_9W6Z5Y3lDpLk47Y_y5ITQ,2026-08-20 23:11:11,33496,413,43,119.83,120.07,0.07,0
ryZ6OoIAk7M,UCnCH3Uhv_ynhTNKEH6ekRtg,2026-08-01 06:00:00,8396,123,18,120.0,120.0,0.0,0
ryfQkaUt-38,UCi1Tln5CFg1yExpz8djyxjA,2026-08-26 21:51:23,938881,37274,163,119.9,120.16,0.1,1
ryfVExtnAJI,UCHeg3ApmuXQbqqszaD1fR9g,2026-08-22 18:02:27,145,5,0,119.97,120.22,0.03,0
rytRVVVp91E,UCYJ0Ucu9jPX5kn6SeDcNaIQ,2026-07-31 15:00:19,14743,104,5,120.0,120.0,0.0,1
ryvZ5PMnF_k,UCTV_Bra7kaUhtJg0oUCojfA,2026-08-15 08:09:33,154,7,5,119.84,120.09,0.09,0
rz68RX3fk2E,UC2yOBpLVwB7kzt9C5ZPbB7w,2026-07-25 12:00:18,288173,3860,105,120.0,120.0,0.0,1
rzQvp5QwGjI,UCT-UsvGz4gm7lezXvCEex9A,2026-08-01 04:00:26,365,21,12,120.0,120.0,0.0,0
rzRGngqMOjM,UC4oe-OVZ2Ho-03yrMkrXomQ,2026-08-12 23:00:12,550306,9580,267,120.0,120.0,0.0,1
rzVqFBfidqQ,UC2t5bjwHdUX4vM2g8TRDq5g,2026-08-03 18:00:22,72514,1072,26,120.0,120.0,0.0,1
rzl0mpMKuOk,UCb5NLtXAsTBrmaZVhyFa-Wg,2026-08-12 22:51:20,48105,343,97,119.9,120.15,0.1,0
s-XXJIkZYwQ,UC2yOBpLVwB7kzt9C5ZPbB7w,2026-08-12 04:00:19,77439,1108,60,120.0,120.0,0.0,1
s-gf7upcpag,UCxPMcxq7WJ32M3lnFn58Cpg,2026-08-02 10:28:01,10594,35,7,119.79,120.04,0.04,1
s-iwJX3CC8I,UCbFLnCfOet-u_kFyA7uX-9Q,2026-08-11 23:22:49,48529,690,380,119.87,120.12,0.12,0
s-oUyDKygDo,UCpcTrCXblq78GZrTUTLWeBw,2026-07-27 13:30:00,1732924,83770,742,120.0,120.0,0.0,0
s-vEcE0b0I8,UCU0-6z_KU9AShyR9J6gcFGw,2026-07-27 16:28:17,131,3,0,119.78,120.03,0.03,0
s06PNw7uZX0,UCD2YO_A_PVMgMDN9jpRrpVA,2026-08-05 10:52:28,835776,6133,1607,119.88,120.13,0.12,0
s0FZpL8p6lo,UCQhIdo5nRQY9DB3uo7vawtw,2026-08-06 16:05:39,2324,46,12,119.91,120.16,0.09,0
s0KYHWDFAqY,UCV6mNrW8CrmWtcxWfQXy11g,2026-08-19 23:00:24,123543,3705,193,120.0,120.0,0.0,1
s0MBF_Sax-A,UCZRH94I89Ps7giJYeK6DlWA,2026-08-24 03:00:08,98825,1160,89,119.76,120.01,0.01,0
s0O0Ki268D0,UC2WBkFH1nHcO6aFLWo6sZQg,2026-08-14 15:00:41,34107,798,6,119.99,120.24,0.01,1
s0Ru5LkvTVA,UCV7WE8I_UiAN0fa6Arezx_w,2026-08-10 20:00:13,46,0,0,120.0,120.0,0.0,0
s0TDbk2dAlA,UCV7WE8I_UiAN0fa6Arezx_w,2026-07-12 00:00:13,41,2,0,120.0,120.0,0.0,0
s0m2fXtESs0,UCBmPfbqvGwTTfrV-H_UOfdw,2026-08-06 05:00:02,28515,453,25,120.0,120.0,0.0,1
s0mf1YqPcbk,UCvsyW3GLAJxkpl-M9NFd0iA,2026-08-30 19:21:55,23464,508,21,119.9,120.15,0.1,0
s1-GxjQTSGQ,UCt8CJiye87FMbEwt0npPMuQ,2026-08-17 13:30:35,11553,584,52,119.99,120.24,0.01,1
s12Wj6jgKbI,UC7lwS-aSDzYHZJ9uWuzySwQ,2026-08-17 09:00:00,1574,5,0,119.75,120.01,0.01,1
s13c3VxRTOo,UCF-rFAdN7dzd-SI2T3rkCaQ,2026-07-21 10:02:22,24592,276,35,119.96,120.21,0.04,0
s14s5_psEYE,UCI3DTtB-a3fJPjKtQ5kYHfA,2026-08-30 17:00:08,41248,283,12,119.76,120.01,0.01,0
s18cY5X35po,UC8aCmG_y4DqqVI9Xlcym1Jg,2026-08-20 12:00:54,582,27,0,119.99,120.24,0.01,1
s1QzPrSY_nQ,UCN8L7Z-dyzu9FzT39RM0fvw,2026-07-23 09:58:48,23362,213,56,119.77,120.02,0.02,0
s1gQXKllzHU,UCgRJPSNPfkne9kBdy7TBgHw,2026-08-26 15:27:56,5941,29,8,119.8,120.05,0.05,0
s1npXrvLZsI,UCOwgg4IVhPQtq6qtxEeX3XA,2026-08-07 08:45:38,1587,4,1,119.99,120.24,0.01,0
s1uq6Q5CbmM,UCO8ToDSM2Gvt3EZdOdosxTw,2026-08-19 07:30:39,10723,264,91,120.0,120.0,0.0,0
s1w63ghNyBY,UCzDmGDR5RdahQkLCBoWlTEg,2026-07-21 16:33:25,23706,321,7,119.94,120.19,0.06,0
s26jLXwhLig,UC6LLMkdyses2ugPRNEXutMQ,2026-08-03 10:15:04,22527,205,25,120.0,120.0,0.0,1
s2GonarcCPE,UCirJgPv8RtFaFMj39b6cD8Q,2026-08-13 09:00:18,10673,82,3,120.0,120.0,0.0,1
s2IycRZDwTA,UCL_IvtOZo6sONpiydbzzHpA,2026-08-05 09:11:11,246883,3550,52,119.82,120.07,0.07,0
s2Negr6hZls,UC543-TDm6IvHHZXwdSFioMw,2026-08-31 11:00:04,33696,252,18,119.76,120.01,0.01,0
s2PwPsqhunU,UCeRn_02zEifLqXxZkTpiXzA,2026-08-20 23:00:36,9296,71,14,120.0,120.0,0.0,0
s2teGMIUEZc,UCCW6uYIUP4YKKe50k-ktVAw,2026-07-29 08:00:05,43265,1035,48,120.0,120.0,0.0,0
s2wkzdMgJXA,UCYGF_xk5RDpltyZDSx040uw,2026-07-12 04:23:49,20858,195,33,119.85,120.1,0.1,0
s2yCRg1w9ow,UCCiKOocVSjyb2rsbL_Aanhw,2026-07-26 07:15:10,26652,167,130,120.0,120.0,0.0,0
s34XXeaZyHc,UCta3D5-EYqO-pduQLxQ8mNQ,2026-07-30 07:15:29,2048,14,2,119.99,120.24,0.01,0
s39AazbszY8,UCV7WE8I_UiAN0fa6Arezx_w,2026-08-13 10:00:36,25,0,0,119.99,120.24,0.01,0
s39ioezzD8o,UC_m_uqd_9s0hZvlgfvCzqbQ,2026-08-25 08:35:41,1091,6,0,119.92,120.17,0.08,1
s3ZCdUlwlyQ,UCAGUSx1hbPKDqzBZH7bTjiA,2026-08-23 11:30:12,75602,630,169,119.76,120.01,0.01,0
s3_M_AU5ENk,UCzDmGDR5RdahQkLCBoWlTEg,2026-08-29 08:21:51,14868,39,1,119.9,120.15,0.1,0
s3h5IxaYTCY,UCAl4HWznMn7KhKBRFO5eiFA,2026-08-09 11:52:10,17249,112,3,119.88,120.13,0.12,1
s3iiy0oNg30,UCqIwPYLfMd3EoWYwvyTjPnA,2026-08-25 07:00:38,10683,111,29,120.0,120.0,0.0,0
s3s-s3_ckfU,UC9M8GGVwPqc9ubNruArCNPg,2026-08-09 06:00:15,18408,588,33,120.0,120.0,0.0,1
s3tk5K-UXZ0,UCFrKhWvZ8oeJQTNP5ZabgJw,2026-07-27 12:30:03,190515,1221,156,120.0,120.0,0.0,1
s3uwcmViEpI,UCgO8sNnksVuKcuTVTQKSK3A,2026-07-28 09:00:34,82430,1197,133,119.99,120.24,0.01,1
s4WTdhh6cWE,UCKttwyzsHvW7bCo7YfTacVQ,2026-08-15 16:08:40,2528,20,0,119.86,120.11,0.11,0
s4_TFikdy14,UCUbOogiD-4PKDqaJfSOTC0g,2026-08-30 12:22:12,173905,432,78,119.89,120.14,0.11,0
s4dgkzrdlbs,UCAl4HWznMn7KhKBRFO5eiFA,2026-08-14 10:45:14,6155,37,2,120.0,120.0,0.0,1
s5BukSRioJ8,UCPGl9DV2WUgaqGVXtVrhJWQ,2026-08-09 15:00:12,51,0,0,120.0,120.0,0.0,0
s5IGzEQsHpE,UC-FiQR2gg8oiNw98ZdsSX6Q,2026-08-11 11:08:09,839,17,0,119.87,120.12,0.12,0
s5JcTrGUnh4,UCTNyl3P7q6PNhPddh6d7WJQ,2026-08-11 22:00:13,281,6,8,120.0,120.0,0.0,0
s5YeZdePuZE,UC783XWULPW-nDGv_0EYlB6Q,2026-08-21 08:33:57,11130,110,19,119.95,120.2,0.05,0
s5mbvXLmcko,UCfIUuMA7U_jImP7oWfTe4Pw,2026-07-22 06:21:58,492618,3523,313,119.89,120.14,0.11,0
s5tSetFeoyM,UCRq3CDTZ2qe3HiHrZdQKBvQ,2026-07-30 09:27:36,1824,11,3,119.79,120.04,0.04,1
s5wsE3rMaZs,UCaMV-CjrWYh2Aefg_8iLwJQ,2026-07-15 11:00:29,76556,436,73,119.99,120.24,0.01,0
s641SFsxxg0,UC9vI-9WYQLXKI6n9XdXXo3g,2026-08-13 06:00:04,629116,3930,253,120.0,120.0,0.0,1
s6CDfYq2ORA,UChfs1dQ5phBDBWZJ1hHLbUA,2026-08-19 09:15:26,47439,525,72,120.0,120.0,0.0,0
s6DIgpsXcrY,UCTK7GGeH0c9INAEnV2EfD0Q,2026-08-19 09:00:05,2136,69,5,119.76,120.01,0.01,0
uetKn67eA4I,UCab17MxxnFtAhGsJVTkSkCg,2026-08-20 10:21:46,21728,355,47,119.89,120.14,0.11,0
uexeGtIc3E0,UCt8CJiye87FMbEwt0npPMuQ,2026-08-06 16:05:20,5531,315,14,119.91,120.16,0.09,0
uf7WetwJNUo,UCYJDUekoQz0-bo8al1diLWQ,2026-08-04 10:26:24,472757,6445,986,119.81,120.06,0.06,0
uf95jpQ__Jw,UC-FiQR2gg8oiNw98ZdsSX6Q,2026-08-28 15:00:33,828,12,4,120.0,120.0,0.0,1
ufCog3cDbpA,UCp6n8d8Y8r3MwKNw_MMaouQ,2026-08-20 20:48:23,2288,30,4,119.96,120.21,0.04,0
ufDlAghd2cY,UCK8iWEZupSV2pmDMxtwdAmA,2026-08-20 23:41:00,673,10,0,119.83,120.08,0.08,0
ufLdZVYoi1I,UCifCesg-EUkjKyQedaB3hRg,2026-08-01 02:38:10,37948,83,0,119.87,120.12,0.12,0
ufSpx6yQshI,UCIOY-akTwtohcU0QB5ksjaA,2026-07-25 08:28:04,104,0,0,119.79,120.04,0.04,0
ufZ4doSUEzc,UCzDmGDR5RdahQkLCBoWlTEg,2026-08-09 12:15:48,23222,108,13,119.99,120.24,0.01,0
ufZydCBa9FA,UCdb5lyq0tWbY3jqH35SufmA,2026-07-31 00:51:10,17129,66,32,119.9,120.15,0.1,1
uf_SAO5HV2U,UCWZqSCSNZT3X8e_HyCJoXMg,2026-08-26 10:52:06,8684,568,11,119.89,120.14,0.11,1
ufgW2hwnNTI,UC3pTpoDKt17IrCDH60kSNPA,2026-08-21 03:00:36,5344,52,30,120.0,120.0,0.0,1
ufl9ufzyc8A,UCp6n8d8Y8r3MwKNw_MMaouQ,2026-08-12 21:01:43,240471,2481,29,119.98,120.22,0.02,0
ufltp9aCycI,UCV6mNrW8CrmWtcxWfQXy11g,2026-08-07 17:33:35,147919,6211,660,119.94,120.19,0.06,0
ufvgtTZyuic,UC8FErYSi74YwGUAoTpjvgzQ,2026-08-30 11:48:11,42280,470,52,119.96,120.21,0.04,1
ug4i0ltrXuA,UCifCesg-EUkjKyQedaB3hRg,2026-08-30 04:16:12,22656,153,4,119.99,120.24,0.01,0
ugABltWStbg,UCV6mNrW8CrmWtcxWfQXy11g,2026-07-26 14:00:14,31330,1689,27,120.0,120.0,0.0,1
ugIOeOW-U7c,UCifCesg-EUkjKyQedaB3hRg,2026-08-21 01:36:24,293512,2532,2,119.9,120.15,0.1,0
ugSsY9CW258,UCFrKhWvZ8oeJQTNP5ZabgJw,2026-08-25 07:00:33,230256,2928,605,120.0,120.0,0.0,1
ugX2vnGLHNc,UCl-VnCUwSxDr5zPu-YlDUYw,2026-07-16 08:00:26,52141,702,43,119.99,120.24,0.01,1
ugdg_Bvj7Zc,UCPv0av3PfTUeTnHGgcXkk8w,2026-07-10 15:16:23,11,1,0,119.98,120.23,0.02,0
ughxjBpGOFM,UCQJuZxeDv2P05YHcC-tIEVQ,2026-08-02 08:00:38,36363,552,64,119.99,120.24,0.01,0
uguVmrVHOnI,UCAtGPbK4AWmeoaREsNLLZhg,2026-08-19 04:38:55,69018,1307,853,119.86,120.11,0.11,0
uh8WNOrRZCU,UCT-UsvGz4gm7lezXvCEex9A,2026-08-14 08:00:22,363,42,11,120.0,120.0,0.0,0
uhAm8c_j1AQ,UCV7WE8I_UiAN0fa6Arezx_w,2026-08-29 04:00:02,72,0,0,119.76,120.01,0.01,0
uhAplkIw81Q,UCNu00qhYj4nPeMNdxuwV6sg,2026-08-22 12:31:57,1107,42,0,119.98,120.23,0.02,0
uhDKvAaILxs,UCyoSQyaCrZHro6F_nBiXIYg,2026-08-19 15:17:46,194177,1260,152,119.97,120.21,0.03,0
uhQRfFrK4AI,UC8chC5rneP-LHm43q-jF3oQ,2026-07-20 08:31:55,1174545,18439,173,119.97,120.22,0.03,1
uhRBot61opc,UCJmnOEp1-OITEU0mk4icM5A,2026-08-26 10:00:14,9516,145,5,119.76,120.01,0.01,1
uhiUOnoeiTk,UCYS2NvZlSjrxZfnn1v7b3QQ,2026-08-01 16:02:36,6,0,0,119.96,120.21,0.04,0
uhkAI92k66o,UCCd3jyJmOFzkJEMj5Bp89rw,2026-07-14 19:00:33,1521,87,0,119.99,120.24,0.01,1
uhrn0XNplAI,UCiE9ZR51IeGPRbD4_Px6_Fw,2026-08-16 04:00:34,69678,1657,75,119.99,120.24,0.01,1
uhxMyPzReoo,UCE8JC9RAVSudDT_8Ji1fuPQ,2026-08-01 08:45:35,51368,785,32,119.99,120.24,0.01,1
uiKhbG6RA2k,UCNZiNM2pP6uhIlTQVS2Q5fA,2026-08-23 09:00:05,1412266,20120,380,119.76,120.01,0.01,0
uiMRXCSDFm8,UCAl4HWznMn7KhKBRFO5eiFA,2026-08-21 10:47:10,5819,67,1,119.98,120.22,0.02,1
uiMbZYpR2tk,UCAVR6Q0YgYa8xwz8rdg9Mrg,2026-08-26 10:00:05,80563,3153,96,119.76,120.01,0.01,1
uiMmsMLT94A,UCdF0eCyf5np3lPO4y1fJVdw,2026-07-26 03:00:17,6327,195,23,120.0,120.0,0.0,0
uiN1jSmzMtI,UC9vz3TBChrJmYbzUo-rqfSg,2026-08-28 01:50:33,25036,66,21,119.92,120.17,0.08,0
uiNI2KtWg1E,UCqlcSsDNMYxEsem7bWY-66Q,2026-08-09 09:03:12,18552,473,32,119.95,120.2,0.05,0
uiZSZWOXBa4,UCXAXCxTCCYYKsLJNzEvjqfw,2026-07-11 10:54:37,47013,1040,1009,119.84,120.09,0.09,0
uicw6Imffeg,UCbeQg95cAxVRsxxh6FyilxA,2026-08-03 08:02:04,10614,28,2,119.97,120.22,0.03,1
uioT8QF9dMA,UCXQoI3upwKr47JAiVaYkvIw,2026-08-21 11:42:05,9881,125,24,119.81,120.06,0.06,0
uizKFAyq3bQ,UCix5yCKpPr18CWrGOSCKCLA,2026-07-16 09:04:14,10063,,7,119.93,120.18,0.07,1
uj-l8jKpYkE,UCvjzWMh2bihwlIN-WRtddkg,2026-07-21 09:00:04,2033,45,4,120.0,120.0,0.0,0
ujAlYOTX0wk,UCT-UsvGz4gm7lezXvCEex9A,2026-07-27 08:00:05,298,16,4,120.0,120.0,0.0,0
ujZGZMoe99Y,UC2yOBpLVwB7kzt9C5ZPbB7w,2026-08-05 20:00:31,75007,1102,29,119.99,120.24,0.01,1
ujgpeeoqV-k,UCta3D5-EYqO-pduQLxQ8mNQ,2026-08-19 03:00:19,11354,65,2,119.76,120.01,0.01,1
ujhrvvltb3Y,UC0PMQXAwF6O6aeTpv962miA,2026-08-07 19:15:32,13719,575,84,119.99,120.24,0.01,0
ujj0H0ycY4k,UCYJ0Ucu9jPX5kn6SeDcNaIQ,2026-07-31 23:53:38,343366,3096,218,119.86,120.11,0.11,0
ujkfIuHEIe4,UCgwFckIyCAj4Znu3c8A1dOQ,2026-08-27 10:36:50,1195,7,1,119.9,120.15,0.1,1
ujpus6Kizyk,UCV7WE8I_UiAN0fa6Arezx_w,2026-07-11 08:00:27,132,1,0,119.99,120.24,0.01,0
ujsAmhZNyOA,UCyU5JQ8KVRD9jE4E_xLsHxw,2026-08-22 02:30:32,55,2,0,120.0,120.0,0.0,0
ujvoo_JwMtY,UCI3DTtB-a3fJPjKtQ5kYHfA,2026-08-28 00:55:35,2592,3,0,119.84,120.09,0.09,0
ujw7eRJ3YQg,UCdK9h1ILxS49c2LguBUY3rw,2026-08-16 11:45:08,11,2,0,120.0,120.0,0.0,0
uk50K97CEbw,UC0aKwoKNeqBaUwiEXmkQaGQ,2026-08-06 10:30:34,31290,705,227,119.99,120.24,0.01,0
uk9hCIPnbQ0,UCJj2vuQIpFnk5pbTAtCi3yw,2026-08-01 04:00:15,40961,450,107,120.0,120.0,0.0,0
ukMTfxEUFzA,UCAGUSx1hbPKDqzBZH7bTjiA,2026-08-24 10:00:19,50331,235,28,119.76,120.01,0.01,0
ukOs3ijlYZg,UCgLFbrC7-g0ihBKB0obVPTg,2026-07-27 13:41:14,134,7,0,119.81,120.06,0.06,0
ukP4cyP-WWk,UCWwbZhw5M-Q5dZtTK4nDWNw,2026-07-27 03:00:39,69250,1139,14,119.99,120.24,0.01,0
ukRSrgLDWXU,UCab17MxxnFtAhGsJVTkSkCg,2026-08-13 14:03:00,1214,19,0,119.95,120.2,0.05,0
ukWpozbbJEc,UC9nWoDbRAl3-fvreBNeStKQ,2026-08-11 14:10:48,2367,21,0,119.82,120.07,0.07,0
ukdN1OaoXjI,UCI6Ro_MOr36re4Bhb7nCY7g,2026-07-25 10:00:11,9058,137,48,120.0,120.0,0.0,0
uksrPC96gMI,UCNu00qhYj4nPeMNdxuwV6sg,2026-08-17 08:16:48,3558,5,2,119.97,120.22,0.03,0
ukvF3SjSeH0,UC9nWoDbRAl3-fvreBNeStKQ,2026-08-24 13:54:59,4821,27,1,119.84,120.09,0.09,0
ukzRVy1GHJA,UCKrprPfevcAZpPuRnCO6xOA,2026-07-26 09:00:17,1268,8,5,120.0,120.0,0.0,0
ul9DVEteTT8,UCmiTZyj9GwMjyznZxrgCH4Q,2026-07-19 11:07:16,69212,1182,21,119.88,120.13,0.12,0
ulL_nQUnPWI,UCZ6mNZTiTUrUSbSYPlclI4A,2026-07-26 14:59:56,16200,480,11,120.0,120.0,0.0,1
ulR0I0m42BA,UCt8CJiye87FMbEwt0npPMuQ,2026-08-26 13:30:17,5597,87,15,119.76,120.01,0.01,1
ulUMotX2QWU,UC-FiQR2gg8oiNw98ZdsSX6Q,2026-07-29 15:00:30,1175,9,0,119.99,120.24,0.01,0
ulY4uJ3wkjw,UC783XWULPW-nDGv_0EYlB6Q,2026-08-05 08:30:32,14636,320,91,119.99,120.24,0.01,0
ulZUC_zRmV0,UCG7IjFUQzAxx060OjBXOveA,2026-08-20 08:00:26,2986,41,3,120.0,120.0,0.0,0
ulg6ui0LxQw,UCpcTrCXblq78GZrTUTLWeBw,2026-07-20 03:36:29,16520943,102143,916,119.89,120.14,0.11,1
ultFwewHCYs,UCfu0Obl3n0MmVFK110oDGUw,2026-07-20 11:14:00,7468,107,27,119.77,120.02,0.02,0
um-bIil_m1w,UCeKjmFzU-Jlqg7diwzf2Udw,2026-07-25 11:11:37,5,0,0,119.81,120.06,0.06,0
um5Dbwm_w6c,UCab17MxxnFtAhGsJVTkSkCg,2026-07-22 14:33:23,1015,15,0,119.95,120.2,0.05,0
um7-3-HEafM,UCab17MxxnFtAhGsJVTkSkCg,2026-07-30 07:26:26,1585,41,2,119.81,120.06,0.06,0
umKqgGaTBeg,UCPGl9DV2WUgaqGVXtVrhJWQ,2026-07-17 15:00:24,68,0,0,120.0,120.0,0.0,0
umRLPKVYck8,UCPGl9DV2WUgaqGVXtVrhJWQ,2026-08-01 15:00:20,14,0,0,120.0,120.0,0.0,0
umU3_RpymJM,UCZuT6NXrfZzYbqCG_RWgSgA,2026-08-04 16:50:21,13075,32,16,119.91,120.16,0.09,1
umZbGRWcGn4,UCDLDbittWhk2KXvaCT0YpZQ,2026-08-01 14:50:16,65596,1834,83,119.91,120.16,0.09,0
um_uuMJffpM,UCV6mNrW8CrmWtcxWfQXy11g,2026-08-14 11:56:17,18598,1992,23,119.82,120.07,0.07,0
q5a7FEhAdag,UCkoszQp0YiJa9lGm_wK0xGQ,2026-08-23 12:27:42,356,4,0,119.8,120.05,0.05,1
q5lHUfouS5k,UCtGMgPWJNU2Aj-SNK0zg0Sg,2026-07-27 16:16:09,2528,20,0,119.98,120.23,0.02,0
q5pNe-5LzJs,UCgWwo8FJL3MCxfd66ip7nFg,2026-07-21 09:00:35,45643,,61,119.99,120.24,0.01,0
q60JIQh0UkE,UC5Yx9RlmznXDUEIrfoSqheA,2026-07-26 16:23:45,491,27,0,119.86,120.11,0.11,0
q653_heeTU8,UCdK9h1ILxS49c2LguBUY3rw,2026-07-28 12:00:03,4,0,0,120.0,120.0,0.0,0
q68k5tzNGx0,UCt8CJiye87FMbEwt0npPMuQ,2026-08-23 15:00:34,92449,3209,508,120.0,120.0,0.0,0
q6F3hyzcSkw,UCdK9h1ILxS49c2LguBUY3rw,2026-08-26 12:00:16,7,2,0,119.76,120.01,0.01,0
q6TLM8_lS9E,UCPGl9DV2WUgaqGVXtVrhJWQ,2026-08-03 13:03:23,4,0,0,119.95,120.2,0.05,0
q6YWDbbsQ8s,UCc1VJX_5Z2RdGi58XU4IfbA,2026-08-24 06:30:07,1311,20,0,119.76,120.01,0.01,0
q786j81tJho,UCjUnlBpn0Z1L450g79fniRg,2026-08-28 16:21:06,7186,13,14,119.91,120.16,0.09,0
q79944OARbQ,UC1sELGmy5jp5fQUugmuYlXQ,2026-08-16 15:00:14,1301528,60655,1030,120.0,120.0,0.0,1
q7BywL8duEE,UCw1DsweY9b2AKGjV4kGJP1A,2026-08-06 08:03:14,11725,37,10,119.95,120.2,0.05,0
q7CRrLbmskc,UCifCesg-EUkjKyQedaB3hRg,2026-07-26 01:00:28,11133,160,6,119.99,120.24,0.01,0
q7Emt0-OXbk,UCdK9h1ILxS49c2LguBUY3rw,2026-08-10 11:45:36,15,1,0,119.99,120.24,0.01,0
q7GSSKEH2D0,UC8chC5rneP-LHm43q-jF3oQ,2026-07-26 03:08:25,479016,8457,82,119.86,120.11,0.11,1
q7Gkmg_4O08,UCfHlKp8w7IxpObWnHJtYRnQ,2026-08-24 10:30:27,534,50,7,120.0,120.0,0.0,0
q7HvRa7R-0o,UCpcTrCXblq78GZrTUTLWeBw,2026-07-29 22:30:28,29638,421,34,119.99,120.24,0.01,1
q7V-yVZYiJ4,UCJVhcdElryFktJmFHaad9jg,2026-07-26 08:26:31,11,0,0,119.81,120.06,0.06,1
q7ZUSBEKGaI,UCgvtwZJPhSfbKOxh3EoVXng,2026-08-01 09:18:46,15,0,0,119.94,120.19,0.06,0
q7_huvjVoQs,UC9M8GGVwPqc9ubNruArCNPg,2026-08-06 06:00:08,20089,687,54,120.0,120.0,0.0,1
q7aLQq80sXM,UCYxwKnNRv4FurQxeKcuR0Sw,2026-08-31 03:00:24,32,2,0,119.76,120.01,0.01,0
q7aQrD7vG3c,UCJN5mgLqkPCTVC5v-12gKjQ,2026-08-21 13:30:13,6434,209,9,119.76,120.01,0.01,1
q7gVZH5OsH8,UCFrKhWvZ8oeJQTNP5ZabgJw,2026-08-06 07:07:06,96043,812,124,119.88,120.13,0.12,1
q7nWyVw_eko,UCsbo5VemDR505Etd5ZKnWNA,2026-08-14 11:15:14,7212,167,16,120.0,120.0,0.0,0
q7zsVQCDLf0,UCZ6mNZTiTUrUSbSYPlclI4A,2026-08-18 04:32:36,63405,1308,45,119.96,120.21,0.04,1
q8RQOdvZu24,UCKUUL3fMVvYVZdGkKhhjP0A,2026-08-02 03:03:11,38155,317,9,119.95,120.2,0.05,1
q8VSOTczLjg,UCab17MxxnFtAhGsJVTkSkCg,2026-08-06 16:36:41,2342,36,2,119.89,120.14,0.11,0
q8eaoh1lOp8,UCEebX3m88Arwc91LPmEmTYQ,2026-07-29 04:30:26,74660,6160,135,120.0,120.0,0.0,0
q8lWypB58p4,UCElXDMEQqlUnuyDbChjARWQ,2026-08-15 13:04:23,1294,1,0,119.93,120.18,0.07,0
q8m5UTn3i7o,UCKYdD83f363lIzcAwwhB-_A,2026-07-22 16:14:07,4193,2,0,119.77,120.02,0.02,0
q8sz015P-dk,UCYooECrv-fIXlPaDwEIaveA,2026-07-28 09:00:06,48709,1550,18,120.0,120.0,0.0,1
q8tT2Lzygrg,UC2xeDCdO0dH5Z78OIDOdg7g,2026-08-03 10:42:48,20801,304,139,119.79,120.04,0.04,0
q8vbksA7_go,UCfcfymsN3OMo2cfmbpGTanw,2026-07-22 08:00:10,71790,407,292,120.0,120.0,0.0,0
q9H2qICT8BY,UC4VWaR3R17Ruc7j1Cy1-PKQ,2026-08-02 07:32:12,271,1,0,119.97,120.22,0.03,1
q9Nixas7SXo,UCPN9TrChCye1s97iEUOsIeA,2026-08-28 12:12:10,1241,13,1,119.81,120.06,0.06,1
q9R6_5HrY2U,UCdK9h1ILxS49c2LguBUY3rw,2026-08-10 11:15:39,4,0,0,119.99,120.24,0.01,1
q9ZCT-tuyGE,UCab17MxxnFtAhGsJVTkSkCg,2026-08-14 08:59:53,1240,23,0,119.76,120.01,0.01,0
q9c7AN5VqCw,UCk3w4CQ_SlLH4V0-V6WjFZg,2026-08-19 19:07:18,62695,3125,283,119.89,120.14,0.11,0
q9gpxLKx1SQ,UCzVXdulvpgEoI8yuFMmhxJw,2026-08-22 15:09:54,25230,825,16,119.85,120.1,0.1,0
q9jpnH_xwt0,UCPsZX-D7LW99PjZLA-UysPQ,2026-07-23 12:00:12,178,1,0,120.0,120.0,0.0,0
q9k3e4YjQuQ,UCZaNYFjF_SRRJPVuGX7yMjQ,2026-07-19 12:08:25,26,3,8,119.86,120.11,0.11,0
q9nGapOmmj4,UCBvkOBLsSj9kusGYlroQkBg,2026-08-01 12:47:28,133210,903,46,119.96,120.21,0.04,0
qA-nuiiiQaw,UCcNdwtZ7ulFFxngmnzsWQNA,2026-08-13 04:15:47,4056,47,20,119.99,120.24,0.01,0
qAOyUo3MQK4,UCpTNtH8yc1Kdl_YFfsQsTYA,2026-08-04 09:00:06,163,4,1,120.0,120.0,0.0,0
qAXEK0Qo5og,UC2NFRq9s2neD_Ml0tPhNC2Q,2026-07-16 02:30:37,255680,3717,309,119.99,120.24,0.01,0
qAg_wm64v2k,UC-8S20Ll1gzPiu_YY8BgyaQ,2026-08-29 12:48:26,178191,638,82,119.95,120.2,0.05,0
qAgsaeGFbHA,UCAVR6Q0YgYa8xwz8rdg9Mrg,2026-08-07 10:00:19,136733,5470,176,120.0,120.0,0.0,1
qAh3-wZoPzI,UC6aF-skLT_1X6cdPJxVJXxQ,2026-08-22 12:31:39,740852,16277,246,119.98,120.23,0.02,0
qAiRlzLPgGA,UCzVXdulvpgEoI8yuFMmhxJw,2026-08-07 11:30:02,92975,4067,174,120.0,120.0,0.0,0
qCDsNPP5KWI,UC8Xz3BKjDvQk7lKhH7Hi9nA,2026-07-25 21:10:21,18629,132,97,119.83,120.08,0.08,0
qCN2bvlbY7o,UCl402YYy7RcH7PBI3npmGPQ,2026-08-26 13:00:26,194870,1090,276,120.0,120.0,0.0,0
qCQVLXvyAWQ,UCl402YYy7RcH7PBI3npmGPQ,2026-08-16 06:00:27,183075,1598,533,120.0,120.0,0.0,0
qCWjIFEMLeo,UC5Yx9RlmznXDUEIrfoSqheA,2026-08-21 23:43:53,26435,59,0,119.78,120.03,0.03,0
qCZHoL729k0,UC00raQBBBGagQthJ01ZYIIQ,2026-08-23 07:05:29,32274,353,10,119.92,120.17,0.08,1
qCb1Qeh-OqM,UCgLFbrC7-g0ihBKB0obVPTg,2026-08-02 12:59:27,95,5,2,119.76,120.01,0.01,0
qCqGER1LLbQ,UCE-6-bWkikwoP4_ooZNep3g,2026-08-31 22:00:03,14108,801,17,119.76,120.02,0.02,1
qCrFUMUsJAM,UCLHwMFguUxHVSk91vzicEJw,2026-08-12 04:16:34,33128,540,43,119.98,120.23,0.02,1
qCv3T3gC1II,UCeKjmFzU-Jlqg7diwzf2Udw,2026-08-24 03:05:15,2,0,0,119.93,120.17,0.07,0
qDBb0R83G2g,UCpcTrCXblq78GZrTUTLWeBw,2026-08-21 13:30:19,108555,2934,52,119.76,120.01,0.01,1
qDE7F-Dib3k,UCAVR6Q0YgYa8xwz8rdg9Mrg,2026-07-31 04:00:12,424171,21086,310,120.0,120.0,0.0,1
qDLscL-OkJg,UCYxwKnNRv4FurQxeKcuR0Sw,2026-08-17 03:00:07,10,2,0,120.0,120.0,0.0,0
qDbdNMN40ZU,UCV7WE8I_UiAN0fa6Arezx_w,2026-08-14 05:00:09,36,0,0,120.0,120.0,0.0,0
qDnLXEtBrMQ,UCJA6MZLzTeljmGNFaugdoWQ,2026-08-22 10:00:12,1698,7,0,119.76,120.01,0.01,1
qDruBTnnG1s,UCXAXCxTCCYYKsLJNzEvjqfw,2026-07-13 00:55:04,15251,241,89,119.83,120.08,0.08,0
qDz6QvYoD3A,UCYxwKnNRv4FurQxeKcuR0Sw,2026-08-27 03:00:18,30,3,0,119.76,120.01,0.01,0
qE0e9122gmM,UCbYO4SBywZ2oWv1u309oWmQ,2026-08-28 09:50:37,231160,2305,73,119.92,120.17,0.08,1
qE5Jq_qC3Ko,UCPGl9DV2WUgaqGVXtVrhJWQ,2026-08-26 15:00:00,71,2,0,119.76,120.01,0.01,0
qEf942hcpwo,UCNNR1-x2NhZARsNGnQlh2sQ,2026-07-27 12:00:21,83519,256,104,120.0,120.0,0.0,1
qEvVbHl_QXg,UCqPN9LAkx20aBWOafwvQB-Q,2026-08-23 00:52:11,50283,2366,132,119.89,120.14,0.11,0
qEwuTtlZ2SA,UCYG8tuvbQzWsDeoADyJFU8Q,2026-08-23 19:47:13,3658,66,2,119.97,120.23,0.03,0
qEy3cfMy-hs,UCGa52d8Qlv3THghuCAt_nXA,2026-07-14 08:30:18,24376,207,11,120.0,120.0,0.0,1
qFCwdTz-Cqo,UCyZtdaxIiGb4wp5AmkEMrwQ,2026-08-25 08:29:07,31107,911,21,119.78,120.03,0.03,1
qFFrG9lhbLA,UC-ntxe7eU_afJWEpcTNlVFA,2026-08-07 08:29:17,25364,598,39,119.76,120.01,0.01,1
qFPQ8w4kB7I,UC0FUMakBJHsRrfKCGQuWnRA,2026-07-23 13:38:16,52862,567,334,119.86,120.11,0.11,0
qFc1x9KKDIk,UCKUUL3fMVvYVZdGkKhhjP0A,2026-08-27 08:00:16,59549,1211,17,119.76,120.01,0.01,1
qFm3C0ni7-Y,UCIb0mO7d6_6WsPYDFLQZnTQ,2026-07-29 15:39:30,32,5,0,119.84,120.09,0.09,0
qFp8H0EJ6DQ,UCAl4HWznMn7KhKBRFO5eiFA,2026-08-14 13:27:03,2349,10,1,119.8,120.05,0.05,1
qFuEslNDxfE,UC3DYSay178fMMPaf3zHwECA,2026-07-26 04:15:06,28807,560,30,120.0,120.0,0.0,0
qFxPt4EKXY4,UCifCesg-EUkjKyQedaB3hRg,2026-07-24 01:14:56,20001,548,15,120.0,120.0,0.0,1
qGDUDrAF5Ko,UCksGX0hODm1Ev6mysrToMqg,2026-07-26 10:49:09,13843,221,9,119.93,120.18,0.07,1
qGJ_2bUkrec,UCPGl9DV2WUgaqGVXtVrhJWQ,2026-08-13 15:00:19,5,0,0,120.0,120.0,0.0,0
nbvBXI6Ga3w,UCEGtfhdJiRgH98mVMEQZThQ,2026-07-24 10:50:12,4842,24,8,119.92,120.17,0.08,0
nc85TzngSE0,UCuZ862fZel1gq9RAf_OkvqA,2026-08-07 08:30:36,22184,270,81,119.99,120.24,0.01,0
nc8vrcatY-E,UCV7WE8I_UiAN0fa6Arezx_w,2026-07-18 11:00:20,107,0,0,120.0,120.0,0.0,0
ncCD8a5Mwu0,UCtGMgPWJNU2Aj-SNK0zg0Sg,2026-08-24 09:30:29,74503,617,133,120.0,120.0,0.0,1
ncOSI3FLGQQ,UChLqHuZV0PENIBYxDgXyPLQ,2026-08-27 13:51:04,236958,4409,66,119.91,120.16,0.09,1
ncTe_KhVOpY,UCqlcSsDNMYxEsem7bWY-66Q,2026-08-22 09:02:20,14340,409,48,119.97,120.22,0.03,0
ncXQ_PMx2-0,UCFrKhWvZ8oeJQTNP5ZabgJw,2026-07-29 03:07:22,273635,2499,233,119.88,120.13,0.12,1
ncYhMeabqEA,UCby0vMKcLR05ZdS90aZd5og,2026-08-04 08:08:42,1952,5,0,119.86,120.11,0.11,1
nc_PbpKWAoY,UCPuD5ZRQWa_JCaY5NokNhtg,2026-08-12 05:40:13,717,18,11,119.83,120.08,0.08,0
nccWpix0HXA,UCi1Tln5CFg1yExpz8djyxjA,2026-08-19 22:57:35,450745,19637,83,119.79,120.04,0.04,1
nd26UemZ85w,UC8x8GQmlxAIhHxzU61z0uLQ,2026-08-07 14:00:28,6438,60,11,120.0,120.0,0.0,0
nd57Qr6C_ls,UCaMV-CjrWYh2Aefg_8iLwJQ,2026-07-13 04:00:01,104073,450,34,120.0,120.0,0.0,1
nd8kt7dTWaI,UCt8CJiye87FMbEwt0npPMuQ,2026-08-06 14:15:52,6671,264,27,119.99,120.24,0.01,0
ndVYwqe-Axw,UC783XWULPW-nDGv_0EYlB6Q,2026-07-27 09:30:01,36040,871,23,120.0,120.0,0.0,1
ndZqqx1hN7o,UCFiHjGyrJux8Rt4e6mUPU-w,2026-08-23 17:00:29,2388,55,7,120.0,120.0,0.0,1
ndaSyRT5SbY,UCNu00qhYj4nPeMNdxuwV6sg,2026-08-03 10:39:02,839,43,0,119.85,120.1,0.1,0
ndanRLbdmNQ,UCbYO4SBywZ2oWv1u309oWmQ,2026-08-11 10:00:17,235649,3908,224,120.0,120.0,0.0,1
ndf19euqGHQ,UCr4WCOxirRA-BzVu-MH_WqQ,2026-08-16 06:14:01,21963,53,5,119.77,120.02,0.02,1
ndwYMGhhmBs,UCYS2NvZlSjrxZfnn1v7b3QQ,2026-07-23 16:06:14,1,0,0,119.9,120.15,0.1,0
ndywWNjwWXQ,UC_E_qYfGKM3C0kqrp1p8z7Q,2026-08-08 17:00:20,235,5,1,120.0,120.0,0.0,1
neA2k2kdsMk,UCV6mNrW8CrmWtcxWfQXy11g,2026-07-31 10:00:08,55880,2209,33,120.0,120.0,0.0,1
neEYbF8eg1E,UCO8ToDSM2Gvt3EZdOdosxTw,2026-07-13 09:00:12,92623,1009,88,120.0,120.0,0.0,0
neEvArYQTmk,UCw1DsweY9b2AKGjV4kGJP1A,2026-08-27 08:02:17,24035,35,4,119.97,120.22,0.03,0
neN2rSRiukI,UC2f8VfmEF2_0-rFN4RNHaNg,2026-08-18 04:16:18,16751,291,72,119.98,120.23,0.02,0
nefI87WaFQU,UCF7IBIvHZ2be4Ufo8i0uHBw,2026-08-31 09:00:04,33955,428,10,119.76,120.01,0.01,0
nemlncllTZI,UCab17MxxnFtAhGsJVTkSkCg,2026-08-16 12:40:07,1137,15,0,119.83,120.08,0.08,0
nf2SW2NE6_8,UCV6mNrW8CrmWtcxWfQXy11g,2026-08-19 01:50:26,198549,8419,1057,119.92,120.17,0.08,0
nfbTIaNVSOI,UCjUnlBpn0Z1L450g79fniRg,2026-08-03 17:15:37,1825,4,6,119.99,120.24,0.01,0
nfd3gxF0itY,UC7loyhgCm1NRTtyF36hO-jA,2026-08-14 03:00:21,5355,52,10,120.0,120.0,0.0,0
ng191QyCUu0,UCz5LAkkX66OAW-y_WiWf9vA,2026-08-03 10:20:31,10806,39,3,119.91,120.16,0.09,1
ng7Uq_ZAVUo,UCZNTsLA6t6bRoj-5QRmqt_w,2026-08-03 14:00:03,59980,1819,159,120.0,120.0,0.0,0
ngTo0xogT48,UCDmmbxGg8g-EBkC_ku6vybg,2026-08-12 13:00:26,37360,734,153,120.0,120.0,0.0,0
ngcU3KQXQdI,UCw1DsweY9b2AKGjV4kGJP1A,2026-08-07 09:50:11,574772,3972,183,119.92,120.17,0.08,1
ngxUGg9-S-Q,UCBA9XaL5wCdHnC5EmEzwrqw,2026-08-02 00:00:23,562889,3058,739,120.0,120.0,0.0,0
nh2O99SUUZ0,UCD9tj7ATjYkyPyWXK_ewNXQ,2026-08-14 14:14:06,289,5,0,119.77,120.02,0.02,0
nh7PBS2R65A,UC9qwDE50UcXvdplRNZKEoPA,2026-08-09 11:54:41,777,32,5,119.84,120.09,0.09,0
nhGaeuIfF08,UCPsZX-D7LW99PjZLA-UysPQ,2026-08-19 12:00:03,512,11,1,119.76,120.01,0.01,0
nhIt2HviB_U,UCFrKhWvZ8oeJQTNP5ZabgJw,2026-08-02 03:40:49,67135,600,50,119.82,120.07,0.07,1
nhNrcZG60ps,UCiE9ZR51IeGPRbD4_Px6_Fw,2026-08-25 10:00:20,120043,3657,83,119.76,120.01,0.01,1
nhNucUdCXyw,UCpI-AhCT02iQRGLC2ZcY0Jw,2026-08-01 01:00:28,34316,377,448,119.99,120.24,0.01,0
nhPdE_Z5Uwo,UCJDXc9JWCZo-nLNKr_-L2Ng,2026-08-07 13:00:38,1269,49,3,119.99,120.24,0.01,0
nhWGMQOW-ks,UCs7mzshFv0PbUMUM0x1Waug,2026-07-11 06:29:42,1860,7,0,119.76,120.01,0.01,0
nhX3VDJptHM,UCQyZh4b4TLaSVldnDWnh7fA,2026-07-23 11:12:51,1,0,0,119.79,120.04,0.04,0
nh_6jEUKs1Y,UCWZqSCSNZT3X8e_HyCJoXMg,2026-07-26 10:40:29,7320,183,52,119.83,120.08,0.08,0
nh_YzQXTGyc,UCp8jCam8r3SU3A2sxksHaag,2026-08-16 17:50:43,349,4,5,119.91,120.16,0.09,0
nhtBTTiaclA,UCp6n8d8Y8r3MwKNw_MMaouQ,2026-08-29 12:39:27,21895,261,6,119.86,120.11,0.11,1
nhzQvsQ0Vw0,UCPI40-XQA9-GBGj2k8PPqfg,2026-08-03 08:50:27,98608,1281,115,119.91,120.16,0.09,0
nhz_tX5DzH0,UC2yOBpLVwB7kzt9C5ZPbB7w,2026-07-30 20:15:15,120805,1764,95,120.0,120.0,0.0,1
ni5uh-l4q8Y,UCPGl9DV2WUgaqGVXtVrhJWQ,2026-08-19 13:43:51,5,0,0,119.78,120.03,0.03,0
niKD9zSTsaU,UC_m_uqd_9s0hZvlgfvCzqbQ,2026-07-31 03:00:38,278,11,0,119.99,120.24,0.01,0
niNb_Nebahs,UC3hCAmwyYNgRuOOSFV7evVA,2026-08-22 10:30:32,73563,194,29,120.0,120.0,0.0,1
niVIJTTTmLk,UC7hwQp3F6P_OwyRM14p88iQ,2026-07-26 03:56:53,1787,23,12,119.8,120.05,0.05,0
niVV1M2jMfU,UCPGl9DV2WUgaqGVXtVrhJWQ,2026-08-18 01:20:33,7,0,0,119.91,120.16,0.09,0
niayQkHJ72Y,UCaY7wcqhFb_c2eQ1eRB8rOQ,2026-08-25 09:00:09,20987,433,48,119.76,120.01,0.01,0
nib73lkRGxY,UC1dG3vI9FfHnH3YgyeKUz_A,2026-08-07 09:00:25,128583,591,58,120.0,120.0,0.0,0
niukC_9UlOQ,UCN7FA8FwikP2p5Vrs5kiivw,2026-07-24 13:00:04,29297,1522,45,120.0,120.0,0.0,1
nj1CC6rcd7w,UCw1DsweY9b2AKGjV4kGJP1A,2026-07-30 08:00:14,11450,46,12,120.0,120.0,0.0,0
nj60vaOgTCQ,UCOTJtP0Z9DjpPU43B5m1V6A,2026-07-22 05:05:04,187353,1436,55,119.92,120.17,0.08,1
njDGcDe7ATM,UCZRH94I89Ps7giJYeK6DlWA,2026-07-17 03:00:28,84251,1236,105,119.99,120.24,0.01,0
njHMyxc1_NY,UCgT-gb3favw2jQgwxbbwwaA,2026-07-24 11:00:20,99262,856,55,120.0,120.0,0.0,0
njHaQ_TeOyo,UCZ6mNZTiTUrUSbSYPlclI4A,2026-08-08 04:09:16,10772,353,11,119.85,120.1,0.1,1
njegHD6b5q8,UCmZeuRfHYowZhf6odtoaNdg,2026-07-30 07:05:28,4854,100,44,119.91,120.16,0.09,0
njp-CYGa_Ig,UCpn9dP1b5BhBsU9SduEz1hA,2026-08-03 16:00:18,31812,140,7,120.0,120.0,0.0,1
njwer7ZGqHM,UCby0vMKcLR05ZdS90aZd5og,2026-08-19 08:05:47,2255,3,2,119.92,120.17,0.08,1
nkACAsHYLLo,UCPGl9DV2WUgaqGVXtVrhJWQ,2026-08-25 13:32:03,4,0,0,119.98,120.23,0.02,0
nkELkWaWCy0,UCgjaQlejpAnIu0q-xtVfTEw,2026-08-15 05:29:32,5972,135,18,119.76,120.01,0.01,0
nkRBUNVXSNw,UCgT-gb3favw2jQgwxbbwwaA,2026-08-06 11:00:00,142379,994,48,120.0,120.0,0.0,0
nkWA_VyWGHw,UCBA9XaL5wCdHnC5EmEzwrqw,2026-08-10 13:45:41,344145,2236,154,119.99,120.24,0.01,0
nkYvfRoMpOo,UCDYAog4sNhwQ5pXtAZiT0Og,2026-07-31 11:30:37,59013,153,21,119.99,120.24,0.01,0
nkucWFSnzKY,UCAl4HWznMn7KhKBRFO5eiFA,2026-08-07 12:17:25,7921,29,0,119.96,120.21,0.04,1
nl3z2EpXtpE,UCJDXc9JWCZo-nLNKr_-L2Ng,2026-08-11 14:00:21,1620,84,4,120.0,120.0,0.0,0
nl5hMt_cyoI,UCD9tj7ATjYkyPyWXK_ewNXQ,2026-08-24 02:09:38,507,8,0,119.85,120.1,0.1,0
nlEkg7t9nyg,UCNZiNM2pP6uhIlTQVS2Q5fA,2026-08-10 18:50:12,130835,2887,193,119.92,120.17,0.08,1
nlQHfg0Lnt4,UC8rbhIem-3aAsNXhTDI-nSA,2026-07-24 23:00:18,80025,1395,70,120.0,120.0,0.0,0
nlyHBPWsgeI,UC78d2aaqdrt02RfmtRLmlAw,2026-08-05 17:00:17,44814,339,31,120.0,120.0,0.0,1
nm5zKX0YGfg,UCKttwyzsHvW7bCo7YfTacVQ,2026-07-24 19:13:13,1422,12,0,119.78,120.03,0.03,0
nmGJUJMaPe8,UCWZqSCSNZT3X8e_HyCJoXMg,2026-08-05 11:55:19,22261,635,16,119.83,120.08,0.08,1
nmO95klAhgM,UCt8CJiye87FMbEwt0npPMuQ,2026-08-25 19:45:22,4304,100,31,119.76,120.01,0.01,0
nmpOgTfhd1o,UCpcTrCXblq78GZrTUTLWeBw,2026-07-19 19:56:49,2705862,35560,2489,119.8,120.05,0.05,0
nmurcsnQnUc,UC60HSePkZwGFzRj6VSDa6Ew,2026-07-25 05:55:59,9865,339,30,119.82,120.07,0.07,0
nmwO1mU7fXI,UCrR_fhiJjoW8OJFzUcmlMMA,2026-08-02 02:00:38,9848,94,44,119.99,120.24,0.01,0
s6HpkEBa2Dg,UCmwZePdbUmncnpQptdPH2Jg,2026-08-07 11:19:34,16,1,0,119.93,120.18,0.07,0
s6KuqLfzPm0,UCJA6MZLzTeljmGNFaugdoWQ,2026-08-13 05:00:08,68,1,0,120.0,120.0,0.0,0
s6PnM71KrOQ,UCifCesg-EUkjKyQedaB3hRg,2026-08-18 19:00:19,2771,74,6,120.0,120.0,0.0,0
s6fPB_fiWkE,UCV6mNrW8CrmWtcxWfQXy11g,2026-08-24 10:00:29,100221,4729,41,120.0,120.0,0.0,1
s6nq3P3zzLk,UC0vqyzJ-1l3AJl3IkKu0bhQ,2026-08-01 13:31:05,134,1,0,119.98,120.23,0.02,0
s6rTFy2pU5o,UCJDXc9JWCZo-nLNKr_-L2Ng,2026-08-14 20:45:16,2226,93,4,120.0,120.0,0.0,0
s6sfcih8WhE,UCJA6MZLzTeljmGNFaugdoWQ,2026-08-07 07:00:16,52,1,4,120.0,120.0,0.0,0
s7DTUEAr-rI,UCdK9h1ILxS49c2LguBUY3rw,2026-08-13 11:15:18,1,0,0,120.0,120.0,0.0,1
s7KY5DbP6HY,UCO94iFhOhtdGb4Ze5DUAtbw,2026-07-25 12:00:39,1949,32,4,119.99,120.24,0.01,1
s7KYAcXxN6o,UCD9tj7ATjYkyPyWXK_ewNXQ,2026-08-23 17:17:01,1246,23,0,119.98,120.23,0.02,0
s7M3nfI6RVA,UCtIbfg_6gjbdFqCqAiUcqyQ,2026-07-17 08:30:14,19140,452,14,120.0,120.0,0.0,1
s7QuZFxrM64,UCcJ_oPUSkS_h96_PuizxMGA,2026-07-15 16:05:41,262,7,0,119.91,120.16,0.09,0
s7UKgR3pnIo,UCgLFbrC7-g0ihBKB0obVPTg,2026-07-27 14:25:26,281,8,0,119.83,120.08,0.08,0
s7XSTfB3bhY,UCZ-UuK86Bk5sGzQQ2cEglJQ,2026-08-05 08:04:47,852519,12551,175,119.92,120.18,0.08,0
s7sY0hpGkZ4,UCnV5tUnOVGyT-Ncj0s0tPTw,2026-07-22 04:00:30,1634,11,4,119.99,120.24,0.01,0
s8F6c_lWFOY,UC7bcRlidTERRb_MKRHPVSnw,2026-08-24 12:03:23,113105,1928,110,119.7,120.21,0.21,0
s8JunCb_ltA,UCBidluUUxzT_5jVOI_2x2MQ,2026-08-18 03:00:17,82,5,1,120.0,120.0,0.0,1
s8TzO_EIrWM,UCv1tOT645xHOJrwdGlzjMaA,2026-08-30 07:55:21,11736,145,3,119.84,120.09,0.09,1
s8VDX0Umryc,UCyU5JQ8KVRD9jE4E_xLsHxw,2026-07-28 09:00:07,31,2,0,120.0,120.0,0.0,0
s8dsV124Nqk,UCN7FA8FwikP2p5Vrs5kiivw,2026-08-30 09:00:27,28046,407,11,119.76,120.01,0.01,1
s92EKDz6x24,UCsRiYH-VrZ2mYsohk7GhLdQ,2026-08-09 12:00:05,39242,415,73,120.0,120.0,0.0,0
s94vVQii6cI,UCV7WE8I_UiAN0fa6Arezx_w,2026-08-09 14:00:38,55,2,0,119.99,120.24,0.01,0
s9HuqGp3xTY,UCV6mNrW8CrmWtcxWfQXy11g,2026-07-23 06:00:18,166684,8551,340,120.0,120.0,0.0,1
s9U-3fyQ5T0,UCikKJvpU0Ylua4hRW6faQRg,2026-08-22 09:43:42,5225,97,1,119.78,120.03,0.03,0
s9ZfkedQMHo,UC0FUMakBJHsRrfKCGQuWnRA,2026-08-16 10:06:07,18925,177,80,119.9,120.15,0.1,0
s9r0Ib75gO4,UCmcBe97VA2LqVEQUeeZl6Ew,2026-08-11 09:00:02,28852,322,99,120.0,120.0,0.0,0
s9uv7pF9lGY,UCyoSQyaCrZHro6F_nBiXIYg,2026-08-24 09:28:33,149823,786,90,119.79,120.04,0.04,0
sA0ufVbvLRQ,UCE3q8VKqIT_vOL4b9Nl8chA,2026-08-19 17:47:42,4868,68,2,119.97,120.22,0.03,0
sA0uu2nVNXY,UCOgXOOKbZRtfQvlggBpN6zw,2026-07-31 17:14:06,539,13,10,119.77,120.02,0.02,0
sA5vth36IeA,UCXg-6b0X0sIMBDHhbyBuOQg,2026-07-27 11:00:27,2176,23,0,119.99,120.24,0.01,1
sA9y7-ei2qU,UC1q4Ihlv_YhLELw-ijE0Diw,2026-08-01 13:00:40,166888,2769,243,119.99,120.24,0.01,0
sASzVIiBvWQ,UCoIEwIHhW-1_roLnb5nK_UA,2026-08-14 14:30:07,300,7,0,120.0,120.0,0.0,0
sAXboxqGNl8,UC6NXJtCn3p-actkvBUlHwDA,2026-08-26 23:16:31,18528,61,9,119.99,120.24,0.01,0
sAiASoquPn8,UC6JB_a6rD1lZ_aZgQvORfrQ,2026-08-09 22:45:15,30553,108,34,120.0,120.0,0.0,1
sAj_RTlNvdY,UCV7WE8I_UiAN0fa6Arezx_w,2026-08-03 19:00:30,24,0,0,120.0,120.0,0.0,0
sAmx_U7GxhE,UCe9jDZNCsC4sH-Ln2Fn99FQ,2026-08-24 07:46:22,390,2,0,119.99,120.24,0.01,1
sAyFieafrGs,UCk5mlvpbj8CZxD229CpiouA,2026-07-27 14:00:27,4764,162,17,120.0,120.0,0.0,0
sB7vva0ihcE,UCrR_fhiJjoW8OJFzUcmlMMA,2026-08-08 07:30:05,9942,99,46,120.0,120.0,0.0,0
sBCiEw6bfrs,UCab17MxxnFtAhGsJVTkSkCg,2026-07-26 13:18:24,2078,32,1,119.95,120.2,0.05,0
sBGRdEhk5SQ,UCV7WE8I_UiAN0fa6Arezx_w,2026-08-13 16:00:03,37,0,0,120.0,120.0,0.0,0
sBImKM10buc,UCUbOogiD-4PKDqaJfSOTC0g,2026-07-15 10:56:02,84264,240,182,119.82,120.07,0.07,0
sBVOkonH2Ms,UCL_IvtOZo6sONpiydbzzHpA,2026-08-03 11:39:03,147431,1784,26,119.85,120.1,0.1,1
sBYvcssErRk,UC78d2aaqdrt02RfmtRLmlAw,2026-08-23 16:00:17,29883,644,134,119.76,120.01,0.01,1
sBYzQLWZyog,UCmiTZyj9GwMjyznZxrgCH4Q,2026-08-12 08:31:55,5914,99,16,119.97,120.22,0.03,0
sBgz8D5ZiS0,UC43hOVGChFuQRV47vxc_c-g,2026-08-08 19:08:00,188,,0,119.87,120.12,0.12,0
sBpTvK_YbYQ,UCms8Ge7H1ZGgw6nV94fUhUQ,2026-07-31 09:00:34,34469,450,15,119.99,120.24,0.01,1
sBy9lKDnXZA,UCt8CJiye87FMbEwt0npPMuQ,2026-07-17 13:30:37,3043,92,1,119.99,120.24,0.01,0
sC-w2kAntE0,UCw1DsweY9b2AKGjV4kGJP1A,2026-08-08 08:00:19,218475,661,52,120.0,120.0,0.0,1
sC0kuw_ji7c,UCr4WCOxirRA-BzVu-MH_WqQ,2026-08-08 05:02:24,5220,22,1,119.96,120.21,0.04,1
sC90BZJpKH0,UCpcTrCXblq78GZrTUTLWeBw,2026-07-13 15:33:41,868841,14620,127,119.94,120.19,0.06,1
sCAj2W4w3qE,UC3pTpoDKt17IrCDH60kSNPA,2026-08-03 02:00:11,22968,364,193,120.0,120.0,0.0,0
sCQOew2wGkM,UCaMV-CjrWYh2Aefg_8iLwJQ,2026-07-19 12:19:18,93301,366,110,119.93,120.18,0.07,0
sCY5GshQpfs,UCZaNYFjF_SRRJPVuGX7yMjQ,2026-08-17 10:35:36,450,2,0,119.91,120.16,0.09,0
sClQe-6JDM8,UCuXE-MdbuaZcPt_2J2kSsSQ,2026-07-17 04:50:27,376,0,0,119.91,120.16,0.09,1
sCpMIVpDlVw,UCAZVLirygDNDfCNfyIVnTWA,2026-08-29 22:07:52,678,9,0,119.89,120.13,0.11,0
sCqOuPB5y68,UCpn9dP1b5BhBsU9SduEz1hA,2026-08-26 17:00:24,21906,404,21,119.75,120.01,0.01,0
sCxqdEkQtGE,UCwBkHOTyu57NQi0syf5MLig,2026-08-14 06:00:32,61937,363,4,119.99,120.24,0.01,1
sCyAVLCaoY8,UC3DYSay178fMMPaf3zHwECA,2026-08-08 04:15:06,63800,913,57,120.0,120.0,0.0,0
sD1fRSFtOYk,UCJDXc9JWCZo-nLNKr_-L2Ng,2026-08-22 11:00:37,1823,104,6,120.0,120.0,0.0,0
sD9m_nDWMaE,UC8FErYSi74YwGUAoTpjvgzQ,2026-08-01 03:00:30,11399,356,136,120.0,120.0,0.0,0
sD9rw3Inv2U,UCyEIUlSKbzCt3ElAsPFb7EQ,2026-08-14 19:00:36,20208,65,17,119.99,120.24,0.01,0
sDMqLWgTKCg,UC5ThQKdocwo_9UurfT5P_ww,2026-07-28 09:00:18,324274,7291,209,120.0,120.0,0.0,1
sDWGymaedXw,UCS2OAdHoLt-9T6cG9A2H49Q,2026-08-03 09:00:25,12086,97,14,120.0,120.0,0.0,1
sD_OhLaT0DQ,UCUbOogiD-4PKDqaJfSOTC0g,2026-07-14 11:36:10,145786,730,209,119.9,120.15,0.1,0
sDbcCkvdg_M,UCnV5tUnOVGyT-Ncj0s0tPTw,2026-08-29 08:32:23,8133,25,2,119.98,120.23,0.02,0
sDl4QQU4lJU,UCkphwoGMBs2_0raLOqu9aQw,2026-08-22 12:00:30,284,3,10,120.0,120.0,0.0,0
sDodDkkwOFA,UCe0loHR-Vltq0GPHgYyzmrQ,2026-08-28 01:00:21,538,8,1,119.76,120.01,0.01,0
sDvXgdTLajc,UCei_ecYpQqFjYhjLaDPr2Lw,2026-08-04 20:34:57,71,2,12,119.92,120.17,0.08,0
sE5BQzYQFyE,UCPGl9DV2WUgaqGVXtVrhJWQ,2026-08-17 15:00:00,0,0,0,120.0,120.0,0.0,0
sEFhpCz8Qxg,UCrfB1-zWijAYkgfZW7Ehc8Q,2026-08-17 07:59:55,84885,3427,285,119.76,120.01,0.01,0
sENL10FYSPY,UCby0vMKcLR05ZdS90aZd5og,2026-07-21 07:00:38,4937,7,4,119.99,120.24,0.01,1
sEUIuF7jD5g,UCBY9rOZPo0fLE45mOV0s0cw,2026-08-14 13:29:33,283,2,0,119.76,120.01,0.01,0
sEVF-_NVmNc,UCrKSaegnzewdj9-YLsUhoZw,2026-08-17 23:54:44,5853,35,3,119.84,120.09,0.09,0
sF0WLoznszY,UCQePzo3_oRB-6RAzBioc6pg,2026-08-20 14:00:01,40011,515,224,120.0,120.0,0.0,0
sFAzitbKZFs,UCiEMsnnzti6PDNi8TAlSnFw,2026-08-10 13:48:11,9,,0,119.95,120.2,0.05,0
sFTrRbpxKg4,UCPsZX-D7LW99PjZLA-UysPQ,2026-08-11 09:00:19,204,3,0,120.0,120.0,0.0,0
sFaBgTTIqi0,UCHCeN9BUgogMGrHBC6zKYvA,2026-08-07 12:06:49,4365,85,10,119.89,120.14,0.11,0
sFaUhme1Hpw,UCZaNYFjF_SRRJPVuGX7yMjQ,2026-08-05 11:57:29,2,1,0,119.79,120.04,0.04,0
sFaqm1YQoZw,UCM81CAJ2_Y42-bvK1OQnAAA,2026-08-08 15:35:22,149546,2148,452,119.91,120.16,0.09,0
sG37QZb_dxM,UCZaNYFjF_SRRJPVuGX7yMjQ,2026-08-16 12:40:58,6,1,0,119.82,120.07,0.07,0
sG8qHlN-4Nc,UC3_QWAvQRhPW4CDoQU8acKw,2026-08-07 08:24:07,43021,673,32,119.85,120.1,0.1,1
umbsDG4AsGA,UCV7WE8I_UiAN0fa6Arezx_w,2026-08-15 13:00:18,24,1,0,120.0,120.0,0.0,0
umetMXpPMx0,UCSzHok6X5qXEO7cjvVnE62g,2026-08-01 12:00:01,778961,6309,267,120.0,120.0,0.0,1
umkVKobPz00,UCab17MxxnFtAhGsJVTkSkCg,2026-07-22 10:13:21,617,12,0,119.78,120.03,0.03,0
un1VUEpODoQ,UChLqHuZV0PENIBYxDgXyPLQ,2026-07-15 13:51:09,54913,843,12,119.9,120.15,0.1,1
un3P9PUm5rE,UCDbOXmGL7EkmOcnUb5Kki4A,2026-08-19 07:30:21,24436,352,204,119.76,120.01,0.01,0
un9XyvylVfc,UCarBV0zWlC2k-HteyeKqfag,2026-08-12 19:14:34,18975,152,0,119.76,120.01,0.01,0
unCVX8jBiiE,UCjOtzpfj5lF9erwTEQYkxtQ,2026-08-22 03:00:26,46996,954,57,120.0,120.0,0.0,0
unFaiLdaWBU,UCHeg3ApmuXQbqqszaD1fR9g,2026-07-27 02:00:40,53026,418,17,119.99,120.24,0.01,1
unPKpUE-GPE,UC3hqiw3lZAXaMwhQvMGZkdw,2026-08-14 13:15:24,3830,33,8,120.0,120.0,0.0,0
unPZUmpxz2Q,UCYGF_xk5RDpltyZDSx040uw,2026-08-18 12:29:40,92955,1001,26,119.77,120.02,0.02,1
unSWd4vaa94,UCgLFbrC7-g0ihBKB0obVPTg,2026-08-29 16:07:09,2533,19,3,119.89,120.14,0.11,0
una3ZeEepLk,UCzDmGDR5RdahQkLCBoWlTEg,2026-08-30 11:48:43,69446,142,27,119.95,120.2,0.05,0
unbLUqyi7B8,UCG3uX-OwJ82T3L3EhC3GPXA,2026-08-17 02:02:50,3060,110,47,119.96,120.21,0.04,0
unh7n8SO3m4,UCD9tj7ATjYkyPyWXK_ewNXQ,2026-08-12 00:18:37,356,6,0,119.94,120.19,0.06,0
unnfKOD6eV8,UCBY9rOZPo0fLE45mOV0s0cw,2026-08-11 13:37:24,185,3,0,119.88,120.13,0.12,0
unrIlP1-reo,UCElXDMEQqlUnuyDbChjARWQ,2026-08-05 10:50:44,203,0,0,119.91,120.16,0.09,1
uo3jHtX_iF4,UCHYMpkGhNIr8A0m2H3lIjUA,2026-07-17 13:00:09,56112,395,89,120.0,120.0,0.0,0
uoLUjBYlNXw,UCM7ccuD_XdAXSTuhVrLUo9A,2026-07-30 22:31:11,2,0,0,119.98,120.23,0.02,0
uoLiJyfnDPI,UCX11f6rIVaoWGvFnKKyPBNQ,2026-08-10 15:28:39,62019,556,66,119.78,120.03,0.03,1
uoVuxw8AExk,UCgLFbrC7-g0ihBKB0obVPTg,2026-08-19 15:17:08,155,5,0,119.98,120.23,0.02,0
uoWbFgpHogw,UCpcTrCXblq78GZrTUTLWeBw,2026-08-31 13:30:30,33419,416,22,120.0,120.0,0.0,0
uou6LL-ssqA,UCEeib6HEHy95EGWUevS4RcA,2026-08-12 14:18:07,3,0,0,119.95,120.2,0.05,1
uowWYRkfYtg,UCifCesg-EUkjKyQedaB3hRg,2026-08-04 02:14:34,24099,138,2,119.76,120.01,0.01,0
up3g54-pip8,UC2yOBpLVwB7kzt9C5ZPbB7w,2026-08-23 10:00:32,97065,1414,79,120.0,120.0,0.0,1
upE6GUBMcKo,UCb5NLtXAsTBrmaZVhyFa-Wg,2026-08-08 09:25:18,172930,739,69,119.83,120.08,0.08,0
upUlhIsZXGQ,UCVZI7eLie2UlZph6aiBRNrw,2026-07-26 11:00:15,77242,559,108,120.0,120.0,0.0,0
upb3CkrvWIw,UCifCesg-EUkjKyQedaB3hRg,2026-08-29 02:26:59,223869,136,2,119.81,120.06,0.06,0
updC5K4Sr60,UCdQHEqTxcFzjFCrq0o4V7dg,2026-08-03 00:15:17,30732,1748,177,120.0,120.0,0.0,0
upfZco_6uAw,UCpcTrCXblq78GZrTUTLWeBw,2026-08-23 12:30:23,35924,465,22,120.0,120.0,0.0,1
upz-J49DD6o,UC4ncZM9bnBknxPkJbq4miHQ,2026-07-22 10:30:37,87355,1655,260,119.99,120.24,0.01,0
upzhYUZsZro,UCZCZHg_oJiHcrcj2vaPRCag,2026-08-05 17:17:57,64,1,0,119.95,120.2,0.05,0
uq0GAMlY4lE,UCZ-UuK86Bk5sGzQQ2cEglJQ,2026-07-30 10:30:36,120563,1392,70,119.99,120.24,0.01,0
uq38j-6U49c,UCqVkQsNin4MdGFrWvzFVOKw,2026-08-30 16:02:42,36404,480,2,119.97,120.22,0.03,0
uq54Hc5BIws,UC2f8VfmEF2_0-rFN4RNHaNg,2026-07-31 18:43:32,56141,1193,321,119.78,120.03,0.03,0
uq9gXLpeC9I,UC8Xz3BKjDvQk7lKhH7Hi9nA,2026-08-02 18:57:45,37493,579,139,119.79,120.04,0.04,0
uqC-KHSi10Q,UC3DYSay178fMMPaf3zHwECA,2026-07-22 04:15:06,28662,933,49,120.0,120.0,0.0,0
uqHTjy5o51s,UCeB_ZeSo0xDL62wWlkTEtjA,2026-07-28 01:00:33,26180,186,290,120.0,120.0,0.0,0
uqMNjY88ALI,UCTVkjiEiaiSbEq0Qwd5XTPA,2026-08-08 15:04:04,359,16,2,119.93,120.18,0.07,0
uqpwcakwbz8,UCZ-UuK86Bk5sGzQQ2cEglJQ,2026-08-15 08:24:28,114922,2043,42,119.85,120.1,0.1,0
uqumxzwiG_4,UC4cKHOBS-nRfKFTwf1n8HGA,2026-08-30 02:00:19,14739,,57,119.76,120.01,0.01,0
uqvbqd3xEvc,UCV7WE8I_UiAN0fa6Arezx_w,2026-07-16 12:00:18,78,1,0,120.0,120.0,0.0,0
uqy4R5sXi6s,UCV6mNrW8CrmWtcxWfQXy11g,2026-08-25 06:00:21,557340,16913,146,119.76,120.01,0.01,1
ur27aUdCkf8,UCI3DTtB-a3fJPjKtQ5kYHfA,2026-08-02 03:00:30,3264,42,6,119.99,120.24,0.01,0
urB2NeY0EZo,UCSl8TBqqflby-ymdEQVfRNQ,2026-07-24 14:24:52,36763,524,207,119.84,120.09,0.09,0
urHPKHUWqns,UC3RzmV2LX3AmWhZVx0A7u0A,2026-08-29 07:00:11,256833,5620,159,119.76,120.02,0.02,0
urHzo70cHjQ,UCroIk85IFzp6OZzKoJFDKuA,2026-08-19 10:22:23,3497,14,9,119.89,120.14,0.11,0
urWZukn4YI4,UCifCesg-EUkjKyQedaB3hRg,2026-07-30 17:19:55,306757,2820,24,119.92,120.17,0.08,0
urZ4MScOM8Y,UCw1DsweY9b2AKGjV4kGJP1A,2026-08-23 10:00:37,3722,22,2,120.0,120.0,0.0,0
usEuU-qB_z8,UC_e83kYlGHWbsrr8QCfV_ag,2026-07-26 13:08:38,41995,136,111,119.86,120.11,0.11,0
usGy3TB0w7k,UCPGl9DV2WUgaqGVXtVrhJWQ,2026-08-31 15:00:01,20,0,0,119.76,120.02,0.02,0
usjyXjCpUrM,UC5grrciAyUF4xjd42XhV-1Q,2026-07-30 16:07:40,2689,,0,119.88,120.13,0.12,0
usnWdTDv8pM,UC-2wa6jvprl7hfCpvw0ULzg,2026-08-07 16:00:35,360969,4892,2254,119.99,120.24,0.01,0
ut18wBXqTQg,UCp6n8d8Y8r3MwKNw_MMaouQ,2026-08-30 11:41:08,4784,238,5,119.83,120.08,0.08,0
utEN6CFTKUc,UCAhmOb9JWkI2HV_KIe9X_3A,2026-07-31 13:00:27,4673,59,29,120.0,120.0,0.0,1
utL0FugLPMQ,UC3_QWAvQRhPW4CDoQU8acKw,2026-07-27 08:00:40,14110,716,21,119.99,120.24,0.01,0
utSqgNayJ78,UCTUnpbuKoOODvhLhCO_kO_A,2026-07-28 08:00:28,375,6,0,119.99,120.24,0.01,0
utWB1J5SYEI,UCkcaRxpTcisadUeCbHOYTFw,2026-08-04 09:15:26,130667,1143,83,120.0,120.0,0.0,0
utdReJi11Es,UChLqHuZV0PENIBYxDgXyPLQ,2026-07-19 02:51:09,69169,1050,26,119.9,120.15,0.1,1
utnXCuQjA6Y,UC7wosSPUA3os3b3-RMZZe6g,2026-07-17 16:29:11,384,9,0,119.76,120.01,0.01,0
utoXttvGv-s,UCnCH3Uhv_ynhTNKEH6ekRtg,2026-07-26 06:19:25,11078,154,15,119.93,120.18,0.07,0
utpEMioGMu4,UCV7WE8I_UiAN0fa6Arezx_w,2026-08-23 11:00:34,42,0,0,120.0,120.0,0.0,0
utxWuzANI4g,UCYooECrv-fIXlPaDwEIaveA,2026-08-01 09:00:12,54401,758,9,120.0,120.0,0.0,1
uu0bEVdcCrM,UCawK5EIfr66Z7fjAlZgfB2g,2026-08-04 03:55:46,19793,,0,119.82,120.07,0.07,0
uu4B1hl4csw,UCZCZHg_oJiHcrcj2vaPRCag,2026-08-04 09:00:14,411,0,0,120.0,120.0,0.0,0
uuAiRObi6Mg,UCV7WE8I_UiAN0fa6Arezx_w,2026-08-25 13:00:06,30,1,0,119.76,120.01,0.01,0
uuSRc_trXaM,UCElXDMEQqlUnuyDbChjARWQ,2026-08-27 11:00:11,736,1,0,119.76,120.01,0.01,0
uuap3sTeWiQ,UCM81CAJ2_Y42-bvK1OQnAAA,2026-08-08 12:21:11,60353,715,550,119.9,120.15,0.1,0
uug_O-4yXO8,UCkpKYfb8wM67QnKxBj9bZXA,2026-07-13 11:05:27,5093,34,9,119.91,120.16,0.09,0
uuvLtXtNGyM,UCN5789pKaFwqjVBvg6yws_w,2026-08-19 09:00:20,1,0,0,119.76,120.01,0.01,0
uuzwSMJW8Ao,UCl402YYy7RcH7PBI3npmGPQ,2026-08-31 15:53:00,262986,661,224,119.88,120.13,0.12,0
uvFtdwZxKms,UC78d2aaqdrt02RfmtRLmlAw,2026-08-14 16:00:14,45176,432,118,120.0,120.0,0.0,0
uvObCo1Zs7g,UC4ncZM9bnBknxPkJbq4miHQ,2026-08-07 10:01:23,40955,607,68,119.98,120.23,0.02,1
uvScGEUkbSU,UCnkytUgy0CtWd06up9CjNxg,2026-08-17 11:01:19,288482,4701,337,119.98,120.23,0.02,1
uvgxHdfG7Ag,UCV6mNrW8CrmWtcxWfQXy11g,2026-08-13 13:00:37,42572,1487,122,119.99,120.24,0.01,1
uvvTdgJcKOI,UCKUUL3fMVvYVZdGkKhhjP0A,2026-08-25 08:11:19,36242,510,35,119.82,120.07,0.07,1
uvzVF_tOCk4,UCWwbZhw5M-Q5dZtTK4nDWNw,2026-08-16 03:00:40,33588,463,14,119.99,120.24,0.01,1
uvzgQf2lbzA,UCz4b1O9sT73P8DWwx6OvQwg,2026-07-29 01:17:49,38657,398,76,119.96,120.21,0.04,0
uwAXBkJxPmo,UCw1DsweY9b2AKGjV4kGJP1A,2026-08-22 08:02:38,2659,17,3,119.97,120.22,0.03,0
uwE6neVQgmg,UCkrNv6xF8j7QZmWb3UeAH8A,2026-08-25 09:10:31,3161,8,5,119.84,120.09,0.09,0
uwFTpd4jCJU,UCMswODzU1ZjjrLyUk7NfwPA,2026-07-23 11:10:00,82623,1103,44,119.83,120.08,0.08,0
uwOqFFDqj18,UCZ6mNZTiTUrUSbSYPlclI4A,2026-08-14 13:20:25,10341,549,11,119.91,120.16,0.09,1
qGZQjW9AYEY,UCPuD5ZRQWa_JCaY5NokNhtg,2026-07-23 05:52:06,445,10,5,119.88,120.14,0.12,0
qGpJWe7CDZs,UCrKSaegnzewdj9-YLsUhoZw,2026-08-14 04:41:45,18116,115,40,119.81,120.06,0.06,0
qH-87O_Tkjg,UC2f8VfmEF2_0-rFN4RNHaNg,2026-08-24 11:52:52,66924,1023,384,119.88,120.38,0.12,0
qH-KXyGfUuU,UCDZb8ug9ACbYGCQ9PdrYRZQ,2026-07-25 12:47:15,67466,1069,42,119.97,120.22,0.03,1
qH3rQfR92So,UCQzgMwT5Q6x-Mtq65HRS_0Q,2026-08-19 03:08:52,18486,103,12,119.86,120.11,0.11,0
qH431efKplY,UCGi94VU356EAvQLgODywyrA,2026-07-23 07:45:08,7970,137,19,120.0,120.0,0.0,0
qH6oB41EKxg,UCV6mNrW8CrmWtcxWfQXy11g,2026-08-30 14:28:34,186400,1116,7,119.79,120.04,0.04,0
qH9tTeBL7qk,UCQzgMwT5Q6x-Mtq65HRS_0Q,2026-08-27 12:31:13,6911,52,3,119.99,120.24,0.01,0
qHXUS96HPv0,UC60HSePkZwGFzRj6VSDa6Ew,2026-08-09 06:19:55,34544,437,107,119.92,120.17,0.08,0
qHqAFBA4VQM,UCCd3jyJmOFzkJEMj5Bp89rw,2026-07-14 23:00:16,694,25,0,120.0,120.0,0.0,1
qI2z6LAbqY0,UCmUj2ymudTL0ksdu1WumSgQ,2026-07-23 08:43:59,2146,17,5,119.77,120.02,0.02,1
qI9fpqM755w,UCr4WCOxirRA-BzVu-MH_WqQ,2026-08-04 10:00:35,4068,39,9,119.99,120.24,0.01,1
qIbDTDO2E9Y,UCd6CX2LiQE2dEAPXwk2N0jg,2026-08-17 11:43:54,67463,782,279,119.77,120.02,0.02,0
qIeiAlIrXxI,UCA9f2-9fUklMMOaz8vKW7Jw,2026-08-23 16:20:04,12595,33,0,119.93,120.18,0.07,0
qIi4ztKsZJQ,UCifCesg-EUkjKyQedaB3hRg,2026-08-22 03:06:20,2557,27,0,119.91,120.15,0.09,0
qJCJWk7Jggg,UCrfB1-zWijAYkgfZW7Ehc8Q,2026-07-31 06:00:26,136118,2026,73,120.0,120.0,0.0,1
qJEdKxbVO_Y,UCV2rXchZ5JNpvmSIOVEQ5oA,2026-08-30 10:30:04,42083,137,37,119.76,120.01,0.01,1
qJWBzOlDqgE,UCuwnt_REmD4YsCtFJRoqjFw,2026-08-17 04:24:44,86957,777,157,119.84,120.09,0.09,0
qJZe4j0SZFg,UCbvvdVOF0teLO-U6GWh1RKg,2026-08-14 06:14:40,4050,26,19,119.76,120.01,0.01,0
qJfCQ5KKZN4,UC4VWaR3R17Ruc7j1Cy1-PKQ,2026-08-27 02:24:03,325,0,0,119.86,120.11,0.11,1
qJhI0wOMWGI,UCjUnlBpn0Z1L450g79fniRg,2026-07-26 14:27:30,568,1,0,119.79,120.04,0.04,0
qKCzFaLgmWM,UCtGMgPWJNU2Aj-SNK0zg0Sg,2026-08-22 01:43:41,3727,21,2,119.78,120.03,0.03,0
qKF2moMlcJA,UCpn9dP1b5BhBsU9SduEz1hA,2026-08-08 15:45:30,21884,244,11,119.99,120.24,0.01,1
qKGuCxqsTK0,UCAl4HWznMn7KhKBRFO5eiFA,2026-08-14 13:10:32,1164,7,0,119.83,120.08,0.08,0
qKQjAQvlA4E,UCjsqgRBvkn8XadWraSQxTKQ,2026-08-08 15:35:10,244,2,0,119.92,120.17,0.08,0
qKTM_N55Vek,UC72PuhDwKtZ5MikpGNhPAtA,2026-08-26 20:31:35,231130,7865,688,119.98,120.23,0.02,0
qKYJxUgc5e0,UCZ6mNZTiTUrUSbSYPlclI4A,2026-08-28 12:43:56,7977,226,7,119.78,120.03,0.03,1
qKkrmEW5Ycc,UCifCesg-EUkjKyQedaB3hRg,2026-08-11 19:00:35,2156,48,5,119.99,120.24,0.01,0
qKlUGxzUL2c,UCPuD5ZRQWa_JCaY5NokNhtg,2026-08-04 10:41:50,565,9,2,119.8,120.05,0.05,0
qKoxhq1zFSY,UCz5LAkkX66OAW-y_WiWf9vA,2026-07-28 14:58:25,63,2,0,119.78,120.03,0.03,0
qLIoFMctYFs,UC6LLMkdyses2ugPRNEXutMQ,2026-08-23 10:15:07,42917,175,15,119.76,120.01,0.01,1
qLUY17EweZA,UCdK9h1ILxS49c2LguBUY3rw,2026-07-23 12:00:16,3,2,0,120.0,120.0,0.0,0
qLilzKLe1L0,UCPGl9DV2WUgaqGVXtVrhJWQ,2026-08-10 13:13:41,3,0,0,119.78,120.02,0.02,0
qLmD41_7xOs,UCqlcSsDNMYxEsem7bWY-66Q,2026-08-07 17:11:05,15632,443,0,119.82,120.07,0.07,0
qLuyqvBRjwc,UC9qwDE50UcXvdplRNZKEoPA,2026-08-28 07:00:23,14604,529,14,119.76,120.01,0.01,1
qM7Lih9wxEs,UCi8fe6P0_tLeZ1r31wOydvw,2026-08-10 04:00:36,4368,26,4,119.99,120.24,0.01,0
qM8M3CBimWU,UCqlcSsDNMYxEsem7bWY-66Q,2026-07-25 10:34:25,13624,452,8,119.93,120.18,0.07,0
qMEbJOiyfNk,UCxe_WKNMrOgvNtgz02oLTjQ,2026-08-24 06:15:25,1237,13,2,119.76,120.01,0.01,1
qMJfSJ-MJto,UCAl4HWznMn7KhKBRFO5eiFA,2026-08-20 08:58:06,2454,35,7,119.79,120.04,0.04,1
qML5Or_29F4,UCBA9XaL5wCdHnC5EmEzwrqw,2026-07-25 03:00:23,365360,1443,626,120.0,120.0,0.0,0
qMmQViwG_bM,UCzRPPKLkNxjD2of-0Xxfnjw,2026-08-08 04:19:49,7352,58,1,119.92,120.17,0.08,1
qMsldj_28GM,UCaHIZAKows704_gk6bjdAog,2026-08-09 10:00:25,31745,319,80,120.0,120.0,0.0,0
qMw9Fwbh0OI,UCsrLyevZL_AEZY0LaYVCYzA,2026-08-14 04:31:17,33,2,0,119.98,120.23,0.02,0
qN-QNIl_gm4,UCA9f2-9fUklMMOaz8vKW7Jw,2026-08-15 14:23:05,143,4,0,119.87,120.12,0.12,0
qNCpV0O6_jM,UCwBkHOTyu57NQi0syf5MLig,2026-08-26 03:00:23,538326,5461,69,119.75,120.01,0.01,1
qNFTjo1RbjE,UCQfISxq5legTqOt1h1us6lg,2026-08-30 16:40:33,8170,4,0,119.84,120.09,0.09,0
qNKaSa1SnH0,UCPv0av3PfTUeTnHGgcXkk8w,2026-08-24 00:00:00,12,0,0,119.76,120.01,0.01,0
qNQruTpRP48,UCO8ToDSM2Gvt3EZdOdosxTw,2026-08-31 10:30:06,24021,101,92,119.76,120.01,0.01,0
qNiW0EsWr9E,UCw1DsweY9b2AKGjV4kGJP1A,2026-08-30 09:00:37,803678,6119,283,119.75,120.01,0.01,1
qNsOsX0ZeVs,UCS-X1uBDTNwAYyydiXjcX9A,2026-08-31 04:48:58,1667,13,2,119.95,120.2,0.05,0
qNyaJHbvDw8,UCvAetSOU_4lyjM5hVMNzN0Q,2026-07-20 09:11:34,12598,134,25,119.81,120.06,0.06,0
qO219FUdxU4,UCt6Eo4xMTHhlOWg4_PAz_MA,2026-08-02 08:56:14,2184,20,0,119.82,120.07,0.07,0
qOKzmM2fvIY,UCN8L7Z-dyzu9FzT39RM0fvw,2026-07-20 07:00:42,27039,240,76,119.99,120.24,0.01,0
qOUDTIN7rOI,UCfQOeRevRI14uNqluiJ7TeQ,2026-08-11 07:17:33,41,1,0,119.96,120.21,0.04,0
qOUIH3dY43A,UCE8JC9RAVSudDT_8Ji1fuPQ,2026-07-14 08:45:26,42665,806,53,119.99,120.24,0.01,0
qOZZySPmOE8,UCL2ZLyAV0H9Pvi46W7TGdHQ,2026-07-28 11:30:29,322283,1889,59,119.99,120.24,0.01,0
qOgikephhUc,UCv1tOT645xHOJrwdGlzjMaA,2026-08-21 13:49:08,39896,413,100,119.94,120.19,0.06,0
qP-am__aSus,UCPPuXI31ybWYB560T2uAeMg,2026-07-30 22:18:35,2024,16,0,119.94,120.19,0.06,0
qP35qizOle4,UCz4b1O9sT73P8DWwx6OvQwg,2026-08-27 17:07:05,50590,1251,46,119.9,120.14,0.1,1
qP6bgOw4V5c,UCOTJtP0Z9DjpPU43B5m1V6A,2026-08-03 12:00:28,1232680,9940,1114,119.99,120.24,0.01,0
qPDeEBGeWUg,UCw1DsweY9b2AKGjV4kGJP1A,2026-08-01 07:45:18,120735,591,30,120.0,120.0,0.0,1
qPVsXaF-zy0,UC6NXJtCn3p-actkvBUlHwDA,2026-08-31 03:00:23,75494,430,48,119.76,120.01,0.01,1
qPdsHzvGktY,UCrKSaegnzewdj9-YLsUhoZw,2026-07-20 07:57:07,10714,81,10,119.8,120.05,0.05,0
qPewTZcSNd4,UCNRnCc0hg3ZcKdOGXKKv5Ww,2026-07-30 17:28:11,11329,77,6,119.78,120.03,0.03,0
qPfftzDwAbo,UC5ScPjbt-a97AJO7SBj6nAg,2026-08-22 08:30:20,73460,2502,420,119.76,120.01,0.01,0
qPhXvrCyvLg,UC6oq8RPEH1BmtyldQgXVbJw,2026-08-24 07:14:59,11705,39,17,119.76,120.01,0.01,1
qPzKMxKZRGk,UCgLFbrC7-g0ihBKB0obVPTg,2026-08-15 16:19:02,439,14,1,119.94,120.19,0.06,0
qQAnH0BIgEM,UCgLFbrC7-g0ihBKB0obVPTg,2026-08-31 00:03:14,768,8,1,119.96,120.21,0.04,0
qQCwUoP4frY,UC-aXNBQ6nwMNeW2V8XB7sBg,2026-08-15 03:00:35,2548,55,8,120.0,120.0,0.0,0
qQEfHH-sCjY,UCJDXc9JWCZo-nLNKr_-L2Ng,2026-07-22 18:30:14,4750,151,9,120.0,120.0,0.0,0
qQGNkAVupsg,UCZHBZUrLKMoL6FxpvdRzhKA,2026-07-22 16:03:33,9601,59,0,119.95,120.2,0.05,0
qQZBcLva4Iw,UC-okJdotaXPlzivRzHFqzuA,2026-07-25 08:59:19,71573,1054,28,119.76,120.01,0.01,0
qQaRXCCdmfo,UCwlUB3goOsh4tpqZKIzUAbA,2026-08-25 12:06:13,23236,193,85,119.91,120.16,0.09,0
qQeWhAryEig,UCV7WE8I_UiAN0fa6Arezx_w,2026-08-30 18:00:20,91,0,0,119.76,120.01,0.01,0
qQff9mJu6I4,UCUPa-gJcbYG9Ql8b9H9FBbg,2026-08-29 00:00:25,7907,83,11,119.75,120.01,0.01,0
qQh_duePtrQ,UC1Ns07Rw0lQK-KuaPHfRRTw,2026-07-26 03:02:06,9,0,0,119.97,120.22,0.03,0
qQj41DD6S74,UCIvLQ5lZ2kebqnLaGv_FP4w,2026-08-20 08:52:09,6077,63,24,119.89,120.14,0.11,0
qQqduhEi1F8,UC0FUMakBJHsRrfKCGQuWnRA,2026-08-30 01:30:21,35798,237,123,119.76,120.01,0.01,0
qR05XIDt3o8,UC9M8GGVwPqc9ubNruArCNPg,2026-08-12 10:00:26,30895,705,20,120.0,120.0,0.0,1
qRR83RdZZJ0,UC_8GOc5dWX2Kpb74_nQ7vSQ,2026-07-28 11:30:18,330238,15123,334,120.0,120.0,0.0,1
nmxMLAmDkPM,UC9DNu8JRIcE-rpo9eBx1ffw,2026-08-20 00:07:06,400,3,2,119.89,120.14,0.11,0
nn5d_6R7beQ,UCcum1rCJ5GJeQ_xv0xrohqg,2026-08-06 04:00:06,78484,2959,481,120.0,120.0,0.0,0
nn6-WXxSfCQ,UCU0-6z_KU9AShyR9J6gcFGw,2026-08-20 16:00:22,98,2,0,120.0,120.0,0.0,0
nn7QVAv0oCk,UCqVZTizoA2wQKOj_xaDt10Q,2026-08-05 12:18:07,1694,10,0,119.95,120.2,0.05,1
nnHLePIyCdk,UCdb5lyq0tWbY3jqH35SufmA,2026-08-19 00:50:41,2001,14,0,119.92,120.17,0.08,0
nnVPGCoZxpU,UC-FiQR2gg8oiNw98ZdsSX6Q,2026-07-23 08:24:54,185,5,0,119.84,120.09,0.09,0
nnWz-6R35js,UCPGl9DV2WUgaqGVXtVrhJWQ,2026-07-21 15:00:27,18,0,0,119.99,120.24,0.01,0
nnedHcB7F0s,UCJmnOEp1-OITEU0mk4icM5A,2026-07-22 07:00:29,44650,869,192,119.99,120.24,0.01,0
nnlzk0gk4B0,UCSl8TBqqflby-ymdEQVfRNQ,2026-07-22 03:58:38,34875,213,2,119.78,120.03,0.03,0
nnmPVMIE3PM,UCD7D_WRXbei_g6xXOZIhQnQ,2026-07-26 08:37:31,2534,16,17,119.88,120.13,0.12,1
nnrJiTTKxk0,UCeiQKedLZob9Cb797XfsrRw,2026-08-25 18:20:51,43748,574,321,119.91,120.16,0.09,0
nnzLD_6O-bM,UCJDXc9JWCZo-nLNKr_-L2Ng,2026-07-26 16:30:36,5252,133,7,119.99,120.24,0.01,0
no0dfsg01sU,UCyZXLzORHoh9QMwA7IwS0pA,2026-08-04 13:34:12,490,9,0,119.93,120.18,0.07,0
no1XZ1vig_A,UCxpXguPL_B5pz7Gq8ozfwlA,2026-08-31 08:45:40,85773,62,0,120.0,120.0,0.0,0
no2dRoKjb2o,UC9qwDE50UcXvdplRNZKEoPA,2026-08-09 07:39:17,1680,43,13,119.85,120.1,0.1,0
no2h9mUGnrk,UClHTjLVog7CkRF8tYJuNXXQ,2026-07-28 22:00:15,197,13,1,120.0,120.0,0.0,0
no50ldGRpj4,UCXu_CcxBZA5S_iG33OzA9PQ,2026-08-15 11:15:00,4935,50,9,120.0,120.0,0.0,1
no9q4bvN6ig,UCw1DsweY9b2AKGjV4kGJP1A,2026-08-27 13:00:30,46074,63,364,120.0,120.0,0.0,0
noFJCjrPMwc,UCMAfHuocszM6UTORPwUmeNw,2026-08-11 15:29:43,12688,334,0,119.76,120.01,0.01,0
noSo5T89sfk,UC6oq8RPEH1BmtyldQgXVbJw,2026-08-11 01:00:00,7752,84,16,120.0,120.0,0.0,0
noTY5Ptmb0A,UCZ-UuK86Bk5sGzQQ2cEglJQ,2026-08-20 10:30:39,129933,1674,79,119.99,120.24,0.01,0
nod91nvCs8c,UCyiKhng8Mr3xlm-rgec6mWQ,2026-08-27 13:00:10,94,2,0,119.76,120.01,0.01,0
noiX7erw6AM,UCJDXc9JWCZo-nLNKr_-L2Ng,2026-07-22 16:30:09,2795,104,6,120.0,120.0,0.0,0
noqxvNrL9aI,UC6fx3aU3i3C51oXwXm8idTQ,2026-08-18 09:37:46,0,0,0,119.88,120.13,0.12,0
nouWif4_eno,UC8aCmG_y4DqqVI9Xlcym1Jg,2026-08-09 21:00:39,892,35,1,119.99,120.24,0.01,0
noyh-VzUyyo,UCXAXCxTCCYYKsLJNzEvjqfw,2026-08-18 02:56:17,63500,981,42,119.81,120.06,0.06,0
nozUIzw0XR0,UCZ6mNZTiTUrUSbSYPlclI4A,2026-08-07 12:36:08,10326,172,10,119.9,120.15,0.1,1
np90Q9d9XVQ,UCRCK5FCJtomQT3b88jXI_DA,2026-07-31 08:00:02,495683,,,120.0,120.0,0.0,0
npEiq_uGFXk,UCyaMGpNb-UiLHMY833ai7IQ,2026-08-01 19:11:57,49,3,0,119.8,120.05,0.05,0
npO8JwygRr0,UCIzbqIyEUxtFLYh_sCDoXpw,2026-08-07 04:53:38,292521,2988,107,119.86,120.11,0.11,1
npd1v8LzfJ8,UC3DYSay178fMMPaf3zHwECA,2026-07-14 08:00:25,52255,1727,23,119.99,120.24,0.01,1
npjy9QoEd5I,UCwBkHOTyu57NQi0syf5MLig,2026-08-18 00:00:12,268937,1745,114,120.0,120.0,0.0,1
npx-3zOB6DU,UCqlcSsDNMYxEsem7bWY-66Q,2026-08-02 09:03:33,10213,271,20,119.94,120.19,0.06,0
npxKc85esuY,UCq0fwcojiA7ztN0FgTEgfXA,2026-08-02 06:30:16,33,0,0,120.0,120.0,0.0,0
nq8yGQBDB50,UCs0LzOveQMLImmmTrMmP2sg,2026-07-30 13:03:40,98220,430,25,119.94,120.19,0.06,0
nqDsJ81XPl0,UCQJuZxeDv2P05YHcC-tIEVQ,2026-08-30 08:00:27,55618,476,24,119.76,120.01,0.01,0
nqH8lH55Gsk,UCNOj6xtKWCtPbjJV8XPlbLg,2026-07-24 02:00:18,48253,473,30,120.0,120.0,0.0,1
nqJLF-1MFaw,UCr4WCOxirRA-BzVu-MH_WqQ,2026-07-29 11:30:20,25618,87,8,120.0,120.0,0.0,1
nqXoJrXIxOA,UCNrQ0VbdprXAur6OZKexjEw,2026-08-11 08:00:30,61570,916,113,119.99,120.25,0.01,0
nqfjVl3kymA,UCPuD5ZRQWa_JCaY5NokNhtg,2026-08-23 07:37:53,235,6,2,119.88,120.13,0.12,0
nqgylaqCbls,UCdb5lyq0tWbY3jqH35SufmA,2026-08-09 21:57:30,24469,198,65,119.79,120.04,0.04,0
nqzQH_nrWwA,UC46X_E7jxvJ1O_3gnaeCxeg,2026-07-15 00:52:30,39547,,0,119.88,120.13,0.12,0
nr1bF88ckjM,UCpTNtH8yc1Kdl_YFfsQsTYA,2026-08-14 06:55:50,12300,25,0,119.82,120.07,0.07,0
nr7NQjtQXfQ,UC_9W6Z5Y3lDpLk47Y_y5ITQ,2026-08-02 04:25:04,37446,458,39,119.83,120.08,0.08,0
nrQBo6E6RVU,UCp6n8d8Y8r3MwKNw_MMaouQ,2026-07-28 11:54:17,237562,2145,0,119.85,120.1,0.1,0
nraX2iXGEWU,UC3RzmV2LX3AmWhZVx0A7u0A,2026-07-20 07:00:16,118427,2763,136,120.0,120.0,0.0,1
nrk2tUfUdMM,UCyZtdaxIiGb4wp5AmkEMrwQ,2026-08-04 03:45:50,65452,1577,36,119.99,120.24,0.01,1
ns1lcH1Pdas,UChI9sq2ifMFu5L8iJ582F_A,2026-08-08 09:19:56,14,0,0,119.92,120.17,0.08,0
ns7JN4swFOo,UCarBV0zWlC2k-HteyeKqfag,2026-08-01 22:14:23,44294,208,33,119.76,120.01,0.01,1
nsA0WKtGzoM,UChUNd9Dt96PzfB24BtVviHg,2026-08-08 02:00:24,22225,277,8,120.0,120.0,0.0,1
nsRTsRpZjmc,UCvPGGL-OTEAQlwAUxbcJO8g,2026-07-28 08:18:22,155558,3026,230,119.95,120.2,0.05,0
nsSEVfHjVdU,UC8chC5rneP-LHm43q-jF3oQ,2026-07-14 09:30:50,732609,9155,69,119.99,120.24,0.01,1
nsTYBldj10I,UCZCZHg_oJiHcrcj2vaPRCag,2026-08-09 09:00:30,404,0,0,120.0,120.0,0.0,1
nsWrbwA8arM,UCz1Gc37nWsdF_jbJ_SvMl4g,2026-08-28 10:08:05,44680,315,14,119.88,120.13,0.12,0
nsXhmFbl9-M,UCt8CJiye87FMbEwt0npPMuQ,2026-07-29 17:00:11,16826,902,50,120.0,120.0,0.0,0
nszbcg4fvTU,UC-yb5eNBQyXBE9nZnht9u-g,2026-08-27 08:51:30,6503,176,3,119.9,120.15,0.1,1
nt4HbnnVzso,UCPGl9DV2WUgaqGVXtVrhJWQ,2026-07-18 15:00:00,81,0,0,120.0,120.0,0.0,0
ntAXUzJdu5M,UCrR_fhiJjoW8OJFzUcmlMMA,2026-08-21 07:00:37,4885,57,10,120.0,120.0,0.0,0
ntDxu3SVmfo,UC3LNd5iXQZ8WinaOpfwXveA,2026-08-22 10:30:34,38339,802,72,120.0,120.0,0.0,0
ntF-Q7vrajE,UCPp6kLLWggTuACsQwFibg8A,2026-07-17 09:00:07,36700,300,13,120.0,120.0,0.0,0
ntG8Ck_0W_U,UCk5mlvpbj8CZxD229CpiouA,2026-08-18 15:00:30,3664,148,14,120.0,120.0,0.0,0
ntbfghSuuWo,UCV6mNrW8CrmWtcxWfQXy11g,2026-08-05 20:53:52,16244,879,110,119.85,120.1,0.1,0
ntlOcZyIk6U,UCd6CX2LiQE2dEAPXwk2N0jg,2026-08-05 08:00:40,42583,971,180,119.99,120.24,0.01,0
ntu1pcufoGA,UCOTJtP0Z9DjpPU43B5m1V6A,2026-08-23 16:03:40,71492,687,10,119.95,120.2,0.05,0
nuHsAi6h9JE,UCuwnt_REmD4YsCtFJRoqjFw,2026-07-24 02:30:13,38073,353,31,120.0,120.0,0.0,0
nuiO9HEgf_Q,UC0FUMakBJHsRrfKCGQuWnRA,2026-08-20 11:38:12,59274,536,290,119.87,120.12,0.12,0
nuin2cMvcHA,UCHbz27HAkCIQNw_G2Pa7XVg,2026-08-14 07:46:37,17977,381,19,119.98,120.23,0.02,1
nuoy_Em6fQs,UCGW76VChAJKee9kYzvyoycQ,2026-08-13 07:00:22,8120,187,69,120.0,120.0,0.0,0
nup23o2PlL4,UCi8fe6P0_tLeZ1r31wOydvw,2026-08-02 04:00:32,4499,41,7,119.99,120.24,0.01,0
nurNxff-i0Y,UCbuUk7Iw61YD0OEEIhpRKpQ,2026-07-11 09:33:44,22512,287,5,119.94,120.19,0.06,1
nut6XHqDQAY,UCw1DsweY9b2AKGjV4kGJP1A,2026-08-23 08:30:06,69090,155,9,119.76,120.01,0.01,1
nv50lLZvoJU,UCt8CJiye87FMbEwt0npPMuQ,2026-08-24 16:00:35,89900,2507,111,120.0,120.0,0.0,0
nvC2DiFrVA4,UCD8r5Jgns2V64-NcUmXclpg,2026-08-02 03:15:35,77492,453,61,119.99,120.24,0.01,0
nvJgcyIVGXw,UCSfhr4gDPFsKuwdmTOWp2jw,2026-07-15 03:30:22,1951,9,0,119.99,120.25,0.01,1
nvSJLOCxc2c,UCOwgg4IVhPQtq6qtxEeX3XA,2026-07-26 08:30:10,3723,6,27,120.0,120.0,0.0,0
nvcHDExur3E,UCzRPPKLkNxjD2of-0Xxfnjw,2026-08-26 13:45:08,24600,326,94,119.76,120.01,0.01,0
nvfMRcSCmAM,UCw-JzmPsjRcbzJLncr4pIIA,2026-08-02 12:30:38,157706,2788,194,119.99,120.24,0.01,0
nvpeS7RQbGA,UC-yb5eNBQyXBE9nZnht9u-g,2026-07-20 10:00:38,6926,172,19,119.99,120.24,0.01,0
nvur5lk1x6c,UCqIwPYLfMd3EoWYwvyTjPnA,2026-07-30 03:00:28,61345,267,13,120.0,120.0,0.0,0
nwPZ9BEm05o,UCmcBe97VA2LqVEQUeeZl6Ew,2026-08-21 09:00:32,63069,511,95,120.0,120.0,0.0,0
nwRemPEzgsc,UCUt2AEhC-OOC2EPCzj4DkCw,2026-08-26 08:00:02,20550,356,10,119.76,120.01,0.01,1
sGDB399zX34,UC1IUMdwaJ22A6FkPiI8dcig,2026-08-15 13:20:44,14232,294,17,119.91,120.16,0.09,1
sGKKrYJxZc8,UC9vz3TBChrJmYbzUo-rqfSg,2026-07-29 03:48:49,14086,147,66,119.94,120.19,0.06,0
sGL8-KeV0BE,UCM7ccuD_XdAXSTuhVrLUo9A,2026-07-25 15:01:51,202,2,0,119.97,120.22,0.03,0
sGjCfwW1j7Y,UCHeg3ApmuXQbqqszaD1fR9g,2026-07-14 14:06:17,70,1,0,119.9,120.15,0.1,0
sGluH1g-JBQ,UCv1tOT645xHOJrwdGlzjMaA,2026-07-25 12:40:17,27145,245,45,119.83,120.08,0.08,0
sGrUrINfLk4,UCvPGGL-OTEAQlwAUxbcJO8g,2026-08-24 09:15:57,74116,1642,151,120.0,120.0,0.0,0
sGrsp1DLMu0,UCADf92tisOOh90hrZee4-LA,2026-07-28 15:06:12,21518,381,5,119.9,120.15,0.1,0
sHFuIFYyNKU,UCI6Ro_MOr36re4Bhb7nCY7g,2026-07-11 10:00:06,22133,160,42,120.0,120.0,0.0,0
sHHr0UfELZY,UCZ49HaU_D0Tlf1aDA2jU_Vg,2026-07-31 12:40:05,112023,1120,166,119.83,120.08,0.08,0
sHUj4r4w8c8,UCYjNEoVziojh1ZCum1q0PNQ,2026-08-20 12:00:03,14147,266,7,120.0,120.0,0.0,1
sHZYK8GWRIY,UC-2JsFNClcIesgd7UmtGnpw,2026-08-28 06:45:22,92266,1723,37,119.76,120.01,0.01,1
sHecCHZ1vyg,UClHTjLVog7CkRF8tYJuNXXQ,2026-07-29 22:00:32,314,11,0,119.99,120.24,0.01,0
sHer5XNnKnA,UCaN1Qp37sHiCdQuSaXa3fVw,2026-07-24 01:16:38,254063,3842,64,119.98,120.23,0.02,1
sHpWFWVp5_A,UCmZeuRfHYowZhf6odtoaNdg,2026-08-18 01:45:51,60890,332,76,119.99,120.24,0.01,1
sI02Ba0EljA,UCC1LvVTX2ySKYjeIXkAtvsQ,2026-07-26 09:00:13,136458,1858,100,120.0,120.0,0.0,1
sIEYlYec4oY,UCS2OAdHoLt-9T6cG9A2H49Q,2026-08-16 09:04:41,26844,150,16,119.93,120.17,0.07,1
sIkTAPNP1zM,UCAl4HWznMn7KhKBRFO5eiFA,2026-08-07 13:55:24,9188,43,18,119.83,120.08,0.08,0
sIm1k1YelsI,UCKVt3arMXfa6XZezR1UnjqQ,2026-08-05 03:00:36,4284,55,6,119.99,120.24,0.01,0
sImGNlgbvjo,UCv1tOT645xHOJrwdGlzjMaA,2026-08-26 09:00:12,17232,272,2,119.76,120.01,0.01,1
sIq21yCmZ-E,UC-okJdotaXPlzivRzHFqzuA,2026-08-02 02:59:08,87289,2013,23,119.77,120.02,0.02,0
sIrxWJDeI8o,UCb5NLtXAsTBrmaZVhyFa-Wg,2026-07-23 13:30:20,80482,421,46,120.0,120.0,0.0,1
sJ217smmGTo,UCGVy07wZs8W-EpKAGchrmCQ,2026-08-10 05:58:46,10473,88,33,119.77,120.02,0.02,0
sJEMAARlabw,UC3pTpoDKt17IrCDH60kSNPA,2026-08-26 02:36:02,3942,25,6,119.91,120.16,0.09,0
sJEpc0yWap8,UCei_ecYpQqFjYhjLaDPr2Lw,2026-07-16 09:07:03,1808,10,2,119.88,120.13,0.12,1
sJm3Q0zdEkI,UCY_vDlvG-BTDRIOk_I9QQ6g,2026-08-28 04:21:06,31157,85,43,119.91,120.16,0.09,0
sJr1o5d2xgg,UC5ScPjbt-a97AJO7SBj6nAg,2026-08-03 09:50:17,191353,4798,146,119.91,120.16,0.09,1
sJvITbEYKhc,UC6NXJtCn3p-actkvBUlHwDA,2026-08-29 06:00:26,668929,2226,163,119.76,120.01,0.01,0
sJwLhKrwzek,UCIQEX0V3QxP-tY_jpRT-waQ,2026-08-12 12:42:25,2286,16,2,119.8,120.05,0.05,1
sJwyBFVldMM,UCtLWxhEMKOio-GzdVJ1CVhg,2026-07-28 02:36:53,468,4,0,119.89,120.14,0.11,0
sK09rDAMVek,UCeBa5aBvHvly34S0Uk9Wqig,2026-08-28 09:12:40,2105,5,3,119.8,120.05,0.05,0
sKC5k6cM2Cc,UCPsZX-D7LW99PjZLA-UysPQ,2026-08-14 00:00:14,248,1,1,120.0,120.0,0.0,0
sKSUSOt2cL8,UCt8CJiye87FMbEwt0npPMuQ,2026-08-18 16:15:36,59433,1591,91,120.0,120.0,0.0,1
sKXOR10Eq6E,UCyEIUlSKbzCt3ElAsPFb7EQ,2026-08-10 01:00:22,8191,31,14,120.0,120.0,0.0,0
sL-5nAKv_Ig,UCw1DsweY9b2AKGjV4kGJP1A,2026-08-10 10:01:23,9069,35,8,119.98,120.23,0.02,0
sL1eLBMkhlo,UChEATwTajZl4Wjypr0cBj3w,2026-08-15 20:07:08,3888,161,17,119.88,120.13,0.12,1
sL46M2-9T1k,UCnCH3Uhv_ynhTNKEH6ekRtg,2026-08-18 05:40:42,5408,100,21,119.83,120.08,0.08,0
sL5Whdqq1Ro,UCcum1rCJ5GJeQ_xv0xrohqg,2026-07-31 13:11:16,23201,870,37,119.82,120.07,0.07,1
sLHA4_0m8EE,UC6JB_a6rD1lZ_aZgQvORfrQ,2026-08-28 01:52:20,28275,78,0,119.89,120.14,0.11,0
sLRaMZeXQkA,UCzSODDx0zQF3nxXOZISCm_w,2026-08-30 11:30:27,212,1,0,120.0,120.0,0.0,1
sLTeLTNLDR8,UCab17MxxnFtAhGsJVTkSkCg,2026-08-08 05:41:32,387,8,0,119.81,120.06,0.06,0
sLZNfUa3bCc,UCeiDuGZqWT4iiIXRTfhM3qQ,2026-08-16 08:25:33,5781,155,0,119.83,120.08,0.08,0
sLcSyMMebS8,UCJ0tK-1sP4BKqy6fBDQmZKg,2026-07-31 12:52:38,87,1,1,119.87,120.12,0.12,0
sLeb_SHYAyI,UCpcTrCXblq78GZrTUTLWeBw,2026-07-14 23:30:04,318846,1598,89,120.0,120.0,0.0,1
sLj58v9IyzM,UCJmnOEp1-OITEU0mk4icM5A,2026-08-21 05:00:12,147722,1738,101,119.76,120.01,0.01,0
sLn5v3xl0Kk,UCIvLQ5lZ2kebqnLaGv_FP4w,2026-08-06 17:20:39,1816,11,0,119.91,120.16,0.09,0
sM2JD0Hi_Yg,UCqIwPYLfMd3EoWYwvyTjPnA,2026-08-16 10:00:34,97183,524,31,119.99,120.24,0.01,0
sM6O19th3is,UCYMXFMiaGBnZ08-wBHS2MPQ,2026-07-25 06:30:24,942,3,1,120.0,120.0,0.0,0
sM76i8_vsk8,UCV6mNrW8CrmWtcxWfQXy11g,2026-08-08 08:00:13,62638,4140,107,120.0,120.0,0.0,0
sMLbpsXz_2o,UCPsZX-D7LW99PjZLA-UysPQ,2026-08-15 00:00:37,1282,15,3,119.99,120.24,0.01,0
sMTISTiPeBI,UC3pTpoDKt17IrCDH60kSNPA,2026-08-26 03:21:44,8501,44,35,119.9,120.15,0.1,0
sMW96l1ytr4,UCi8fe6P0_tLeZ1r31wOydvw,2026-08-29 04:00:14,11699,16,2,119.76,120.01,0.01,0
sMadck2ok3g,UCqVkQsNin4MdGFrWvzFVOKw,2026-07-25 15:18:08,16620,443,0,119.95,120.2,0.05,0
sMcHFCmx7oA,UCt8CJiye87FMbEwt0npPMuQ,2026-08-26 13:00:33,26945,717,67,120.0,120.0,0.0,0
sMf8dNt7oyk,UCifCesg-EUkjKyQedaB3hRg,2026-08-15 02:58:46,242883,2414,24,119.77,120.02,0.02,0
sMk1kcOnX-M,UC5ThQKdocwo_9UurfT5P_ww,2026-08-12 03:39:13,185180,2725,75,119.85,120.1,0.1,1
sNL2XTkD6Xk,UCUbOogiD-4PKDqaJfSOTC0g,2026-08-18 13:47:15,136277,893,112,119.97,120.22,0.03,0
sNOJ07ftqjY,UC1IUMdwaJ22A6FkPiI8dcig,2026-07-19 09:01:07,51263,1196,30,119.98,120.23,0.02,1
sNPF2lXAoWs,UCpcTrCXblq78GZrTUTLWeBw,2026-08-12 07:30:13,125992,3075,33,120.0,120.0,0.0,0
sNUXm6c0hSs,UCgO8sNnksVuKcuTVTQKSK3A,2026-08-31 10:19:09,68577,548,137,119.94,120.19,0.06,0
sNUs8nTOwuk,UCAl4HWznMn7KhKBRFO5eiFA,2026-08-14 12:43:39,9327,41,1,119.78,120.03,0.03,1
sNbTjleX-_8,UC4cKHOBS-nRfKFTwf1n8HGA,2026-07-25 07:10:21,1115,,3,119.83,120.08,0.08,1
sNdOdWL9kFo,UCRq3CDTZ2qe3HiHrZdQKBvQ,2026-08-12 09:29:38,3271,39,7,119.76,120.01,0.01,1
sNywit085hs,UC2_VPutZK0o_tG8ca_QrQRA,2026-08-19 10:38:49,29624,,62,119.86,120.11,0.11,0
sNzrUGdYuoI,UCV7WE8I_UiAN0fa6Arezx_w,2026-08-08 12:00:19,26,0,0,120.0,120.0,0.0,0
sO0KQ131Hi4,UCcstDLbuhxEbFKkPZ6wST2A,2026-08-17 03:00:29,16328,56,13,120.0,120.0,0.0,0
sOGGnZPkH1Q,UCD2YO_A_PVMgMDN9jpRrpVA,2026-08-14 10:46:25,871466,6305,681,119.98,120.23,0.02,0
sOLpBhuJHiQ,UCDBAVzfX3yZ1hah0FHnOoaA,2026-08-25 14:31:08,527589,2998,728,119.99,120.24,0.01,0
sOUMvxza0Rc,UCHeg3ApmuXQbqqszaD1fR9g,2026-08-31 12:35:47,417,8,0,119.92,120.17,0.08,0
sObvIvuBF9I,UClHTjLVog7CkRF8tYJuNXXQ,2026-08-08 23:12:31,378,17,0,119.79,120.04,0.04,0
sOoF3NCPmso,UCYGF_xk5RDpltyZDSx040uw,2026-07-17 04:21:31,251041,3744,70,119.89,120.14,0.11,1
sOzCzu9qPf8,UCNu00qhYj4nPeMNdxuwV6sg,2026-08-08 11:24:02,1403,36,0,119.85,120.1,0.1,0
sP528IyH3Kg,UCt8CJiye87FMbEwt0npPMuQ,2026-08-18 17:00:21,1497,29,8,119.76,120.01,0.01,0
sPHpbAQYyqA,UCw1DsweY9b2AKGjV4kGJP1A,2026-08-23 10:02:22,8434,29,12,119.97,120.22,0.03,0
sPIBmnjxyvQ,UCHCeN9BUgogMGrHBC6zKYvA,2026-07-30 10:38:44,4766,99,29,119.86,120.11,0.11,0
sPJ1k3D1Rd8,UCbyiUUd_wxEOEpPknoyM-vQ,2026-08-19 10:17:19,2603,113,17,119.97,120.22,0.03,1
sPQZj_wPHUw,UCby0vMKcLR05ZdS90aZd5og,2026-08-18 03:34:43,4367,7,4,119.92,120.17,0.08,1
sPajvUB4v2U,UCYS2NvZlSjrxZfnn1v7b3QQ,2026-08-03 16:00:09,6,0,0,120.0,120.0,0.0,0
sPcK6WTE3fA,UCv1tOT645xHOJrwdGlzjMaA,2026-07-19 04:43:16,157618,1180,25,119.78,120.03,0.03,0
sPnuXgF8A60,UCQJuZxeDv2P05YHcC-tIEVQ,2026-08-22 08:30:21,39519,690,13,119.76,120.01,0.01,1
sPpSRo4Vimg,UC-FiQR2gg8oiNw98ZdsSX6Q,2026-08-26 06:25:18,1363,14,1,119.84,120.09,0.09,0
uxIscAc2Hv0,UC2OFe8XUEqDT3eJGO-0EDNQ,2026-08-30 16:35:23,792,8,0,119.92,120.17,0.08,0
uxPx226gt-Q,UC4OsulKlyGi0wY5h9D4JjBw,2026-08-25 10:11:05,81483,444,64,119.83,120.08,0.08,0
uxRoQHOGpEY,UC2yOBpLVwB7kzt9C5ZPbB7w,2026-08-11 04:00:34,283783,3848,117,119.99,120.24,0.01,1
uxS4uNokk8Y,UCyAA-Vj4ORjXl5Ui2m6_Llw,2026-08-05 09:00:08,18236,97,33,120.0,120.0,0.0,0
uxlMyF98wnM,UCpCBP5cVIBvezPI1LKFMYjA,2026-07-19 12:07:38,42198,1531,13,119.87,120.12,0.12,0
uxrmBpn9TiE,UCPGl9DV2WUgaqGVXtVrhJWQ,2026-08-24 15:00:37,1,0,0,120.0,120.0,0.0,0
uyLZkPbgrg4,UCPGl9DV2WUgaqGVXtVrhJWQ,2026-07-11 15:00:04,1,0,0,120.0,120.0,0.0,0
uySDKELycvs,UCw1DsweY9b2AKGjV4kGJP1A,2026-08-02 08:02:27,22088,85,27,119.96,120.21,0.04,0
uySDd6N_eqs,UCrI6796hIxZdAltnLYiAYRw,2026-07-15 06:00:26,173974,2306,21,119.99,120.24,0.01,1
uyX5-bncGIo,UCBidluUUxzT_5jVOI_2x2MQ,2026-08-20 08:00:08,239,4,1,120.0,120.0,0.0,0
uygp6KtTp-s,UCaY7wcqhFb_c2eQ1eRB8rOQ,2026-08-27 09:00:32,29362,363,75,120.0,120.0,0.0,0
uyq9vWP58tk,UCt8CJiye87FMbEwt0npPMuQ,2026-07-15 12:15:37,5072,263,19,119.99,120.24,0.01,0
uyzc4-TbI6k,UCfjMjhfjRRy8B0mfqbO_43w,2026-08-13 10:16:17,51366,780,91,119.98,120.23,0.02,0
uz-GgZkWK_k,UCWWbq-bWMCC3eCaGjdyU10w,2026-08-05 07:53:13,305705,4339,72,119.87,120.12,0.12,1
uz7bEyr-DMI,UCMZFHqDjg1IE5kzm9fZBOFw,2026-08-17 18:38:13,13346,37,0,119.87,120.12,0.12,0
uzK8ecZ7eMM,UCab17MxxnFtAhGsJVTkSkCg,2026-08-20 06:13:54,7094,71,18,119.77,120.02,0.02,0
uzdAGqHICvM,UCp77saYy1V_F3dld7GfJrcg,2026-07-27 08:00:38,78228,999,153,119.99,120.24,0.01,0
uzdJoZhiXcc,UCby0vMKcLR05ZdS90aZd5og,2026-07-22 05:17:17,9894,10,2,119.96,120.21,0.04,1
uzfNKlgkJS8,UCsYhDrv21N78Yt5wCQL_soA,2026-08-14 07:00:33,27870,377,10,119.99,120.24,0.01,1
uzkulCX1cvw,UCw1DsweY9b2AKGjV4kGJP1A,2026-08-30 08:03:28,509712,1392,144,119.96,120.21,0.04,0
uzkwfH5hSv8,UCJA6MZLzTeljmGNFaugdoWQ,2026-08-27 07:00:29,2872,8,16,120.0,120.0,0.0,1
uzll9SygnSo,UC46X_E7jxvJ1O_3gnaeCxeg,2026-08-20 01:45:24,100199,845,88,120.0,120.0,0.0,0
uzxsxM6AeII,UCA2ztZuXhSktpdxb419WvCQ,2026-08-10 18:36:31,1868,12,0,119.89,120.14,0.11,0
v-7QLJWI9_8,UCpcTrCXblq78GZrTUTLWeBw,2026-07-12 07:12:08,6725813,25596,160,119.8,120.05,0.05,0
v-9TJf83hnM,UC5ThQKdocwo_9UurfT5P_ww,2026-08-12 01:00:18,368096,3438,86,120.0,120.0,0.0,1
v-Fm_e6t7aI,UCt8CJiye87FMbEwt0npPMuQ,2026-08-27 13:30:01,723638,13686,959,119.76,120.01,0.01,0
v-NLl_qMmzI,UCAl4HWznMn7KhKBRFO5eiFA,2026-08-13 12:05:00,4815,15,0,119.92,120.17,0.08,1
v-Umhmu7nJU,UCDYAog4sNhwQ5pXtAZiT0Og,2026-08-30 12:30:04,81019,198,72,119.76,120.01,0.01,0
v-imO8UZOmg,UCkrJBQAut47U8xMUuv8D_3g,2026-08-23 08:31:23,22182,997,65,119.99,120.24,0.01,1
v-kMVx5Gjyk,UCYGF_xk5RDpltyZDSx040uw,2026-08-31 11:33:54,219410,2744,54,119.95,120.2,0.05,1
v-lBbVD3YQM,UCMswODzU1ZjjrLyUk7NfwPA,2026-08-31 09:00:02,34862,373,20,119.76,120.01,0.01,0
v-qRCBxDc7A,UCgLFbrC7-g0ihBKB0obVPTg,2026-07-22 16:00:18,0,0,0,120.0,120.0,0.0,0
v00Ayqte4XU,UCZ_xE8U6MVnpwefrYvl2uvA,2026-08-08 03:00:28,278,2,0,120.0,120.0,0.0,1
v07H7eAPXa4,UCq0fwcojiA7ztN0FgTEgfXA,2026-08-11 03:08:23,90,1,0,119.86,120.11,0.11,0
v0AnEo5fY2k,UCp9skQ2mP_DfVL8c3gZQUzg,2026-08-10 18:36:23,4879,77,0,119.9,120.15,0.1,0
v0HTfWeLypQ,UClWTMxooQefOLUV0TRcJ1Eg,2026-08-01 08:30:29,5799,457,35,119.99,120.24,0.01,0
v0J-47QgT_8,UCN8L7Z-dyzu9FzT39RM0fvw,2026-08-22 10:37:44,82956,1984,54,119.88,120.13,0.12,0
v0OHgWic0ow,UC-okJdotaXPlzivRzHFqzuA,2026-08-19 15:33:46,56469,1479,19,119.95,120.2,0.05,0
v0PP4ca1loM,UCBtJuwDt6LlXp2YASC-ZMdA,2026-08-16 10:00:09,172,4,1,120.0,120.0,0.0,1
v0VLr3BWrM8,UCIsrVj53L57rcLAPOre4Xhg,2026-08-30 07:00:03,28692,211,37,119.76,120.01,0.01,0
v0cYKnAwYfo,UC6aF-skLT_1X6cdPJxVJXxQ,2026-07-17 09:44:10,280313,5017,573,119.77,120.02,0.02,0
v19qB0pUgW0,UCYGF_xk5RDpltyZDSx040uw,2026-08-07 03:27:39,79403,1050,15,119.79,120.04,0.04,1
v1CLiGNgKGY,UCeG0ONJtjwE20ThR5iSYdsA,2026-08-19 11:15:06,37570,438,79,119.76,120.01,0.01,0
v1F8FrBICmw,UCZ6mNZTiTUrUSbSYPlclI4A,2026-08-29 04:12:26,7106,232,9,119.8,120.05,0.05,1
v1FMtaosvrc,UC5ScPjbt-a97AJO7SBj6nAg,2026-08-31 09:30:04,107760,3184,126,119.76,120.01,0.01,1
v1GXr_ILGZQ,UCQDGJQe8X9tbk_i8Na3VVXg,2026-08-31 09:15:27,4029,35,2,120.0,120.0,0.0,0
v1IHJtoGUus,UCL3gnarNIeI_M0cFxjNYdAA,2026-08-12 01:00:12,24694,324,72,120.0,120.0,0.0,0
v1J-NMDXVpc,UCwBkHOTyu57NQi0syf5MLig,2026-08-17 11:00:37,22460,214,1,119.99,120.24,0.01,1
v1MX7sH46e0,UCV7WE8I_UiAN0fa6Arezx_w,2026-07-12 20:00:13,55,1,0,120.0,120.0,0.0,0
v1VuBnB5sJg,UCOTJtP0Z9DjpPU43B5m1V6A,2026-08-21 02:38:17,122153,1142,109,119.87,120.12,0.12,0
v216qU5HqI0,UCuWDza8A_ntbjwBZgW0ZSNw,2026-08-27 06:00:31,308402,2645,93,120.0,120.0,0.0,1
v26_435EK6U,UCpI-AhCT02iQRGLC2ZcY0Jw,2026-08-17 01:00:20,34451,405,217,120.0,120.0,0.0,0
v2Gm6lUYRDQ,UCw1DsweY9b2AKGjV4kGJP1A,2026-08-21 09:30:09,612095,2033,31,119.76,120.01,0.01,1
v2KOfCPYfhg,UCt8CJiye87FMbEwt0npPMuQ,2026-07-24 13:00:10,7526,372,24,120.0,120.0,0.0,1
v2QFse5r0eo,UCSzHok6X5qXEO7cjvVnE62g,2026-08-15 08:00:04,45409,232,26,120.0,120.0,0.0,0
v2TUKgpAGUU,UCw1DsweY9b2AKGjV4kGJP1A,2026-08-06 10:01:33,16439,71,11,119.73,120.23,0.23,0
v2XkPPMliGA,UCZCZHg_oJiHcrcj2vaPRCag,2026-08-07 14:51:18,50,0,0,119.9,120.15,0.1,0
v2YnqLus0yY,UCz4b1O9sT73P8DWwx6OvQwg,2026-08-19 01:58:33,51501,574,129,119.78,120.04,0.04,0
v2kht_7-gJQ,UCEcRvF_6IRSux8FO-ogFZug,2026-08-06 17:28:18,18230,644,27,119.78,120.03,0.03,0
v2qVE-lRq3A,UCBTsPtRCh6ln3IRQFjhjh1A,2026-07-16 12:30:02,152326,830,91,120.0,120.0,0.0,0
v2xHvccoti0,UCHCeN9BUgogMGrHBC6zKYvA,2026-07-31 12:08:23,4472,75,12,119.86,120.11,0.11,0
v31D43LMyzU,UC5ThQKdocwo_9UurfT5P_ww,2026-08-10 10:15:31,641608,7558,61,119.99,120.24,0.01,1
v33uMvlA1-o,UCZ6mNZTiTUrUSbSYPlclI4A,2026-08-02 08:15:15,22067,772,18,120.0,120.0,0.0,1
v39LFgscF_Q,UCZaNYFjF_SRRJPVuGX7yMjQ,2026-08-26 11:43:16,80,1,0,119.79,120.04,0.04,0
v3DF1gkjPHk,UCZCZHg_oJiHcrcj2vaPRCag,2026-08-30 09:00:20,1658,3,0,119.76,120.01,0.01,0
v3QNYyHd6bA,UC1dHu9GhbHH7RcHKyJdaOvA,2026-08-20 11:45:10,133179,812,242,120.0,120.0,0.0,0
v3Qu_tI34Fg,UC2yOBpLVwB7kzt9C5ZPbB7w,2026-08-01 20:00:05,79558,1364,46,120.0,120.0,0.0,1
v3Z-_k_FIY0,UCnju7ULBic4VgkCfDvVXCnA,2026-08-23 22:22:39,3023,86,0,119.88,120.13,0.12,0
v3uhBDXLTrs,UC-ntxe7eU_afJWEpcTNlVFA,2026-08-06 04:01:31,6797,102,8,119.98,120.23,0.02,1
v3vgp9g5s1w,UC-okJdotaXPlzivRzHFqzuA,2026-08-12 16:22:25,97081,2128,4,119.88,120.13,0.12,0
v3wTSxq0nr0,UC_E_qYfGKM3C0kqrp1p8z7Q,2026-08-03 17:00:21,283,6,1,120.0,120.0,0.0,1
v4kpYbls-Dc,UCYJDUekoQz0-bo8al1diLWQ,2026-08-20 04:02:02,304640,7232,158,119.97,120.22,0.03,0
v4qX9DQ5__Y,UCPGl9DV2WUgaqGVXtVrhJWQ,2026-07-27 15:00:05,13,0,0,120.0,120.0,0.0,0
v4qeqHesNMU,UCZNTsLA6t6bRoj-5QRmqt_w,2026-08-19 15:00:07,60030,1600,135,119.76,120.01,0.01,0
v4x0tB-Ih5w,UCqlcSsDNMYxEsem7bWY-66Q,2026-08-10 16:31:37,14114,393,0,119.98,120.23,0.02,0
v56SO9D6dlI,UClFSQxcVutJFEI9nCAOOkgQ,2026-08-12 03:00:15,2983,,35,120.0,120.0,0.0,1
v5OF5DJzHV0,UCZ6mNZTiTUrUSbSYPlclI4A,2026-08-14 09:53:58,32351,572,42,119.85,120.1,0.1,1
v5uHaLoB5b0,UChEATwTajZl4Wjypr0cBj3w,2026-08-11 17:58:31,4858,143,43,119.78,120.03,0.03,1
v5wwv12DhEA,UCpI-AhCT02iQRGLC2ZcY0Jw,2026-08-21 10:00:10,38247,427,202,119.76,120.01,0.01,0
v63h6y_DKzk,UCsuanL5kXO29Uzz3MWlBsMQ,2026-08-21 04:59:43,319,3,3,119.77,120.02,0.02,0
v6E63ziN0lA,UCV7WE8I_UiAN0fa6Arezx_w,2026-07-18 23:00:39,60,1,0,119.99,120.24,0.01,0
qRRlhmLnyvw,UCp9skQ2mP_DfVL8c3gZQUzg,2026-08-13 18:44:12,4202,67,1,119.77,120.02,0.02,0
qRWrrq6KmVA,UC5ScPjbt-a97AJO7SBj6nAg,2026-08-14 06:00:18,424040,12038,313,120.0,120.0,0.0,1
qRel5FbYe9M,UCCiKOocVSjyb2rsbL_Aanhw,2026-08-28 17:43:02,35372,86,56,119.79,120.04,0.04,0
qRk34nh7VDc,UCgyDKBTgkBfa8jWrBb8Npig,2026-08-29 19:09:02,14,2,1,119.86,120.11,0.11,0
qRwy-bGXR1E,UCU0-6z_KU9AShyR9J6gcFGw,2026-07-29 01:12:43,561,6,1,119.79,120.04,0.04,0
qSKuWqQQ7Dk,UCeB_ZeSo0xDL62wWlkTEtjA,2026-08-15 01:00:10,8844,96,54,120.0,120.0,0.0,0
qTDU2cx_y0w,UCKrprPfevcAZpPuRnCO6xOA,2026-08-28 21:14:20,108,0,0,119.77,120.02,0.02,0
qTHP1INETpA,UCksGX0hODm1Ev6mysrToMqg,2026-07-28 04:54:31,7338,274,25,119.84,120.09,0.09,0
qTOI9xzjOXw,UCoIEwIHhW-1_roLnb5nK_UA,2026-08-12 13:00:13,4705,50,14,120.0,120.0,0.0,0
qTjUzIjADW8,UCi8fe6P0_tLeZ1r31wOydvw,2026-08-23 04:00:20,3008,29,9,119.76,120.01,0.01,0
qTkoA1oCik4,UCoovEJW0dyTWwHiblWDWvyQ,2026-08-09 04:01:35,14958,82,1,119.98,120.23,0.02,0
qToqjXrWrzA,UC0uQYROl6H_8-Lb2bFz6yyg,2026-08-12 10:10:03,19371,200,19,119.83,120.09,0.09,0
qTsebf5DmQw,UCv1tOT645xHOJrwdGlzjMaA,2026-07-17 14:12:22,180224,1531,24,119.8,120.05,0.05,0
qTt5uHXt_bs,UCFHUplScMiWTjJrtv4hxWmg,2026-08-19 12:15:08,40224,238,15,119.76,120.01,0.01,0
qTzCoAGrmDI,UCv1tOT645xHOJrwdGlzjMaA,2026-07-26 13:13:04,38335,443,129,119.78,120.04,0.04,0
qU-4OZ1Glis,UCv1tOT645xHOJrwdGlzjMaA,2026-07-26 10:08:46,26644,227,178,119.86,120.11,0.11,0
qU0eZPO_q2M,UC_9W6Z5Y3lDpLk47Y_y5ITQ,2026-08-21 13:18:26,18818,189,15,119.95,120.2,0.05,0
qU4SfJJnMws,UCyZtdaxIiGb4wp5AmkEMrwQ,2026-08-26 08:00:26,22075,776,21,120.0,120.0,0.0,0
qU4eIR-7vMg,UCz5UFGucIyJGH0nf_8d0ghA,2026-08-20 22:44:40,619,24,9,119.77,120.02,0.02,0
qUKVkZ52Kxw,UCz4b1O9sT73P8DWwx6OvQwg,2026-08-24 08:00:05,24534,326,36,119.76,120.02,0.02,0
qUX6tICcVdc,UCCiKOocVSjyb2rsbL_Aanhw,2026-08-01 03:14:08,14618,111,40,119.77,120.02,0.02,0
qUzSrkIuP0U,UCpcTrCXblq78GZrTUTLWeBw,2026-07-21 18:10:32,38325086,479186,4912,119.83,120.08,0.08,1
qV-2TIAbP2M,UCg7rkxrTnIhiHEpXY1ec9NA,2026-07-11 07:30:19,241923,9415,601,120.0,120.0,0.0,0
qV0PVqHuyog,UC_Xb6sEXAdNv9nHU4988vmg,2026-07-27 10:00:07,65277,,0,120.0,120.0,0.0,1
qV5Q-APj_Jc,UCPGl9DV2WUgaqGVXtVrhJWQ,2026-08-03 13:11:08,5,0,0,119.82,120.07,0.07,0
qVAK1c25NIs,UC08-hQbwh7eyr8PlaYG2-sQ,2026-08-27 10:00:20,35558,293,235,119.76,120.01,0.01,0
qVOy6InBo84,UC2yOBpLVwB7kzt9C5ZPbB7w,2026-07-30 20:15:36,195666,2276,66,119.99,120.24,0.01,1
qVQirhkqCx8,UC_m_uqd_9s0hZvlgfvCzqbQ,2026-08-29 13:44:05,3424,43,0,119.78,120.03,0.03,0
qVUIah3aO5A,UCHK-FRuAjk8g798dD7L7xqA,2026-07-26 02:30:24,290641,3373,259,119.99,120.24,0.01,1
qVzLPaSqcgM,UCzVXdulvpgEoI8yuFMmhxJw,2026-08-15 15:34:11,84984,3462,183,119.94,120.19,0.06,0
qVzdH2CWTX4,UCyU5JQ8KVRD9jE4E_xLsHxw,2026-08-07 09:00:14,27,0,0,120.0,120.0,0.0,0
qW2n9GwiDzc,UC1q4Ihlv_YhLELw-ijE0Diw,2026-08-13 13:05:01,179271,3513,358,119.92,120.17,0.08,0
qW7SCr3SYGY,UCOTJtP0Z9DjpPU43B5m1V6A,2026-08-11 12:00:20,369570,1852,38,120.0,120.0,0.0,1
qWNZGgjvUdM,UCV6mNrW8CrmWtcxWfQXy11g,2026-08-09 14:00:19,2506949,110853,756,120.0,120.0,0.0,1
qWTfdqiRtPc,UCnhGcri8x6xhehanhAe9ipw,2026-07-14 12:34:38,26586,299,13,119.92,120.17,0.08,1
qWV56OLowHo,UCv0cBz_Vdmd84xYl7gKWwQA,2026-08-31 14:00:27,1974,31,0,119.76,120.01,0.01,1
qWY8lAiJLB0,UC141BuVRzSSXJX33Am9yxEA,2026-08-23 08:00:39,85163,1324,171,119.75,120.01,0.01,0
qWnjEksbAvg,UC4cKHOBS-nRfKFTwf1n8HGA,2026-08-15 08:19:26,1786,,0,119.93,120.18,0.07,1
qWox5ByRJHE,UChKYbZ9fSz8DMM6wU-t1lMQ,2026-08-23 08:55:05,2639,59,8,119.84,120.1,0.1,0
qXCcMcLJphc,UCEg24oF81p-THPtp3otdmTA,2026-08-19 09:00:16,89859,2186,55,119.76,120.01,0.01,1
qXII67SR3yo,UCYxwKnNRv4FurQxeKcuR0Sw,2026-08-05 03:00:21,5,2,0,120.0,120.0,0.0,0
qXXOmbWPgYI,UCzSODDx0zQF3nxXOZISCm_w,2026-08-02 02:30:02,279,4,0,119.75,120.01,0.01,1
qY4hxrYYOic,UCPuD5ZRQWa_JCaY5NokNhtg,2026-08-10 12:18:19,414,12,4,119.95,120.2,0.05,0
qY5SdQa7-jA,UCpcTrCXblq78GZrTUTLWeBw,2026-07-12 05:46:24,546004,6182,297,119.98,120.23,0.02,1
qYNQ92kX72I,UCei_ecYpQqFjYhjLaDPr2Lw,2026-08-02 13:46:06,54,11,0,119.98,120.23,0.02,0
qYSAVTHDAnI,UCPp6kLLWggTuACsQwFibg8A,2026-08-27 13:28:35,168909,350,22,119.79,120.04,0.04,0
qYTkdjzLA60,UCNrQ0VbdprXAur6OZKexjEw,2026-08-19 08:10:48,42354,747,120,119.83,120.08,0.08,0
qYX_-hvunO4,UCwBkHOTyu57NQi0syf5MLig,2026-08-17 01:00:13,386360,1318,61,120.0,120.0,0.0,1
qYZm4N22OWs,UCaZv-jDn5Mq5KJ1buXDRd4w,2026-08-31 09:00:15,57739,278,125,119.76,120.01,0.01,0
qYe03VgP86k,UChyEdiMY2maW8ySmbcmEyRg,2026-08-23 12:49:20,6,0,0,119.94,120.19,0.06,0
qYrPVjQ-Y8w,UCN5oT4zGJX-_H6pE5isAEeg,2026-08-05 09:00:10,59812,966,80,120.0,120.0,0.0,0
qYsLYa8Uyk4,UC4cKHOBS-nRfKFTwf1n8HGA,2026-08-14 15:30:54,57,,0,119.99,120.24,0.01,0
qYwXMcsSunE,UCBidluUUxzT_5jVOI_2x2MQ,2026-08-30 13:12:38,425,4,0,119.8,120.05,0.05,0
qYzOkDXK42M,UCv1tOT645xHOJrwdGlzjMaA,2026-07-25 05:00:01,15500,328,5,120.0,120.0,0.0,1
qZ7p9LRGoMY,UCV6mNrW8CrmWtcxWfQXy11g,2026-07-24 22:00:36,207522,6012,52,119.99,120.24,0.01,1
qZFKgeqBP5w,UCEcRvF_6IRSux8FO-ogFZug,2026-08-24 03:00:38,20638,1120,81,120.0,120.0,0.0,0
qZRBciO_lSE,UCcZLS3cRPf6ObjvKuPM7KDw,2026-08-10 09:00:01,3394,21,2,120.0,120.0,0.0,1
qZRzel5i4Bg,UC-ntxe7eU_afJWEpcTNlVFA,2026-08-05 09:55:00,11242,259,26,119.84,120.09,0.09,1
qZW-VwxQB10,UCpcTrCXblq78GZrTUTLWeBw,2026-08-15 15:30:00,87865,1645,142,119.76,120.01,0.01,0
qZ_Gl18n2_8,UCrR_fhiJjoW8OJFzUcmlMMA,2026-07-28 10:00:12,8068,82,39,120.0,120.0,0.0,0
qZeSlhXU32E,UCElXDMEQqlUnuyDbChjARWQ,2026-08-22 03:53:13,217,2,0,119.87,120.12,0.12,0
qZfNHCq_8io,UC6NXJtCn3p-actkvBUlHwDA,2026-08-20 03:00:37,75043,846,1258,120.0,120.0,0.0,0
qZzzUHjreug,UChLqHuZV0PENIBYxDgXyPLQ,2026-07-20 12:21:09,116779,2119,33,119.9,120.15,0.1,1
q_Ioj9ZsTA8,UCV6mNrW8CrmWtcxWfQXy11g,2026-08-27 18:00:22,50374,1689,32,119.75,120.01,0.01,1
q_Ky6UqrTpw,UC-okJdotaXPlzivRzHFqzuA,2026-08-03 08:59:07,43988,749,17,119.77,120.02,0.02,0
q_MW-v4T3nI,UCkd3KAYGnTNPJZZrPOFeWhA,2026-08-18 09:15:26,13262,39,11,120.0,120.0,0.0,0
q_mm2KF1VTU,UCX11f6rIVaoWGvFnKKyPBNQ,2026-08-08 02:02:51,3740,209,3,119.95,120.21,0.05,0
q_s3Vh0Nun0,UCSOeJWyByeoBHpmrm0NnlLw,2026-08-29 00:00:19,170718,1157,158,119.76,120.01,0.01,0
qa1WlVhbaJw,UCYMXFMiaGBnZ08-wBHS2MPQ,2026-08-10 11:30:27,5182,43,4,120.0,120.0,0.0,0
qa3lNL8CwKo,UCaMV-CjrWYh2Aefg_8iLwJQ,2026-07-29 04:00:23,106792,680,28,120.0,120.0,0.0,1
qa4jnZaiWB8,UClHTjLVog7CkRF8tYJuNXXQ,2026-08-01 13:38:52,169,10,1,119.85,120.1,0.1,0
qa8-Sir8NiE,UCyU5JQ8KVRD9jE4E_xLsHxw,2026-07-25 09:00:32,6,1,0,119.99,120.24,0.01,0
qaKqv7OXpC0,UCBidluUUxzT_5jVOI_2x2MQ,2026-08-19 03:00:18,118,6,1,119.76,120.01,0.01,1
qagFVZqnW50,UCEcRvF_6IRSux8FO-ogFZug,2026-08-05 03:00:03,10958,618,36,120.0,120.0,0.0,0
qainwX1dCYs,UC_E_qYfGKM3C0kqrp1p8z7Q,2026-08-02 15:00:09,92,7,0,120.0,120.0,0.0,0
qarCa_nsW6w,UC60HSePkZwGFzRj6VSDa6Ew,2026-08-30 15:19:57,18571,72,4,119.93,120.18,0.07,0
qbETImVduw0,UCt8CJiye87FMbEwt0npPMuQ,2026-08-06 16:30:24,333610,14584,652,120.0,120.0,0.0,1
qbJvZcD3Y7A,UCSzHok6X5qXEO7cjvVnE62g,2026-08-26 08:00:17,114614,428,71,119.76,120.01,0.01,0
qbMNkE7Po9s,UCEGtfhdJiRgH98mVMEQZThQ,2026-08-11 10:30:10,5511,25,12,120.0,120.0,0.0,0
qbQCQmCEdv0,UCbFzvzDu17eDZ3RIeaLRswQ,2026-07-11 11:46:53,553781,6988,645,119.97,120.22,0.03,0
qbSz00eh_as,UCPa8JSV9SPAjX7P2S-N5ssg,2026-07-31 15:00:23,5902,208,18,120.0,120.0,0.0,0
nwSjpq7v13U,UCTbwgCCBrI-4XU8b5B0uGPg,2026-08-19 05:00:29,341718,4382,61,119.75,120.01,0.01,0
nwTHUrCBXSY,UCTmniSiCVyG_UKVCEa9PNKA,2026-08-22 03:00:22,3063,57,10,120.0,120.0,0.0,0
nwf4tgEB8DI,UC59jWhPazXYi8Ny4vake45A,2026-08-12 11:51:52,3536948,85366,350,119.89,120.14,0.11,0
nwlHlkn5ydI,UCiEMsnnzti6PDNi8TAlSnFw,2026-08-22 19:01:18,22,,0,119.99,120.24,0.01,0
nwxI7mSpAE8,UCZaNYFjF_SRRJPVuGX7yMjQ,2026-08-15 11:59:33,1,1,0,119.76,120.01,0.01,0
nx8c-8t7e5A,UCdb5lyq0tWbY3jqH35SufmA,2026-07-22 09:37:22,25035,140,28,119.88,120.13,0.12,1
nxB_yqD6HuI,UCPsZX-D7LW99PjZLA-UysPQ,2026-07-27 03:00:25,782,8,4,120.0,120.0,0.0,0
nxTdc-9yzeE,UC43hOVGChFuQRV47vxc_c-g,2026-08-01 17:10:45,471,,0,119.82,120.07,0.07,0
nxU9_GMAf5Y,UCbeQg95cAxVRsxxh6FyilxA,2026-07-29 06:36:43,11524,46,0,119.89,120.14,0.11,1
nxglM9tJgJU,UC0-sEWFXIymAxx0InClynUA,2026-08-30 06:13:37,5136,128,33,119.79,120.04,0.04,0
nxitQ8cANu8,UCOgXOOKbZRtfQvlggBpN6zw,2026-08-07 16:34:27,498,24,8,119.93,120.18,0.07,0
nxqljA6T9qo,UCO94iFhOhtdGb4Ze5DUAtbw,2026-07-23 12:00:26,11153,554,17,119.99,120.24,0.01,0
nxwUdAna5BU,UCfIUuMA7U_jImP7oWfTe4Pw,2026-08-23 12:49:37,644512,4005,213,119.93,120.18,0.07,0
nxwxh--yK9A,UCCd3jyJmOFzkJEMj5Bp89rw,2026-07-22 19:00:07,2215,111,4,120.0,120.0,0.0,1
nyEnbRmuaJA,UCwfbSsZ7_sccxcibe60mWlQ,2026-08-07 15:05:00,14533,58,12,119.92,120.17,0.08,0
nybsIKycGcM,UCrY2B2XX41ReYh9DIWrFfCg,2026-08-13 11:10:22,762,,2,119.83,120.08,0.08,0
nyqgEpHWPoE,UCcJ_oPUSkS_h96_PuizxMGA,2026-07-11 19:52:35,244,5,2,119.87,120.13,0.13,0
nyu_jlmEiBY,UCqjUPx-UAFHVvthd71bY7_g,2026-08-19 05:03:16,10459,44,4,119.96,120.21,0.04,1
nywYf4veETE,UCcum1rCJ5GJeQ_xv0xrohqg,2026-07-25 10:00:34,41449,790,111,119.99,120.24,0.01,1
nyyuTNTFapg,UCMAfHuocszM6UTORPwUmeNw,2026-07-25 15:19:58,11560,248,5,119.92,120.17,0.08,0
nzC49qggIQ8,UCRLoyYlPR9ufzlbeI9lLDqg,2026-08-17 09:01:08,24458,1203,98,119.99,120.23,0.01,1
nzJPQwwLoo4,UCwBkHOTyu57NQi0syf5MLig,2026-07-27 02:00:11,152812,1029,67,120.0,120.0,0.0,1
nzKurlQZwzY,UC8rbhIem-3aAsNXhTDI-nSA,2026-07-25 23:00:09,79917,1413,74,120.0,120.0,0.0,0
nzfOy7z_3Pg,UC2WBkFH1nHcO6aFLWo6sZQg,2026-07-26 19:21:20,33760,827,8,119.9,120.15,0.1,1
nzpQw9lUN3k,UC6aF-skLT_1X6cdPJxVJXxQ,2026-08-17 13:04:49,583195,17509,283,119.92,120.17,0.08,1
nzrWQe9cS_c,UCUR5w0E-jQTOO8Q0FZ4ilYQ,2026-08-26 09:00:21,264093,729,120,119.76,120.01,0.01,0
o-0ntQXIIdc,UCk5mlvpbj8CZxD229CpiouA,2026-08-23 13:00:20,17626,429,26,119.76,120.01,0.01,0
o-CEkJykNNA,UCM81CAJ2_Y42-bvK1OQnAAA,2026-07-19 14:03:44,142164,1348,1300,119.94,120.19,0.06,0
o-Fx4RqfUhY,UCN8L7Z-dyzu9FzT39RM0fvw,2026-07-29 04:07:41,6240,111,33,119.87,120.12,0.12,0
o-gDakJBrL0,UCvAetSOU_4lyjM5hVMNzN0Q,2026-08-20 16:40:04,5698,81,7,119.84,120.09,0.09,1
o0NcBbC6rMQ,UCXVVG5ZM3SJJCh94xatR8Dg,2026-08-08 06:00:08,7682,50,9,120.0,120.0,0.0,0
o0OgT2JUTMQ,UCjiXXUsdl0F0aUkTbv8ZVTA,2026-08-08 16:45:32,5606,192,8,119.99,120.24,0.01,1
o0u_9BznF9Q,UCl-VnCUwSxDr5zPu-YlDUYw,2026-08-30 08:00:18,28174,307,20,119.76,120.01,0.01,1
o167UFCOxhc,UCdb5lyq0tWbY3jqH35SufmA,2026-08-26 00:22:25,3023,10,0,119.89,120.14,0.11,0
o1BxYTt_B6s,UCtVBI7YLJyDvrx7iWAukx_Q,2026-08-23 02:00:37,142269,6721,444,120.0,120.0,0.0,0
o1QJVaewG8c,UCS2OAdHoLt-9T6cG9A2H49Q,2026-08-25 09:19:18,16613,106,16,119.94,120.19,0.06,1
o1R1fuYLOeo,UC_m_uqd_9s0hZvlgfvCzqbQ,2026-07-22 13:05:27,1203,1,0,119.91,120.16,0.09,1
o1WaHsz-7Ec,UCaN1Qp37sHiCdQuSaXa3fVw,2026-08-17 03:00:10,49565,541,29,120.0,120.0,0.0,1
o1Xrh5Bh_U0,UCbIQGH_oFu0yfTWNPyquvpw,2026-08-05 10:44:20,268,11,3,119.76,120.01,0.01,0
o1XsYcppd2Y,UCqVkQsNin4MdGFrWvzFVOKw,2026-08-14 15:45:37,16095,439,0,119.99,120.24,0.01,0
o1b6QhzRnf0,UCt8CJiye87FMbEwt0npPMuQ,2026-07-23 15:00:01,5410,124,2,120.0,120.0,0.0,1
o1gtRf9wO7M,UCEcRvF_6IRSux8FO-ogFZug,2026-08-13 03:00:13,17986,776,30,120.0,120.0,0.0,0
o2Fd7IW9cQI,UCXAXCxTCCYYKsLJNzEvjqfw,2026-08-31 19:40:41,99160,633,269,119.83,120.08,0.08,0
o2JPRX-Syqs,UCtIbfg_6gjbdFqCqAiUcqyQ,2026-08-26 08:00:10,17528,304,13,119.76,120.01,0.01,1
o2bKUiZ1lFQ,UCL2ZLyAV0H9Pvi46W7TGdHQ,2026-08-21 12:00:36,206512,1071,21,120.0,120.0,0.0,1
o2daOkAU2Oo,UCZaNYFjF_SRRJPVuGX7yMjQ,2026-08-05 12:07:31,4,1,0,119.88,120.13,0.12,0
o2hluO9LJkw,UCnkytUgy0CtWd06up9CjNxg,2026-08-26 15:00:25,304196,2696,842,120.0,120.0,0.0,0
o2uxRM6N88A,UCrKSaegnzewdj9-YLsUhoZw,2026-08-05 04:51:32,35447,230,88,119.89,120.14,0.11,0
o2xcBjsYuXQ,UC-Av9SmAuRmyaEdwZKnT58g,2026-08-31 08:00:23,41128,595,21,119.76,120.01,0.01,1
o33ntbVNYoY,UCyoKcrOcBEY4rmLYkDuXErA,2026-08-15 12:15:06,92857,1795,447,120.0,120.0,0.0,0
o3A-5vgRMXc,UCksGX0hODm1Ev6mysrToMqg,2026-08-30 02:00:05,31806,290,55,119.76,120.02,0.02,0
o3ATScTyhAo,UCAGfDVBYmUlAxUYYLvtrvyA,2026-08-07 09:00:38,38,7,5,119.99,120.24,0.01,0
o3B_r23h9zU,UCUbOogiD-4PKDqaJfSOTC0g,2026-08-19 11:01:50,168738,896,338,119.98,120.23,0.02,0
o3RPPjzciqo,UCpcTrCXblq78GZrTUTLWeBw,2026-07-12 08:30:02,291983,2829,250,120.0,120.0,0.0,0
o3bbg7kQFd4,UCrR_fhiJjoW8OJFzUcmlMMA,2026-07-26 07:00:01,3288,37,10,120.0,120.0,0.0,0
o3ev5-T-skU,UCqVkQsNin4MdGFrWvzFVOKw,2026-08-23 01:28:40,5556,189,1,119.78,120.03,0.03,0
o3is_cnNXmo,UCrfB1-zWijAYkgfZW7Ehc8Q,2026-07-29 10:00:00,25529,1010,38,120.0,120.0,0.0,1
o3od5okcvtA,UC6LLMkdyses2ugPRNEXutMQ,2026-07-29 10:15:16,30898,251,8,120.0,120.0,0.0,0
o4O4NZNHt7A,UCYxwKnNRv4FurQxeKcuR0Sw,2026-08-30 14:14:53,162,3,0,119.77,120.02,0.02,0
o4cGGwV3XxU,UCt6Eo4xMTHhlOWg4_PAz_MA,2026-08-24 07:50:11,4630,60,6,119.93,120.18,0.07,0
o4cROlUJ4BU,UCSrQnB-Ip9hc0biFQ3HoKzg,2026-08-25 04:40:05,4682,308,13,119.85,120.09,0.09,0
o4hpxS4bAoM,UCN9VGDvz2M3vdR0czEUp6lQ,2026-08-20 22:00:35,17565,263,238,120.0,120.0,0.0,0
o4pEC-q2Qw8,UC7loyhgCm1NRTtyF36hO-jA,2026-07-22 09:00:19,9588,97,12,120.0,120.0,0.0,0
o4tgrrKpQhE,UCL2ZLyAV0H9Pvi46W7TGdHQ,2026-08-09 11:30:10,143409,781,28,120.0,120.0,0.0,1
o4uamYqFE6U,UCN8L7Z-dyzu9FzT39RM0fvw,2026-08-06 10:03:43,13139,185,47,119.69,120.19,0.19,0
o5UWyimfk1s,UCN5oT4zGJX-_H6pE5isAEeg,2026-08-18 03:00:11,1262915,14803,1439,120.0,120.0,0.0,1
o5aoUAj9smI,UCTUnpbuKoOODvhLhCO_kO_A,2026-08-12 06:00:36,4555,24,3,119.99,120.24,0.01,1
o5bVUMLvg3M,UCjsqgRBvkn8XadWraSQxTKQ,2026-08-14 16:28:05,1023,9,0,119.78,120.03,0.03,0
o5bqwIK_mnI,UCX11f6rIVaoWGvFnKKyPBNQ,2026-08-18 20:20:43,3311,148,1,119.91,120.16,0.09,0
o5cEvnic3eI,UCaN1Qp37sHiCdQuSaXa3fVw,2026-08-27 06:00:14,5277,,3,119.76,120.01,0.01,1
o5oN0T_jHVo,UC-FiQR2gg8oiNw98ZdsSX6Q,2026-08-24 06:01:35,1490,7,0,119.98,120.23,0.02,0
o5yU5928SdA,UCKHx_yf3dI2ajWAjXRJ_9Rw,2026-07-26 20:04:00,111454,1951,84,119.93,120.18,0.07,0
o6CgEahRVnA,UCPuD5ZRQWa_JCaY5NokNhtg,2026-08-21 01:17:19,650,12,7,119.97,120.22,0.03,0
o6Di4-NxvcY,UCw1DsweY9b2AKGjV4kGJP1A,2026-08-09 10:00:03,302853,623,43,120.0,120.0,0.0,1
o6FC7FDoFtM,UCZ-UuK86Bk5sGzQQ2cEglJQ,2026-08-22 08:40:12,125203,1752,51,119.84,120.09,0.09,0
o6PmpVvA2z4,UCSzHok6X5qXEO7cjvVnE62g,2026-07-28 08:00:11,81933,450,68,120.0,120.0,0.0,0
o6UQMz5HN1s,UCPGl9DV2WUgaqGVXtVrhJWQ,2026-08-23 15:00:35,50,1,0,120.0,120.0,0.0,0
o6UkD7sgwJo,UC_E_qYfGKM3C0kqrp1p8z7Q,2026-08-09 17:00:02,866,22,2,120.0,120.0,0.0,1
o6nh7cQ8MdY,UCI3DTtB-a3fJPjKtQ5kYHfA,2026-08-27 18:55:42,4599,7,0,119.83,120.08,0.08,0
o6u0SMAAqtA,UCNZ87V1E_2h_Nyh-zVTRFWA,2026-07-17 05:01:22,460,3,0,119.98,120.23,0.02,1
o6w-BdPR7r0,UC1IUMdwaJ22A6FkPiI8dcig,2026-08-23 13:30:53,39515,819,58,120.0,120.0,0.0,1
sQ8WQCgfpO4,UCB4YEVYp6LynBpz7bXyZsTg,2026-08-04 11:00:28,18428,208,12,119.99,120.24,0.01,0
sQEm92TbaYk,UCAEQiQ4Mg6fFkPshBMhPaxw,2026-07-27 09:00:21,8594,121,18,120.0,120.0,0.0,1
sQQ4g54hBf8,UCV2rXchZ5JNpvmSIOVEQ5oA,2026-08-18 10:00:11,39799,100,37,119.76,120.01,0.01,1
sQXDpG_D4xg,UCEcRvF_6IRSux8FO-ogFZug,2026-08-27 17:16:51,38390,747,48,119.98,120.23,0.02,0
sQavEXMmMWI,UC2yOBpLVwB7kzt9C5ZPbB7w,2026-07-24 04:00:32,83922,1037,13,119.99,120.24,0.01,1
sQh6h9twUW8,UCDBAVzfX3yZ1hah0FHnOoaA,2026-08-29 13:00:34,611621,1577,230,119.76,120.01,0.01,0
sQjiXiceqqA,UCuWDza8A_ntbjwBZgW0ZSNw,2026-07-25 03:00:01,37682,522,19,120.0,120.0,0.0,1
sQkJp9oTW2U,UCZNTsLA6t6bRoj-5QRmqt_w,2026-08-17 17:10:07,21645,488,68,119.83,120.08,0.08,0
sQtZpFMaGaw,UC5T_FfQwgy56XP0aEVHYULQ,2026-08-05 08:26:08,398,14,2,119.82,120.07,0.07,0
sR7gMb1rF9Q,UCdXpKf3aIenvWkMbF3EvcQg,2026-08-18 09:00:32,11575,208,95,120.0,120.0,0.0,0
sRAFaEKXdYw,UCDBAVzfX3yZ1hah0FHnOoaA,2026-08-27 13:01:01,851013,2494,570,120.0,120.0,0.0,0
sRHyzphp0kM,UCN7FA8FwikP2p5Vrs5kiivw,2026-08-20 11:00:04,1284,21,2,120.0,120.0,0.0,1
sRUBD6TEtWY,UCBmPfbqvGwTTfrV-H_UOfdw,2026-08-08 01:09:10,4044535,42980,1313,119.85,120.1,0.1,1
sRrdw1chy3g,UCg5-nd3qoNnz5dzkX-O0b8A,2026-07-22 11:16:46,105724,1677,63,119.97,120.22,0.03,1
sSDgKkj9Lzk,UCrfB1-zWijAYkgfZW7Ehc8Q,2026-07-15 08:00:20,193935,5488,813,120.0,120.0,0.0,0
sSMWhUvc27o,UCJA6MZLzTeljmGNFaugdoWQ,2026-08-29 01:00:14,1235,4,2,119.76,120.01,0.01,0
sSR-esGzYbU,UCpcTrCXblq78GZrTUTLWeBw,2026-07-10 18:30:17,80365,566,43,120.0,120.0,0.0,0
sSciSVeTCW4,UCU0-6z_KU9AShyR9J6gcFGw,2026-07-25 05:51:31,1012,8,0,119.89,120.14,0.11,0
sSeDlRA4Z1U,UCADf92tisOOh90hrZee4-LA,2026-07-23 16:19:11,7300,57,4,119.93,120.18,0.07,1
sSfXKp9s8vM,UCO8ToDSM2Gvt3EZdOdosxTw,2026-07-13 07:15:37,8566,156,133,119.99,120.24,0.01,0
sSxRxPW5eZ8,UCzDyC6JMEXEufozffWzI9Mg,2026-07-23 04:00:32,228277,2354,176,120.0,120.0,0.0,1
sT8Lxey0qcc,UCAl4HWznMn7KhKBRFO5eiFA,2026-08-22 12:01:41,8996,66,1,119.98,120.23,0.02,1
sTKUKFrpnH8,UCpTNtH8yc1Kdl_YFfsQsTYA,2026-08-25 01:57:35,4291,20,0,119.8,120.05,0.05,0
sTe3XN3oHJU,UCabScupufwcOzAdcVXZrmlg,2026-08-30 01:17:13,10905,30,1,119.98,120.23,0.02,0
sTp3VqJeE9w,UCPuD5ZRQWa_JCaY5NokNhtg,2026-08-22 05:46:38,612,11,2,119.98,120.23,0.02,0
sTwD0j20YwY,UCPsZX-D7LW99PjZLA-UysPQ,2026-08-16 06:00:08,462,4,3,120.0,120.0,0.0,0
sU0PYTIhV04,UCJzfS-WmieHog0H2OQoXkeQ,2026-08-01 03:00:11,14614,391,35,120.0,120.0,0.0,0
sU2R5NEt4OU,UCt8CJiye87FMbEwt0npPMuQ,2026-07-29 14:30:30,45617,1363,71,119.99,120.24,0.01,1
sU8i8NxWTJU,UCbvvdVOF0teLO-U6GWh1RKg,2026-07-25 04:43:05,2281,36,3,119.78,120.04,0.04,0
sU9B1tjjNLM,UCbeQg95cAxVRsxxh6FyilxA,2026-07-26 11:30:43,10659,26,0,119.99,120.24,0.01,1
sUCaySk309g,UCAl4HWznMn7KhKBRFO5eiFA,2026-08-27 10:00:16,10812,90,5,119.76,120.01,0.01,1
sUCxMn9semg,UC0aKwoKNeqBaUwiEXmkQaGQ,2026-08-29 10:30:17,104317,844,241,119.76,120.01,0.01,0
sUgn-eRAx-s,UCyZtdaxIiGb4wp5AmkEMrwQ,2026-08-03 03:00:27,4846,115,11,120.0,120.0,0.0,0
sV6FAGi01HM,UCV7WE8I_UiAN0fa6Arezx_w,2026-08-13 23:00:28,8,0,0,119.99,120.24,0.01,0
sVNBtoppFOE,UCB4gIGaPUiLtpPreFSf8fKQ,2026-08-15 17:23:29,2832,35,9,119.86,120.11,0.11,0
sVialkVyP0U,UCuWcjpKbIDAbZfHoru1toFg,2026-08-27 16:58:53,17952,308,22,119.78,120.03,0.03,0
sVjCX7JJ3LE,UCZRH94I89Ps7giJYeK6DlWA,2026-08-26 14:30:17,359609,9138,76,119.76,120.01,0.01,0
sVt-tgmJNKM,UC3ozN5tHi449NhCDE6Xtmwg,2026-07-16 08:06:41,8513,123,25,119.89,120.14,0.11,0
sVtgwbNP-Lo,UCpcTrCXblq78GZrTUTLWeBw,2026-07-16 00:37:15,506146,3649,269,119.88,120.13,0.12,1
sW0cQApIDvg,UCNZiNM2pP6uhIlTQVS2Q5fA,2026-07-26 09:00:28,165414,2869,198,119.99,120.25,0.01,1
sWCHt_NbRtg,UCtVBI7YLJyDvrx7iWAukx_Q,2026-07-26 02:00:09,247753,12042,673,120.0,120.0,0.0,0
sWCnhSKJGeY,UCABvetlXpdOwFz10fCpJkwQ,2026-08-27 00:14:25,80353,507,193,119.77,120.02,0.02,0
sWJnibc_mHY,UCyz5WVrb-cz3myY04x_kVYw,2026-08-25 21:52:18,624,8,0,119.89,120.14,0.11,0
sWNESeKxJOM,UCBS4sjbGJIcclT-Y6i_Jzkg,2026-08-03 21:00:38,46683,906,7,119.99,120.24,0.01,1
sWXo5by3nk4,UC9jOsXFn3RwXEW3qUyySjAQ,2026-08-09 00:35:04,656,11,0,119.92,120.17,0.08,0
sWxIlAVKLWE,UCWVS5IJOkNnkKS5rjiAt9rw,2026-07-29 17:17:20,46227,399,80,119.96,120.22,0.04,0
sX29ba86hzo,UC_9W6Z5Y3lDpLk47Y_y5ITQ,2026-07-26 09:43:53,38953,379,27,119.77,120.02,0.02,0
sX5FNfIN6Do,UC2yOBpLVwB7kzt9C5ZPbB7w,2026-08-04 04:00:29,56861,737,36,119.99,120.25,0.01,1
sXBBa2G_Dfg,UCJmnOEp1-OITEU0mk4icM5A,2026-08-10 03:00:27,67725,542,72,119.99,120.24,0.01,1
sXXnVf5J-k8,UCaY7wcqhFb_c2eQ1eRB8rOQ,2026-07-24 10:00:02,13894,342,90,120.0,120.0,0.0,0
sXceS7FTy58,UC_O4_e0nbsMoU1rg7JU_nwQ,2026-08-11 11:19:13,30856,708,36,119.93,120.18,0.07,0
sY2cw3EN_Uc,UCzSODDx0zQF3nxXOZISCm_w,2026-08-19 11:30:20,981,5,0,119.76,120.01,0.01,1
sY5JqyQvJBQ,UCADf92tisOOh90hrZee4-LA,2026-07-18 12:07:19,20354,229,14,119.88,120.13,0.12,1
sYAvB9_Lh4c,UCV7WE8I_UiAN0fa6Arezx_w,2026-08-27 20:00:00,136,1,0,119.76,120.01,0.01,0
sYJNDfQSFt8,UCYGF_xk5RDpltyZDSx040uw,2026-07-16 10:58:55,103039,1368,31,119.77,120.02,0.02,1
sYQBQ10XCkQ,UC_e83kYlGHWbsrr8QCfV_ag,2026-08-17 11:51:11,10258,71,8,119.9,120.15,0.1,0
sYlhPi-dQ3M,UC-aXNBQ6nwMNeW2V8XB7sBg,2026-08-17 01:00:11,51328,591,33,120.0,120.0,0.0,1
sYtrwNrCk6M,UCkNUuK9EfixaK2HbJYZ5YrQ,2026-08-08 03:16:42,70864,1929,31,119.98,120.23,0.02,0
sYwR8TZVxp0,UCN9VGDvz2M3vdR0czEUp6lQ,2026-07-28 22:00:11,5207,109,186,120.0,120.0,0.0,0
sZBkCjQF0r4,UCaova9Q4UZLPqFnSvq8VxzA,2026-08-14 06:01:23,12460,45,49,119.98,120.23,0.02,0
sZDNywvwU4U,UCElXDMEQqlUnuyDbChjARWQ,2026-08-13 08:00:01,20,0,1,120.0,120.0,0.0,0
sZIIi1ZHTH4,UCI3DTtB-a3fJPjKtQ5kYHfA,2026-08-28 01:37:40,7956,10,0,119.88,120.13,0.12,0
sZjQ41YBc0s,UCAl4HWznMn7KhKBRFO5eiFA,2026-07-12 04:00:08,2134,6,1,120.0,120.0,0.0,1
s_0qP_ihynY,UCnCFD3met1Ip7OngdF9TRDg,2026-08-02 11:02:24,17992,173,30,119.96,120.21,0.04,0
s_5PFaN5TdA,UCPGl9DV2WUgaqGVXtVrhJWQ,2026-08-03 15:00:01,3,0,0,120.0,120.0,0.0,0
s_7ehAnk_-0,UCi8fe6P0_tLeZ1r31wOydvw,2026-08-09 04:00:30,3530,39,7,119.99,120.24,0.01,0
s_ChwCcHsJU,UCYGF_xk5RDpltyZDSx040uw,2026-08-06 03:04:39,47085,551,52,119.93,120.17,0.07,0
s_RsMzuC9T4,UCF-rFAdN7dzd-SI2T3rkCaQ,2026-08-16 12:31:47,183252,3395,66,119.97,120.22,0.03,1
s_xFMvgSsNc,UC_m_uqd_9s0hZvlgfvCzqbQ,2026-08-14 04:10:48,259,11,2,119.82,120.07,0.07,0
sa3LV0bMbpo,UCZ-B_El841ME7qGXvYinGmw,2026-08-28 10:39:10,17678,89,39,119.86,120.11,0.11,0
sa7OOoea8E0,UCdF0eCyf5np3lPO4y1fJVdw,2026-08-25 10:00:09,5041,130,17,119.76,120.01,0.01,0
saJPwP0l_Yc,UCAVR6Q0YgYa8xwz8rdg9Mrg,2026-08-07 04:00:08,138747,9269,93,120.0,120.0,0.0,0
saeQQuI0zIk,UC2k1bSUZ4X02jMs_sTS9jiQ,2026-08-14 13:00:06,9457,183,15,120.0,120.0,0.0,0
sayRUgEYlsg,UCPGl9DV2WUgaqGVXtVrhJWQ,2026-07-17 15:00:35,34,1,1,119.99,120.24,0.01,0
sb3nyyYxOsY,UCPuD5ZRQWa_JCaY5NokNhtg,2026-08-21 02:38:50,1099,10,5,119.87,120.11,0.11,0
sb9u7NsmqEY,UCZRH94I89Ps7giJYeK6DlWA,2026-08-13 03:00:31,61869,889,62,119.99,120.24,0.01,0
sbCe84sQvdI,UCUbOogiD-4PKDqaJfSOTC0g,2026-07-18 12:12:21,82046,798,67,119.8,120.05,0.05,0
sbDBtIoIeKU,UCyoKcrOcBEY4rmLYkDuXErA,2026-07-14 09:00:25,28824,525,21,119.99,120.24,0.01,1
sbFcWuEZXYI,UCifCesg-EUkjKyQedaB3hRg,2026-08-16 21:26:28,3114,97,0,119.81,120.06,0.06,1
sbIcqsHCaYA,UCkvz_CZlthtVo7E2sGa43cg,2026-07-28 10:17:25,63035,1097,141,119.96,120.21,0.04,0
v6EKYWeLBAE,UCOTJtP0Z9DjpPU43B5m1V6A,2026-08-27 09:30:30,176910,910,80,120.0,120.0,0.0,0
v6XeaB09wkE,UC-FiQR2gg8oiNw98ZdsSX6Q,2026-08-12 18:00:26,1036,4,0,120.0,120.0,0.0,0
v6jNbW_jn2g,UCwBkHOTyu57NQi0syf5MLig,2026-08-27 06:00:13,352769,1613,35,119.76,120.01,0.01,1
v6o-Hb1-ozg,UCdK9h1ILxS49c2LguBUY3rw,2026-08-10 10:45:07,25,1,4,120.0,120.0,0.0,1
v7DLZrsBCyg,UCAl4HWznMn7KhKBRFO5eiFA,2026-08-14 12:27:03,13834,70,1,119.8,120.05,0.05,0
v7ERQAeSt58,UC7bcRlidTERRb_MKRHPVSnw,2026-08-28 12:03:15,45154,292,32,119.96,120.21,0.04,0
v7Oe1Ky7wJU,UClHTjLVog7CkRF8tYJuNXXQ,2026-08-19 17:57:45,292,8,1,119.8,120.05,0.05,0
v7c-NnV51Ko,UC783XWULPW-nDGv_0EYlB6Q,2026-07-12 11:13:22,30638,573,67,119.78,120.03,0.03,0
v7fK9tu7JxY,UCcum1rCJ5GJeQ_xv0xrohqg,2026-08-05 10:00:27,39636,1234,50,119.99,120.24,0.01,1
v7j-HRZ2P1E,UCPsZX-D7LW99PjZLA-UysPQ,2026-08-20 13:30:32,286,3,0,120.0,120.0,0.0,0
v7ooYz-Nqs0,UCMAfHuocszM6UTORPwUmeNw,2026-08-01 15:53:25,11839,284,1,119.86,120.11,0.11,0
v8Hl5fEmqeA,UCNZ87V1E_2h_Nyh-zVTRFWA,2026-08-11 08:31:58,1286,11,4,119.97,120.22,0.03,1
v8L_1klNyaM,UCw1DsweY9b2AKGjV4kGJP1A,2026-07-12 12:28:04,338258,2669,1310,119.78,120.03,0.03,0
v9EJAR72_bA,UC-yb5eNBQyXBE9nZnht9u-g,2026-08-21 11:32:38,12808,259,5,119.97,120.22,0.03,1
v9HJq8hRWaY,UCYJ0Ucu9jPX5kn6SeDcNaIQ,2026-07-23 15:00:00,32096,271,11,120.0,120.0,0.0,1
v9pvWSjHJKg,UCw1DsweY9b2AKGjV4kGJP1A,2026-07-12 11:10:08,129985,889,53,119.83,120.08,0.08,1
v9z1o6VweGU,UCqrNzVI2-BhhoFnlAPiHLCA,2026-08-29 10:34:54,15536,158,19,119.93,120.18,0.07,0
vABi2Dz9yzE,UCXAXCxTCCYYKsLJNzEvjqfw,2026-07-23 02:06:19,20595,249,113,119.9,120.15,0.1,0
vAD-NQOJ9Mo,UCULRVjf5z_WoR106msn8HoA,2026-07-24 18:21:21,101868,1438,381,119.9,120.15,0.1,0
vAErs6Vjaw4,UCKYdD83f363lIzcAwwhB-_A,2026-07-24 14:52:31,3399,23,0,119.88,120.13,0.12,0
vAGqa2-jA1U,UC141BuVRzSSXJX33Am9yxEA,2026-08-19 09:15:20,12044,225,59,119.76,120.01,0.01,0
vAWjud49sx0,UCaHIZAKows704_gk6bjdAog,2026-07-28 08:45:19,49482,510,122,120.0,120.0,0.0,0
vAgL7PGD5X0,UCFVRXOqBeh8ynDdYWztewXg,2026-08-20 10:45:08,4804,99,22,120.0,120.0,0.0,0
vAsI-gp2NQM,UCuWDza8A_ntbjwBZgW0ZSNw,2026-07-22 08:00:13,83836,1339,30,120.0,120.0,0.0,1
vB2nG_VwfQs,UCzDyC6JMEXEufozffWzI9Mg,2026-08-08 04:00:11,110958,977,46,120.0,120.0,0.0,1
vB6lKDk19wg,UC_e83kYlGHWbsrr8QCfV_ag,2026-08-25 12:24:44,10468,71,15,119.85,120.1,0.1,0
vBBlLjuwKds,UCnju7ULBic4VgkCfDvVXCnA,2026-07-23 22:36:19,44858,777,3,119.9,120.15,0.1,0
vBK3lpAYIuU,UCK1aVlIbEBrdhv-gbSgGIkQ,2026-08-06 14:03:40,3916,8,2,119.94,120.19,0.06,0
vBNE3bKMpu8,UC1sELGmy5jp5fQUugmuYlXQ,2026-08-20 14:59:01,759264,42497,2954,119.77,120.02,0.02,0
vBr9qs9yJ2k,UCZ-UuK86Bk5sGzQQ2cEglJQ,2026-08-11 08:24:55,235036,4437,101,119.84,120.09,0.09,0
vC8Gb6O0Edw,UCikKJvpU0Ylua4hRW6faQRg,2026-08-26 01:38:11,2291,42,0,119.87,120.12,0.12,0
vCHYKEJffxk,UCdb5lyq0tWbY3jqH35SufmA,2026-08-14 22:30:05,14396,135,42,120.0,120.0,0.0,0
vC_AOsCxQ7I,UCg7rkxrTnIhiHEpXY1ec9NA,2026-08-05 08:00:33,194401,6879,345,119.99,120.25,0.01,0
vCb4iatyUVY,UCGW76VChAJKee9kYzvyoycQ,2026-07-27 09:00:27,2146,59,10,119.99,120.24,0.01,0
vCddA_V0a8U,UCQDGJQe8X9tbk_i8Na3VVXg,2026-08-19 10:13:51,170,8,3,119.78,120.03,0.03,0
vChnUBQ0YMA,UCKrprPfevcAZpPuRnCO6xOA,2026-08-15 09:00:37,1326,9,4,119.99,120.24,0.01,0
vD7aJkOie3w,UCw1DsweY9b2AKGjV4kGJP1A,2026-08-22 08:01:00,2531,21,1,120.0,120.0,0.0,0
vD8gjLDN8qI,UCXu_CcxBZA5S_iG33OzA9PQ,2026-08-22 11:15:32,8471,66,28,120.0,120.0,0.0,1
vE-tyHQgQcg,UCV7WE8I_UiAN0fa6Arezx_w,2026-07-28 21:00:35,90,0,0,119.99,120.25,0.01,0
vE3IFe9y9Ig,UCV7WE8I_UiAN0fa6Arezx_w,2026-08-25 08:00:25,27,0,0,119.75,120.01,0.01,0
vE6diOGq7mo,UCPuD5ZRQWa_JCaY5NokNhtg,2026-07-27 08:06:28,977,11,14,119.89,120.14,0.11,0
vEI0Intz_gA,UCpcTrCXblq78GZrTUTLWeBw,2026-08-15 19:30:01,83024,2260,67,120.0,120.0,0.0,0
vEKnsikfyv8,UCSrQnB-Ip9hc0biFQ3HoKzg,2026-08-01 12:20:07,20301,1169,58,119.92,120.17,0.08,0
vF5rt2QkMDU,UCrR_fhiJjoW8OJFzUcmlMMA,2026-08-11 07:00:27,10489,84,50,120.0,120.0,0.0,0
vFV0VINb-Rg,UCHK-FRuAjk8g798dD7L7xqA,2026-07-16 07:00:16,560195,4557,192,120.0,120.0,0.0,0
vFZcgR__S8o,UC4VWaR3R17Ruc7j1Cy1-PKQ,2026-07-26 20:09:56,71,2,0,119.84,120.09,0.09,0
vFiOOW3yJZE,UCIvLQ5lZ2kebqnLaGv_FP4w,2026-08-09 18:29:21,1769,12,0,119.76,120.01,0.01,0
vFsuV9BTIGo,UCO8ToDSM2Gvt3EZdOdosxTw,2026-08-10 09:00:39,42559,923,84,119.99,120.24,0.01,0
vGLDeBPjDsM,UCt6Eo4xMTHhlOWg4_PAz_MA,2026-08-03 08:30:32,3413,30,7,119.99,120.24,0.01,0
vGS_UfEqIyI,UCWjfI3wnNOgQCTu2SijfgMg,2026-08-31 21:50:05,6646,56,6,119.93,120.18,0.07,0
vGVlXSzSJYM,UCUae69frfqpKOB3BUMdX5Qw,2026-07-16 03:30:24,57794,1592,90,119.99,120.24,0.01,0
vGbSERQ4iC4,UCybfHuHkJRzGDymek2Dsqvw,2026-08-09 11:00:00,35009,664,167,120.0,120.0,0.0,0
vGbqQZRzlqM,UCjUnlBpn0Z1L450g79fniRg,2026-08-27 04:45:17,3293,26,13,119.76,120.01,0.01,0
vGlAho10U30,UCSzHok6X5qXEO7cjvVnE62g,2026-07-18 10:00:30,23819,143,25,119.99,120.24,0.01,0
vGp3ENwzz3M,UCwBkHOTyu57NQi0syf5MLig,2026-08-05 16:19:19,83961,460,139,119.93,120.18,0.07,0
vH6jY6AiSyg,UCNu00qhYj4nPeMNdxuwV6sg,2026-07-13 14:07:02,1137,32,0,119.88,120.13,0.12,0
vHCfpOx6WhU,UC9qwDE50UcXvdplRNZKEoPA,2026-08-19 07:00:19,4067,174,14,119.76,120.01,0.01,1
vHFWDmSP3B4,UCS-X1uBDTNwAYyydiXjcX9A,2026-08-09 02:26:09,851,18,1,119.82,120.07,0.07,0
vHIS_VTujkA,UCO8ToDSM2Gvt3EZdOdosxTw,2026-07-16 04:15:12,9906,235,83,120.0,120.0,0.0,0
vHNnd9C_Ets,UChLqHuZV0PENIBYxDgXyPLQ,2026-07-24 14:21:32,16481,340,14,119.89,120.14,0.11,1
vHPeCTiA6XM,UCNrQ0VbdprXAur6OZKexjEw,2026-08-25 08:00:18,56813,664,86,119.76,120.01,0.01,0
vHcjatKMNOQ,UC9otskL_kd-0CDib_5Lj-mQ,2026-07-30 03:30:42,20927,143,72,119.99,120.24,0.01,0
vHyXlJhOt7Q,UC2IYsRiATGe71sLIOlSXGuw,2026-08-06 10:00:12,7850,46,16,119.75,120.25,0.25,0
vI6R8Une4Qg,UCw1DsweY9b2AKGjV4kGJP1A,2026-08-09 14:30:08,14124,107,21,120.0,120.0,0.0,0
vIAxqtX-Z3g,UCL2ZLyAV0H9Pvi46W7TGdHQ,2026-08-10 11:00:00,22487,158,33,120.0,120.0,0.0,0
vIKINjpkws8,UCY_vDlvG-BTDRIOk_I9QQ6g,2026-07-24 01:11:43,478,6,1,119.81,120.06,0.06,0
vIQSQclWews,UCDmmbxGg8g-EBkC_ku6vybg,2026-08-11 14:00:01,11505,266,96,120.0,120.0,0.0,0
vISD1FezEGg,UCZ6mNZTiTUrUSbSYPlclI4A,2026-08-27 08:15:37,20596,581,5,120.0,120.0,0.0,1
vIUH7ILYe2c,UCKrprPfevcAZpPuRnCO6xOA,2026-08-11 09:30:05,1302,8,2,120.0,120.0,0.0,0
vIfr1EfJjY4,UC8CIM3d3zDYMk-3T5aAz0yw,2026-08-28 10:04:20,808358,34408,1633,119.94,120.19,0.06,0
vIsN8nknIzc,UCV7WE8I_UiAN0fa6Arezx_w,2026-08-02 15:00:14,24,0,0,120.0,120.0,0.0,0
vIz6Z0rEVm0,UCvPDPTxTLitVEyGu4Xt6m8g,2026-08-17 09:00:20,20326,152,11,120.0,120.0,0.0,0
vJ4ER_0wmKU,UCLHwMFguUxHVSk91vzicEJw,2026-07-28 08:40:11,33900,481,14,119.83,120.08,0.08,0
vJAFiIuKmMQ,UC59jWhPazXYi8Ny4vake45A,2026-07-23 10:30:40,54468,1499,10,119.99,120.24,0.01,1
vJCHikXy51U,UCkrNv6xF8j7QZmWb3UeAH8A,2026-08-17 10:10:52,4593,19,1,119.82,120.07,0.07,0
vJIDRMMzxew,UCpn9dP1b5BhBsU9SduEz1hA,2026-07-14 16:00:31,49301,471,16,119.99,120.24,0.01,1
vJL5nW1GV_U,UCeG0ONJtjwE20ThR5iSYdsA,2026-08-23 22:47:54,39256,678,121,119.96,120.22,0.04,0
vJT4vxjm1ZA,UCuWDza8A_ntbjwBZgW0ZSNw,2026-08-01 03:00:10,12678,61,16,120.0,120.0,0.0,0
vJayLMmy5vk,UC8Xz3BKjDvQk7lKhH7Hi9nA,2026-08-27 06:57:18,3797,18,1,119.81,120.06,0.06,1
vJjQKS8zK3k,UC-okJdotaXPlzivRzHFqzuA,2026-08-12 04:59:12,243072,711,28,119.77,120.02,0.02,1
vK70uNcQu8U,UCifCesg-EUkjKyQedaB3hRg,2026-08-30 23:38:05,8535,221,2,119.88,120.13,0.12,1
qblp8IGZtxY,UCS7gEaMmBPAaI8dHNnrSofg,2026-08-05 10:21:40,41172,,181,119.89,120.14,0.11,0
qbplfTN2x70,UCvfEv6nBnL0QlKqyGmL0orQ,2026-08-11 09:37:11,16058,68,14,119.88,120.13,0.12,0
qc3C7yqDT4g,UC4VWaR3R17Ruc7j1Cy1-PKQ,2026-07-29 07:17:20,603,1,0,119.96,120.21,0.04,1
qcZbvQyf504,UCrKSaegnzewdj9-YLsUhoZw,2026-07-25 23:50:18,4557,28,7,119.91,120.16,0.09,0
qce8JejPWpg,UCaova9Q4UZLPqFnSvq8VxzA,2026-07-28 06:07:17,88252,344,184,119.88,120.13,0.12,1
qcgN6UbLgQk,UCw1DsweY9b2AKGjV4kGJP1A,2026-08-17 08:00:16,90309,347,170,120.0,120.0,0.0,0
qchkjl7DlwM,UCj5Y6sl23ln9PL6OiDTL7Gg,2026-08-06 19:22:07,178,16,1,119.88,120.13,0.12,0
qczZ0L4w4OQ,UCPoEVLrQMMXICwULGDwfvug,2026-07-14 16:29:02,20977,330,25,119.77,120.02,0.02,1
qd-EiLJfopc,UCyaMGpNb-UiLHMY833ai7IQ,2026-07-27 12:33:57,1076,3,0,119.94,120.19,0.06,0
qd35NCBaQGs,UCFCt5RYu41HTg4eX1jdHNxw,2026-07-29 22:48:47,673,11,0,119.94,120.19,0.06,0
qd5iMN2g6iw,UC9vz3TBChrJmYbzUo-rqfSg,2026-08-07 05:57:15,24123,242,115,119.8,120.05,0.05,0
qdQ7MyiBJ2c,UCK8iWEZupSV2pmDMxtwdAmA,2026-08-21 22:23:22,39,4,0,119.87,120.12,0.12,0
qdQrBIzpyiU,UCPuD5ZRQWa_JCaY5NokNhtg,2026-07-25 12:37:14,772,5,2,119.88,120.13,0.12,0
qdWD7NGDG5E,UCUR5w0E-jQTOO8Q0FZ4ilYQ,2026-08-09 22:30:13,11105,38,13,120.0,120.0,0.0,0
qdWTuKiBgq8,UCkpKYfb8wM67QnKxBj9bZXA,2026-08-13 15:00:05,9302,137,14,120.0,120.0,0.0,0
qdWh3iGeR2A,UCN7FA8FwikP2p5Vrs5kiivw,2026-08-21 11:00:13,4627,45,1,119.76,120.01,0.01,1
qdxIxORUofY,UCv1tOT645xHOJrwdGlzjMaA,2026-07-15 04:38:34,23681,150,2,119.86,120.11,0.11,0
qe0PsVL4wps,UCw1DsweY9b2AKGjV4kGJP1A,2026-08-03 10:01:32,17543,70,8,119.98,120.23,0.02,0
qe92yA_XDps,UCSh__r5HS4Y1xBkccWnV0TA,2026-08-20 17:28:02,129623,4283,222,119.79,120.04,0.04,0
qe9vzhVZMkY,UCby0vMKcLR05ZdS90aZd5og,2026-07-19 13:35:48,3239,4,0,119.91,120.16,0.09,1
qeBvYvWEXYM,UCV6mNrW8CrmWtcxWfQXy11g,2026-08-26 17:11:43,100192,2475,240,119.82,120.07,0.07,0
qeGjUUAeHkY,UCPuD5ZRQWa_JCaY5NokNhtg,2026-07-31 16:52:27,948,16,5,119.88,120.13,0.12,0
qeSKdCJt8hY,UCFHUplScMiWTjJrtv4hxWmg,2026-08-02 08:08:22,70861,463,71,119.86,120.11,0.11,0
qefQ1Neics8,UCeB_ZeSo0xDL62wWlkTEtjA,2026-07-25 23:00:12,13565,82,30,120.0,120.0,0.0,0
qelDDR1D0sE,UCBS4sjbGJIcclT-Y6i_Jzkg,2026-08-04 21:00:23,8390,253,2,120.0,120.0,0.0,1
qes_C5kAykY,UCBo7GIv99qTzHaa6ip09YLA,2026-08-04 18:11:29,191,1,0,119.81,120.06,0.06,0
qeyQax5qEkY,UCJZsABKjWUGbT0qf3MsXH8w,2026-07-18 09:00:27,3054,36,16,119.99,120.24,0.01,0
qf2Qp0iqei4,UCt8CJiye87FMbEwt0npPMuQ,2026-08-27 18:31:13,8679,93,3,119.99,120.24,0.01,1
qfFg4JBb4kE,UCt8CJiye87FMbEwt0npPMuQ,2026-08-23 13:30:28,11137,459,84,120.0,120.0,0.0,0
qfdgmVdPk7o,UCqVZTizoA2wQKOj_xaDt10Q,2026-08-19 10:36:28,0,0,0,119.9,120.15,0.1,0
qffac2VCjLU,UC5ThQKdocwo_9UurfT5P_ww,2026-08-23 02:00:24,638483,7407,81,120.0,120.0,0.0,1
qfs6Rv2L1rk,UCPsZX-D7LW99PjZLA-UysPQ,2026-07-26 03:00:08,621,6,2,120.0,120.0,0.0,0
qg53q28JAGA,UCGa52d8Qlv3THghuCAt_nXA,2026-07-18 08:30:19,47420,362,23,120.0,120.0,0.0,1
qg6G-nY6llg,UCw1DsweY9b2AKGjV4kGJP1A,2026-08-16 10:01:21,11433,60,21,119.98,120.23,0.02,0
qgGr2XqeL2w,UC4cKHOBS-nRfKFTwf1n8HGA,2026-08-03 12:00:19,1738,,5,120.0,120.0,0.0,1
qgRj90AuTxk,UCHCeN9BUgogMGrHBC6zKYvA,2026-08-01 10:53:58,5173,96,33,119.85,120.1,0.1,0
qg_kch-dzno,UC8CZL4cvFiKwKKDNCuM2lTA,2026-07-28 09:29:18,10788,85,1,119.76,120.01,0.01,0
qgcIpO-Fsas,UC5ScPjbt-a97AJO7SBj6nAg,2026-08-30 08:30:19,165924,2502,347,119.76,120.01,0.01,0
qgkH9GyiBXQ,UCei_ecYpQqFjYhjLaDPr2Lw,2026-07-26 19:32:37,31,5,0,119.96,120.21,0.04,0
qgl1mBvuhNA,UC0PMQXAwF6O6aeTpv962miA,2026-07-23 17:00:39,15852,510,109,119.99,120.24,0.01,0
qgx05E9HklM,UCwBkHOTyu57NQi0syf5MLig,2026-08-20 11:00:28,388025,2236,45,120.0,120.0,0.0,0
qh42ucvx3j8,UCt8CJiye87FMbEwt0npPMuQ,2026-08-03 13:00:35,55947,2046,121,119.99,120.24,0.01,0
qhEMvhbCUM8,UCZFGZ_LhwgiTxaJzJ0QGdFw,2026-08-22 17:44:14,5647,12,0,119.77,120.02,0.02,0
qhazG9dEtL0,UCIzbqIyEUxtFLYh_sCDoXpw,2026-08-03 15:00:35,144119,1631,71,119.99,120.24,0.01,1
qiNAoz62S5c,UCEJF0q0SqEJ64uA9LCXuSrQ,2026-08-22 08:30:21,2174,80,15,119.76,120.01,0.01,1
qiT3Tj92h14,UCY_vDlvG-BTDRIOk_I9QQ6g,2026-07-30 02:44:48,1348,8,2,119.75,120.01,0.01,0
qigUzqj1O30,UCgvtwZJPhSfbKOxh3EoVXng,2026-08-26 11:41:48,53,2,2,119.81,120.06,0.06,0
qimy4ppVNVs,UCE3q8VKqIT_vOL4b9Nl8chA,2026-08-15 19:40:34,7104,92,29,119.83,120.08,0.08,0
qjP2LQGyn5M,UCms8Ge7H1ZGgw6nV94fUhUQ,2026-08-06 09:00:21,15824,209,2,120.0,120.0,0.0,1
qjaRp5KFvxA,UCV6mNrW8CrmWtcxWfQXy11g,2026-08-20 15:00:16,170079,5337,171,120.0,120.0,0.0,1
qje7BnRai-o,UClpc-7ejy_cntRdmrFLbOfg,2026-08-23 22:16:57,13774,98,24,119.98,120.23,0.02,0
qjrEd-cbUpE,UCdK9h1ILxS49c2LguBUY3rw,2026-07-30 10:45:34,21,1,0,119.99,120.24,0.01,1
qjvBzOmlV_U,UCw1DsweY9b2AKGjV4kGJP1A,2026-08-13 08:03:25,13588,54,21,119.95,120.2,0.05,0
qkFkVd3wVDA,UC9nWoDbRAl3-fvreBNeStKQ,2026-07-30 13:58:22,2715,16,2,119.78,120.03,0.03,0
qkKGgN8VRTY,UCMpvRMwoq_WmradKdysk6Cg,2026-08-24 09:00:22,29310,279,29,119.75,120.01,0.01,0
qkhUZWoo4Q8,UCRpdlPk671uOMiBtf5HtB3Q,2026-08-22 09:55:21,29478,276,94,119.84,120.09,0.09,0
qkmnr4Y3RpQ,UCCW6uYIUP4YKKe50k-ktVAw,2026-08-06 08:00:09,81277,1633,104,120.0,120.0,0.0,0
qko4xEHvAWU,UCbFzvzDu17eDZ3RIeaLRswQ,2026-08-21 11:37:19,515066,4500,420,119.89,120.14,0.11,0
qkq1rNSMTng,UCawK5EIfr66Z7fjAlZgfB2g,2026-08-28 02:13:21,10022,,0,119.79,120.04,0.04,0
qksZUIxpfnM,UCPuD5ZRQWa_JCaY5NokNhtg,2026-08-27 22:22:34,2458,8,2,119.88,120.13,0.12,0
qkxojfqWxiE,UCPuD5ZRQWa_JCaY5NokNhtg,2026-08-20 05:17:01,759,10,4,119.97,120.22,0.03,0
ql8Rrg00x3Y,UCXqP0RsJo6-y-MrKz6k8H-g,2026-08-09 14:49:18,1097,23,11,119.93,120.18,0.07,0
qlQwZQ-XQyE,UCpX86JOUhnrzG7MK8e8Gjbw,2026-08-19 05:04:01,47102,306,184,119.95,120.19,0.05,0
qldVTccLJ-U,UCPuD5ZRQWa_JCaY5NokNhtg,2026-08-15 08:47:31,393,7,5,119.96,120.21,0.04,0
qln5NAkMGJE,UCohAQ_b61ew_t3dawFmZYJA,2026-08-14 10:59:18,2841,33,29,119.76,120.01,0.01,0
qlppbhThrKE,UCrR_fhiJjoW8OJFzUcmlMMA,2026-07-16 11:00:29,12173,211,5,119.99,120.24,0.01,1
qlvDoiPtfPU,UCZGG-8oJSConHG6z30PgF5w,2026-08-17 02:42:22,13,1,0,119.8,120.05,0.05,0
qm62qzdoQ_U,UCuWDza8A_ntbjwBZgW0ZSNw,2026-07-11 01:00:29,108963,1227,57,119.99,120.24,0.01,1
qmSBYwaxm9w,UC8Xz3BKjDvQk7lKhH7Hi9nA,2026-07-29 17:06:40,8906,67,42,119.89,120.14,0.11,0
qmfyInTZwUw,UCyiKngyUPUb1bka4yFrn65g,2026-07-16 16:40:28,1021,4,0,119.83,120.08,0.08,0
qmp_2Z5CTBg,UCVqmxk6oNOHj9RFVo4uP_lw,2026-08-15 23:00:11,12356,422,37,120.0,120.0,0.0,1
qmuqn0xl-Bg,UCN5oT4zGJX-_H6pE5isAEeg,2026-08-23 22:00:10,365408,5275,1658,119.76,120.01,0.01,1
qn21yfQeO2w,UCtGMgPWJNU2Aj-SNK0zg0Sg,2026-08-11 16:41:58,3246,12,0,119.8,120.05,0.05,0
qnEwVCVzyDs,UCeiDuGZqWT4iiIXRTfhM3qQ,2026-07-26 08:27:37,6663,186,5,119.79,120.04,0.04,0
qnLSMcXURzI,UC1dG3vI9FfHnH3YgyeKUz_A,2026-08-30 13:00:19,320526,1058,87,119.76,120.01,0.01,0
qnSo7EWrgd8,UCXg-6b0X0sIMBDHhbyBuOQg,2026-08-09 11:00:31,52419,849,12,119.99,120.24,0.01,0
qnUkRFmVUOM,UCoSniqkitCpxlHrQd5L8A1w,2026-08-29 00:13:56,3739,10,0,119.78,120.03,0.03,0
qn_13OY1xq4,UC2yOBpLVwB7kzt9C5ZPbB7w,2026-07-28 20:00:29,115233,1948,41,119.99,120.24,0.01,1
qnd-Ynbt0ZY,UCl-VnCUwSxDr5zPu-YlDUYw,2026-08-01 08:00:12,48615,903,106,120.0,120.0,0.0,1
qnsX9Yu4E7Q,UC_9W6Z5Y3lDpLk47Y_y5ITQ,2026-08-09 00:08:55,24450,250,46,119.85,120.1,0.1,0
qnt7_BTnL9o,UClpc-7ejy_cntRdmrFLbOfg,2026-08-15 20:07:43,8599,75,13,119.88,120.13,0.12,0
o77Ws-Lav-A,UCU0-6z_KU9AShyR9J6gcFGw,2026-08-26 02:32:23,294,5,0,119.97,120.22,0.03,0
o7Rb-3UJQfQ,UCPGl9DV2WUgaqGVXtVrhJWQ,2026-08-07 15:00:29,11,0,0,119.99,120.24,0.01,0
o7gndifEzyg,UCifCesg-EUkjKyQedaB3hRg,2026-07-25 00:12:23,31561,607,6,119.8,120.05,0.05,1
o7kkkjKDL5E,UCgLFbrC7-g0ihBKB0obVPTg,2026-08-23 13:29:55,315,12,2,119.76,120.01,0.01,0
o88fWu7u1gw,UClFxbDnu3-z8B002ns6JnBQ,2026-08-17 21:00:06,0,0,0,120.0,120.0,0.0,0
o8KomEBJzMQ,UCZ6mNZTiTUrUSbSYPlclI4A,2026-07-31 06:06:05,2102,33,3,119.9,120.15,0.1,0
o8MKGufAAiA,UCFrKhWvZ8oeJQTNP5ZabgJw,2026-08-09 08:10:52,108490,895,252,119.82,120.07,0.07,1
o8PtopcypY0,UCkrJBQAut47U8xMUuv8D_3g,2026-08-03 09:34:17,29747,698,27,119.93,120.18,0.07,1
o8UCqW7Dlck,UCV6mNrW8CrmWtcxWfQXy11g,2026-08-20 07:00:28,52593,2075,58,120.0,120.0,0.0,1
o8V9IMlgzXg,UC_E_qYfGKM3C0kqrp1p8z7Q,2026-07-30 17:00:29,307,5,2,120.0,120.0,0.0,1
o8VZSOwhlA0,UCmZeuRfHYowZhf6odtoaNdg,2026-07-28 07:33:56,24252,295,23,119.94,120.19,0.06,0
o8mmb2rideY,UCxPMcxq7WJ32M3lnFn58Cpg,2026-07-28 10:36:23,6556,23,8,119.9,120.15,0.1,1
o8sUJiOtOYU,UCzSODDx0zQF3nxXOZISCm_w,2026-08-09 11:30:30,181,1,0,119.99,120.24,0.01,0
o9E7iY3ZCQo,UCta3D5-EYqO-pduQLxQ8mNQ,2026-08-22 05:53:13,2324,18,6,119.87,120.12,0.12,0
o9IJ9LQ0ClU,UCPsZX-D7LW99PjZLA-UysPQ,2026-08-25 15:00:14,4784,19,9,119.76,120.01,0.01,0
o9VXfUpyp7g,UC78d2aaqdrt02RfmtRLmlAw,2026-08-12 16:00:14,19171,502,181,120.0,120.0,0.0,0
o9dboUlfy1w,UCL3ooD3l7KEqb85EBZSEkZQ,2026-07-26 18:46:40,0,0,0,119.97,120.22,0.03,0
o9rRM67UasQ,UC4ncZM9bnBknxPkJbq4miHQ,2026-08-23 10:12:32,92150,1247,150,119.8,120.05,0.05,0
oAJNBBhrutg,UCDHGqgpiHQAsE0UiltRqhfQ,2026-08-14 03:00:20,93017,1054,29,120.0,120.0,0.0,1
oAXHnPOALmA,UCqI5lyTpC79pOy2D-VXAMdA,2026-08-04 14:18:32,91942,594,189,119.94,120.19,0.06,0
oAlBVziV6Mc,UCV7WE8I_UiAN0fa6Arezx_w,2026-08-18 20:00:38,41,0,0,120.0,120.0,0.0,0
oAtgAHUWYJ8,UC-okJdotaXPlzivRzHFqzuA,2026-08-05 04:59:36,71521,254,10,119.76,120.01,0.01,1
oB1jYTKH4tI,UC6YqXiwCBfPvPTs3wXgWElQ,2026-07-28 02:50:12,19631,624,23,119.92,120.17,0.08,0
oB2mK8eJli4,UCpcTrCXblq78GZrTUTLWeBw,2026-07-16 14:51:24,4959698,50511,2927,119.89,120.14,0.11,0
oB31cbkMWZs,UCfcfymsN3OMo2cfmbpGTanw,2026-07-26 08:00:03,21525,93,21,120.0,120.0,0.0,0
oB5bgAFYvWU,UCV7WE8I_UiAN0fa6Arezx_w,2026-07-18 08:00:20,65,1,0,120.0,120.0,0.0,0
oBK-VBSE_hU,UCms8Ge7H1ZGgw6nV94fUhUQ,2026-08-07 03:00:15,27417,209,6,120.0,120.0,0.0,1
oBLsPMGu1SA,UCw1DsweY9b2AKGjV4kGJP1A,2026-08-22 10:00:06,49527,212,63,119.76,120.01,0.01,0
oBSpfxN1ips,UCE3q8VKqIT_vOL4b9Nl8chA,2026-08-26 21:58:36,6128,85,3,119.78,120.04,0.04,0
oBcCOmdgwnY,UCmZeuRfHYowZhf6odtoaNdg,2026-08-02 08:22:23,68599,798,114,119.88,120.13,0.12,0
oBlspbH2mwo,UCT807kAu6fmwES8B5698e2w,2026-08-17 08:25:25,27257,1563,86,119.83,120.08,0.08,1
oBp_xwIBlIs,UCz4b1O9sT73P8DWwx6OvQwg,2026-08-03 07:00:03,66659,1123,218,120.0,120.0,0.0,0
oBzOCV7IL-E,UCAtGPbK4AWmeoaREsNLLZhg,2026-08-08 06:11:54,64789,1432,106,119.81,120.06,0.06,1
oCtrWaUKRmM,UCpcTrCXblq78GZrTUTLWeBw,2026-07-17 01:29:25,15227,404,31,119.76,120.01,0.01,0
oCuV5_5SYfk,UCV7WE8I_UiAN0fa6Arezx_w,2026-08-07 23:00:21,23,0,0,120.0,120.0,0.0,0
oD32alHO0gY,UCz5LAkkX66OAW-y_WiWf9vA,2026-08-01 17:25:52,131,2,0,119.82,120.07,0.07,0
oD4PFEDs6uE,UC59jWhPazXYi8Ny4vake45A,2026-08-30 12:42:53,321561,10864,48,119.8,120.05,0.05,0
oDK26KsiLpc,UCp9skQ2mP_DfVL8c3gZQUzg,2026-08-16 18:43:46,5370,84,0,119.77,120.02,0.02,0
oDWK_-sZgGQ,UCwBkHOTyu57NQi0syf5MLig,2026-08-05 19:52:22,11281,78,17,119.88,120.13,0.12,0
oDWsceiRdLM,UCPuD5ZRQWa_JCaY5NokNhtg,2026-07-23 17:37:07,1223,13,13,119.88,120.13,0.12,0
oEIocw6aklA,UCab17MxxnFtAhGsJVTkSkCg,2026-08-06 10:29:46,989,18,0,119.76,120.01,0.01,0
oEJFgVeIPhY,UCepHesz_5Lwr7qRaqjB-p1A,2026-07-14 09:00:21,36933,1156,157,120.0,120.0,0.0,0
oEKJAm8-DIc,UCxtZZzggcfOmsW99gYkxsNA,2026-08-05 05:55:59,60195,1185,133,119.82,120.07,0.07,0
oERp0tfCZRM,UCX11f6rIVaoWGvFnKKyPBNQ,2026-08-07 20:02:10,41497,1043,419,119.97,120.22,0.03,0
oEU8YSvS7kk,UCPoEVLrQMMXICwULGDwfvug,2026-08-18 13:11:33,9471,160,21,119.82,120.07,0.07,1
oE_6NHqHiR0,UC9nWoDbRAl3-fvreBNeStKQ,2026-08-29 16:36:34,14556,31,1,119.91,120.16,0.09,0
oEcn4GB8L68,UCK1aVlIbEBrdhv-gbSgGIkQ,2026-08-28 03:00:20,226,0,0,119.76,120.01,0.01,0
oEejtot9Swg,UCV7WE8I_UiAN0fa6Arezx_w,2026-08-26 06:00:15,46,0,0,119.76,120.01,0.01,0
oEvWTspRPrc,UCim7oePrB5hdfhcYwgUY6Jw,2026-08-31 13:00:21,20900,51,15,119.76,120.01,0.01,0
oEy_8eqTS2A,UCt15X5eHLwyP8PpNtQTkuDQ,2026-07-20 11:01:05,217928,949,164,119.98,120.23,0.02,0
oF-NIJAk7dQ,UCZCZHg_oJiHcrcj2vaPRCag,2026-08-24 15:50:47,84,3,0,119.91,120.16,0.09,0
oF2Xl7WL1UY,UCKVt3arMXfa6XZezR1UnjqQ,2026-07-20 22:00:33,3914,65,3,119.99,120.24,0.01,0
oFIIy3bcG34,UCoSniqkitCpxlHrQd5L8A1w,2026-08-19 01:31:32,2217,19,9,119.99,120.23,0.01,0
oFMFn-MszPQ,UCK1aVlIbEBrdhv-gbSgGIkQ,2026-08-08 05:30:21,105,6,0,120.0,120.0,0.0,0
oFO6XR2H3og,UCqPN9LAkx20aBWOafwvQB-Q,2026-08-26 23:00:03,139729,3729,267,119.76,120.01,0.01,0
oFOp9sxD_P0,UC_yxsHiFh1_j174x4AxICSg,2026-08-28 07:00:08,188333,2099,66,119.76,120.01,0.01,1
oFPiWnALN8o,UCO94iFhOhtdGb4Ze5DUAtbw,2026-07-31 09:00:35,20491,162,4,119.99,120.24,0.01,1
oFPjHBwb38A,UCNRnCc0hg3ZcKdOGXKKv5Ww,2026-07-24 17:05:34,9429,100,1,119.91,120.16,0.09,0
oFSDoR2QQIQ,UCby0vMKcLR05ZdS90aZd5og,2026-07-30 05:05:38,24082,26,5,119.91,120.16,0.09,1
oFT3NYtr3u0,UCBtJuwDt6LlXp2YASC-ZMdA,2026-08-16 09:00:21,1462,7,0,120.0,120.0,0.0,1
oFXNzMqNwUc,UCikKJvpU0Ylua4hRW6faQRg,2026-08-08 12:07:30,3090,82,0,119.88,120.13,0.12,0
oFiUm76u9kE,UCPN9TrChCye1s97iEUOsIeA,2026-08-10 07:59:27,116,4,3,119.76,120.01,0.01,0
oFnRUVF7E-E,UCPGl9DV2WUgaqGVXtVrhJWQ,2026-08-07 14:27:06,8,0,0,119.8,120.05,0.05,0
oFpNghKiXnA,UCXtU-C_e2iBzPSq9oLXtbVw,2026-08-16 23:15:10,25,2,1,120.0,120.0,0.0,0
oFrvXxruPN4,UCp6n8d8Y8r3MwKNw_MMaouQ,2026-07-31 12:09:49,4982,242,9,119.84,120.09,0.09,1
oFuopdO2l_w,UC_e83kYlGHWbsrr8QCfV_ag,2026-07-22 13:36:46,1542,1,0,119.89,120.14,0.11,0
oG3X8fXTNu0,UCV7WE8I_UiAN0fa6Arezx_w,2026-08-31 05:00:08,321,0,0,119.76,120.01,0.01,0
oG3uzXx9T9s,UCV6mNrW8CrmWtcxWfQXy11g,2026-08-06 02:00:11,230862,7885,79,120.0,120.0,0.0,1
oG6seMMRUKs,UC6YKLXN1w8pyqFwCO0UJ9sw,2026-08-13 07:23:45,269133,5465,125,119.86,120.11,0.11,1
oG8kVYN16Hk,UCrR_fhiJjoW8OJFzUcmlMMA,2026-07-12 02:00:34,8028,65,34,119.99,120.24,0.01,0
oGEMNBpKxa8,UCS-X1uBDTNwAYyydiXjcX9A,2026-08-18 07:00:12,46219,400,142,119.76,120.01,0.01,0
oGH8FuRdfCE,UCPI40-XQA9-GBGj2k8PPqfg,2026-07-19 08:50:11,39039,665,54,119.91,120.16,0.09,0
oGKk3V2QOlc,UC0aKwoKNeqBaUwiEXmkQaGQ,2026-08-11 10:30:38,35672,736,422,119.99,120.24,0.01,0
oGR91LImyRk,UCKVt3arMXfa6XZezR1UnjqQ,2026-08-18 09:00:20,11262,122,8,120.0,120.0,0.0,0
oGRWAh0a0jk,UCV7WE8I_UiAN0fa6Arezx_w,2026-08-18 21:00:09,20,0,0,119.76,120.01,0.01,0
oGW7M01spHo,UC783XWULPW-nDGv_0EYlB6Q,2026-07-11 13:09:22,46563,691,87,119.84,120.09,0.09,0
oGdMsbqt8Fw,UCJDXc9JWCZo-nLNKr_-L2Ng,2026-08-04 19:26:13,3997,119,7,119.82,120.07,0.07,0
oGfii8slChM,UCIzbqIyEUxtFLYh_sCDoXpw,2026-07-31 15:00:25,152151,1573,54,119.99,120.24,0.01,1
oGiHafFPpKs,UCi8fe6P0_tLeZ1r31wOydvw,2026-08-26 04:00:25,7338,20,3,119.75,120.01,0.01,0
oGthiuv-pWM,UCzVXdulvpgEoI8yuFMmhxJw,2026-08-17 13:15:19,16438,727,52,120.0,120.0,0.0,0
oH96rywp2L0,UCw1DsweY9b2AKGjV4kGJP1A,2026-08-16 08:03:31,53808,202,52,119.95,120.2,0.05,0
sbZkl8RDhug,UCAVR6Q0YgYa8xwz8rdg9Mrg,2026-08-12 03:30:09,59011,4285,50,120.0,120.0,0.0,1
sb_7BnOdgrA,UCcum1rCJ5GJeQ_xv0xrohqg,2026-07-29 03:58:10,132025,3120,383,119.78,120.03,0.03,0
sbbLR40so6E,UCJDXc9JWCZo-nLNKr_-L2Ng,2026-08-05 19:30:10,2297,99,5,120.0,120.0,0.0,0
sbhAWYXPURw,UCqVkQsNin4MdGFrWvzFVOKw,2026-08-18 01:49:11,8904,234,3,119.93,120.18,0.07,0
sboWdilPHKQ,UC4VWaR3R17Ruc7j1Cy1-PKQ,2026-07-19 09:51:39,1022,5,2,119.89,120.14,0.11,1
sboo1OKawgs,UCKVt3arMXfa6XZezR1UnjqQ,2026-07-27 22:00:24,3874,45,3,120.0,120.0,0.0,0
sc0uU_em30Y,UCpcTrCXblq78GZrTUTLWeBw,2026-07-31 02:30:35,107194,1714,246,119.99,120.24,0.01,0
sc9WCl2-y-M,UC-DpK48x4bltMjHHChZ4zBg,2026-08-27 13:56:24,14725,36,8,119.82,120.08,0.08,0
scxmPIYH-2E,UC-FiQR2gg8oiNw98ZdsSX6Q,2026-07-29 14:15:25,368,7,0,119.99,120.24,0.01,0
sd22RQmmzjg,UCFHUplScMiWTjJrtv4hxWmg,2026-07-25 07:16:39,35145,179,24,119.98,120.23,0.02,0
sdHMpxX3DuQ,UC8FErYSi74YwGUAoTpjvgzQ,2026-07-14 09:18:39,43033,667,11,119.94,120.19,0.06,1
sdKwlRZ8Gbg,UCtIbfg_6gjbdFqCqAiUcqyQ,2026-08-21 08:00:09,57119,863,32,119.76,120.01,0.01,0
sdf_XC2vXto,UCPN9TrChCye1s97iEUOsIeA,2026-08-24 11:04:32,1264,11,1,119.93,120.18,0.07,1
sdglOlZ2cvc,UCyoSQyaCrZHro6F_nBiXIYg,2026-08-08 14:02:40,165718,1193,173,119.96,120.21,0.04,0
sdwcwNSNP3c,UCRE-9quk3OT2OKgZFAgdN_g,2026-08-26 16:05:29,1644,16,2,119.92,120.17,0.08,0
se73uVij10E,UC86GXx7Ap-Cahlb0r0xT-ZQ,2026-08-16 12:00:24,40284,385,6,120.0,120.0,0.0,0
seJqFhH5Mng,UCc1VJX_5Z2RdGi58XU4IfbA,2026-07-25 15:20:11,53630,293,2,119.92,120.17,0.08,0
seV3nxkLXYs,UC1dG3vI9FfHnH3YgyeKUz_A,2026-07-23 15:05:45,267634,1306,453,119.91,120.16,0.09,0
seXKRPTCpkU,UCBY9rOZPo0fLE45mOV0s0cw,2026-08-07 17:04:43,227,1,0,119.92,120.17,0.08,0
seo4DvPWHls,UCt8CJiye87FMbEwt0npPMuQ,2026-08-17 13:00:36,3614,147,2,119.99,120.24,0.01,1
seqYnRSQ8mY,UC8aCmG_y4DqqVI9Xlcym1Jg,2026-07-23 19:50:05,106,7,0,119.92,120.17,0.08,0
sesCgYudffc,UCb5NLtXAsTBrmaZVhyFa-Wg,2026-07-26 13:30:14,63459,275,34,120.0,120.0,0.0,0
sesJOPWEZLo,UCrY2B2XX41ReYh9DIWrFfCg,2026-07-21 09:41:40,2411,,4,119.81,120.06,0.06,0
sf9eoPbglLA,UCrY2B2XX41ReYh9DIWrFfCg,2026-08-19 09:25:26,3777,,2,119.84,120.09,0.09,0
sfQeC4cXzBg,UCcum1rCJ5GJeQ_xv0xrohqg,2026-08-11 04:02:33,15470,964,19,119.96,120.21,0.04,1
sfXQXogmXCg,UCBmPfbqvGwTTfrV-H_UOfdw,2026-08-20 01:40:47,122544,2036,103,119.83,120.08,0.08,1
sfZ2FuBrVFU,UCm1JuixwDoQEDi5RfcRuHJg,2026-08-09 03:56:03,33035,1197,47,119.82,120.07,0.07,1
sfl4dDlREDU,UCHK-FRuAjk8g798dD7L7xqA,2026-07-29 03:05:12,138995,1906,35,119.92,120.17,0.08,1
sfnTx6MHukc,UCoSniqkitCpxlHrQd5L8A1w,2026-07-13 12:32:14,16176,45,2,119.96,120.21,0.04,1
sfv8vfQDCYw,UCt8CJiye87FMbEwt0npPMuQ,2026-08-26 19:48:28,43204,859,32,119.95,120.21,0.05,1
sfxYz8bc6qM,UCJDXc9JWCZo-nLNKr_-L2Ng,2026-08-08 14:47:42,1760,77,7,119.96,120.21,0.04,0
sg-m3EJ-AM0,UC5Yx9RlmznXDUEIrfoSqheA,2026-07-26 22:11:51,7827,50,3,119.8,120.05,0.05,0
sg6pYTGn2I0,UCoSniqkitCpxlHrQd5L8A1w,2026-08-13 20:27:50,991,9,0,119.79,120.04,0.04,0
sg7LL0w0zt0,UCPGl9DV2WUgaqGVXtVrhJWQ,2026-08-05 15:00:01,22,0,0,120.0,120.0,0.0,0
sgPEZJzf0fU,UC_8GOc5dWX2Kpb74_nQ7vSQ,2026-07-23 09:00:32,95486,4320,426,120.0,120.0,0.0,0
sgQdGR9Pbk8,UCOTJtP0Z9DjpPU43B5m1V6A,2026-08-31 09:47:37,538549,1495,97,119.97,120.22,0.03,0
sgSG_o43iVw,UCaMV-CjrWYh2Aefg_8iLwJQ,2026-08-30 14:13:34,66926,90,31,119.79,120.04,0.04,0
sgzTL7QzxX4,UCk5mlvpbj8CZxD229CpiouA,2026-08-04 13:00:34,4442,176,12,119.99,120.24,0.01,0
sh-CVwtgaIA,UCZ-UuK86Bk5sGzQQ2cEglJQ,2026-08-31 08:24:19,335413,4236,95,119.86,120.11,0.11,0
sh8-HQTrzl4,UCGi94VU356EAvQLgODywyrA,2026-08-21 20:26:50,3952,72,0,119.81,120.06,0.06,0
shQ-rlljN5g,UCab17MxxnFtAhGsJVTkSkCg,2026-08-20 11:24:36,1845,22,1,119.85,120.1,0.1,0
shQXMzo8Nnc,UCPuD5ZRQWa_JCaY5NokNhtg,2026-07-31 10:22:24,449,6,4,119.88,120.13,0.12,0
sh_J19fD7hY,UCdoTrHNHnoRbaQenxK5PEUg,2026-07-12 03:25:22,16,0,0,119.83,120.08,0.08,0
sheL0FDJTmY,UCHbz27HAkCIQNw_G2Pa7XVg,2026-08-05 06:00:29,27912,434,16,120.0,120.0,0.0,1
shiUP99NCQw,UCjOtzpfj5lF9erwTEQYkxtQ,2026-07-24 03:00:21,50975,1031,41,120.0,120.0,0.0,0
shzqowzcj-w,UC1sELGmy5jp5fQUugmuYlXQ,2026-08-13 15:00:17,910586,35007,824,120.0,120.0,0.0,1
si0P5HmONAE,UC3pTpoDKt17IrCDH60kSNPA,2026-08-04 02:22:49,425,18,3,119.87,120.12,0.12,0
si4Sa9Yt8RM,UCPuD5ZRQWa_JCaY5NokNhtg,2026-08-01 04:10:07,414,4,2,119.83,120.08,0.08,0
siLhxp26oF8,UC3DYSay178fMMPaf3zHwECA,2026-07-18 04:15:06,7599,321,35,120.0,120.0,0.0,0
siQiyRwXHWU,UC8Xz3BKjDvQk7lKhH7Hi9nA,2026-08-08 01:36:05,20584,165,54,119.9,120.15,0.1,0
siVy0PcJjfA,UCKrprPfevcAZpPuRnCO6xOA,2026-08-14 09:30:10,1804,9,9,120.0,120.0,0.0,0
sikdCORJCxQ,UCCd3jyJmOFzkJEMj5Bp89rw,2026-08-17 14:49:41,15666,708,25,119.93,120.18,0.07,0
siku2UMasO4,UCdK9h1ILxS49c2LguBUY3rw,2026-08-02 10:45:03,179,1,4,120.0,120.0,0.0,1
simCBL716Zc,UCIKORyfTZ0cN-u0hrxHcgUw,2026-08-15 07:01:06,247,3,0,119.99,120.24,0.01,0
sioMm_O6cQg,UC2NFRq9s2neD_Ml0tPhNC2Q,2026-08-18 02:30:00,170593,2664,228,120.0,120.0,0.0,0
sj1aFp7ld-w,UCaN1Qp37sHiCdQuSaXa3fVw,2026-08-22 10:47:30,60093,,36,119.97,120.22,0.03,1
sjJEkHpfujE,UCfcfymsN3OMo2cfmbpGTanw,2026-08-01 08:00:03,27408,211,71,120.0,120.0,0.0,0
sjbiUGoRLBk,UCt8CJiye87FMbEwt0npPMuQ,2026-07-19 14:15:34,3543,85,8,119.99,120.24,0.01,1
sjwzbW5WOzo,UCLHwMFguUxHVSk91vzicEJw,2026-08-07 07:56:46,34811,423,65,119.81,120.06,0.06,1
sk-Z6IAylBs,UCifCesg-EUkjKyQedaB3hRg,2026-08-09 22:16:26,28101,709,14,119.98,120.23,0.02,1
sk5xJatXO00,UCJDXc9JWCZo-nLNKr_-L2Ng,2026-08-08 17:53:17,6391,123,7,119.86,120.11,0.11,0
skEzd1h6tqQ,UCTNyl3P7q6PNhPddh6d7WJQ,2026-07-28 22:00:05,2403,6,2,120.0,120.0,0.0,1
skM9hyIGET0,UC2yOBpLVwB7kzt9C5ZPbB7w,2026-07-28 12:00:20,60186,793,23,120.0,120.0,0.0,1
skPOrm9P-N8,UCBtJuwDt6LlXp2YASC-ZMdA,2026-08-16 03:00:35,1482,2,0,119.99,120.24,0.01,1
sk_6a4YDx2Y,UCc1VJX_5Z2RdGi58XU4IfbA,2026-08-07 14:10:56,42625,209,0,119.82,120.07,0.07,0
sksYLMP8C4M,UCV6mNrW8CrmWtcxWfQXy11g,2026-08-11 23:04:19,32374,687,7,119.93,120.18,0.07,0
skto6FC2bbM,UCYS2NvZlSjrxZfnn1v7b3QQ,2026-07-22 16:05:21,2,0,0,119.91,120.16,0.09,0
slNa0kpqh24,UCqIwPYLfMd3EoWYwvyTjPnA,2026-07-30 07:00:16,89465,459,31,120.0,120.0,0.0,0
slO8i9MbCdg,UC783XWULPW-nDGv_0EYlB6Q,2026-08-17 09:30:35,244755,5946,25,119.99,120.24,0.01,1
slaW9qiTRVA,UCTUnpbuKoOODvhLhCO_kO_A,2026-08-16 08:00:26,1266,18,5,120.0,120.0,0.0,0
slc_GIwpB3E,UCPGl9DV2WUgaqGVXtVrhJWQ,2026-08-30 14:03:55,2,0,0,119.95,120.2,0.05,0
slhm4S1QGOw,UCKttwyzsHvW7bCo7YfTacVQ,2026-08-13 18:26:50,1073,21,0,119.8,120.06,0.06,0
sli5NPGMwNU,UCAl4HWznMn7KhKBRFO5eiFA,2026-07-31 04:00:04,1530,30,6,120.0,120.0,0.0,0
slr1JjFLv2I,UCjk9szhhsAO76PdH450mZNg,2026-08-17 09:04:19,68,4,2,119.93,120.18,0.07,0
slrPyHzEzGU,UCi1Tln5CFg1yExpz8djyxjA,2026-08-18 23:48:25,143045,7936,63,119.95,120.2,0.05,1
slrfxvBVsgM,UC2yOBpLVwB7kzt9C5ZPbB7w,2026-08-22 13:00:07,63474,970,30,119.76,120.01,0.01,1
slxVWy2EOS4,UCpn9dP1b5BhBsU9SduEz1hA,2026-07-28 16:15:13,22191,386,11,120.0,120.0,0.0,0
sm3SBw7HUkw,UCt8CJiye87FMbEwt0npPMuQ,2026-07-23 17:00:27,3731,126,21,119.99,120.24,0.01,0
smb3IbuHmx8,UCS-X1uBDTNwAYyydiXjcX9A,2026-08-27 03:57:41,1405,11,2,119.8,120.05,0.05,1
sn2iHaAziTI,UCt8CJiye87FMbEwt0npPMuQ,2026-08-04 13:00:00,16155,681,33,120.0,120.0,0.0,0
snLVT__0Zio,UCuXE-MdbuaZcPt_2J2kSsSQ,2026-07-25 12:40:01,1502,10,5,119.83,120.08,0.08,1
vK7k8z_JLiw,UCUPa-gJcbYG9Ql8b9H9FBbg,2026-08-16 00:00:35,3619,43,6,119.99,120.24,0.01,0
vKAl1oGJnU0,UCKVt3arMXfa6XZezR1UnjqQ,2026-07-26 09:00:33,3886,40,7,119.99,120.24,0.01,0
vKJ1-AL-XFM,UCCiKOocVSjyb2rsbL_Aanhw,2026-07-23 03:54:03,18707,92,43,119.85,120.1,0.1,0
vKd_yDFTaAM,UC8aCmG_y4DqqVI9Xlcym1Jg,2026-08-28 11:38:43,34504,318,36,119.87,120.12,0.12,0
vKsMFY65ZXg,UCim7oePrB5hdfhcYwgUY6Jw,2026-08-16 13:00:12,11951,67,24,120.0,120.0,0.0,0
vKskSxMvoHw,UC6YqXiwCBfPvPTs3wXgWElQ,2026-07-27 08:08:19,21966,109,6,119.86,120.11,0.11,0
vKuONDqnF64,UC8aCmG_y4DqqVI9Xlcym1Jg,2026-08-23 23:30:23,375,40,2,119.76,120.01,0.01,0
vL2dZt_5wDA,UCpcTrCXblq78GZrTUTLWeBw,2026-08-05 14:30:07,201374,5279,96,120.0,120.0,0.0,1
vL5EPcB7mpA,UCJNEIbzzpRl-l1iGdD2BxGg,2026-08-01 05:39:56,321,1,,119.84,120.09,0.09,0
vLLkQDN7Sks,UCvAetSOU_4lyjM5hVMNzN0Q,2026-07-25 16:40:15,187182,1485,51,119.83,120.08,0.08,1
vLMZGn_-kiM,UCI4wEWWBEElIbp9jHcFllTw,2026-08-26 12:00:06,41934,231,23,119.76,120.01,0.01,0
vLUYRl0MDJ8,UCOTJtP0Z9DjpPU43B5m1V6A,2026-08-28 13:00:37,142214,337,67,120.0,120.0,0.0,0
vLW4ZUCKBeg,UCB4gIGaPUiLtpPreFSf8fKQ,2026-08-02 11:00:11,2206,32,11,120.0,120.0,0.0,0
vLle1_osq-I,UC5RxNUZ9_c94ZEfJGnJZmTw,2026-08-20 12:00:22,1907,60,13,120.0,120.0,0.0,0
vM1gdYV0ewQ,UC2yOBpLVwB7kzt9C5ZPbB7w,2026-08-21 10:00:24,59222,1171,55,120.0,120.0,0.0,1
vM2D576C5G0,UCw1DsweY9b2AKGjV4kGJP1A,2026-08-24 08:02:28,125556,542,271,119.98,120.22,0.02,0
vM330k0oIqY,UC72PuhDwKtZ5MikpGNhPAtA,2026-08-04 23:28:26,246349,7684,277,119.78,120.03,0.03,0
vMA86KL4FBc,UCyoKcrOcBEY4rmLYkDuXErA,2026-08-30 10:00:06,147929,1508,179,119.76,120.01,0.01,0
vMAimGuCg5c,UCwBkHOTyu57NQi0syf5MLig,2026-08-25 10:00:27,256883,1420,144,120.0,120.0,0.0,1
vMG3OscQrGY,UCPuD5ZRQWa_JCaY5NokNhtg,2026-07-30 14:55:47,1073,8,5,119.82,120.07,0.07,0
vMZOiXY1Q-w,UCCs1YZHxUTIbLZd-xrvvMCw,2026-07-21 09:00:21,65276,1328,78,120.0,120.0,0.0,0
vMhvJ47J_D4,UCJJZkVUNIxq8XNDzHiAD-eQ,2026-07-23 04:15:03,73174,494,416,120.0,120.0,0.0,0
vMrItvILROk,UCZ49HaU_D0Tlf1aDA2jU_Vg,2026-08-27 15:55:15,58815,182,60,119.84,120.09,0.09,0
vMtQO-P6l4M,UCAl4HWznMn7KhKBRFO5eiFA,2026-08-05 06:39:31,68299,411,53,119.84,120.09,0.09,1
vN4iOApetlE,UCc1VJX_5Z2RdGi58XU4IfbA,2026-08-20 14:07:40,50527,301,0,119.88,120.13,0.12,0
vNK-0rB_viY,UCe9jDZNCsC4sH-Ln2Fn99FQ,2026-08-02 13:34:58,10,1,0,119.92,120.17,0.08,0
vNM8bQw5pQw,UCV7WE8I_UiAN0fa6Arezx_w,2026-08-02 21:00:15,26,1,0,120.0,120.0,0.0,0
vNbURTU9CeE,UCBTsPtRCh6ln3IRQFjhjh1A,2026-08-07 09:00:32,180405,1109,109,120.0,120.0,0.0,0
vNizfkCsDiU,UCp6n8d8Y8r3MwKNw_MMaouQ,2026-08-29 11:36:21,5170,124,0,119.91,120.16,0.09,1
vO2R53Z9tk4,UCV7WE8I_UiAN0fa6Arezx_w,2026-07-26 14:00:26,106,0,0,119.99,120.24,0.01,0
vO4ZSNkeWYs,UCSzHok6X5qXEO7cjvVnE62g,2026-07-21 08:00:02,43873,243,30,120.0,120.0,0.0,0
vOCg6Awj9xs,UCta3D5-EYqO-pduQLxQ8mNQ,2026-08-06 03:00:09,9297,82,8,120.0,120.0,0.0,1
vOF_Btlh8s0,UCi5yzN6jpdz2akGTm-mJSKQ,2026-07-26 12:22:39,681,27,7,119.87,120.12,0.12,0
vOKjr8dAwHQ,UCv1tOT645xHOJrwdGlzjMaA,2026-07-14 02:00:01,7876,141,47,120.0,120.0,0.0,0
vOSJCHj3bZY,UCAl4HWznMn7KhKBRFO5eiFA,2026-08-11 10:00:27,9361,48,3,120.0,120.0,0.0,1
vOTsqJ8a0ts,UCFCt5RYu41HTg4eX1jdHNxw,2026-08-03 23:07:12,1260,15,0,119.88,120.13,0.12,0
vOnY_gGhmTM,UCWZqSCSNZT3X8e_HyCJoXMg,2026-08-07 12:52:53,19458,941,14,119.87,120.12,0.12,1
vOuN1jVvgDg,UCb5NLtXAsTBrmaZVhyFa-Wg,2026-08-18 13:30:22,44633,103,5,119.76,120.01,0.01,1
vP0PAEoZxYk,UCAGUSx1hbPKDqzBZH7bTjiA,2026-08-23 04:00:29,326003,4236,3103,119.76,120.01,0.01,0
vP6AJ0nZ0Ew,UCTDBdmaY4m3ipZaLiYA6FWg,2026-08-20 07:55:50,13976,65,20,119.82,120.07,0.07,0
vPHNMVfByf0,UC3pTpoDKt17IrCDH60kSNPA,2026-08-20 07:03:40,1807,19,4,119.94,120.19,0.06,1
vPHPwPjlrcc,UC1dG3vI9FfHnH3YgyeKUz_A,2026-08-24 13:11:50,175486,1018,99,119.81,120.06,0.06,0
vPIsuji-WDk,UCS-X1uBDTNwAYyydiXjcX9A,2026-08-21 07:05:27,19947,278,93,119.92,120.17,0.08,0
vPVeZCjQ3kA,UCFrKhWvZ8oeJQTNP5ZabgJw,2026-07-26 04:04:24,233371,1822,358,119.93,120.18,0.07,1
vPb_ftvVdos,UCaY7wcqhFb_c2eQ1eRB8rOQ,2026-08-05 09:00:36,14702,353,70,119.99,120.24,0.01,0
vPcIzmVlJyM,UC7wtTnMorJi_d93lb_P2Xow,2026-08-11 06:00:03,136951,797,159,120.0,120.0,0.0,1
vPft_TVbEEI,UCV6mNrW8CrmWtcxWfQXy11g,2026-08-10 14:00:23,774899,43083,221,120.0,120.0,0.0,1
vQ3ra-MYJ_Q,UCKrprPfevcAZpPuRnCO6xOA,2026-07-22 09:30:00,905,7,4,120.0,120.0,0.0,0
vQ5Q-dD87Zg,UCepHesz_5Lwr7qRaqjB-p1A,2026-07-13 06:00:17,10761,370,87,120.0,120.0,0.0,0
vQ9u3r8n5kk,UCTVkjiEiaiSbEq0Qwd5XTPA,2026-08-19 05:28:53,10280,384,35,119.78,120.03,0.03,0
vQEiToa6yPc,UCxPMcxq7WJ32M3lnFn58Cpg,2026-07-24 11:27:18,6829,23,10,119.8,120.05,0.05,1
vQMqqSH1Cl8,UCab17MxxnFtAhGsJVTkSkCg,2026-08-21 13:38:08,1786,25,2,119.88,120.13,0.12,0
vQPugtDYRa0,UC4P7F8qenDo1O_5NvgBb_cg,2026-08-09 02:30:17,83167,779,48,120.0,120.0,0.0,0
vQSDl9bxNIQ,UCAVR6Q0YgYa8xwz8rdg9Mrg,2026-07-31 13:40:23,55764,2359,89,119.83,120.08,0.08,0
vQjohsGWEzs,UCoH2pCzAr6zWDG-LtUiLWRw,2026-08-27 22:00:38,56358,434,67,120.0,120.0,0.0,0
vR6BNVOaQvA,UC6JTm9ObvQFuTEOxOsbmYwA,2026-08-20 09:00:13,27653,647,54,120.0,120.0,0.0,0
vRA0gSBXZ5M,UC3hqiw3lZAXaMwhQvMGZkdw,2026-07-18 13:15:02,2613,25,18,120.0,120.0,0.0,0
vRVWJX_9iNM,UCnkytUgy0CtWd06up9CjNxg,2026-07-30 11:00:07,80551,1287,43,120.0,120.0,0.0,0
vRisIhlM4zc,UC3RzmV2LX3AmWhZVx0A7u0A,2026-08-07 07:00:32,56825,1342,63,119.99,120.24,0.01,1
vRrk9jMgUSE,UCAenntxQB3F7AH637vySglg,2026-08-15 12:14:58,262,4,5,120.0,120.0,0.0,0
vRwjkKw1mRY,UCEcRvF_6IRSux8FO-ogFZug,2026-08-28 08:00:15,29511,1283,68,119.76,120.01,0.01,1
vSDpxzsdxHU,UC4VWaR3R17Ruc7j1Cy1-PKQ,2026-08-11 20:38:06,297,8,2,119.87,120.12,0.12,0
vSKRswoJmAM,UCNRnCc0hg3ZcKdOGXKKv5Ww,2026-08-30 14:21:33,11254,42,0,119.9,120.15,0.1,0
vSXidUcHhMs,UCEg24oF81p-THPtp3otdmTA,2026-08-19 08:00:05,49198,1018,73,119.76,120.01,0.01,0
vS_0iXpNNgo,UC783XWULPW-nDGv_0EYlB6Q,2026-07-10 09:30:22,112107,2588,28,119.26,123.11,0.74,1
vScNOfQ0AgQ,UCjUnlBpn0Z1L450g79fniRg,2026-08-27 02:18:33,2843,6,2,119.95,120.2,0.05,0
vTIuPGNmUB8,UCa2liSwjQST4AGcg6LFQakQ,2026-07-23 04:00:36,1740,2,0,119.99,120.24,0.01,0
vTdqVidaxg4,UCpn9dP1b5BhBsU9SduEz1hA,2026-07-15 17:16:01,14665,187,12,119.98,120.24,0.02,1
vTgffDrmfc0,UCZ6mNZTiTUrUSbSYPlclI4A,2026-08-05 09:52:20,22910,657,12,119.88,120.13,0.12,1
vTokY4w3tHs,UCpcTrCXblq78GZrTUTLWeBw,2026-07-10 21:25:09,167054,3666,3,119.83,120.08,0.08,0
vTsYYKfgxvs,UCFHUplScMiWTjJrtv4hxWmg,2026-07-25 07:16:29,32055,277,20,119.98,120.23,0.02,0
vU12DYhmhYc,UC8x8GQmlxAIhHxzU61z0uLQ,2026-08-18 14:00:19,5035,39,20,119.76,120.01,0.01,0
vU4ALIQfukQ,UCEg24oF81p-THPtp3otdmTA,2026-08-24 09:00:05,77973,2443,168,119.76,120.01,0.01,1
vU6579sf7ks,UCxtZZzggcfOmsW99gYkxsNA,2026-08-05 05:59:28,4123,44,8,119.76,120.01,0.01,0
vU78GYEdW50,UCKVt3arMXfa6XZezR1UnjqQ,2026-08-21 09:00:00,2655,37,4,119.76,120.01,0.01,0
vUIrsQ-g4Bc,UCPsZX-D7LW99PjZLA-UysPQ,2026-08-14 03:00:19,156,2,0,120.0,120.0,0.0,0
vUgX7PB3peI,UCwM82cUqM87k4tnCTZxbTqA,2026-07-31 11:18:06,25852,209,45,119.95,120.2,0.05,0
vUnaBeQQptE,UC-FiQR2gg8oiNw98ZdsSX6Q,2026-08-31 01:00:25,1359,8,0,119.76,120.01,0.01,0
vUpQoWqkVNs,UCNOj6xtKWCtPbjJV8XPlbLg,2026-08-10 12:18:01,18608,182,49,119.95,120.2,0.05,0
vV9jCFaDglc,UCJmnOEp1-OITEU0mk4icM5A,2026-08-14 03:00:26,63560,716,49,120.0,120.0,0.0,1
vVAiZlrOGto,UCKC4R6B8bTLIKH1V9PyD7Iw,2026-07-24 09:00:30,36086,336,102,119.99,120.24,0.01,0
qo5lmlPkkwM,UCos3GN2gX0wLcfuhOAiMotQ,2026-08-12 10:25:46,42687,423,61,119.82,120.07,0.07,0
qo6qatvSu-4,UCl-VnCUwSxDr5zPu-YlDUYw,2026-07-25 08:00:39,122824,2516,63,119.99,120.24,0.01,1
qoEx1F37KDY,UCV7WE8I_UiAN0fa6Arezx_w,2026-07-25 06:13:28,101,0,0,119.78,120.03,0.03,0
qoM4vNRUqes,UCAaLhok91QDrweyuDRsmjqQ,2026-08-14 11:02:48,162440,773,146,119.96,120.21,0.04,0
qoPkPajqDug,UCVWAdUQGUiY2Kzh0JoB5PtQ,2026-07-29 09:00:02,2067,10,2,120.0,120.0,0.0,0
qoQu_9RQ6R0,UCPv0av3PfTUeTnHGgcXkk8w,2026-08-29 23:59:46,12,0,0,119.76,120.02,0.02,0
qoh0Ui6nVhw,UCV7WE8I_UiAN0fa6Arezx_w,2026-08-22 16:00:06,25,0,0,119.76,120.01,0.01,0
qouhByBNMbA,UC-S8JFhLkQ5enhB70c2CYIw,2026-08-11 11:00:32,140557,3197,431,119.99,120.24,0.01,0
qovJe5jw19g,UCab17MxxnFtAhGsJVTkSkCg,2026-07-22 12:22:01,548,13,0,119.89,120.14,0.11,0
qowunO_54yg,UC9vz3TBChrJmYbzUo-rqfSg,2026-07-25 00:48:51,7213,87,12,119.94,120.19,0.06,0
qozHdJvvpF8,UCvrxJgD0T_TFvgsO2nA-fDQ,2026-08-11 19:09:05,103096,1621,374,119.85,120.1,0.1,0
qp2wyeAEysE,UCwBkHOTyu57NQi0syf5MLig,2026-08-07 17:41:04,21211,142,35,119.82,120.07,0.07,0
qpAhfDqFfS0,UCmiTZyj9GwMjyznZxrgCH4Q,2026-07-31 13:46:06,7216,127,7,119.98,120.23,0.02,0
qpF1OIClHHE,UCq0fwcojiA7ztN0FgTEgfXA,2026-08-08 02:06:44,77,0,0,119.89,120.14,0.11,0
qpQL26b7BYg,UCkrJBQAut47U8xMUuv8D_3g,2026-08-14 03:41:44,14079,345,15,119.81,120.06,0.06,1
qpSC1ywKtuA,UCroIk85IFzp6OZzKoJFDKuA,2026-08-11 08:30:49,1202,7,0,119.99,120.24,0.01,0
qpTC_J9qYww,UCah0w9n_eAyjUBG7eHbj8vw,2026-08-21 03:50:09,100472,1706,480,119.93,120.18,0.07,0
qpWdwUR-7uE,UC_E_qYfGKM3C0kqrp1p8z7Q,2026-08-31 19:00:02,1187,40,2,119.76,120.02,0.02,1
qpaLIL7za6Y,UC2_VPutZK0o_tG8ca_QrQRA,2026-08-04 12:18:34,29953,,48,119.94,120.19,0.06,0
qpdZr8d_fvk,UCnju7ULBic4VgkCfDvVXCnA,2026-08-19 22:56:15,2721,114,0,119.82,120.07,0.07,0
qpfgrlhFF9w,UCarBV0zWlC2k-HteyeKqfag,2026-07-29 14:43:35,160,20,1,119.78,120.03,0.03,0
qpmAqq9YOIo,UC-aXNBQ6nwMNeW2V8XB7sBg,2026-08-29 01:00:10,201275,1691,52,119.76,120.01,0.01,1
qq76pQsI1iw,UC6VcWc1rAoWdBCM0JxrRQ3A,2026-08-06 12:00:25,4067371,304146,25485,120.0,120.0,0.0,1
qq7cVh41ojs,UCOMVY7jsl569k0UYXWv3OgQ,2026-08-05 12:11:21,30,1,1,119.81,120.06,0.06,1
qqGeywdbfio,UCdcjduaR6hyGHVNmpbJzSsw,2026-07-25 01:14:24,1660,17,2,119.76,120.01,0.01,0
qqMRomZMQIc,UCpwGBltfwjd_fIzp5cb5R0w,2026-08-02 00:30:19,279294,2233,302,120.0,120.0,0.0,1
qqMk8QDzhns,UCNRnCc0hg3ZcKdOGXKKv5Ww,2026-08-06 09:15:37,7273,95,29,119.99,120.24,0.01,0
qqixCc07ziQ,UCifCesg-EUkjKyQedaB3hRg,2026-07-24 00:37:29,10091,113,14,119.88,120.13,0.12,0
qquc34lvvqQ,UCQfISxq5legTqOt1h1us6lg,2026-08-08 19:43:03,2797,6,0,119.79,120.03,0.03,0
qr-L1ypk0Q8,UCbFLnCfOet-u_kFyA7uX-9Q,2026-07-26 07:50:14,41693,836,458,119.91,120.17,0.09,0
qr1VPAHLUV8,UCcgkgKhXT6QwdGj9Nr8PBcg,2026-08-09 09:21:45,147536,915,45,119.89,120.14,0.11,0
qrKZEJHjIrI,UC1Ns07Rw0lQK-KuaPHfRRTw,2026-07-17 15:19:13,13,0,0,119.93,120.18,0.07,0
qrLWOoWcb4c,UCWwbZhw5M-Q5dZtTK4nDWNw,2026-07-23 03:00:28,167730,2412,33,120.0,120.0,0.0,0
qrMSc7X3w2A,UCBS4sjbGJIcclT-Y6i_Jzkg,2026-07-29 20:51:42,29038,2387,69,119.89,120.14,0.11,1
qrPVpQrlsk8,UCifCesg-EUkjKyQedaB3hRg,2026-08-15 23:33:09,51633,1557,42,119.95,120.2,0.05,1
qreNFHQfSvM,UCV6mNrW8CrmWtcxWfQXy11g,2026-08-02 22:00:32,58575,3111,61,119.99,120.24,0.01,1
qrkT-M73HMU,UCdK9h1ILxS49c2LguBUY3rw,2026-08-27 21:41:13,32,6,0,119.82,120.07,0.07,0
qsOEcLaGmnI,UCv1tOT645xHOJrwdGlzjMaA,2026-08-19 13:25:21,18350,146,19,119.84,120.09,0.09,0
qsP2bClfEhY,UCwfbSsZ7_sccxcibe60mWlQ,2026-08-22 03:00:31,18821,68,12,120.0,120.0,0.0,0
qsk7eZw8dtc,UC9qwDE50UcXvdplRNZKEoPA,2026-08-14 14:22:41,7026,113,41,119.87,120.12,0.12,0
qsoDJMB_5us,UCpX86JOUhnrzG7MK8e8Gjbw,2026-08-05 05:20:11,56071,308,252,119.92,120.17,0.08,0
qsqfIkxL3Jo,UCBidluUUxzT_5jVOI_2x2MQ,2026-08-07 03:00:11,1576,10,0,120.0,120.0,0.0,1
qszCwLL0mD4,UCHoo90P0hvh2rrbGvX53G0A,2026-08-18 22:27:15,1880,51,1,119.81,120.06,0.06,0
qt26tVtuoIU,UCN9VGDvz2M3vdR0czEUp6lQ,2026-08-02 22:00:28,2744,45,47,119.99,120.24,0.01,0
qt7R-unKRRg,UCc1VJX_5Z2RdGi58XU4IfbA,2026-08-15 06:30:20,465,9,0,120.0,120.0,0.0,0
qtFiqFBJhTI,UCV7WE8I_UiAN0fa6Arezx_w,2026-08-27 08:00:11,136,0,0,119.76,120.01,0.01,0
qtNrdCspLmc,UCcHVk5SFxfYhCbbX8pWWuVg,2026-08-10 09:00:12,10464,91,19,120.0,120.0,0.0,0
qtWv1Qnt_8o,UC_8GOc5dWX2Kpb74_nQ7vSQ,2026-08-14 09:00:14,90501,2771,155,120.0,120.0,0.0,0
qtXbS6qmqVQ,UCOTJtP0Z9DjpPU43B5m1V6A,2026-07-23 05:10:12,916472,4490,278,119.83,120.08,0.08,0
qtvPDzv7A6Q,UCSl8TBqqflby-ymdEQVfRNQ,2026-07-31 13:33:23,29628,649,354,119.95,120.2,0.05,0
qu-hbvsmrwk,UCkmUJzaZfP7Wsb5-89pAK4Q,2026-07-24 07:55:06,1091,28,0,119.84,120.09,0.09,0
qu0MSumdJcw,UCV7WE8I_UiAN0fa6Arezx_w,2026-08-03 16:00:32,58,1,0,119.99,120.24,0.01,0
qu7jdMLql5c,UCIzbqIyEUxtFLYh_sCDoXpw,2026-07-29 09:03:10,5843,34,13,119.95,120.2,0.05,0
qu8M29CVvPY,UCBvkOBLsSj9kusGYlroQkBg,2026-08-14 12:43:32,119402,1248,66,119.78,120.03,0.03,0
qu8TyzBQv6k,UC-8S20Ll1gzPiu_YY8BgyaQ,2026-07-20 10:00:28,122853,773,15,119.99,120.24,0.01,1
quBywTETWIs,UCUt2AEhC-OOC2EPCzj4DkCw,2026-08-29 23:00:06,108762,1791,45,119.76,120.01,0.01,1
quLa5GzTy-o,UCBvKuSAkXERBnGSQOH0Sarw,2026-08-04 18:55:01,9095,88,1,119.83,120.09,0.09,0
quNSlrSqyPQ,UCby0vMKcLR05ZdS90aZd5og,2026-07-21 06:19:12,3234,7,2,119.93,120.18,0.07,1
quVLs3rW1Kw,UCJDXc9JWCZo-nLNKr_-L2Ng,2026-08-15 16:46:16,2393,113,6,119.73,120.23,0.23,0
qubO61iaZcQ,UC_2x8h1QrTHOO0i4Yiss-ww,2026-08-04 23:00:04,108346,1168,22,120.0,120.0,0.0,1
queH4hbqZvI,UCp9skQ2mP_DfVL8c3gZQUzg,2026-07-23 10:01:21,29544,225,29,119.98,120.23,0.02,1
quiGmTTiXXw,UCyiKngyUPUb1bka4yFrn65g,2026-07-20 08:12:33,1123,9,0,119.79,120.04,0.04,0
qulG8eewz3U,UC2t5bjwHdUX4vM2g8TRDq5g,2026-08-24 15:00:02,114142,3727,357,119.76,120.01,0.01,0
qumH9u8-Hyk,UCQfd-b9GRBrUP0-wCqabLTA,2026-08-11 02:45:35,2012,9,4,119.99,120.24,0.01,0
qurkMcAp2i4,UCV7WE8I_UiAN0fa6Arezx_w,2026-07-19 04:00:28,85,1,0,119.99,120.24,0.01,0
qvA-qBhmm_M,UCroIk85IFzp6OZzKoJFDKuA,2026-08-14 17:27:34,968,7,0,119.79,120.04,0.04,0
qvDb3NpqHnI,UCnCH3Uhv_ynhTNKEH6ekRtg,2026-07-27 05:00:22,5018,104,19,120.0,120.0,0.0,0
qvEct3SUGeU,UCeB_ZeSo0xDL62wWlkTEtjA,2026-08-03 16:11:15,26397,236,53,119.81,120.06,0.06,0
qvIQm5TKsRM,UCrR_fhiJjoW8OJFzUcmlMMA,2026-08-12 07:00:28,6796,59,15,120.0,120.0,0.0,0
qvJU2nAlLmY,UCKYqtXYbSqaEwBmX43Q13Tw,2026-08-07 03:00:10,3401,17,5,120.0,120.0,0.0,0
qvSKFVUlSds,UCN5oT4zGJX-_H6pE5isAEeg,2026-08-21 03:00:22,116100,2727,81,120.0,120.0,0.0,1
qvUSn_u6H5s,UCaMV-CjrWYh2Aefg_8iLwJQ,2026-07-31 04:00:11,357653,3058,87,120.0,120.0,0.0,1
qvb8kVzoMZ0,UC60HSePkZwGFzRj6VSDa6Ew,2026-08-08 13:52:36,728,10,0,119.88,120.13,0.12,0
qvt5PSq2Mh0,UCPuD5ZRQWa_JCaY5NokNhtg,2026-08-06 06:23:20,530,9,2,119.86,120.36,0.14,0
qwBLwzcw7W8,UCS2OAdHoLt-9T6cG9A2H49Q,2026-07-26 09:01:57,17434,107,14,119.97,120.22,0.03,1
qwH33oD5K-w,UCPGl9DV2WUgaqGVXtVrhJWQ,2026-08-20 15:00:22,3,0,0,120.0,120.0,0.0,0
qwJ5gRRmLiM,UCL_IvtOZo6sONpiydbzzHpA,2026-08-26 02:09:14,47714,581,4,119.86,120.11,0.11,1
qw_VoiTfpg0,UCTbwgCCBrI-4XU8b5B0uGPg,2026-08-10 08:00:29,106615,786,70,120.0,120.0,0.0,0
qwcIJbHhAzw,UCby0vMKcLR05ZdS90aZd5og,2026-07-30 06:56:39,3997,1,2,119.81,120.06,0.06,1
qwjR6zCZ8ec,UCwBkHOTyu57NQi0syf5MLig,2026-08-17 06:00:16,99258,667,87,120.0,120.0,0.0,0
qwlM0UxYIwY,UCp6n8d8Y8r3MwKNw_MMaouQ,2026-08-19 16:45:29,2650,184,5,120.0,120.0,0.0,1
oHFrYcYoHRs,UC8x8GQmlxAIhHxzU61z0uLQ,2026-08-28 12:24:58,17420,130,0,119.85,120.1,0.1,0
oHJosOPDidc,UCqPN9LAkx20aBWOafwvQB-Q,2026-08-24 23:00:10,226924,7259,471,119.76,120.01,0.01,0
oHLCAyjxywA,UC1dHu9GhbHH7RcHKyJdaOvA,2026-08-11 05:05:11,15760,84,29,119.92,120.17,0.08,0
oHP3vW2VYoA,UCSGKRGHGqP8W11G-SxsMaOw,2026-08-04 08:12:28,27145,,146,119.79,120.04,0.04,1
oHaULBBQUsw,UCbFLnCfOet-u_kFyA7uX-9Q,2026-08-01 14:56:44,37197,626,100,119.81,120.06,0.06,0
oHezLwFqOQk,UCSzHok6X5qXEO7cjvVnE62g,2026-08-10 12:00:08,210108,2546,51,120.0,120.0,0.0,0
oHq4KsJvGCY,UCFrKhWvZ8oeJQTNP5ZabgJw,2026-08-18 07:00:08,152006,1578,215,119.76,120.01,0.01,1
oHuE0ckDvyI,UCPGl9DV2WUgaqGVXtVrhJWQ,2026-07-21 15:00:14,2,0,0,120.0,120.0,0.0,0
oI2S9IcJmW4,UCZ6mNZTiTUrUSbSYPlclI4A,2026-07-24 07:15:52,49730,1063,29,119.99,120.24,0.01,1
oI3xKCRVKJ8,UCos3GN2gX0wLcfuhOAiMotQ,2026-07-27 12:29:14,133712,1437,22,119.77,120.02,0.02,1
oIA53qqEB7Y,UCX11f6rIVaoWGvFnKKyPBNQ,2026-08-30 02:14:49,7184,181,2,119.77,120.01,0.01,0
oIChMkpRVIA,UC3gl4CHfNtAqNjju1goB0_w,2026-08-05 14:15:57,2776,28,7,119.99,120.24,0.01,0
oIHMmRpq3SE,UCkphwoGMBs2_0raLOqu9aQw,2026-08-18 12:00:35,109,2,3,120.0,120.0,0.0,0
oIllucaWbhA,UCikKJvpU0Ylua4hRW6faQRg,2026-08-30 14:00:41,21296,153,1,120.0,120.0,0.0,0
oInmTF4CI4U,UCv1tOT645xHOJrwdGlzjMaA,2026-08-13 13:30:25,187181,1198,10,120.0,120.0,0.0,0
oIvgw4ju8DM,UCjOtzpfj5lF9erwTEQYkxtQ,2026-08-27 03:00:22,58055,686,94,119.76,120.01,0.01,0
oJQvZjrMhF8,UCd6CX2LiQE2dEAPXwk2N0jg,2026-08-11 11:26:00,338333,3497,103,119.82,120.07,0.07,1
oJR3RLG2Nlo,UCxpXguPL_B5pz7Gq8ozfwlA,2026-07-25 20:43:39,12807,47,0,119.78,120.03,0.03,0
oJUF2TxjS5c,UCJDXc9JWCZo-nLNKr_-L2Ng,2026-08-17 11:00:33,2376,115,8,119.99,120.24,0.01,0
oJUgQbdmJGg,UCZPfs7xIjGmOGs9kvgGhUKQ,2026-08-26 09:59:53,252,3,0,119.76,120.01,0.01,0
oJW4SIg7VZ8,UCFrKhWvZ8oeJQTNP5ZabgJw,2026-08-29 13:08:27,303553,3752,318,119.87,120.12,0.12,1
oJYC5mqtghw,UCE8JC9RAVSudDT_8Ji1fuPQ,2026-08-18 08:45:00,226359,2623,205,119.76,120.01,0.01,1
oJcPBy1tcow,UCI6Ro_MOr36re4Bhb7nCY7g,2026-08-12 10:00:26,7595,119,19,120.0,120.0,0.0,0
oJfrK5aEkfE,UC-yb5eNBQyXBE9nZnht9u-g,2026-08-27 10:41:53,6512,283,3,119.81,120.06,0.06,1
oJxb0ZJtLjs,UCLJNL66b_LytPcZovqz5pkg,2026-08-18 15:03:44,5706,218,33,119.95,120.2,0.05,0
oKC02l2xSxo,UCDq6CfnZgtnqXEwG8tqvBfA,2026-07-26 02:19:58,0,0,0,119.92,120.17,0.08,0
oKIGAdkxt50,UCVipGmBXqbYKNODNzVCN86w,2026-08-21 14:00:20,31657,887,21,119.76,120.01,0.01,1
oKPVgq5_MnA,UCU0-6z_KU9AShyR9J6gcFGw,2026-08-27 23:04:11,882,2,0,119.94,120.19,0.06,0
oKdvBqbqDDA,UC543-TDm6IvHHZXwdSFioMw,2026-08-12 11:00:01,30639,548,53,120.0,120.0,0.0,0
oKjAo3_-XvQ,UCN5oT4zGJX-_H6pE5isAEeg,2026-07-29 12:00:39,328038,5409,1278,119.99,120.24,0.01,1
oKtOXusWTPM,UCAl4HWznMn7KhKBRFO5eiFA,2026-08-21 11:29:04,17764,136,3,119.78,120.03,0.03,0
oLHPfdIKL8o,UC-2wa6jvprl7hfCpvw0ULzg,2026-08-14 14:19:12,61767,844,375,119.93,120.18,0.07,0
oLPaRu5NxdA,UCHK-FRuAjk8g798dD7L7xqA,2026-07-25 06:35:53,134972,2369,60,119.9,120.15,0.1,1
oLRfxTbaD_c,UC-8S20Ll1gzPiu_YY8BgyaQ,2026-07-12 13:17:49,71685,501,53,119.95,120.2,0.05,0
oLaX-3lWvUQ,UCm1JuixwDoQEDi5RfcRuHJg,2026-07-31 06:21:57,27321,726,108,119.89,120.14,0.11,0
oLeiq7kyHr8,UCi5yzN6jpdz2akGTm-mJSKQ,2026-07-13 14:46:38,1168,32,4,119.97,120.22,0.03,0
oLg8Jmx132o,UCBidluUUxzT_5jVOI_2x2MQ,2026-07-30 03:00:12,2212,10,0,120.0,120.0,0.0,1
oLkt2WGYHy4,UCZ6mNZTiTUrUSbSYPlclI4A,2026-08-28 09:30:15,898,11,3,119.76,120.01,0.01,0
oLqQ85oXpK0,UCqIwPYLfMd3EoWYwvyTjPnA,2026-08-12 15:18:56,34009,305,8,119.94,120.19,0.06,0
oLrzs-hpfBI,UC4cKHOBS-nRfKFTwf1n8HGA,2026-07-23 11:46:01,3404,,4,119.99,120.24,0.01,1
oM1pci2oDK4,UCV6mNrW8CrmWtcxWfQXy11g,2026-08-23 00:00:08,147699,7439,212,119.76,120.01,0.01,1
oM5QRAQbT5s,UC8CIM3d3zDYMk-3T5aAz0yw,2026-07-10 10:11:33,950047,40628,1825,118.57,122.43,1.43,0
oME9-UeofJM,UCEcRvF_6IRSux8FO-ogFZug,2026-08-13 19:47:40,9841,381,20,119.96,120.21,0.04,0
oMEwwk-tmPk,UCSOeJWyByeoBHpmrm0NnlLw,2026-08-22 00:00:21,55147,824,84,119.75,120.01,0.01,0
oMK_Gbnegs0,UCYGF_xk5RDpltyZDSx040uw,2026-07-28 04:19:44,65473,912,45,119.92,120.17,0.08,1
oMMbire51ZI,UC0PMQXAwF6O6aeTpv962miA,2026-08-30 18:11:23,46553,912,112,119.83,120.07,0.07,0
oMbaaMSOvMA,UC5ThQKdocwo_9UurfT5P_ww,2026-08-27 13:12:46,735152,8271,118,119.8,120.05,0.05,1
oMpoNZVZ2YE,UCdK9h1ILxS49c2LguBUY3rw,2026-08-02 11:45:22,8,2,0,120.0,120.0,0.0,0
oN6m4fHSNGY,UCAl4HWznMn7KhKBRFO5eiFA,2026-07-23 11:47:13,8968,55,5,119.96,120.21,0.04,1
oNOOWXt90l8,UCmcBe97VA2LqVEQUeeZl6Ew,2026-08-24 09:00:38,118393,1119,185,120.0,120.0,0.0,0
oNV4CCCjjWg,UCPuD5ZRQWa_JCaY5NokNhtg,2026-07-22 17:54:35,1061,4,2,119.84,120.09,0.09,0
oNXE-BmVMVI,UCOTJtP0Z9DjpPU43B5m1V6A,2026-08-06 14:11:30,63743,600,7,119.81,120.06,0.06,0
oNZhDvPmv2g,UCRq3CDTZ2qe3HiHrZdQKBvQ,2026-08-26 13:00:16,1301,10,5,119.76,120.01,0.01,1
oNxOAXYm2Ts,UC4oe-OVZ2Ho-03yrMkrXomQ,2026-08-16 05:00:02,308931,5242,322,120.0,120.0,0.0,1
oO-CrIUTT_s,UCxPMcxq7WJ32M3lnFn58Cpg,2026-08-05 10:27:31,3131,20,5,119.79,120.04,0.04,1
oO4Y20gdi8k,UCnju7ULBic4VgkCfDvVXCnA,2026-08-28 22:41:40,8909,88,0,119.82,120.07,0.07,0
oOBojzuDDR0,UC-okJdotaXPlzivRzHFqzuA,2026-08-25 08:59:09,84564,981,37,119.78,120.03,0.03,0
oOKqWDzN8DM,UCyAA-Vj4ORjXl5Ui2m6_Llw,2026-08-25 09:00:08,1001,14,5,119.76,120.01,0.01,0
oOQu0teN5VA,UCV7WE8I_UiAN0fa6Arezx_w,2026-08-25 13:00:07,23,0,0,119.76,120.01,0.01,0
oOR4V6Ps8No,UCzDmGDR5RdahQkLCBoWlTEg,2026-07-21 03:00:32,15203,94,0,119.99,120.24,0.01,1
oOpjlQC9los,UCrR_fhiJjoW8OJFzUcmlMMA,2026-08-03 10:00:30,5657,57,13,120.0,120.0,0.0,0
oP2bGkdtTS0,UCqFmG6ofirSWvI9B8mwzvyA,2026-08-25 13:15:10,813,13,1,119.76,120.01,0.01,0
oP6DH7F8nHg,UCab17MxxnFtAhGsJVTkSkCg,2026-07-24 09:12:07,536,12,1,119.8,120.05,0.05,0
oP6ldAU5yd8,UCgsKeCRaBGH6JlnH6VO_7OA,2026-08-22 17:28:49,19,0,0,119.78,120.03,0.03,0
oPMQBh7Xk2I,UCjOtzpfj5lF9erwTEQYkxtQ,2026-07-28 03:00:13,43534,978,61,120.0,120.0,0.0,0
oPOpRi-O6H8,UC2yOBpLVwB7kzt9C5ZPbB7w,2026-08-13 20:00:26,178363,2794,50,119.99,120.24,0.01,1
oPR-m9cWCpo,UCV6mNrW8CrmWtcxWfQXy11g,2026-08-14 16:00:39,23799,1216,46,119.99,120.24,0.01,1
oPTv89Xuze4,UCaHIZAKows704_gk6bjdAog,2026-08-21 03:00:39,108189,1278,111,120.0,120.0,0.0,1
oPUTfKRmFS0,UCPJGXrPIVKBR8PJY7w33WZw,2026-07-30 01:00:08,28947,422,141,120.0,120.0,0.0,0
oPVs44Pfw_Y,UCl-VnCUwSxDr5zPu-YlDUYw,2026-08-16 08:00:32,18431,850,46,120.0,120.0,0.0,1
oPvUV-JeGXI,UCSrQnB-Ip9hc0biFQ3HoKzg,2026-08-07 04:20:06,39818,1380,52,119.92,120.17,0.08,0
oPvcnTGchdg,UCjiXXUsdl0F0aUkTbv8ZVTA,2026-08-28 08:59:40,3586,150,1,119.77,120.02,0.02,1
oPyWQVo6nt4,UCV7WE8I_UiAN0fa6Arezx_w,2026-08-11 12:00:28,52,1,0,120.0,120.0,0.0,0
oQCWeR5QTQg,UCAJ-meoCh1TrPZ7La3UpPrw,2026-07-17 12:00:01,107578,2383,231,120.0,120.0,0.0,0
oQEIBdAz414,UCaHIZAKows704_gk6bjdAog,2026-08-10 03:20:28,116896,1097,28,119.91,120.16,0.09,1
oQIV-SiSeeU,UCrxzkAOXEbflxcTbRYnCoTw,2026-07-24 23:30:22,30090,250,154,120.0,120.0,0.0,0
oQtGT_a9TWI,UCBtJuwDt6LlXp2YASC-ZMdA,2026-08-22 07:00:15,1450,8,0,119.76,120.01,0.01,1
oQvRvlTNtUo,UCfq-5-0b5Lzj7cKCrp6-flA,2026-08-26 08:00:09,13471,84,47,119.76,120.01,0.01,0
oR0efam_UEs,UCK2tMI7hBvOk5ibNMVpaIlw,2026-07-28 11:59:31,96,4,0,119.76,120.01,0.01,0
oRAahyTNnfE,UCGa52d8Qlv3THghuCAt_nXA,2026-08-09 08:30:16,3952,58,10,120.0,120.0,0.0,0
snMZeIRieeQ,UCLHwMFguUxHVSk91vzicEJw,2026-08-10 13:30:40,68595,856,115,119.99,120.24,0.01,0
snRe9DKYKB4,UCvsw3aXHnikw3MVGSwOICxA,2026-07-24 13:30:14,10345,283,47,120.0,120.0,0.0,0
snSnM04tJ9k,UCzSODDx0zQF3nxXOZISCm_w,2026-08-09 15:00:33,1013,1,0,119.99,120.24,0.01,1
snVFKCGsuoU,UC6YqXiwCBfPvPTs3wXgWElQ,2026-08-18 08:00:32,28028,74,5,120.0,120.0,0.0,1
snh4Xc6sm90,UC7lwS-aSDzYHZJ9uWuzySwQ,2026-08-30 14:00:11,1191,5,2,119.76,120.01,0.01,1
so8Fg2OLT6s,UC4cKHOBS-nRfKFTwf1n8HGA,2026-08-20 14:39:13,38,,0,119.85,120.1,0.1,0
soEWOamLphU,UClWTMxooQefOLUV0TRcJ1Eg,2026-08-04 08:30:29,15301,919,55,120.0,120.0,0.0,1
soJNt6MOh3M,UCGa52d8Qlv3THghuCAt_nXA,2026-08-27 08:30:03,49704,439,22,119.76,120.01,0.01,1
soU27NZ6iLE,UCt8CJiye87FMbEwt0npPMuQ,2026-07-28 17:00:32,97844,3962,243,119.99,120.24,0.01,0
soWI93TuAc4,UCBY9rOZPo0fLE45mOV0s0cw,2026-07-24 07:03:16,157,2,0,119.95,120.2,0.05,0
soYXm-LMacE,UCuCmLrNT5MbpqfrSSKHqTug,2026-08-25 08:44:04,4565,44,8,119.78,120.03,0.03,0
solObS6m-ys,UCab17MxxnFtAhGsJVTkSkCg,2026-08-17 14:01:58,1013,18,1,119.97,120.22,0.03,0
sou7mKBUb94,UCSzHok6X5qXEO7cjvVnE62g,2026-08-04 08:00:16,69059,231,67,120.0,120.0,0.0,0
sp14lRenZ-w,UCyAA-Vj4ORjXl5Ui2m6_Llw,2026-07-14 09:00:24,2973,20,4,120.0,120.0,0.0,0
sp9Svl5SAHc,UC_e83kYlGHWbsrr8QCfV_ag,2026-08-18 12:07:37,7929,20,3,119.89,120.13,0.11,1
spWEusCFq44,UCfcfymsN3OMo2cfmbpGTanw,2026-07-23 06:00:34,4318,18,10,119.99,120.24,0.01,0
spa08Ok6NHU,UCwBkHOTyu57NQi0syf5MLig,2026-08-29 04:00:27,423197,2552,71,119.76,120.01,0.01,1
spbWFp2e-70,UCrY2B2XX41ReYh9DIWrFfCg,2026-08-13 10:03:15,4582,,8,119.95,120.2,0.05,0
spe5WCNCi9E,UCgT-gb3favw2jQgwxbbwwaA,2026-08-26 03:00:27,65554,431,32,119.75,120.01,0.01,0
sphunCN99hs,UCQfd-b9GRBrUP0-wCqabLTA,2026-07-12 02:30:37,768,11,9,119.99,120.24,0.01,0
spqQ9qjZKow,UC-yb5eNBQyXBE9nZnht9u-g,2026-08-31 10:02:19,86241,1141,14,119.97,120.22,0.03,1
spxpxVX5p50,UC-aXNBQ6nwMNeW2V8XB7sBg,2026-08-16 11:02:00,9001,108,16,119.97,120.22,0.03,0
sq2hd0m0E4k,UCLHwMFguUxHVSk91vzicEJw,2026-08-19 13:00:01,81444,767,61,119.76,120.01,0.01,0
sq5imprNGh8,UCab17MxxnFtAhGsJVTkSkCg,2026-08-28 14:08:01,4849,20,1,119.88,120.13,0.12,0
sq9OhwJmNI4,UCWVS5IJOkNnkKS5rjiAt9rw,2026-08-30 19:07:42,34612,118,0,119.89,120.13,0.11,0
sqM8UZNDUpc,UCAVR6Q0YgYa8xwz8rdg9Mrg,2026-08-04 10:00:17,80251,4032,50,120.0,120.0,0.0,1
sqXPlcwphGw,UCO8ToDSM2Gvt3EZdOdosxTw,2026-07-24 09:45:05,96828,1451,54,120.0,120.0,0.0,0
sq_rdiu5jJ0,UCrD6viwK0DHbQuZSOZBbofg,2026-08-17 02:00:31,4227,61,15,119.99,120.24,0.01,0
sqbRIHo9lpI,UCk3w4CQ_SlLH4V0-V6WjFZg,2026-08-20 18:02:32,64324,1577,139,119.97,120.22,0.03,1
sqf_Q3SVDTI,UC5Yx9RlmznXDUEIrfoSqheA,2026-08-14 04:53:00,81,4,0,119.87,120.12,0.12,0
sqjFFpXhR3k,UCvfEv6nBnL0QlKqyGmL0orQ,2026-07-24 00:00:16,9600,97,36,120.0,120.0,0.0,0
sqpi5xnKGa8,UCrD6viwK0DHbQuZSOZBbofg,2026-07-23 15:30:16,3716,54,79,120.0,120.0,0.0,0
sqvd24mVeCM,UCbItyvYa6cqvqtwlU2E9-wA,2026-08-17 18:00:29,12575,595,46,119.99,120.24,0.01,0
sqvwf898f6s,UC3kVT7zilzGf_7fIEkc4dDA,2026-07-24 14:30:04,33599,887,90,120.0,120.0,0.0,0
sqydFjxk5Ho,UC-DpK48x4bltMjHHChZ4zBg,2026-08-01 15:00:09,15343,140,21,120.0,120.0,0.0,0
sr-RjotRGdg,UCw1DsweY9b2AKGjV4kGJP1A,2026-08-24 10:00:21,851521,2514,98,119.76,120.01,0.01,1
sr5p1uCNVc0,UC08-hQbwh7eyr8PlaYG2-sQ,2026-08-10 10:00:34,26237,412,181,119.99,120.24,0.01,0
srA_h1KHHNk,UC9vI-9WYQLXKI6n9XdXXo3g,2026-08-26 03:00:04,21853,111,47,119.76,120.01,0.01,0
srC38EMgTK8,UCZ8QkhF9gSHi8IL8I4rFrOA,2026-08-29 03:15:09,24350,513,20,119.76,120.01,0.01,1
srCLgZRguMg,UCwBkHOTyu57NQi0syf5MLig,2026-08-30 12:00:04,66539,206,2,119.76,120.01,0.01,1
srCxO9LwsIk,UC7lwS-aSDzYHZJ9uWuzySwQ,2026-08-19 23:00:28,1365,6,2,120.0,120.0,0.0,1
srEbKll0IcY,UCfIUuMA7U_jImP7oWfTe4Pw,2026-07-31 08:46:48,332082,2831,169,119.97,120.22,0.03,0
srJUQujSLrw,UCJDXc9JWCZo-nLNKr_-L2Ng,2026-08-12 13:00:36,3200,107,3,119.99,120.24,0.01,0
srJZs4DLmpY,UC6JB_a6rD1lZ_aZgQvORfrQ,2026-07-29 09:32:47,163,8,0,119.96,120.21,0.04,0
srLEQo_NB2c,UCcstDLbuhxEbFKkPZ6wST2A,2026-08-28 03:00:32,48817,100,29,120.0,120.0,0.0,0
sreyO2AFKz4,UCifCesg-EUkjKyQedaB3hRg,2026-08-03 03:00:27,77535,165,0,120.0,120.0,0.0,0
srkO4gsDyB4,UCL2ZLyAV0H9Pvi46W7TGdHQ,2026-07-29 11:00:27,1143820,10644,269,119.99,120.24,0.01,1
ss0eS-p55xI,UC9vI-9WYQLXKI6n9XdXXo3g,2026-08-28 03:00:35,40559,107,230,120.0,120.0,0.0,0
ss9RonyoEC4,UCw1DsweY9b2AKGjV4kGJP1A,2026-08-24 10:03:15,15949,34,14,119.96,120.21,0.04,0
ssNxsVd1Ipo,UC7SIaeUWuuIrWTIOBpayDVQ,2026-07-29 01:21:48,12676,135,44,119.89,120.14,0.11,0
ssZWQnvUjMw,UCvfEv6nBnL0QlKqyGmL0orQ,2026-07-25 17:03:19,15988,105,45,119.95,120.2,0.05,0
sspgmZETN0U,UCPGl9DV2WUgaqGVXtVrhJWQ,2026-08-27 12:48:12,13,0,0,119.96,120.21,0.04,0
ssvdH0Q_sxI,UCdK9h1ILxS49c2LguBUY3rw,2026-08-23 12:00:36,8,2,0,120.0,120.0,0.0,0
st6PgKR1aoc,UCVipGmBXqbYKNODNzVCN86w,2026-07-28 01:50:30,153989,2356,62,119.91,120.16,0.09,1
stIIxo8v4Io,UCuWcjpKbIDAbZfHoru1toFg,2026-08-13 16:51:14,8990,524,46,119.9,120.15,0.1,0
stIRrTgFeZk,UCS-X1uBDTNwAYyydiXjcX9A,2026-08-19 03:09:52,2026,33,4,119.85,120.1,0.1,0
stLrIAYH-fs,UCkrJBQAut47U8xMUuv8D_3g,2026-07-25 02:00:11,11494,566,131,120.0,120.0,0.0,0
stRAmknM6yY,UCCMQyaKDjQJY79VimTdaYYQ,2026-08-08 01:17:30,124880,567,786,119.96,120.21,0.04,0
stb0w5ei9iw,UCL_IvtOZo6sONpiydbzzHpA,2026-08-15 01:46:46,28781,400,12,119.97,120.22,0.03,1
stflGteNPJg,UC5ThQKdocwo_9UurfT5P_ww,2026-08-11 04:04:52,267414,3485,88,119.92,120.17,0.08,1
su6w8rQKLDo,UCZ6mNZTiTUrUSbSYPlclI4A,2026-08-19 07:39:55,478,19,4,119.85,120.1,0.1,0
suVDVmaXblI,UCZ6mNZTiTUrUSbSYPlclI4A,2026-08-12 11:00:14,6507,163,13,120.0,120.0,0.0,1
suVJ3zDrT4s,UCYGF_xk5RDpltyZDSx040uw,2026-07-25 04:20:43,29323,324,40,119.91,120.16,0.09,0
suVdIbZacqc,UCrR_fhiJjoW8OJFzUcmlMMA,2026-07-15 11:00:22,82646,701,17,120.0,120.0,0.0,1
sube-8TARo8,UCZ6mNZTiTUrUSbSYPlclI4A,2026-08-06 14:10:24,8827,484,14,119.83,120.08,0.08,1
suygGeQpJ88,UCl402YYy7RcH7PBI3npmGPQ,2026-08-20 07:29:19,159297,936,238,119.77,120.02,0.02,0
sv57-Z5qSIA,UCdb5lyq0tWbY3jqH35SufmA,2026-08-17 10:31:27,26263,74,17,119.98,120.23,0.02,1
sv89kXtKxdQ,UCyZtdaxIiGb4wp5AmkEMrwQ,2026-08-28 10:15:18,12168,143,23,119.76,120.01,0.01,0
sv8ZplGrKVg,UCYM01qjjE_hmqFQAmOo-lNg,2026-08-31 14:42:13,3788,8,0,119.81,120.06,0.06,0
svPcAWmBnYY,UC5ThQKdocwo_9UurfT5P_ww,2026-08-08 07:17:37,419321,4187,213,119.96,120.21,0.04,1
svZDe8CdtPE,UCZ-UuK86Bk5sGzQQ2cEglJQ,2026-08-26 08:15:38,80274,1208,84,120.0,120.0,0.0,1
svbECk9KKRA,UCt15X5eHLwyP8PpNtQTkuDQ,2026-07-30 13:45:06,529148,3052,616,119.75,120.01,0.01,0
svgy6n_rifA,UC86GXx7Ap-Cahlb0r0xT-ZQ,2026-08-03 12:00:29,6928,77,21,119.99,120.24,0.01,0
sviuOJu0PfE,UCBA9XaL5wCdHnC5EmEzwrqw,2026-08-07 09:00:05,72165,288,43,120.0,120.0,0.0,0
svll43H-oqc,UC1q4Ihlv_YhLELw-ijE0Diw,2026-08-30 12:00:27,248148,3057,170,119.76,120.01,0.01,0
svqU_y021MY,UCgLFbrC7-g0ihBKB0obVPTg,2026-08-09 15:17:03,70,3,0,119.97,120.22,0.03,0
svqYaJCS_Og,UCDGbm9jZgqNeMWyK4j-Kduw,2026-07-16 09:00:08,2006,,1,120.0,120.0,0.0,1
svwPsDENbsw,UCwBkHOTyu57NQi0syf5MLig,2026-08-15 01:00:37,148552,1618,40,119.99,120.24,0.01,1
sw1fyhbtwcA,UCEg24oF81p-THPtp3otdmTA,2026-07-22 12:30:02,185720,3473,99,120.0,120.0,0.0,1
sw5iKOX0j1E,UCby0vMKcLR05ZdS90aZd5og,2026-08-13 08:41:57,7264,8,0,119.8,120.05,0.05,1
vVC7CktLenk,UCAGUSx1hbPKDqzBZH7bTjiA,2026-08-17 10:00:09,107115,1465,176,120.0,120.0,0.0,0
vVX_n51QIR8,UCz4b1O9sT73P8DWwx6OvQwg,2026-07-28 07:00:33,19780,326,59,119.99,120.24,0.01,0
vV_FlwjLHGs,UCYsRymb9vAsOOLBy-Wo1kRg,2026-08-16 06:00:22,992,22,1,120.0,120.0,0.0,0
vV_nMWPaWfQ,UC72PuhDwKtZ5MikpGNhPAtA,2026-08-06 23:24:11,105584,2876,101,119.85,120.1,0.1,0
vVcZocZPqrs,UCyiKngyUPUb1bka4yFrn65g,2026-08-17 10:53:52,11892,75,15,119.86,120.11,0.11,1
vVeOwR3LQxI,UCpcTrCXblq78GZrTUTLWeBw,2026-08-26 16:30:18,47240,1605,22,119.76,120.01,0.01,0
vVgdeISt-Fw,UCv1tOT645xHOJrwdGlzjMaA,2026-08-08 10:17:52,27756,191,191,119.96,120.21,0.04,0
vVjpuzq6q8g,UCcstDLbuhxEbFKkPZ6wST2A,2026-07-31 03:00:35,16833,53,36,119.99,120.24,0.01,0
vW7epHgFGa8,UCgWOZQvFZhGuqBCtjmee0XQ,2026-08-28 09:20:41,23484,239,13,119.92,120.17,0.08,1
vWCs37iWJeY,UC2NFRq9s2neD_Ml0tPhNC2Q,2026-08-03 02:30:05,39552,1632,38,120.0,120.0,0.0,0
vWKSmOJSdo0,UC0Zl_lyMoTbroBSNv7SpGuQ,2026-08-28 03:56:54,196434,,139,119.81,120.06,0.06,0
vWKkSsl-OWs,UCQJuZxeDv2P05YHcC-tIEVQ,2026-08-09 08:00:33,18408,331,41,119.99,120.24,0.01,0
vWRJEI2vCsw,UC7ikVsVGGrUy2RD65w-awng,2026-08-10 09:46:29,239,12,4,119.98,120.23,0.02,1
vWaysO4yvvM,UCt8CJiye87FMbEwt0npPMuQ,2026-08-02 14:15:00,148115,5366,297,120.0,120.0,0.0,0
vWjpDdmTnc0,UCOTJtP0Z9DjpPU43B5m1V6A,2026-08-24 09:30:33,124202,1064,92,120.0,120.0,0.0,0
vX5jRCMBqO4,UC543-TDm6IvHHZXwdSFioMw,2026-08-24 12:49:56,7182,31,1,119.93,120.18,0.07,0
vX99UrwSlHY,UCT807kAu6fmwES8B5698e2w,2026-08-19 09:00:33,23718,1537,116,120.0,120.0,0.0,1
vXJPY2rnL_I,UCTK7GGeH0c9INAEnV2EfD0Q,2026-07-19 03:00:12,7865,271,2,120.0,120.0,0.0,1
vXcBT84Yi1k,UCRE-9quk3OT2OKgZFAgdN_g,2026-07-30 15:45:58,5153,46,10,119.99,120.24,0.01,0
vXcM_aoo4AM,UCS2OAdHoLt-9T6cG9A2H49Q,2026-08-23 09:10:58,42246,165,61,119.83,120.08,0.08,1
vXlOOfEBY-M,UC_E_qYfGKM3C0kqrp1p8z7Q,2026-08-29 17:00:33,1211,31,3,120.0,120.0,0.0,1
vXrkm0X_IVo,UCeHTYRjeKVWqB-M9-Bfl5Sg,2026-07-12 03:30:28,6987,216,72,119.99,120.24,0.01,0
vXy6mrsz_8Y,UCpcTrCXblq78GZrTUTLWeBw,2026-08-22 09:30:34,50873,1624,119,120.0,120.0,0.0,0
vXyyB6mhGy8,UCwfbSsZ7_sccxcibe60mWlQ,2026-08-14 15:05:58,11276,49,8,119.9,120.15,0.1,0
vY9UldF2m7I,UCl402YYy7RcH7PBI3npmGPQ,2026-07-30 04:07:40,109926,666,149,119.88,120.13,0.12,0
vY9iCL90zDc,UCPsZX-D7LW99PjZLA-UysPQ,2026-07-29 03:00:26,116,0,0,120.0,120.0,0.0,0
vYJRDYbRKXU,UC8aCmG_y4DqqVI9Xlcym1Jg,2026-08-24 00:00:24,134,10,0,119.76,120.01,0.01,0
vYJstkrf1i0,UCYooECrv-fIXlPaDwEIaveA,2026-08-06 09:01:36,62049,1080,257,119.98,120.23,0.02,0
vYL4HINV6YI,UCirJgPv8RtFaFMj39b6cD8Q,2026-07-31 03:00:37,33980,96,0,119.99,120.24,0.01,1
vYPZU_hi5R4,UCAVR6Q0YgYa8xwz8rdg9Mrg,2026-08-07 04:00:26,309550,9136,241,120.0,120.0,0.0,1
vYXCDUoiExI,UCBA9XaL5wCdHnC5EmEzwrqw,2026-07-22 07:05:03,362082,1584,677,119.92,120.17,0.08,0
vYdboBd1r-E,UCv1tOT645xHOJrwdGlzjMaA,2026-08-14 08:56:23,40378,525,29,119.81,120.06,0.06,1
vYh6FRQPqKI,UCuZ862fZel1gq9RAf_OkvqA,2026-08-14 13:00:41,8671,123,58,119.99,120.24,0.01,0
vZ2eJMXDalk,UC027x98NgUBw9K4aPT8k0mg,2026-08-05 12:00:12,11636,69,11,120.0,120.0,0.0,0
vZ6iC_jJ1wE,UCrdRt77s53QWevhMYX-8UPg,2026-08-13 01:14:37,614590,1389,99,119.76,120.01,0.01,0
vZB8uJ0DC6I,UCcum1rCJ5GJeQ_xv0xrohqg,2026-08-31 03:00:04,27584,1241,41,119.76,120.01,0.01,1
vZKhGnWyV4U,UCU0-6z_KU9AShyR9J6gcFGw,2026-08-04 00:28:10,402,6,0,119.78,120.04,0.04,0
vZO0N6e1VF4,UCIKORyfTZ0cN-u0hrxHcgUw,2026-08-16 11:33:00,34,0,0,119.95,120.2,0.05,0
vZiqkuqRyoA,UC7loyhgCm1NRTtyF36hO-jA,2026-08-02 04:30:17,51625,467,139,120.0,120.0,0.0,0
v_-Jb7aMJw8,UCqPN9LAkx20aBWOafwvQB-Q,2026-08-17 23:00:30,269008,8047,500,119.99,120.24,0.01,0
v_5c3_RaIYo,UC7gozbdUqpQOYN1og_d-J9g,2026-08-30 22:12:30,10022,332,137,119.81,120.05,0.05,0
v_AJgfinCMM,UCHbz27HAkCIQNw_G2Pa7XVg,2026-08-09 05:00:06,14474,315,96,120.0,120.0,0.0,0
v_IbdrqTA6Q,UC027x98NgUBw9K4aPT8k0mg,2026-07-18 12:00:26,89864,882,148,119.99,120.24,0.01,0
v_acud_4wPc,UCAVR6Q0YgYa8xwz8rdg9Mrg,2026-07-31 13:13:21,265775,9994,230,119.78,120.03,0.03,1
v_gQioOHOBQ,UCRE-9quk3OT2OKgZFAgdN_g,2026-08-06 14:46:55,12876,113,12,119.97,120.22,0.03,0
v_gUJOJC7lo,UC4VWaR3R17Ruc7j1Cy1-PKQ,2026-07-23 01:06:03,2906,31,11,119.9,120.15,0.1,0
v_m0OkR_hbw,UCgLFbrC7-g0ihBKB0obVPTg,2026-08-23 04:26:54,120,4,0,119.81,120.06,0.06,0
v_n0quM1JtY,UCBtJuwDt6LlXp2YASC-ZMdA,2026-07-26 18:15:02,342,5,0,120.0,120.0,0.0,0
vaQpgtHizjM,UCpI-AhCT02iQRGLC2ZcY0Jw,2026-08-27 06:39:19,48495,366,199,119.86,120.11,0.11,0
vaREd6wpWt4,UCcgkgKhXT6QwdGj9Nr8PBcg,2026-08-30 09:55:17,546953,1652,121,119.84,120.09,0.09,0
vacx6rsoRE8,UCkavlo6q2XfO_MA9Q24wRvw,2026-08-30 03:00:29,4753,9,2,119.76,120.01,0.01,0
vafMbgG19AU,UC5RxNUZ9_c94ZEfJGnJZmTw,2026-08-31 03:03:58,4757,54,2,119.95,120.2,0.05,0
vanlyYYhuaY,UCPuD5ZRQWa_JCaY5NokNhtg,2026-08-23 15:48:14,588,7,3,119.96,120.21,0.04,0
vb0B2isBBrA,UCWjfI3wnNOgQCTu2SijfgMg,2026-08-22 20:43:52,3904,52,6,119.78,120.03,0.03,0
vb0ggU5bMo4,UCV6mNrW8CrmWtcxWfQXy11g,2026-08-25 14:22:45,23258,1094,89,119.88,120.13,0.12,0
vbJy0pyEIUQ,UCt8CJiye87FMbEwt0npPMuQ,2026-07-30 15:30:08,217583,11051,1091,120.0,120.0,0.0,0
vbLATDJSx9k,UCd6CX2LiQE2dEAPXwk2N0jg,2026-07-22 11:39:33,72247,826,252,119.85,120.09,0.09,0
vbRM347sHq0,UCOaUTqrtz1yBBiwziVJEAmQ,2026-07-27 13:15:19,3748,22,15,120.0,120.0,0.0,1
vbTfb2njRK4,UCV7WE8I_UiAN0fa6Arezx_w,2026-07-20 09:00:39,62,0,0,119.99,120.24,0.01,0
vbwdog563Z8,UClHTjLVog7CkRF8tYJuNXXQ,2026-07-29 14:26:14,342,13,0,119.82,120.07,0.07,0
vbzhEIYxln4,UC3DYSay178fMMPaf3zHwECA,2026-08-07 04:15:06,55003,1411,186,120.0,120.0,0.0,0
vcLubmpjL1g,UCZ-B_El841ME7qGXvYinGmw,2026-08-16 12:01:19,6278,109,19,119.98,120.23,0.02,0
vcbQNuO5-CQ,UCV7WE8I_UiAN0fa6Arezx_w,2026-08-14 01:00:38,30,0,0,119.99,120.24,0.01,0
vcgvWCMhPTU,UCwBkHOTyu57NQi0syf5MLig,2026-08-23 05:00:18,251609,1135,50,119.76,120.01,0.01,1
vckN1At6nX4,UCnhGcri8x6xhehanhAe9ipw,2026-07-28 12:31:46,23483,168,55,119.97,120.22,0.03,0
vcmMx42AeGk,UCvAetSOU_4lyjM5hVMNzN0Q,2026-07-13 08:26:35,73290,708,243,119.81,120.06,0.06,0
vcpZs8ZGV6g,UCJDXc9JWCZo-nLNKr_-L2Ng,2026-08-09 15:03:26,2347,85,8,119.94,120.19,0.06,0
vcvTIjaY_Fc,UCBW_PhuXoHk40xF6nO0Q64w,2026-07-14 13:00:36,2150,132,21,119.99,120.24,0.01,0
vd3YLRu0jVc,UCifCesg-EUkjKyQedaB3hRg,2026-07-25 01:37:39,34329,97,0,119.87,120.12,0.12,0
vd6XDNMMNbY,UCms8Ge7H1ZGgw6nV94fUhUQ,2026-08-12 09:00:20,64762,870,94,120.0,120.0,0.0,0
vdCHBqsCbkQ,UCS2OAdHoLt-9T6cG9A2H49Q,2026-08-17 09:00:24,41733,235,19,120.0,120.0,0.0,1
vdCLcxk5iO8,UCKC4R6B8bTLIKH1V9PyD7Iw,2026-08-21 09:00:00,26637,250,29,119.76,120.01,0.01,0
vdK18OIHfCo,UCPGl9DV2WUgaqGVXtVrhJWQ,2026-08-11 15:00:29,11,0,0,120.0,120.0,0.0,0
vdgP9ln5A3M,UCV6mNrW8CrmWtcxWfQXy11g,2026-08-12 10:00:27,68742,3423,84,119.99,120.25,0.01,1
vdgeOtbKTT4,UCrdRt77s53QWevhMYX-8UPg,2026-08-13 01:14:14,837,22,3,119.77,120.02,0.02,0
vdsH66zcEBA,UCz5LAkkX66OAW-y_WiWf9vA,2026-08-19 08:38:38,51,4,0,119.87,120.12,0.12,0
vdwchD60ckY,UCuCmLrNT5MbpqfrSSKHqTug,2026-08-08 07:00:11,25987,29,3,120.0,120.0,0.0,1
ve-r_0vkjvs,UCT-UsvGz4gm7lezXvCEex9A,2026-07-30 10:00:31,22211,373,14,119.99,120.24,0.01,1
veCA-IpZmV8,UCAl4HWznMn7KhKBRFO5eiFA,2026-07-23 12:34:49,25747,159,12,119.92,120.17,0.08,1
veORhCiHMFY,UCpX86JOUhnrzG7MK8e8Gjbw,2026-07-20 04:41:36,76836,560,312,119.81,120.06,0.06,0
qwoCS8TwPWU,UC-aXNBQ6nwMNeW2V8XB7sBg,2026-07-11 03:00:32,3218,68,14,119.99,120.24,0.01,0
qwuk_7VXJwA,UCyZtdaxIiGb4wp5AmkEMrwQ,2026-08-07 08:56:28,8460,212,26,119.81,120.06,0.06,0
qwukl1RJgU4,UC_m_uqd_9s0hZvlgfvCzqbQ,2026-08-16 14:26:44,1276,11,0,119.81,120.06,0.06,1
qwwZRqi7RqU,UC_m_uqd_9s0hZvlgfvCzqbQ,2026-08-13 01:22:08,1127,1,0,119.88,120.13,0.12,1
qxB1ETdfixI,UCdF0eCyf5np3lPO4y1fJVdw,2026-08-15 03:00:08,3823,105,12,120.0,120.0,0.0,0
qxD2ut-1u-w,UCkd3KAYGnTNPJZZrPOFeWhA,2026-08-19 06:20:00,168346,593,226,119.93,120.18,0.07,0
qxFZqvUalps,UCO8ToDSM2Gvt3EZdOdosxTw,2026-08-09 14:05:38,36506,818,73,119.91,120.16,0.09,1
qxPhFwbUvxo,UC5RxNUZ9_c94ZEfJGnJZmTw,2026-07-28 12:00:20,2342,103,26,120.0,120.0,0.0,0
qxUTD1lZAN8,UC0Zl_lyMoTbroBSNv7SpGuQ,2026-08-20 09:30:31,101973,,92,120.0,120.0,0.0,0
qxXbjl9ZQR4,UC6JB_a6rD1lZ_aZgQvORfrQ,2026-08-19 23:43:46,1534,35,5,119.78,120.03,0.03,0
qxXpPmF2O3s,UCAl4HWznMn7KhKBRFO5eiFA,2026-07-18 11:48:15,10421,48,2,119.95,120.2,0.05,1
qxgBk8UAGKc,UCuCmLrNT5MbpqfrSSKHqTug,2026-08-11 09:00:24,33060,98,13,120.0,120.0,0.0,1
qxhxdS5vut8,UCnkytUgy0CtWd06up9CjNxg,2026-08-09 11:00:04,1423602,22202,,120.0,120.0,0.0,0
qxqxWDr7bJk,UC5ThQKdocwo_9UurfT5P_ww,2026-08-12 11:15:04,51495,743,16,120.0,120.0,0.0,1
qxxev8H4H9Y,UCby0vMKcLR05ZdS90aZd5og,2026-08-11 06:46:43,2902,6,0,119.97,120.22,0.03,1
qy7uwN7wp6o,UCV7WE8I_UiAN0fa6Arezx_w,2026-08-07 13:00:08,23,1,0,120.0,120.0,0.0,0
qyGnIXE5DiA,UCPsZX-D7LW99PjZLA-UysPQ,2026-08-18 15:00:12,465,9,0,119.76,120.01,0.01,0
qyOv-wsaUFc,UCQJuZxeDv2P05YHcC-tIEVQ,2026-07-23 08:00:29,13482,212,19,119.99,120.24,0.01,0
qyaMFsuU3po,UCirJgPv8RtFaFMj39b6cD8Q,2026-08-13 03:00:14,19947,109,0,120.0,120.0,0.0,1
qydUnCr10bM,UCPGl9DV2WUgaqGVXtVrhJWQ,2026-08-18 15:00:32,6,1,0,120.0,120.0,0.0,0
qyqaQv2hym8,UC783XWULPW-nDGv_0EYlB6Q,2026-08-07 09:30:35,28159,884,31,119.99,120.24,0.01,1
qzNft2rH6FM,UCV7WE8I_UiAN0fa6Arezx_w,2026-08-06 03:00:30,55,0,0,119.99,120.24,0.01,0
qza4ybfQ_N0,UC2NFRq9s2neD_Ml0tPhNC2Q,2026-07-11 02:32:44,2051212,23932,90,119.96,120.21,0.04,1
qza7ua4a2-8,UC-okJdotaXPlzivRzHFqzuA,2026-08-06 16:53:35,128514,3184,0,119.86,120.11,0.11,0
qzjLyYS3HK0,UCF5RrlbsxJjAVLWgOCoNHMg,2026-07-25 23:44:04,16109,286,7,119.77,120.02,0.02,0
qzmYgruUMhM,UCrR_fhiJjoW8OJFzUcmlMMA,2026-08-16 02:00:12,6083,76,8,120.0,120.0,0.0,0
qzpUuGa4ZtU,UCpI-AhCT02iQRGLC2ZcY0Jw,2026-08-28 10:00:24,42924,297,273,119.76,120.01,0.01,0
qzuOM5y1nDk,UC3hCAmwyYNgRuOOSFV7evVA,2026-08-22 10:00:06,12424,94,14,119.76,120.01,0.01,0
r-1D9L3mPZM,UCElXDMEQqlUnuyDbChjARWQ,2026-08-07 10:55:28,177,0,0,119.83,120.08,0.08,1
r-7LD9_YRCw,UCws1FXlgdkXB-3FKN_lqgiw,2026-08-24 08:22:26,2947,31,5,119.89,120.14,0.11,1
r-DKySuYVWg,UCpcTrCXblq78GZrTUTLWeBw,2026-08-31 20:05:00,319462,12327,345,119.93,120.18,0.07,1
r-LsiwJKP3Q,UCpI-AhCT02iQRGLC2ZcY0Jw,2026-07-18 05:00:52,27337,534,309,119.99,120.24,0.01,0
r-RnI_PmLgk,UC4cKHOBS-nRfKFTwf1n8HGA,2026-08-13 15:44:20,34,,0,119.76,120.01,0.01,0
r-adbEnMgew,UCNRnCc0hg3ZcKdOGXKKv5Ww,2026-08-29 03:15:20,18412,169,14,119.76,120.01,0.01,1
r-eQX45_8bI,UCg5Ew4lj74r_ohbc4AeQj1w,2026-08-18 08:59:07,14213,650,26,119.78,120.02,0.02,1
r-il2uClhjQ,UC4P7F8qenDo1O_5NvgBb_cg,2026-08-12 02:30:10,78165,790,81,120.0,120.0,0.0,0
r-niBY-eJKA,UCp9skQ2mP_DfVL8c3gZQUzg,2026-07-27 18:42:14,5730,95,2,119.8,120.05,0.05,0
r-v1HCm9tiA,UCPGl9DV2WUgaqGVXtVrhJWQ,2026-08-08 15:00:36,3,0,0,119.99,120.24,0.01,0
r-wf5fTe_dE,UCw1DsweY9b2AKGjV4kGJP1A,2026-08-29 07:30:12,69929,303,13,119.76,120.01,0.01,1
r-yooBO1NYQ,UCeB_ZeSo0xDL62wWlkTEtjA,2026-08-28 16:20:20,54500,187,155,119.92,120.17,0.08,0
r06JfjAccDw,UC8rbhIem-3aAsNXhTDI-nSA,2026-08-18 22:45:21,82516,1484,154,120.0,120.0,0.0,0
r0FT01ybhvw,UCOaUTqrtz1yBBiwziVJEAmQ,2026-08-14 22:08:51,3278,17,36,119.86,120.11,0.11,0
r0Lvv4TDuQs,UCoH2pCzAr6zWDG-LtUiLWRw,2026-07-15 10:00:13,215099,3524,44,120.0,120.0,0.0,1
r0VLC61Ipc0,UCqRz_-l3GCmWb92u8P33RYQ,2026-08-12 11:30:17,41722,350,47,120.0,120.0,0.0,0
r0_9OJUPd00,UC3hqiw3lZAXaMwhQvMGZkdw,2026-08-30 13:15:01,17158,163,7,119.76,120.01,0.01,0
r0lbHKLJoUk,UCV7WE8I_UiAN0fa6Arezx_w,2026-08-07 09:00:13,29,1,0,120.0,120.0,0.0,0
r0mgsoET0ys,UCpI-AhCT02iQRGLC2ZcY0Jw,2026-07-18 09:00:23,23387,269,322,119.99,120.24,0.01,0
r16WIcDONr8,UC8aCmG_y4DqqVI9Xlcym1Jg,2026-08-29 23:20:34,10496,168,22,119.92,120.17,0.08,0
r1L_40DljL0,UCAgZP6qUjcVjZsGWtW-l6lw,2026-08-31 11:00:01,82,5,4,119.76,120.01,0.01,0
r1_sLW1TX8g,UCSzHok6X5qXEO7cjvVnE62g,2026-08-19 08:00:30,69329,354,42,119.75,120.01,0.01,0
r1mGd8vTbLQ,UCETJ2rkwgeYb0OojPNh-DRw,2026-07-16 06:31:59,203,1,0,119.97,120.22,0.03,0
r1n20P4_bpA,UC-2wa6jvprl7hfCpvw0ULzg,2026-08-11 12:00:32,54571,1013,367,119.99,120.24,0.01,1
r26U-9VBvVY,UCNOj6xtKWCtPbjJV8XPlbLg,2026-08-25 08:00:15,99428,298,39,119.76,120.01,0.01,1
r2P7LZqR3h4,UCw1DsweY9b2AKGjV4kGJP1A,2026-08-13 08:30:25,91709,227,22,120.0,120.0,0.0,1
r2U2AFtxq4w,UCoovEJW0dyTWwHiblWDWvyQ,2026-08-30 01:30:35,52804,339,47,119.76,120.01,0.01,0
r2_xGEPBBwY,UCq6bX1rAJqwt3LmYuHrDPqg,2026-08-14 15:45:45,7362,16,0,119.99,120.24,0.01,0
r2jHV9R3EJw,UCQJuZxeDv2P05YHcC-tIEVQ,2026-07-18 08:30:36,10632,145,24,119.99,120.24,0.01,0
r2rK26ksFIo,UC8CZL4cvFiKwKKDNCuM2lTA,2026-07-13 22:00:02,4865,33,4,120.0,120.0,0.0,0
r2rjCNGSxSc,UCV6mNrW8CrmWtcxWfQXy11g,2026-07-23 22:00:03,203682,9500,56,120.0,120.0,0.0,1
r2xiat8an9A,UCp8jCam8r3SU3A2sxksHaag,2026-08-17 17:29:05,61,1,0,119.77,120.02,0.02,0
r31wSmGgLSs,UCV7WE8I_UiAN0fa6Arezx_w,2026-07-23 06:00:06,63,0,0,120.0,120.0,0.0,0
r33Tvl7JKEk,UCpX86JOUhnrzG7MK8e8Gjbw,2026-07-30 05:34:24,44164,344,200,119.93,120.18,0.07,0
r34nOlVx0Qc,UCMZFHqDjg1IE5kzm9fZBOFw,2026-08-30 15:38:56,1141,2,0,119.86,120.11,0.11,0
r37jhdz4gNg,UCV7WE8I_UiAN0fa6Arezx_w,2026-08-27 14:00:36,221,1,0,120.0,120.0,0.0,0
r3HfZ7uFJ0M,UCL2ZLyAV0H9Pvi46W7TGdHQ,2026-08-04 10:00:06,35640,215,60,120.0,120.0,0.0,0
r3L1Z1esneQ,UCqPN9LAkx20aBWOafwvQB-Q,2026-08-07 23:00:39,146625,5672,410,119.99,120.24,0.01,0
r3OakMuhfsU,UCjSNmS8qcD1jEdQhU5h-zKQ,2026-08-03 14:43:06,106,,0,119.78,120.03,0.03,0
r3c0NejMkbk,UCyoKcrOcBEY4rmLYkDuXErA,2026-08-13 09:00:34,47148,559,20,120.0,120.0,0.0,1
r3hrUHaIPxk,UCEcRvF_6IRSux8FO-ogFZug,2026-08-20 03:00:33,21306,1123,108,120.0,120.0,0.0,0
r3idAhBAti8,UCV7WE8I_UiAN0fa6Arezx_w,2026-07-18 20:00:35,239,1,0,119.99,120.24,0.01,0
r3luwah_Ew8,UCp6n8d8Y8r3MwKNw_MMaouQ,2026-08-07 20:55:10,4873,58,10,119.83,120.09,0.09,0
r3ok_qfpxWA,UCPGl9DV2WUgaqGVXtVrhJWQ,2026-07-13 12:41:52,3,0,0,119.8,120.05,0.05,0
r4FCQHZxaEo,UCbFLnCfOet-u_kFyA7uX-9Q,2026-08-11 21:27:37,3852,33,0,119.79,120.04,0.04,0
r4QqZst4FFM,UCpcTrCXblq78GZrTUTLWeBw,2026-08-30 10:00:25,63489,1512,21,119.76,120.01,0.01,1
r4SBy6BIiXI,UCA9f2-9fUklMMOaz8vKW7Jw,2026-08-25 14:29:02,7037,39,1,119.78,120.03,0.03,0
r4_eLEevlHk,UC783XWULPW-nDGv_0EYlB6Q,2026-08-06 09:30:25,39796,1058,29,120.0,120.0,0.0,1
r4iowBZtU8c,UC4VWaR3R17Ruc7j1Cy1-PKQ,2026-07-31 20:26:08,210,3,2,119.82,120.07,0.07,0
r4lPN4_I250,UCjSNmS8qcD1jEdQhU5h-zKQ,2026-08-01 02:30:26,15,,0,119.99,120.24,0.01,0
r4m-r884TiU,UCrR_fhiJjoW8OJFzUcmlMMA,2026-08-30 07:00:31,12411,51,15,120.0,120.0,0.0,0
r4vhjlYMK-4,UC-yb5eNBQyXBE9nZnht9u-g,2026-08-08 13:28:49,4035,159,15,119.77,120.02,0.02,0
r52E8IOVHXI,UC78d2aaqdrt02RfmtRLmlAw,2026-08-25 16:00:04,21541,294,30,119.76,120.01,0.01,1
oRKwIhdNICE,UCB4gIGaPUiLtpPreFSf8fKQ,2026-08-11 11:00:34,2424,36,4,119.99,120.24,0.01,0
oRNkvUaAlww,UCJYdIDfGkqXTsQq5aW4md0Q,2026-08-31 01:25:39,657,1,1,119.84,120.09,0.09,0
oRRI7f8lRI0,UCrKSaegnzewdj9-YLsUhoZw,2026-08-31 04:20:36,64144,197,73,119.92,120.17,0.08,0
oRYk_2HLFaI,UCulcJNJPF25ncT7GvJm6iEg,2026-08-23 11:14:13,169486,2118,33,119.78,120.03,0.03,1
oRZtVmRMZoI,UC4P7F8qenDo1O_5NvgBb_cg,2026-08-05 02:30:22,111009,1018,90,120.0,120.0,0.0,0
oRhnaYLXjyo,UCV7WE8I_UiAN0fa6Arezx_w,2026-08-02 22:00:26,23,0,0,120.0,120.0,0.0,0
oRqspvGtG0M,UCp6n8d8Y8r3MwKNw_MMaouQ,2026-08-20 19:57:36,32575,352,6,119.8,120.05,0.05,1
oSa36HhxPWk,UCj5Y6sl23ln9PL6OiDTL7Gg,2026-08-10 00:29:07,305,21,2,119.77,120.02,0.02,0
oSbeTF1rwlY,UCNRnCc0hg3ZcKdOGXKKv5Ww,2026-08-21 09:15:09,23873,138,19,119.76,120.01,0.01,1
oSgrHubMQ2w,UCDmmbxGg8g-EBkC_ku6vybg,2026-08-31 10:10:05,98101,951,25,119.84,120.09,0.09,1
oSmUYFhMSBc,UCyU5JQ8KVRD9jE4E_xLsHxw,2026-07-10 09:00:26,16,2,0,119.76,123.61,0.24,0
oT0cv5bABO8,UC2f8VfmEF2_0-rFN4RNHaNg,2026-08-10 15:15:22,30567,702,110,120.0,120.0,0.0,0
oT1XzUSpWMs,UCpX86JOUhnrzG7MK8e8Gjbw,2026-08-28 04:29:51,37366,102,106,119.77,120.02,0.02,0
oT34hcgTWSc,UCt6Eo4xMTHhlOWg4_PAz_MA,2026-08-23 12:55:17,14668,118,26,119.84,120.09,0.09,0
oTJl_d1pkng,UCHeg3ApmuXQbqqszaD1fR9g,2026-08-13 07:10:19,9234,250,27,119.83,120.08,0.08,1
oTPNMfllxVs,UCgLFbrC7-g0ihBKB0obVPTg,2026-08-03 16:58:46,73,1,0,119.77,120.02,0.02,0
oTQx3X9ExU4,UCV6mNrW8CrmWtcxWfQXy11g,2026-08-29 10:00:06,315689,10582,125,119.76,120.01,0.01,1
oTXnv1XSwlA,UCnkytUgy0CtWd06up9CjNxg,2026-08-02 15:00:12,200426,2279,448,120.0,120.0,0.0,0
oTdxQM8Epww,UCbFzvzDu17eDZ3RIeaLRswQ,2026-07-20 10:41:41,274109,3656,1014,119.81,120.06,0.06,0
oThnZsKx1Ds,UCWZqSCSNZT3X8e_HyCJoXMg,2026-07-20 11:24:55,18487,750,6,119.84,120.09,0.09,1
oTy61QPkacY,UCaY7wcqhFb_c2eQ1eRB8rOQ,2026-08-28 10:00:13,12681,230,39,119.76,120.01,0.01,0
oU3CWpLWfXs,UCJPseQU9-GQKn7CGt3pDJjQ,2026-08-19 08:42:03,150,5,1,119.81,120.06,0.06,0
oUAyN7lNd2c,UCPuD5ZRQWa_JCaY5NokNhtg,2026-08-27 09:15:19,802,10,2,119.76,120.01,0.01,0
oUBvh-IKRSU,UCrfB1-zWijAYkgfZW7Ehc8Q,2026-08-14 08:00:05,84952,4424,486,120.0,120.0,0.0,0
oUMXw-ciVYw,UCPGl9DV2WUgaqGVXtVrhJWQ,2026-08-15 15:00:10,13,0,0,119.75,120.25,0.25,0
oUYSP5BW3wE,UCzRPPKLkNxjD2of-0Xxfnjw,2026-08-06 06:32:20,17912,333,60,119.71,120.21,0.21,0
oUkoyGqegvA,UCTUnpbuKoOODvhLhCO_kO_A,2026-08-22 08:00:06,758,18,0,119.76,120.01,0.01,0
oUyk0cHfnbI,UCdQHEqTxcFzjFCrq0o4V7dg,2026-08-22 00:15:04,44339,2322,225,119.76,120.01,0.01,0
oV0j5KdfddM,UC78d2aaqdrt02RfmtRLmlAw,2026-07-31 00:33:51,3998,41,2,119.94,120.19,0.06,0
oVAYC-Hz5fc,UCEebX3m88Arwc91LPmEmTYQ,2026-07-24 15:00:38,5641,327,32,119.99,120.24,0.01,0
oVDUns4pXac,UCQJuZxeDv2P05YHcC-tIEVQ,2026-08-10 08:00:13,16329,331,20,120.0,120.0,0.0,0
oVFNZgnkUZA,UCZJFaxsby9j3T6h0UVcCcCA,2026-08-01 19:00:33,186,3,4,119.99,120.24,0.01,0
oVZZpo3rmmU,UCZCZHg_oJiHcrcj2vaPRCag,2026-08-09 15:55:23,55,1,0,119.83,120.08,0.08,0
oVfruio5eB8,UCyz5WVrb-cz3myY04x_kVYw,2026-08-14 21:19:00,331,8,0,119.94,120.19,0.06,0
oVhEa4H1X8I,UCEcRvF_6IRSux8FO-ogFZug,2026-08-14 17:44:19,18237,610,38,119.76,120.01,0.01,0
oVkwZC9dHfg,UCby0vMKcLR05ZdS90aZd5og,2026-08-28 05:25:58,1873,8,0,119.83,120.08,0.08,1
oVoNMzqc0HQ,UC_e83kYlGHWbsrr8QCfV_ag,2026-08-14 13:04:28,120,5,1,119.93,120.18,0.07,0
oVqff6wKUzw,UCZRH94I89Ps7giJYeK6DlWA,2026-08-15 03:00:31,86418,1051,90,120.0,120.0,0.0,0
oVvPs3-7bw4,UCjhRgb1NpnlRs01s9rAhuug,2026-07-25 07:50:45,17,1,0,119.91,120.16,0.09,0
oW5szek0Hj4,UCS2OAdHoLt-9T6cG9A2H49Q,2026-08-18 03:00:25,24335,267,172,120.0,120.0,0.0,0
oWDA4MEEEdY,UC3DYSay178fMMPaf3zHwECA,2026-07-27 04:15:06,33898,869,48,120.0,120.0,0.0,0
oWZbe70vl4c,UCifCesg-EUkjKyQedaB3hRg,2026-08-28 01:03:28,409952,2366,22,119.95,120.2,0.05,0
oWg69wKINEo,UCaj7p2XHGqfBYb2OI-7Q2DA,2026-08-30 23:51:00,25188,233,70,119.91,120.17,0.09,0
oWj-PJomTd8,UCnCH3Uhv_ynhTNKEH6ekRtg,2026-08-08 06:25:53,9377,143,10,119.82,120.07,0.07,0
oWrTMhDqFl4,UCqjUPx-UAFHVvthd71bY7_g,2026-07-30 08:00:39,5133,29,26,119.99,120.24,0.01,0
oX7zkJp6A64,UC5Yx9RlmznXDUEIrfoSqheA,2026-08-09 01:42:50,6307,33,0,119.79,120.04,0.04,0
oXGbNb_gLrA,UCg5Ew4lj74r_ohbc4AeQj1w,2026-08-25 09:00:34,14056,786,78,120.0,120.0,0.0,0
oXGdwR6jHOE,UCZ49HaU_D0Tlf1aDA2jU_Vg,2026-07-23 09:11:41,6476,121,28,119.81,120.06,0.06,0
oXJE_D4Y7bw,UCooLkG0FfrkPBQsSuC95L6w,2026-07-31 17:28:12,21196,180,58,119.78,120.03,0.03,0
oXPx32JyzDM,UCJDXc9JWCZo-nLNKr_-L2Ng,2026-08-05 21:30:15,3921,152,5,120.0,120.0,0.0,0
oX_cw66tQto,UCt8CJiye87FMbEwt0npPMuQ,2026-07-26 12:00:07,68469,1724,161,120.0,120.0,0.0,0
oXo1rnJ0ppM,UCJGww2K__Q3y-MtDi0XWH2w,2026-08-09 05:13:07,143379,2537,154,119.78,120.03,0.03,0
oXuD2dvfH58,UCV6mNrW8CrmWtcxWfQXy11g,2026-08-05 06:00:23,1130697,35809,129,120.0,120.0,0.0,1
oY2bcI-vrCw,UCei_ecYpQqFjYhjLaDPr2Lw,2026-08-17 07:08:28,6588,70,10,119.86,120.11,0.11,1
oY6VW52Ouvc,UCifCesg-EUkjKyQedaB3hRg,2026-08-18 18:33:23,233471,2045,3,119.95,120.2,0.05,0
oY9nyOqOOdU,UCpcTrCXblq78GZrTUTLWeBw,2026-07-14 17:46:34,12041340,19443,168,119.98,120.23,0.02,0
oYNYpG4TdvU,UCZ6mNZTiTUrUSbSYPlclI4A,2026-08-26 07:31:26,97908,2100,168,119.99,120.24,0.01,1
oYNzb7qgHlw,UCby0vMKcLR05ZdS90aZd5og,2026-07-24 07:46:09,1881,5,0,119.98,120.23,0.02,1
oYOAfySuIE8,UCZCZHg_oJiHcrcj2vaPRCag,2026-08-14 09:00:13,434,0,0,120.0,120.0,0.0,1
oYWhcnuDLZ8,UCPGl9DV2WUgaqGVXtVrhJWQ,2026-08-31 09:21:12,6,0,0,119.91,120.16,0.09,0
oYcfYa8nd7s,UCpcTrCXblq78GZrTUTLWeBw,2026-08-28 10:30:36,28593,357,22,120.0,120.0,0.0,0
oYqblwBwtUQ,UCZ-UuK86Bk5sGzQQ2cEglJQ,2026-07-28 10:30:31,182508,1786,105,119.99,120.24,0.01,0
oYrglgN-2Qc,UCTmniSiCVyG_UKVCEa9PNKA,2026-08-05 05:05:50,6852,201,32,119.91,120.15,0.09,0
oYusbYXpFeg,UCZRH94I89Ps7giJYeK6DlWA,2026-07-28 03:00:31,36752,567,33,119.99,120.24,0.01,0
oZFAR0jM06Y,UCKUUL3fMVvYVZdGkKhhjP0A,2026-08-31 08:13:22,39729,803,17,119.79,120.04,0.04,1
oZILCGc_EAI,UCTmniSiCVyG_UKVCEa9PNKA,2026-08-20 16:48:30,2980,52,8,119.95,120.2,0.05,0
oZPswHhQV4Y,UCab17MxxnFtAhGsJVTkSkCg,2026-08-24 14:28:24,2104,20,0,119.79,120.04,0.04,0
oZXNHRgA62s,UCYJ0Ucu9jPX5kn6SeDcNaIQ,2026-08-06 21:05:22,244760,2140,147,119.91,120.16,0.09,0
oZt4WV5QEYk,UCOgXOOKbZRtfQvlggBpN6zw,2026-08-11 15:54:12,240,13,14,119.85,120.1,0.1,0
oZwX2zxF9H0,UCmZeuRfHYowZhf6odtoaNdg,2026-08-01 04:49:44,16080,150,18,119.92,120.17,0.08,0
o_09lcHX-rI,UCZaNYFjF_SRRJPVuGX7yMjQ,2026-07-30 12:48:56,21,2,0,119.94,120.19,0.06,0
o_5Z0HzLxhQ,UCdoTrHNHnoRbaQenxK5PEUg,2026-08-25 14:25:24,19,0,0,119.84,120.09,0.09,0
o_ZotXq6mUk,UChLqHuZV0PENIBYxDgXyPLQ,2026-07-26 01:21:17,10359,134,25,119.9,120.15,0.1,0
o_bMfXU4Lo4,UCJDXc9JWCZo-nLNKr_-L2Ng,2026-08-05 15:19:53,2367,94,5,119.92,120.17,0.08,0
o_cy0czNk_w,UC4VWaR3R17Ruc7j1Cy1-PKQ,2026-07-21 10:55:20,38,2,0,119.83,120.08,0.08,0
o_oEYPOeu5M,UCOTJtP0Z9DjpPU43B5m1V6A,2026-08-01 05:10:30,457522,2891,160,119.83,120.08,0.08,0
o_tviCVIG2A,UCt8CJiye87FMbEwt0npPMuQ,2026-08-30 14:15:38,81910,1115,44,120.0,120.0,0.0,0
o_xNW-bD1Mk,UCi5yzN6jpdz2akGTm-mJSKQ,2026-08-10 11:06:24,438,20,3,119.9,120.15,0.1,0
oaB1_t7rfo8,UCO94iFhOhtdGb4Ze5DUAtbw,2026-07-12 09:30:20,22374,186,8,120.0,120.0,0.0,0
oaHFaLreZNM,UCXNh3eUHXEkL7h1w1KYQRKQ,2026-08-26 09:02:04,39797,347,9,119.98,120.23,0.02,1
swBCSCxgn7Q,UCv1tOT645xHOJrwdGlzjMaA,2026-08-02 14:07:06,87732,1602,31,119.88,120.13,0.12,1
swJ7kZTYxao,UC6LLMkdyses2ugPRNEXutMQ,2026-08-02 10:15:36,13530,121,6,119.99,120.24,0.01,1
swKrZMA0K90,UCJDXc9JWCZo-nLNKr_-L2Ng,2026-08-29 20:00:37,2267,67,6,120.0,120.0,0.0,0
swgWq7Fwj4s,UCkrJBQAut47U8xMUuv8D_3g,2026-08-22 06:57:33,81159,2435,111,119.8,120.05,0.05,1
swgxty6apgs,UCOTJtP0Z9DjpPU43B5m1V6A,2026-08-12 02:30:16,113205,1310,199,120.0,120.0,0.0,0
swwMxBdPXJo,UCYGF_xk5RDpltyZDSx040uw,2026-07-23 11:19:53,92679,1261,66,119.92,120.17,0.08,1
swy4Onxyz50,UCw1DsweY9b2AKGjV4kGJP1A,2026-08-13 10:00:37,26202,139,31,119.99,120.24,0.01,0
sx5b0UwDfxg,UCyoKcrOcBEY4rmLYkDuXErA,2026-07-11 12:00:25,63324,1232,132,120.0,120.0,0.0,0
sxXyc5iUTnI,UCtGMgPWJNU2Aj-SNK0zg0Sg,2026-08-12 10:00:33,50968,491,52,119.99,120.24,0.01,1
sxdfSHkUjS0,UC-pobd8lZE33BSDz-iyHfJQ,2026-08-22 00:48:55,2270,13,0,119.94,120.19,0.06,0
sxnxjEIXYHQ,UC_e83kYlGHWbsrr8QCfV_ag,2026-07-24 12:09:31,11774,42,6,119.84,120.09,0.09,1
sy0bTrZmvCg,UCZJFaxsby9j3T6h0UVcCcCA,2026-08-13 09:17:29,161,5,5,119.96,120.21,0.04,0
sy5zlTFymek,UCdT2nXooUR-X_MdmbER25yQ,2026-08-05 00:00:40,698388,7337,110,119.99,120.24,0.01,0
syPjlFQ_vFU,UCUbOogiD-4PKDqaJfSOTC0g,2026-08-11 11:13:06,118021,766,214,119.78,120.03,0.03,0
syQGk1-rG6g,UCWU2V62eLE3oQ7AjIGS2STQ,2026-07-12 15:14:31,727,14,4,119.76,120.01,0.01,0
syVSGChkVMM,UCGa52d8Qlv3THghuCAt_nXA,2026-08-16 08:30:15,5206,68,10,120.0,120.0,0.0,0
sy_RPXg50x8,UCifCesg-EUkjKyQedaB3hRg,2026-08-09 22:56:03,7180,88,2,119.82,120.07,0.07,0
sydtDRwh7VE,UCrY2B2XX41ReYh9DIWrFfCg,2026-07-30 09:57:26,12961,,10,119.8,120.05,0.05,0
sygnic88uDQ,UCdVIcHpdbEQc65xwAxc_owQ,2026-08-10 06:39:01,53,1,1,119.85,120.1,0.1,0
sz1kD55cUBE,UCLHwMFguUxHVSk91vzicEJw,2026-08-05 06:16:38,23800,359,7,119.98,120.23,0.02,1
sz2UzrMp4lc,UCUae69frfqpKOB3BUMdX5Qw,2026-08-13 03:30:25,98781,900,123,120.0,120.0,0.0,0
sz7E9S2QYB8,UCnCFD3met1Ip7OngdF9TRDg,2026-07-28 05:01:58,6899,96,25,119.97,120.22,0.03,0
szFOzeAHc14,UC-FiQR2gg8oiNw98ZdsSX6Q,2026-08-10 15:00:36,1708,4,0,119.99,120.24,0.01,0
szHD39AkohM,UCkd3KAYGnTNPJZZrPOFeWhA,2026-08-30 00:15:33,24083,93,45,119.76,120.01,0.01,1
szKi5gSahyU,UCK8iWEZupSV2pmDMxtwdAmA,2026-07-31 01:04:26,469,14,0,119.93,120.18,0.07,0
szaNQXSuY8k,UCtVBI7YLJyDvrx7iWAukx_Q,2026-08-27 06:00:04,215071,4916,158,119.76,120.01,0.01,0
szbRWSJayFc,UC6aF-skLT_1X6cdPJxVJXxQ,2026-08-27 08:00:09,317088,5827,124,119.76,120.01,0.01,1
szfOd5gT2kk,UCYooECrv-fIXlPaDwEIaveA,2026-08-19 09:00:39,31057,811,13,120.0,120.0,0.0,1
sziSwV8Yg0M,UCqVkQsNin4MdGFrWvzFVOKw,2026-08-09 01:00:16,9147,209,7,120.0,120.0,0.0,0
sznWdqJBUds,UCk5mlvpbj8CZxD229CpiouA,2026-07-30 13:00:14,4719,171,16,120.0,120.0,0.0,0
szz0NqzBiO8,UCPGl9DV2WUgaqGVXtVrhJWQ,2026-07-10 14:01:55,2,0,0,119.97,120.22,0.03,0
t-0ir3beLD8,UCZ6mNZTiTUrUSbSYPlclI4A,2026-07-29 15:54:40,2436,26,7,119.84,120.09,0.09,0
t-0pK7uGfDo,UC3_QWAvQRhPW4CDoQU8acKw,2026-08-31 08:00:28,42114,512,32,119.76,120.01,0.01,0
t-378ixhgMY,UCrR_fhiJjoW8OJFzUcmlMMA,2026-07-31 09:00:10,37549,318,4,120.0,120.0,0.0,1
t-5o6HyyDjI,UC8E29ANOC3_OuB7_5EPY2xw,2026-07-21 09:26:34,468,2,0,119.81,120.06,0.06,1
t-F5jZr4JMs,UCZ-UuK86Bk5sGzQQ2cEglJQ,2026-07-19 10:30:13,138836,1761,113,120.0,120.0,0.0,0
t-Wq2kzybQE,UCyiKngyUPUb1bka4yFrn65g,2026-08-19 21:07:59,995,5,4,119.88,120.12,0.12,0
t-f2ayAkcXM,UCms8Ge7H1ZGgw6nV94fUhUQ,2026-08-19 09:00:35,7326,99,3,120.0,120.0,0.0,1
t-n2yuOVxG4,UCPGl9DV2WUgaqGVXtVrhJWQ,2026-07-31 15:00:09,109,1,0,120.0,120.0,0.0,0
t02lT4kn_bk,UCFrKhWvZ8oeJQTNP5ZabgJw,2026-07-24 07:00:07,622224,6798,461,120.0,120.0,0.0,1
t05GY6mg5TM,UCzVXdulvpgEoI8yuFMmhxJw,2026-08-31 04:45:39,176832,4543,282,120.0,120.0,0.0,0
t08Uf6JvVuM,UCPGl9DV2WUgaqGVXtVrhJWQ,2026-08-20 10:39:35,71,1,0,119.85,120.1,0.1,0
t0Cm9qK6laM,UCby0vMKcLR05ZdS90aZd5og,2026-08-27 12:05:06,5624,8,0,119.93,120.18,0.07,1
t0JR_bRZq-E,UCDnIK80iouL_rb_J6GybOlg,2026-07-19 11:29:44,2,0,,119.76,120.01,0.01,0
t0TIZNs-bj0,UCab17MxxnFtAhGsJVTkSkCg,2026-08-15 11:27:04,2204,34,6,119.8,120.05,0.05,0
t0TgWdvG3Q8,UCrKSaegnzewdj9-YLsUhoZw,2026-08-29 04:39:43,39930,116,62,119.85,120.1,0.1,0
t0kBrEA4QFk,UCV7WE8I_UiAN0fa6Arezx_w,2026-07-24 22:00:00,92,0,0,120.0,120.0,0.0,0
t0usxooDoOA,UCMiOzwzeNwlZUTFLNtzgRTg,2026-08-05 14:22:59,43,1,0,119.87,120.12,0.12,0
t0vd-B0uMes,UCQSEAbOs6vsJfy7WN7iYaGQ,2026-08-15 21:40:13,49213,1232,26,119.83,120.08,0.08,0
t13cl2DNISQ,UCT-UsvGz4gm7lezXvCEex9A,2026-07-29 10:00:31,13408,241,14,119.99,120.24,0.01,1
t14zDCHJGCA,UCwfbSsZ7_sccxcibe60mWlQ,2026-08-16 15:00:21,11742,48,13,120.0,120.0,0.0,0
t18gTLJHvpU,UCcstDLbuhxEbFKkPZ6wST2A,2026-07-29 09:00:24,26559,88,20,120.0,120.0,0.0,0
t1BswUk9dbo,UCPsZX-D7LW99PjZLA-UysPQ,2026-08-03 09:00:26,793,8,7,120.0,120.0,0.0,0
t1JblQc7bl8,UCBvKuSAkXERBnGSQOH0Sarw,2026-08-05 18:24:24,10519,85,1,119.85,120.1,0.1,0
t1JcVCxk_iw,UC3pTpoDKt17IrCDH60kSNPA,2026-07-22 09:00:20,579,17,5,120.0,120.0,0.0,0
t1KbERv9xM0,UCHeg3ApmuXQbqqszaD1fR9g,2026-07-23 02:00:10,12989,246,17,120.0,120.0,0.0,1
t1UYa1l0feY,UCI4wEWWBEElIbp9jHcFllTw,2026-08-25 09:32:53,12003,98,0,119.96,120.21,0.04,0
t1liitYvsH8,UCYJDUekoQz0-bo8al1diLWQ,2026-08-10 03:33:24,722506,12393,224,119.95,120.2,0.05,1
t1xxu2hzvVY,UC1dG3vI9FfHnH3YgyeKUz_A,2026-08-22 14:32:29,150314,840,152,119.97,120.22,0.03,0
t2FMBZt5XpE,UC3RzmV2LX3AmWhZVx0A7u0A,2026-08-21 07:00:22,84769,2217,106,119.76,120.01,0.01,1
t2HrMMuNAnU,UCi1Tln5CFg1yExpz8djyxjA,2026-08-25 18:56:43,5749515,214711,903,119.82,120.07,0.07,1
t2NzJ0fpM3I,UCQuY08EEKLFOp0D37Sfpd0A,2026-08-14 09:00:22,1859,51,9,120.0,120.0,0.0,0
t2t3vumIuHA,UC_9W6Z5Y3lDpLk47Y_y5ITQ,2026-08-29 11:31:05,60697,242,50,119.99,120.24,0.01,0
t31T8zMZUdI,UC2NFRq9s2neD_Ml0tPhNC2Q,2026-07-29 02:30:25,167323,2598,235,119.99,120.24,0.01,0
t3734MSesYE,UCp6n8d8Y8r3MwKNw_MMaouQ,2026-08-26 18:25:49,37826,350,12,119.83,120.08,0.08,0
t3MPXXJ2GzQ,UCVWAdUQGUiY2Kzh0JoB5PtQ,2026-07-30 09:00:38,2588,45,16,119.99,120.24,0.01,0
t3Oj0wVRWlc,UCyZtdaxIiGb4wp5AmkEMrwQ,2026-08-11 03:37:59,86745,1848,32,119.87,120.12,0.12,1
t3aWppPIhck,UCPsZX-D7LW99PjZLA-UysPQ,2026-08-22 06:00:04,2298,19,14,119.76,120.01,0.01,0
t3uqE586x9I,UCZ-B_El841ME7qGXvYinGmw,2026-07-31 14:42:47,4935,87,18,119.79,120.04,0.04,0
t4-p2udLcaE,UCpcTrCXblq78GZrTUTLWeBw,2026-07-19 01:00:23,227961,2769,428,119.99,120.24,0.01,0
t44al_zjDog,UC6YqXiwCBfPvPTs3wXgWElQ,2026-08-07 02:59:03,0,1,0,119.77,120.02,0.02,0
t45HbBRpXY4,UCSzHok6X5qXEO7cjvVnE62g,2026-08-04 10:00:34,27307,109,17,119.99,120.24,0.01,0
t4BQhssJua0,UCPGl9DV2WUgaqGVXtVrhJWQ,2026-08-11 15:00:09,193,1,0,120.0,120.0,0.0,0
t4FjrIio9so,UCt8CJiye87FMbEwt0npPMuQ,2026-07-16 18:02:53,5720,179,16,119.95,120.2,0.05,1
t4FvJfhmRN4,UCV7WE8I_UiAN0fa6Arezx_w,2026-07-20 04:00:26,53,0,0,119.99,120.24,0.01,0
t4MR4HCj6xw,UC9M8GGVwPqc9ubNruArCNPg,2026-08-07 06:00:07,251758,1356,42,120.0,120.0,0.0,1
t4TzxUxbOW8,UCpX86JOUhnrzG7MK8e8Gjbw,2026-07-26 14:32:44,31479,88,6,119.96,120.21,0.04,1
t4WY7jp9iHY,UC-FiQR2gg8oiNw98ZdsSX6Q,2026-07-26 11:00:34,4303,31,6,119.99,120.24,0.01,0
t4gqs8yYOnU,UCnkytUgy0CtWd06up9CjNxg,2026-08-28 15:07:11,583096,3867,988,119.89,120.14,0.11,0
t4hlyiQzE1s,UC9qwDE50UcXvdplRNZKEoPA,2026-07-29 13:53:48,2539,53,11,119.86,120.11,0.11,0
t4nMLYz2k5k,UCS3_H_feQRm4QbXipKTvSrw,2026-07-18 12:00:13,26722,416,48,120.0,120.0,0.0,0
veOleBS4n6k,UCqVkQsNin4MdGFrWvzFVOKw,2026-08-30 01:32:12,11884,186,0,119.98,120.23,0.02,0
vePi0Uj4-so,UCXAXCxTCCYYKsLJNzEvjqfw,2026-08-04 13:17:22,23955,311,138,119.96,120.21,0.04,0
veR0mnJJGDE,UCPGl9DV2WUgaqGVXtVrhJWQ,2026-07-14 10:05:31,4,0,0,119.91,120.16,0.09,0
vea0eZf-3uQ,UCY_vDlvG-BTDRIOk_I9QQ6g,2026-08-06 04:20:27,2126,11,12,119.91,120.16,0.09,0
velu2-HtsKQ,UC9nWoDbRAl3-fvreBNeStKQ,2026-08-04 08:49:32,3028,18,2,119.93,120.18,0.07,0
venZWJdb_I4,UCwBkHOTyu57NQi0syf5MLig,2026-08-23 06:00:21,390143,3158,44,119.76,120.01,0.01,1
vf4FNPkOAcU,UCV7WE8I_UiAN0fa6Arezx_w,2026-08-08 03:00:25,47,1,0,120.0,120.0,0.0,0
vfDyJmKGtss,UCGVy07wZs8W-EpKAGchrmCQ,2026-07-27 11:00:36,8775,76,12,119.99,120.24,0.01,0
vfKDkqwoRng,UCn2E0CVlb421-JjY9-Oydsg,2026-07-14 12:33:29,4,0,0,119.94,120.19,0.06,0
vfN-zN5N1vA,UCv1tOT645xHOJrwdGlzjMaA,2026-08-18 10:00:36,6676,59,1,120.0,120.0,0.0,1
vfVZHx5EObc,UCbItyvYa6cqvqtwlU2E9-wA,2026-07-31 02:38:17,6824,490,30,119.86,120.11,0.11,0
vfgOnghe71Q,UCsrLyevZL_AEZY0LaYVCYzA,2026-08-05 10:20:19,106,6,4,119.91,120.16,0.09,0
vflNen8EL94,UCtGMgPWJNU2Aj-SNK0zg0Sg,2026-08-26 16:10:57,3484,15,0,119.83,120.08,0.08,0
vfpLdrcpE8Y,UCfIUuMA7U_jImP7oWfTe4Pw,2026-08-07 12:21:15,339958,3905,1181,119.9,120.15,0.1,0
vg-xf1g5Jhg,UCw1DsweY9b2AKGjV4kGJP1A,2026-08-10 07:55:37,538215,1530,55,119.83,120.08,0.08,1
vg50jOFb5vs,UCpcTrCXblq78GZrTUTLWeBw,2026-07-17 12:30:35,41594,374,38,119.99,120.24,0.01,0
vg8gNMxlW4Y,UCgvtwZJPhSfbKOxh3EoVXng,2026-08-08 22:41:26,14,1,0,119.81,120.06,0.06,0
vgElTes-pmI,UCV6mNrW8CrmWtcxWfQXy11g,2026-08-14 03:10:45,26392,501,9,119.82,120.07,0.07,0
vgGq0dCicIw,UCQJuZxeDv2P05YHcC-tIEVQ,2026-07-20 08:00:05,26989,348,33,120.0,120.0,0.0,0
vgLudah-hYY,UCpwGBltfwjd_fIzp5cb5R0w,2026-08-22 12:43:08,211360,5026,263,119.79,120.04,0.04,1
vga8aO4Uj4o,UCRq3CDTZ2qe3HiHrZdQKBvQ,2026-08-29 11:08:27,4277,42,6,119.87,120.12,0.12,1
vgcFau8dZPs,UCGi94VU356EAvQLgODywyrA,2026-08-28 21:44:58,9446,87,2,119.76,120.01,0.01,0
vgjvJgDoYkY,UCPuD5ZRQWa_JCaY5NokNhtg,2026-07-28 13:25:16,540,10,3,119.83,120.08,0.08,0
vglg5HMxNac,UCmwZePdbUmncnpQptdPH2Jg,2026-08-29 13:19:04,30,2,1,119.95,120.2,0.05,0
vgq35PHpLzs,UCZRH94I89Ps7giJYeK6DlWA,2026-07-24 03:00:29,55410,665,75,119.99,120.24,0.01,0
vgsoZqPdI04,UCbItyvYa6cqvqtwlU2E9-wA,2026-08-25 21:51:23,10814,543,44,119.91,120.16,0.09,0
vh2HDok5Aw0,UCqlcSsDNMYxEsem7bWY-66Q,2026-08-23 09:03:04,14948,310,44,119.97,120.21,0.03,0
vh2Nyd4pfrk,UCBTsPtRCh6ln3IRQFjhjh1A,2026-07-12 09:00:16,9339,65,20,120.0,120.0,0.0,0
vhBGC2IRs2M,UC_m_uqd_9s0hZvlgfvCzqbQ,2026-08-13 01:22:58,1131,6,1,119.87,120.12,0.12,1
vhITz_BS35A,UCp9skQ2mP_DfVL8c3gZQUzg,2026-08-25 20:15:49,20894,167,96,120.0,120.0,0.0,0
vhJreJXUfWc,UCzSODDx0zQF3nxXOZISCm_w,2026-08-14 08:26:34,687,1,0,119.81,120.06,0.06,1
vhNxzolVQDg,UCPsZX-D7LW99PjZLA-UysPQ,2026-08-20 15:00:02,1137,14,1,120.0,120.0,0.0,0
vhXDybTF0M8,UCIKORyfTZ0cN-u0hrxHcgUw,2026-08-16 11:34:36,48,0,2,119.93,120.18,0.07,0
vhdElL_GjHk,UCT-UsvGz4gm7lezXvCEex9A,2026-07-23 08:00:34,295,16,1,119.99,120.24,0.01,0
vhoRTbLtzdM,UCt8CJiye87FMbEwt0npPMuQ,2026-08-19 14:00:20,2898,87,8,119.76,120.01,0.01,1
vhpc5YD4Oy4,UCFHUplScMiWTjJrtv4hxWmg,2026-07-25 07:28:59,35856,266,17,119.77,120.02,0.02,0
vi3Qpjp-00g,UCmZeuRfHYowZhf6odtoaNdg,2026-08-30 06:27:43,86264,431,229,119.8,120.05,0.05,0
vi7WJtZVu9k,UCNRnCc0hg3ZcKdOGXKKv5Ww,2026-08-12 09:15:21,24696,167,15,120.0,120.0,0.0,1
vieruYSRvd0,UCwlUB3goOsh4tpqZKIzUAbA,2026-08-23 14:13:02,26125,271,154,119.79,120.04,0.04,0
vigUrQdcuxo,UCEeib6HEHy95EGWUevS4RcA,2026-08-21 14:50:04,1146,2,0,119.93,120.18,0.07,1
vihXZkFxc2M,UCdF0eCyf5np3lPO4y1fJVdw,2026-08-01 03:00:36,3747,147,7,119.99,120.24,0.01,0
vihwghHrvXQ,UCdK9h1ILxS49c2LguBUY3rw,2026-08-12 12:00:29,3,2,0,120.0,120.0,0.0,0
vjHeJsWo2us,UCab17MxxnFtAhGsJVTkSkCg,2026-08-02 09:29:25,537,15,0,119.76,120.01,0.01,0
vjXvOMG4YNI,UCNNR1-x2NhZARsNGnQlh2sQ,2026-08-15 11:00:13,15131,58,3,120.0,120.0,0.0,0
vjzwtCyfCrA,UCktXAh1Sd7wf8eQHc029-8g,2026-08-27 04:53:05,9082,23,12,119.88,120.13,0.12,0
vk9hYOoY_H0,UCpwGBltfwjd_fIzp5cb5R0w,2026-08-29 12:30:01,293981,5488,182,119.77,120.02,0.02,1
vkGd-EE-xCc,UCpI-AhCT02iQRGLC2ZcY0Jw,2026-07-26 09:42:52,25801,309,292,119.79,120.04,0.04,0
vkKiXXBP9dE,UC3gl4CHfNtAqNjju1goB0_w,2026-08-13 13:38:28,1064,28,3,119.86,120.11,0.11,0
vkex_9KSO2g,UC783XWULPW-nDGv_0EYlB6Q,2026-07-22 09:30:11,66686,1385,30,120.0,120.0,0.0,1
vkxYKMS52Sw,UCbItyvYa6cqvqtwlU2E9-wA,2026-07-26 13:00:27,9706,565,30,119.99,120.24,0.01,0
vl2IMAkIMVc,UCZ6mNZTiTUrUSbSYPlclI4A,2026-07-23 04:48:37,30292,578,22,119.94,120.19,0.06,1
vlLpfjlagI8,UCIvLQ5lZ2kebqnLaGv_FP4w,2026-08-13 00:49:54,10173,36,0,119.92,120.17,0.08,0
vlNzH0O_R_0,UCW_Ptq0v8ck67w9oKiwXz2g,2026-08-30 02:12:15,248,1,0,119.81,120.06,0.06,0
vlO9RYNBQew,UCkd3KAYGnTNPJZZrPOFeWhA,2026-08-21 08:00:34,99816,311,96,119.75,120.01,0.01,1
vlTtOgL-FWw,UCIigIgtZ65TiGQSmnVJaUCQ,2026-08-21 07:57:34,593442,14380,1476,119.8,120.06,0.06,0
vlZSpj1pm98,UCPuD5ZRQWa_JCaY5NokNhtg,2026-08-13 13:18:49,352,11,3,119.94,120.19,0.06,0
vledeRfL8fY,UCnju7ULBic4VgkCfDvVXCnA,2026-07-25 20:25:54,41902,675,1,119.82,120.07,0.07,0
vm-0DinWx90,UC60HSePkZwGFzRj6VSDa6Ew,2026-08-28 14:51:52,6570,57,8,119.9,120.15,0.1,0
vmCGMgmuOZU,UCL_IvtOZo6sONpiydbzzHpA,2026-08-22 01:03:08,40136,629,67,119.96,120.21,0.04,0
vmFh1CWmqsE,UC0PMQXAwF6O6aeTpv962miA,2026-08-27 20:19:45,47259,1023,206,119.93,120.18,0.07,0
vmV6CmaGYYw,UCNRnCc0hg3ZcKdOGXKKv5Ww,2026-08-15 03:15:39,3589,59,9,119.99,120.24,0.01,0
vmXN3tVhU-4,UCt8CJiye87FMbEwt0npPMuQ,2026-07-15 16:00:29,3624,137,19,119.99,120.24,0.01,0
vml0ysB0enk,UCOTJtP0Z9DjpPU43B5m1V6A,2026-08-24 02:37:23,104620,1096,121,119.89,120.14,0.11,0
vmpEZ7CIUKE,UCOaUTqrtz1yBBiwziVJEAmQ,2026-07-28 17:21:05,5091,27,9,119.9,120.15,0.1,1
vmqrtsaZO4s,UCksGX0hODm1Ev6mysrToMqg,2026-08-31 05:43:28,29187,613,49,119.79,120.04,0.04,0
vmyCq-Wmh0U,UCOTJtP0Z9DjpPU43B5m1V6A,2026-08-29 12:00:22,263808,1670,82,119.76,120.01,0.01,1
vn4-0hm1fi8,UCutaHUD-Oos2EBNNEwd4QQg,2026-07-22 09:00:04,20292,441,69,120.0,120.0,0.0,0
vn5vnWqU_QM,UCFrKhWvZ8oeJQTNP5ZabgJw,2026-07-27 11:54:42,260973,1987,244,119.84,120.09,0.09,1
vnA-sLlkPUI,UCFsJVl9V9fSIZA1uS3gMu-w,2026-08-20 06:00:20,103926,1236,344,120.0,120.0,0.0,0
vnKh-gcd9Qk,UCikKJvpU0Ylua4hRW6faQRg,2026-08-18 23:16:53,3527,81,1,119.98,120.23,0.02,0
vnSoHi7hzLo,UCXAXCxTCCYYKsLJNzEvjqfw,2026-07-31 01:55:22,69063,928,535,119.83,120.08,0.08,0
vnX2FZh76bQ,UCepHesz_5Lwr7qRaqjB-p1A,2026-07-30 04:00:33,23892,463,97,119.99,120.24,0.01,0
vnxVsI-3Nyg,UCRBNiwBsPydOaIxV-jTe5hA,2026-08-12 08:30:20,141288,3113,56,120.0,120.0,0.0,1
vo7iZ-qe6CA,UC14G5tdSndPhP47RTVgMXcg,2026-08-15 10:02:23,639,24,1,119.96,120.21,0.04,0
voA1YrBu1ZM,UC543-TDm6IvHHZXwdSFioMw,2026-08-23 12:00:04,7844,41,0,119.76,120.01,0.01,1
voEEpkto62M,UCv1tOT645xHOJrwdGlzjMaA,2026-07-24 13:18:04,43815,809,28,119.95,120.2,0.05,1
voEO-Pap5YI,UCdK9h1ILxS49c2LguBUY3rw,2026-08-12 11:15:31,9,0,0,119.99,120.24,0.01,1
voL2LzMNR3g,UCV7WE8I_UiAN0fa6Arezx_w,2026-07-11 10:00:20,111,2,1,120.0,120.0,0.0,0
voLzzPS00z4,UCarBV0zWlC2k-HteyeKqfag,2026-08-02 14:26:32,443,43,0,119.81,120.06,0.06,0
voRxjTSNEJE,UCnV5tUnOVGyT-Ncj0s0tPTw,2026-07-15 02:19:03,3569,58,35,119.93,120.18,0.07,0
r52iB0gCfyg,UCIH7bdyhaJ0nD7jIcgqmQbQ,2026-08-31 07:57:35,336534,4777,48,119.8,120.06,0.06,1
r5Cw_82M-O4,UCv1tOT645xHOJrwdGlzjMaA,2026-08-23 13:21:47,36706,343,58,119.9,120.15,0.1,0
r5HKeVE0wMI,UC1sELGmy5jp5fQUugmuYlXQ,2026-08-18 15:00:10,1399608,58398,1819,119.76,120.01,0.01,1
r5WgT-Ur4fo,UCtVBI7YLJyDvrx7iWAukx_Q,2026-08-16 06:00:06,2725,79,28,120.0,120.0,0.0,0
r5dLB68c5tg,UCZ6mNZTiTUrUSbSYPlclI4A,2026-07-24 14:03:50,2402,38,15,119.94,120.19,0.06,0
r5hwN_7nATs,UCJN5mgLqkPCTVC5v-12gKjQ,2026-08-15 14:00:35,2717,149,37,119.99,120.24,0.01,0
r5rghwdKGIg,UCkNUuK9EfixaK2HbJYZ5YrQ,2026-08-28 01:39:31,24156,1333,41,119.85,120.1,0.1,1
r5yunhBb_UQ,UCSl8TBqqflby-ymdEQVfRNQ,2026-07-24 17:31:59,21405,224,42,119.97,120.22,0.03,1
r644DnHZcuA,UC7SIaeUWuuIrWTIOBpayDVQ,2026-08-05 04:05:12,19241,270,64,119.92,120.17,0.08,0
r6C9qgkQkoQ,UCPsZX-D7LW99PjZLA-UysPQ,2026-08-06 12:00:30,337,3,4,119.99,120.24,0.01,0
r6YaP5R6Cj8,UCV7WE8I_UiAN0fa6Arezx_w,2026-07-24 17:00:30,67,0,0,119.99,120.24,0.01,0
r6q4MPklAIA,UCV7WE8I_UiAN0fa6Arezx_w,2026-07-11 20:00:27,133,2,0,119.99,120.24,0.01,0
r71pUBM6OBM,UCKttwyzsHvW7bCo7YfTacVQ,2026-08-07 18:56:20,1555,16,0,119.81,120.06,0.06,0
r78PWMxPfyQ,UCJZsABKjWUGbT0qf3MsXH8w,2026-08-29 10:58:41,34153,187,27,119.78,120.03,0.03,0
r7HqCzhEycs,UCt8CJiye87FMbEwt0npPMuQ,2026-07-14 14:30:16,2376,49,7,120.0,120.0,0.0,1
r7SzQuIoGp8,UCMswODzU1ZjjrLyUk7NfwPA,2026-08-23 07:55:04,79035,877,31,119.84,120.1,0.1,1
r7nwCTTma0Y,UCOMVY7jsl569k0UYXWv3OgQ,2026-08-01 07:20:43,11,1,1,119.91,120.16,0.09,1
r7wOpk54Lck,UCHeg3ApmuXQbqqszaD1fR9g,2026-07-13 02:00:09,12399,281,15,120.0,120.0,0.0,1
r7yxMZi8YqA,UCFrKhWvZ8oeJQTNP5ZabgJw,2026-08-16 13:55:49,91793,897,194,119.82,120.07,0.07,1
r86qLos2sFU,UCTDBdmaY4m3ipZaLiYA6FWg,2026-08-03 22:30:15,6392,76,26,120.0,120.0,0.0,0
r8KengPGXMg,UCRpdlPk671uOMiBtf5HtB3Q,2026-08-19 09:54:03,24560,235,87,119.86,120.11,0.11,0
r8clfipkYEM,UC_9W6Z5Y3lDpLk47Y_y5ITQ,2026-07-25 22:56:25,21087,190,20,119.81,120.06,0.06,0
r8mMLhTA4LE,UC_HX7WdiAWRZgcG7aOYtCNg,2026-08-08 22:58:14,106790,4819,401,119.78,120.03,0.03,0
r8oNcmOIlM4,UCI3DTtB-a3fJPjKtQ5kYHfA,2026-08-24 02:00:16,2691,34,3,119.76,120.01,0.01,0
r8yun0ANuxM,UCMQheF8kFOZjCEbBRhYvROA,2026-07-23 11:16:34,7,0,0,119.97,120.22,0.03,0
r90k85pyEeg,UCPuD5ZRQWa_JCaY5NokNhtg,2026-08-15 16:34:18,322,9,4,119.93,120.43,0.07,0
r99Kvj-zNho,UC7bcRlidTERRb_MKRHPVSnw,2026-07-22 12:03:16,101056,1271,78,119.95,120.2,0.05,0
r9Y1AGsgARs,UCPuD5ZRQWa_JCaY5NokNhtg,2026-08-14 08:05:36,336,7,3,119.91,120.16,0.09,0
r9_bW63fdYo,UCoSniqkitCpxlHrQd5L8A1w,2026-08-06 22:53:09,908,9,0,119.87,120.12,0.12,0
r9eu3sdMmf8,UCvAetSOU_4lyjM5hVMNzN0Q,2026-08-21 16:40:20,41718,384,28,119.84,120.09,0.09,1
r9laREosheE,UC2NFRq9s2neD_Ml0tPhNC2Q,2026-08-21 02:30:19,54504,1075,31,120.0,120.0,0.0,1
r9yFS-dNY5k,UCz5LAkkX66OAW-y_WiWf9vA,2026-08-04 10:15:06,19208,63,8,120.0,120.0,0.0,1
rA6BeBxXUr4,UCjiXXUsdl0F0aUkTbv8ZVTA,2026-08-07 15:34:09,5531,71,35,119.93,120.18,0.07,0
rAVxrBDFMYI,UCgLFbrC7-g0ihBKB0obVPTg,2026-08-07 15:55:34,443,7,1,119.83,120.08,0.08,0
rAXjp9wNNu4,UCV7WE8I_UiAN0fa6Arezx_w,2026-07-19 17:00:35,264,0,0,119.99,120.24,0.01,0
rAZvr0dkEjU,UCjsqgRBvkn8XadWraSQxTKQ,2026-07-22 15:54:11,245,2,0,119.85,120.1,0.1,0
rAfH3hd5RI0,UC_9W6Z5Y3lDpLk47Y_y5ITQ,2026-08-29 00:12:57,33948,264,31,119.8,120.05,0.05,0
rAgubDHgoeY,UCoSniqkitCpxlHrQd5L8A1w,2026-07-15 12:44:26,14416,41,6,119.76,120.01,0.01,1
rAh61qjGta0,UCA9f2-9fUklMMOaz8vKW7Jw,2026-08-17 14:03:40,90,3,0,119.94,120.19,0.06,0
rAti8cjpC-8,UCaN1Qp37sHiCdQuSaXa3fVw,2026-08-31 06:00:27,241136,5699,93,119.76,120.01,0.01,1
rAtu6XMB_ic,UCmcBe97VA2LqVEQUeeZl6Ew,2026-08-28 09:00:37,162525,430,87,120.0,120.0,0.0,0
rAysB5-NckM,UC_F-jhf8uO0fzrM7NQwvs3Q,2026-08-14 02:48:46,13,0,0,119.94,120.19,0.06,0
rBAivKT8Xz0,UCw1DsweY9b2AKGjV4kGJP1A,2026-08-04 15:35:38,9782,64,17,119.91,120.16,0.09,0
rBHLs6_VyA0,UCrKSaegnzewdj9-YLsUhoZw,2026-08-11 23:49:10,9703,59,16,119.93,120.18,0.07,0
rBMLIuPL4LA,UCJN5mgLqkPCTVC5v-12gKjQ,2026-07-24 11:00:15,2573,79,29,120.0,120.0,0.0,0
rBVaqiCMdsA,UCr4WCOxirRA-BzVu-MH_WqQ,2026-07-13 10:00:05,5276,40,4,120.0,120.0,0.0,1
rBwxaQU5SIo,UCUt2AEhC-OOC2EPCzj4DkCw,2026-08-01 07:01:52,4891,114,11,119.97,120.22,0.03,0
rC063VvGxFo,UCYG8tuvbQzWsDeoADyJFU8Q,2026-08-19 18:37:52,3197,56,6,119.88,120.13,0.12,0
rC7N13DwkbI,UCby0vMKcLR05ZdS90aZd5og,2026-07-27 06:15:02,3532,6,0,120.0,120.0,0.0,1
rCSDxh38s3s,UCV7WE8I_UiAN0fa6Arezx_w,2026-07-15 13:00:22,157,1,1,120.0,120.0,0.0,0
rCibTC1eeG0,UCkd3KAYGnTNPJZZrPOFeWhA,2026-08-15 10:22:33,13848,50,32,119.88,120.13,0.12,0
rCm0KUw490U,UCw1DsweY9b2AKGjV4kGJP1A,2026-08-04 12:00:09,1204373,8641,130,120.0,120.0,0.0,1
rCnpMwrzA_E,UC0-ZCUCeCQBwKU15x0Aqk_g,2026-08-30 06:00:26,819200,4032,47,119.75,120.01,0.01,1
rD0Dm64Lvps,UC8aCmG_y4DqqVI9Xlcym1Jg,2026-08-23 23:00:35,171,15,0,119.75,120.01,0.01,0
rDOPkNlXdlE,UCPuD5ZRQWa_JCaY5NokNhtg,2026-08-15 02:31:59,374,5,2,119.97,120.22,0.03,0
rDQBBJxcCi0,UCMswODzU1ZjjrLyUk7NfwPA,2026-08-01 04:30:27,181815,1712,24,120.0,120.0,0.0,0
rDST1NA9PBw,UCIOY-akTwtohcU0QB5ksjaA,2026-07-30 13:50:48,586,2,0,119.91,120.16,0.09,0
rDejJZ-ztcU,UCjOtzpfj5lF9erwTEQYkxtQ,2026-08-02 03:00:14,32921,655,50,120.0,120.0,0.0,0
rDeknIWgqxM,UCdK9h1ILxS49c2LguBUY3rw,2026-07-25 10:45:22,1341,3,5,120.0,120.0,0.0,1
rDfA2LH0jgU,UC-2JsFNClcIesgd7UmtGnpw,2026-07-11 02:00:02,5070,252,26,120.0,120.0,0.0,0
rDuqTmg6Rjo,UCIXQkaLrM7_t87SEM_pmHpA,2026-08-19 05:53:16,2372,15,17,119.87,120.13,0.13,0
rE8MR-fMRks,UCIxcZWLQpP-mUZC6_Uljc_Q,2026-08-27 14:50:08,26352,46,21,119.93,120.18,0.07,0
rE8RQk1YA4g,UCby0vMKcLR05ZdS90aZd5og,2026-08-10 03:15:57,3712,6,2,119.99,120.24,0.01,1
rEYIH9onltM,UCabScupufwcOzAdcVXZrmlg,2026-08-05 07:00:09,11309,158,29,120.0,120.0,0.0,0
rElfCxXHI4U,UCmiTZyj9GwMjyznZxrgCH4Q,2026-08-15 01:40:24,11023,163,32,119.83,120.08,0.08,0
rEwrMmcZq7M,UCY_vDlvG-BTDRIOk_I9QQ6g,2026-07-23 01:46:25,2988,17,9,119.98,120.23,0.02,0
rF4N6Co33g4,UC-pobd8lZE33BSDz-iyHfJQ,2026-08-20 00:54:59,871,5,0,119.84,120.09,0.09,0
rFiil-fymPU,UCuWDza8A_ntbjwBZgW0ZSNw,2026-08-02 03:44:05,60643,1070,19,119.77,120.02,0.02,1
rFsSus4SCz0,UCos3GN2gX0wLcfuhOAiMotQ,2026-08-11 10:09:50,39836,309,38,119.84,120.09,0.09,0
rG5SCBNEXWA,UCrKSaegnzewdj9-YLsUhoZw,2026-08-25 04:29:40,36516,185,256,119.77,120.02,0.02,0
rGHagLSMZvs,UCulcJNJPF25ncT7GvJm6iEg,2026-08-25 09:59:30,14684,656,80,119.77,120.02,0.02,0
rGJ9eNJRt0Y,UCtRiSpvkhtRXaSjVjEB9LKg,2026-08-20 09:19:36,1556,16,4,119.93,120.18,0.07,0
rGnvYFvOF_g,UC59jWhPazXYi8Ny4vake45A,2026-08-06 12:41:49,40932,984,18,119.81,120.06,0.06,1
rGqy3ccPob4,UCHeg3ApmuXQbqqszaD1fR9g,2026-08-16 14:03:49,105,4,0,119.94,120.19,0.06,0
rGv16vEgY80,UCDBAVzfX3yZ1hah0FHnOoaA,2026-08-15 13:01:23,379644,1896,190,119.98,120.23,0.02,0
rGv7yfCyXts,UC59jWhPazXYi8Ny4vake45A,2026-08-13 09:38:52,98308,3414,32,119.86,120.11,0.11,1
rH1fMudXUEw,UCdb5lyq0tWbY3jqH35SufmA,2026-08-26 05:32:03,48501,254,9,119.98,120.23,0.02,0
rHAIShgDAOM,UC-yb5eNBQyXBE9nZnht9u-g,2026-08-08 05:00:21,10030,411,15,120.0,120.0,0.0,1
rHJlltunL_M,UCBmPfbqvGwTTfrV-H_UOfdw,2026-08-17 05:00:39,265994,2656,29,119.99,120.24,0.01,1
rHQoBVQCimc,UCzps05UZ7XpX3SFoFyYIDow,2026-08-09 11:37:00,37934,212,196,119.89,120.14,0.11,0
rHs7_BsQjyo,UCU0-6z_KU9AShyR9J6gcFGw,2026-08-25 01:01:04,460,6,0,119.99,120.24,0.01,0
oaKCJSio_g0,UCnhGcri8x6xhehanhAe9ipw,2026-08-26 10:15:21,41339,398,82,119.75,120.01,0.01,1
oaZlfObbtKs,UCta3D5-EYqO-pduQLxQ8mNQ,2026-08-13 08:30:21,1929,12,5,120.0,120.0,0.0,0
oaj8CBI0xOI,UCuXE-MdbuaZcPt_2J2kSsSQ,2026-07-11 11:01:30,31,1,0,119.98,120.23,0.02,0
oajX3xws8QA,UC2yOBpLVwB7kzt9C5ZPbB7w,2026-08-05 12:00:00,180664,2508,161,120.0,120.0,0.0,1
oakvB6vHbnQ,UCybfHuHkJRzGDymek2Dsqvw,2026-08-06 22:00:05,244048,7374,63,120.0,120.0,0.0,0
oavaZyNIsOA,UCSzHok6X5qXEO7cjvVnE62g,2026-08-08 06:00:10,50940,248,46,120.0,120.0,0.0,0
ob1j6Lmz6_w,UCV6mNrW8CrmWtcxWfQXy11g,2026-08-25 19:00:15,187093,5110,150,119.76,120.01,0.01,1
ob4cWx50-LI,UCvPDPTxTLitVEyGu4Xt6m8g,2026-08-24 11:35:38,21900,214,9,119.92,120.17,0.08,0
ob51fC2P88o,UCCiKOocVSjyb2rsbL_Aanhw,2026-08-20 01:21:38,61870,159,36,119.89,120.14,0.11,1
obKZewl8YLg,UCzDyC6JMEXEufozffWzI9Mg,2026-08-26 04:00:26,233819,1784,53,119.76,120.01,0.01,1
obKmj_2zE9Y,UCWVS5IJOkNnkKS5rjiAt9rw,2026-07-26 19:31:33,8472,78,0,119.98,120.23,0.02,0
obNX2xuwI1c,UCbItyvYa6cqvqtwlU2E9-wA,2026-08-04 13:06:08,10775,593,32,119.9,120.15,0.1,0
obVDYB3OogA,UC543-TDm6IvHHZXwdSFioMw,2026-08-07 11:00:25,48111,601,39,120.0,120.0,0.0,0
obbkagQNxyE,UCV7WE8I_UiAN0fa6Arezx_w,2026-08-22 17:00:29,29,0,0,120.0,120.0,0.0,0
obhGS14C1Bg,UCRLoyYlPR9ufzlbeI9lLDqg,2026-08-24 09:00:27,8299,333,50,120.0,120.0,0.0,0
obhghhs92_Y,UC60HSePkZwGFzRj6VSDa6Ew,2026-08-23 00:16:40,20611,421,27,119.98,120.23,0.02,1
objVENjQA3w,UC4cKHOBS-nRfKFTwf1n8HGA,2026-08-03 08:57:52,31,,0,119.79,120.04,0.04,0
ocK8jS1ZFFU,UCirJgPv8RtFaFMj39b6cD8Q,2026-08-01 03:00:12,31908,173,8,120.0,120.0,0.0,1
ocLfmKHcGig,UCOTJtP0Z9DjpPU43B5m1V6A,2026-07-24 05:30:17,471264,2673,85,120.0,120.0,0.0,1
ocRiUhmsFYU,UCBY9rOZPo0fLE45mOV0s0cw,2026-07-30 07:11:10,177,0,0,119.82,120.07,0.07,0
ocTTL0pCt2g,UCuWDza8A_ntbjwBZgW0ZSNw,2026-08-22 03:31:00,6970,47,8,119.99,120.24,0.01,0
ocVWdi5pQdE,UC3hCAmwyYNgRuOOSFV7evVA,2026-08-24 10:30:14,150973,356,39,119.76,120.01,0.01,1
occe1Lbqzuk,UCHCeN9BUgogMGrHBC6zKYvA,2026-07-26 06:05:49,6973,123,21,119.91,120.16,0.09,0
ocjBwkwv0Po,UC3DYSay178fMMPaf3zHwECA,2026-08-02 04:15:06,14207,398,22,120.0,120.0,0.0,0
ocjKmr5V-7U,UCcum1rCJ5GJeQ_xv0xrohqg,2026-08-11 04:00:32,58070,2556,413,119.99,120.24,0.01,0
odBdzK9EBSs,UCPsZX-D7LW99PjZLA-UysPQ,2026-08-08 00:00:13,2226,17,8,120.0,120.0,0.0,0
odistQ93KBw,UCby0vMKcLR05ZdS90aZd5og,2026-08-11 09:04:46,28844,18,2,119.92,120.17,0.08,1
odmVXi3xRfs,UC3ozN5tHi449NhCDE6Xtmwg,2026-07-20 14:23:04,44466,244,9,119.87,120.12,0.12,1
odwMS7mMwug,UCV7WE8I_UiAN0fa6Arezx_w,2026-08-30 11:00:35,192,0,0,119.75,120.01,0.01,0
oe2W1TXlNsM,UC3RzmV2LX3AmWhZVx0A7u0A,2026-07-16 07:00:09,164087,3072,208,120.0,120.0,0.0,0
oe9LiA8RDrU,UCkd3KAYGnTNPJZZrPOFeWhA,2026-07-31 14:55:21,17534,52,14,119.83,120.08,0.08,0
oeArNJLriUE,UCAl4HWznMn7KhKBRFO5eiFA,2026-07-14 06:00:26,1842,12,0,119.99,120.24,0.01,1
oeHFr995XhM,UC3_QWAvQRhPW4CDoQU8acKw,2026-08-12 02:00:04,36952,512,342,120.0,120.0,0.0,0
oeMJ1dI5f9k,UCOTJtP0Z9DjpPU43B5m1V6A,2026-08-22 09:30:01,106014,1042,78,119.76,120.01,0.01,0
oeN0qXr4FaM,UChfA8Yu8dk5k78UzaM6tsRw,2026-08-02 04:24:04,75114,1100,21,119.85,120.1,0.1,1
oe_vl3DHLr4,UCaN1Qp37sHiCdQuSaXa3fVw,2026-08-08 07:00:34,100703,2006,66,119.99,120.24,0.01,1
oecFIhWnpz8,UCws1FXlgdkXB-3FKN_lqgiw,2026-07-26 03:08:59,71,2,0,119.85,120.1,0.1,0
oejSYKjXk7M,UCQyZh4b4TLaSVldnDWnh7fA,2026-07-22 12:50:44,2,0,0,119.91,120.16,0.09,0
oen8aqtlZmI,UCxtZZzggcfOmsW99gYkxsNA,2026-08-12 05:00:17,3272,80,33,120.0,120.0,0.0,0
oepCr2SDwGc,UCOaUTqrtz1yBBiwziVJEAmQ,2026-08-19 12:43:51,2850,170,7,119.78,120.03,0.03,1
oeplPgW6YeM,UCV6mNrW8CrmWtcxWfQXy11g,2026-08-22 23:00:11,52046,1730,47,119.76,120.01,0.01,1
oepznBY_kMY,UCnCFD3met1Ip7OngdF9TRDg,2026-08-23 05:55:14,17265,145,18,119.84,120.1,0.1,0
of0B2Ixvtns,UCuCmLrNT5MbpqfrSSKHqTug,2026-07-16 08:00:39,14081,124,41,119.99,120.24,0.01,0
of8ySCMRVh4,UCvx8JsZvDVER74lG39dN9nw,2026-08-20 22:00:13,5682,139,13,119.76,120.01,0.01,0
ofQSIdBhfkA,UCwBkHOTyu57NQi0syf5MLig,2026-08-23 12:07:20,200869,979,41,119.89,120.14,0.11,1
ofnOnjYmkhw,UCby0vMKcLR05ZdS90aZd5og,2026-08-13 15:58:31,352,3,0,119.78,120.03,0.03,0
ogCQn9ZEllA,UCCW6uYIUP4YKKe50k-ktVAw,2026-08-01 08:00:06,63453,1370,132,120.0,120.0,0.0,0
ogD2Q09AVng,UCFJAOgvqcc3fPqdu7fTl-zA,2026-08-27 07:00:39,6208,84,19,120.0,120.0,0.0,1
ogQQ1uqp8aU,UCrKSaegnzewdj9-YLsUhoZw,2026-08-17 04:30:04,33973,177,182,120.0,120.0,0.0,0
ogYALYMPJNs,UC3RzmV2LX3AmWhZVx0A7u0A,2026-07-28 07:00:33,80254,1956,163,119.99,120.24,0.01,1
ohCFO2dFsdo,UCSOeJWyByeoBHpmrm0NnlLw,2026-08-01 00:00:37,65608,989,90,119.99,120.24,0.01,0
ohNNBFYNB3E,UCV7WE8I_UiAN0fa6Arezx_w,2026-08-22 12:00:08,23,1,0,119.76,120.01,0.01,0
ohOypxzQPVs,UCcoJiq6MyAqJeo3urxjDqrg,2026-08-13 09:37:23,587,32,42,119.88,120.13,0.12,0
ohSTYmib6sI,UCElXDMEQqlUnuyDbChjARWQ,2026-08-13 10:37:59,274,1,0,119.87,120.12,0.12,1
ohl1-4WGzY8,UCuwnt_REmD4YsCtFJRoqjFw,2026-07-18 04:21:15,235700,1659,291,119.9,120.15,0.1,0
ohm98cTiPHI,UCV6mNrW8CrmWtcxWfQXy11g,2026-07-29 23:00:35,132560,8868,141,119.99,120.24,0.01,1
ohmZYNbPVSs,UCby0vMKcLR05ZdS90aZd5og,2026-07-13 14:20:22,600,5,0,119.91,120.16,0.09,1
ohtYMuCY_Vg,UCw1DsweY9b2AKGjV4kGJP1A,2026-08-20 08:30:38,113265,281,29,120.0,120.0,0.0,1
ohumt_QyDWs,UCY_vDlvG-BTDRIOk_I9QQ6g,2026-07-12 15:34:35,2377,19,1,119.93,120.18,0.07,0
ohvp5-Fo6Q0,UCei_ecYpQqFjYhjLaDPr2Lw,2026-07-12 15:54:27,59,4,0,119.84,120.09,0.09,0
oi1ZViDp9YA,UC9nWoDbRAl3-fvreBNeStKQ,2026-08-20 21:02:27,40600,276,51,119.97,120.22,0.03,1
oiFenWhqrzE,UCikKJvpU0Ylua4hRW6faQRg,2026-08-30 02:24:02,5929,69,0,119.86,120.11,0.11,0
oiJaC65Iccs,UCAl4HWznMn7KhKBRFO5eiFA,2026-07-22 14:50:29,3886,23,0,119.91,120.16,0.09,1
oiNbDwMfqrY,UC8x8GQmlxAIhHxzU61z0uLQ,2026-07-21 14:00:08,1307,10,7,120.0,120.0,0.0,0
oihTLYtdBK0,UCs0LzOveQMLImmmTrMmP2sg,2026-08-06 03:00:36,40176,258,84,120.0,120.0,0.0,0
oin-ycmrp3Y,UC_2x8h1QrTHOO0i4Yiss-ww,2026-08-02 22:00:14,351665,3558,85,120.0,120.0,0.0,1
oipL9I-dtKw,UCvrxJgD0T_TFvgsO2nA-fDQ,2026-07-17 18:38:16,175862,1347,355,119.86,120.11,0.11,0
oiviPZnZRq8,UCV7WE8I_UiAN0fa6Arezx_w,2026-07-14 23:00:35,47,0,0,119.99,120.24,0.01,0
oiyGWS_TWTU,UCw1DsweY9b2AKGjV4kGJP1A,2026-08-10 08:01:22,37101,211,34,119.98,120.23,0.02,0
ojAdh4Ej3WE,UCt8CJiye87FMbEwt0npPMuQ,2026-08-28 18:30:14,52450,1282,30,119.76,120.01,0.01,1
ojPZAnbp4xY,UC4cKHOBS-nRfKFTwf1n8HGA,2026-07-23 08:16:51,1641,,6,119.97,120.22,0.03,1
ojVWpTwrF78,UCLJNL66b_LytPcZovqz5pkg,2026-08-30 16:17:19,19015,413,46,119.97,120.23,0.03,0
ojf1p9-unBM,UCuWDza8A_ntbjwBZgW0ZSNw,2026-08-21 08:00:28,235224,4157,103,119.75,120.01,0.01,1
ojhh_2cvXrY,UC3DYSay178fMMPaf3zHwECA,2026-07-27 08:00:12,69258,1901,23,120.0,120.0,0.0,1
ojjCXQ8Njzs,UCJmnOEp1-OITEU0mk4icM5A,2026-07-25 12:00:33,35376,956,96,119.99,120.24,0.01,0
ojsxbm_I3cA,UC5ThQKdocwo_9UurfT5P_ww,2026-08-13 13:54:40,307064,4415,352,119.84,120.09,0.09,1
ojuNFVxEttA,UCkd3KAYGnTNPJZZrPOFeWhA,2026-08-25 04:05:35,33691,114,34,119.92,120.17,0.08,1
okAhOGdfq0c,UCE8JC9RAVSudDT_8Ji1fuPQ,2026-08-16 05:11:18,126011,1408,193,119.82,120.07,0.07,1
okDbBC4iATk,UCPGl9DV2WUgaqGVXtVrhJWQ,2026-08-10 14:04:39,22,0,0,119.93,120.18,0.07,0
okGiCZc6k4s,UCPGl9DV2WUgaqGVXtVrhJWQ,2026-08-05 15:00:14,12,0,0,120.0,120.0,0.0,0
okJu1vopLA0,UCifCesg-EUkjKyQedaB3hRg,2026-08-07 01:28:57,44776,915,33,119.77,120.02,0.02,1
t4r4Ds_7R9Q,UCeiDuGZqWT4iiIXRTfhM3qQ,2026-08-15 22:44:02,6568,174,0,119.77,120.02,0.02,0
t5C8pmJeXLc,UCyN9yU_YNGDG6z3PN8sC3KA,2026-08-24 06:20:03,2798,17,8,119.93,120.18,0.07,0
t5gAm61cbDY,UCOTJtP0Z9DjpPU43B5m1V6A,2026-08-12 09:49:37,143688,1222,120,119.93,120.18,0.07,0
t5naV9F3ZnE,UCXVVG5ZM3SJJCh94xatR8Dg,2026-07-23 06:00:27,680,5,0,119.99,120.24,0.01,1
t5xfLkF-f98,UCulcJNJPF25ncT7GvJm6iEg,2026-08-15 11:29:11,96746,1629,31,119.77,120.02,0.02,1
t69XlQeDJ9w,UCSGKRGHGqP8W11G-SxsMaOw,2026-08-17 10:55:47,1425,65,28,119.82,120.07,0.07,1
t6M4Jr9lB5o,UCBTsPtRCh6ln3IRQFjhjh1A,2026-08-16 12:00:01,219896,996,50,120.0,120.0,0.0,0
t6OmxD3fLDA,UCkmUJzaZfP7Wsb5-89pAK4Q,2026-08-20 17:33:48,3260,57,0,119.95,120.2,0.05,0
t6SmjB1duCw,UC3ST9mXJaXpuuOfIa6rqLTQ,2026-08-23 22:11:29,92,0,0,119.82,120.07,0.07,1
t79hbEaYiEs,UCv1tOT645xHOJrwdGlzjMaA,2026-07-24 10:06:17,14174,122,35,119.9,120.15,0.1,0
t7GK-Rp5KEw,UCOgXOOKbZRtfQvlggBpN6zw,2026-08-18 16:06:40,734,21,4,119.9,120.15,0.1,0
t7KWXsd3B2M,UCksGX0hODm1Ev6mysrToMqg,2026-08-25 04:52:47,15263,318,39,119.88,120.14,0.12,0
t7NCkVAKgVE,UC9zmo9x1o7xAfgM1Fw3Dg4g,2026-08-21 08:00:12,91713,3288,256,119.76,120.01,0.01,1
t7Tj-m1kbw8,UCNRnCc0hg3ZcKdOGXKKv5Ww,2026-07-24 09:15:00,4368,69,6,120.0,120.0,0.0,0
t7kZIV7d30g,UCNu00qhYj4nPeMNdxuwV6sg,2026-07-20 13:38:54,1182,37,0,119.85,120.1,0.1,0
t86FmqefANI,UC_Xb6sEXAdNv9nHU4988vmg,2026-08-06 10:00:26,71430,,1,119.75,120.25,0.25,1
t8Mo9nJWDZo,UCXVVG5ZM3SJJCh94xatR8Dg,2026-08-06 07:00:05,610,8,3,120.0,120.0,0.0,1
t8UPjECKomc,UCJNEIbzzpRl-l1iGdD2BxGg,2026-08-08 06:51:12,8643,67,30,119.9,120.15,0.1,0
t8jowaSjQjM,UCby0vMKcLR05ZdS90aZd5og,2026-07-30 03:11:44,1986,5,4,119.81,120.06,0.06,1
t8npMxSwJ2k,UCZ6mNZTiTUrUSbSYPlclI4A,2026-07-24 14:06:05,623,16,5,119.9,120.15,0.1,0
t8oYZ0Jm6jM,UCqRz_-l3GCmWb92u8P33RYQ,2026-07-24 12:30:38,17139,222,30,119.99,120.24,0.01,0
t8thm-ZZeKA,UC5WN-znPsJK0BbA8aHxZHWQ,2026-07-23 14:00:37,7233,94,3,119.99,120.24,0.01,1
t9AC8x7wpZg,UC4VWaR3R17Ruc7j1Cy1-PKQ,2026-07-22 08:03:52,101,3,5,119.94,120.19,0.06,0
t9B_TwKHsTE,UCSkCNddZwo__x-iUr-KDFWw,2026-08-28 08:18:42,240666,1446,203,119.95,120.2,0.05,0
t9QZ0cQ9esg,UCvrxJgD0T_TFvgsO2nA-fDQ,2026-08-09 17:47:49,109278,2749,476,119.96,120.21,0.04,0
t9RLe8jawU8,UCikKJvpU0Ylua4hRW6faQRg,2026-07-29 22:33:57,2787,70,0,119.94,120.19,0.06,0
t9SXVwybOVo,UCY_vDlvG-BTDRIOk_I9QQ6g,2026-07-14 02:35:26,2675,17,7,119.91,120.16,0.09,0
t9efeHa2JHQ,UCbFzvzDu17eDZ3RIeaLRswQ,2026-08-19 11:15:58,324588,7016,984,120.0,120.0,0.0,0
t9o3KfjhlVY,UC2k1bSUZ4X02jMs_sTS9jiQ,2026-08-15 12:00:06,13090,259,28,120.0,120.0,0.0,0
t9rokg0OWZc,UCV6mNrW8CrmWtcxWfQXy11g,2026-08-31 10:00:27,599775,25627,138,120.0,120.0,0.0,1
t9tc2k2cGeM,UCrR_fhiJjoW8OJFzUcmlMMA,2026-08-03 07:00:36,6478,67,23,119.99,120.24,0.01,0
t9vZDOoTvkk,UCab17MxxnFtAhGsJVTkSkCg,2026-08-07 21:22:23,433,9,0,119.88,120.13,0.12,0
tA1qg7bYeuw,UCEqUCm2j9Na3y_ebrEIjBRw,2026-08-12 16:28:35,0,0,0,119.78,120.03,0.03,0
tAGLCyDx1Ow,UCV6mNrW8CrmWtcxWfQXy11g,2026-08-09 23:01:38,70585,1245,11,119.97,120.22,0.03,0
tATYOEiNA-4,UCw1DsweY9b2AKGjV4kGJP1A,2026-07-11 09:17:30,41226,196,12,119.96,120.21,0.04,1
tAYlynHr3YQ,UC1q4Ihlv_YhLELw-ijE0Diw,2026-08-04 11:36:51,175337,3264,298,119.89,120.14,0.11,0
tAhDPAL8y7k,UCab17MxxnFtAhGsJVTkSkCg,2026-08-23 15:02:20,2712,33,0,119.97,120.22,0.03,0
tB4TFYGocrQ,UCY_vDlvG-BTDRIOk_I9QQ6g,2026-08-04 16:53:34,2072,24,0,119.86,120.11,0.11,0
tBEK-Mt2hEY,UC3hCAmwyYNgRuOOSFV7evVA,2026-07-27 10:00:18,26361,222,11,120.0,120.0,0.0,0
tBVjn1nRYr8,UCYjNEoVziojh1ZCum1q0PNQ,2026-07-27 01:15:19,32647,660,27,120.0,120.0,0.0,1
tBbfLCDz6LI,UCp6n8d8Y8r3MwKNw_MMaouQ,2026-08-21 18:48:43,99498,976,11,119.95,120.2,0.05,1
tBnNhneKMDY,UCDUpJh1Ek3plo34sGriwe-w,2026-08-06 21:15:27,2781,123,4,120.0,120.0,0.0,0
tCIymPsGjwI,UCgLFbrC7-g0ihBKB0obVPTg,2026-07-28 12:09:19,137,7,0,119.85,120.1,0.1,0
tCSJ6ijsGpo,UCNmN3W2H0r5_hV2drzbEn7Q,2026-08-26 19:32:18,48141,303,14,119.97,120.22,0.03,0
tCYqImOGlv8,UCPuD5ZRQWa_JCaY5NokNhtg,2026-07-24 10:49:41,674,13,6,119.92,120.17,0.08,0
tCcVDlnVjGg,UCOTJtP0Z9DjpPU43B5m1V6A,2026-08-23 02:46:29,184878,1418,120,119.99,120.24,0.01,0
tChoH_t5ezM,UCN8YcyYvYIrtLcwyT-KqbNg,2026-08-28 11:00:24,32358,450,11,119.76,120.01,0.01,1
tCtWQBcUUD8,UC5ScPjbt-a97AJO7SBj6nAg,2026-08-27 08:30:38,214749,3931,275,120.0,120.0,0.0,0
tDHRlFzG5fY,UCdQHEqTxcFzjFCrq0o4V7dg,2026-08-08 00:15:19,47415,2384,177,120.0,120.0,0.0,0
tDO5nkBvBUI,UCXg-6b0X0sIMBDHhbyBuOQg,2026-07-12 11:00:27,132,8,0,119.99,120.24,0.01,1
tDYtagEIcOg,UCFrKhWvZ8oeJQTNP5ZabgJw,2026-07-29 09:11:53,115616,738,74,119.81,120.06,0.06,1
tDcUT3b0gJw,UCPsZX-D7LW99PjZLA-UysPQ,2026-07-31 12:00:21,408,5,0,120.0,120.0,0.0,0
tDdD6gheVgc,UCYJ0Ucu9jPX5kn6SeDcNaIQ,2026-08-21 00:13:04,45518,348,37,119.8,120.04,0.04,0
tDlN1FhUA50,UCaN3tSrrzIrXSDonEe7LK9A,2026-07-26 08:00:04,3002,45,4,120.0,120.0,0.0,0
tDpZicAGkF4,UCnMshUhBxDsKFPnxBGmGEpg,2026-08-21 07:26:41,386,4,2,119.82,120.07,0.07,0
tDzwELhGjoE,UCAl4HWznMn7KhKBRFO5eiFA,2026-08-01 10:00:10,5639,142,44,120.0,120.0,0.0,0
tE-nvRtFUGI,UC8aCmG_y4DqqVI9Xlcym1Jg,2026-08-20 12:30:25,724,18,0,120.0,120.0,0.0,0
tECF39MoCNM,UCq0fwcojiA7ztN0FgTEgfXA,2026-08-07 07:44:40,75,0,0,119.76,120.01,0.01,0
tEOjeHwyxcM,UCBtJuwDt6LlXp2YASC-ZMdA,2026-08-17 11:00:11,375,1,0,120.0,120.0,0.0,1
tEV66g_NReA,UCOLDn9gw0yegXRgjoi5MzNQ,2026-08-04 02:27:00,405,7,1,119.8,120.05,0.05,0
tEjwsuT4-is,UCp6n8d8Y8r3MwKNw_MMaouQ,2026-08-07 20:18:44,203103,1662,4,119.94,120.19,0.06,0
tEnYRLpA2rE,UCg5Ew4lj74r_ohbc4AeQj1w,2026-08-07 04:15:18,12886,489,22,120.0,120.0,0.0,1
tFIVaU-7cvA,UCqIwPYLfMd3EoWYwvyTjPnA,2026-07-19 10:00:14,10657,45,5,120.0,120.0,0.0,0
tFTslX5_yWQ,UCuXE-MdbuaZcPt_2J2kSsSQ,2026-07-18 13:54:02,155,0,0,119.85,120.1,0.1,1
tFXJO3fyaS0,UCPGl9DV2WUgaqGVXtVrhJWQ,2026-07-17 08:32:31,73,0,0,119.96,120.21,0.04,0
tFf5HTws5Rw,UCJDXc9JWCZo-nLNKr_-L2Ng,2026-08-18 14:00:24,2691,113,6,120.0,120.0,0.0,0
tFfNk918R6s,UCJDXc9JWCZo-nLNKr_-L2Ng,2026-07-28 12:00:16,3903,137,12,120.0,120.0,0.0,0
tFy8Q-qpEwE,UCpcTrCXblq78GZrTUTLWeBw,2026-08-14 13:30:32,164765,3065,256,119.99,120.24,0.01,0
tFyuK7LjU1k,UCoSniqkitCpxlHrQd5L8A1w,2026-08-14 22:30:58,2845,21,10,119.99,120.24,0.01,0
tGeufvQ1Dnw,UCD2YO_A_PVMgMDN9jpRrpVA,2026-07-23 12:27:10,772522,5317,695,119.8,120.05,0.05,0
tGhQeQIGh-Q,UCpcTrCXblq78GZrTUTLWeBw,2026-08-18 05:30:08,15945,416,39,119.75,120.01,0.01,0
tGiU33uKrQ0,UCV7WE8I_UiAN0fa6Arezx_w,2026-07-21 09:00:09,47,1,0,120.0,120.0,0.0,0
tGkSTsiPlnI,UCr4WCOxirRA-BzVu-MH_WqQ,2026-07-19 10:00:04,9588,42,2,120.0,120.0,0.0,1
tGkTqv5uAfs,UC46X_E7jxvJ1O_3gnaeCxeg,2026-07-21 04:04:15,35849,545,69,119.93,120.18,0.07,0
tGoQer5YZ5o,UCt8CJiye87FMbEwt0npPMuQ,2026-08-06 12:45:39,23415,1293,131,119.99,120.24,0.01,0
tGpPFfmr6ns,UCt8CJiye87FMbEwt0npPMuQ,2026-07-17 12:30:10,4577,178,33,120.0,120.0,0.0,0
tGs6FsvE_Uo,UCepHesz_5Lwr7qRaqjB-p1A,2026-08-11 09:00:03,60239,1076,103,120.0,120.0,0.0,0
tGwKAZ57--Y,UC2t5bjwHdUX4vM2g8TRDq5g,2026-08-04 17:19:37,20784,680,101,119.93,120.18,0.07,0
tH-ON2fIo5U,UCgLFbrC7-g0ihBKB0obVPTg,2026-08-16 13:19:51,283,12,0,119.92,120.17,0.08,0
tHLzPA-7yFg,UC-aXNBQ6nwMNeW2V8XB7sBg,2026-08-16 01:00:10,91126,1119,66,120.0,120.0,0.0,1
tHPXyxOGHfQ,UC4ncZM9bnBknxPkJbq4miHQ,2026-08-18 12:13:13,23266,478,81,119.79,120.04,0.04,0
vodzpBJQs-c,UCpcTrCXblq78GZrTUTLWeBw,2026-07-18 18:30:23,573330,9135,926,119.99,120.24,0.01,0
vofmp6Dtfvo,UCaN1Qp37sHiCdQuSaXa3fVw,2026-08-21 07:15:46,185208,3826,183,120.0,120.0,0.0,1
voj2lOSQnGI,UCw1DsweY9b2AKGjV4kGJP1A,2026-08-29 07:45:05,45233,92,5,119.76,120.01,0.01,1
voqCTSZUaiA,UC8x8GQmlxAIhHxzU61z0uLQ,2026-08-08 01:44:05,1544,13,0,119.77,120.02,0.02,0
vp0bxKGZgX0,UCpcTrCXblq78GZrTUTLWeBw,2026-07-12 21:25:16,6423350,53617,1039,119.83,120.08,0.08,1
vpIbDuuiz8g,UCNNR1-x2NhZARsNGnQlh2sQ,2026-08-14 09:00:33,42918,90,44,120.0,120.0,0.0,0
vpOgB_YgXQY,UCsrLyevZL_AEZY0LaYVCYzA,2026-08-31 23:00:05,586,6,4,119.76,120.01,0.01,0
vpk7Wz7mwRE,UC-okJdotaXPlzivRzHFqzuA,2026-08-26 16:10:30,87037,2251,3,119.84,120.09,0.09,0
vppkBtKNhQs,UC14G5tdSndPhP47RTVgMXcg,2026-08-15 09:58:53,1069,48,3,119.77,120.02,0.02,0
vqYaD4vBBxw,UCBtJuwDt6LlXp2YASC-ZMdA,2026-08-21 03:00:11,1111,6,1,119.76,120.01,0.01,1
vqbMFvuDtlw,UCab17MxxnFtAhGsJVTkSkCg,2026-07-31 16:33:40,816,11,0,119.94,120.19,0.06,0
vqh_WS8N3Lo,UCt8CJiye87FMbEwt0npPMuQ,2026-08-15 14:15:36,13660,634,43,119.99,120.24,0.01,0
vqpwVluytsE,UCV7WE8I_UiAN0fa6Arezx_w,2026-08-29 05:00:37,609,0,0,120.0,120.0,0.0,0
vqznR0pjIy0,UCqPN9LAkx20aBWOafwvQB-Q,2026-08-19 23:00:17,101860,4152,273,120.0,120.0,0.0,0
vr3O0tpr2BE,UChLqHuZV0PENIBYxDgXyPLQ,2026-08-29 09:51:16,122825,656,68,119.91,120.16,0.09,0
vr76nAWb9ic,UCiVO_mThS9B3tNc_kzpn-3g,2026-08-08 23:00:14,33585,763,17,120.0,120.0,0.0,1
vr7DF3vBAEQ,UC-yb5eNBQyXBE9nZnht9u-g,2026-08-09 11:34:58,10216,171,5,119.92,120.17,0.08,1
vraJ6DOHj8E,UCzps05UZ7XpX3SFoFyYIDow,2026-08-30 13:16:45,5851,142,5,119.98,120.23,0.02,0
vrk-8MyOo38,UCAl4HWznMn7KhKBRFO5eiFA,2026-07-23 15:21:43,4502,19,0,119.89,120.14,0.11,0
vryt84Ziljk,UCt8CJiye87FMbEwt0npPMuQ,2026-08-14 13:30:20,3335,122,51,120.0,120.0,0.0,0
vs0SywKzbas,UCElXDMEQqlUnuyDbChjARWQ,2026-08-12 10:31:15,1011,1,0,119.98,120.23,0.02,0
vs1Nq1kpiDY,UCw1DsweY9b2AKGjV4kGJP1A,2026-08-23 14:00:13,6205,34,32,119.76,120.01,0.01,0
vs4m_kcslls,UC3DYSay178fMMPaf3zHwECA,2026-07-11 04:15:06,28508,835,42,120.0,120.0,0.0,0
vs7oJH1uIX8,UC4VWaR3R17Ruc7j1Cy1-PKQ,2026-08-29 06:38:35,388,3,0,119.87,120.12,0.12,0
vs88rjcpEmo,UCOTJtP0Z9DjpPU43B5m1V6A,2026-08-28 09:30:27,442788,1812,367,120.0,120.0,0.0,0
vsBUJRckVHk,UCwBkHOTyu57NQi0syf5MLig,2026-08-08 06:00:22,382151,2003,68,120.0,120.0,0.0,1
vsQ1yYdBbWU,UCt8CJiye87FMbEwt0npPMuQ,2026-08-11 13:30:10,115510,7688,255,120.0,120.0,0.0,1
vsV25qVeDu8,UCZCZHg_oJiHcrcj2vaPRCag,2026-08-08 09:00:22,127,0,0,120.0,120.0,0.0,0
vsd3oxcyN0M,UCSfhr4gDPFsKuwdmTOWp2jw,2026-08-20 09:30:14,1503,12,6,120.0,120.0,0.0,0
vstQ3wsCTy8,UCw1DsweY9b2AKGjV4kGJP1A,2026-08-07 10:00:22,146021,743,182,120.0,120.0,0.0,0
vstYhogTYcE,UCNu00qhYj4nPeMNdxuwV6sg,2026-08-19 12:33:33,1607,36,0,119.95,120.2,0.05,0
vstkkOrzamI,UCjiXXUsdl0F0aUkTbv8ZVTA,2026-08-17 16:30:02,15329,763,6,120.0,120.0,0.0,1
vswDnn3PZfs,UCgLFbrC7-g0ihBKB0obVPTg,2026-08-31 00:12:54,351,4,0,119.8,120.05,0.05,0
vt0VlFUSUrs,UCAl4HWznMn7KhKBRFO5eiFA,2026-08-07 13:33:49,39314,208,10,119.94,120.19,0.06,0
vt7Lfke3nes,UCV7WE8I_UiAN0fa6Arezx_w,2026-08-11 00:00:39,17,0,0,119.99,120.24,0.01,0
vtPN3bu8oi4,UCPGl9DV2WUgaqGVXtVrhJWQ,2026-08-21 15:00:37,18,0,0,120.0,120.0,0.0,0
vtTpwTKwe6U,UCpcTrCXblq78GZrTUTLWeBw,2026-07-16 19:01:04,104596,944,56,119.98,120.23,0.02,0
vtYVMKemR2k,UCSfhr4gDPFsKuwdmTOWp2jw,2026-08-11 09:30:22,49,1,0,120.0,120.0,0.0,0
vtf-3KE6C40,UCAgZP6qUjcVjZsGWtW-l6lw,2026-08-21 11:02:01,208,3,2,119.98,120.23,0.02,0
vtqF6Y81wDY,UCURO0ruYWvFPhsSTmAVu29Q,2026-07-26 09:00:22,1837,45,8,120.0,120.0,0.0,0
vu2S-QTPaP8,UC5ScPjbt-a97AJO7SBj6nAg,2026-08-28 08:30:37,158539,2855,422,120.0,120.0,0.0,0
vu79cLYOHk0,UC5ThQKdocwo_9UurfT5P_ww,2026-08-11 02:33:06,273562,3351,103,119.95,120.2,0.05,1
vuDg9So8Kps,UC-FiQR2gg8oiNw98ZdsSX6Q,2026-08-13 04:00:18,818,2,0,120.0,120.0,0.0,0
vuK467dqvGY,UCvfEv6nBnL0QlKqyGmL0orQ,2026-07-25 07:41:43,16966,109,35,119.81,120.06,0.06,0
vuL71osnQNI,UCxPMcxq7WJ32M3lnFn58Cpg,2026-08-14 09:27:00,20622,63,22,119.8,120.05,0.05,0
vuNBmjI6pvQ,UCtGMgPWJNU2Aj-SNK0zg0Sg,2026-08-20 09:30:21,32767,379,36,120.0,120.0,0.0,1
vufz5eWVzGs,UCO94iFhOhtdGb4Ze5DUAtbw,2026-07-19 02:00:24,19986,367,3,119.99,120.24,0.01,0
vujMwpA4fvU,UCiEMsnnzti6PDNi8TAlSnFw,2026-08-12 02:20:36,38,,0,119.91,120.16,0.09,0
vuqcXVS1jQU,UCZ6mNZTiTUrUSbSYPlclI4A,2026-08-19 06:41:40,13195,515,3,119.82,120.07,0.07,1
vuzs3MOjiAo,UC2yOBpLVwB7kzt9C5ZPbB7w,2026-08-11 10:00:03,85582,1174,35,120.0,120.0,0.0,1
vv5HBd7mHHo,UCr4WCOxirRA-BzVu-MH_WqQ,2026-08-07 11:33:41,5458,40,10,119.94,120.19,0.06,1
vv7g6yvTfp4,UCw1DsweY9b2AKGjV4kGJP1A,2026-08-17 07:45:05,283512,585,195,120.0,120.0,0.0,1
vvLEJCxRDkU,UCmwZePdbUmncnpQptdPH2Jg,2026-08-24 17:49:36,20,1,0,119.94,120.19,0.06,0
vvPWR2pRGkw,UCBY9rOZPo0fLE45mOV0s0cw,2026-08-04 07:48:00,319,3,0,119.95,120.2,0.05,0
vvPvqW8oT2A,UCzps05UZ7XpX3SFoFyYIDow,2026-08-04 07:49:55,91060,514,148,119.92,120.17,0.08,0
vvSOSAeYxDw,UCzDmGDR5RdahQkLCBoWlTEg,2026-08-13 09:00:17,6415,39,2,120.0,120.0,0.0,1
vvf983JI6rE,UCjBPx2oip2bKnnfqKyas0ew,2026-08-03 13:30:05,3058,71,9,120.0,120.0,0.0,1
vvl2rZ3Ogc4,UCN5oT4zGJX-_H6pE5isAEeg,2026-08-03 03:00:12,341987,5332,550,120.0,120.0,0.0,1
vvzr75E_z34,UCYsRymb9vAsOOLBy-Wo1kRg,2026-07-21 07:10:23,2296,31,14,119.83,120.08,0.08,0
vw5pJzfGMzY,UCqlcSsDNMYxEsem7bWY-66Q,2026-07-26 09:03:04,8803,238,16,119.95,120.2,0.05,0
vwRmj5roG40,UCD8r5Jgns2V64-NcUmXclpg,2026-08-26 03:15:09,192460,753,144,119.76,120.01,0.01,0
vwTX9oozETc,UC6aF-skLT_1X6cdPJxVJXxQ,2026-07-24 08:00:08,177423,5306,283,120.0,120.0,0.0,0
vwaqHBBSRsY,UC-2wa6jvprl7hfCpvw0ULzg,2026-08-26 08:00:35,35148,449,161,120.0,120.0,0.0,0
vwemnn9slKI,UC3DYSay178fMMPaf3zHwECA,2026-08-19 04:15:07,21636,439,49,119.76,120.01,0.01,0
vwlDdjE-kvM,UCBmPfbqvGwTTfrV-H_UOfdw,2026-08-24 20:41:59,135261,1700,39,119.81,120.06,0.06,1
vwlm0CpqfKw,UCby0vMKcLR05ZdS90aZd5og,2026-08-18 03:47:06,2143,5,0,119.97,120.22,0.03,1
vwnR-XqCB14,UCWZqSCSNZT3X8e_HyCJoXMg,2026-07-25 13:00:33,17730,711,14,119.99,120.24,0.01,1
vx6O1rV1OJI,UC3hqiw3lZAXaMwhQvMGZkdw,2026-08-24 13:15:16,2660,20,13,120.0,120.0,0.0,0
vx7nMDRwO98,UCvPDPTxTLitVEyGu4Xt6m8g,2026-07-24 11:35:06,16785,157,22,119.92,120.17,0.08,0
vxBbqBsHkhA,UC_m_uqd_9s0hZvlgfvCzqbQ,2026-08-16 14:25:58,1202,3,0,119.82,120.07,0.07,1
vxMadcd3fbg,UCHJv9xBR9lkzGSIepie-T_A,2026-08-16 21:30:39,4463,47,2,119.99,120.24,0.01,0
vxREp6PX0iw,UCS2OAdHoLt-9T6cG9A2H49Q,2026-08-29 09:00:20,34801,177,16,119.76,120.01,0.01,1
vxSa5F31sYM,UCl-VnCUwSxDr5zPu-YlDUYw,2026-08-18 08:00:22,169151,2428,57,120.0,120.0,0.0,1
vxYQtcprYsM,UCby0vMKcLR05ZdS90aZd5og,2026-07-13 07:05:29,5167,9,0,119.91,120.16,0.09,1
vxaoDvH1iF8,UCgjaQlejpAnIu0q-xtVfTEw,2026-08-08 09:52:14,261380,5579,240,119.88,120.13,0.12,1
vxcYWKiGems,UCPv0av3PfTUeTnHGgcXkk8w,2026-07-12 17:38:38,8,0,0,119.86,120.11,0.11,0
vxpD61ROgvs,UCIiwlFqKiJiULzRMgILMlcA,2026-08-01 02:01:53,4,0,0,119.97,120.22,0.03,0
vxtLb-MjwRU,UCV6mNrW8CrmWtcxWfQXy11g,2026-08-24 14:21:45,80374,2385,420,119.9,120.15,0.1,0
vxuyQIetaf8,UC7hwQp3F6P_OwyRM14p88iQ,2026-08-20 15:34:06,36278,330,2,119.94,120.19,0.06,0
vy5PoEp2V3M,UCTK7GGeH0c9INAEnV2EfD0Q,2026-08-18 09:00:09,3372,156,3,119.76,120.01,0.01,0
vy5f3mK-D00,UCHYMpkGhNIr8A0m2H3lIjUA,2026-08-11 13:00:05,40566,667,168,120.0,120.0,0.0,0
rHtaS8Fzyo0,UCN8YcyYvYIrtLcwyT-KqbNg,2026-08-31 08:00:11,22946,65,40,119.76,120.01,0.01,0
rI-X5-i1WAQ,UCpcTrCXblq78GZrTUTLWeBw,2026-07-12 09:30:38,111021,1460,242,119.99,120.24,0.01,0
rI4Ujsdzwmc,UC4VWaR3R17Ruc7j1Cy1-PKQ,2026-08-18 08:49:13,1156,3,0,119.94,120.19,0.06,1
rIKJDNlSJLU,UC14G5tdSndPhP47RTVgMXcg,2026-08-22 03:55:25,531,20,8,119.84,120.09,0.09,0
rIcTDP66txo,UCifCesg-EUkjKyQedaB3hRg,2026-08-14 02:21:56,11175,379,8,119.89,120.14,0.11,1
rItstsdaLWM,UCHJv9xBR9lkzGSIepie-T_A,2026-08-23 21:30:33,3363,34,4,120.0,120.0,0.0,1
rJ1ek_Wcy3I,UC_m_uqd_9s0hZvlgfvCzqbQ,2026-08-19 11:33:07,738,1,0,119.96,120.21,0.04,1
rJ6RFK0cXlI,UCrKSaegnzewdj9-YLsUhoZw,2026-07-29 00:24:00,7536,45,5,119.85,120.1,0.1,0
rJ6uMdJGwao,UCePy6AqRuTfKDC4aTrqcAqQ,2026-08-20 07:00:05,1083,69,10,120.0,120.0,0.0,0
rJON5FElC4s,UCIOY-akTwtohcU0QB5ksjaA,2026-07-25 08:21:19,375,1,0,119.9,120.15,0.1,0
rJjxs7HF5tE,UCoIEwIHhW-1_roLnb5nK_UA,2026-08-29 10:30:25,371,3,2,119.76,120.01,0.01,1
rJtRrTRG7UY,UCZ6mNZTiTUrUSbSYPlclI4A,2026-07-24 04:30:12,1763,30,3,120.0,120.0,0.0,1
rK0bhx5FfKk,UCl402YYy7RcH7PBI3npmGPQ,2026-08-12 07:00:20,221049,1644,314,120.0,120.0,0.0,0
rK7imHkfep0,UC7nIK3KpkhbGee5K_sVBscQ,2026-08-01 03:30:04,6468,72,25,120.0,120.0,0.0,0
rK9eto-m9Ng,UCYM01qjjE_hmqFQAmOo-lNg,2026-08-28 14:01:01,4083,10,0,120.0,120.0,0.0,0
rKEqP_4KI3I,UCSh__r5HS4Y1xBkccWnV0TA,2026-08-31 18:10:02,134322,2470,123,119.85,120.09,0.09,0
rKMleo1gNTU,UCkd3KAYGnTNPJZZrPOFeWhA,2026-07-31 04:23:18,15661,70,28,119.86,120.11,0.11,0
rKQfoHKcsQc,UCbeQg95cAxVRsxxh6FyilxA,2026-07-14 10:25:40,13319,39,8,119.82,120.07,0.07,0
rKSXY1KY4-Q,UCdK9h1ILxS49c2LguBUY3rw,2026-08-18 11:30:39,10,2,0,120.0,120.0,0.0,0
rKbF8dKOwb8,UCQDGJQe8X9tbk_i8Na3VVXg,2026-08-15 09:27:18,439,11,0,119.8,120.05,0.05,0
rKjBubdwHn8,UCCiKOocVSjyb2rsbL_Aanhw,2026-07-30 03:17:05,21017,105,59,119.97,120.22,0.03,0
rKpznPMQ8Ow,UCOLDn9gw0yegXRgjoi5MzNQ,2026-08-07 15:16:34,463,11,0,119.98,120.23,0.02,0
rKzG2L_-_yw,UCPsZX-D7LW99PjZLA-UysPQ,2026-07-26 12:00:18,768,10,2,120.0,120.0,0.0,0
rLD9InWh1X8,UCabScupufwcOzAdcVXZrmlg,2026-07-31 18:30:11,5905,125,42,120.0,120.0,0.0,0
rLHZIg5TEGA,UCX11f6rIVaoWGvFnKKyPBNQ,2026-08-09 20:09:58,4030,272,4,119.84,120.09,0.09,0
rLJgiavsJxc,UCpcTrCXblq78GZrTUTLWeBw,2026-07-16 13:55:09,33637,309,108,119.83,120.08,0.08,0
rLMaVOv4hKE,UCt8CJiye87FMbEwt0npPMuQ,2026-07-15 19:24:49,21207,762,49,119.84,120.09,0.09,1
rLQ1SxDNh8w,UCifCesg-EUkjKyQedaB3hRg,2026-08-02 23:40:53,3343,41,6,119.82,120.07,0.07,0
rLYqIjQxBKM,UCCW6uYIUP4YKKe50k-ktVAw,2026-08-08 08:00:07,44377,978,102,120.0,120.0,0.0,0
rLk5glVDLPA,UCDBAVzfX3yZ1hah0FHnOoaA,2026-08-14 13:30:30,377074,1641,227,119.99,120.24,0.01,0
rLuG3yJsQt4,UCN5oT4zGJX-_H6pE5isAEeg,2026-07-24 12:00:17,1149847,18541,1234,120.0,120.0,0.0,1
rM09jQ-MQhg,UCpI-AhCT02iQRGLC2ZcY0Jw,2026-07-30 06:47:49,33897,372,496,119.96,120.21,0.04,0
rM5Ge7ODMKQ,UCDq6CfnZgtnqXEwG8tqvBfA,2026-07-18 02:06:14,40,0,0,119.9,120.15,0.1,0
rM6g7fogMYE,UCApYlKNymyHZ9dlOCImFVBg,2026-07-24 15:09:47,6518,166,5,119.84,120.09,0.09,0
rMAc-dDhSi0,UCL2ZLyAV0H9Pvi46W7TGdHQ,2026-08-30 11:00:35,94306,303,68,119.75,120.01,0.01,0
rMLuoK_-eLY,UCSzHok6X5qXEO7cjvVnE62g,2026-08-24 08:00:31,63007,304,48,120.0,120.0,0.0,0
rMRrBFjjG8A,UCYooECrv-fIXlPaDwEIaveA,2026-07-30 09:01:07,29936,349,47,119.98,120.23,0.02,0
rN76mKxQNLA,UCAaLhok91QDrweyuDRsmjqQ,2026-07-29 14:09:00,804619,12711,2013,119.85,120.1,0.1,0
rNP-tj0WfFs,UCXtU-C_e2iBzPSq9oLXtbVw,2026-08-02 23:15:28,75,5,4,119.99,120.24,0.01,0
rNUekPvLx4M,UCzps05UZ7XpX3SFoFyYIDow,2026-07-26 13:17:15,156884,839,524,119.97,120.22,0.03,1
rNZWoYkkE1s,UCfcfymsN3OMo2cfmbpGTanw,2026-07-28 08:00:09,11251,65,25,120.0,120.0,0.0,0
rN_zcelLUWg,UCN8L7Z-dyzu9FzT39RM0fvw,2026-08-23 02:00:30,10929,139,38,120.0,120.0,0.0,0
rNvE_DekaEA,UCPGl9DV2WUgaqGVXtVrhJWQ,2026-07-31 13:48:27,21,1,0,119.95,120.2,0.05,0
rNy-HK4qt4Q,UChI9sq2ifMFu5L8iJ582F_A,2026-07-23 12:42:00,10,0,0,119.8,120.05,0.05,0
rOArAPl_2D4,UC2WBkFH1nHcO6aFLWo6sZQg,2026-08-02 14:40:26,25381,996,6,119.83,120.08,0.08,1
rOHC9fI3mbY,UCw1DsweY9b2AKGjV4kGJP1A,2026-08-28 07:30:28,213724,962,26,119.75,120.01,0.01,1
rOU4fRQWyqs,UCdK9h1ILxS49c2LguBUY3rw,2026-08-05 11:45:29,9,2,0,119.99,120.24,0.01,0
rOewA53MLAc,UCvfEv6nBnL0QlKqyGmL0orQ,2026-07-26 02:44:09,19163,86,32,119.77,120.02,0.02,0
rOfyqYI76Vc,UCyoKcrOcBEY4rmLYkDuXErA,2026-08-04 09:00:36,39167,591,12,119.99,120.24,0.01,1
rOqncK75awM,UCS2OAdHoLt-9T6cG9A2H49Q,2026-08-02 09:09:24,26056,150,28,119.85,120.1,0.1,1
rP6OCUkfiSY,UCE8JC9RAVSudDT_8Ji1fuPQ,2026-08-24 08:45:23,85741,1211,102,119.76,120.01,0.01,1
rPB8V8wigcI,UCYooECrv-fIXlPaDwEIaveA,2026-08-28 09:01:32,53281,409,56,119.99,120.24,0.01,0
rPHYRN94OXQ,UCQePzo3_oRB-6RAzBioc6pg,2026-08-25 23:17:19,4618,23,13,119.97,120.22,0.03,0
rPNuzoX_ehU,UCBkvEgeJ3_UMwbW7VCxzs8g,2026-07-21 12:55:14,1687,,16,119.83,120.08,0.08,0
rP_KkwjPZ88,UCSzHok6X5qXEO7cjvVnE62g,2026-08-22 10:00:20,133062,577,50,119.76,120.01,0.01,0
rPcsuJC2lAo,UC9otskL_kd-0CDib_5Lj-mQ,2026-07-16 12:00:07,12130,60,0,120.0,120.0,0.0,1
rPd8KmSBjN8,UCuwnt_REmD4YsCtFJRoqjFw,2026-08-29 06:54:43,118242,529,63,119.85,120.11,0.11,0
rPsF7NUTe0E,UC9M8GGVwPqc9ubNruArCNPg,2026-08-31 08:00:11,22323,674,27,119.76,120.01,0.01,1
rPtTmgjmzK8,UCPN9TrChCye1s97iEUOsIeA,2026-07-22 08:33:56,87,3,0,119.94,120.19,0.06,0
rPvHbmPh_mo,UCKVt3arMXfa6XZezR1UnjqQ,2026-08-14 09:00:22,8013,81,3,120.0,120.0,0.0,0
rPzDRxrg-BY,UCV6mNrW8CrmWtcxWfQXy11g,2026-08-20 06:00:22,159622,5920,113,120.0,120.0,0.0,1
rQLOPwBjH0w,UCPv0av3PfTUeTnHGgcXkk8w,2026-08-02 23:59:20,7,0,0,119.76,120.01,0.01,0
rQMpaa-JRBg,UCEcRvF_6IRSux8FO-ogFZug,2026-07-27 03:00:26,17278,931,65,120.0,120.0,0.0,0
rQapxn4OrDM,UCX11f6rIVaoWGvFnKKyPBNQ,2026-08-10 20:52:17,2695,133,1,119.88,120.13,0.12,0
rQsbxrVb7Uc,UCyiKngyUPUb1bka4yFrn65g,2026-08-11 21:57:37,1043,5,4,119.79,120.04,0.04,0
rQsiS_1cYTs,UC8CIM3d3zDYMk-3T5aAz0yw,2026-07-19 10:13:36,732289,20092,1723,119.77,120.02,0.02,0
rQvOKeHZxc0,UCZ6mNZTiTUrUSbSYPlclI4A,2026-08-13 03:30:20,2771,50,11,120.0,120.0,0.0,0
rQzqTBtJRhA,UCEg24oF81p-THPtp3otdmTA,2026-07-29 10:00:07,31879,914,38,120.0,120.0,0.0,1
rRE7CCg-FNM,UC2yOBpLVwB7kzt9C5ZPbB7w,2026-08-16 13:00:35,36921,709,29,119.99,120.24,0.01,1
rRKkPfc-Guo,UC5Yx9RlmznXDUEIrfoSqheA,2026-08-31 02:45:31,63522,84,0,120.0,120.0,0.0,0
rRRsj65_iuw,UC5ScPjbt-a97AJO7SBj6nAg,2026-08-31 08:30:36,192164,5209,87,120.0,120.0,0.0,1
rRierPlVeMc,UCEebX3m88Arwc91LPmEmTYQ,2026-07-23 15:00:35,12810,869,69,119.99,120.24,0.01,0
rRtbUFx4Gf0,UCuZ862fZel1gq9RAf_OkvqA,2026-08-17 09:49:04,25676,313,128,119.94,120.19,0.06,0
rRz9GG-h96o,UCw1DsweY9b2AKGjV4kGJP1A,2026-08-21 08:00:24,32839,232,52,119.76,120.01,0.01,0
rSDBtV47AzM,UCXAXCxTCCYYKsLJNzEvjqfw,2026-08-11 12:20:48,15062,160,13,119.91,120.16,0.09,1
rSHbpkxp79c,UCdoTrHNHnoRbaQenxK5PEUg,2026-08-30 01:22:27,269,1,0,119.89,120.14,0.11,0
rSIDHGfyhQY,UC_9W6Z5Y3lDpLk47Y_y5ITQ,2026-07-26 18:00:16,8841,75,11,120.0,120.0,0.0,0
rSL1lhJU9KQ,UCrfB1-zWijAYkgfZW7Ehc8Q,2026-07-13 00:12:07,315681,12196,1663,119.8,120.05,0.05,0
rSMi47A1lkA,UCt8CJiye87FMbEwt0npPMuQ,2026-07-16 16:00:37,2388,82,16,119.99,120.24,0.01,0
rSNR5Y8RzPo,UCpwGBltfwjd_fIzp5cb5R0w,2026-07-26 00:00:26,401011,2231,280,120.0,120.0,0.0,1
rS_46ICgm9w,UCooLkG0FfrkPBQsSuC95L6w,2026-08-03 17:00:19,5399,81,8,120.0,120.0,0.0,0
okLD_d-tJng,UCV6mNrW8CrmWtcxWfQXy11g,2026-08-02 02:00:16,63105,3051,26,120.0,120.0,0.0,1
okMxisGWzDE,UCim7oePrB5hdfhcYwgUY6Jw,2026-08-05 13:57:58,15319,82,23,119.79,120.04,0.04,0
okQYAE9K1Kk,UC5ThQKdocwo_9UurfT5P_ww,2026-08-12 06:57:48,446065,6362,206,119.79,120.04,0.04,1
okrBW-Oqrp0,UCYJ0Ucu9jPX5kn6SeDcNaIQ,2026-07-10 15:00:16,16221,78,3,120.0,120.0,0.0,1
okvf906UaY4,UCDGbm9jZgqNeMWyK4j-Kduw,2026-07-21 01:00:23,2323,,1,119.99,120.25,0.01,1
okyvpCOyK54,UCkd3KAYGnTNPJZZrPOFeWhA,2026-07-23 07:05:02,16041,54,33,119.92,120.17,0.08,0
okzuB9DJPS4,UCifCesg-EUkjKyQedaB3hRg,2026-08-20 02:35:25,586,12,0,119.91,120.16,0.09,0
ol3SNk2leLo,UC-FiQR2gg8oiNw98ZdsSX6Q,2026-08-14 16:00:06,9171,53,2,120.0,120.0,0.0,0
ol6I7s9M2xU,UCbItyvYa6cqvqtwlU2E9-wA,2026-08-24 14:00:14,8868,453,37,119.76,120.01,0.01,0
ol9znjFIavQ,UC7nIK3KpkhbGee5K_sVBscQ,2026-08-14 02:30:13,1763,37,13,120.0,120.0,0.0,0
olCbxYuPmio,UC8CIM3d3zDYMk-3T5aAz0yw,2026-08-29 10:14:36,354087,3432,510,119.78,120.02,0.02,0
olDlcPnrOK4,UC_E_qYfGKM3C0kqrp1p8z7Q,2026-08-22 15:00:33,86,5,0,120.0,120.0,0.0,0
olX9xjDngqs,UCZCZHg_oJiHcrcj2vaPRCag,2026-08-21 09:00:09,1074,0,2,119.76,120.01,0.01,0
oleNcjzMiio,UCJDXc9JWCZo-nLNKr_-L2Ng,2026-08-21 15:00:26,3767,102,4,120.0,120.0,0.0,0
olrkW574A2I,UCyU5JQ8KVRD9jE4E_xLsHxw,2026-08-05 02:30:18,51,2,0,120.0,120.0,0.0,0
olyc-PXjxjg,UCei_ecYpQqFjYhjLaDPr2Lw,2026-07-19 19:16:35,98,9,0,119.98,120.23,0.02,0
olz0yO4Wg-s,UCuZ862fZel1gq9RAf_OkvqA,2026-08-12 05:00:23,26236,396,122,120.0,120.0,0.0,0
omDYLCvJNX8,UCqlcSsDNMYxEsem7bWY-66Q,2026-08-17 09:03:29,12528,277,72,119.95,120.2,0.05,0
omGnXg0hYYg,UCRpdlPk671uOMiBtf5HtB3Q,2026-08-08 09:58:58,21448,223,84,119.77,120.02,0.02,0
omKZQd0OaQE,UCo33r3SAf5z9MS-lrXV2aOQ,2026-08-17 07:30:23,32173,428,10,120.0,120.0,0.0,1
omQ0u2HiH0g,UCnCeDIkExSpULGqmpj5oafg,2026-08-08 23:00:20,595,12,6,120.0,120.0,0.0,0
omSJYmlJn88,UCgT-gb3favw2jQgwxbbwwaA,2026-08-26 11:00:12,336651,1278,50,119.76,120.01,0.01,0
ombpG39yL5E,UCAGUSx1hbPKDqzBZH7bTjiA,2026-07-25 05:00:19,27863,515,55,120.0,120.0,0.0,0
ommX3nJ4RBE,UCVWAdUQGUiY2Kzh0JoB5PtQ,2026-08-23 06:09:54,2292,16,10,119.85,120.1,0.1,0
omqij5gZcms,UCN8L7Z-dyzu9FzT39RM0fvw,2026-07-28 02:01:13,22501,182,64,119.98,120.23,0.02,0
omsYIAwQl-E,UCt8CJiye87FMbEwt0npPMuQ,2026-08-12 15:30:01,4561,175,16,120.0,120.0,0.0,0
on-poDMFtUk,UCYJDUekoQz0-bo8al1diLWQ,2026-07-28 09:01:23,462666,9379,2667,119.98,120.23,0.02,0
on4906iE5jU,UCEcRvF_6IRSux8FO-ogFZug,2026-08-18 08:00:31,25535,1246,59,120.0,120.0,0.0,1
onABsQHTzaI,UCUR5w0E-jQTOO8Q0FZ4ilYQ,2026-08-10 09:00:07,235563,829,124,120.0,120.0,0.0,0
onDFjry0C8A,UCK2tMI7hBvOk5ibNMVpaIlw,2026-08-10 14:12:51,76,5,0,119.79,120.04,0.04,0
onPRQoMpTRs,UCBo7GIv99qTzHaa6ip09YLA,2026-08-01 00:00:27,1490,21,4,120.0,120.0,0.0,0
onQprU7d3No,UCdK9h1ILxS49c2LguBUY3rw,2026-08-13 22:26:47,28,6,0,119.81,120.06,0.06,0
onU9TSDqz-Y,UCCd3jyJmOFzkJEMj5Bp89rw,2026-07-12 19:00:38,2275,134,6,119.99,120.24,0.01,0
onV5G2wpmE0,UCaZv-jDn5Mq5KJ1buXDRd4w,2026-08-12 08:00:32,14748,200,83,119.99,120.24,0.01,0
onXlBBm70HA,UCBW_PhuXoHk40xF6nO0Q64w,2026-08-12 02:12:30,1593,30,5,119.79,120.04,0.04,0
onYMezjwK2E,UCFCt5RYu41HTg4eX1jdHNxw,2026-08-12 02:44:27,12981,54,1,119.76,120.01,0.01,0
on_ZI-FWZ3M,UCpX86JOUhnrzG7MK8e8Gjbw,2026-08-19 09:23:36,8175,32,5,119.87,120.12,0.12,1
onj17jDRvNM,UCBtJuwDt6LlXp2YASC-ZMdA,2026-08-28 11:00:24,1105,4,0,119.75,120.01,0.01,1
onmAj0v5QYE,UC-FiQR2gg8oiNw98ZdsSX6Q,2026-07-24 12:00:16,716,5,1,120.0,120.0,0.0,0
oo0IAKAMbYM,UC2OFe8XUEqDT3eJGO-0EDNQ,2026-08-30 09:42:26,707,5,1,119.81,120.06,0.06,0
oo92fnsWVKg,UCY_vDlvG-BTDRIOk_I9QQ6g,2026-08-07 03:51:12,5542,59,15,119.9,120.15,0.1,0
oo9hmzUepf8,UCNrQ0VbdprXAur6OZKexjEw,2026-07-28 11:26:59,35321,550,57,119.8,120.05,0.05,0
ooyTBcrECmo,UCAl4HWznMn7KhKBRFO5eiFA,2026-08-09 12:41:02,8405,34,1,119.82,120.07,0.07,1
op1l1iF_TbQ,UCPGl9DV2WUgaqGVXtVrhJWQ,2026-07-25 15:00:25,6,0,0,119.99,120.24,0.01,0
opHDj7gIKTk,UC60HSePkZwGFzRj6VSDa6Ew,2026-07-31 06:24:30,30328,396,102,119.84,120.09,0.09,0
opPn9MTw8EY,UCtt0Hg9MhraTkzWwNQpplHg,2026-07-21 02:00:35,192128,2818,153,119.99,120.24,0.01,0
opRz6aJTMuc,UC3RzmV2LX3AmWhZVx0A7u0A,2026-07-15 07:00:07,355602,6656,260,120.0,120.0,0.0,1
opRzehx1-1g,UCeB_ZeSo0xDL62wWlkTEtjA,2026-08-07 04:05:27,89391,276,186,119.92,120.16,0.08,1
opVs5sWOIEI,UCSzHok6X5qXEO7cjvVnE62g,2026-08-03 08:00:16,44819,219,60,120.0,120.0,0.0,0
opniA3nzJ-A,UCKVt3arMXfa6XZezR1UnjqQ,2026-08-29 22:00:21,19073,83,7,119.76,120.01,0.01,0
oq-B7pPbqXw,UCXNh3eUHXEkL7h1w1KYQRKQ,2026-07-30 09:34:01,235476,889,372,119.93,120.19,0.07,1
oqHfreVU4t8,UCZCZHg_oJiHcrcj2vaPRCag,2026-08-26 16:00:17,99,2,0,119.76,120.01,0.01,0
oqOfpnIWQTM,UC6LLMkdyses2ugPRNEXutMQ,2026-08-21 10:15:29,42841,191,13,120.0,120.0,0.0,1
oqP6Em3RlNk,UCoSniqkitCpxlHrQd5L8A1w,2026-07-19 14:26:19,975,13,1,119.81,120.06,0.06,0
oqUq9z2oqis,UC_2x8h1QrTHOO0i4Yiss-ww,2026-07-31 22:00:33,298459,2518,42,119.99,120.24,0.01,1
oqVXSs-fFlo,UCjsqgRBvkn8XadWraSQxTKQ,2026-07-31 14:11:20,145,3,0,119.81,120.06,0.06,0
oqfqR6V99Rw,UCJmnOEp1-OITEU0mk4icM5A,2026-08-29 03:00:29,90895,457,171,120.0,120.0,0.0,0
oquC0lNSoHY,UC-Ni_a4hVmmOwnZ4alPzoTQ,2026-08-10 11:00:26,1917,23,1,120.0,120.0,0.0,1
orC_-hIoaqw,UCV6mNrW8CrmWtcxWfQXy11g,2026-08-22 19:00:12,211535,9231,144,119.76,120.01,0.01,1
orKPrm5KqB0,UC_m_uqd_9s0hZvlgfvCzqbQ,2026-08-16 14:25:40,510,1,0,119.83,120.08,0.08,1
orUZlKuO-vI,UC_2x8h1QrTHOO0i4Yiss-ww,2026-08-06 22:00:26,215326,2339,54,120.0,120.0,0.0,1
orWZTAO24_w,UCpX86JOUhnrzG7MK8e8Gjbw,2026-07-15 15:36:56,13882,61,16,119.89,120.14,0.11,1
orhG-VBSy4M,UC78d2aaqdrt02RfmtRLmlAw,2026-07-27 17:00:07,32016,235,43,120.0,120.0,0.0,1
ormZbjRmi64,UCvjzWMh2bihwlIN-WRtddkg,2026-08-02 01:00:16,876,16,3,120.0,120.0,0.0,0
ormj5l8DVEo,UCJDXc9JWCZo-nLNKr_-L2Ng,2026-08-10 12:00:01,916,46,1,120.0,120.0,0.0,0
ort0NAPGrPs,UCyN9yU_YNGDG6z3PN8sC3KA,2026-08-11 12:01:05,2037,9,6,119.99,120.24,0.01,1
orvobVSbuCM,UCjnghZoZuL_U3AByO_oq7CQ,2026-08-11 12:40:48,0,0,0,119.82,120.07,0.07,0
orzLzVyES8E,UCMAfHuocszM6UTORPwUmeNw,2026-08-30 15:09:19,51716,238,1,119.86,120.11,0.11,0
orzZQZJtSMY,UC6YqXiwCBfPvPTs3wXgWElQ,2026-07-28 08:00:04,19645,142,12,120.0,120.0,0.0,0
os4bjDdsZks,UCt8CJiye87FMbEwt0npPMuQ,2026-08-27 19:59:35,11158,127,10,119.77,120.02,0.02,1
osEcyD1_ewI,UCBA9XaL5wCdHnC5EmEzwrqw,2026-07-23 09:00:14,155925,870,196,120.0,120.0,0.0,0
osTjlI7J7zM,UCWjfI3wnNOgQCTu2SijfgMg,2026-08-03 12:26:49,11865,251,40,119.81,120.06,0.06,0
oseOTR3AyDQ,UCOaUTqrtz1yBBiwziVJEAmQ,2026-08-25 09:06:18,11723,137,45,119.91,120.16,0.09,1
osgX7Yj0XaI,UC9nWoDbRAl3-fvreBNeStKQ,2026-07-23 16:13:18,4932,38,2,119.78,120.03,0.03,0
osqMT3oWpUs,UCb5NLtXAsTBrmaZVhyFa-Wg,2026-08-26 09:25:11,82445,366,73,119.84,120.09,0.09,0
ot7RG0SMY_U,UCBidluUUxzT_5jVOI_2x2MQ,2026-08-12 03:00:38,1522,6,0,119.99,120.24,0.01,1
ot9RoOZU_D4,UCH29Gz8a6veRLqUxzjBXHrQ,2026-08-14 11:42:21,21918,739,43,119.8,120.05,0.05,0
otKEMq8fhL4,UCgsKeCRaBGH6JlnH6VO_7OA,2026-08-09 18:01:05,12,0,0,119.98,120.23,0.02,0
otUM3FAMqC4,UCt8CJiye87FMbEwt0npPMuQ,2026-07-22 12:00:19,3309,147,4,120.0,120.0,0.0,1
otgwmx7kOl4,UC3kVT7zilzGf_7fIEkc4dDA,2026-08-23 04:30:09,14630,363,37,119.76,120.01,0.01,0
oth6lByD97M,UCtLWxhEMKOio-GzdVJ1CVhg,2026-08-26 05:56:45,423,4,1,119.82,120.07,0.07,0
tHT-gN-uFSA,UCqVkQsNin4MdGFrWvzFVOKw,2026-08-10 01:00:26,21794,90,11,120.0,120.0,0.0,0
tHXuRzxKB60,UCzDmGDR5RdahQkLCBoWlTEg,2026-07-21 16:31:22,28237,93,44,119.98,120.23,0.02,0
tHmkSNd6is4,UCVipGmBXqbYKNODNzVCN86w,2026-08-19 07:25:22,6975,121,9,119.84,120.09,0.09,1
tHoT1IJmJD0,UCKrprPfevcAZpPuRnCO6xOA,2026-08-01 09:00:31,552,7,0,119.99,120.24,0.01,0
tHqDX9S8m8c,UCYxwKnNRv4FurQxeKcuR0Sw,2026-08-25 03:00:38,9,2,0,120.0,120.0,0.0,0
tHyhtIvI2ZA,UCC1LvVTX2ySKYjeIXkAtvsQ,2026-08-05 11:00:20,406715,3350,228,120.0,120.0,0.0,0
tI-QLN5PTdo,UCSzHok6X5qXEO7cjvVnE62g,2026-07-29 08:00:01,31222,147,30,120.0,120.0,0.0,0
tIDmJgY-Fjk,UCt8CJiye87FMbEwt0npPMuQ,2026-08-09 12:45:25,9236,318,29,120.0,120.0,0.0,0
tIHbgQ-VpLU,UCZ6mNZTiTUrUSbSYPlclI4A,2026-07-26 07:00:04,828,22,4,120.0,120.0,0.0,0
tItpsPePFwo,UC0Zl_lyMoTbroBSNv7SpGuQ,2026-07-27 01:21:38,281550,,773,119.89,120.14,0.11,0
tJ2hH_qIYKM,UCzkk3MGFFeiN0E0T3AEeg_g,2026-07-29 08:46:35,68000,190,120,119.98,120.23,0.02,1
tJ9OxRV8XUw,UCFHUplScMiWTjJrtv4hxWmg,2026-07-26 08:00:10,17051,164,16,120.0,120.0,0.0,0
tJVehE0V4mE,UC6JB_a6rD1lZ_aZgQvORfrQ,2026-08-26 23:44:03,3560,43,1,119.78,120.03,0.03,0
tJYuJq_hDUk,UCF-rFAdN7dzd-SI2T3rkCaQ,2026-08-22 07:30:14,26438,353,33,119.76,120.01,0.01,0
tJa0hEUo18I,UCV2rXchZ5JNpvmSIOVEQ5oA,2026-08-31 10:05:21,261176,382,52,119.92,120.17,0.08,1
tJbzMqJGH4k,UC6VcWc1rAoWdBCM0JxrRQ3A,2026-08-28 01:00:48,17575288,1478933,111382,120.0,120.0,0.0,0
tK7TU07vP8I,UCjnghZoZuL_U3AByO_oq7CQ,2026-08-12 01:35:27,61,5,0,119.91,120.16,0.09,0
tK8nX-mISGE,UCKrprPfevcAZpPuRnCO6xOA,2026-07-30 09:00:05,1161,9,1,120.0,120.0,0.0,0
tKAyK_v4kug,UC6JB_a6rD1lZ_aZgQvORfrQ,2026-08-11 23:41:37,2139,40,0,119.81,120.06,0.06,0
tKFeGp6nVoA,UCV6mNrW8CrmWtcxWfQXy11g,2026-08-19 17:48:21,58182,1765,272,119.95,120.21,0.05,0
tKX7TGtB1_k,UCi1Tln5CFg1yExpz8djyxjA,2026-08-15 18:41:43,2606628,73017,278,119.81,120.06,0.06,1
tKbY6DqbgGs,UCbItyvYa6cqvqtwlU2E9-wA,2026-07-22 03:19:55,11503,554,5,119.93,120.17,0.07,0
tKe-qyvJx9c,UCv1tOT645xHOJrwdGlzjMaA,2026-08-27 11:53:14,122807,3085,110,119.87,120.13,0.13,1
tKfK-SHgIQ0,UCTVkjiEiaiSbEq0Qwd5XTPA,2026-07-26 03:10:32,341,16,3,119.83,120.08,0.08,0
tKtrpV4XaIY,UCPsZX-D7LW99PjZLA-UysPQ,2026-08-15 09:00:00,557,9,1,120.0,120.0,0.0,0
tKzll4iDaic,UC_F-jhf8uO0fzrM7NQwvs3Q,2026-08-03 12:34:32,16,0,0,119.93,120.18,0.07,0
tLIyWwKEbEY,UCIzbqIyEUxtFLYh_sCDoXpw,2026-07-27 15:14:43,275412,2780,201,119.76,120.01,0.01,1
tLMcObblvCw,UCvPDPTxTLitVEyGu4Xt6m8g,2026-08-08 10:54:36,11105,137,9,119.84,120.09,0.09,0
tLUeTB4BuFs,UCFCt5RYu41HTg4eX1jdHNxw,2026-08-04 22:44:32,735,10,0,119.76,120.01,0.01,0
tLUkr5u0WGY,UCPsZX-D7LW99PjZLA-UysPQ,2026-08-11 00:00:19,317,4,0,120.0,120.0,0.0,0
tLW_QUil4nA,UCZuT6NXrfZzYbqCG_RWgSgA,2026-08-19 09:57:00,70,3,0,119.81,120.06,0.06,0
tLpD3jZkdC0,UCPGl9DV2WUgaqGVXtVrhJWQ,2026-08-27 15:00:34,859,7,0,120.0,120.0,0.0,1
tLsfn0QmJQs,UCcJliZnsRbNw4I4uWSGq_wA,2026-08-27 09:13:52,6231,5,0,119.78,120.03,0.03,0
tLuZxcj6NrI,UCWwbZhw5M-Q5dZtTK4nDWNw,2026-08-09 03:00:34,127004,1522,31,119.99,120.24,0.01,1
tLvjgYuwGT8,UCqPN9LAkx20aBWOafwvQB-Q,2026-08-12 23:00:13,188620,7079,435,120.0,120.0,0.0,0
tLyrGOC0dPU,UC2WBkFH1nHcO6aFLWo6sZQg,2026-08-25 14:56:13,25522,971,12,119.82,120.07,0.07,0
tMfFuJ1N6_U,UCXQoI3upwKr47JAiVaYkvIw,2026-07-24 06:36:22,78798,445,60,119.9,120.15,0.1,1
tMfQtdP_oJI,UCmuHiG18x6qvBRAoFXCk9eg,2026-07-20 00:44:46,749,8,0,119.76,120.01,0.01,0
tMpJBgbbAyE,UCy8OX8RrstkjRrnM5hND_ug,2026-08-31 16:21:42,3914,33,1,119.9,120.15,0.1,0
tMxTBX8Fv4Q,UCuWDza8A_ntbjwBZgW0ZSNw,2026-08-11 13:05:39,48022,585,71,119.91,120.16,0.09,1
tMzEvi-pnW0,UCi5yzN6jpdz2akGTm-mJSKQ,2026-08-08 12:22:53,601,24,3,119.87,120.12,0.12,0
tN1c3zA6xlk,UCw1DsweY9b2AKGjV4kGJP1A,2026-07-12 07:30:37,153707,1186,430,119.99,120.24,0.01,0
tNIaTgJ77IA,UCVZ0SJNurJAv-6hV5VEGB2A,2026-07-24 08:00:04,99580,735,198,120.0,120.0,0.0,0
tNIwwOcOq2A,UCT807kAu6fmwES8B5698e2w,2026-08-13 09:00:24,73528,3984,135,120.0,120.0,0.0,1
tNRgxvYu27o,UCYM01qjjE_hmqFQAmOo-lNg,2026-08-22 13:48:47,740,3,1,119.95,120.2,0.05,0
tNd8KjQWfj8,UCirJgPv8RtFaFMj39b6cD8Q,2026-08-06 03:00:19,33194,133,0,120.0,120.0,0.0,1
tNnldj_l22U,UC4VWaR3R17Ruc7j1Cy1-PKQ,2026-08-23 02:29:55,159,4,0,119.76,120.01,0.01,0
tNpZ3NkuM2k,UCnCFD3met1Ip7OngdF9TRDg,2026-08-27 03:37:14,60545,695,102,119.89,120.14,0.11,0
tO6ADFGox9Q,UCUbOogiD-4PKDqaJfSOTC0g,2026-07-13 11:47:36,217930,1101,130,119.96,120.21,0.04,0
tOBsFZ6asuY,UCL2ZLyAV0H9Pvi46W7TGdHQ,2026-08-15 13:46:14,1586339,12102,267,119.98,120.23,0.02,1
tOK0DlO69P8,UCab17MxxnFtAhGsJVTkSkCg,2026-08-25 11:39:56,8100,68,2,119.85,120.1,0.1,0
tOMF7OBNzOQ,UC7Fh4LtlazaQnzT84qCzl6A,2026-07-28 04:00:32,145636,2478,15,119.99,120.24,0.01,0
tONrK5zfZtU,UCt8CJiye87FMbEwt0npPMuQ,2026-07-30 17:00:11,2660,118,29,120.0,120.0,0.0,0
tOluqq0K27M,UCifCesg-EUkjKyQedaB3hRg,2026-07-24 22:31:22,6338,75,2,119.98,120.23,0.02,1
tOxkomgNv1A,UClHGjnruf4A9Us7CHVgLIEQ,2026-08-11 12:32:57,4970,145,3,119.95,120.2,0.05,1
tOzjLOjRQMk,UCeKjmFzU-Jlqg7diwzf2Udw,2026-08-16 19:50:09,12,0,0,119.92,120.17,0.08,0
tPA0qQnndsM,UCqlcSsDNMYxEsem7bWY-66Q,2026-08-24 09:02:34,7520,206,16,119.97,120.22,0.03,0
tPHEl4pdsGY,UCJN5mgLqkPCTVC5v-12gKjQ,2026-07-21 11:00:29,2742,67,3,119.99,120.24,0.01,1
tP_YA4xeb60,UCPJGXrPIVKBR8PJY7w33WZw,2026-07-28 01:00:36,56263,839,109,120.0,120.0,0.0,0
tP_ZOZ4sJjQ,UCKiCT33Gmj3mlJ5xh-9ZUqw,2026-08-01 14:00:37,7894,62,26,119.99,120.24,0.01,0
tQ3A9E40Jac,UCjsqgRBvkn8XadWraSQxTKQ,2026-08-09 15:52:50,160,5,0,119.87,120.12,0.12,0
tQ6Il2X7ewg,UC0FUMakBJHsRrfKCGQuWnRA,2026-08-02 14:19:45,57434,392,368,119.92,120.17,0.08,0
tQTg8lvQj_c,UCKY2DOkLOyPLlvGHI3XQw0Q,2026-08-29 03:13:07,1856,8,0,119.79,120.04,0.04,1
tQZ78vxz64U,UCYGF_xk5RDpltyZDSx040uw,2026-08-28 07:15:01,164103,1344,21,119.76,120.01,0.01,1
tQZ9BKbfhYc,UCpcTrCXblq78GZrTUTLWeBw,2026-07-21 17:08:14,1643850,23940,692,119.86,120.11,0.11,0
tQiwE_lQ2Ek,UC_m_uqd_9s0hZvlgfvCzqbQ,2026-08-20 14:00:10,746,24,0,120.0,120.0,0.0,0
tRCqBh7ppHE,UCsRiYH-VrZ2mYsohk7GhLdQ,2026-08-29 14:10:17,547409,3070,343,119.84,120.09,0.09,0
tROBlSw71Jg,UCS2OAdHoLt-9T6cG9A2H49Q,2026-08-13 03:00:37,7624,112,28,119.99,120.24,0.01,0
tRh_xmuj3zg,UCL2ZLyAV0H9Pvi46W7TGdHQ,2026-08-03 12:00:12,122829,1212,69,120.0,120.0,0.0,1
tRjB_koP-0s,UCZaNYFjF_SRRJPVuGX7yMjQ,2026-07-22 11:09:36,5,1,1,119.84,120.09,0.09,0
tRlUPcpa-18,UCQJuZxeDv2P05YHcC-tIEVQ,2026-08-21 08:30:16,92223,1508,84,119.76,120.01,0.01,1
tRmZSJvKaBo,UCN5oT4zGJX-_H6pE5isAEeg,2026-07-24 08:00:15,176181,4071,264,120.0,120.0,0.0,1
tRpFuE2_KSI,UCwBkHOTyu57NQi0syf5MLig,2026-08-24 10:20:51,115358,507,148,119.91,120.16,0.09,1
tRpW9EYK9YI,UC3Z9lUjG5BU60sce2-Axbjw,2026-08-21 13:56:37,1127,2,0,119.82,120.07,0.07,0
tRuAiEdtgiE,UCcHVk5SFxfYhCbbX8pWWuVg,2026-08-23 09:00:23,7546,89,35,119.76,120.01,0.01,0
tS-Rf4eK18k,UC783XWULPW-nDGv_0EYlB6Q,2026-08-22 09:30:33,28572,906,66,120.0,120.0,0.0,1
tS2FTyeZ5Go,UCDmmbxGg8g-EBkC_ku6vybg,2026-07-25 03:00:38,8474,348,26,119.99,120.24,0.01,0
tS7d_7InHGM,UCE8JC9RAVSudDT_8Ji1fuPQ,2026-08-30 08:45:33,63009,769,31,120.0,120.0,0.0,1
tSFPCT2opdw,UCBmPfbqvGwTTfrV-H_UOfdw,2026-08-03 03:08:06,1101513,14396,498,119.87,120.12,0.12,1
tSeO5MJCjlA,UCSzHok6X5qXEO7cjvVnE62g,2026-07-29 12:00:35,87260,703,14,119.99,120.24,0.01,0
vyO772G2ANI,UCt8CJiye87FMbEwt0npPMuQ,2026-07-26 12:45:21,3167,109,15,120.0,120.0,0.0,0
vyevsbAJiLY,UCWU2V62eLE3oQ7AjIGS2STQ,2026-08-15 10:25:49,105,4,1,119.82,120.07,0.07,0
vz2uZB9dHVI,UCmnCuNh2owRLP48nnS3pe2w,2026-08-04 23:45:34,33,0,0,119.99,120.24,0.01,0
vz5ce_wFBiw,UC86GXx7Ap-Cahlb0r0xT-ZQ,2026-08-18 12:00:11,10834,77,9,119.76,120.01,0.01,0
vzFooyHUimg,UCab17MxxnFtAhGsJVTkSkCg,2026-08-12 12:01:57,762,15,1,119.97,120.22,0.03,0
vzHowutNvZk,UC5WN-znPsJK0BbA8aHxZHWQ,2026-07-30 04:30:27,2918,39,6,120.0,120.0,0.0,0
vzOASJml2Zg,UCCd3jyJmOFzkJEMj5Bp89rw,2026-07-21 19:00:10,2617,150,2,120.0,120.0,0.0,1
vzRT8IueSNE,UCbFLnCfOet-u_kFyA7uX-9Q,2026-08-18 09:02:10,17019,368,30,119.97,120.22,0.03,0
vzTXuoU_sKg,UCNmN3W2H0r5_hV2drzbEn7Q,2026-08-11 03:54:04,23943,413,46,119.85,120.1,0.1,1
vzUOrlG1rQ4,UCeG0ONJtjwE20ThR5iSYdsA,2026-08-06 05:00:06,30127,445,83,120.0,120.0,0.0,0
vzaFd0Tg6jo,UCrKSaegnzewdj9-YLsUhoZw,2026-07-23 23:42:46,7468,39,14,119.79,120.04,0.04,0
vzaHkYlhpSI,UCPsZX-D7LW99PjZLA-UysPQ,2026-08-17 15:00:32,546,8,1,119.99,120.24,0.01,0
vzbduwu3N80,UCw1DsweY9b2AKGjV4kGJP1A,2026-08-17 08:30:33,122129,292,52,119.99,120.24,0.01,1
vzoLJ-9aA90,UCmZeuRfHYowZhf6odtoaNdg,2026-08-26 05:05:28,44555,359,326,119.92,120.17,0.08,0
vzqstrNj8U8,UCnju7ULBic4VgkCfDvVXCnA,2026-07-31 00:17:23,22609,435,0,119.96,120.21,0.04,0
w-3iYJbmcH8,UCifCesg-EUkjKyQedaB3hRg,2026-07-26 22:17:19,23748,353,2,119.96,120.21,0.04,1
w-Jjg8e5ayY,UCkpKYfb8wM67QnKxBj9bZXA,2026-08-11 21:00:09,5913,56,3,120.0,120.0,0.0,0
w-KkjvHuI68,UCCd3jyJmOFzkJEMj5Bp89rw,2026-08-24 14:28:34,12370,580,30,119.79,120.04,0.04,0
w-Q71FF1dss,UC0vqyzJ-1l3AJl3IkKu0bhQ,2026-07-23 00:50:47,29,1,0,119.91,120.16,0.09,1
w-R6qpz5BhY,UC4oe-OVZ2Ho-03yrMkrXomQ,2026-08-15 07:00:27,290553,6603,244,120.0,120.0,0.0,1
w-RzFGlih2Q,UC0FUMakBJHsRrfKCGQuWnRA,2026-08-29 12:17:31,45369,199,159,119.97,120.22,0.03,0
w-SdRefRgEs,UCRE-9quk3OT2OKgZFAgdN_g,2026-08-23 11:41:31,28208,211,184,119.82,120.07,0.07,0
w-ge088pIvI,UCw1DsweY9b2AKGjV4kGJP1A,2026-08-01 10:00:20,5762,24,5,120.0,120.0,0.0,0
w08bIYol0cc,UCDnIK80iouL_rb_J6GybOlg,2026-08-10 00:30:35,2,0,,119.99,120.24,0.01,0
w0DpEdg5Ues,UCDBAVzfX3yZ1hah0FHnOoaA,2026-07-11 13:00:17,495101,2242,365,120.0,120.0,0.0,0
w0NTZ3lLrbc,UCV6mNrW8CrmWtcxWfQXy11g,2026-08-20 21:30:16,619219,15529,728,119.76,120.01,0.01,1
w0NyTVadtb4,UCcstDLbuhxEbFKkPZ6wST2A,2026-08-11 09:00:04,13703,55,16,120.0,120.0,0.0,0
w0aYdyN6B58,UCAl4HWznMn7KhKBRFO5eiFA,2026-07-25 11:55:11,39023,147,13,119.83,120.08,0.08,1
w0bmwffYHUs,UCkrJBQAut47U8xMUuv8D_3g,2026-07-23 10:40:33,109570,3288,63,119.83,120.08,0.08,1
w0lel6qcnK4,UC8FErYSi74YwGUAoTpjvgzQ,2026-08-04 09:30:31,48217,508,30,119.99,120.24,0.01,1
w0vR_heKLHM,UCpTNtH8yc1Kdl_YFfsQsTYA,2026-08-17 01:31:22,4142,18,0,119.98,120.23,0.02,0
w15O6YrV0Cw,UC6YqXiwCBfPvPTs3wXgWElQ,2026-07-28 11:07:28,39190,175,93,119.88,120.13,0.12,0
w15zs4-AdeA,UCEJF0q0SqEJ64uA9LCXuSrQ,2026-07-17 08:00:21,4560,93,39,120.0,120.0,0.0,1
w1fXqschK6c,UCJDXc9JWCZo-nLNKr_-L2Ng,2026-07-23 18:30:15,5284,169,10,120.0,120.0,0.0,0
w1fjOiFkQck,UCZPfs7xIjGmOGs9kvgGhUKQ,2026-07-20 10:00:16,149,2,0,120.0,120.0,0.0,0
w1nwTex9pGA,UCdb5lyq0tWbY3jqH35SufmA,2026-08-27 01:22:24,1731,2,0,119.89,120.14,0.11,0
w1tZoiX9_hc,UC3hCAmwyYNgRuOOSFV7evVA,2026-08-27 03:15:05,159431,314,93,119.76,120.01,0.01,1
w1yJCqhI86o,UC8IxyKkhu4YUYK_c76AdcDw,2026-07-23 13:44:33,17874,116,29,119.76,120.01,0.01,0
w2-QKbuEN1s,UC0FUMakBJHsRrfKCGQuWnRA,2026-08-09 14:51:04,13769,98,49,119.9,120.15,0.1,0
w226oPTjaTA,UCirJgPv8RtFaFMj39b6cD8Q,2026-08-16 03:00:15,5368,32,0,120.0,120.0,0.0,1
w2KstxsCgTo,UCSOeJWyByeoBHpmrm0NnlLw,2026-07-31 07:30:11,126390,1442,151,120.0,120.0,0.0,0
w2_nLLgPDhA,UCjBPx2oip2bKnnfqKyas0ew,2026-08-05 13:30:20,16297,365,31,120.0,120.0,0.0,1
w2m7OVJZps4,UCO8ToDSM2Gvt3EZdOdosxTw,2026-07-28 04:15:10,6351,66,84,120.0,120.0,0.0,0
w2mPa1WHDIg,UCPI40-XQA9-GBGj2k8PPqfg,2026-08-24 08:50:31,61281,1030,76,119.92,120.17,0.08,0
w2nCwtJAFVo,UCrY2B2XX41ReYh9DIWrFfCg,2026-07-26 11:06:03,5485,,3,119.9,120.15,0.1,1
w2v_Wv8Tv38,UCvrxJgD0T_TFvgsO2nA-fDQ,2026-08-28 18:34:24,101058,278,84,119.94,120.19,0.06,0
w3IXq08leso,UCPsZX-D7LW99PjZLA-UysPQ,2026-08-26 06:00:35,4704,24,3,120.0,120.0,0.0,0
w3JmArMWJxA,UCV7WE8I_UiAN0fa6Arezx_w,2026-08-16 14:00:25,106,1,0,120.0,120.0,0.0,0
w3OUejWEpFM,UCAZVLirygDNDfCNfyIVnTWA,2026-08-29 17:53:14,534,9,0,119.88,120.13,0.12,0
w3Pxe2b0h9w,UCt8CJiye87FMbEwt0npPMuQ,2026-07-23 13:30:29,2030,47,10,119.99,120.24,0.01,0
w3Q-bAuwI90,UCms8Ge7H1ZGgw6nV94fUhUQ,2026-08-19 09:00:42,37057,519,381,120.0,120.0,0.0,0
w3cw-WyKz9E,UCdK9h1ILxS49c2LguBUY3rw,2026-08-12 23:49:53,25,3,0,119.92,120.17,0.08,0
w3gpN8_vaME,UC4oe-OVZ2Ho-03yrMkrXomQ,2026-08-13 07:00:25,368246,4407,325,120.0,120.0,0.0,1
w3k6RESiKsA,UCYXAJvn4s3GUvTzjwLy15pg,2026-08-16 04:28:53,0,0,0,119.77,120.02,0.02,0
w3w1qSINCP4,UCOTJtP0Z9DjpPU43B5m1V6A,2026-07-30 02:30:19,114492,1188,50,120.0,120.0,0.0,0
w3xyJ6Q-Cnw,UCw1DsweY9b2AKGjV4kGJP1A,2026-08-21 10:00:15,157011,307,19,119.76,120.01,0.01,1
w49mSIBp0bo,UCg7rkxrTnIhiHEpXY1ec9NA,2026-08-15 07:00:32,235819,9714,545,119.99,120.24,0.01,0
w4D2vsbiX1I,UCYJ0Ucu9jPX5kn6SeDcNaIQ,2026-07-29 23:40:31,107827,594,154,119.83,120.08,0.08,0
w4DRgTE_9Vg,UCPGl9DV2WUgaqGVXtVrhJWQ,2026-07-28 14:39:46,4,0,0,119.84,120.09,0.09,0
w4LFZE0awsY,UCeG0ONJtjwE20ThR5iSYdsA,2026-07-21 07:00:06,10086,201,29,120.0,120.0,0.0,0
w4TmRY6ICw0,UCA9f2-9fUklMMOaz8vKW7Jw,2026-08-30 00:45:22,1990,5,3,119.76,120.01,0.01,1
w4aVLDAw3oE,UCdQHEqTxcFzjFCrq0o4V7dg,2026-08-11 00:15:25,30504,1629,186,120.0,120.0,0.0,0
w5ChvJE0hJQ,UCqIwPYLfMd3EoWYwvyTjPnA,2026-08-24 07:00:25,12275,104,12,119.76,120.01,0.01,0
w5gynTdxX7k,UCPI40-XQA9-GBGj2k8PPqfg,2026-08-30 08:50:26,58188,640,67,119.92,120.18,0.08,0
w5t_pvuDV2I,UCZudBEEhIf6i8XIZZn3QDvA,2026-08-17 02:00:02,176820,10813,1927,120.0,120.0,0.0,1
w5wnVqlSSFY,UCC1LvVTX2ySKYjeIXkAtvsQ,2026-08-12 09:00:14,360055,4850,136,120.0,120.0,0.0,1
w6E9zSR2RE8,UC_m_uqd_9s0hZvlgfvCzqbQ,2026-08-19 11:33:45,1040,7,0,119.95,120.2,0.05,1
w6Phblc6540,UCPsZX-D7LW99PjZLA-UysPQ,2026-08-12 03:00:17,1123,11,8,120.0,120.0,0.0,0
w6YPuLK1EcA,UCF5RrlbsxJjAVLWgOCoNHMg,2026-08-30 20:27:22,53912,280,2,119.81,120.06,0.06,0
w6cFejXp_5M,UC5bjQxLK_3XVzIOTQ04sYeg,2026-08-17 17:26:25,284,3,0,119.81,120.06,0.06,0
w6eBdCtlSXU,UCqVkQsNin4MdGFrWvzFVOKw,2026-08-11 02:00:36,5237,144,7,119.99,120.24,0.01,0
w6gUbPw5Mak,UCgLFbrC7-g0ihBKB0obVPTg,2026-07-27 13:45:23,148,2,0,120.0,120.0,0.0,0
w6hp7YEH6Kw,UCWU2V62eLE3oQ7AjIGS2STQ,2026-08-15 10:23:41,610,11,7,119.86,120.11,0.11,0
w6iIgu4m21c,UCVWAdUQGUiY2Kzh0JoB5PtQ,2026-08-15 08:12:10,1339,8,2,119.8,120.05,0.05,0
w7CT_An3Ai8,UCkcaRxpTcisadUeCbHOYTFw,2026-08-24 10:10:52,20929,251,5,119.83,120.08,0.08,1
w7WXMZu_mbc,UCei_ecYpQqFjYhjLaDPr2Lw,2026-08-30 10:25:54,9,0,0,119.83,120.08,0.08,0
w7YGccqk1e0,UCdGiRd1dTixfQxQrb2pbn5Q,2026-07-27 13:20:08,5983,241,20,119.92,120.17,0.08,1
w7ZysFuL46Y,UCoSniqkitCpxlHrQd5L8A1w,2026-07-29 16:23:35,20646,178,17,119.86,120.11,0.11,1
w7_o7xnmtYg,UCKrprPfevcAZpPuRnCO6xOA,2026-08-14 11:34:07,13,0,0,119.93,120.18,0.07,0
w7eqnx4-9O8,UCZCZHg_oJiHcrcj2vaPRCag,2026-08-17 09:00:16,1570,1,0,120.0,120.0,0.0,1
w7hR2NSBW5s,UC_2x8h1QrTHOO0i4Yiss-ww,2026-08-12 10:05:31,58285,655,10,119.91,120.16,0.09,1
rSiuARtyyJE,UClHTjLVog7CkRF8tYJuNXXQ,2026-08-18 22:00:34,220,18,3,120.0,120.0,0.0,0
rSmVJxLNsnk,UCifCesg-EUkjKyQedaB3hRg,2026-08-03 03:03:22,317579,2753,22,119.95,120.2,0.05,0
rSqPEiIz_XE,UCV7WE8I_UiAN0fa6Arezx_w,2026-08-16 15:00:17,47,1,0,120.0,120.0,0.0,0
rSx0hH14qcc,UC3ozN5tHi449NhCDE6Xtmwg,2026-08-18 11:39:35,23020,557,50,119.85,120.1,0.1,0
rSyXnX9BSAA,UC2t5bjwHdUX4vM2g8TRDq5g,2026-07-29 18:00:38,989713,65952,4314,119.99,120.24,0.01,0
rT0dN58GSuw,UCifCesg-EUkjKyQedaB3hRg,2026-08-28 01:10:53,4111,15,0,119.83,120.08,0.08,0
rTG_fR_3MB4,UCV7WE8I_UiAN0fa6Arezx_w,2026-08-30 01:00:17,82,1,0,119.76,120.01,0.01,0
rTIbrfFioUk,UCt8CJiye87FMbEwt0npPMuQ,2026-07-16 17:33:57,2724,125,7,119.94,120.19,0.06,1
rTPXSNTMlnk,UCL2ZLyAV0H9Pvi46W7TGdHQ,2026-08-11 11:30:29,260502,1935,33,119.99,120.24,0.01,1
rTYf_DIv66Y,UCdcjduaR6hyGHVNmpbJzSsw,2026-08-24 06:54:25,13404,198,14,119.85,120.1,0.1,0
rTfDX1Xi7qE,UCPuD5ZRQWa_JCaY5NokNhtg,2026-08-26 04:25:40,900,8,2,119.83,120.08,0.08,0
rTfNLA2yiN4,UC_e83kYlGHWbsrr8QCfV_ag,2026-08-18 11:43:34,6904,65,5,119.78,120.04,0.04,0
rTv4fnm3zc0,UCoH2pCzAr6zWDG-LtUiLWRw,2026-08-02 23:00:33,28319,334,67,119.99,120.24,0.01,0
rTxaA9ltSt8,UCpcTrCXblq78GZrTUTLWeBw,2026-08-01 17:30:05,205884,3247,65,120.0,120.0,0.0,1
rU7iMO1qGbk,UCV7WE8I_UiAN0fa6Arezx_w,2026-07-15 17:00:22,113,0,0,120.0,120.0,0.0,0
rU9U_tKLEGY,UCYMXFMiaGBnZ08-wBHS2MPQ,2026-08-08 00:01:20,5197,47,17,119.98,120.23,0.02,0
rUU5OxkohuU,UC-8S20Ll1gzPiu_YY8BgyaQ,2026-07-22 08:57:44,62534,476,21,119.79,120.04,0.04,1
rUqBBfl8bkE,UCp6n8d8Y8r3MwKNw_MMaouQ,2026-07-28 11:58:54,247749,2271,1,119.77,120.02,0.02,0
rV1hZMkE6D4,UCz5UFGucIyJGH0nf_8d0ghA,2026-08-08 12:25:53,3158,61,19,119.82,120.07,0.07,0
rVIclVe8mQY,UC_m_uqd_9s0hZvlgfvCzqbQ,2026-08-04 11:17:30,1677,6,0,119.96,120.21,0.04,1
rVQnaH7-2fU,UCrfB1-zWijAYkgfZW7Ehc8Q,2026-08-15 15:38:33,145832,4678,1050,119.86,120.11,0.11,0
rVWHUkUbDU4,UCHeg3ApmuXQbqqszaD1fR9g,2026-07-13 15:18:40,134,5,0,119.94,120.19,0.06,0
rVbJ8Z7frTk,UCt8CJiye87FMbEwt0npPMuQ,2026-08-13 12:00:31,10520,552,35,120.0,120.0,0.0,1
rVjGKnh6l3I,UCw1DsweY9b2AKGjV4kGJP1A,2026-08-30 08:04:00,545348,1494,209,119.95,120.2,0.05,0
rVm4q9q8N10,UCqVkQsNin4MdGFrWvzFVOKw,2026-07-27 15:24:55,15583,449,1,119.84,120.09,0.09,0
rW4vGIo_do0,UCrR_fhiJjoW8OJFzUcmlMMA,2026-08-23 07:00:17,5397,48,26,119.76,120.01,0.01,0
rW7qkKa9fwk,UCifCesg-EUkjKyQedaB3hRg,2026-08-28 23:22:09,3375,53,1,119.89,120.14,0.11,1
rWFU-XA-_bQ,UCzSODDx0zQF3nxXOZISCm_w,2026-07-27 09:00:21,7,2,0,120.0,120.0,0.0,0
rWJDA6zhy-o,UC_E_qYfGKM3C0kqrp1p8z7Q,2026-08-23 17:00:01,584,15,2,119.76,120.01,0.01,1
rWRT-ym4xi0,UCPGl9DV2WUgaqGVXtVrhJWQ,2026-08-19 14:29:30,6,0,0,119.77,120.02,0.02,0
rWWkcL7HRk0,UCE-6-bWkikwoP4_ooZNep3g,2026-08-28 22:00:15,28989,996,22,119.76,120.01,0.01,1
rWa8RAdX6y8,UC2NFRq9s2neD_Ml0tPhNC2Q,2026-08-16 02:30:06,255355,3075,220,120.0,120.0,0.0,0
rWqlOeyorRs,UCt8CJiye87FMbEwt0npPMuQ,2026-07-23 16:30:29,3264,135,12,119.99,120.24,0.01,0
rXGl2M0VJBw,UCfq-5-0b5Lzj7cKCrp6-flA,2026-08-23 15:00:02,6495,233,44,119.76,120.01,0.01,1
rXK8kfs_Dvg,UC4VWaR3R17Ruc7j1Cy1-PKQ,2026-08-15 13:44:38,2891,31,13,119.76,120.01,0.01,0
rXKV4no4TVA,UCO94iFhOhtdGb4Ze5DUAtbw,2026-07-26 12:30:31,8493,248,18,119.99,120.24,0.01,1
rXQdu6f4geI,UC4cKHOBS-nRfKFTwf1n8HGA,2026-07-25 10:16:12,273,,1,119.98,120.23,0.02,1
rXT6_gmXH0Y,UCYMXFMiaGBnZ08-wBHS2MPQ,2026-07-30 23:21:49,672,4,0,119.89,120.14,0.11,0
rXYaZxSQ-yg,UCrKSaegnzewdj9-YLsUhoZw,2026-08-13 04:55:20,24393,192,52,119.83,120.08,0.08,0
rXeMTrbr2rk,UCPI40-XQA9-GBGj2k8PPqfg,2026-07-27 08:50:05,48543,695,94,119.92,120.17,0.08,0
rXemjdljVeE,UCPuD5ZRQWa_JCaY5NokNhtg,2026-08-05 07:54:20,241,4,2,119.85,120.1,0.1,0
rY4VSKracbw,UCJDXc9JWCZo-nLNKr_-L2Ng,2026-08-07 17:00:13,2347,83,4,120.0,120.0,0.0,0
rY72ZnThIQM,UCU0-6z_KU9AShyR9J6gcFGw,2026-08-30 22:27:14,841,7,0,119.81,120.06,0.06,0
rYL00vvTq_A,UC_8GOc5dWX2Kpb74_nQ7vSQ,2026-08-11 13:00:24,176767,8266,229,120.0,120.0,0.0,0
rYTMIRZ1rWo,UCw-JzmPsjRcbzJLncr4pIIA,2026-08-12 12:22:05,149499,2539,171,119.89,120.14,0.11,0
rYXooWCYAqM,UCBtJuwDt6LlXp2YASC-ZMdA,2026-08-21 10:00:38,1045,4,0,120.0,120.0,0.0,1
rYh90hI7Gfg,UCFrKhWvZ8oeJQTNP5ZabgJw,2026-08-09 02:00:27,308551,2837,353,120.0,120.0,0.0,1
rZ1XbLDrzKw,UCd6CX2LiQE2dEAPXwk2N0jg,2026-08-08 12:00:11,76085,886,159,120.0,120.0,0.0,0
rZ4fn0dCU20,UCoIEwIHhW-1_roLnb5nK_UA,2026-08-29 00:45:38,140,3,0,120.0,120.0,0.0,0
rZLnOjm7WDE,UCaova9Q4UZLPqFnSvq8VxzA,2026-08-28 03:04:48,19887,38,72,119.93,120.18,0.07,0
rZVTM2OjERk,UC3Oe-jfrIqEGygxYBYyN6jQ,2026-07-29 00:59:31,2269,37,0,119.76,120.01,0.01,0
rZ_8jk8lRqI,UCBo7GIv99qTzHaa6ip09YLA,2026-08-09 07:30:09,172,4,3,120.0,120.0,0.0,0
rZgrI4QwqW4,UCTK7GGeH0c9INAEnV2EfD0Q,2026-08-13 03:00:38,6971,230,2,119.99,120.24,0.01,1
rZlE6gySOrI,UC4VWaR3R17Ruc7j1Cy1-PKQ,2026-08-03 21:05:05,193,5,4,119.92,120.17,0.08,0
rZwncf5jMTE,UC9nWoDbRAl3-fvreBNeStKQ,2026-08-03 17:15:32,2812,51,3,119.99,120.24,0.01,0
r_ACSh8BxPI,UCw1DsweY9b2AKGjV4kGJP1A,2026-08-27 06:00:02,170781,1935,51,119.76,120.01,0.01,1
r_UGKoazIM4,UCa4clnMsHg6uJPpxKbxCEmA,2026-08-08 00:00:28,112230,976,100,119.99,120.25,0.01,0
raCtZuOVc68,UCpcTrCXblq78GZrTUTLWeBw,2026-07-28 17:00:06,44015,1092,101,120.0,120.0,0.0,0
raImW-Ozz2w,UCXAXCxTCCYYKsLJNzEvjqfw,2026-08-11 12:30:02,114501,1833,364,120.0,120.0,0.0,0
raWcV08jzZw,UCXCa03lRK6tlntZoJ7TUWRw,2026-07-28 02:00:30,372884,7341,1303,119.99,120.24,0.01,1
raYPA9PXDk4,UCulcJNJPF25ncT7GvJm6iEg,2026-07-24 10:13:05,229608,2259,49,119.79,120.04,0.04,1
rab-fohg8-0,UC1Il94cQwl93Zun8ax1Qjlw,2026-08-10 19:13:29,288,3,0,119.78,120.03,0.03,0
racJhhggViM,UCBY9rOZPo0fLE45mOV0s0cw,2026-08-08 14:05:52,296,1,0,119.91,120.16,0.09,0
rahPJun5aq4,UC5ScPjbt-a97AJO7SBj6nAg,2026-08-09 08:48:32,127471,3028,121,119.94,120.2,0.06,1
raqPWFalK78,UC699Y51pMl0wWLPA4atcZjQ,2026-08-01 02:30:20,7474,175,42,120.0,120.0,0.0,0
ratBna-3yeQ,UCaN3tSrrzIrXSDonEe7LK9A,2026-07-24 08:00:15,2686,68,15,120.0,120.0,0.0,0
raxSWp2JXnk,UCwBkHOTyu57NQi0syf5MLig,2026-08-22 00:00:30,247098,1393,165,119.75,120.01,0.01,1
rbBCB7c-Sck,UCBidluUUxzT_5jVOI_2x2MQ,2026-08-12 14:40:13,64,4,0,119.83,120.08,0.08,0
rbQxa6WCxpU,UCA9f2-9fUklMMOaz8vKW7Jw,2026-08-29 13:19:18,143,1,0,119.94,120.19,0.06,0
rbe4tTso2dM,UC5ThQKdocwo_9UurfT5P_ww,2026-08-27 08:13:39,707765,8803,243,119.79,120.04,0.04,1
rbjf95yR01k,UCnCFD3met1Ip7OngdF9TRDg,2026-08-08 05:32:42,24131,309,50,119.96,120.21,0.04,0
rbkpdg83oOg,UCVipGmBXqbYKNODNzVCN86w,2026-08-20 14:00:37,23661,608,14,119.99,120.24,0.01,1
rbl3kGn4fvU,UCIvLQ5lZ2kebqnLaGv_FP4w,2026-07-27 17:32:33,2030,9,0,119.96,120.21,0.04,0
rblvhzAz9Mk,UCaN1Qp37sHiCdQuSaXa3fVw,2026-08-17 01:00:02,61422,1101,24,120.0,120.0,0.0,1
rbqF9pUXc00,UCBmPfbqvGwTTfrV-H_UOfdw,2026-07-29 02:07:11,539872,7013,47,119.88,120.13,0.12,1
rbtjmu3e_Nw,UC7lwS-aSDzYHZJ9uWuzySwQ,2026-08-14 13:00:22,2199,6,6,120.0,120.0,0.0,1
rbyvN5RgNmc,UC4OsulKlyGi0wY5h9D4JjBw,2026-08-18 07:07:32,21884,303,52,119.88,120.13,0.12,0
rc6PKn1dMnI,UCifCesg-EUkjKyQedaB3hRg,2026-08-14 01:54:41,87795,2173,111,119.84,120.09,0.09,1
rcC-XH561ro,UCGa52d8Qlv3THghuCAt_nXA,2026-07-24 08:30:30,28209,332,4,119.99,120.24,0.01,1
rcENpxov9hI,UCN8YcyYvYIrtLcwyT-KqbNg,2026-08-29 03:00:38,60262,951,69,120.0,120.0,0.0,0
rcMRAOvOtp4,UCM81CAJ2_Y42-bvK1OQnAAA,2026-08-06 14:18:22,56448,759,598,119.95,120.2,0.05,0
otlxpMcgUqE,UCV6mNrW8CrmWtcxWfQXy11g,2026-07-28 10:00:08,123601,6889,155,120.0,120.0,0.0,1
otqrZpH3kpw,UCjBPx2oip2bKnnfqKyas0ew,2026-08-17 09:15:15,3692,192,24,120.0,120.0,0.0,0
ouI-8HcJuhQ,UCv1tOT645xHOJrwdGlzjMaA,2026-08-06 09:00:11,331820,7109,34,120.0,120.0,0.0,1
ouaH4lMqFRY,UCzVXdulvpgEoI8yuFMmhxJw,2026-08-11 11:30:12,72771,3859,26,120.0,120.0,0.0,1
ouaIau446PU,UCzps05UZ7XpX3SFoFyYIDow,2026-07-25 17:55:46,23488,135,276,119.82,120.07,0.07,0
ouh-MRvCJ9s,UCMF3M48BakI-ptofqoUqdAA,2026-08-14 13:27:12,4459,121,19,119.8,120.05,0.05,0
oukX_PsTePA,UCtKNP4UGUA1ybxJJcTC_GFA,2026-07-30 11:57:27,4869,26,16,119.8,120.05,0.05,0
oumj_KuLde8,UC8CZL4cvFiKwKKDNCuM2lTA,2026-07-17 19:39:08,7978,53,1,119.85,120.1,0.1,0
ouykZUya_EM,UCJmnOEp1-OITEU0mk4icM5A,2026-07-25 02:00:30,34398,473,164,119.99,120.24,0.01,0
ov-MKxk2y_Y,UCifCesg-EUkjKyQedaB3hRg,2026-08-29 02:11:32,294440,258,0,119.82,120.07,0.07,0
ov0N8MtiZqA,UC6oq8RPEH1BmtyldQgXVbJw,2026-07-29 00:46:00,17364,88,69,119.99,120.24,0.01,1
ovDkD1oEqs0,UC1dG3vI9FfHnH3YgyeKUz_A,2026-08-08 14:08:33,229191,1116,123,119.86,120.11,0.11,0
ovaFqwF8VFc,UCBmPfbqvGwTTfrV-H_UOfdw,2026-08-23 20:02:25,509395,5725,98,119.97,120.22,0.03,1
ovhU1x-nkcQ,UCOTJtP0Z9DjpPU43B5m1V6A,2026-08-31 02:30:10,243221,1185,84,119.76,120.01,0.01,0
ow6EB2Ogh9Q,UCV7WE8I_UiAN0fa6Arezx_w,2026-08-14 02:00:19,39,0,0,120.0,120.0,0.0,0
owRxJS0EA2Q,UCZ6mNZTiTUrUSbSYPlclI4A,2026-08-23 11:00:07,22146,596,51,119.76,120.01,0.01,1
owTwK_hhP0Q,UC_m_uqd_9s0hZvlgfvCzqbQ,2026-08-24 03:00:17,4260,58,28,119.76,120.01,0.01,0
owUmjiRWFWA,UCGa52d8Qlv3THghuCAt_nXA,2026-07-19 08:30:12,37068,258,4,120.0,120.0,0.0,1
owW4xnfWEwo,UCiVO_mThS9B3tNc_kzpn-3g,2026-08-21 21:29:50,31996,438,7,119.76,120.01,0.01,1
owZpjBIFhnk,UCpCBP5cVIBvezPI1LKFMYjA,2026-07-14 09:41:48,38586,816,152,119.81,120.05,0.05,0
owgfHAujLWc,UC2yOBpLVwB7kzt9C5ZPbB7w,2026-08-10 04:00:17,93762,990,28,120.0,120.0,0.0,1
owmv7VOEf40,UCPuD5ZRQWa_JCaY5NokNhtg,2026-07-25 08:35:03,305,7,2,119.92,120.17,0.08,0
owz-jPIDLXE,UCt8CJiye87FMbEwt0npPMuQ,2026-07-16 17:29:27,1797,109,5,119.76,120.01,0.01,1
ox15p1dU6x0,UCIzbqIyEUxtFLYh_sCDoXpw,2026-07-28 15:13:03,186783,1813,98,119.78,120.03,0.03,1
oxM65duLGys,UCEg24oF81p-THPtp3otdmTA,2026-08-22 09:32:10,25590,708,59,119.98,120.23,0.02,0
oxTWJyHpmE8,UCAGfDVBYmUlAxUYYLvtrvyA,2026-08-05 14:57:40,146,15,24,119.79,120.04,0.04,0
ox_TnyaAMvk,UCcum1rCJ5GJeQ_xv0xrohqg,2026-07-31 04:00:00,54889,1874,108,120.0,120.0,0.0,1
oyClISsnK0w,UC699Y51pMl0wWLPA4atcZjQ,2026-08-31 02:00:34,19094,142,70,119.75,120.01,0.01,0
oyEVTUcTEQY,UC-yb5eNBQyXBE9nZnht9u-g,2026-08-21 13:13:29,6789,272,7,119.79,120.04,0.04,1
oyJUdO0TbT0,UCrY2B2XX41ReYh9DIWrFfCg,2026-08-23 10:04:01,3344,,3,119.95,120.2,0.05,0
oyW1-Kuf8ME,UC9qwDE50UcXvdplRNZKEoPA,2026-08-08 01:00:19,27616,523,24,120.0,120.0,0.0,1
oyeqgaLJ8WQ,UCJDXc9JWCZo-nLNKr_-L2Ng,2026-08-05 20:30:09,3642,119,7,120.0,120.0,0.0,0
oyylPhz16ls,UCO8ToDSM2Gvt3EZdOdosxTw,2026-07-17 01:05:36,17382,99,69,119.91,120.16,0.09,0
oz1wRBZMb1I,UCpcTrCXblq78GZrTUTLWeBw,2026-07-12 20:28:27,747225,6073,43,119.78,120.03,0.03,1
oz5_xo4kYjs,UCYGF_xk5RDpltyZDSx040uw,2026-08-06 10:09:36,92325,1283,41,119.59,120.09,0.09,1
ozByEXgjrbs,UCtt0Hg9MhraTkzWwNQpplHg,2026-07-17 09:00:16,82478,1018,149,120.0,120.0,0.0,0
ozD6IfbLcQw,UC78d2aaqdrt02RfmtRLmlAw,2026-08-22 16:00:15,21008,359,36,119.76,120.01,0.01,1
ozGVXfwBy14,UCGa52d8Qlv3THghuCAt_nXA,2026-08-04 08:30:36,547078,4248,234,119.99,120.24,0.01,1
ozOurbtn6gY,UC5RxNUZ9_c94ZEfJGnJZmTw,2026-08-15 12:00:11,2506,104,8,120.0,120.0,0.0,0
ozZAPeHNHjo,UCkphwoGMBs2_0raLOqu9aQw,2026-08-11 12:00:13,113,2,3,120.0,120.0,0.0,0
ozbKaTcOZcM,UC0FUMakBJHsRrfKCGQuWnRA,2026-07-31 14:35:53,30797,243,72,119.9,120.15,0.1,0
ozezUMqhjGc,UCI3DTtB-a3fJPjKtQ5kYHfA,2026-08-31 18:45:24,11313,11,1,119.76,120.01,0.01,0
ozhdv48_xNQ,UCwfbSsZ7_sccxcibe60mWlQ,2026-08-17 03:37:05,8362,27,15,119.89,120.14,0.11,0
ozzlc8sfAMI,UCRLoyYlPR9ufzlbeI9lLDqg,2026-08-16 10:32:50,67464,3520,399,119.96,120.21,0.04,1
p-AbwEQXt50,UCElXDMEQqlUnuyDbChjARWQ,2026-08-15 15:00:22,455,0,0,119.75,120.25,0.25,0
p-BaM9SBGlg,UCAgZP6qUjcVjZsGWtW-l6lw,2026-08-10 10:30:02,52,5,2,120.0,120.0,0.0,0
p-KxfQeTLGw,UCeRn_02zEifLqXxZkTpiXzA,2026-08-29 23:00:09,58897,220,45,119.76,120.01,0.01,0
p-LL-vAJdHo,UCz5UFGucIyJGH0nf_8d0ghA,2026-08-28 23:32:07,2610,31,11,119.98,120.23,0.02,0
p-T8HXtlMTY,UCcstDLbuhxEbFKkPZ6wST2A,2026-08-28 12:00:09,67473,188,58,119.76,120.01,0.01,0
p-WdzPlnEZI,UCBvKuSAkXERBnGSQOH0Sarw,2026-08-14 17:15:03,2417,59,0,120.0,120.0,0.0,0
p01XN1kufVE,UCIKORyfTZ0cN-u0hrxHcgUw,2026-08-06 05:16:43,18,1,1,119.97,120.22,0.03,0
p059RoMFDM8,UC0wo7SwsC5dE0nSgBs2M-3A,2026-07-13 08:30:07,168257,6296,68,120.0,120.0,0.0,1
p0JOV5u9MUY,UCzDmGDR5RdahQkLCBoWlTEg,2026-08-19 15:04:07,21573,114,39,119.94,120.19,0.06,0
p0grJGd6Frs,UCD2YO_A_PVMgMDN9jpRrpVA,2026-07-13 12:02:21,842013,6235,686,119.96,120.21,0.04,0
p0jIX3E-_Ow,UCV7WE8I_UiAN0fa6Arezx_w,2026-08-30 06:00:02,411,0,0,119.76,120.01,0.01,0
p0lTGmE3Xi4,UC5H8Wt-1q_tnn-m4tDTqbUw,2026-08-05 05:41:34,2544,47,4,119.81,120.06,0.06,0
p0wRLahg5Nk,UCk3w4CQ_SlLH4V0-V6WjFZg,2026-07-28 16:02:42,60274,2957,161,119.96,120.21,0.04,0
p0xEfyOg8ck,UCZ-UuK86Bk5sGzQQ2cEglJQ,2026-07-26 10:50:08,216485,2225,120,119.92,120.17,0.08,0
p0xNelHT2aA,UCHeg3ApmuXQbqqszaD1fR9g,2026-08-02 02:00:17,30911,235,17,120.0,120.0,0.0,1
p0yfpFlB-sc,UCZ6mNZTiTUrUSbSYPlclI4A,2026-08-28 12:58:13,9525,492,9,119.79,120.04,0.04,1
p12zpH9jXc4,UCPGl9DV2WUgaqGVXtVrhJWQ,2026-07-12 15:00:25,11,0,0,119.99,120.24,0.01,0
p1X_YQ9dRwE,UCw1DsweY9b2AKGjV4kGJP1A,2026-08-03 08:30:01,736131,2953,198,120.0,120.0,0.0,1
p1bgTKJjaHE,UCQ5KMP03ifjJ8mDeyjWeZ7g,2026-07-27 12:28:31,10582,118,15,119.78,120.03,0.03,0
p21sV9vFRLk,UCifCesg-EUkjKyQedaB3hRg,2026-08-30 02:10:38,5702,124,1,119.83,120.08,0.08,1
p27JHMxSaEs,UCxPMcxq7WJ32M3lnFn58Cpg,2026-07-10 11:28:14,2541,22,5,117.3,121.15,1.15,1
p2JmGSWAqO8,UC543-TDm6IvHHZXwdSFioMw,2026-08-21 12:00:35,17214,270,27,120.0,120.0,0.0,0
p2MoUF8aHXs,UCSfhr4gDPFsKuwdmTOWp2jw,2026-07-30 09:30:23,166,1,0,120.0,120.0,0.0,0
p2TvO50KfcY,UCBmPfbqvGwTTfrV-H_UOfdw,2026-08-06 00:12:50,1901201,26699,149,119.79,120.04,0.04,1
p2WJH9FZ_Uw,UCOTJtP0Z9DjpPU43B5m1V6A,2026-07-27 02:47:38,145057,1339,122,119.96,120.21,0.04,0
p2YsCDjs_sQ,UCq6bX1rAJqwt3LmYuHrDPqg,2026-07-29 21:18:50,6770,11,0,119.94,120.19,0.06,0
p2ohhTWp7v8,UCPGl9DV2WUgaqGVXtVrhJWQ,2026-07-27 15:16:09,7,0,0,119.98,120.23,0.02,0
p2tnxH7mgO8,UCifCesg-EUkjKyQedaB3hRg,2026-08-31 20:55:39,17725,504,7,119.83,120.09,0.09,1
p3--RHv8n9c,UCKVt3arMXfa6XZezR1UnjqQ,2026-07-25 22:00:04,9807,86,4,120.0,120.0,0.0,0
p3UNK9OM7t0,UCt8CJiye87FMbEwt0npPMuQ,2026-08-26 20:14:56,77188,1041,72,119.76,120.01,0.01,0
p3bDoJypHVk,UCOX0M9VYOm2FVBORW9XLChg,2026-08-15 14:28:52,140,0,0,119.77,120.02,0.02,0
p3cBPLX1-Gs,UCgT-gb3favw2jQgwxbbwwaA,2026-07-31 11:00:19,181542,1211,153,120.0,120.0,0.0,0
p3kuMI-f7Zg,UCV6mNrW8CrmWtcxWfQXy11g,2026-08-20 09:00:24,207837,8210,177,120.0,120.0,0.0,1
p3smViHpT_o,UCnkytUgy0CtWd06up9CjNxg,2026-07-23 11:00:16,147951,2615,46,120.0,120.0,0.0,0
p3u8RzCwUOU,UCawK5EIfr66Z7fjAlZgfB2g,2026-08-18 03:00:34,25212,,27,119.99,120.24,0.01,0
p3xXlM0ZhK8,UC3DYSay178fMMPaf3zHwECA,2026-08-10 08:00:07,97061,2143,34,120.0,120.0,0.0,1
tSjqf-gc3Qo,UCpX86JOUhnrzG7MK8e8Gjbw,2026-08-13 04:43:31,37711,271,145,119.78,120.03,0.03,0
tSpNg_LwypE,UC-8S20Ll1gzPiu_YY8BgyaQ,2026-07-30 13:04:07,103724,881,210,119.93,120.18,0.07,0
tSsEDETxUgM,UCCd3jyJmOFzkJEMj5Bp89rw,2026-07-10 23:00:09,1836,90,3,120.0,120.0,0.0,1
tSzOSHB1RDo,UCw1DsweY9b2AKGjV4kGJP1A,2026-08-22 10:00:01,891746,5193,531,119.76,120.01,0.01,1
tT0dOrCf-8I,UCvPDPTxTLitVEyGu4Xt6m8g,2026-07-21 06:55:16,13301,117,6,119.83,120.08,0.08,0
tT3_hREZKvQ,UCV6mNrW8CrmWtcxWfQXy11g,2026-08-13 04:00:36,85684,2984,55,119.99,120.24,0.01,1
tTHwQBytl-8,UCpI-AhCT02iQRGLC2ZcY0Jw,2026-08-22 09:00:18,37063,341,286,119.76,120.01,0.01,0
tTM5cxBPm44,UCOTJtP0Z9DjpPU43B5m1V6A,2026-08-12 12:00:28,758753,2906,95,119.99,120.24,0.01,1
tTXsVbzsq2E,UC_e83kYlGHWbsrr8QCfV_ag,2026-08-24 11:59:03,22553,150,29,119.77,120.28,0.23,0
tTa0bhXhyO4,UCt8CJiye87FMbEwt0npPMuQ,2026-07-13 15:30:16,3044,111,8,120.0,120.0,0.0,1
tTaRIPGDOPc,UCPGl9DV2WUgaqGVXtVrhJWQ,2026-08-28 15:00:20,4,0,0,119.76,120.01,0.01,0
tTbD4vYTrU8,UCN8YcyYvYIrtLcwyT-KqbNg,2026-08-02 06:00:17,55884,331,233,120.0,120.0,0.0,0
tTbJwwEAb3I,UCpcTrCXblq78GZrTUTLWeBw,2026-08-03 16:54:51,200192,2113,210,119.84,120.09,0.09,0
tTf6gMDZ8hs,UCab17MxxnFtAhGsJVTkSkCg,2026-08-07 20:16:46,373,6,1,119.97,120.22,0.03,0
tTiRGJHgpjo,UCSh__r5HS4Y1xBkccWnV0TA,2026-08-02 18:28:15,599382,10026,174,119.78,120.03,0.03,0
tTuwqQo5V8o,UCpTNtH8yc1Kdl_YFfsQsTYA,2026-08-02 09:00:15,64939,197,11,120.0,120.0,0.0,1
tTv-Ngulbs0,UC-okJdotaXPlzivRzHFqzuA,2026-08-06 08:59:36,95512,1155,65,119.76,120.01,0.01,0
tU159cTYmUY,UCyU5JQ8KVRD9jE4E_xLsHxw,2026-07-21 09:00:22,21,2,0,120.0,120.0,0.0,0
tU7Z-n8-2ko,UCyAA-Vj4ORjXl5Ui2m6_Llw,2026-07-30 09:00:21,27850,119,29,120.0,120.0,0.0,0
tUW4tZ4u38c,UCqEoc6yuYRg5CFG4NIG8euQ,2026-08-27 08:00:21,12174,118,19,119.76,120.01,0.01,0
tUXtc2aNjNk,UC1IUMdwaJ22A6FkPiI8dcig,2026-07-26 09:34:54,23948,407,6,119.92,120.17,0.08,1
tUbS_Wnrlfs,UCdK9h1ILxS49c2LguBUY3rw,2026-07-30 11:45:23,5,2,0,120.0,120.0,0.0,0
tUkdVX-3_Vk,UC2_VPutZK0o_tG8ca_QrQRA,2026-08-08 11:53:48,40904,,135,119.86,120.11,0.11,0
tV0_bQNo-zU,UCTUnpbuKoOODvhLhCO_kO_A,2026-08-29 10:15:12,2113,14,7,119.76,120.01,0.01,0
tVDa4qbEedE,UCPuD5ZRQWa_JCaY5NokNhtg,2026-07-28 18:33:15,1373,19,2,119.95,120.2,0.05,0
tVFkz5-2p2I,UCpcTrCXblq78GZrTUTLWeBw,2026-07-28 05:30:28,1254739,53063,932,120.0,120.0,0.0,0
tVJfn7I_mTc,UCrKSaegnzewdj9-YLsUhoZw,2026-08-07 04:19:40,38927,251,115,119.93,120.18,0.07,0
tVTO8F7--cc,UCZ6mNZTiTUrUSbSYPlclI4A,2026-08-26 06:55:29,11519,247,8,119.84,120.09,0.09,1
tVe1kfVwuDI,UCHeg3ApmuXQbqqszaD1fR9g,2026-07-26 02:00:13,21984,156,8,120.0,120.0,0.0,1
tVehoBImDGE,UCN8L7Z-dyzu9FzT39RM0fvw,2026-07-25 10:27:58,19329,220,25,119.78,120.03,0.03,0
tVfqVcmlgFE,UCzRPPKLkNxjD2of-0Xxfnjw,2026-08-08 04:36:55,7022,56,6,119.89,120.14,0.11,1
tVrzJ4RIuMY,UCpTNtH8yc1Kdl_YFfsQsTYA,2026-08-19 09:00:19,24710,80,16,119.76,120.01,0.01,1
tVsHTApV_8A,UCBtJuwDt6LlXp2YASC-ZMdA,2026-07-26 23:02:22,681,15,1,119.96,120.21,0.04,0
tVwNy3xV-4c,UC72PuhDwKtZ5MikpGNhPAtA,2026-08-29 12:32:23,2253711,38910,3144,119.98,120.23,0.02,0
tWDYr77DcJA,UCBidluUUxzT_5jVOI_2x2MQ,2026-08-23 13:50:13,63,2,0,119.92,120.17,0.08,0
tWNexnmBtEY,UCbItyvYa6cqvqtwlU2E9-wA,2026-07-30 05:30:28,9894,526,62,120.0,120.0,0.0,0
tWNsc0uX42A,UC5bjQxLK_3XVzIOTQ04sYeg,2026-08-06 00:12:29,408,9,2,119.79,120.04,0.04,0
tWR-brfQDPY,UCt8CJiye87FMbEwt0npPMuQ,2026-07-16 17:20:23,4051,135,11,119.91,120.16,0.09,1
tWbtcaNaNoA,UCt8CJiye87FMbEwt0npPMuQ,2026-07-28 14:15:19,3129,53,26,120.0,120.0,0.0,1
tWj6pzkLZTE,UCBS4sjbGJIcclT-Y6i_Jzkg,2026-07-23 20:02:37,35470,1507,4,119.96,120.21,0.04,1
tWkSpLjfBls,UC9JlObZnbOirT4_iyPGrdcw,2026-08-19 12:00:35,17530,297,26,120.0,120.0,0.0,0
tWljWmTbqWQ,UCwfbSsZ7_sccxcibe60mWlQ,2026-08-18 03:00:09,9881,46,6,120.0,120.0,0.0,0
tWo1dIFiQvY,UC3DYSay178fMMPaf3zHwECA,2026-07-31 08:00:14,47913,1225,28,120.0,120.0,0.0,1
tX2LgjjcBSs,UCby0vMKcLR05ZdS90aZd5og,2026-07-23 17:04:27,142,5,0,119.93,120.18,0.07,0
tXCMYcRP1-I,UC_E_qYfGKM3C0kqrp1p8z7Q,2026-07-25 19:00:33,495,12,1,119.99,120.24,0.01,1
tXEUGpJLtFE,UCHJv9xBR9lkzGSIepie-T_A,2026-08-14 22:00:36,24,3,1,119.99,120.24,0.01,0
tXFiDqciRSY,UCHZ9X2Nl3dq8ChEJgScmZCw,2026-08-19 04:52:12,25894,157,50,119.89,120.14,0.11,0
tXJjn4rpHDA,UCifCesg-EUkjKyQedaB3hRg,2026-08-03 01:03:00,18328,445,10,119.95,120.2,0.05,1
tXVHEPIpFl0,UCTK7GGeH0c9INAEnV2EfD0Q,2026-07-17 03:00:05,14304,403,28,120.0,120.0,0.0,0
tXZX_i9A7GM,UCXAXCxTCCYYKsLJNzEvjqfw,2026-08-10 21:05:39,17858,678,31,119.91,120.16,0.09,0
tX_CnCuUn-Y,UCV7WE8I_UiAN0fa6Arezx_w,2026-07-30 15:00:03,82,0,0,120.0,120.0,0.0,0
tXdWzFlpF0Q,UCDLDbittWhk2KXvaCT0YpZQ,2026-07-26 03:00:13,17244,855,78,120.0,120.0,0.0,0
tXgbx4UU1C4,UCN5789pKaFwqjVBvg6yws_w,2026-08-18 09:00:32,13,0,0,120.0,120.0,0.0,0
tXxwTRGYV8Y,UCJ_skdHPp19J9qGsgXxjMnA,2026-07-24 08:00:16,2588,70,10,120.0,120.0,0.0,1
tY1hKXTO3JY,UCk5mlvpbj8CZxD229CpiouA,2026-08-30 13:00:10,19783,226,30,119.76,120.01,0.01,0
tYNWlxl8Aug,UCCW6uYIUP4YKKe50k-ktVAw,2026-07-25 08:00:02,107717,2017,114,120.0,120.0,0.0,0
tY_psIpJa34,UCqIwPYLfMd3EoWYwvyTjPnA,2026-07-28 23:00:22,24114,181,21,120.0,120.0,0.0,0
tYh8q33nPMk,UCGVy07wZs8W-EpKAGchrmCQ,2026-08-01 06:23:20,14429,113,36,119.87,120.11,0.11,0
tYhgLcpWXj4,UCab17MxxnFtAhGsJVTkSkCg,2026-07-24 14:58:22,714,17,1,119.78,120.03,0.03,0
tYlVPhkvLEE,UCzDyC6JMEXEufozffWzI9Mg,2026-07-24 02:00:09,6210,111,40,120.0,120.0,0.0,0
tYo3KIQPlz4,UCR1ctqL11HoxQkbSkoUAYeA,2026-08-09 12:48:12,75591,698,506,119.95,120.2,0.05,0
tYpjcqemXLw,UCSOeJWyByeoBHpmrm0NnlLw,2026-08-16 00:00:03,182523,2460,206,120.0,120.0,0.0,0
tZ-nDGffXC8,UC2U8C7lmbQpfBeAW8fTP_jg,2026-08-19 04:59:42,3840,29,0,119.77,120.02,0.02,1
tZ0fYMp40bI,UC8aCmG_y4DqqVI9Xlcym1Jg,2026-07-24 16:48:09,2875,80,4,119.95,120.2,0.05,0
tZ6JhRnPIYs,UCqIwPYLfMd3EoWYwvyTjPnA,2026-07-22 14:36:27,57751,363,10,119.89,120.14,0.11,0
tZ7ruuUnVqk,UCJDXc9JWCZo-nLNKr_-L2Ng,2026-08-06 20:50:27,4400,147,9,119.91,120.16,0.09,0
tZRUUbfXt-E,UCm6Y-gVqhlhX4FzrJCtsSzg,2026-08-16 14:49:44,82782,927,158,119.92,120.17,0.08,0
tZYYOi_DP38,UCt8CJiye87FMbEwt0npPMuQ,2026-08-05 17:00:33,4661,203,14,119.99,120.24,0.01,1
tZwlOfQr0Gk,UCBidluUUxzT_5jVOI_2x2MQ,2026-08-10 03:00:34,945,7,0,119.99,120.24,0.01,1
t_Rivvv7QT0,UCeRn_02zEifLqXxZkTpiXzA,2026-08-07 00:07:58,14413,119,49,119.87,120.12,0.12,0
t_bO7FhXV8w,UCt8CJiye87FMbEwt0npPMuQ,2026-08-25 12:30:30,5781,293,28,120.0,120.0,0.0,0
t_e2E76S35w,UCZ6mNZTiTUrUSbSYPlclI4A,2026-08-25 10:30:30,2670,16,6,120.0,120.0,0.0,0
taR2AataG7E,UC3DYSay178fMMPaf3zHwECA,2026-08-12 08:00:25,80668,1697,25,120.0,120.0,0.0,1
taSD7voqtec,UCUt2AEhC-OOC2EPCzj4DkCw,2026-08-08 08:00:41,6803,103,14,119.99,120.24,0.01,0
taqkw2E1kf4,UCnju7ULBic4VgkCfDvVXCnA,2026-07-29 01:50:36,18130,178,36,119.91,120.16,0.09,0
tasSdi6YJmM,UC3DYSay178fMMPaf3zHwECA,2026-08-31 08:00:19,31012,1062,23,119.76,120.01,0.01,1
tb1DjHCUVZU,UCW_Ptq0v8ck67w9oKiwXz2g,2026-08-11 05:47:43,176,1,0,119.96,120.21,0.04,0
tb3YLDQtEWU,UCZ6mNZTiTUrUSbSYPlclI4A,2026-08-26 04:22:57,30353,394,29,119.88,120.13,0.12,1
tb6ntidOiHM,UCbFLnCfOet-u_kFyA7uX-9Q,2026-07-26 15:00:02,93121,1354,37,120.0,120.0,0.0,1
tbJyoomLw8k,UCab17MxxnFtAhGsJVTkSkCg,2026-07-26 10:17:19,615,14,0,119.96,120.21,0.04,0
tbWZ0H-xEKI,UCnhGcri8x6xhehanhAe9ipw,2026-08-02 14:37:53,77023,1352,52,119.87,120.12,0.12,0
w809l7nPqng,UCS-X1uBDTNwAYyydiXjcX9A,2026-08-24 07:00:04,15951,99,21,119.76,120.01,0.01,0
w82rQWzNdfY,UCFHUplScMiWTjJrtv4hxWmg,2026-08-26 11:18:45,56083,350,17,119.95,120.2,0.05,0
w8GH-HgYme0,UCV7WE8I_UiAN0fa6Arezx_w,2026-08-25 10:00:08,56,2,0,119.76,120.01,0.01,0
w8JSlOh3QYI,UCV7WE8I_UiAN0fa6Arezx_w,2026-08-19 09:00:01,12,0,0,119.76,120.01,0.01,0
w8T08N33nP4,UCpX86JOUhnrzG7MK8e8Gjbw,2026-07-25 04:39:34,28343,138,140,119.84,120.09,0.09,0
w8XsSyZ73KA,UCBo7GIv99qTzHaa6ip09YLA,2026-08-12 14:15:08,19,0,2,120.0,120.0,0.0,0
w8hc_mGACDg,UCv1tOT645xHOJrwdGlzjMaA,2026-08-07 09:03:49,123728,3092,41,119.94,120.19,0.06,1
w8lqW-E1t4A,UCKVt3arMXfa6XZezR1UnjqQ,2026-08-22 22:00:07,5968,65,5,119.76,120.01,0.01,0
w9QoejQvDTo,UCAl4HWznMn7KhKBRFO5eiFA,2026-08-21 12:51:40,7208,59,1,119.9,120.15,0.1,1
w9hZP8hTWHs,UC-FiQR2gg8oiNw98ZdsSX6Q,2026-08-25 13:00:06,1269,8,1,119.76,120.01,0.01,0
w9kHPrRDYeY,UCab17MxxnFtAhGsJVTkSkCg,2026-07-23 11:06:57,864,16,0,119.89,120.14,0.11,0
w9qCKri16mA,UCZCZHg_oJiHcrcj2vaPRCag,2026-08-28 09:00:17,3014,8,0,119.76,120.01,0.01,0
wA-wZK149YE,UCwBkHOTyu57NQi0syf5MLig,2026-07-23 08:00:38,559138,5974,67,119.99,120.24,0.01,0
wAXZ5P4rGeg,UCzDyC6JMEXEufozffWzI9Mg,2026-08-02 04:00:39,64255,684,35,119.99,120.24,0.01,1
wAbTNjYV7po,UCOTJtP0Z9DjpPU43B5m1V6A,2026-08-20 14:21:28,55446,580,12,119.9,120.15,0.1,0
wAb_o590sD8,UCIsrVj53L57rcLAPOre4Xhg,2026-08-01 05:59:32,28493,339,72,119.76,120.01,0.01,0
wAeKSMideAg,UCV6mNrW8CrmWtcxWfQXy11g,2026-08-26 06:00:13,128339,4332,74,119.76,120.01,0.01,1
wAjAtQrKETY,UCN9VGDvz2M3vdR0czEUp6lQ,2026-08-26 23:40:40,9497,82,68,119.83,120.08,0.08,0
wAsJroLlpwE,UCvPGGL-OTEAQlwAUxbcJO8g,2026-08-28 08:05:35,208055,1354,113,119.92,120.17,0.08,0
wAwPgdNZqwE,UCNZiNM2pP6uhIlTQVS2Q5fA,2026-07-23 09:00:18,344396,4263,257,120.0,120.0,0.0,1
wB-_xBmSUf4,UCNmN3W2H0r5_hV2drzbEn7Q,2026-08-06 12:57:58,44996,153,1,119.79,120.04,0.04,0
wB0bnB_2F5A,UCk5mlvpbj8CZxD229CpiouA,2026-08-11 13:00:37,4664,147,21,119.99,120.24,0.01,0
wB1Stw1Vjf4,UCcstDLbuhxEbFKkPZ6wST2A,2026-08-14 03:00:28,28202,99,40,120.0,120.0,0.0,0
wB3UwwRU6qU,UC_e83kYlGHWbsrr8QCfV_ag,2026-07-22 10:55:24,1336,3,0,119.83,120.08,0.08,0
wB8RlNNh4KE,UCYsRymb9vAsOOLBy-Wo1kRg,2026-08-23 06:01:07,1341,13,2,120.0,120.0,0.0,1
wB95UdWgkYc,UCmwZePdbUmncnpQptdPH2Jg,2026-08-31 18:58:51,22,2,1,119.78,120.03,0.03,0
wBB5qkLVnPU,UCpcTrCXblq78GZrTUTLWeBw,2026-07-10 23:00:09,16805,250,53,120.0,120.0,0.0,0
wBIFzNw6Up4,UCV6mNrW8CrmWtcxWfQXy11g,2026-08-08 23:01:28,79791,1142,13,119.98,120.23,0.02,0
wBMWYSVdoJY,UCZaNYFjF_SRRJPVuGX7yMjQ,2026-08-19 00:13:54,1,1,0,119.78,120.03,0.03,0
wBRmRUtypEU,UCrY2B2XX41ReYh9DIWrFfCg,2026-07-21 12:05:12,2512,,6,119.92,120.17,0.08,0
wBltLwGBpTc,UCt8CJiye87FMbEwt0npPMuQ,2026-07-16 18:50:29,5724,315,32,119.91,120.16,0.09,0
wBm1CXWJ7uE,UCQDGJQe8X9tbk_i8Na3VVXg,2026-08-18 11:31:11,833,12,4,119.99,120.24,0.01,0
wBmRwe8rFIQ,UC8CZL4cvFiKwKKDNCuM2lTA,2026-07-23 10:16:43,42543,421,14,119.97,120.22,0.03,1
wBo8d33XEL8,UC_9W6Z5Y3lDpLk47Y_y5ITQ,2026-08-02 23:44:38,12737,156,24,119.76,120.01,0.01,0
wBy98oUhWF0,UCY_vDlvG-BTDRIOk_I9QQ6g,2026-08-13 11:00:11,2668,31,19,120.0,120.0,0.0,0
wBy9C8gSekg,UCt8CJiye87FMbEwt0npPMuQ,2026-08-14 15:30:10,5053,130,6,120.0,120.0,0.0,1
wCAjV1fzZCk,UCpI-AhCT02iQRGLC2ZcY0Jw,2026-08-31 10:00:11,45670,352,294,119.76,120.01,0.01,0
wCTvcE8YFzM,UC5grrciAyUF4xjd42XhV-1Q,2026-08-18 01:27:25,4820,,0,119.8,120.05,0.05,0
wCW_pNRjYL0,UCt8CJiye87FMbEwt0npPMuQ,2026-07-22 13:01:57,16814,647,27,119.97,120.22,0.03,0
wCgdNrFYSmc,UCby0vMKcLR05ZdS90aZd5og,2026-08-21 04:55:57,9059,10,2,119.83,120.08,0.08,1
wCoZDo7TTKE,UC6NXJtCn3p-actkvBUlHwDA,2026-08-31 17:20:35,26011,47,0,119.92,120.17,0.08,0
wCwo1m4y_VE,UCyU5JQ8KVRD9jE4E_xLsHxw,2026-07-27 09:00:21,14,3,0,120.0,120.0,0.0,0
wCzLVaKJJxs,UC4oe-OVZ2Ho-03yrMkrXomQ,2026-07-12 04:30:07,415455,8358,154,120.0,120.0,0.0,1
wD6qkGnSRto,UChfs1dQ5phBDBWZJ1hHLbUA,2026-08-05 09:27:01,87475,1306,335,119.8,120.05,0.05,0
wDSFUSK0NUw,UCZ-UuK86Bk5sGzQQ2cEglJQ,2026-08-09 10:30:26,167123,1951,114,120.0,120.0,0.0,0
wDwXa0rwaF4,UCirJgPv8RtFaFMj39b6cD8Q,2026-08-19 09:00:13,2797,31,1,119.76,120.01,0.01,1
wE2140pHhkA,UC0wo7SwsC5dE0nSgBs2M-3A,2026-07-14 09:00:21,414867,11981,216,120.0,120.0,0.0,1
wE6zF8LiDxw,UCPGl9DV2WUgaqGVXtVrhJWQ,2026-08-08 15:00:12,6,0,0,120.0,120.0,0.0,0
wELHfBLsB18,UC3gl4CHfNtAqNjju1goB0_w,2026-07-26 14:21:19,2317,43,4,119.9,120.15,0.1,0
wENJH1dCG0M,UCyoSQyaCrZHro6F_nBiXIYg,2026-08-09 12:06:52,365868,2584,533,119.89,120.14,0.11,0
wEUJ0TzCRIc,UCpcTrCXblq78GZrTUTLWeBw,2026-08-06 10:30:02,69748,951,68,120.0,120.0,0.0,0
wEX-MrqUWbw,UCW_Ptq0v8ck67w9oKiwXz2g,2026-08-08 09:20:36,175,2,1,119.91,120.16,0.09,1
wEY34hA7jsU,UCXg-6b0X0sIMBDHhbyBuOQg,2026-07-28 11:02:55,3582,34,4,119.95,120.2,0.05,0
wEZ8SX8Xoa0,UCv1tOT645xHOJrwdGlzjMaA,2026-07-15 05:59:48,29814,608,10,120.0,120.0,0.0,1
wEduM2c7Yto,UCNu00qhYj4nPeMNdxuwV6sg,2026-07-15 13:12:13,1096,43,0,119.8,120.05,0.05,0
wEhk1nIrCow,UCIvLQ5lZ2kebqnLaGv_FP4w,2026-08-11 08:30:30,2964,29,29,119.99,120.24,0.01,0
wEpHQAj6aa8,UCw1DsweY9b2AKGjV4kGJP1A,2026-08-21 08:01:29,27265,250,70,119.99,120.24,0.01,0
wErA7VLEjR4,UCpcTrCXblq78GZrTUTLWeBw,2026-08-20 12:30:36,10807,136,19,120.0,120.0,0.0,0
wEz7g0g8-ig,UCA2ztZuXhSktpdxb419WvCQ,2026-08-18 09:07:31,2265,17,0,119.89,120.13,0.11,0
wF0aZ6E-dtg,UC4VWaR3R17Ruc7j1Cy1-PKQ,2026-07-14 03:26:15,69,3,0,119.81,120.06,0.06,0
wF9b6lVQjD8,UC2yOBpLVwB7kzt9C5ZPbB7w,2026-08-17 13:00:12,97532,1198,71,120.0,120.0,0.0,1
wFKa70uEOG0,UCJoWNCiFuiN4eZnB80WUf4Q,2026-08-07 05:30:01,21316,221,36,120.0,120.0,0.0,0
wFUghiaxKSI,UCcum1rCJ5GJeQ_xv0xrohqg,2026-08-12 03:00:24,74646,3968,96,120.0,120.0,0.0,1
wG0IyfQ0C9s,UCPGl9DV2WUgaqGVXtVrhJWQ,2026-07-23 15:00:25,2,0,0,119.99,120.24,0.01,0
wG0cgDUilA0,UCTUnpbuKoOODvhLhCO_kO_A,2026-07-23 06:00:37,2644,17,0,119.99,120.24,0.01,1
wG1deTQ1fjc,UCJDXc9JWCZo-nLNKr_-L2Ng,2026-08-09 18:24:51,2328,102,8,119.84,120.09,0.09,0
wG8tppwxxtk,UCEg24oF81p-THPtp3otdmTA,2026-08-19 03:00:04,78082,1807,79,119.76,120.01,0.01,0
wGE2VswwM5E,UCbFLnCfOet-u_kFyA7uX-9Q,2026-07-31 15:00:23,54618,910,22,120.0,120.0,0.0,1
wGReLsgOOdY,UC783XWULPW-nDGv_0EYlB6Q,2026-07-19 09:30:22,19954,493,13,120.0,120.0,0.0,1
wGVVW8xyjsc,UCCd3jyJmOFzkJEMj5Bp89rw,2026-07-24 15:00:28,3305,206,6,119.99,120.24,0.01,1
wGdK4jCp4R4,UCpI-AhCT02iQRGLC2ZcY0Jw,2026-07-28 09:00:37,29674,301,326,119.99,120.24,0.01,0
wH8jJWFXGvg,UCab17MxxnFtAhGsJVTkSkCg,2026-08-24 12:18:05,1213,15,1,119.96,120.21,0.04,0
wHCJxdEAsB0,UCwUdsbSoKjC9FDcpihDeXSg,2026-07-23 11:15:33,17244,21,0,120.0,120.0,0.0,1
wHcczApNGhE,UC_2x8h1QrTHOO0i4Yiss-ww,2026-08-19 10:00:14,32853,487,8,119.76,120.01,0.01,1
wHojgPAGKzE,UCN8YcyYvYIrtLcwyT-KqbNg,2026-08-14 11:30:08,51045,655,23,120.0,120.0,0.0,1
wHxo3wT8o5s,UCL3ooD3l7KEqb85EBZSEkZQ,2026-08-12 12:45:21,17936,187,57,120.0,120.0,0.0,0
wHz6ig_mfEc,UCjUnlBpn0Z1L450g79fniRg,2026-07-21 02:41:04,1098,,2,119.82,120.07,0.07,0
wI7y8k0xV0s,UCt8CJiye87FMbEwt0npPMuQ,2026-07-16 18:21:56,1811,47,1,119.89,120.14,0.11,1
wID01vlPsXw,UCpcTrCXblq78GZrTUTLWeBw,2026-07-19 02:03:27,10950863,144465,2006,119.94,120.19,0.06,1
wIGO2rFAGBg,UCaova9Q4UZLPqFnSvq8VxzA,2026-07-25 13:12:01,127136,1296,23,119.8,120.05,0.05,1
wIK1YxQJ9pM,UCZ49HaU_D0Tlf1aDA2jU_Vg,2026-08-09 12:36:19,61292,492,141,119.9,120.15,0.1,0
mYtOACBMbVI,UCdK9h1ILxS49c2LguBUY3rw,2026-08-21 12:00:22,6,2,0,119.76,120.01,0.01,0
mYwPpd793jY,UCq6bX1rAJqwt3LmYuHrDPqg,2026-08-24 20:04:50,6402,9,0,119.93,120.18,0.07,0
mYyJnIZFA_M,UC-DpK48x4bltMjHHChZ4zBg,2026-07-28 14:13:43,545,19,10,119.77,120.02,0.02,0
mZ-I7PNo1Eg,UCfIFEUxDE0kRkZh4yfEBEvA,2026-08-27 07:54:13,1771,17,6,119.86,120.11,0.11,1
mZCzzukoxnk,UC-S8JFhLkQ5enhB70c2CYIw,2026-07-25 11:00:30,59505,1238,164,119.99,120.24,0.01,0
mZEIVAH2WUE,UCmnCuNh2owRLP48nnS3pe2w,2026-08-11 15:53:17,26,1,0,119.86,120.11,0.11,0
mZMsZl4tLuU,UCAl4HWznMn7KhKBRFO5eiFA,2026-07-24 12:35:06,11434,69,7,119.92,120.17,0.08,1
mZOFQ5xS0vk,UCT807kAu6fmwES8B5698e2w,2026-07-28 06:30:31,29739,3012,147,119.99,120.24,0.01,1
mZTP6LbJCdI,UC5pdoCANExIVI4yf6DVoxew,2026-08-15 18:33:36,70,3,2,119.94,120.19,0.06,0
mZxGfZtgFNQ,UCI6Ro_MOr36re4Bhb7nCY7g,2026-07-28 10:00:39,8914,134,29,119.99,120.24,0.01,0
m_3oolpgT9I,UCp6n8d8Y8r3MwKNw_MMaouQ,2026-08-16 17:37:21,1737,24,2,119.88,120.13,0.12,0
m_CZ61jLQEY,UCsii9gve3wx7kHDfVlM2Stw,2026-08-28 08:00:05,182043,2849,219,119.76,120.01,0.01,0
m_QwqxX9G0I,UC7loyhgCm1NRTtyF36hO-jA,2026-07-24 10:30:15,2607,36,3,120.0,120.0,0.0,0
m_RcsXZSDXs,UCnMshUhBxDsKFPnxBGmGEpg,2026-08-08 17:14:15,325,6,0,119.77,120.02,0.02,0
m_SU0ClDIY4,UCnkytUgy0CtWd06up9CjNxg,2026-07-25 11:00:15,30833,1081,26,120.0,120.0,0.0,0
m_io4o7iSKE,UCNZiNM2pP6uhIlTQVS2Q5fA,2026-07-27 09:00:06,224943,3037,68,120.0,120.0,0.0,1
maVozxizwpQ,UCO94iFhOhtdGb4Ze5DUAtbw,2026-07-18 10:30:28,9771,146,11,119.99,120.24,0.01,1
maXVXspa2tY,UCAVR6Q0YgYa8xwz8rdg9Mrg,2026-07-31 03:00:15,172478,11743,160,120.0,120.0,0.0,1
ma_EM7ov_a0,UCSl8TBqqflby-ymdEQVfRNQ,2026-07-30 18:14:31,34654,718,605,119.76,120.01,0.01,0
maucC8DmSKA,UCBvKuSAkXERBnGSQOH0Sarw,2026-08-24 19:39:07,5039,35,8,119.86,120.11,0.11,0
mb6RuzZ3kBE,UCuXE-MdbuaZcPt_2J2kSsSQ,2026-07-18 14:21:54,1245,1,0,119.89,120.14,0.11,1
mbFsKrOxznE,UCZ49HaU_D0Tlf1aDA2jU_Vg,2026-08-28 15:17:02,55664,166,35,119.98,120.23,0.02,0
mbXXAThMMDM,UC_9W6Z5Y3lDpLk47Y_y5ITQ,2026-08-28 00:53:44,45961,337,55,119.87,120.12,0.12,0
mb_thcZo9k4,UCnju7ULBic4VgkCfDvVXCnA,2026-07-28 02:06:04,55625,193,28,119.9,120.15,0.1,1
mba53nCVVAk,UCpI-AhCT02iQRGLC2ZcY0Jw,2026-08-06 05:00:04,42591,755,29,120.0,120.0,0.0,1
mbgM30A53tM,UCksGX0hODm1Ev6mysrToMqg,2026-08-22 02:43:22,7403,206,17,119.79,120.04,0.04,0
mbgnwrnht6c,UCp9skQ2mP_DfVL8c3gZQUzg,2026-08-08 18:37:10,5126,88,0,119.88,120.13,0.12,0
mbwIA2qSKdk,UCV7WE8I_UiAN0fa6Arezx_w,2026-08-08 18:00:12,57,1,0,120.0,120.0,0.0,0
mbxTJNpL4lM,UCksGX0hODm1Ev6mysrToMqg,2026-08-18 05:19:31,23684,769,66,119.93,120.18,0.07,0
mc2yF3NI-Cs,UCg7rkxrTnIhiHEpXY1ec9NA,2026-07-14 07:30:39,160810,6188,387,119.99,120.24,0.01,0
mc4ikvQDEm4,UC3RzmV2LX3AmWhZVx0A7u0A,2026-08-25 07:00:13,65648,1460,57,119.76,120.01,0.01,1
mcBgJrWm-aw,UCJoWNCiFuiN4eZnB80WUf4Q,2026-08-22 05:30:24,76232,885,87,120.0,120.0,0.0,0
mcHVUrTMYyg,UCp6n8d8Y8r3MwKNw_MMaouQ,2026-08-16 18:19:30,33650,416,7,119.93,120.18,0.07,1
mcUMY6Egchk,UCby0vMKcLR05ZdS90aZd5og,2026-08-01 08:14:46,4481,3,0,119.76,120.01,0.01,1
mcjBKIi_WBw,UCO94iFhOhtdGb4Ze5DUAtbw,2026-07-30 09:00:21,60692,319,8,120.0,120.0,0.0,1
mcokTAyKq4s,UCoIEwIHhW-1_roLnb5nK_UA,2026-08-24 13:25:01,292,12,3,119.84,120.09,0.09,0
mcpvAPUuXJI,UCPuD5ZRQWa_JCaY5NokNhtg,2026-08-30 12:23:39,2134,14,6,119.87,120.12,0.12,0
mdEbVMbhxrg,UCWVS5IJOkNnkKS5rjiAt9rw,2026-08-28 18:05:32,44754,132,2,119.92,120.17,0.08,0
mdF3sYZxb84,UCyU5JQ8KVRD9jE4E_xLsHxw,2026-08-08 02:30:09,22,1,0,120.0,120.0,0.0,0
mdLuJkT1tyg,UCV6mNrW8CrmWtcxWfQXy11g,2026-08-26 23:47:45,241025,5976,613,119.97,120.22,0.03,0
md_eobJvbLQ,UCz5LAkkX66OAW-y_WiWf9vA,2026-08-14 02:00:11,2254,23,6,120.0,120.0,0.0,0
mdkjZZyB4ng,UC0FUMakBJHsRrfKCGQuWnRA,2026-08-02 11:35:38,18317,140,133,119.91,120.16,0.09,0
mdn4Sx5r4BI,UCA9f2-9fUklMMOaz8vKW7Jw,2026-08-16 05:02:03,10571,47,0,119.97,120.22,0.03,0
me9-o6ovIe4,UC9qwDE50UcXvdplRNZKEoPA,2026-08-23 01:00:29,17768,376,43,120.0,120.0,0.0,1
meESGz3oaZI,UC_m_uqd_9s0hZvlgfvCzqbQ,2026-08-28 14:54:16,1190,4,0,119.86,120.11,0.11,1
meP_zjzTWWE,UCIvLQ5lZ2kebqnLaGv_FP4w,2026-08-05 15:54:45,804,5,1,119.84,120.09,0.09,0
meYjhFPaXLU,UCV7WE8I_UiAN0fa6Arezx_w,2026-08-28 08:00:16,114,0,0,119.76,120.01,0.01,0
meksI8GXycI,UC9jOsXFn3RwXEW3qUyySjAQ,2026-07-29 13:21:26,271,8,0,119.9,120.15,0.1,0
memfB6D8weg,UCt8CJiye87FMbEwt0npPMuQ,2026-07-15 02:06:37,11663,310,27,119.89,120.14,0.11,1
meyqWSTU2YQ,UCPGl9DV2WUgaqGVXtVrhJWQ,2026-08-16 13:53:52,37,0,0,119.85,120.1,0.1,0
mf18bmNMsC0,UCdK9h1ILxS49c2LguBUY3rw,2026-08-14 11:45:14,9,1,0,120.0,120.0,0.0,0
mf6RrawcfSc,UCAl4HWznMn7KhKBRFO5eiFA,2026-08-07 10:59:12,2158,10,0,119.77,120.02,0.02,1
mfMMc004QC4,UCY_vDlvG-BTDRIOk_I9QQ6g,2026-08-22 03:07:55,916,24,7,119.88,120.13,0.12,0
mfMcl2yfXLk,UCtGMgPWJNU2Aj-SNK0zg0Sg,2026-08-15 09:30:13,21761,345,58,120.0,120.0,0.0,1
mfr2Vf4VXCA,UCPGl9DV2WUgaqGVXtVrhJWQ,2026-08-25 15:00:25,7,0,0,120.0,120.0,0.0,0
mg8b51gLbNA,UCN9VGDvz2M3vdR0czEUp6lQ,2026-08-30 09:52:54,28940,148,104,119.88,120.13,0.12,0
mgJJxMvGdgk,UCvjzWMh2bihwlIN-WRtddkg,2026-07-11 01:00:11,2812,36,8,120.0,120.0,0.0,0
mgKzQWomLMo,UCpI-AhCT02iQRGLC2ZcY0Jw,2026-07-28 01:02:20,40544,385,355,119.97,120.21,0.03,0
mgeRO4XgNZk,UCOTJtP0Z9DjpPU43B5m1V6A,2026-08-14 12:00:23,226182,1482,51,120.0,120.0,0.0,1
mgtE1kzm0GI,UCxe_WKNMrOgvNtgz02oLTjQ,2026-07-24 11:15:17,130920,764,68,120.0,120.0,0.0,1
mh59pM2K7rI,UC8CX0LD98EDXl4UYX1MDCXg,2026-07-10 20:59:45,28548,1038,41,119.75,120.01,0.01,1
mhKT004TODs,UCby0vMKcLR05ZdS90aZd5og,2026-08-13 06:26:45,1419,4,0,119.81,120.06,0.06,1
mhV1YD3TMXk,UCJDXc9JWCZo-nLNKr_-L2Ng,2026-07-29 15:00:07,5377,131,3,120.0,120.0,0.0,0
mhYTGe1apfc,UC-okJdotaXPlzivRzHFqzuA,2026-08-12 02:59:01,69607,1045,39,119.77,120.02,0.02,0
mhaTKLiuyw4,UCIsrVj53L57rcLAPOre4Xhg,2026-07-23 07:19:36,32278,662,53,119.93,120.18,0.07,0
mhbs001K-tU,UC8x8GQmlxAIhHxzU61z0uLQ,2026-08-02 14:00:13,6053,63,13,120.0,120.0,0.0,0
mhh4IGc_s7Q,UC7nIK3KpkhbGee5K_sVBscQ,2026-08-18 02:30:26,34262,389,67,120.0,120.0,0.0,0
mhhmu3-KtIc,UCdK9h1ILxS49c2LguBUY3rw,2026-08-05 10:45:07,14,0,0,120.0,120.0,0.0,1
mhxMDjn0L7Y,UCms8Ge7H1ZGgw6nV94fUhUQ,2026-08-21 03:00:33,2100,30,1,120.0,120.0,0.0,1
mhzSiq8sqV8,UCw55Gv3z7xgtG34fOP1-Aiw,2026-08-06 13:35:58,4182,244,28,119.9,120.15,0.1,0
mi7RxKXJwwk,UC5ScPjbt-a97AJO7SBj6nAg,2026-08-25 08:30:19,183364,3796,530,119.76,120.01,0.01,0
miFH0q3pKew,UCSfhr4gDPFsKuwdmTOWp2jw,2026-08-14 09:30:00,96,3,2,120.0,120.0,0.0,0
mijfREQve7c,UCdoTrHNHnoRbaQenxK5PEUg,2026-07-15 02:49:18,31,0,0,119.93,120.18,0.07,0
mirWzdGXwGY,UCg7rkxrTnIhiHEpXY1ec9NA,2026-08-01 07:00:07,236981,8986,431,120.0,120.0,0.0,0
mirXYUEbH4M,UCOKQpmfKrtu7Nu719CVSw1A,2026-08-11 03:00:39,2238,23,6,119.99,120.24,0.01,1
mivq8T7D1ec,UCDGbm9jZgqNeMWyK4j-Kduw,2026-07-23 09:55:11,402,,0,119.83,120.08,0.08,1
mjI7leF7B5Q,UCZ6mNZTiTUrUSbSYPlclI4A,2026-07-26 15:20:22,21274,657,28,119.91,120.16,0.09,1
mjOrah83Qp4,UCV7WE8I_UiAN0fa6Arezx_w,2026-08-15 21:00:00,100,0,0,120.0,120.0,0.0,0
mjTXhwsqXVs,UCTNyl3P7q6PNhPddh6d7WJQ,2026-08-03 22:00:32,3040,12,4,119.99,120.24,0.01,1
mjblyMZvjKo,UCV7WE8I_UiAN0fa6Arezx_w,2026-07-29 07:00:28,99,0,0,119.99,120.24,0.01,0
mjg555hyN28,UCIKORyfTZ0cN-u0hrxHcgUw,2026-08-28 14:00:28,146,4,0,120.0,120.0,0.0,0
p41eAVhjDGE,UCjSNmS8qcD1jEdQhU5h-zKQ,2026-08-29 09:01:17,11440,,6,119.99,120.24,0.01,0
p420QcEWUyc,UCXAXCxTCCYYKsLJNzEvjqfw,2026-08-10 21:08:00,24234,381,47,119.87,120.12,0.12,1
p4EUJyrbQIM,UCKiCT33Gmj3mlJ5xh-9ZUqw,2026-08-06 14:00:24,12801,148,55,120.0,120.0,0.0,0
p4HVhIA_Jrc,UCz5LAkkX66OAW-y_WiWf9vA,2026-08-07 10:15:05,31607,59,3,120.0,120.0,0.0,1
p4PzEEgj09I,UCJDXc9JWCZo-nLNKr_-L2Ng,2026-07-27 16:15:05,3366,130,9,120.0,120.0,0.0,0
p4XcTJlg22k,UCWVS5IJOkNnkKS5rjiAt9rw,2026-07-31 18:11:24,8160,59,0,119.81,120.06,0.06,0
p4_yHutfEBs,UC0aKwoKNeqBaUwiEXmkQaGQ,2026-08-10 07:00:28,206137,3044,196,119.99,120.24,0.01,1
p4hX-FibAhg,UCYooECrv-fIXlPaDwEIaveA,2026-08-29 09:01:26,44198,491,34,119.99,120.24,0.01,0
p4tgpSsGaqY,UC_e83kYlGHWbsrr8QCfV_ag,2026-08-18 12:20:04,6935,69,20,119.93,120.18,0.07,0
p4xPmKd7N9o,UCgWwo8FJL3MCxfd66ip7nFg,2026-08-10 09:00:25,63166,,68,120.0,120.0,0.0,0
p4xZr-Dqk08,UCab17MxxnFtAhGsJVTkSkCg,2026-08-20 17:27:33,1228,26,1,119.8,120.05,0.05,0
p520v-IA5I4,UCIsrVj53L57rcLAPOre4Xhg,2026-08-06 07:35:25,71835,809,162,119.91,120.17,0.09,0
p52TeDyq3Ko,UCMgTCM5mGx3y4Hg0aMOXrbw,2026-08-08 11:30:39,8265,53,2,119.99,120.24,0.01,0
p53KvMNj4j0,UCPGl9DV2WUgaqGVXtVrhJWQ,2026-08-02 05:56:21,42,,,119.81,120.06,0.06,0
p53MXGnL3fI,UCRE-9quk3OT2OKgZFAgdN_g,2026-08-14 13:39:23,18687,128,102,119.85,120.1,0.1,0
p59LjSOIg-M,UCt8CJiye87FMbEwt0npPMuQ,2026-08-08 02:28:49,6172,151,22,119.77,120.02,0.02,1
p59v156zHak,UC_m_uqd_9s0hZvlgfvCzqbQ,2026-07-25 14:29:45,785,3,0,119.76,120.01,0.01,1
p5LCJQR1ayw,UCifCesg-EUkjKyQedaB3hRg,2026-07-30 17:16:51,195861,1851,14,119.97,120.22,0.03,0
p5arXHVC2cg,UCBo7GIv99qTzHaa6ip09YLA,2026-08-27 09:45:12,10632,17,3,119.76,120.01,0.01,0
p5fBDXswrMk,UCgLFbrC7-g0ihBKB0obVPTg,2026-07-22 15:50:45,0,0,0,119.91,120.16,0.09,0
p5uU1qlCsYQ,UCl-VnCUwSxDr5zPu-YlDUYw,2026-08-17 08:00:35,126957,1162,44,119.99,120.25,0.01,1
p5yBSCiasiQ,UCDGbm9jZgqNeMWyK4j-Kduw,2026-07-21 09:00:08,1435,,1,120.0,120.0,0.0,1
p66z1gntANE,UCPsZX-D7LW99PjZLA-UysPQ,2026-07-28 12:00:29,206,3,0,119.99,120.24,0.01,0
p6HHzWBr1n4,UCw1DsweY9b2AKGjV4kGJP1A,2026-07-11 12:30:39,263481,1361,144,119.99,120.24,0.01,1
p6TZU4x4iJU,UCarBV0zWlC2k-HteyeKqfag,2026-07-26 17:00:00,22689,104,0,120.0,120.0,0.0,0
p6TsMhKMguk,UCqyzJW0VRYRP_sFELZYdxGg,2026-08-30 04:22:18,10939,45,0,119.89,120.14,0.11,0
p6aYjWQslPU,UCA9f2-9fUklMMOaz8vKW7Jw,2026-08-03 13:56:23,405,8,0,119.81,120.06,0.06,0
p6actgzM79A,UCdK9h1ILxS49c2LguBUY3rw,2026-08-28 10:45:31,164,1,0,120.0,120.0,0.0,1
p6g5aKI3u48,UCYGF_xk5RDpltyZDSx040uw,2026-08-28 07:06:37,82830,419,41,119.9,120.15,0.1,0
p6pCypwOyGc,UCO8ToDSM2Gvt3EZdOdosxTw,2026-08-08 05:15:27,7757,74,67,120.0,120.0,0.0,0
p6rDFvNXCls,UCSfhr4gDPFsKuwdmTOWp2jw,2026-08-18 09:30:35,144,1,2,120.0,120.0,0.0,0
p74KOf_VQVA,UCzRPPKLkNxjD2of-0Xxfnjw,2026-07-26 13:47:58,11529,134,8,119.95,120.2,0.05,1
p7HDGpWMe00,UCIvLQ5lZ2kebqnLaGv_FP4w,2026-08-24 08:30:17,3710,31,10,119.76,120.01,0.01,0
p7_FgnLGoxg,UCbvvdVOF0teLO-U6GWh1RKg,2026-07-26 08:50:38,2556,55,10,119.91,120.16,0.09,0
p7lVp0elYCo,UCCd3jyJmOFzkJEMj5Bp89rw,2026-08-10 14:22:48,19813,782,24,119.87,120.12,0.12,0
p7qvFZFgVSM,UCcsC1X0SyiWcxBTbnjoZ9Ag,2026-08-23 08:07:25,7187,45,11,119.89,120.14,0.11,1
p7wcaOH78VU,UC4VWaR3R17Ruc7j1Cy1-PKQ,2026-08-27 07:42:06,395,4,0,119.81,120.06,0.06,0
p7xbNsWVGHw,UC-DpK48x4bltMjHHChZ4zBg,2026-07-22 13:10:18,5596,53,16,119.83,120.08,0.08,0
p85okWcPR3g,UCby0vMKcLR05ZdS90aZd5og,2026-07-22 07:23:59,3081,5,0,119.85,120.1,0.1,1
p89Hhvyok-U,UC7wtTnMorJi_d93lb_P2Xow,2026-07-24 09:00:34,3370,8,1,119.99,120.24,0.01,0
p8Gc467MWxM,UCv1tOT645xHOJrwdGlzjMaA,2026-08-13 10:24:48,22940,213,156,119.84,120.09,0.09,0
p8StqOcJ4tk,UCuXE-MdbuaZcPt_2J2kSsSQ,2026-07-27 10:52:18,1385,6,5,119.88,120.13,0.12,1
p8kKbb-fyag,UCBo7GIv99qTzHaa6ip09YLA,2026-08-20 06:34:41,222,4,0,119.93,120.18,0.07,0
p8q8ldt9IXg,UCkpKYfb8wM67QnKxBj9bZXA,2026-08-13 09:00:32,13287,105,14,120.0,120.0,0.0,0
p8uHNI-AwOU,UCV7WE8I_UiAN0fa6Arezx_w,2026-07-26 19:00:30,184,0,0,119.99,120.24,0.01,0
p9-tUhZQRF4,UCnCH3Uhv_ynhTNKEH6ekRtg,2026-08-15 08:06:53,9786,159,26,119.89,120.14,0.11,0
p9Moy1hL9lE,UCby0vMKcLR05ZdS90aZd5og,2026-08-03 01:59:29,4796,5,0,119.76,120.01,0.01,1
p9ecTeh-0xg,UCv1tOT645xHOJrwdGlzjMaA,2026-08-01 11:37:57,36722,276,125,119.87,120.12,0.12,0
p9ynkgu-PRw,UCN9VGDvz2M3vdR0czEUp6lQ,2026-07-27 09:30:49,2262,29,10,119.99,120.24,0.01,0
pA5-xwbw1io,UCjyXK9pWHwWR_-bRibFaWDg,2026-08-28 11:16:19,65863,271,44,119.99,120.24,0.01,0
pA6kH7r3ZEI,UCpwGBltfwjd_fIzp5cb5R0w,2026-07-31 13:47:50,59942,442,16,119.96,120.21,0.04,0
pAKxjjGl018,UCt8CJiye87FMbEwt0npPMuQ,2026-08-04 12:30:14,25676,1296,42,120.0,120.0,0.0,1
pAhUdVX41r4,UCA2ztZuXhSktpdxb419WvCQ,2026-07-29 03:00:17,3412,60,7,120.0,120.0,0.0,0
pAtDGkVVJyU,UCtUHgx7SA_eZFssVODDh82A,2026-07-25 02:28:38,8959,147,29,119.78,120.03,0.03,0
pAxXbmlLK4k,UCnMshUhBxDsKFPnxBGmGEpg,2026-08-09 18:01:23,217,2,0,119.98,120.23,0.02,0
pB2Oxgh2e3A,UC4oe-OVZ2Ho-03yrMkrXomQ,2026-08-05 07:00:34,415353,7596,435,119.99,120.24,0.01,1
pBTRVI_SaBQ,UCPGl9DV2WUgaqGVXtVrhJWQ,2026-08-29 15:00:00,3,0,0,119.76,120.01,0.01,0
pBadSjpdRpI,UC4ncZM9bnBknxPkJbq4miHQ,2026-08-05 10:00:21,42860,663,45,120.0,120.0,0.0,1
pBgxBRvkQPs,UCHK-FRuAjk8g798dD7L7xqA,2026-08-19 07:15:07,3158,77,11,119.76,120.01,0.01,1
pBsXhwlppMo,UCSzHok6X5qXEO7cjvVnE62g,2026-07-24 08:00:34,36889,218,67,119.99,120.24,0.01,0
pBsoNJlGfvM,UCL_IvtOZo6sONpiydbzzHpA,2026-08-19 08:20:36,41462,619,87,119.92,120.17,0.08,0
pBxlEMl7x7k,UCSzHok6X5qXEO7cjvVnE62g,2026-08-28 12:00:19,164852,1358,32,119.76,120.01,0.01,0
pC0Mx8vXHa0,UCV7WE8I_UiAN0fa6Arezx_w,2026-08-01 19:00:25,33,0,0,120.0,120.0,0.0,0
pC88c1rRQm4,UCN5oT4zGJX-_H6pE5isAEeg,2026-08-04 22:00:37,1140841,14104,1289,119.99,120.24,0.01,1
pCPv43LOpGE,UCV7WE8I_UiAN0fa6Arezx_w,2026-08-11 11:00:04,53,0,0,120.0,120.0,0.0,0
pCYGOi_tSwA,UC1dG3vI9FfHnH3YgyeKUz_A,2026-07-17 11:55:50,208270,1229,472,119.82,120.07,0.07,0
pCg03bGZURc,UCF7IBIvHZ2be4Ufo8i0uHBw,2026-08-22 09:00:07,58938,486,66,119.76,120.01,0.01,0
pCmsFf8ToiY,UCAl4HWznMn7KhKBRFO5eiFA,2026-07-31 09:30:26,647,13,1,120.0,120.0,0.0,0
pD9_KJGaPNM,UC2_VPutZK0o_tG8ca_QrQRA,2026-08-30 03:15:36,81029,,212,120.0,120.0,0.0,0
pDHCPZQjnMM,UCgLFbrC7-g0ihBKB0obVPTg,2026-08-10 12:25:55,315,9,1,119.82,120.07,0.07,0
pDLkrBwTpbc,UCuwnt_REmD4YsCtFJRoqjFw,2026-08-15 08:26:49,30432,353,42,119.81,120.06,0.06,0
pDV4IiBdgmY,UCzDyC6JMEXEufozffWzI9Mg,2026-08-09 04:00:29,48604,675,43,120.0,120.0,0.0,1
pDZLt_a57J8,UCQJuZxeDv2P05YHcC-tIEVQ,2026-08-26 08:00:19,25260,302,28,119.75,120.01,0.01,0
pDavmKaXSp8,UCKrprPfevcAZpPuRnCO6xOA,2026-08-16 09:00:13,1733,11,10,120.0,120.0,0.0,0
pDdoB1rt6Nw,UCJDXc9JWCZo-nLNKr_-L2Ng,2026-08-28 18:21:05,1788,53,7,119.91,120.16,0.09,0
pDe7_LP9-p0,UCpX86JOUhnrzG7MK8e8Gjbw,2026-08-06 11:59:42,35828,99,10,119.76,120.01,0.01,1
pDj7hskKEvQ,UCkrJBQAut47U8xMUuv8D_3g,2026-07-17 05:35:32,234469,4756,146,119.91,120.16,0.09,0
pDnqGk49vXo,UCZuT6NXrfZzYbqCG_RWgSgA,2026-08-30 16:42:49,338,4,5,119.8,120.05,0.05,0
pDwGnrRP0BM,UCwfbSsZ7_sccxcibe60mWlQ,2026-08-16 09:00:26,20917,102,18,120.0,120.0,0.0,1
pEHQ8AgLUTQ,UCsrLyevZL_AEZY0LaYVCYzA,2026-08-24 23:16:40,2219,10,4,119.98,120.23,0.02,1
pEMLJaK3rQg,UCGVy07wZs8W-EpKAGchrmCQ,2026-08-14 13:10:01,9703,80,29,119.84,120.09,0.09,0
tcD6R7t2uUg,UCSzHok6X5qXEO7cjvVnE62g,2026-07-14 12:00:09,284352,2467,40,120.0,120.0,0.0,0
tcE7RSTMIKA,UCSzHok6X5qXEO7cjvVnE62g,2026-07-14 10:00:18,65297,301,49,120.0,120.0,0.0,0
tcV7v7B8mF0,UC5pdoCANExIVI4yf6DVoxew,2026-07-18 09:06:27,358,2,2,119.89,120.14,0.11,1
tcWwxPq5IxM,UCeOXoe4zJCBTBwHN1M_djUw,2026-08-22 07:40:37,14305,296,41,119.83,120.08,0.08,0
tcfD_5KetXw,UCt8CJiye87FMbEwt0npPMuQ,2026-08-08 13:30:07,6442,262,20,120.0,120.0,0.0,1
tci8Wv5mk6E,UCp6n8d8Y8r3MwKNw_MMaouQ,2026-08-18 21:10:59,63922,384,3,119.83,120.08,0.08,0
tconzkjRIbk,UCkpKYfb8wM67QnKxBj9bZXA,2026-07-16 02:45:32,18515,371,116,119.99,120.24,0.01,0
tcwLGm7PfJI,UC_E_qYfGKM3C0kqrp1p8z7Q,2026-08-07 15:00:14,87,4,0,120.0,120.0,0.0,0
td2jeQ013Z4,UCN9VGDvz2M3vdR0czEUp6lQ,2026-08-13 22:00:32,4684,71,18,119.99,120.24,0.01,0
tdGDynXiItc,UCF-rFAdN7dzd-SI2T3rkCaQ,2026-08-31 12:34:53,40259,171,27,119.93,120.18,0.07,0
tdOYGDcAuhI,UC6oq8RPEH1BmtyldQgXVbJw,2026-08-16 01:43:09,9214,70,53,119.78,120.03,0.03,0
tdZU985dZOw,UCJDXc9JWCZo-nLNKr_-L2Ng,2026-08-22 10:00:14,1110,58,5,119.76,120.01,0.01,0
tdhWYv2UhPg,UCRq3CDTZ2qe3HiHrZdQKBvQ,2026-08-11 13:35:08,2959,25,5,119.92,120.17,0.08,1
tdxhMT2cwp8,UCpwGBltfwjd_fIzp5cb5R0w,2026-07-28 00:30:34,99601,1948,195,119.99,120.24,0.01,1
te80De5puII,UCPuD5ZRQWa_JCaY5NokNhtg,2026-08-19 09:09:07,638,9,8,119.86,120.11,0.11,0
teHU1sKwALA,UCpcTrCXblq78GZrTUTLWeBw,2026-08-28 04:30:00,33806,163,12,119.76,120.01,0.01,0
teQg58n7UQE,UCC1LvVTX2ySKYjeIXkAtvsQ,2026-08-10 09:00:29,310947,2414,124,120.0,120.0,0.0,1
teVcBzpQ6i8,UCaZv-jDn5Mq5KJ1buXDRd4w,2026-08-18 09:55:18,13781,186,96,119.84,120.09,0.09,0
teY6mMTen1s,UCt8CJiye87FMbEwt0npPMuQ,2026-08-25 18:14:00,52310,1404,102,119.78,120.03,0.03,1
tepRUVNYAtc,UCLJNL66b_LytPcZovqz5pkg,2026-08-30 00:21:11,115106,823,440,119.91,120.16,0.09,0
tewgxLeqP2c,UCcgkgKhXT6QwdGj9Nr8PBcg,2026-08-04 10:45:24,96068,575,49,120.0,120.0,0.0,0
tfDM80Blnf8,UCBtJuwDt6LlXp2YASC-ZMdA,2026-08-02 02:00:39,1973,15,1,119.99,120.24,0.01,1
tfL8BsvcTVo,UCrR_fhiJjoW8OJFzUcmlMMA,2026-08-20 07:00:04,6078,61,12,120.0,120.0,0.0,0
tfS-pAMFVCc,UCK1aVlIbEBrdhv-gbSgGIkQ,2026-07-22 13:54:03,105,5,4,119.85,120.1,0.1,0
tfU8F4Y-gEs,UCv1tOT645xHOJrwdGlzjMaA,2026-07-25 12:49:19,50370,904,16,119.93,120.18,0.07,1
tfV4ObfOkQY,UCFsJVl9V9fSIZA1uS3gMu-w,2026-08-30 09:05:15,160874,1524,355,119.93,120.18,0.07,0
tfal2Udy144,UCo33r3SAf5z9MS-lrXV2aOQ,2026-07-31 07:00:29,100515,1479,189,119.99,120.24,0.01,0
tfg47tSPfzA,UCI3DTtB-a3fJPjKtQ5kYHfA,2026-07-30 03:00:15,2968,82,3,120.0,120.0,0.0,0
tfirw3CqMTc,UCEuP8zMn3ln3ZqJa85dp9JQ,2026-08-22 09:15:04,4687,299,7,119.76,120.01,0.01,0
tfzJJarXFgk,UCzDmGDR5RdahQkLCBoWlTEg,2026-07-20 03:00:16,35910,285,17,120.0,120.0,0.0,1
tg-mPcu0Lkc,UCSrQnB-Ip9hc0biFQ3HoKzg,2026-07-29 03:08:29,37181,1428,49,119.86,120.11,0.11,0
tgBmikQIPCk,UCrxzkAOXEbflxcTbRYnCoTw,2026-08-05 09:33:31,15464,75,44,119.94,120.19,0.06,1
tgI_wyDEo6s,UCr4WCOxirRA-BzVu-MH_WqQ,2026-08-21 09:00:00,21710,100,11,119.76,120.01,0.01,1
tgWrUkZa2oE,UCcstDLbuhxEbFKkPZ6wST2A,2026-08-19 03:00:19,10871,28,10,119.76,120.01,0.01,0
tgYfwJwLSKQ,UC-yb5eNBQyXBE9nZnht9u-g,2026-07-25 14:03:01,11807,573,17,119.95,120.2,0.05,1
tgcfVYwoYL0,UCL3ooD3l7KEqb85EBZSEkZQ,2026-08-28 09:00:22,34913,139,70,119.76,120.01,0.01,0
tghHTRmARa8,UC1sELGmy5jp5fQUugmuYlXQ,2026-07-24 15:00:22,1300247,82292,9782,120.0,120.0,0.0,1
tglD8aCw1Fw,UC-FiQR2gg8oiNw98ZdsSX6Q,2026-08-31 04:00:01,1014,4,0,119.76,120.01,0.01,1
th0VVX_JuDY,UCby0vMKcLR05ZdS90aZd5og,2026-08-18 03:21:39,2253,3,0,119.89,120.14,0.11,1
th0pVAAiFtQ,UCby0vMKcLR05ZdS90aZd5og,2026-08-25 17:01:45,573,5,3,119.98,120.23,0.02,0
thJbkWZCEz4,UCADf92tisOOh90hrZee4-LA,2026-08-18 05:35:55,7300,27,4,119.91,120.16,0.09,1
thLGgRE1Yig,UCdcjduaR6hyGHVNmpbJzSsw,2026-08-29 23:14:10,4665,32,1,119.78,120.03,0.03,0
thRmtaSWGvY,UCV7WE8I_UiAN0fa6Arezx_w,2026-08-24 17:00:13,87,2,0,119.76,120.01,0.01,0
thU1CT_Uotw,UCv1tOT645xHOJrwdGlzjMaA,2026-08-25 10:00:31,34095,817,86,120.0,120.0,0.0,0
thZpmvHML8w,UC0aKwoKNeqBaUwiEXmkQaGQ,2026-08-25 10:30:25,46510,660,186,120.0,120.0,0.0,0
thbfjbvwHnk,UCCd3jyJmOFzkJEMj5Bp89rw,2026-07-22 23:00:02,3036,135,1,120.0,120.0,0.0,1
thdN1YRdE7c,UC6oq8RPEH1BmtyldQgXVbJw,2026-08-26 01:29:38,26046,316,57,119.77,120.02,0.02,1
thtU8-Gld4E,UCOaUTqrtz1yBBiwziVJEAmQ,2026-08-25 16:00:40,1583,2,3,120.0,120.0,0.0,1
tiZHPoMVx_c,UCHJv9xBR9lkzGSIepie-T_A,2026-08-11 21:30:13,3228,40,3,120.0,120.0,0.0,0
ti_TiGHp2iQ,UCxpXguPL_B5pz7Gq8ozfwlA,2026-07-25 04:45:40,4552,32,2,119.99,120.24,0.01,0
tibcKTiSUkc,UC_9W6Z5Y3lDpLk47Y_y5ITQ,2026-07-26 19:48:21,19707,240,29,119.95,120.2,0.05,0
tidTIzvJoxY,UCzDmGDR5RdahQkLCBoWlTEg,2026-08-23 07:24:42,6074,43,1,119.85,120.1,0.1,0
tiy8BRs6QvE,UC9JlObZnbOirT4_iyPGrdcw,2026-08-23 14:00:08,66175,549,34,119.76,120.01,0.01,0
tj6r69gRYRU,UCgLFbrC7-g0ihBKB0obVPTg,2026-07-25 14:05:05,539,10,2,119.92,120.17,0.08,0
tjF6EJqluzc,UC-FiQR2gg8oiNw98ZdsSX6Q,2026-08-20 06:36:04,2450,21,0,119.9,120.15,0.1,0
tjHnDwRezqg,UCZPBWThSlgWT0DVaxxUEX4A,2026-08-07 17:43:59,266,5,0,119.77,120.02,0.02,0
tjLQG7a1cME,UC24GgPBq5W3v34z0p0uk1Ow,2026-08-08 09:50:50,485,3,0,119.91,120.16,0.09,0
tjNIIZIVelE,UCOTJtP0Z9DjpPU43B5m1V6A,2026-08-06 09:30:30,104698,917,76,119.99,120.24,0.01,0
tjTVQa5Vq08,UCSh__r5HS4Y1xBkccWnV0TA,2026-07-31 18:17:25,178824,7109,159,119.96,120.21,0.04,0
tjX7cwXJNrI,UCA9f2-9fUklMMOaz8vKW7Jw,2026-08-26 13:43:55,17313,21,0,119.78,120.03,0.03,0
tjaBJsy0XB8,UC_9W6Z5Y3lDpLk47Y_y5ITQ,2026-08-07 10:06:38,5847,61,12,119.89,120.14,0.11,0
tjbacskII4I,UCab17MxxnFtAhGsJVTkSkCg,2026-08-22 13:31:58,1005,12,2,119.98,120.23,0.02,0
tjfm2C0rxIs,UCikKJvpU0Ylua4hRW6faQRg,2026-07-28 20:15:24,5676,111,1,120.0,120.0,0.0,0
tji3vfvX95Q,UCV6mNrW8CrmWtcxWfQXy11g,2026-08-27 14:00:03,280270,12701,202,119.76,120.01,0.01,1
tjibys_NdFM,UCV7WE8I_UiAN0fa6Arezx_w,2026-08-28 20:00:13,229,0,0,119.76,120.01,0.01,0
tjkoAEyyyrk,UCuwnt_REmD4YsCtFJRoqjFw,2026-07-31 09:22:20,65169,667,140,119.88,120.13,0.12,0
tk4FedE6Wiw,UCs0LzOveQMLImmmTrMmP2sg,2026-08-12 12:55:01,93176,442,43,119.84,120.09,0.09,0
tk4jhZjIXe4,UCQDGJQe8X9tbk_i8Na3VVXg,2026-07-27 06:46:08,201,12,0,119.98,120.23,0.02,0
tk8rv13nSTw,UCNZiNM2pP6uhIlTQVS2Q5fA,2026-08-25 09:00:17,425715,6186,1178,119.76,120.01,0.01,1
tkG0ozKWXJo,UCHbz27HAkCIQNw_G2Pa7XVg,2026-08-28 10:17:24,27442,508,35,119.97,120.22,0.03,1
tkMPEI8oztI,UCJDXc9JWCZo-nLNKr_-L2Ng,2026-08-27 18:00:11,3419,87,9,119.76,120.01,0.01,0
tkRftT0GmUI,UCZCZHg_oJiHcrcj2vaPRCag,2026-08-24 09:05:29,402,0,3,119.92,120.17,0.08,0
tk_3xNom-JM,UCHeg3ApmuXQbqqszaD1fR9g,2026-08-26 15:17:12,96,4,0,119.97,120.22,0.03,0
tkfhXgTfdRk,UChHxLcNi7e0zu-e33HM6v6A,2026-07-24 03:00:11,28959,131,35,120.0,120.0,0.0,0
tkp4uBeJ-o4,UCL2ZLyAV0H9Pvi46W7TGdHQ,2026-07-24 11:45:32,488780,2878,113,119.99,120.24,0.01,1
tl1b7vcE0d8,UCnCFD3met1Ip7OngdF9TRDg,2026-08-15 02:09:25,10790,128,13,119.85,120.1,0.1,0
tlHeDGGRU_o,UCZ_xE8U6MVnpwefrYvl2uvA,2026-08-10 03:00:13,2181,18,0,120.0,120.0,0.0,1
tlK3Te8ynG8,UCQ5KMP03ifjJ8mDeyjWeZ7g,2026-08-30 11:41:51,9063,20,5,119.82,120.07,0.07,0
tlVDmeoNOrg,UCraf4ugZTyvFY6AJ0VjIxFA,2026-07-24 18:16:31,474,7,2,119.98,120.23,0.02,0
tlr5GLejjqw,UC7hwQp3F6P_OwyRM14p88iQ,2026-08-07 16:03:23,36049,253,4,119.95,120.2,0.05,0
wIK46s2KgwY,UCI3DTtB-a3fJPjKtQ5kYHfA,2026-08-31 13:30:30,6476,26,4,120.0,120.0,0.0,0
wIORkqa1uVc,UCkrJBQAut47U8xMUuv8D_3g,2026-07-12 07:58:47,36723,672,18,119.77,120.02,0.02,1
wITOVvIdFyU,UCmiTZyj9GwMjyznZxrgCH4Q,2026-08-08 23:13:22,53343,426,81,119.78,120.03,0.03,0
wIgKrXFs8aM,UCcstDLbuhxEbFKkPZ6wST2A,2026-07-27 03:00:24,17925,44,28,120.0,120.0,0.0,0
wJ5tmB5V2QI,UCAl4HWznMn7KhKBRFO5eiFA,2026-08-08 13:26:32,7238,51,2,119.81,120.06,0.06,1
wJDVLcbySB4,UCr4WCOxirRA-BzVu-MH_WqQ,2026-08-22 09:00:33,2075,29,3,120.0,120.0,0.0,1
wJKgaz4smp0,UCNNR1-x2NhZARsNGnQlh2sQ,2026-08-23 06:30:03,99308,336,181,119.76,120.01,0.01,1
wK-s57O7fAc,UCby0vMKcLR05ZdS90aZd5og,2026-07-17 05:59:54,2938,4,0,120.0,120.0,0.0,1
wK2_vDH0BNw,UCKttwyzsHvW7bCo7YfTacVQ,2026-08-06 16:32:36,2039,17,0,119.96,120.21,0.04,0
wK3ZXMSx9_Y,UCV6mNrW8CrmWtcxWfQXy11g,2026-08-30 06:00:27,705030,20102,101,119.75,120.01,0.01,1
wK3m6qKVwVQ,UCBtJuwDt6LlXp2YASC-ZMdA,2026-08-30 07:00:26,1047,3,0,119.76,120.01,0.01,1
wK6O5Dqg9Qg,UCJDXc9JWCZo-nLNKr_-L2Ng,2026-08-28 17:11:22,1982,50,6,119.82,120.07,0.07,0
wKCfIWQmb6Y,UCqIwPYLfMd3EoWYwvyTjPnA,2026-08-20 03:30:05,108923,793,55,120.0,120.0,0.0,0
wKHDg94gP5c,UCAJ-meoCh1TrPZ7La3UpPrw,2026-08-08 11:59:03,53157,913,94,119.77,120.02,0.02,0
wKrXUCVZ4QE,UCikKJvpU0Ylua4hRW6faQRg,2026-08-15 05:13:12,2004,65,4,119.78,120.03,0.03,0
wL2mDjX8shs,UCAl4HWznMn7KhKBRFO5eiFA,2026-08-05 06:00:05,39006,186,8,120.0,120.0,0.0,1
wL4NKmuPkXA,UCOTJtP0Z9DjpPU43B5m1V6A,2026-08-10 12:00:17,916530,4593,323,120.0,120.0,0.0,0
wLBwNbL9j-M,UC0wo7SwsC5dE0nSgBs2M-3A,2026-08-31 08:00:14,501929,14706,274,119.76,120.01,0.01,1
wLSC7XUqdow,UCxDq2kGOt3h2_ilI0Wih5dw,2026-08-23 07:46:11,32847,662,150,119.99,120.25,0.01,0
wLWYg3e6dF0,UCDq6CfnZgtnqXEwG8tqvBfA,2026-07-16 16:53:10,34,0,0,119.87,120.12,0.12,0
wLci4PR8xmc,UCABvetlXpdOwFz10fCpJkwQ,2026-08-06 13:10:38,99448,1446,459,119.83,120.08,0.08,0
wLfBsKpc3Uw,UC9otskL_kd-0CDib_5Lj-mQ,2026-07-14 02:00:16,7080,45,12,120.0,120.0,0.0,0
wLqDDeJPmVw,UCY_vDlvG-BTDRIOk_I9QQ6g,2026-07-19 13:39:09,2880,32,2,119.85,120.1,0.1,0
wLqimmIYcv8,UC08-hQbwh7eyr8PlaYG2-sQ,2026-08-25 10:00:12,20882,246,210,119.76,120.01,0.01,0
wLun6I5Fp4k,UCt8CJiye87FMbEwt0npPMuQ,2026-07-17 14:00:30,2922,119,12,119.99,120.24,0.01,0
wMXM06vTbwQ,UC59jWhPazXYi8Ny4vake45A,2026-08-23 12:06:36,173637,8870,84,119.9,120.15,0.1,0
wMZaZ3Rnklg,UC8chC5rneP-LHm43q-jF3oQ,2026-08-08 00:44:03,611946,10511,359,119.77,120.02,0.02,1
wMcgMuwWYB0,UCCoU5ViXgoK-_2neelNhQaA,2026-08-14 03:30:34,162220,236,13,119.99,120.24,0.01,1
wMlg1N-vHe0,UCEcRvF_6IRSux8FO-ogFZug,2026-07-22 08:46:37,29927,2112,158,119.98,120.23,0.02,1
wMq4U_jqsl0,UCZRH94I89Ps7giJYeK6DlWA,2026-08-23 15:15:14,33299,860,10,119.76,120.01,0.01,1
wMsij201Eds,UCBtJuwDt6LlXp2YASC-ZMdA,2026-08-29 11:00:29,1403,6,0,119.76,120.01,0.01,1
wN3_L9bDWlA,UCa2liSwjQST4AGcg6LFQakQ,2026-08-25 04:00:08,102,1,1,119.76,120.01,0.01,0
wN6vlPnXVBQ,UCN8YcyYvYIrtLcwyT-KqbNg,2026-08-11 11:30:13,33635,415,30,120.0,120.0,0.0,0
wN8M-gd5p-Y,UCcHVk5SFxfYhCbbX8pWWuVg,2026-07-25 03:00:28,15184,130,32,120.0,120.0,0.0,0
wNCV3lcpXBI,UCq6bX1rAJqwt3LmYuHrDPqg,2026-08-05 19:04:15,5250,12,0,119.93,120.18,0.07,0
wNGBQQ7-5Dc,UCSzHok6X5qXEO7cjvVnE62g,2026-07-25 10:00:00,57980,312,28,120.0,120.0,0.0,0
wNH3TwZb6Mw,UC_EEqHc75kYwzrN7L8T2Bfg,2026-08-13 21:31:01,347,14,5,119.99,120.24,0.01,0
wNJ2vxIdRbk,UCFCt5RYu41HTg4eX1jdHNxw,2026-08-04 00:48:37,4618,23,1,119.94,120.19,0.06,0
wNMoNmFsJ4o,UCJDXc9JWCZo-nLNKr_-L2Ng,2026-08-24 20:00:28,1488,77,7,120.0,120.0,0.0,0
wNPD26f0ImU,UCe0loHR-Vltq0GPHgYyzmrQ,2026-08-01 00:29:10,33669,266,17,119.77,120.02,0.02,1
wNTiTuscE1k,UCkphwoGMBs2_0raLOqu9aQw,2026-08-05 12:00:20,110,4,14,120.0,120.0,0.0,0
wNdw783ul_M,UCHJv9xBR9lkzGSIepie-T_A,2026-08-25 03:00:14,5371,65,3,119.76,120.01,0.01,0
wNjwhWiRuFk,UCbItyvYa6cqvqtwlU2E9-wA,2026-08-27 21:35:13,84180,1692,48,119.92,120.17,0.08,0
wO8I_ckZzvQ,UCOTJtP0Z9DjpPU43B5m1V6A,2026-08-08 02:30:08,87508,946,88,120.0,120.0,0.0,0
wOLj3UJKckw,UCqI5lyTpC79pOy2D-VXAMdA,2026-07-20 13:29:33,145193,1582,274,119.76,120.01,0.01,0
wOOQ5MEco4w,UCzSODDx0zQF3nxXOZISCm_w,2026-07-29 02:30:06,1135,4,0,120.0,120.0,0.0,1
wOQZ-X49HKs,UCp6n8d8Y8r3MwKNw_MMaouQ,2026-08-01 21:25:08,1321,21,0,119.83,120.08,0.08,0
wOWk7DFo7fQ,UCuXE-MdbuaZcPt_2J2kSsSQ,2026-08-22 01:51:31,79,2,1,119.9,120.15,0.1,0
wOY4mddKRDY,UCqVZTizoA2wQKOj_xaDt10Q,2026-08-13 01:04:23,911,5,2,119.93,120.18,0.07,1
wOdvKD-xnc8,UCMswODzU1ZjjrLyUk7NfwPA,2026-07-15 11:31:35,24644,497,23,119.98,120.23,0.02,0
wOgYCI-ABtU,UC3DYSay178fMMPaf3zHwECA,2026-08-26 08:00:16,30022,979,15,119.76,120.01,0.01,1
wOnvsEamDso,UCADf92tisOOh90hrZee4-LA,2026-08-05 06:48:31,136143,1061,45,119.94,120.19,0.06,1
wOz7ofU_Ayw,UC2yOBpLVwB7kzt9C5ZPbB7w,2026-08-25 04:00:27,93315,1432,60,119.75,120.01,0.01,1
wP8qIcbue1Q,UCYGF_xk5RDpltyZDSx040uw,2026-08-27 05:19:04,56617,1170,13,119.94,120.19,0.06,1
wPHo1p4aKDA,UCwfbSsZ7_sccxcibe60mWlQ,2026-07-31 03:00:28,25252,98,19,120.0,120.0,0.0,0
wPL4aYTADVA,UChfs1dQ5phBDBWZJ1hHLbUA,2026-07-31 10:28:51,64350,738,68,119.77,120.02,0.02,0
wPpwLNuTCdw,UCOTJtP0Z9DjpPU43B5m1V6A,2026-08-30 02:30:06,390472,1696,272,119.76,120.01,0.01,0
wPqrNaDArS8,UCPsZX-D7LW99PjZLA-UysPQ,2026-08-01 06:00:36,606,8,1,119.99,120.25,0.01,0
wPtmY5tDxFU,UCPGl9DV2WUgaqGVXtVrhJWQ,2026-08-18 15:00:13,12,0,0,119.76,120.01,0.01,0
wQ1uuSL3UDE,UCN8L7Z-dyzu9FzT39RM0fvw,2026-08-13 08:01:00,17249,167,53,119.99,120.24,0.01,0
wQHcFZ_aO1Y,UCNRnCc0hg3ZcKdOGXKKv5Ww,2026-08-07 09:15:18,20951,159,9,120.0,120.0,0.0,1
wQO4efo2GvM,UC1IUMdwaJ22A6FkPiI8dcig,2026-07-16 12:41:48,144065,3969,128,119.81,120.05,0.05,1
wQXCI3F_urM,UCPGl9DV2WUgaqGVXtVrhJWQ,2026-08-04 15:00:13,12,0,0,120.0,120.0,0.0,0
wQXEM7Np6Ak,UCBS4sjbGJIcclT-Y6i_Jzkg,2026-07-24 17:30:30,27202,1188,29,120.0,120.0,0.0,1
wQaqugq4CiE,UCos3GN2gX0wLcfuhOAiMotQ,2026-07-31 14:34:37,34873,136,28,119.93,120.18,0.07,0
wQoxi-4HfWY,UCAl4HWznMn7KhKBRFO5eiFA,2026-08-05 13:59:59,12946,77,35,120.0,120.0,0.0,0
wQvd2_un_Kg,UCtGMgPWJNU2Aj-SNK0zg0Sg,2026-08-09 11:00:39,7783,138,19,119.99,120.24,0.01,1
wQyNbAIQWXk,UCmwZePdbUmncnpQptdPH2Jg,2026-08-07 00:33:49,8,1,0,119.94,120.19,0.06,0
wR4hc1YmWgM,UCV6mNrW8CrmWtcxWfQXy11g,2026-08-15 04:00:09,37790,1577,69,120.0,120.0,0.0,1
wRMqZU7PzL0,UCHbz27HAkCIQNw_G2Pa7XVg,2026-08-29 05:17:03,27071,408,63,119.98,120.23,0.02,0
wRXrleO6s7E,UCl402YYy7RcH7PBI3npmGPQ,2026-07-29 06:00:15,297124,1940,536,120.0,120.0,0.0,0
wRrWEQoxw6E,UCPsZX-D7LW99PjZLA-UysPQ,2026-07-26 00:00:35,3796,44,17,119.99,120.24,0.01,0
wSAwisKdXVE,UCZ-B_El841ME7qGXvYinGmw,2026-08-03 14:16:32,5110,90,25,119.98,120.23,0.02,0
wSBJk2L53c0,UCzVXdulvpgEoI8yuFMmhxJw,2026-08-28 13:32:03,371571,19364,298,119.98,120.23,0.02,1
wSLpcykeCg8,UC6LLMkdyses2ugPRNEXutMQ,2026-07-22 10:30:03,22132,129,7,120.0,120.0,0.0,1
wSXKb4UW_6I,UCjiPEaapiHbJMoAdi_L8fNA,2026-08-31 18:00:43,176884,462,479,120.0,120.0,0.0,1
wS_xpoV69wo,UCBY9rOZPo0fLE45mOV0s0cw,2026-07-20 08:32:09,308,0,0,119.97,120.22,0.03,0
wSbPmyPg0vU,UCp6n8d8Y8r3MwKNw_MMaouQ,2026-08-11 12:29:19,10160,238,14,119.76,120.01,0.01,0
wSl-SGdK8po,UCPoEVLrQMMXICwULGDwfvug,2026-08-28 13:19:41,10798,104,16,119.93,120.18,0.07,1
wSoIFZRu2Aw,UCPGl9DV2WUgaqGVXtVrhJWQ,2026-08-21 15:00:36,16,0,0,120.0,120.0,0.0,0
wSoLBQqppUc,UCHK-FRuAjk8g798dD7L7xqA,2026-07-24 08:00:00,39550,643,17,120.0,120.0,0.0,1
mk3-Tk-rY48,UCifCesg-EUkjKyQedaB3hRg,2026-08-14 02:11:56,1390,15,0,119.8,120.05,0.05,0
mk5_Of21FVo,UCYjNEoVziojh1ZCum1q0PNQ,2026-07-17 01:15:21,34392,595,29,120.0,120.0,0.0,1
mk66u4jl_xY,UCHK-FRuAjk8g798dD7L7xqA,2026-07-19 02:15:04,153252,1852,44,120.0,120.0,0.0,1
mkFW-Cq2WNI,UCKHx_yf3dI2ajWAjXRJ_9Rw,2026-07-28 16:50:49,833,20,1,119.9,120.15,0.1,0
mkFmiWph_ig,UCD7D_WRXbei_g6xXOZIhQnQ,2026-08-26 12:43:50,4275,48,10,119.78,120.03,0.03,1
mkGoElerui0,UCv1tOT645xHOJrwdGlzjMaA,2026-07-17 14:28:13,99114,1642,34,119.78,120.03,0.03,1
mkNI5IUBUAo,UCnCFD3met1Ip7OngdF9TRDg,2026-08-03 03:46:43,14500,212,23,119.97,120.22,0.03,0
mkWQhL25uXs,UCOaUB8RzbLXB7QZtCmMO-8A,2026-08-05 09:00:34,45095,800,127,119.99,120.24,0.01,0
mkjFN1xdbyQ,UCMswODzU1ZjjrLyUk7NfwPA,2026-08-21 04:35:44,408147,3496,27,119.92,120.17,0.08,0
ml6kkCLWb3A,UCZ-B_El841ME7qGXvYinGmw,2026-07-22 23:41:21,9490,56,11,119.82,120.06,0.06,1
mlAuaUuKGfU,UCgLFbrC7-g0ihBKB0obVPTg,2026-08-07 15:54:30,144,5,0,119.84,120.09,0.09,0
mlOzdU-Z5LA,UCBS4sjbGJIcclT-Y6i_Jzkg,2026-08-30 16:20:24,1142,34,1,119.92,120.17,0.08,1
mlPLeS4of6o,UCj7wKA4vwdzMP35lO5CCwgQ,2026-07-30 14:55:00,19361,491,33,119.84,120.09,0.09,0
mlbmWXPbIWc,UCt15X5eHLwyP8PpNtQTkuDQ,2026-08-09 11:46:30,145856,866,127,119.98,120.23,0.02,0
mlgiNcpACEo,UCkd3KAYGnTNPJZZrPOFeWhA,2026-08-15 13:41:20,8624,14,1,119.81,120.06,0.06,0
mm7L5GoLT8A,UCV7WE8I_UiAN0fa6Arezx_w,2026-07-22 09:00:29,58,0,0,119.99,120.24,0.01,0
mmA9fet5ok4,UC5ThQKdocwo_9UurfT5P_ww,2026-08-07 01:00:16,297857,2991,28,120.0,120.0,0.0,1
mmI8Fkh1_nA,UCgLFbrC7-g0ihBKB0obVPTg,2026-07-22 15:52:31,0,0,0,119.88,120.13,0.12,0
mmK_7lVb0rM,UCab17MxxnFtAhGsJVTkSkCg,2026-08-28 02:05:40,4725,28,6,119.92,120.17,0.08,0
mmNJL4XhTAM,UCt8CJiye87FMbEwt0npPMuQ,2026-08-21 12:00:34,7764,246,25,120.0,120.0,0.0,0
mmT413IPucg,UCei_ecYpQqFjYhjLaDPr2Lw,2026-07-30 03:06:32,1502,6,6,119.9,120.14,0.1,1
mmZlHRa6soI,UCV6mNrW8CrmWtcxWfQXy11g,2026-08-20 04:00:08,83062,2867,60,119.75,120.01,0.01,1
mma95BlTj9I,UCV7WE8I_UiAN0fa6Arezx_w,2026-07-21 18:00:22,65,0,0,119.99,120.25,0.01,0
mmdbdytxvNw,UCV6mNrW8CrmWtcxWfQXy11g,2026-07-30 22:00:37,54390,1629,46,119.99,120.24,0.01,1
mmt1Wt29ges,UCjiXXUsdl0F0aUkTbv8ZVTA,2026-08-19 10:44:46,6196,198,12,119.76,120.01,0.01,0
mnC_lTNT2JM,UC7bcRlidTERRb_MKRHPVSnw,2026-08-20 12:03:31,73266,1264,52,119.95,120.2,0.05,0
mnMHS8EaH7g,UCTNyl3P7q6PNhPddh6d7WJQ,2026-08-23 22:00:16,2305,9,2,119.76,120.01,0.01,1
mnP7sVzCJCQ,UCYG8tuvbQzWsDeoADyJFU8Q,2026-07-29 18:42:53,3004,65,9,119.79,120.04,0.04,0
mnQuw_rBHxk,UCm4s4xOwzSE83YYPFZRLUGQ,2026-08-11 05:46:59,42,3,0,119.97,120.22,0.03,0
mnYOo91MwXc,UCw1DsweY9b2AKGjV4kGJP1A,2026-08-17 08:00:08,379175,1378,105,120.0,120.0,0.0,1
mnhs8kT-F0k,UCCTw9N950kEoELFv3dRcWJQ,2026-07-30 23:37:02,2695,79,3,119.89,120.14,0.11,0
mnlYNPsUMZg,UCbItyvYa6cqvqtwlU2E9-wA,2026-08-01 14:00:00,5605,379,27,120.0,120.0,0.0,0
mns0SlWWMFY,UCyz5WVrb-cz3myY04x_kVYw,2026-07-23 15:23:22,408,7,0,119.87,120.12,0.12,0
mnuhw_sTRYs,UCPuD5ZRQWa_JCaY5NokNhtg,2026-08-06 22:39:32,461,11,2,119.84,120.09,0.09,0
moIWKLyPQUg,UCBvKuSAkXERBnGSQOH0Sarw,2026-08-13 15:58:52,5266,75,2,119.77,120.02,0.02,0
moR7rF_ZRwA,UCrY2B2XX41ReYh9DIWrFfCg,2026-08-19 10:45:19,2388,,15,119.76,120.01,0.01,0
moWjJF4vmPA,UC_m_uqd_9s0hZvlgfvCzqbQ,2026-07-25 14:29:22,1235,4,0,119.76,120.01,0.01,1
moXBlpImXZU,UCzVXdulvpgEoI8yuFMmhxJw,2026-08-20 12:02:54,375306,21231,636,119.96,120.21,0.04,1
moigj51Nr0Q,UCaMV-CjrWYh2Aefg_8iLwJQ,2026-08-12 12:00:07,71855,343,114,120.0,120.0,0.0,0
mon5Dx3tb2c,UC7hwQp3F6P_OwyRM14p88iQ,2026-07-31 16:23:46,47502,241,0,119.86,120.11,0.11,0
moodosmoe1s,UCw1DsweY9b2AKGjV4kGJP1A,2026-08-04 12:43:20,14916,95,23,119.78,120.03,0.03,0
mosZdKLvwRo,UC543-TDm6IvHHZXwdSFioMw,2026-08-28 11:30:38,4592,34,0,120.0,120.0,0.0,0
movVlBD5LTg,UCz1Gc37nWsdF_jbJ_SvMl4g,2026-08-14 10:18:49,47079,463,32,119.94,120.19,0.06,0
moxxNl2AMXo,UCQDGJQe8X9tbk_i8Na3VVXg,2026-08-29 09:38:14,3962,32,2,119.87,120.12,0.12,0
mp2PPBYTLrs,UCV7WE8I_UiAN0fa6Arezx_w,2026-07-30 10:00:36,78,1,0,119.99,120.24,0.01,0
mpW2Ir75ypw,UCIH7bdyhaJ0nD7jIcgqmQbQ,2026-07-27 09:08:50,4802,67,6,119.86,120.11,0.11,0
mpc-wiOsaE8,UC1IUMdwaJ22A6FkPiI8dcig,2026-07-14 22:00:12,34060,656,7,120.0,120.0,0.0,1
mpckIlbKxRg,UCpcTrCXblq78GZrTUTLWeBw,2026-07-12 03:03:29,7043333,85722,355,119.94,120.19,0.06,1
mpxJsTN6fwY,UCPsZX-D7LW99PjZLA-UysPQ,2026-07-29 06:00:15,288,9,2,120.0,120.0,0.0,0
mq0z7bGMXLQ,UCU_hKD03cUTCvnOJpEmKvCg,2026-07-23 01:31:59,428390,195,64,119.97,120.22,0.03,1
mqMKLDiyXdk,UCPuD5ZRQWa_JCaY5NokNhtg,2026-08-09 11:02:23,340,15,2,119.96,120.21,0.04,0
mqMP3r8pEag,UC8x8GQmlxAIhHxzU61z0uLQ,2026-08-28 14:00:07,11336,35,13,119.76,120.01,0.01,0
mqUEW1mX0sQ,UCSrQnB-Ip9hc0biFQ3HoKzg,2026-07-31 11:09:52,17715,894,50,119.84,120.09,0.09,0
mqUt37ox9fQ,UCpcTrCXblq78GZrTUTLWeBw,2026-07-20 00:04:34,6630851,100848,968,119.93,120.18,0.07,1
mqi8nzsus_k,UCkpKYfb8wM67QnKxBj9bZXA,2026-07-11 21:22:31,29202,308,155,119.88,120.13,0.12,0
mqo1oZdd7BY,UC8rbhIem-3aAsNXhTDI-nSA,2026-08-17 23:12:59,81123,1485,98,119.79,120.04,0.04,0
mqsF-aPQwik,UCkpKYfb8wM67QnKxBj9bZXA,2026-08-20 15:22:00,39013,554,284,119.89,120.14,0.11,0
mqvHKvjAZqA,UCmcBe97VA2LqVEQUeeZl6Ew,2026-08-04 09:00:18,84878,540,89,120.0,120.0,0.0,0
mqxi1y50jCw,UCw1DsweY9b2AKGjV4kGJP1A,2026-08-31 08:01:35,97642,200,74,119.99,120.24,0.01,0
mr5LeHguVy4,UCgLFbrC7-g0ihBKB0obVPTg,2026-07-25 14:34:33,586,14,3,119.93,120.18,0.07,0
mr5bE6DvQoo,UCpcTrCXblq78GZrTUTLWeBw,2026-08-11 13:30:39,147807,906,62,119.99,120.24,0.01,0
mrNR3kIrafQ,UCl-VnCUwSxDr5zPu-YlDUYw,2026-08-14 08:00:22,33093,960,85,120.0,120.0,0.0,1
mrRpuCDd4dg,UCroIk85IFzp6OZzKoJFDKuA,2026-08-29 18:08:43,6003,26,0,119.87,120.12,0.12,0
mrRxOub_zWA,UCTNyl3P7q6PNhPddh6d7WJQ,2026-08-06 22:00:12,4035,13,6,120.0,120.0,0.0,1
mrreCzzffZw,UCpcTrCXblq78GZrTUTLWeBw,2026-07-30 17:00:08,16261,336,36,120.0,120.0,0.0,0
mrvSetaK3dc,UCAl4HWznMn7KhKBRFO5eiFA,2026-08-23 13:31:58,48024,412,64,119.98,120.23,0.02,1
mrzr7fzcgow,UCDBAVzfX3yZ1hah0FHnOoaA,2026-07-15 13:00:18,414182,1869,169,120.0,120.0,0.0,0
ms-HhxxmyK8,UCAl4HWznMn7KhKBRFO5eiFA,2026-08-14 11:03:49,7305,24,0,119.94,120.19,0.06,1
msPtrMJTsLI,UCw1DsweY9b2AKGjV4kGJP1A,2026-08-10 09:55:12,32279,230,3,119.83,120.08,0.08,0
msZ7cSLBZmU,UC8aCmG_y4DqqVI9Xlcym1Jg,2026-07-31 20:00:24,228,20,1,120.0,120.0,0.0,0
msaxFRvYJYs,UC1q4Ihlv_YhLELw-ijE0Diw,2026-07-14 11:50:16,152874,2488,90,119.91,120.16,0.09,0
mszMEfb34Yk,UC9FRxVaiS2aY0ANaWLP8SMg,2026-08-08 12:05:34,563,9,2,119.91,120.16,0.09,0
mt0HdN0JUsQ,UCQ5KMP03ifjJ8mDeyjWeZ7g,2026-07-31 12:31:12,1807,28,2,119.98,120.23,0.02,0
mt9IvwPhQUI,UCr4WCOxirRA-BzVu-MH_WqQ,2026-08-05 10:00:11,40220,456,26,120.0,120.0,0.0,1
mtZPO-D0yXQ,UCifCesg-EUkjKyQedaB3hRg,2026-08-02 00:53:04,49410,1482,28,119.87,120.12,0.12,1
mtqebaibuRU,UCO203d-HvWROK_vpGbWASDw,2026-08-19 02:00:27,83,5,3,120.0,120.0,0.0,0
mu61U5j0yQs,UClvMduw1MDMQ0PuH753-XSA,2026-08-03 00:00:24,2926,92,2,120.0,120.0,0.0,0
muBVJCGCQNY,UCyiKngyUPUb1bka4yFrn65g,2026-08-08 11:07:39,1239,6,0,119.88,120.13,0.12,0
muE4u2cSLMA,UCdK9h1ILxS49c2LguBUY3rw,2026-08-30 11:45:12,13,2,0,119.76,120.01,0.01,0
muH1n-CWCYE,UCz4b1O9sT73P8DWwx6OvQwg,2026-08-29 11:00:31,40619,802,22,119.76,120.01,0.01,1
muMjATPW1v8,UCxPMcxq7WJ32M3lnFn58Cpg,2026-08-04 10:28:25,25415,104,61,119.78,120.03,0.03,1
pEMeX9PnVp4,UCXAXCxTCCYYKsLJNzEvjqfw,2026-08-27 13:00:04,80036,479,83,119.76,120.01,0.01,0
pEORbXwHhxo,UCv1tOT645xHOJrwdGlzjMaA,2026-07-17 12:10:02,32115,591,10,119.84,120.09,0.09,1
pEU9YGKyo-c,UCrY2B2XX41ReYh9DIWrFfCg,2026-08-17 11:00:16,4553,,7,120.0,120.0,0.0,0
pErvafCCu08,UCAhmOb9JWkI2HV_KIe9X_3A,2026-08-14 13:00:01,2842,46,22,120.0,120.0,0.0,1
pEyTb7JILmQ,UCwBkHOTyu57NQi0syf5MLig,2026-08-11 09:00:36,378397,2009,131,120.0,120.0,0.0,1
pF9-MFYQyfg,UCZ6mNZTiTUrUSbSYPlclI4A,2026-08-17 03:29:54,5610,247,7,120.0,120.0,0.0,1
pFKBYyNjXvY,UCZ-B_El841ME7qGXvYinGmw,2026-07-22 12:49:51,22548,106,14,119.92,120.17,0.08,1
pFQgoDfvkjc,UCG0n5PTWnBjkuWAkX5kl5dQ,2026-07-25 09:00:23,67812,1369,220,120.0,120.0,0.0,0
pFRHSOx5qg4,UCeG0ONJtjwE20ThR5iSYdsA,2026-08-26 07:45:06,88777,832,102,119.76,120.01,0.01,0
pFii7Z19hJA,UCJDXc9JWCZo-nLNKr_-L2Ng,2026-08-08 15:51:19,1932,86,6,119.9,120.15,0.1,0
pFn0iW3PY1U,UCV7WE8I_UiAN0fa6Arezx_w,2026-07-22 02:00:10,83,0,0,120.0,120.0,0.0,0
pFuIk2IA7tc,UCt8CJiye87FMbEwt0npPMuQ,2026-07-13 15:00:07,4883,137,15,120.0,120.0,0.0,0
pGRAVDusnyM,UCktXAh1Sd7wf8eQHc029-8g,2026-08-26 02:50:57,10887,42,7,119.91,120.16,0.09,0
pG_m0vwGPdc,UCaMV-CjrWYh2Aefg_8iLwJQ,2026-07-16 04:00:19,634785,6557,140,120.0,120.0,0.0,1
pGcXMiPY-wQ,UC8E29ANOC3_OuB7_5EPY2xw,2026-07-20 11:01:22,2067,68,12,119.98,120.23,0.02,0
pGuSTpTJ51c,UCxtZZzggcfOmsW99gYkxsNA,2026-08-20 01:00:59,1455,10,3,119.99,120.24,0.01,0
pGwOS2sHcOQ,UCuXE-MdbuaZcPt_2J2kSsSQ,2026-07-25 09:40:20,1571,15,1,119.83,120.08,0.08,1
pGwaWfQ-z7I,UCzSODDx0zQF3nxXOZISCm_w,2026-08-03 11:00:22,55,2,0,120.0,120.0,0.0,0
pHGfm0TYqvs,UCBtJuwDt6LlXp2YASC-ZMdA,2026-08-09 09:00:24,1147,11,2,120.0,120.0,0.0,1
pHX67Brg3Dw,UCSzHok6X5qXEO7cjvVnE62g,2026-07-16 08:00:33,32747,175,19,119.99,120.24,0.01,0
pHc-hDak2JY,UCOTJtP0Z9DjpPU43B5m1V6A,2026-07-25 09:49:37,121879,1283,99,119.93,120.18,0.07,0
pHgDup6HoaM,UCfjMjhfjRRy8B0mfqbO_43w,2026-07-10 08:52:08,41757,433,89,119.9,123.75,0.1,0
pHl-LKBSyRU,UCMZFHqDjg1IE5kzm9fZBOFw,2026-07-22 18:13:10,6409,17,0,119.78,120.03,0.03,0
pHq8l4Exw74,UCyoSQyaCrZHro6F_nBiXIYg,2026-08-18 16:15:49,181809,1202,113,120.0,120.0,0.0,0
pHuGftcuTTg,UCNu00qhYj4nPeMNdxuwV6sg,2026-07-11 12:26:18,4927,9,12,119.81,120.06,0.06,0
pHvhDIJp5HM,UCpwGBltfwjd_fIzp5cb5R0w,2026-07-23 12:30:15,224652,4679,169,120.0,120.0,0.0,1
pHxRUr_1IH0,UCYooECrv-fIXlPaDwEIaveA,2026-07-25 09:00:27,29984,539,7,119.99,120.24,0.01,1
pI0n_5k017A,UCgLFbrC7-g0ihBKB0obVPTg,2026-07-22 14:30:06,159,4,0,120.0,120.0,0.0,0
pI2WvwWx7bA,UCl-VnCUwSxDr5zPu-YlDUYw,2026-08-06 09:15:14,5827,76,32,120.0,120.0,0.0,0
pICxPOlFRE0,UCerhqgFd8dnypewC3yjAlbg,2026-08-12 10:00:16,25650,597,59,120.0,120.0,0.0,0
pIJhOCP4oWc,UCbFLnCfOet-u_kFyA7uX-9Q,2026-08-16 15:00:31,96779,1212,197,119.99,120.24,0.01,1
pImdfLBcUxM,UCE-6-bWkikwoP4_ooZNep3g,2026-08-15 22:00:29,19075,538,28,119.99,120.24,0.01,1
pIqRnchMkKI,UCUbOogiD-4PKDqaJfSOTC0g,2026-08-23 11:50:55,127261,693,87,119.91,120.16,0.09,0
pJ10DpoF4Io,UCv1tOT645xHOJrwdGlzjMaA,2026-07-18 15:02:28,60888,988,9,119.96,120.21,0.04,1
pJcYnLDxVSs,UCt8CJiye87FMbEwt0npPMuQ,2026-08-26 12:30:19,38108,1285,39,119.76,120.01,0.01,0
pJnYa4hiCzE,UCPuD5ZRQWa_JCaY5NokNhtg,2026-08-17 13:04:29,649,7,5,119.93,120.18,0.07,0
pJoCAjmzBMA,UC-okJdotaXPlzivRzHFqzuA,2026-08-15 02:59:35,49569,796,36,119.76,120.01,0.01,0
pJodsFFEqNQ,UCws1FXlgdkXB-3FKN_lqgiw,2026-08-21 09:07:44,2078,21,2,119.88,120.13,0.12,1
pJpyhhfRIN4,UCbaRH9U2BEFwhJiodE3qTpQ,2026-07-29 09:20:11,10497,307,21,119.92,120.17,0.08,1
pJwTU_b3USQ,UCRq3CDTZ2qe3HiHrZdQKBvQ,2026-08-10 09:31:16,1510,15,3,119.98,120.23,0.02,1
pK0C9WQQcAI,UC-yb5eNBQyXBE9nZnht9u-g,2026-08-26 09:01:06,13221,424,7,119.99,120.24,0.01,1
pKOhBypwk1A,UCF-rFAdN7dzd-SI2T3rkCaQ,2026-08-05 14:04:43,1202139,8797,252,119.92,120.17,0.08,1
pKVzLlvBW6A,UCXYNuWjnQRSAXCGl9gv8Ncw,2026-08-29 14:37:01,152636,1757,19,119.89,120.14,0.11,1
pKc1UiyhNZk,UCnCH3Uhv_ynhTNKEH6ekRtg,2026-07-28 04:21:36,19200,203,22,119.89,120.14,0.11,0
pKc8VzYtDaQ,UC_e83kYlGHWbsrr8QCfV_ag,2026-08-24 11:34:03,15155,119,33,119.94,120.19,0.06,0
pKfXWQLEjJ8,UCcum1rCJ5GJeQ_xv0xrohqg,2026-07-22 05:00:27,3894,143,30,120.0,120.0,0.0,0
pKnP4vYNNGQ,UC_m_uqd_9s0hZvlgfvCzqbQ,2026-08-31 13:45:36,3019,40,0,120.0,120.0,0.0,0
pKoTPtjiV_U,UC6YqXiwCBfPvPTs3wXgWElQ,2026-07-27 14:00:27,113530,504,636,120.0,120.0,0.0,0
pLM7lgqUh68,UC6pvGgQuZwKWlAQN50dU-wg,2026-08-09 06:26:49,2103,54,,119.81,120.06,0.06,1
pLMjD3w3QC0,UC_E_qYfGKM3C0kqrp1p8z7Q,2026-08-17 17:00:00,416,10,2,120.0,120.0,0.0,1
pLOpOf4cXzY,UCPGl9DV2WUgaqGVXtVrhJWQ,2026-08-15 01:45:17,140,0,0,120.0,120.0,0.0,1
pLh-quDWaQI,UCOTJtP0Z9DjpPU43B5m1V6A,2026-08-21 09:30:38,100590,993,86,120.0,120.0,0.0,0
pLpzv0ECr88,UCI3DTtB-a3fJPjKtQ5kYHfA,2026-08-31 13:00:21,6182,7,0,119.76,120.01,0.01,0
pLrTvV_ZGa4,UCBW_PhuXoHk40xF6nO0Q64w,2026-08-05 06:54:36,21039,475,157,119.84,120.09,0.09,0
pM80MmFkJiQ,UCKrprPfevcAZpPuRnCO6xOA,2026-08-22 09:00:25,867,9,2,120.0,120.0,0.0,0
pMJhI13WoOY,UCE8JC9RAVSudDT_8Ji1fuPQ,2026-08-03 08:45:39,106228,1338,59,119.99,120.24,0.01,0
pMMfCEoQgZc,UCO8ToDSM2Gvt3EZdOdosxTw,2026-08-07 07:15:07,30678,620,43,120.0,120.0,0.0,0
pMQAf7k0Dzs,UCKrprPfevcAZpPuRnCO6xOA,2026-08-01 09:30:32,758,3,2,119.99,120.24,0.01,0
pMRSv75j0MA,UCUR5w0E-jQTOO8Q0FZ4ilYQ,2026-08-19 22:30:25,8913,32,7,120.0,120.0,0.0,0
pM_RYDMxRW8,UCpcTrCXblq78GZrTUTLWeBw,2026-07-13 03:25:16,13618613,160562,813,119.83,120.08,0.08,1
pMfmUOtwye4,UCMAfHuocszM6UTORPwUmeNw,2026-08-07 16:29:14,10862,268,1,119.77,120.02,0.02,0
pMnZcWqGm8g,UC4VWaR3R17Ruc7j1Cy1-PKQ,2026-08-28 23:10:20,486,2,0,119.84,120.09,0.09,0
pMp1V1j5r-0,UCyAA-Vj4ORjXl5Ui2m6_Llw,2026-08-01 09:00:35,20918,86,15,119.99,120.24,0.01,0
pMplRexAMXg,UCJA6MZLzTeljmGNFaugdoWQ,2026-08-25 07:00:01,42,4,16,119.76,120.01,0.01,0
pMqInT86mhc,UCnju7ULBic4VgkCfDvVXCnA,2026-07-29 02:05:54,30350,142,8,119.9,120.15,0.1,1
pMsuPL3EKzA,UCjsqgRBvkn8XadWraSQxTKQ,2026-07-30 16:17:43,117,1,0,119.96,120.21,0.04,0
pN48rLZ6vUY,UCvfEv6nBnL0QlKqyGmL0orQ,2026-08-27 01:00:30,25232,52,26,120.0,120.0,0.0,0
pNGnA4VGGfw,UC8E29ANOC3_OuB7_5EPY2xw,2026-07-18 08:05:30,525,1,0,119.91,120.16,0.09,1
pNHjlJGZqDA,UCt8CJiye87FMbEwt0npPMuQ,2026-08-01 12:45:30,12206,457,66,119.99,120.24,0.01,0
pNVoDnqZhRQ,UC9DNu8JRIcE-rpo9eBx1ffw,2026-08-28 12:00:09,12407,56,11,119.76,120.01,0.01,0
pNwBKicsfCM,UCFCt5RYu41HTg4eX1jdHNxw,2026-08-26 01:55:14,12258,55,0,119.84,120.09,0.09,0
pO_OswOFY7M,UCYJDUekoQz0-bo8al1diLWQ,2026-08-19 05:01:02,552346,9968,441,119.99,120.24,0.01,1
pOa7chlRaOE,UCSfhr4gDPFsKuwdmTOWp2jw,2026-08-23 09:30:14,3280,25,6,119.76,120.01,0.01,0
pOadzR04RlA,UCWq9wRjQXYC8i486uVLysUA,2026-07-27 08:00:17,256396,5618,238,120.0,120.0,0.0,0
pOiqpHWNa78,UCPsZX-D7LW99PjZLA-UysPQ,2026-08-07 15:00:04,259,3,0,120.0,120.0,0.0,0
pOrOcMLNEp0,UCSGKRGHGqP8W11G-SxsMaOw,2026-07-24 04:24:41,34339,1303,70,119.84,120.09,0.09,1
pOr_MtMF5iI,UCNpcMizRJ73OJm48LszuytQ,2026-07-23 08:00:19,5655,334,11,120.0,120.0,0.0,1
pP-p3BjxVUo,UChLqHuZV0PENIBYxDgXyPLQ,2026-08-03 15:21:19,259185,3366,37,119.9,120.15,0.1,1
pPOcKGG_EcI,UCHK-FRuAjk8g798dD7L7xqA,2026-08-25 09:15:27,12068,166,41,120.0,120.0,0.0,0
pPU_OgwHRdk,UC3hCAmwyYNgRuOOSFV7evVA,2026-08-20 09:15:05,132875,570,183,120.0,120.0,0.0,1
pPUygFG2wos,UC0FUMakBJHsRrfKCGQuWnRA,2026-08-11 09:30:03,61685,875,142,120.0,120.0,0.0,0
tm1dXF_3WAE,UC-aXNBQ6nwMNeW2V8XB7sBg,2026-08-02 10:00:08,2943,77,21,120.0,120.0,0.0,0
tmARuVVR_fA,UC543-TDm6IvHHZXwdSFioMw,2026-08-05 11:00:06,67118,659,68,120.0,120.0,0.0,0
tmDcPgEkHbc,UCzps05UZ7XpX3SFoFyYIDow,2026-08-31 04:42:09,25202,65,66,119.81,120.06,0.06,0
tmGvZZCDiqk,UC5ThQKdocwo_9UurfT5P_ww,2026-08-09 13:26:14,268092,3599,52,119.82,120.07,0.07,1
tmZZUPptWPM,UCL2ZLyAV0H9Pvi46W7TGdHQ,2026-07-22 11:15:29,875298,4309,129,119.99,120.24,0.01,1
tm_qugMfg-Y,UCPGl9DV2WUgaqGVXtVrhJWQ,2026-07-13 15:00:07,4,0,0,120.0,120.0,0.0,0
tmbLPiwrRQw,UCw-JzmPsjRcbzJLncr4pIIA,2026-07-13 12:45:19,206902,3170,217,120.0,120.0,0.0,0
tmbwCGc3mis,UCIQEX0V3QxP-tY_jpRT-waQ,2026-07-28 09:28:51,1968,23,4,119.77,120.02,0.02,1
tmdhbgWhf4k,UCOLDn9gw0yegXRgjoi5MzNQ,2026-08-07 15:13:33,0,0,0,119.78,120.03,0.03,0
tmpqwHjl2N4,UCV7WE8I_UiAN0fa6Arezx_w,2026-08-31 02:00:29,533,0,0,119.75,120.01,0.01,0
tmwhZJnPHlc,UCFrKhWvZ8oeJQTNP5ZabgJw,2026-08-03 22:00:27,480061,4994,197,119.99,120.24,0.01,1
tmzkcCbXFdA,UCFrKhWvZ8oeJQTNP5ZabgJw,2026-07-22 07:00:07,380417,2804,307,120.0,120.0,0.0,1
tn0uFzgokI0,UCpcTrCXblq78GZrTUTLWeBw,2026-08-11 07:30:37,186752,5302,89,119.99,120.24,0.01,0
tnImg0TZvoM,UCYG8tuvbQzWsDeoADyJFU8Q,2026-08-16 19:40:28,3702,62,5,119.83,120.08,0.08,0
tnOojPvl1H8,UCgLFbrC7-g0ihBKB0obVPTg,2026-08-11 12:38:12,242,6,0,119.87,120.12,0.12,0
tnQNF2MQpZs,UC8CIM3d3zDYMk-3T5aAz0yw,2026-08-07 10:15:21,307532,7591,820,120.0,120.0,0.0,0
tnYUIQCW788,UC-pobd8lZE33BSDz-iyHfJQ,2026-08-14 00:50:50,1229,11,0,119.91,120.16,0.09,0
tngi583U_D0,UCabScupufwcOzAdcVXZrmlg,2026-08-20 12:23:37,10576,219,38,119.86,120.11,0.11,0
tnuX_dDs9Mg,UCzT9VqGDsCxleSmXzJ80hBQ,2026-08-08 20:38:51,8244,330,56,119.86,120.11,0.11,0
tnvCQqihcWg,UCCs1YZHxUTIbLZd-xrvvMCw,2026-08-04 09:00:52,91461,1731,94,119.99,120.24,0.01,0
tnvzAQIWKxY,UCdK9h1ILxS49c2LguBUY3rw,2026-08-27 11:45:01,15,2,0,119.76,120.01,0.01,0
tnxdoPKYp-o,UCrR_fhiJjoW8OJFzUcmlMMA,2026-08-24 07:30:39,7788,83,69,120.0,120.0,0.0,0
to8kaReMaM4,UCmZeuRfHYowZhf6odtoaNdg,2026-08-29 14:02:12,343980,1240,103,119.98,120.23,0.02,0
to9xUwJlGUs,UCpcTrCXblq78GZrTUTLWeBw,2026-08-02 08:30:27,170754,3839,62,120.0,120.0,0.0,1
toQkKWEs2iE,UCzVXdulvpgEoI8yuFMmhxJw,2026-08-28 09:36:23,375957,7733,477,119.91,120.16,0.09,0
toVSCZsSgdc,UCtjBNJ4UbuWGLe-415urMOw,2026-08-13 03:35:56,65198,1197,64,119.9,120.15,0.1,0
tovRlU-ozRw,UCCTw9N950kEoELFv3dRcWJQ,2026-08-31 18:40:02,24944,788,13,119.85,120.1,0.1,1
toy96ZpNwE4,UC4cKHOBS-nRfKFTwf1n8HGA,2026-08-15 02:00:18,69,,3,120.0,120.0,0.0,0
tp6KAd2ZTUw,UCSgvQDek_7CQj08fu7kp1Iw,2026-07-14 08:00:39,101379,1051,233,119.99,120.24,0.01,0
tp6djgq7O-4,UCAl4HWznMn7KhKBRFO5eiFA,2026-07-25 14:05:32,24988,128,7,119.91,120.16,0.09,1
tpG6Lzd93zQ,UC6JB_a6rD1lZ_aZgQvORfrQ,2026-08-18 23:30:27,1322,27,0,120.0,120.0,0.0,0
tpN-dYreovA,UCeB_ZeSo0xDL62wWlkTEtjA,2026-07-22 23:00:16,16105,65,14,120.0,120.0,0.0,1
tpZ8ugEisAE,UCcdlIcleb4oIK6of1ugSJ7w,2026-07-26 11:31:22,214524,4352,924,119.98,120.23,0.02,0
tpjqAlfNXGw,UCJDXc9JWCZo-nLNKr_-L2Ng,2026-08-26 14:00:12,2383,79,4,119.76,120.01,0.01,0
tplVRrebjMU,UCTmniSiCVyG_UKVCEa9PNKA,2026-07-26 02:22:59,4293,102,15,119.87,120.12,0.12,0
tq4McTeM0vs,UC3_QWAvQRhPW4CDoQU8acKw,2026-07-13 07:00:39,34237,468,48,119.99,120.24,0.01,0
tq8h-mot1lU,UCqlcSsDNMYxEsem7bWY-66Q,2026-08-13 09:37:33,10228,296,19,119.88,120.13,0.12,0
tqDMG7KTEDc,UCNRnCc0hg3ZcKdOGXKKv5Ww,2026-07-27 09:15:24,14414,134,12,120.0,120.0,0.0,1
tqEIn6qARcs,UCAl4HWznMn7KhKBRFO5eiFA,2026-07-23 15:38:53,17148,122,53,119.85,120.1,0.1,0
tqFs_Bzj8xM,UCt8CJiye87FMbEwt0npPMuQ,2026-08-06 07:00:26,25417,1450,41,120.0,120.0,0.0,0
tqkhSUV21cg,UCBvKuSAkXERBnGSQOH0Sarw,2026-08-24 19:39:02,4494,37,5,119.86,120.11,0.11,0
tqtnp3kWLL8,UCV6mNrW8CrmWtcxWfQXy11g,2026-08-18 02:00:23,133912,7346,50,120.0,120.0,0.0,1
trMMcBt0J44,UC5XxoFRHYOG7pjjfkEwgpug,2026-08-06 20:38:52,1574,31,0,119.85,120.1,0.1,0
trUXgyF02Is,UC8aCmG_y4DqqVI9Xlcym1Jg,2026-07-31 18:30:26,853,46,1,120.0,120.0,0.0,0
trjr4qAiBiU,UCNmN3W2H0r5_hV2drzbEn7Q,2026-07-22 15:56:45,29919,186,1,119.81,120.06,0.06,0
trmEs8T8jKo,UC_m_uqd_9s0hZvlgfvCzqbQ,2026-08-07 08:52:24,243,12,3,119.88,120.13,0.12,0
tryvBULw5PY,UCZRH94I89Ps7giJYeK6DlWA,2026-07-19 03:00:12,42343,566,43,120.0,120.0,0.0,0
trzufIfT-is,UC3_QWAvQRhPW4CDoQU8acKw,2026-08-22 01:53:26,41929,584,144,119.87,120.12,0.12,0
tsGwdJsMKXI,UCw55Gv3z7xgtG34fOP1-Aiw,2026-08-07 11:08:26,4061,21,0,119.86,120.11,0.11,0
tsNCKQEl_IA,UC8IxyKkhu4YUYK_c76AdcDw,2026-07-30 13:03:37,3438,13,30,119.94,120.19,0.06,0
tsTj6PfRumE,UCtUHgx7SA_eZFssVODDh82A,2026-08-01 21:03:05,95620,1231,444,119.95,120.2,0.05,0
tsUlCRL1g6g,UCF5RrlbsxJjAVLWgOCoNHMg,2026-08-08 02:52:38,21855,314,6,119.87,120.13,0.13,0
tseP5tMhUCs,UCgyDKBTgkBfa8jWrBb8Npig,2026-08-05 09:55:07,1712,3,1,119.83,120.08,0.08,1
tsoVwvvj-Qg,UC8aCmG_y4DqqVI9Xlcym1Jg,2026-07-23 19:50:09,163,10,0,119.92,120.17,0.08,0
tt-IzS7nKn4,UCBvkOBLsSj9kusGYlroQkBg,2026-08-08 13:12:51,79385,908,45,119.79,120.04,0.04,0
ttBqR9fJRoU,UCqIwPYLfMd3EoWYwvyTjPnA,2026-08-12 23:00:19,55120,400,86,120.0,120.0,0.0,0
ttEOiKPT4oU,UCOKQpmfKrtu7Nu719CVSw1A,2026-08-14 03:00:39,752,6,1,119.99,120.24,0.01,1
ttPxLrR9QHI,UCv1tOT645xHOJrwdGlzjMaA,2026-07-19 13:02:58,30949,252,172,119.95,120.2,0.05,0
ttZ9ku-63os,UCJDXc9JWCZo-nLNKr_-L2Ng,2026-08-26 13:00:15,1447,70,14,119.76,120.01,0.01,0
ttZTHmodTrM,UC6LLMkdyses2ugPRNEXutMQ,2026-07-30 10:15:00,14670,129,8,120.0,120.0,0.0,1
ttjrUoROha8,UCSgvQDek_7CQj08fu7kp1Iw,2026-07-22 09:07:08,107431,643,383,119.88,120.13,0.12,0
ttlywoO2ba8,UC4P7F8qenDo1O_5NvgBb_cg,2026-08-20 02:30:04,79604,730,72,120.0,120.0,0.0,0
tu2NurhXUSU,UCkrJBQAut47U8xMUuv8D_3g,2026-08-24 09:38:03,71699,1690,89,119.88,120.13,0.12,1
tu8_rJ62c0s,UC8CZL4cvFiKwKKDNCuM2lTA,2026-07-16 21:24:32,7551,46,0,119.84,120.09,0.09,0
tu8hMP5s4AU,UCSOeJWyByeoBHpmrm0NnlLw,2026-07-22 07:00:11,64116,984,96,120.0,120.0,0.0,0
tusZ5BkWq0I,UCPsZX-D7LW99PjZLA-UysPQ,2026-08-04 00:00:10,2266,23,17,120.0,120.0,0.0,0
tv1RnkZOoMo,UC141BuVRzSSXJX33Am9yxEA,2026-08-11 08:00:37,16625,246,67,119.99,120.24,0.01,0
tvNCVXIVxWE,UC9zmo9x1o7xAfgM1Fw3Dg4g,2026-08-11 08:00:09,3565,198,56,120.0,120.0,0.0,0
tvO0EHl0r6o,UCpAZLM9XMzIbqFucUBD8Jtg,2026-07-30 05:00:33,684235,7089,165,119.99,120.24,0.01,1
tvP0uWDUfv4,UCt8CJiye87FMbEwt0npPMuQ,2026-08-25 17:50:35,31898,596,32,119.92,120.17,0.08,1
tvZrsTapocY,UCikKJvpU0Ylua4hRW6faQRg,2026-08-03 02:17:39,4140,80,1,119.96,120.21,0.04,0
tvbAyDkoxRY,UCgLFbrC7-g0ihBKB0obVPTg,2026-07-22 16:02:11,0,0,0,119.97,120.22,0.03,0
tvnBF72_hhM,UCOTJtP0Z9DjpPU43B5m1V6A,2026-07-23 12:00:17,239489,1783,56,120.0,120.0,0.0,1
tvnjVzWFI00,UC4oe-OVZ2Ho-03yrMkrXomQ,2026-07-19 04:30:37,120235,2546,107,119.99,120.24,0.01,1
tvsgyUt_5ng,UCJmnOEp1-OITEU0mk4icM5A,2026-08-15 03:00:20,16005,186,21,120.0,120.0,0.0,1
tw3E6awSixI,UCVey3Q_CodrHAWBonTGbHFg,2026-08-20 03:00:08,7709,236,37,120.0,120.0,0.0,0
twAEL4ek_Zg,UCcNdwtZ7ulFFxngmnzsWQNA,2026-08-11 04:20:25,15106,174,47,119.91,120.16,0.09,0
twCo4lVWR60,UCjiXXUsdl0F0aUkTbv8ZVTA,2026-07-23 14:57:42,3551,95,54,119.79,120.04,0.04,0
twG9PkVcT5I,UCyoSQyaCrZHro6F_nBiXIYg,2026-07-28 07:25:12,179434,1294,507,119.83,120.08,0.08,0
twMydoUNjvI,UCdZrsVZ3QolU1TWFaDgN2ww,2026-08-28 03:41:41,26318,238,25,119.82,120.07,0.07,0
twYeO8YGn9A,UCQyZh4b4TLaSVldnDWnh7fA,2026-07-22 08:02:57,1,0,0,119.96,120.2,0.04,0
wSrEj7RfHuE,UCw1DsweY9b2AKGjV4kGJP1A,2026-08-10 10:00:26,518657,1409,78,120.0,120.0,0.0,1
wSrKOtaeLis,UCirJgPv8RtFaFMj39b6cD8Q,2026-08-02 09:00:01,17509,122,5,120.0,120.0,0.0,1
wTAXo06xW8Y,UCN5oT4zGJX-_H6pE5isAEeg,2026-07-23 12:00:32,1122705,20112,3541,119.99,120.24,0.01,1
wTlHsrpUknk,UCHeg3ApmuXQbqqszaD1fR9g,2026-07-24 02:00:06,6758,153,8,120.0,120.0,0.0,1
wTrdCsxUq4A,UC9qwDE50UcXvdplRNZKEoPA,2026-08-14 07:00:16,26344,591,58,120.0,120.0,0.0,1
wTspNASEZLw,UC9qwDE50UcXvdplRNZKEoPA,2026-08-15 07:56:50,5430,104,28,119.81,120.06,0.06,0
wTw2z7GDURw,UCAl4HWznMn7KhKBRFO5eiFA,2026-08-15 13:38:23,49482,267,8,119.86,120.11,0.11,0
wTxKT41LqiY,UCL2ZLyAV0H9Pvi46W7TGdHQ,2026-07-31 12:00:40,248078,1749,50,119.99,120.24,0.01,1
wU1W0UvGjD0,UC2NFRq9s2neD_Ml0tPhNC2Q,2026-08-13 02:30:20,173039,2940,197,120.0,120.0,0.0,0
wU4bURlj7r0,UC4oe-OVZ2Ho-03yrMkrXomQ,2026-07-13 04:30:37,352454,6935,142,119.99,120.24,0.01,1
wU6amvC0ARY,UC5ThQKdocwo_9UurfT5P_ww,2026-08-15 03:00:24,366926,5070,60,120.0,120.0,0.0,1
wUBE-erebyE,UCPsZX-D7LW99PjZLA-UysPQ,2026-08-14 15:00:05,1855,31,0,120.0,120.0,0.0,0
wUGJ8bg7zzA,UCAhmOb9JWkI2HV_KIe9X_3A,2026-08-01 00:00:08,1043,25,1,120.0,120.0,0.0,0
wUNoGSnLWqc,UCRq3CDTZ2qe3HiHrZdQKBvQ,2026-08-10 12:29:28,2853,16,7,119.76,120.01,0.01,1
wUY7ByrZ-WA,UCBtJuwDt6LlXp2YASC-ZMdA,2026-08-23 03:00:02,1486,9,0,119.76,120.01,0.01,1
wUfRBB3B9N0,UCEg24oF81p-THPtp3otdmTA,2026-08-26 10:00:06,242646,2211,113,119.76,120.01,0.01,1
wUyhu3dLfHE,UC8chC5rneP-LHm43q-jF3oQ,2026-07-12 02:56:24,699164,11528,83,119.81,120.06,0.06,1
wVLMVIfH9vI,UCnCH3Uhv_ynhTNKEH6ekRtg,2026-08-24 10:37:22,6400,102,18,119.89,120.14,0.11,0
wVeK5r36GGY,UCYGF_xk5RDpltyZDSx040uw,2026-08-11 11:56:25,49936,493,8,119.81,120.06,0.06,1
wVrgogvZKXs,UCvjzWMh2bihwlIN-WRtddkg,2026-08-22 01:00:29,4764,48,8,120.0,120.0,0.0,0
wW0962uSvic,UCrGNa63AQ-rcINIoE_UqdxA,2026-08-16 22:26:44,33,0,0,119.81,120.06,0.06,0
wW0g45fnNgg,UCp6n8d8Y8r3MwKNw_MMaouQ,2026-08-02 20:26:33,4378,66,7,119.81,120.06,0.06,0
wWBVKPHw7xU,UC-StHq1pWM-t4XS9ycZpn9w,2026-07-12 13:33:37,13811,224,79,119.94,120.19,0.06,0
wWEbHwxJXjM,UCt8CJiye87FMbEwt0npPMuQ,2026-07-19 15:45:32,14378,678,27,119.99,120.24,0.01,1
wWF1_HRSA4I,UCPGl9DV2WUgaqGVXtVrhJWQ,2026-07-16 15:00:13,15,0,0,120.0,120.0,0.0,0
wWKWsDDaadY,UCVqmxk6oNOHj9RFVo4uP_lw,2026-08-09 23:00:16,26190,867,56,120.0,120.0,0.0,1
wWTm16jxI2g,UCab17MxxnFtAhGsJVTkSkCg,2026-08-20 13:22:58,2009,22,5,119.87,120.12,0.12,0
wWZsaeONXhM,UC-aXNBQ6nwMNeW2V8XB7sBg,2026-08-19 03:00:38,3476,62,13,120.0,120.0,0.0,0
wWcKx77zON4,UCV6mNrW8CrmWtcxWfQXy11g,2026-08-20 05:00:02,145252,5189,154,119.76,120.01,0.01,1
wWfa2urPGD4,UCMswODzU1ZjjrLyUk7NfwPA,2026-08-24 03:13:54,89891,1176,67,119.78,120.03,0.03,1
wWfvObXltvM,UCV7WE8I_UiAN0fa6Arezx_w,2026-07-12 06:00:15,67,0,0,120.0,120.0,0.0,0
wWp7Crop-tI,UCwfbSsZ7_sccxcibe60mWlQ,2026-08-23 03:00:58,10426,65,14,120.0,120.0,0.0,0
wWsrn4wyrFU,UCsBQCMHRP7dMZnfWNdXSRtg,2026-08-05 04:01:51,7878,582,125,119.97,120.22,0.03,0
wXELBqbAxUM,UClHTjLVog7CkRF8tYJuNXXQ,2026-08-05 07:27:21,220,12,1,119.8,120.05,0.05,0
wXLRQV9j_1c,UCpI-AhCT02iQRGLC2ZcY0Jw,2026-08-06 01:07:53,24157,303,343,119.87,120.12,0.12,0
wXM1A9y-YK4,UCPGl9DV2WUgaqGVXtVrhJWQ,2026-08-01 14:02:21,3,0,0,119.96,120.21,0.04,0
wXfIYW7tpFk,UCkNUuK9EfixaK2HbJYZ5YrQ,2026-08-24 23:03:40,161440,8124,213,119.95,120.2,0.05,1
wYAcJRel72E,UC8E29ANOC3_OuB7_5EPY2xw,2026-07-21 09:31:31,333,2,0,119.98,120.23,0.02,1
wYNBtVAiH0Y,UCoH2pCzAr6zWDG-LtUiLWRw,2026-07-30 23:07:27,47635,465,117,119.88,120.13,0.12,0
wYSRj4HU0Js,UCOaUTqrtz1yBBiwziVJEAmQ,2026-08-15 08:00:32,2041,25,3,119.99,120.24,0.01,0
wYYrjeGGHes,UCt6Eo4xMTHhlOWg4_PAz_MA,2026-08-06 08:30:05,8790,80,27,120.0,120.0,0.0,0
wYZcMsbbGDE,UChHxLcNi7e0zu-e33HM6v6A,2026-08-03 03:00:19,14331,174,55,120.0,120.0,0.0,0
wYwxAbjdUmQ,UCZCZHg_oJiHcrcj2vaPRCag,2026-08-16 16:14:14,72,0,0,119.77,120.02,0.02,0
wZ74aMjemqI,UCFCt5RYu41HTg4eX1jdHNxw,2026-07-23 02:25:31,1853,23,4,119.83,120.08,0.08,0
wZ8YH1ESdkA,UClvMduw1MDMQ0PuH753-XSA,2026-07-23 19:00:21,13277,547,45,120.0,120.0,0.0,0
wZB6iHQTnvw,UCoH2pCzAr6zWDG-LtUiLWRw,2026-07-18 23:00:27,38938,476,80,119.99,120.24,0.01,0
wZRk8ezWuYc,UC3hqiw3lZAXaMwhQvMGZkdw,2026-08-31 13:15:02,11315,31,16,119.76,120.01,0.01,0
wZdUr5_4or8,UCv0cBz_Vdmd84xYl7gKWwQA,2026-07-30 17:00:09,2730,39,0,120.0,120.0,0.0,1
wZobV4dokUA,UCNZ87V1E_2h_Nyh-zVTRFWA,2026-08-11 08:38:11,1230,12,0,119.87,120.12,0.12,1
wZwN-mV4BYs,UC_9W6Z5Y3lDpLk47Y_y5ITQ,2026-08-08 16:52:12,6138,59,3,119.88,120.13,0.12,0
wZzsrBz3UmM,UCirJgPv8RtFaFMj39b6cD8Q,2026-08-31 09:00:03,25416,123,2,119.76,120.01,0.01,1
w_01aZ3Fmx4,UCsbo5VemDR505Etd5ZKnWNA,2026-07-10 11:00:12,22380,315,15,117.76,121.62,1.62,1
w_82LPgW5vU,UCby0vMKcLR05ZdS90aZd5og,2026-08-06 04:41:30,3528,2,0,119.81,120.06,0.06,1
w_J9NsxNt7w,UCDHGqgpiHQAsE0UiltRqhfQ,2026-07-30 02:36:48,9777,60,7,119.89,120.14,0.11,1
w_Jxfw9LnBo,UCxe_WKNMrOgvNtgz02oLTjQ,2026-08-07 11:15:25,31935,362,13,120.0,120.0,0.0,1
w_O2I6ENtes,UCKttwyzsHvW7bCo7YfTacVQ,2026-08-30 18:24:40,2705,11,0,119.85,120.1,0.1,0
wa1ugmkx_H8,UClFSQxcVutJFEI9nCAOOkgQ,2026-07-29 03:42:08,2026,,5,119.8,120.05,0.05,1
wa9psxBh4Us,UCSzHok6X5qXEO7cjvVnE62g,2026-07-25 12:00:20,112519,1409,51,120.0,120.0,0.0,0
wabOW47ftt4,UC2_VPutZK0o_tG8ca_QrQRA,2026-08-01 11:26:00,32722,,99,119.82,120.07,0.07,0
wacJhg-o8FE,UCN5oT4zGJX-_H6pE5isAEeg,2026-07-31 08:00:00,367034,4074,219,120.0,120.0,0.0,1
waiqlPhMEbM,UCZ-B_El841ME7qGXvYinGmw,2026-08-16 03:18:36,6299,61,7,119.94,120.19,0.06,1
wb-sHXCVKQ8,UCKVt3arMXfa6XZezR1UnjqQ,2026-08-10 22:00:02,4138,82,2,120.0,120.0,0.0,0
wb9l74VaJNY,UCzSODDx0zQF3nxXOZISCm_w,2026-08-01 09:30:21,307,4,0,120.0,120.0,0.0,1
wbBLyQpboOA,UCqIwPYLfMd3EoWYwvyTjPnA,2026-08-16 08:00:05,17167,128,6,120.0,120.0,0.0,0
wbLXCdjhKME,UCPsZX-D7LW99PjZLA-UysPQ,2026-08-17 00:00:27,1001,11,3,120.0,120.0,0.0,0
wbYmuunGKfU,UCqVkQsNin4MdGFrWvzFVOKw,2026-07-27 01:40:20,6694,172,4,119.83,120.08,0.08,0
wbrMt4BfHD0,UCy8wtBLOSzpRSTXdC_te9Qw,2026-08-07 07:08:32,1453,7,3,119.86,120.11,0.11,1
wc8-zRkkmtE,UCN5oT4zGJX-_H6pE5isAEeg,2026-07-24 22:00:08,1263749,13298,710,120.0,120.0,0.0,1
wcEwqqKGQcg,UCOTJtP0Z9DjpPU43B5m1V6A,2026-08-05 13:45:31,57870,602,6,119.99,120.24,0.01,0
wcPeLULHv2Y,UChHxLcNi7e0zu-e33HM6v6A,2026-07-30 03:00:02,9720,108,45,120.0,120.0,0.0,0
wcUCURo82DY,UC7loyhgCm1NRTtyF36hO-jA,2026-07-26 09:38:57,17364,306,345,119.85,120.1,0.1,0
wck8YMG8drE,UCV7WE8I_UiAN0fa6Arezx_w,2026-07-27 00:00:01,94,2,0,120.0,120.0,0.0,0
wd5uIwii2mo,UC5bjQxLK_3XVzIOTQ04sYeg,2026-07-22 06:11:48,1465,19,0,119.81,120.06,0.06,0
wd9xCM0GtOg,UCV7WE8I_UiAN0fa6Arezx_w,2026-07-24 15:00:11,195,2,0,120.0,120.0,0.0,0
wdBJEAlqDSg,UCPJGXrPIVKBR8PJY7w33WZw,2026-08-30 05:00:04,70827,1475,105,119.76,120.01,0.01,1
wdGLN2hQ-sQ,UC8x8GQmlxAIhHxzU61z0uLQ,2026-08-22 23:21:38,6917,40,0,119.9,120.15,0.1,0
wdLciNFEPC8,UCkd3KAYGnTNPJZZrPOFeWhA,2026-08-06 12:00:20,44325,104,116,120.0,120.0,0.0,1
wdWFl96sB6o,UC_E_qYfGKM3C0kqrp1p8z7Q,2026-07-26 19:00:21,224,6,1,120.0,120.0,0.0,1
wdaj-q0HPgA,UCPGl9DV2WUgaqGVXtVrhJWQ,2026-08-20 15:00:37,2,0,0,120.0,120.0,0.0,0
wddcJIMjElI,UCAVR6Q0YgYa8xwz8rdg9Mrg,2026-08-06 04:00:13,330494,18775,703,120.0,120.0,0.0,0
wdg4K5C9BYw,UCXNh3eUHXEkL7h1w1KYQRKQ,2026-08-27 22:28:40,22672,219,7,119.78,120.03,0.03,1
gU2BxIod_J8,UCJDXc9JWCZo-nLNKr_-L2Ng,2026-08-28 19:48:09,4930,96,3,119.96,120.21,0.04,0
gU91Vx7-8Ok,UCyz5WVrb-cz3myY04x_kVYw,2026-08-20 01:14:09,389,5,0,119.77,120.02,0.02,0
gULem3_Klvc,UCt8CJiye87FMbEwt0npPMuQ,2026-08-20 16:00:20,26769,585,47,120.0,120.0,0.0,0
gV9iJXyCt1U,UC6YKLXN1w8pyqFwCO0UJ9sw,2026-08-28 07:00:36,447848,11027,71,120.0,120.0,0.0,1
gVKrvXULks8,UCawK5EIfr66Z7fjAlZgfB2g,2026-08-07 08:00:28,28950,,44,120.0,120.0,0.0,0
gVN8jtx9my0,UCt6Eo4xMTHhlOWg4_PAz_MA,2026-07-31 08:40:34,9488,43,9,119.83,120.08,0.08,1
gVYIRmyJQ_E,UCuWDza8A_ntbjwBZgW0ZSNw,2026-07-26 01:30:00,83101,894,83,120.0,120.0,0.0,1
gVdmfjvr85M,UCPGl9DV2WUgaqGVXtVrhJWQ,2026-08-23 15:00:13,4,0,0,119.76,120.01,0.01,0
gW1-WoAsJI4,UC6JB_a6rD1lZ_aZgQvORfrQ,2026-07-17 08:00:16,5044,47,27,120.0,120.0,0.0,0
gW99eLkft0g,UCBTsPtRCh6ln3IRQFjhjh1A,2026-08-19 09:00:11,23827,107,4,119.76,120.01,0.01,0
gWH75mp5gfU,UCzVXdulvpgEoI8yuFMmhxJw,2026-07-31 12:43:37,4869,167,3,119.78,120.03,0.03,0
gWPB6nX5J1k,UCqVZTizoA2wQKOj_xaDt10Q,2026-08-07 04:06:18,208,3,1,119.9,120.15,0.1,1
gWcuKB3Fkm8,UCzRPPKLkNxjD2of-0Xxfnjw,2026-08-26 14:27:42,11549,144,17,119.8,120.05,0.05,1
gWln4AuWo3Y,UCw1DsweY9b2AKGjV4kGJP1A,2026-08-14 10:00:01,59853,211,64,120.0,120.0,0.0,0
gX0QVnZJ4Yg,UC4VWaR3R17Ruc7j1Cy1-PKQ,2026-07-23 08:23:17,454,1,0,119.86,120.11,0.11,1
gX1PTazyQyM,UC5ThQKdocwo_9UurfT5P_ww,2026-08-07 00:30:37,134592,1674,32,119.99,120.24,0.01,1
gX78_DzXNc8,UCpCBP5cVIBvezPI1LKFMYjA,2026-07-12 09:31:26,10631,205,7,119.98,120.23,0.02,1
gXAhBL_5ves,UCby0vMKcLR05ZdS90aZd5og,2026-07-19 07:20:22,7554,3,0,119.91,120.16,0.09,1
gXFQadiv5ZM,UC9M8GGVwPqc9ubNruArCNPg,2026-08-27 08:00:20,11973,295,14,119.76,120.01,0.01,1
gXI5ZPGdpAQ,UCuWDza8A_ntbjwBZgW0ZSNw,2026-08-10 03:00:31,49469,645,24,120.0,120.0,0.0,1
gXQOWDIoTAs,UCSrQnB-Ip9hc0biFQ3HoKzg,2026-08-09 07:02:12,9032,479,23,119.97,120.22,0.03,0
gXUFoQy4jB0,UC_m_uqd_9s0hZvlgfvCzqbQ,2026-08-25 08:35:13,1268,4,0,119.93,120.18,0.07,1
gXWqqIYIMpw,UCt8CJiye87FMbEwt0npPMuQ,2026-08-19 15:30:03,18963,983,63,119.76,120.01,0.01,1
gXYL9vjiERQ,UC_8GOc5dWX2Kpb74_nQ7vSQ,2026-08-01 04:00:11,116562,3534,286,120.0,120.0,0.0,0
gXbI9YLOsOU,UC9vz3TBChrJmYbzUo-rqfSg,2026-08-09 00:29:44,56859,576,255,119.76,120.01,0.01,0
gXcRmpwSnbk,UCBvKuSAkXERBnGSQOH0Sarw,2026-08-06 18:08:17,7076,87,0,119.87,120.11,0.11,0
gXgHXU8ivNg,UCBS4sjbGJIcclT-Y6i_Jzkg,2026-07-28 17:21:33,33020,1062,16,119.89,120.14,0.11,1
gXin7PZLkBM,UCGa52d8Qlv3THghuCAt_nXA,2026-08-07 08:30:33,9613,126,22,119.99,120.24,0.01,0
gY1cyC-8dT0,UCPp6kLLWggTuACsQwFibg8A,2026-07-12 12:36:59,26426,210,20,119.88,120.13,0.12,0
gY8yq2N-8EY,UCFJAOgvqcc3fPqdu7fTl-zA,2026-08-12 09:00:04,4306,154,13,120.0,120.0,0.0,1
gYRsSLd3f6A,UCPsZX-D7LW99PjZLA-UysPQ,2026-08-23 00:00:36,593,8,2,119.75,120.01,0.01,0
gYWp4RXyx7s,UCYG8tuvbQzWsDeoADyJFU8Q,2026-08-01 20:00:59,3788,78,1,119.99,120.24,0.01,0
gYYKyl4WDQQ,UCwBkHOTyu57NQi0syf5MLig,2026-07-29 15:23:19,20929,126,32,119.86,120.11,0.11,0
gYZgcsHeB7s,UCqlcSsDNMYxEsem7bWY-66Q,2026-08-14 09:10:45,14233,298,27,119.83,120.07,0.07,0
gYccVMe3-J8,UCz5LAkkX66OAW-y_WiWf9vA,2026-08-26 07:35:07,33,0,0,119.93,120.18,0.07,0
gYjn45gcXwc,UCNmN3W2H0r5_hV2drzbEn7Q,2026-08-27 11:08:12,60619,690,41,119.87,120.13,0.13,0
gZGeGZamSTc,UCZNTsLA6t6bRoj-5QRmqt_w,2026-07-30 17:00:10,31317,932,18,120.0,120.0,0.0,0
gZIUrFiMh_c,UCwBkHOTyu57NQi0syf5MLig,2026-08-20 06:00:10,401359,3746,220,120.0,120.0,0.0,0
gZ_NnEtxNWc,UC3ozN5tHi449NhCDE6Xtmwg,2026-07-17 04:00:19,13182,351,42,120.0,120.0,0.0,0
gZtGf6YwmRQ,UCirJgPv8RtFaFMj39b6cD8Q,2026-08-21 03:00:15,8401,74,0,119.76,120.01,0.01,1
gZwAzuTToqM,UCNZiNM2pP6uhIlTQVS2Q5fA,2026-07-30 09:00:34,267168,4366,169,119.99,120.24,0.01,1
g_0_MmI8LPQ,UCV6mNrW8CrmWtcxWfQXy11g,2026-08-01 10:00:13,218521,10123,144,120.0,120.0,0.0,1
g_7XK-09mXE,UCpcTrCXblq78GZrTUTLWeBw,2026-08-10 10:30:18,153217,4067,74,120.0,120.0,0.0,0
g_D-SFWaVjE,UCnkytUgy0CtWd06up9CjNxg,2026-08-27 11:00:12,27621,290,5,119.76,120.01,0.01,0
g_DES3N_Gic,UC8chC5rneP-LHm43q-jF3oQ,2026-08-09 11:30:58,5194,97,1,119.99,120.24,0.01,0
g_FDMvdJaKk,UCqPN9LAkx20aBWOafwvQB-Q,2026-08-02 23:00:13,165002,6358,439,120.0,120.0,0.0,0
g_SnvN4DRJk,UCab17MxxnFtAhGsJVTkSkCg,2026-08-07 06:31:08,827,18,1,119.98,120.23,0.02,0
g_dEB4qhGcU,UCV7WE8I_UiAN0fa6Arezx_w,2026-07-24 16:00:15,34,0,0,120.0,120.0,0.0,0
ga21oxAkwO8,UC5Yx9RlmznXDUEIrfoSqheA,2026-08-28 02:15:04,60700,74,0,119.76,120.01,0.01,0
gaHGs4mmrf4,UC2IYsRiATGe71sLIOlSXGuw,2026-08-07 09:30:35,7200,269,46,119.99,120.24,0.01,0
gaZ-Tno0zOE,UCB4gIGaPUiLtpPreFSf8fKQ,2026-07-22 11:00:39,1721,29,6,119.99,120.24,0.01,0
gal-RSuOa_g,UCqVkQsNin4MdGFrWvzFVOKw,2026-08-29 02:00:32,20749,214,11,120.0,120.0,0.0,0
gapl6GmWsZU,UCirJgPv8RtFaFMj39b6cD8Q,2026-08-03 09:00:12,11633,142,2,120.0,120.0,0.0,1
gar7BtK8Dgg,UC2yOBpLVwB7kzt9C5ZPbB7w,2026-08-02 12:00:09,172661,2639,97,120.0,120.0,0.0,1
gb2DeEZFUs4,UC783XWULPW-nDGv_0EYlB6Q,2026-08-17 08:40:03,45027,704,54,119.84,120.09,0.09,0
gb4rykjzXKs,UCBo7GIv99qTzHaa6ip09YLA,2026-08-30 14:00:26,5710,10,0,119.76,120.01,0.01,1
gbJSpnukIHo,UCgLFbrC7-g0ihBKB0obVPTg,2026-07-22 15:53:29,0,0,0,119.86,120.11,0.11,0
gbQI6S9J2P4,UCZ-UuK86Bk5sGzQQ2cEglJQ,2026-07-16 10:30:07,126438,1505,75,120.0,120.0,0.0,0
gbTUQvzhWms,UCgLFbrC7-g0ihBKB0obVPTg,2026-08-07 15:59:09,0,0,0,119.77,120.02,0.02,0
gbVD_2Z6oCU,UC6JB_a6rD1lZ_aZgQvORfrQ,2026-08-27 22:30:16,11124,40,5,119.76,120.01,0.01,0
gbW7sLKPvAo,UCk3w4CQ_SlLH4V0-V6WjFZg,2026-08-17 16:14:00,68013,3436,203,119.77,120.02,0.02,0
gbWyDILXRYw,UCYGF_xk5RDpltyZDSx040uw,2026-08-01 04:29:12,142209,1418,30,119.77,120.02,0.02,1
gbfoFjvb4ss,UCPpSXwAg3hkSpa85Ah-dpgA,2026-08-01 00:00:13,5992,127,22,120.0,120.0,0.0,0
gbrGFGlTckc,UCBidluUUxzT_5jVOI_2x2MQ,2026-08-29 03:00:04,1049,7,0,119.76,120.01,0.01,1
gc0910-4JKg,UC-yb5eNBQyXBE9nZnht9u-g,2026-07-25 11:22:37,30675,697,11,119.87,120.12,0.12,1
gc2Q3vezQWY,UCDbOXmGL7EkmOcnUb5Kki4A,2026-07-28 07:03:19,33451,606,373,119.95,120.2,0.05,0
gcAgS5TuQus,UCT-UsvGz4gm7lezXvCEex9A,2026-08-12 08:00:41,197,18,9,119.99,120.24,0.01,0
gcLIrNHTkLw,UCzDmGDR5RdahQkLCBoWlTEg,2026-08-11 14:50:36,19666,108,5,119.91,120.16,0.09,0
gcMINu22328,UCpX86JOUhnrzG7MK8e8Gjbw,2026-07-22 03:16:47,43346,191,35,119.97,120.22,0.03,1
gcQUrfXz_k8,UCPGl9DV2WUgaqGVXtVrhJWQ,2026-08-05 02:17:51,12,0,0,119.95,120.2,0.05,1
gcZJgmZ6eP8,UCDLDbittWhk2KXvaCT0YpZQ,2026-08-16 03:00:28,36051,1285,95,120.0,120.0,0.0,0
gcdMp3VZLEQ,UCab17MxxnFtAhGsJVTkSkCg,2026-08-28 13:23:17,1181,15,0,119.87,120.12,0.12,0
gceSOltKnVk,UCrR_fhiJjoW8OJFzUcmlMMA,2026-08-28 10:00:03,9603,32,28,119.76,120.01,0.01,0
gcj_C9t_wUw,UCtGMgPWJNU2Aj-SNK0zg0Sg,2026-08-25 09:30:31,16792,148,13,120.0,120.0,0.0,1
gcvXrStbjSU,UCpcTrCXblq78GZrTUTLWeBw,2026-07-13 09:30:27,144801,1212,134,119.99,120.24,0.01,0
gdIPiY5ueMM,UCN5789pKaFwqjVBvg6yws_w,2026-08-15 07:30:14,0,0,0,120.0,120.0,0.0,0
gdMJ7qqs83I,UCQDGJQe8X9tbk_i8Na3VVXg,2026-08-12 05:14:04,125,4,0,119.77,120.02,0.02,0
gdQnosr3MVc,UC0aKwoKNeqBaUwiEXmkQaGQ,2026-08-19 10:30:02,36698,645,312,119.76,120.01,0.01,0
gdbvj8cJSnE,UC-okJdotaXPlzivRzHFqzuA,2026-08-13 16:34:24,89005,1911,3,119.93,120.18,0.07,0
gddn53JzaV4,UCAl4HWznMn7KhKBRFO5eiFA,2026-08-22 06:56:52,29998,211,24,119.81,120.07,0.07,0
gdmbkFnHQ0M,UCaMV-CjrWYh2Aefg_8iLwJQ,2026-07-22 09:40:51,73895,381,91,119.82,120.07,0.07,0
j5W2FyiHS5Q,UCifCesg-EUkjKyQedaB3hRg,2026-08-17 02:07:09,17776,223,2,119.88,120.13,0.12,1
j5ieqTjg2cM,UCfQOeRevRI14uNqluiJ7TeQ,2026-08-01 07:06:46,18190,270,8,119.89,120.14,0.11,1
j5mPrrAr-DE,UC6aF-skLT_1X6cdPJxVJXxQ,2026-08-26 08:00:02,280289,3891,320,119.76,120.01,0.01,0
j6IyXuoKNLk,UC2YA1b6qKO2YteKYFuMiYPg,2026-08-06 11:03:19,53,1,0,119.95,120.2,0.05,0
j6Pq-rPh-FQ,UC_E_qYfGKM3C0kqrp1p8z7Q,2026-08-19 19:00:00,263,10,1,119.76,120.01,0.01,1
j6TAv54u4fo,UCV7WE8I_UiAN0fa6Arezx_w,2026-07-11 18:00:16,205,1,0,120.0,120.0,0.0,0
j6Z6H7W9bRE,UCSrQnB-Ip9hc0biFQ3HoKzg,2026-07-22 07:06:56,17683,972,44,119.89,120.14,0.11,0
j6aslfQUKBw,UCa8Z4uUp51Aqtx4Fq4-3wMA,2026-08-30 06:00:03,698,6,2,119.76,120.01,0.01,1
j6neeotqhxA,UCqVkQsNin4MdGFrWvzFVOKw,2026-08-09 15:21:16,17651,496,1,119.9,120.15,0.1,0
j6wBR8IZ0gE,UCb3wpKfVlnPx2bym2Tivbzw,2026-08-27 14:32:33,13246,107,51,119.97,120.22,0.03,0
j6yoES5d0bI,UCcum1rCJ5GJeQ_xv0xrohqg,2026-08-08 04:00:00,37020,1287,66,120.0,120.0,0.0,1
j71xqB84xhQ,UCpcTrCXblq78GZrTUTLWeBw,2026-08-11 16:30:39,63689,761,43,119.99,120.24,0.01,0
j7AKGUy_LxQ,UCZ_xE8U6MVnpwefrYvl2uvA,2026-08-16 03:00:03,508,3,2,120.0,120.0,0.0,1
j7VWpmvw7nc,UCbFzvzDu17eDZ3RIeaLRswQ,2026-07-10 10:55:15,517508,4450,1090,117.84,121.7,1.7,0
j7Zd3FYhTng,UCBTsPtRCh6ln3IRQFjhjh1A,2026-07-26 07:00:39,163920,898,50,119.99,120.24,0.01,1
j7_1VqCM9EM,UCAl4HWznMn7KhKBRFO5eiFA,2026-07-18 12:01:03,6892,43,0,119.98,120.23,0.02,1
j7hPxpKhUWA,UCPGl9DV2WUgaqGVXtVrhJWQ,2026-08-31 15:00:21,6,0,0,119.76,120.01,0.01,0
j7sagFf-qwg,UC4VWaR3R17Ruc7j1Cy1-PKQ,2026-07-26 10:49:29,785,9,2,119.93,120.18,0.07,0
j85ONmFZVMI,UCNZiNM2pP6uhIlTQVS2Q5fA,2026-08-21 09:07:30,261365,2939,135,119.89,120.14,0.11,1
j8NG7tClSe0,UC3_QWAvQRhPW4CDoQU8acKw,2026-07-17 07:00:24,80145,1360,70,119.99,120.24,0.01,0
j8dfRo4oGmo,UCV7WE8I_UiAN0fa6Arezx_w,2026-08-05 23:00:37,48,0,0,119.99,120.24,0.01,0
j8e8MboR08A,UCZPBWThSlgWT0DVaxxUEX4A,2026-08-11 09:19:05,71,3,0,119.94,120.19,0.06,0
j8iDxWafbww,UC2OFe8XUEqDT3eJGO-0EDNQ,2026-08-23 07:44:24,320,7,4,119.77,120.02,0.02,0
j8jiX1iIMdA,UCnhGcri8x6xhehanhAe9ipw,2026-08-16 10:26:37,48177,468,26,119.81,120.06,0.06,1
j8uERV2e9xo,UC2yOBpLVwB7kzt9C5ZPbB7w,2026-07-27 12:00:21,433045,5072,170,120.0,120.0,0.0,1
j91FEYIipwc,UCCvEN8bTeF8Z2jcN513T1Gg,2026-07-12 14:13:04,4887,56,4,119.78,120.03,0.03,1
j93oCv8itXU,UCKiCT33Gmj3mlJ5xh-9ZUqw,2026-07-26 14:00:25,10882,95,33,119.99,120.24,0.01,0
j99CWnizbbw,UCeiDuGZqWT4iiIXRTfhM3qQ,2026-07-26 08:12:23,6671,201,6,119.8,120.05,0.05,0
j9CP2hgp0-o,UCSl8TBqqflby-ymdEQVfRNQ,2026-07-30 19:32:32,24124,279,21,119.96,120.21,0.04,1
j9D1GF1dJeo,UCBo7GIv99qTzHaa6ip09YLA,2026-07-30 07:00:02,1591,14,3,120.0,120.0,0.0,0
j9ViaOy_av4,UCIzbqIyEUxtFLYh_sCDoXpw,2026-08-29 04:06:41,138080,1004,52,119.9,120.15,0.1,1
j9b5GJ_p1RU,UCpcTrCXblq78GZrTUTLWeBw,2026-08-06 19:30:00,136626,2951,54,120.0,120.0,0.0,1
j9oAEUs4CNg,UCS3_H_feQRm4QbXipKTvSrw,2026-07-29 12:45:06,37904,677,129,120.0,120.0,0.0,0
j9uq72aEo50,UC_9W6Z5Y3lDpLk47Y_y5ITQ,2026-08-15 22:55:17,20027,259,16,119.83,120.08,0.08,0
jA3NONDE57k,UCNZiNM2pP6uhIlTQVS2Q5fA,2026-08-08 09:01:26,419983,7590,510,119.98,120.23,0.02,1
jADnjZ23354,UCKrprPfevcAZpPuRnCO6xOA,2026-08-24 09:30:12,745,3,2,119.76,120.01,0.01,0
jAEnuYBFtRQ,UCgskqxXr-H0mE5VhYviluvQ,2026-08-10 22:40:36,8561,134,11,119.83,120.08,0.08,1
jAFvphGMM1Q,UCuWDza8A_ntbjwBZgW0ZSNw,2026-08-01 01:00:34,51491,900,23,119.99,120.24,0.01,1
jAy-eS64tAw,UC8chC5rneP-LHm43q-jF3oQ,2026-08-28 06:00:20,1128223,16857,457,119.76,120.01,0.01,1
jAyJDcOWcU8,UClmc4bkKkQy2cjn3lKjRGbg,2026-08-17 02:15:49,19,2,0,119.99,120.24,0.01,1
jB9NO0VjtLY,UCoH2pCzAr6zWDG-LtUiLWRw,2026-07-17 23:00:30,85844,754,74,119.99,120.24,0.01,0
jBLbRC0bU9g,UCVWAdUQGUiY2Kzh0JoB5PtQ,2026-08-19 08:00:34,457,2,6,120.0,120.0,0.0,0
jBV22-laXl8,UC08-hQbwh7eyr8PlaYG2-sQ,2026-07-30 10:00:07,13983,188,89,120.0,120.0,0.0,0
jBXxbf0vTXo,UCDBAVzfX3yZ1hah0FHnOoaA,2026-08-12 14:00:32,451332,2852,341,119.99,120.24,0.01,0
jBcRub1uon0,UCUR5w0E-jQTOO8Q0FZ4ilYQ,2026-08-04 10:06:52,238380,759,78,119.89,120.14,0.11,0
jByTOCM8z-Y,UCwBkHOTyu57NQi0syf5MLig,2026-08-28 15:35:32,89283,213,52,119.92,120.17,0.08,0
jC9OTgsSr-Y,UC78d2aaqdrt02RfmtRLmlAw,2026-08-09 23:16:12,4083,50,3,119.98,120.23,0.02,0
jCC7XFC8kpc,UCATlfGN7EDjXS_2ofklb3bw,2026-08-17 15:10:52,4675,101,2,119.82,120.07,0.07,0
jCISAz2vdmc,UCBtJuwDt6LlXp2YASC-ZMdA,2026-08-22 02:00:39,1054,7,0,120.0,120.0,0.0,1
jCKys5M_7Kk,UCeRn_02zEifLqXxZkTpiXzA,2026-08-22 23:00:34,25367,171,30,120.0,120.0,0.0,0
jCbHebgbBWE,UCxtZZzggcfOmsW99gYkxsNA,2026-08-05 06:00:12,23981,238,86,120.0,120.0,0.0,0
jCctVCos55g,UCPGl9DV2WUgaqGVXtVrhJWQ,2026-07-29 14:10:39,3,0,0,119.82,120.07,0.07,0
jCokAvcBa7Q,UCgLFbrC7-g0ihBKB0obVPTg,2026-08-27 15:53:45,885,5,0,119.87,120.12,0.12,0
jDGRVDPgM4U,UCVipGmBXqbYKNODNzVCN86w,2026-08-11 01:00:23,46320,724,26,120.0,120.0,0.0,1
jDMeujK7TuQ,UCFCt5RYu41HTg4eX1jdHNxw,2026-08-26 01:56:32,1130,31,1,119.82,120.07,0.07,0
jDMv_ORwlks,UCV6mNrW8CrmWtcxWfQXy11g,2026-07-31 04:00:02,35387,1912,34,120.0,120.0,0.0,1
jDXLakpdVO8,UCcJliZnsRbNw4I4uWSGq_wA,2026-08-30 12:51:41,30662,43,31,119.9,120.15,0.1,0
jDZY4a-57BE,UC7wosSPUA3os3b3-RMZZe6g,2026-07-18 12:27:12,138,7,0,119.8,120.05,0.05,0
jDgkmQdUUDE,UCt8CJiye87FMbEwt0npPMuQ,2026-08-19 17:00:06,1464,39,2,119.76,120.01,0.01,1
jDulm32aye8,UC5pdoCANExIVI4yf6DVoxew,2026-08-15 08:00:06,73,,7,120.0,120.0,0.0,0
jEHyOEDU8VY,UCPGl9DV2WUgaqGVXtVrhJWQ,2026-08-18 01:22:35,2,0,0,119.88,120.13,0.12,0
jEZtfu3ENB0,UCt8CJiye87FMbEwt0npPMuQ,2026-08-03 15:00:37,12039,373,48,119.99,120.24,0.01,1
jEfNFNKfJc0,UCz1Gc37nWsdF_jbJ_SvMl4g,2026-08-15 10:18:58,17220,163,6,119.94,120.19,0.06,0
jEn8aKox7FU,UCdb5lyq0tWbY3jqH35SufmA,2026-08-11 22:30:26,105693,890,114,120.0,120.0,0.0,1
jEshDbG2NP4,UCdm06VHBWF5Mg5kYxffzikw,2026-08-06 02:56:39,3308,20,15,119.81,120.06,0.06,0
jF6Splm3IPg,UCC1veMJY2wElX0lpYOoNB1Q,2026-07-24 11:00:47,600243,163,65,119.99,120.24,0.01,0
jFcmm7X_l0w,UCWyumbJC1uZS-obctkwSAuQ,2026-08-14 06:31:09,1183,10,2,119.99,120.23,0.01,1
jFq7XWPPTZo,UCXu_CcxBZA5S_iG33OzA9PQ,2026-08-09 11:45:17,7197,29,5,120.0,120.0,0.0,0
jFyjUP8HURw,UCJj2vuQIpFnk5pbTAtCi3yw,2026-08-13 11:34:02,17069,339,56,119.94,120.18,0.06,0
jFysTgUCc2Y,UCsRiYH-VrZ2mYsohk7GhLdQ,2026-08-06 13:04:59,271858,2707,394,119.92,120.17,0.08,0
jGIQw-hQSPE,UC8CIM3d3zDYMk-3T5aAz0yw,2026-08-04 08:15:06,51468,1700,67,120.0,120.0,0.0,0
jGJ0P6SQgBc,UC9jOsXFn3RwXEW3qUyySjAQ,2026-07-21 07:45:20,7053,49,13,120.0,120.0,0.0,1
jGPS3cGSvL4,UCQfISxq5legTqOt1h1us6lg,2026-07-22 11:26:19,3087,8,0,119.82,120.07,0.07,0
jGXaZO0w_tM,UCab17MxxnFtAhGsJVTkSkCg,2026-08-21 12:54:17,3188,47,3,119.86,120.11,0.11,0
jGihnKzI24s,UCZJFaxsby9j3T6h0UVcCcCA,2026-08-16 22:11:03,99,5,5,119.82,120.07,0.07,0
jGitqMSjgco,UCgT-gb3favw2jQgwxbbwwaA,2026-08-03 11:00:13,116652,787,56,120.0,120.0,0.0,0
jGl-jX-zqzo,UCmcBe97VA2LqVEQUeeZl6Ew,2026-08-12 09:00:36,83551,484,94,119.99,120.24,0.01,0
jGsWn0qcBjk,UCby0vMKcLR05ZdS90aZd5og,2026-07-28 06:41:14,2748,4,4,119.82,120.07,0.07,1
jH09sKI_bQ0,UCvPGGL-OTEAQlwAUxbcJO8g,2026-07-15 08:11:34,395072,11535,164,119.81,120.06,0.06,1
jH22YxmtwEY,UCYJ0Ucu9jPX5kn6SeDcNaIQ,2026-08-01 15:00:06,30200,224,4,120.0,120.0,0.0,1
li32F3UrQEY,UCF7IBIvHZ2be4Ufo8i0uHBw,2026-08-08 09:00:26,55390,463,17,120.0,120.0,0.0,1
li3zpOaKADs,UCfcfymsN3OMo2cfmbpGTanw,2026-07-30 10:49:37,44720,225,47,119.93,120.18,0.07,0
li5mPA2QzyY,UCYGF_xk5RDpltyZDSx040uw,2026-08-26 11:11:46,53176,679,27,119.82,120.07,0.07,1
liAAsO6UkvA,UCOTJtP0Z9DjpPU43B5m1V6A,2026-08-09 05:00:29,612730,2845,108,119.99,120.24,0.01,1
liNrz9_27fw,UC1Ns07Rw0lQK-KuaPHfRRTw,2026-08-13 15:33:48,57,1,0,119.94,120.19,0.06,0
liX09Ym4U9s,UC2t5bjwHdUX4vM2g8TRDq5g,2026-07-21 16:00:03,46363,565,23,120.0,120.0,0.0,1
libn5icJ2fg,UC5bjQxLK_3XVzIOTQ04sYeg,2026-07-24 20:05:27,2022,39,4,119.91,120.16,0.09,0
lied-uFGPSk,UCV6mNrW8CrmWtcxWfQXy11g,2026-08-03 23:14:29,110660,2365,44,119.76,120.01,0.01,0
lipPB9_z2ZA,UCab17MxxnFtAhGsJVTkSkCg,2026-08-23 19:37:30,5331,75,2,119.89,120.14,0.11,0
lixb3rGfWEA,UCKttwyzsHvW7bCo7YfTacVQ,2026-08-20 13:28:37,542,9,0,119.78,120.03,0.03,0
lj3-OVg0_PY,UCJmnOEp1-OITEU0mk4icM5A,2026-08-17 05:00:32,42140,217,12,119.99,120.24,0.01,1
lj3iQIJqYIQ,UC-2JsFNClcIesgd7UmtGnpw,2026-08-23 02:00:39,62550,1676,64,120.0,120.0,0.0,1
ljB7gn4JCHk,UCNZiNM2pP6uhIlTQVS2Q5fA,2026-08-20 09:00:04,290793,4352,234,120.0,120.0,0.0,1
ljEB-6cDBv4,UCw1DsweY9b2AKGjV4kGJP1A,2026-08-19 06:00:22,41312,973,150,119.75,120.01,0.01,0
ljO9BPhEtWM,UCDHGqgpiHQAsE0UiltRqhfQ,2026-08-31 09:30:22,60776,75,36,119.76,120.01,0.01,0
ljnI_2cHWEs,UC0FUMakBJHsRrfKCGQuWnRA,2026-08-03 08:00:37,40923,336,40,119.99,120.24,0.01,0
ljqOEMcwmf8,UCPGl9DV2WUgaqGVXtVrhJWQ,2026-08-16 13:55:16,4,0,0,119.83,120.08,0.08,0
ljruM4fxlX4,UCpX86JOUhnrzG7MK8e8Gjbw,2026-08-17 06:48:42,22891,122,99,119.94,120.19,0.06,0
lkFhwsMtq6Q,UCFrKhWvZ8oeJQTNP5ZabgJw,2026-08-13 07:00:39,266360,2268,392,119.99,120.24,0.01,1
lkHWIlpUY7Y,UCCiKOocVSjyb2rsbL_Aanhw,2026-08-27 03:09:10,25701,50,52,119.86,120.11,0.11,0
lkOCehRBJAQ,UCqEoc6yuYRg5CFG4NIG8euQ,2026-07-30 05:30:32,8956,134,22,119.99,120.24,0.01,0
lkWjVAyWeF8,UCcJliZnsRbNw4I4uWSGq_wA,2026-08-15 14:06:45,737,4,0,119.89,120.14,0.11,0
lkgn28faac0,UCOTJtP0Z9DjpPU43B5m1V6A,2026-07-26 15:56:27,78930,705,23,119.81,120.06,0.06,0
lkhOQLiol0c,UCJYdIDfGkqXTsQq5aW4md0Q,2026-07-22 22:43:48,203,2,0,119.77,120.02,0.02,0
lkiV3U0GfGg,UCAVR6Q0YgYa8xwz8rdg9Mrg,2026-08-01 04:00:14,109461,5503,407,120.0,120.0,0.0,0
lkjvKtsMZc4,UCt8CJiye87FMbEwt0npPMuQ,2026-08-26 20:02:55,33247,762,64,119.96,120.21,0.04,1
lkppuECVpxw,UCnkytUgy0CtWd06up9CjNxg,2026-08-03 11:00:36,306037,3825,68,119.99,120.24,0.01,0
lksVPTAJxsw,UCPGl9DV2WUgaqGVXtVrhJWQ,2026-08-28 15:00:32,3,0,0,120.0,120.0,0.0,0
lktA5VBree0,UCl402YYy7RcH7PBI3npmGPQ,2026-08-25 03:00:05,152455,878,382,119.76,120.01,0.01,0
lkvzKA8eeVk,UCV7WE8I_UiAN0fa6Arezx_w,2026-07-18 15:00:28,178,0,0,119.99,120.24,0.01,0
ll-Bzt3BK08,UCFHUplScMiWTjJrtv4hxWmg,2026-08-26 10:43:12,75567,522,118,119.79,120.04,0.04,0
ll8NQsAEIJQ,UCAl4HWznMn7KhKBRFO5eiFA,2026-08-08 04:02:18,25144,234,18,119.97,120.22,0.03,1
llGCHvzCnvk,UCifCesg-EUkjKyQedaB3hRg,2026-08-29 01:02:41,33312,916,15,119.97,120.22,0.03,1
llGEzfORIvM,UCuXE-MdbuaZcPt_2J2kSsSQ,2026-07-27 13:51:39,977,2,10,119.89,120.14,0.11,1
llI-40qyzL8,UC1Ns07Rw0lQK-KuaPHfRRTw,2026-08-10 14:27:31,28,0,0,119.79,120.04,0.04,0
llITHvo8l3Y,UCt8CJiye87FMbEwt0npPMuQ,2026-08-26 16:30:29,1573,60,5,120.0,120.0,0.0,1
llIY2xJ8nrY,UCrY2B2XX41ReYh9DIWrFfCg,2026-08-26 11:43:21,1229,,2,119.79,120.04,0.04,0
llKHBko1a2U,UC6JB_a6rD1lZ_aZgQvORfrQ,2026-07-28 22:30:39,12228,69,36,119.99,120.24,0.01,0
llaPzFXOUpc,UCI3DTtB-a3fJPjKtQ5kYHfA,2026-08-30 12:45:04,7044,9,0,119.76,120.01,0.01,0
llj1Y9z5u70,UC8aCmG_y4DqqVI9Xlcym1Jg,2026-08-19 21:38:18,12357,320,13,119.87,120.12,0.12,0
lm1bMIQ-vHY,UCt8CJiye87FMbEwt0npPMuQ,2026-08-23 12:45:24,14987,632,31,120.0,120.0,0.0,0
lmDyaQ82WDc,UCo33r3SAf5z9MS-lrXV2aOQ,2026-08-27 08:00:29,142846,1068,24,120.0,120.0,0.0,1
lmLKIpRFJsE,UCby0vMKcLR05ZdS90aZd5og,2026-08-06 09:28:20,4717,8,0,119.78,120.03,0.03,1
lmR98TGLe4s,UChyEdiMY2maW8ySmbcmEyRg,2026-08-01 12:49:08,56,0,0,119.93,120.18,0.07,0
lmbWha4n-NE,UCSzHok6X5qXEO7cjvVnE62g,2026-08-31 12:00:15,253472,2262,54,119.76,120.01,0.01,1
lmq97H4kuz4,UC3hqiw3lZAXaMwhQvMGZkdw,2026-08-13 13:15:38,3423,44,26,119.99,120.24,0.01,0
lmskPL_1lN0,UCAhmOb9JWkI2HV_KIe9X_3A,2026-08-13 09:00:30,2056,61,0,120.0,120.0,0.0,0
ln2osmUSbAk,UCKVt3arMXfa6XZezR1UnjqQ,2026-08-21 03:00:12,3910,25,3,119.76,120.01,0.01,0
ln4OwHlruyA,UCHJv9xBR9lkzGSIepie-T_A,2026-08-05 21:30:26,2968,33,2,120.0,120.0,0.0,0
ln8gm6KANXM,UCwBkHOTyu57NQi0syf5MLig,2026-08-14 00:00:38,174766,860,91,119.99,120.24,0.01,1
lnK0Mli1ueM,UCPv0av3PfTUeTnHGgcXkk8w,2026-08-10 00:00:48,6,0,0,119.99,120.24,0.01,0
lnMu7Dv0je8,UCmnCuNh2owRLP48nnS3pe2w,2026-08-10 23:18:16,23,0,0,119.95,120.2,0.05,0
lnR4KDD8Tuw,UCdb5lyq0tWbY3jqH35SufmA,2026-08-04 17:29:03,6112,59,5,119.77,120.02,0.02,0
lnRLpLUF3LU,UC4oe-OVZ2Ho-03yrMkrXomQ,2026-08-01 04:30:16,68196,1837,88,120.0,120.0,0.0,1
lnTaCaCtj2g,UC7wtTnMorJi_d93lb_P2Xow,2026-08-22 10:30:20,23666,239,22,119.76,120.01,0.01,0
lnlZu_2gkQc,UC3DYSay178fMMPaf3zHwECA,2026-08-03 04:15:06,19748,512,22,120.0,120.0,0.0,0
lnoQ3fZ--TY,UCiVO_mThS9B3tNc_kzpn-3g,2026-08-11 14:00:21,2144,34,2,120.0,120.0,0.0,0
lny-o23OQps,UCKHx_yf3dI2ajWAjXRJ_9Rw,2026-07-28 16:50:37,418,15,0,119.91,120.16,0.09,0
loDyt33Gy8c,UChHxLcNi7e0zu-e33HM6v6A,2026-08-23 23:00:18,40467,193,167,119.76,120.01,0.01,0
loMRreJB0F0,UCxPMcxq7WJ32M3lnFn58Cpg,2026-08-28 10:28:22,18909,39,21,119.79,120.04,0.04,0
loaTtG-hIUs,UCN5oT4zGJX-_H6pE5isAEeg,2026-08-21 09:00:38,28102,520,40,120.0,120.0,0.0,0
locjKo2a5CA,UCbItyvYa6cqvqtwlU2E9-wA,2026-07-24 16:03:56,13187,590,9,119.94,120.19,0.06,0
loncfjoEj_g,UCV6mNrW8CrmWtcxWfQXy11g,2026-08-28 06:00:14,231105,6203,65,119.76,120.01,0.01,1
looiFgCQ2aM,UC8aCmG_y4DqqVI9Xlcym1Jg,2026-08-02 00:20:07,3605,139,10,119.92,120.17,0.08,0
lp-IlWP2raQ,UCifCesg-EUkjKyQedaB3hRg,2026-08-07 23:38:10,7738,99,3,119.87,120.12,0.12,0
lp3oaucxRbk,UCzVXdulvpgEoI8yuFMmhxJw,2026-07-22 13:55:19,471378,20201,106,119.83,120.08,0.08,1
lp7_gOmKSfU,UC-8S20Ll1gzPiu_YY8BgyaQ,2026-07-13 12:25:22,79696,765,29,119.83,120.08,0.08,1
lpJgD9gKPJ0,UCTUnpbuKoOODvhLhCO_kO_A,2026-08-20 08:25:31,2949,21,3,119.83,120.08,0.08,1
lplceofRdu8,UCT-UsvGz4gm7lezXvCEex9A,2026-08-13 08:00:33,11665,310,17,119.99,120.24,0.01,1
lpxUuAlTkZo,UCaY7wcqhFb_c2eQ1eRB8rOQ,2026-08-01 05:00:22,21738,459,132,120.0,120.0,0.0,0
lq1UUF7GzoY,UCgeazIBHz3JS7ft7_nyj-0A,2026-08-15 08:00:10,11240,55,12,120.0,120.0,0.0,0
lqEtSUIoJmQ,UCKVt3arMXfa6XZezR1UnjqQ,2026-08-05 09:00:10,9089,26,11,120.0,120.0,0.0,0
lqUBECGUDkU,UC-FiQR2gg8oiNw98ZdsSX6Q,2026-07-26 18:00:25,1124,9,0,119.99,120.24,0.01,0
lqX6SyFPZN8,UCiEMsnnzti6PDNi8TAlSnFw,2026-07-31 13:24:20,12,,0,119.85,120.1,0.1,0
lqi3I9MdPsI,UCB4gIGaPUiLtpPreFSf8fKQ,2026-07-26 12:30:28,2745,36,22,119.99,120.24,0.01,0
lr01oN_2Zcw,UC6YKLXN1w8pyqFwCO0UJ9sw,2026-08-23 03:00:39,117488,2927,26,120.0,120.0,0.0,1
lr1UQVBWrPs,UCjgTdV_oYP0TrrajTJLH33Q,2026-08-31 12:15:10,8931,38,11,119.76,120.01,0.01,0
lrLzoZme98A,UCvjzWMh2bihwlIN-WRtddkg,2026-07-18 00:00:36,4776,36,7,119.99,120.24,0.01,0
lrPRnINgyMs,UCPN9TrChCye1s97iEUOsIeA,2026-07-31 09:00:13,683,11,7,120.0,120.0,0.0,0
lrQHtCnodTs,UCPGl9DV2WUgaqGVXtVrhJWQ,2026-07-27 15:00:04,6,0,0,120.0,120.0,0.0,0
lrfvmuuR_ps,UCV6mNrW8CrmWtcxWfQXy11g,2026-08-14 02:45:36,73935,2851,316,119.99,120.24,0.01,0
dt0cP-GMTNw,UCJGww2K__Q3y-MtDi0XWH2w,2026-08-20 06:00:06,89928,1540,85,120.0,120.0,0.0,0
dt1Cm1Mn8bs,UCO8ToDSM2Gvt3EZdOdosxTw,2026-07-20 04:15:23,44292,1242,468,120.0,120.0,0.0,0
dt8T_bGo42c,UCPoEVLrQMMXICwULGDwfvug,2026-07-30 02:17:27,22733,264,52,119.96,120.21,0.04,1
dtJkd9bWOSM,UCYJ0Ucu9jPX5kn6SeDcNaIQ,2026-08-30 15:00:09,39694,275,2,119.76,120.01,0.01,1
dtMfPqtyx14,UC5RxNUZ9_c94ZEfJGnJZmTw,2026-08-09 12:00:20,3108,154,13,120.0,120.0,0.0,0
dtWFKb0aQUI,UCZCZHg_oJiHcrcj2vaPRCag,2026-08-08 14:18:31,87,0,0,119.94,120.19,0.06,0
dtjnSa8OMac,UCab17MxxnFtAhGsJVTkSkCg,2026-08-22 10:19:40,1314,24,3,119.93,120.18,0.07,0
dtyanlWjJ2o,UC60HSePkZwGFzRj6VSDa6Ew,2026-07-25 15:24:25,6936,93,14,119.85,120.1,0.1,0
du0PRl-mjHQ,UCN9VGDvz2M3vdR0czEUp6lQ,2026-08-21 22:00:27,2729,34,18,120.0,120.0,0.0,0
duBsiId5ukM,UC6LLMkdyses2ugPRNEXutMQ,2026-08-31 10:15:08,17662,148,24,119.76,120.01,0.01,1
duEZblBmDS0,UCoH2pCzAr6zWDG-LtUiLWRw,2026-07-17 00:00:09,74770,1380,188,120.0,120.0,0.0,0
duFQi-oMUgs,UCpwGBltfwjd_fIzp5cb5R0w,2026-08-19 12:30:30,183239,1482,394,120.0,120.0,0.0,1
duJaqV0Jc_s,UCBidluUUxzT_5jVOI_2x2MQ,2026-08-11 08:00:13,91,5,0,120.0,120.0,0.0,0
dudcRm1RXgg,UCV6mNrW8CrmWtcxWfQXy11g,2026-08-31 22:00:26,50360,2533,30,119.75,120.01,0.01,1
dufCG4VBn3s,UCOTJtP0Z9DjpPU43B5m1V6A,2026-08-11 13:00:02,59971,296,72,120.0,120.0,0.0,0
dukt9Epf0So,UCPGl9DV2WUgaqGVXtVrhJWQ,2026-08-31 09:19:18,1,0,0,119.94,120.19,0.06,0
duxR8VECcjM,UCZ_xE8U6MVnpwefrYvl2uvA,2026-08-26 03:00:34,251,0,0,120.0,120.0,0.0,1
duzUbKaBtDw,UC9qwDE50UcXvdplRNZKEoPA,2026-08-09 02:00:40,13327,309,9,119.99,120.24,0.01,1
dv0ZIRcBXtw,UCpn9dP1b5BhBsU9SduEz1hA,2026-07-20 14:30:27,14551,136,9,119.99,120.24,0.01,1
dvtq2XSbHSE,UCNpcMizRJ73OJm48LszuytQ,2026-08-10 08:00:12,3556,125,3,120.0,120.0,0.0,1
dwFnLK7Zih4,UCZ6mNZTiTUrUSbSYPlclI4A,2026-08-28 13:42:09,23546,251,10,119.81,120.06,0.06,1
dwJEmFYVMR4,UCYGF_xk5RDpltyZDSx040uw,2026-07-31 04:08:04,85894,1359,118,119.87,120.12,0.12,1
dwwfkazqpEs,UCPsZX-D7LW99PjZLA-UysPQ,2026-07-22 12:00:17,686,5,0,120.0,120.0,0.0,0
dwxkAosfUQs,UCi8fe6P0_tLeZ1r31wOydvw,2026-08-03 04:00:14,3920,32,10,120.0,120.0,0.0,0
dxGb_F-qZDI,UC2yOBpLVwB7kzt9C5ZPbB7w,2026-08-06 04:00:31,137447,2047,37,119.99,120.24,0.01,1
dxWbSWfCz5g,UCV6mNrW8CrmWtcxWfQXy11g,2026-08-14 04:00:04,19466,1047,33,120.0,120.0,0.0,1
dxaZh4sLbYo,UCby0vMKcLR05ZdS90aZd5og,2026-07-13 09:31:27,6788,9,8,119.98,120.23,0.02,1
dxh4lq97FPM,UCV7WE8I_UiAN0fa6Arezx_w,2026-07-14 09:00:22,75,0,0,120.0,120.0,0.0,0
dxuRPml9PKY,UCyZtdaxIiGb4wp5AmkEMrwQ,2026-07-19 02:58:06,164543,4584,44,119.78,120.03,0.03,1
dxvo50gc2tQ,UCei_ecYpQqFjYhjLaDPr2Lw,2026-07-19 07:08:06,1974,20,11,119.87,120.12,0.12,1
dxzakaH_9LE,UClFxbDnu3-z8B002ns6JnBQ,2026-07-24 14:00:09,0,0,0,120.0,120.0,0.0,0
dy3SZc8kIl4,UCM81CAJ2_Y42-bvK1OQnAAA,2026-08-27 11:42:44,92401,319,1276,119.8,120.05,0.05,0
dyLqv7KJ2F0,UC-okJdotaXPlzivRzHFqzuA,2026-08-11 03:30:24,69422,830,36,120.0,120.0,0.0,0
dyM9ibUJXgQ,UCcgkgKhXT6QwdGj9Nr8PBcg,2026-08-25 09:56:06,275032,1281,99,119.83,120.08,0.08,0
dyPI-xCYjX0,UCix5yCKpPr18CWrGOSCKCLA,2026-08-01 05:02:57,8998,,3,119.95,120.2,0.05,1
dyQEnQTD5-w,UC027x98NgUBw9K4aPT8k0mg,2026-08-27 13:00:14,86303,459,70,119.76,120.01,0.01,0
dydS38vpqw8,UCOKQpmfKrtu7Nu719CVSw1A,2026-08-14 03:00:33,563,14,4,119.99,120.24,0.01,1
dyielprG9Z8,UCNu00qhYj4nPeMNdxuwV6sg,2026-07-12 11:03:30,1153,39,0,119.94,120.19,0.06,0
dz6K0PADxTU,UCL2ZLyAV0H9Pvi46W7TGdHQ,2026-07-31 11:30:36,842199,4121,101,119.99,120.24,0.01,1
dzG4eZ-ERr4,UCyiKngyUPUb1bka4yFrn65g,2026-07-10 11:18:03,1693,12,0,117.47,121.32,1.32,0
dzbFaBaIS-o,UCyiKngyUPUb1bka4yFrn65g,2026-08-01 10:15:25,1469,7,0,120.0,120.0,0.0,0
dzeJl0R9CcM,UCN8L7Z-dyzu9FzT39RM0fvw,2026-07-13 09:21:29,13801,153,37,119.89,120.14,0.11,0
dzmmWZjutvk,UCifCesg-EUkjKyQedaB3hRg,2026-08-07 00:18:34,19302,461,8,119.94,120.19,0.06,1
dzmvXIUlM_o,UCPGl9DV2WUgaqGVXtVrhJWQ,2026-08-06 15:00:12,3,0,0,120.0,120.0,0.0,0
dzqy1h3b_vg,UCV7WE8I_UiAN0fa6Arezx_w,2026-07-28 09:00:03,122,1,0,120.0,120.0,0.0,0
e-5SIIJJtbA,UC5RxNUZ9_c94ZEfJGnJZmTw,2026-08-03 12:00:15,2598,110,13,120.0,120.0,0.0,0
e-5j1jlkH8M,UCJDXc9JWCZo-nLNKr_-L2Ng,2026-07-30 14:00:28,6332,163,11,119.99,120.24,0.01,0
e-66W-4zdbk,UC3ozN5tHi449NhCDE6Xtmwg,2026-08-09 12:06:01,999,17,0,119.9,120.15,0.1,0
e-6ap57kx34,UCpTNtH8yc1Kdl_YFfsQsTYA,2026-07-28 09:00:29,38919,163,38,120.0,120.0,0.0,1
e-koTohxnHk,UC_Xb6sEXAdNv9nHU4988vmg,2026-08-10 10:00:07,64821,,0,120.0,120.0,0.0,1
e-qdfMGzsqg,UCcvKf8NxAw9i09hZw1MQPBQ,2026-07-30 11:30:40,86264,1621,878,119.99,120.24,0.01,0
e0-wX_355zI,UC-FiQR2gg8oiNw98ZdsSX6Q,2026-08-20 18:00:31,2418,12,0,120.0,120.0,0.0,1
e07OK4dy3GE,UCEg24oF81p-THPtp3otdmTA,2026-08-31 11:04:53,189882,4419,123,119.93,120.18,0.07,1
e09qUTfGgho,UCRpdlPk671uOMiBtf5HtB3Q,2026-08-30 10:01:14,4687,25,3,119.99,120.24,0.01,1
e0FFtTi1sAs,UC-FiQR2gg8oiNw98ZdsSX6Q,2026-07-31 08:00:17,1475,6,1,120.0,120.0,0.0,0
e0LD91_R3eE,UCB4gIGaPUiLtpPreFSf8fKQ,2026-08-25 11:00:04,3097,34,19,119.76,120.01,0.01,0
e0eRtw_BSuQ,UCwBkHOTyu57NQi0syf5MLig,2026-08-15 17:03:08,23082,158,32,119.95,120.2,0.05,0
e0yn4e4icKw,UCyZXLzORHoh9QMwA7IwS0pA,2026-08-14 13:55:56,504,6,0,119.82,120.07,0.07,0
e101GoYUgHg,UC8IxyKkhu4YUYK_c76AdcDw,2026-08-10 09:15:32,2335,15,8,119.99,120.24,0.01,0
e12gzyvqpbs,UCw1DsweY9b2AKGjV4kGJP1A,2026-08-21 07:45:25,46001,140,22,119.76,120.01,0.01,1
e18_LGJDlrU,UCDHGqgpiHQAsE0UiltRqhfQ,2026-08-26 09:30:27,28533,57,21,120.0,120.0,0.0,0
e1MFoklQUjI,UCkmUJzaZfP7Wsb5-89pAK4Q,2026-08-15 06:58:35,1370,21,0,119.78,120.03,0.03,0
e1UouF0BMbA,UCpwGBltfwjd_fIzp5cb5R0w,2026-07-25 07:09:01,69091,660,97,119.85,120.1,0.1,0
e1erKYdF6Ug,UCrKSaegnzewdj9-YLsUhoZw,2026-08-23 00:00:57,9180,82,45,120.0,120.0,0.0,0
e1zUn1CaH5I,UCOLDn9gw0yegXRgjoi5MzNQ,2026-08-07 15:21:42,281,7,0,119.89,120.14,0.11,0
e206jZdseOc,UCfq-5-0b5Lzj7cKCrp6-flA,2026-08-21 08:00:09,3893,87,41,119.76,120.01,0.01,0
e21Cvu0XktU,UCB4gIGaPUiLtpPreFSf8fKQ,2026-08-24 11:00:34,10360,101,56,120.0,120.0,0.0,0
e22eLSuiV8s,UCnju7ULBic4VgkCfDvVXCnA,2026-07-27 14:48:29,28137,152,18,119.94,120.19,0.06,1
e27S-ILJrhE,UCPI40-XQA9-GBGj2k8PPqfg,2026-08-02 04:35:30,36309,652,14,119.91,120.16,0.09,1
e2A7svlZFXw,UCRLoyYlPR9ufzlbeI9lLDqg,2026-07-31 09:00:23,38219,1252,26,120.0,120.0,0.0,1
e2IWkczNgvM,UCeiDuGZqWT4iiIXRTfhM3qQ,2026-07-23 07:03:29,2893,72,2,119.95,120.2,0.05,0
e2JZy3SAGtQ,UCPGl9DV2WUgaqGVXtVrhJWQ,2026-08-30 14:18:41,5,0,0,119.95,120.2,0.05,0
e2MQPIyou9M,UCUbOogiD-4PKDqaJfSOTC0g,2026-07-29 12:00:11,326285,2139,282,120.0,120.0,0.0,0
e2NBoixSAtI,UCAenntxQB3F7AH637vySglg,2026-08-19 13:11:34,172,0,5,119.82,120.07,0.07,0
e2UotpAdEeQ,UCby0vMKcLR05ZdS90aZd5og,2026-07-27 03:23:39,22577,7,3,119.86,120.11,0.11,1
e2eXq_2CaUI,UCZ6mNZTiTUrUSbSYPlclI4A,2026-08-19 04:34:12,1861,33,8,119.94,120.19,0.06,1
e2pejXBCYf4,UCp9skQ2mP_DfVL8c3gZQUzg,2026-08-19 09:00:24,43998,343,41,119.75,120.01,0.01,0
e2wp6Z6OGrI,UCJDXc9JWCZo-nLNKr_-L2Ng,2026-08-06 19:40:05,1646,93,7,119.83,120.08,0.08,0
e36BaBubjH0,UCEcRvF_6IRSux8FO-ogFZug,2026-08-26 08:00:17,17382,1204,26,119.76,120.01,0.01,1
e3AYhr1EM0w,UC1Il94cQwl93Zun8ax1Qjlw,2026-07-27 11:34:20,45,1,0,119.93,120.18,0.07,0
e3DiLDvjjrE,UC_e83kYlGHWbsrr8QCfV_ag,2026-08-19 11:25:57,11460,35,3,119.83,120.08,0.08,0
gdpUiOGKGc0,UC_9W6Z5Y3lDpLk47Y_y5ITQ,2026-08-22 11:46:12,5157,56,13,119.99,120.24,0.01,0
geFDW2fjP2Q,UC_9W6Z5Y3lDpLk47Y_y5ITQ,2026-08-21 18:08:13,9473,133,6,119.87,120.12,0.12,0
geN7k3Lz3To,UCyN9yU_YNGDG6z3PN8sC3KA,2026-08-18 13:14:01,5048,44,10,119.78,120.03,0.03,1
geeCrwGfhVs,UCPGl9DV2WUgaqGVXtVrhJWQ,2026-07-25 15:00:01,105,1,0,120.0,120.0,0.0,0
geiaanUuBjY,UCPuD5ZRQWa_JCaY5NokNhtg,2026-08-02 05:48:04,354,5,2,119.95,120.2,0.05,0
gelqlrTohzg,UCbFLnCfOet-u_kFyA7uX-9Q,2026-08-28 15:00:25,63423,745,90,119.75,120.01,0.01,1
gey2BvQflyk,UCyU5JQ8KVRD9jE4E_xLsHxw,2026-08-29 09:00:35,59,0,0,119.76,120.01,0.01,0
gf3d5lEbXaU,UCbItyvYa6cqvqtwlU2E9-wA,2026-08-18 13:00:24,3094,225,9,119.75,120.01,0.01,0
gf5a4Y-PGKc,UCV7WE8I_UiAN0fa6Arezx_w,2026-07-23 05:00:37,78,0,0,119.99,120.24,0.01,0
gfDfqer5eB0,UC9otskL_kd-0CDib_5Lj-mQ,2026-08-11 10:00:22,26893,243,302,120.0,120.0,0.0,0
gfF0nyQMZDU,UCZPBWThSlgWT0DVaxxUEX4A,2026-08-06 12:54:31,187,6,0,119.84,120.09,0.09,0
gfF_TdlFXUs,UCv1tOT645xHOJrwdGlzjMaA,2026-07-20 09:00:30,21906,394,6,119.99,120.24,0.01,1
gfMWGOkV4cU,UCd6CX2LiQE2dEAPXwk2N0jg,2026-08-04 11:32:20,97993,1721,95,119.96,120.21,0.04,0
gfQKpP6iGyE,UCrXfM4HsibSucC_NlIY7v0Q,2026-08-07 06:59:45,843,10,1,119.76,120.01,0.01,0
gflbeIdbRok,UCybn_0S0Ec6Il1ZhiQM1Vww,2026-08-26 09:00:05,27198,105,100,119.76,120.01,0.01,0
gg0O-GI9Ybs,UC6YqXiwCBfPvPTs3wXgWElQ,2026-07-30 08:30:54,2434,38,3,119.99,120.24,0.01,0
ggLgCmlbWIk,UC_F-jhf8uO0fzrM7NQwvs3Q,2026-08-25 03:06:44,139,0,0,119.9,120.15,0.1,0
ggO3Msq6NMA,UCBvKuSAkXERBnGSQOH0Sarw,2026-08-29 19:07:34,18923,61,0,119.89,120.14,0.11,0
ggpAkKSN03M,UCN8L7Z-dyzu9FzT39RM0fvw,2026-08-19 13:14:43,15961,230,21,119.77,120.02,0.02,0
ggstSjjZB-4,UCpcTrCXblq78GZrTUTLWeBw,2026-07-16 13:30:15,108129,399,34,120.0,120.0,0.0,1
ggyzhcsLnYc,UC6JTm9ObvQFuTEOxOsbmYwA,2026-08-14 09:00:12,41471,826,73,120.0,120.0,0.0,0
gh1KhhW3yo0,UCpX86JOUhnrzG7MK8e8Gjbw,2026-08-18 09:40:35,37686,243,247,119.83,120.08,0.08,0
gh6uzmVkvrQ,UCcJ_oPUSkS_h96_PuizxMGA,2026-08-07 15:25:43,111,2,0,119.82,120.07,0.07,0
ghDEDUMTnSE,UCElXDMEQqlUnuyDbChjARWQ,2026-08-23 03:00:18,676,2,0,119.76,120.01,0.01,0
ghG_aQfuFqo,UCXg-6b0X0sIMBDHhbyBuOQg,2026-07-10 11:00:30,1343,13,1,117.76,121.61,1.61,1
ghHeE2alKyA,UCl402YYy7RcH7PBI3npmGPQ,2026-08-21 08:15:06,1043102,10138,234,119.76,120.01,0.01,1
ghOV2LUp9U0,UC5ThQKdocwo_9UurfT5P_ww,2026-08-07 09:43:48,179556,3385,59,119.77,120.02,0.02,1
ghQHPB-fZaw,UC9nWoDbRAl3-fvreBNeStKQ,2026-08-31 08:35:10,23971,252,36,119.93,120.18,0.07,1
ghgREOi1BJU,UCvPDPTxTLitVEyGu4Xt6m8g,2026-07-27 09:02:59,15729,135,9,119.95,120.2,0.05,0
gi4E1ehhZHk,UCwfbSsZ7_sccxcibe60mWlQ,2026-08-15 15:00:02,12833,45,3,119.75,120.25,0.25,0
gi4btI06F8c,UChLqHuZV0PENIBYxDgXyPLQ,2026-07-12 08:51:29,247265,4559,32,119.89,120.14,0.11,1
giFbI-a1ldg,UC7lwS-aSDzYHZJ9uWuzySwQ,2026-08-25 22:00:14,1582,10,6,119.76,120.01,0.01,1
giGmWkYqeKA,UCbFLnCfOet-u_kFyA7uX-9Q,2026-08-26 15:51:46,4424,17,0,119.9,120.15,0.1,0
giTAWuudfv4,UCePy6AqRuTfKDC4aTrqcAqQ,2026-07-16 10:03:27,1037,87,14,119.94,120.19,0.06,0
giV8E_f4xjw,UCpwGBltfwjd_fIzp5cb5R0w,2026-08-10 12:30:14,439958,6583,159,120.0,120.0,0.0,1
giXG5ibMoO4,UCPN9TrChCye1s97iEUOsIeA,2026-07-31 09:48:13,1154,11,4,119.95,120.2,0.05,0
gi_zJxv1MeE,UCqEoc6yuYRg5CFG4NIG8euQ,2026-08-13 08:00:05,6127,106,49,120.0,120.0,0.0,0
gid710Xorok,UC9jOsXFn3RwXEW3qUyySjAQ,2026-07-25 00:33:35,999,22,0,119.94,120.19,0.06,0
gifm9jMYpfc,UCzSODDx0zQF3nxXOZISCm_w,2026-08-16 11:30:31,107,2,0,120.0,120.0,0.0,1
gimhZSo-r6s,UCZFGZ_LhwgiTxaJzJ0QGdFw,2026-07-24 04:14:28,1170,7,0,119.76,120.01,0.01,0
giy2Lpb0KMk,UCzkk3MGFFeiN0E0T3AEeg_g,2026-08-14 04:30:24,53441,204,307,120.0,120.0,0.0,1
giyEtnni82g,UCe-7GwWL1XNlCJyfqBhgrHA,2026-08-01 05:42:51,19046,577,39,119.79,120.04,0.04,0
gj-S2ieqgjQ,UCkrJBQAut47U8xMUuv8D_3g,2026-07-27 09:49:04,14223,396,60,119.94,120.19,0.06,0
gj06dSasliQ,UCATlfGN7EDjXS_2ofklb3bw,2026-07-27 01:39:56,22281,407,2,119.84,120.09,0.09,0
gj2kYdNMag8,UCY_vDlvG-BTDRIOk_I9QQ6g,2026-07-22 09:30:07,2664,24,7,120.0,120.0,0.0,0
gjKCG4fRw5Q,UCms8Ge7H1ZGgw6nV94fUhUQ,2026-08-22 03:00:12,9376,143,26,119.76,120.01,0.01,1
gjOpJRdTmjA,UCPGl9DV2WUgaqGVXtVrhJWQ,2026-08-04 09:52:39,189,1,3,119.87,120.12,0.12,1
gjTCYxYFQQo,UCb5NLtXAsTBrmaZVhyFa-Wg,2026-08-26 13:30:20,373157,2147,441,119.76,120.01,0.01,0
gjWuaUT_RaQ,UCCd3jyJmOFzkJEMj5Bp89rw,2026-07-21 17:00:01,10008,592,26,120.0,120.0,0.0,0
gjgT4ogWlcQ,UCzkk3MGFFeiN0E0T3AEeg_g,2026-08-01 04:06:57,83776,328,181,119.89,120.14,0.11,1
gjoKniTHAuQ,UCooLkG0FfrkPBQsSuC95L6w,2026-08-25 15:00:25,6919,159,31,120.0,120.0,0.0,0
gk0A_cc73a4,UChHxLcNi7e0zu-e33HM6v6A,2026-08-25 03:19:30,113028,443,165,119.94,120.19,0.06,0
gk6Itow2CaA,UCZ6mNZTiTUrUSbSYPlclI4A,2026-08-26 08:48:12,7279,71,29,119.96,120.21,0.04,0
gkIbMhKkRZs,UCS-X1uBDTNwAYyydiXjcX9A,2026-07-29 09:00:12,13546,185,32,120.0,120.0,0.0,0
gkbgZib20AQ,UC3pTpoDKt17IrCDH60kSNPA,2026-08-04 02:18:22,351,13,2,119.95,120.2,0.05,0
gkcECfefnwA,UC6NXJtCn3p-actkvBUlHwDA,2026-08-26 04:30:17,241363,2264,155,119.76,120.01,0.01,0
gkjGYVX15L8,UC8CX0LD98EDXl4UYX1MDCXg,2026-08-18 13:00:32,228679,8340,261,120.0,120.0,0.0,1
gkldSaxiSv4,UC3LNd5iXQZ8WinaOpfwXveA,2026-08-08 10:30:00,30151,485,44,120.0,120.0,0.0,0
gkuC9am8ydI,UCPsZX-D7LW99PjZLA-UysPQ,2026-08-27 15:00:23,5426,11,7,119.75,120.01,0.01,0
gl0U8qFlyCE,UCgvtwZJPhSfbKOxh3EoVXng,2026-08-22 20:17:24,123,3,0,119.97,120.22,0.03,0
glAvIebmgtU,UC03t2JLir8d70hH6z5wQ9tg,2026-08-30 09:15:39,6026,25,16,120.0,120.0,0.0,0
glOEIV-Ymrc,UCUbOogiD-4PKDqaJfSOTC0g,2026-07-30 12:03:24,25975,265,66,119.95,120.2,0.05,0
gl_rU42b084,UCZ-UuK86Bk5sGzQQ2cEglJQ,2026-08-27 10:30:15,248680,1308,90,119.76,120.01,0.01,0
gm2UNKuGsNI,UCo33r3SAf5z9MS-lrXV2aOQ,2026-07-18 06:00:36,100919,763,66,119.99,120.24,0.01,0
gmLNJJVw1Mw,UC3kVT7zilzGf_7fIEkc4dDA,2026-08-19 13:30:32,15696,432,79,120.0,120.0,0.0,0
gmUqKIsMuXs,UC60HSePkZwGFzRj6VSDa6Ew,2026-08-24 11:43:13,9601,200,42,119.79,120.04,0.04,0
gmtRWRa5zo4,UCMAfHuocszM6UTORPwUmeNw,2026-08-10 12:17:17,14701,250,1,119.96,120.21,0.04,0
gmzLPQT9Avo,UCI3DTtB-a3fJPjKtQ5kYHfA,2026-08-28 00:19:58,3081,2,0,119.93,120.18,0.07,0
gn8CNfDG44E,UC7SIaeUWuuIrWTIOBpayDVQ,2026-08-04 08:12:46,8379,73,38,119.79,120.04,0.04,0
gnACyB7yX0Y,UCKrprPfevcAZpPuRnCO6xOA,2026-08-30 09:00:35,6002,10,3,119.75,120.01,0.01,0
gnJQXDcZ710,UCFHUplScMiWTjJrtv4hxWmg,2026-08-25 11:33:49,47131,306,17,119.95,120.2,0.05,0
gnKZpjpK8ao,UCPGl9DV2WUgaqGVXtVrhJWQ,2026-08-14 15:00:20,8,0,0,120.0,120.0,0.0,0
gnSQ37bUsW8,UCAl4HWznMn7KhKBRFO5eiFA,2026-07-22 14:04:30,4328,14,0,119.93,120.18,0.07,1
gndIthZUuM8,UCJoWNCiFuiN4eZnB80WUf4Q,2026-08-01 05:30:39,29474,438,53,119.99,120.24,0.01,0
gnfllbM5g7Y,UCfIUuMA7U_jImP7oWfTe4Pw,2026-08-20 14:40:47,623058,3847,435,119.83,120.08,0.08,0
gnhJ9ShfD24,UCFHUplScMiWTjJrtv4hxWmg,2026-08-31 11:27:24,86244,319,46,119.81,120.06,0.06,0
gnl235XU9ao,UCqEoc6yuYRg5CFG4NIG8euQ,2026-08-24 08:00:07,3570,42,6,119.76,120.01,0.01,0
gno8lgGfNpg,UCQhIdo5nRQY9DB3uo7vawtw,2026-08-10 17:48:03,1138,36,6,119.95,120.2,0.05,0
gnrATHqroPg,UCgWOZQvFZhGuqBCtjmee0XQ,2026-07-11 09:00:37,4754,158,42,119.99,120.24,0.01,0
go8XWCt-h58,UCgLFbrC7-g0ihBKB0obVPTg,2026-08-24 11:54:52,75,5,1,119.84,120.35,0.16,0
goA8_ZDa4Bk,UCw1DsweY9b2AKGjV4kGJP1A,2026-07-21 02:02:02,29094,182,3,119.97,120.22,0.03,1
jH32dnuLFQ8,UC_e83kYlGHWbsrr8QCfV_ag,2026-07-22 13:05:32,56518,193,292,119.91,120.16,0.09,0
jH3ueltDLYg,UCirJgPv8RtFaFMj39b6cD8Q,2026-08-09 09:00:24,23300,234,4,120.0,120.0,0.0,1
jHCxB9O-Py0,UCqIwPYLfMd3EoWYwvyTjPnA,2026-08-16 01:16:06,25194,285,23,119.99,120.24,0.01,0
jHF_CB6JBC0,UCto7D1L-MiRoOziCXK9uT5Q,2026-08-09 14:53:40,1653337,69748,2143,119.86,120.11,0.11,0
jHLONbH2428,UCirJgPv8RtFaFMj39b6cD8Q,2026-08-12 08:00:07,4781,30,0,120.0,120.0,0.0,1
jHY7GZCurRQ,UCTmniSiCVyG_UKVCEa9PNKA,2026-08-08 02:40:35,1540,35,3,119.83,120.08,0.08,0
jHcT8VE1qu4,UCktXAh1Sd7wf8eQHc029-8g,2026-08-25 07:00:31,18789,32,15,120.0,120.0,0.0,1
jHiDUdMBoVc,UCN8YcyYvYIrtLcwyT-KqbNg,2026-07-19 07:00:12,23643,83,73,120.0,120.0,0.0,0
jHjGPozNIIw,UCgLFbrC7-g0ihBKB0obVPTg,2026-07-24 11:14:50,84,3,0,119.76,120.01,0.01,0
jHqGLkuufPY,UCoSniqkitCpxlHrQd5L8A1w,2026-08-27 08:20:15,8981,21,6,119.93,120.18,0.07,0
jHxdGP6mbis,UCv1tOT645xHOJrwdGlzjMaA,2026-07-18 12:32:29,48649,674,7,119.96,120.21,0.04,1
jHzr76AAbPk,UC1sELGmy5jp5fQUugmuYlXQ,2026-08-17 16:00:55,938995,48211,2967,119.99,120.24,0.01,1
jI1nBhEpBns,UCgLFbrC7-g0ihBKB0obVPTg,2026-08-18 12:11:27,263,7,0,119.82,120.07,0.07,0
jI36lh5bRQ8,UCPGl9DV2WUgaqGVXtVrhJWQ,2026-08-29 15:00:06,9,0,0,119.76,120.01,0.01,0
jI53X1cLpts,UCyZtdaxIiGb4wp5AmkEMrwQ,2026-07-27 03:00:10,43547,1130,11,120.0,120.0,0.0,0
jIH2yGeC9IA,UC2U8C7lmbQpfBeAW8fTP_jg,2026-07-28 05:39:29,20879,484,33,119.84,120.09,0.09,0
jINedlEDmEw,UC8aCmG_y4DqqVI9Xlcym1Jg,2026-08-20 00:00:15,1264,26,0,120.0,120.0,0.0,1
jIaxqLz-f88,UCw1DsweY9b2AKGjV4kGJP1A,2026-08-14 15:00:00,6698,29,12,120.0,120.0,0.0,1
jIqpcQuXUDQ,UCt8CJiye87FMbEwt0npPMuQ,2026-08-20 13:00:18,15542,440,22,120.0,120.0,0.0,1
jIrUu_4xI80,UCnMshUhBxDsKFPnxBGmGEpg,2026-08-08 04:21:33,116,6,0,119.89,120.14,0.11,0
jIvvgkclNHc,UC24GgPBq5W3v34z0p0uk1Ow,2026-08-12 15:12:33,223,1,0,119.79,120.04,0.04,0
jIwzwQxTjTk,UC1Il94cQwl93Zun8ax1Qjlw,2026-08-11 17:17:58,213,6,0,119.95,120.2,0.05,0
jJ3eB8RMQX4,UCqPN9LAkx20aBWOafwvQB-Q,2026-08-15 23:00:39,49464,2069,126,119.99,120.24,0.01,0
jJ7IE4TI1Tg,UCp9skQ2mP_DfVL8c3gZQUzg,2026-08-06 10:29:25,62907,185,30,119.76,120.01,0.01,1
jJH_ybC18u0,UCXS55IczImEf64aU16NzKlg,2026-08-17 01:00:00,2321,6,0,120.0,120.0,0.0,1
jJRdpK_1q7c,UCJmnOEp1-OITEU0mk4icM5A,2026-08-30 07:00:10,94457,522,138,119.76,120.01,0.01,0
jJUo5atWELU,UCSrQnB-Ip9hc0biFQ3HoKzg,2026-08-19 04:47:20,20317,772,33,119.97,120.23,0.03,1
jJXeV_u3kfs,UCs0LzOveQMLImmmTrMmP2sg,2026-08-11 12:23:48,141458,606,71,119.86,120.11,0.11,0
jJYetzc-byQ,UCBTsPtRCh6ln3IRQFjhjh1A,2026-08-11 10:00:07,53218,283,14,120.0,120.0,0.0,1
jJanKTvm2Fc,UC3Oe-jfrIqEGygxYBYyN6jQ,2026-08-15 22:51:21,1291,25,0,119.9,120.15,0.1,0
jJhfxDGDtVY,UCJpAwvQaZyCI5spAz7tipGA,2026-07-13 09:09:16,391466,1894,214,119.85,120.1,0.1,0
jJwawV9lvtk,UCawK5EIfr66Z7fjAlZgfB2g,2026-08-24 02:46:10,2793,,0,119.99,120.25,0.01,0
jJwuRcMJLsY,UC3DYSay178fMMPaf3zHwECA,2026-08-19 08:00:37,32089,743,32,120.0,120.0,0.0,1
jKB0EEa_fQY,UCfIFEUxDE0kRkZh4yfEBEvA,2026-08-19 07:59:33,1742,6,0,119.77,120.02,0.02,1
jKHUi31Sm4E,UCPuD5ZRQWa_JCaY5NokNhtg,2026-08-16 05:26:28,735,7,3,119.81,120.06,0.06,0
jKPsriCQEfY,UCEcRvF_6IRSux8FO-ogFZug,2026-08-14 08:00:10,23078,1945,107,120.0,120.0,0.0,0
jKUN-4SVers,UCwBkHOTyu57NQi0syf5MLig,2026-08-14 23:00:33,138616,436,45,119.99,120.24,0.01,1
jKZiWUPpjgA,UCzps05UZ7XpX3SFoFyYIDow,2026-08-19 06:01:13,18599,115,71,120.0,120.0,0.0,0
jL-V_Y6eFps,UCkphwoGMBs2_0raLOqu9aQw,2026-08-29 12:00:09,270,4,1,119.76,120.01,0.01,0
jL-ancrp53w,UCDmmbxGg8g-EBkC_ku6vybg,2026-08-19 12:10:31,39271,464,23,119.84,120.09,0.09,1
jL2IHKEYlCM,UCv1tOT645xHOJrwdGlzjMaA,2026-07-15 09:00:07,5680,38,0,120.0,120.0,0.0,1
jL66FeORg48,UCBidluUUxzT_5jVOI_2x2MQ,2026-08-09 03:00:00,4021,16,2,120.0,120.0,0.0,1
jLDNM7SIAdI,UCXu_CcxBZA5S_iG33OzA9PQ,2026-08-02 11:15:01,7348,126,21,120.0,120.0,0.0,1
jLUF633Q9Sw,UCcJ_oPUSkS_h96_PuizxMGA,2026-07-28 01:30:23,161,2,2,120.0,120.0,0.0,0
jLpDLDHIPv0,UCpcTrCXblq78GZrTUTLWeBw,2026-08-04 14:30:27,182865,4906,287,120.0,120.0,0.0,0
jLsD1LA3JlM,UCSTIgFSMRyUgrobBoCVAGmw,2026-08-18 07:22:23,42,1,0,119.89,120.14,0.11,0
jLvAFeoyAv0,UCDmmbxGg8g-EBkC_ku6vybg,2026-07-21 10:00:16,5080,200,46,120.0,120.0,0.0,1
jLz7zkY8j_M,UC_e83kYlGHWbsrr8QCfV_ag,2026-07-26 11:55:33,3981,9,0,119.83,120.08,0.08,0
jMBXR7NbUgU,UC783XWULPW-nDGv_0EYlB6Q,2026-08-11 09:30:02,42086,1275,61,120.0,120.0,0.0,0
jMHbokC1B6Q,UCdVIcHpdbEQc65xwAxc_owQ,2026-08-10 20:01:45,1407,5,0,119.97,120.22,0.03,1
jMSUrz2FaR0,UCJDXc9JWCZo-nLNKr_-L2Ng,2026-08-27 19:00:24,4405,107,9,120.0,120.0,0.0,0
jNKZ3s5BQWI,UCp6n8d8Y8r3MwKNw_MMaouQ,2026-08-12 21:05:18,3206,45,5,119.92,120.16,0.08,0
jNMp1Rvdz8s,UCZ6mNZTiTUrUSbSYPlclI4A,2026-07-29 08:26:35,4871,47,14,119.81,120.06,0.06,0
jNWTFLe68Dg,UCaMV-CjrWYh2Aefg_8iLwJQ,2026-07-25 09:00:03,87759,379,84,120.0,120.0,0.0,0
jOF-Wga5-D8,UC-FiQR2gg8oiNw98ZdsSX6Q,2026-08-19 10:00:16,93,4,0,119.76,120.01,0.01,0
jOMC7oN2w4c,UCeG0ONJtjwE20ThR5iSYdsA,2026-07-17 07:45:06,42012,687,134,120.0,120.0,0.0,0
jOPxkgziZhY,UCL2ZLyAV0H9Pvi46W7TGdHQ,2026-08-01 11:30:04,325307,1507,83,120.0,120.0,0.0,1
jORm8Yx_gqM,UCL2ZLyAV0H9Pvi46W7TGdHQ,2026-08-06 11:00:26,41277,266,50,119.99,120.24,0.01,0
jOYicoYBP3s,UC4VWaR3R17Ruc7j1Cy1-PKQ,2026-07-23 23:03:39,49,3,0,119.94,120.19,0.06,0
jOb3ecdg4Sg,UCV2rXchZ5JNpvmSIOVEQ5oA,2026-08-01 14:00:24,12796,40,9,120.0,120.0,0.0,0
jOiTnARCWVQ,UChLqHuZV0PENIBYxDgXyPLQ,2026-08-05 11:51:20,295808,5001,114,119.9,120.15,0.1,1
jOkqwP-S498,UCaN3tSrrzIrXSDonEe7LK9A,2026-08-24 08:00:36,706,8,2,120.0,120.0,0.0,0
jOuKfF8hfQo,UCF7IBIvHZ2be4Ufo8i0uHBw,2026-07-19 09:00:26,32534,396,15,119.99,120.24,0.01,1
jOzK2IYsY_I,UCw1DsweY9b2AKGjV4kGJP1A,2026-08-29 08:05:04,72101,53,12,119.93,120.18,0.07,0
jP1Pmea1e4Q,UCcJ_oPUSkS_h96_PuizxMGA,2026-08-05 08:51:03,185,9,2,119.9,120.15,0.1,0
jP91csokbWY,UCarBV0zWlC2k-HteyeKqfag,2026-08-09 09:05:59,44,2,0,119.91,120.15,0.09,0
jPFfMVZzg2k,UCrXfM4HsibSucC_NlIY7v0Q,2026-08-08 11:53:24,13604,70,3,119.86,120.11,0.11,0
jPJojyyni2Q,UCzVXdulvpgEoI8yuFMmhxJw,2026-08-09 06:00:35,77464,3445,177,119.99,120.24,0.01,0
jPM3pLbpfa8,UCvx8JsZvDVER74lG39dN9nw,2026-08-22 21:57:25,2798,41,16,119.8,120.05,0.05,0
jPeih10h5Sc,UCO8ToDSM2Gvt3EZdOdosxTw,2026-08-18 09:05:18,129943,2178,63,119.92,120.17,0.08,0
jPuvysKR2pk,UCrR_fhiJjoW8OJFzUcmlMMA,2026-07-30 07:00:14,4928,41,25,120.0,120.0,0.0,0
jQ4KHJZBa6I,UCBmPfbqvGwTTfrV-H_UOfdw,2026-07-27 10:12:06,217867,2924,16,119.8,120.05,0.05,1
jQESpbXB-cg,UC5grrciAyUF4xjd42XhV-1Q,2026-08-08 01:25:15,3736,,1,119.83,120.08,0.08,0
jQGhQi-uqvY,UCdb5lyq0tWbY3jqH35SufmA,2026-07-23 15:00:10,17854,249,41,120.0,120.0,0.0,0
jQOGqaViWwU,UCpI-AhCT02iQRGLC2ZcY0Jw,2026-07-14 11:00:31,52458,730,11,119.99,120.24,0.01,1
jQXxOJnkIzc,UCN5oT4zGJX-_H6pE5isAEeg,2026-08-27 22:00:33,622187,9664,408,120.0,120.0,0.0,1
jQ_-GAkBxCM,UCJmnOEp1-OITEU0mk4icM5A,2026-08-14 02:00:34,57462,740,230,119.99,120.24,0.01,0
jQjcUa2LCi4,UCSzHok6X5qXEO7cjvVnE62g,2026-07-30 12:00:01,1344060,9231,304,120.0,120.0,0.0,0
jQsQDV1hdLE,UCXS55IczImEf64aU16NzKlg,2026-07-11 01:00:24,6393,20,11,120.0,120.0,0.0,1
jRIkrdE5jzU,UCPGl9DV2WUgaqGVXtVrhJWQ,2026-08-14 15:00:39,19,0,0,119.99,120.24,0.01,0
jRLTbGUnjTE,UC6YqXiwCBfPvPTs3wXgWElQ,2026-08-13 04:06:24,638,12,7,119.9,120.15,0.1,0
lrrsiLUYK-0,UCpcTrCXblq78GZrTUTLWeBw,2026-07-12 22:34:17,328032,4344,106,119.93,120.18,0.07,1
lrw51XE_NiM,UCApYlKNymyHZ9dlOCImFVBg,2026-07-28 15:26:48,3358,129,4,119.81,120.06,0.06,0
lrzMuRAPPI4,UCvfEv6nBnL0QlKqyGmL0orQ,2026-08-08 00:00:15,17559,165,60,120.0,120.0,0.0,0
ls6fJ7iLey4,UCF-rFAdN7dzd-SI2T3rkCaQ,2026-07-23 07:23:41,20061,149,23,119.86,120.11,0.11,0
ls9PxIMe3NA,UCw1DsweY9b2AKGjV4kGJP1A,2026-08-09 08:02:15,102119,452,248,119.97,120.22,0.03,0
lsG3aPXjfik,UCPGl9DV2WUgaqGVXtVrhJWQ,2026-07-11 14:15:24,5,0,0,119.99,120.25,0.01,0
ls__BqL09QM,UCFiHjGyrJux8Rt4e6mUPU-w,2026-08-27 23:58:29,31831,953,260,119.79,120.04,0.04,0
lsfz02VfR7w,UCOTJtP0Z9DjpPU43B5m1V6A,2026-08-19 09:30:30,103270,1013,80,120.0,120.0,0.0,0
lstO9zKJKuw,UCdrNdOaDhiGzDSx0ZCEjOUQ,2026-08-18 10:28:59,2188,12,15,119.78,120.03,0.03,1
lt9bDHI77Is,UC-yb5eNBQyXBE9nZnht9u-g,2026-08-02 11:20:43,11042,263,2,119.91,120.16,0.09,1
lta-M84f1r8,UCJJZkVUNIxq8XNDzHiAD-eQ,2026-08-08 04:21:54,244673,1696,187,119.89,120.14,0.11,1
ltmwzrdAkSw,UCi8fe6P0_tLeZ1r31wOydvw,2026-07-26 04:00:04,2741,28,3,120.0,120.0,0.0,0
ltnC5r9OR0A,UCy8OX8RrstkjRrnM5hND_ug,2026-08-15 21:54:04,1778,64,7,119.85,120.1,0.1,0
ltwqv0SB4sg,UCikKJvpU0Ylua4hRW6faQRg,2026-08-14 00:02:28,3885,100,1,119.96,120.21,0.04,0
lu3x7mU_kdU,UCAl4HWznMn7KhKBRFO5eiFA,2026-07-23 12:21:27,23103,103,2,119.89,120.14,0.11,0
luK32jA0e2g,UCjOtzpfj5lF9erwTEQYkxtQ,2026-08-15 03:00:17,33096,672,25,120.0,120.0,0.0,0
luVE9jFgCQE,UCRpdlPk671uOMiBtf5HtB3Q,2026-07-17 10:37:24,183396,1619,34,119.88,120.13,0.12,1
luVrD-nwpxE,UCrY2B2XX41ReYh9DIWrFfCg,2026-07-25 09:49:10,9028,,3,119.93,120.18,0.07,1
lubk6pMl188,UCz4b1O9sT73P8DWwx6OvQwg,2026-08-21 11:00:17,30587,641,19,119.76,120.01,0.01,1
luw_azWdJf8,UC78d2aaqdrt02RfmtRLmlAw,2026-08-17 16:00:21,13427,295,87,120.0,120.0,0.0,0
lv3AnPtaFS8,UCt8CJiye87FMbEwt0npPMuQ,2026-08-12 15:00:32,5360,214,19,119.99,120.24,0.01,0
lvHX5cUS5u8,UCV6mNrW8CrmWtcxWfQXy11g,2026-08-29 14:00:38,115981,4297,73,120.0,120.0,0.0,1
lvKfQN8qjlQ,UCBA9XaL5wCdHnC5EmEzwrqw,2026-08-16 03:00:15,330735,1735,212,120.0,120.0,0.0,0
lvTnVsHf6lM,UCw1DsweY9b2AKGjV4kGJP1A,2026-08-28 08:02:24,24701,27,8,119.97,120.22,0.03,0
lvVtOxANWPI,UCR1ctqL11HoxQkbSkoUAYeA,2026-08-28 09:52:48,158808,1819,767,119.88,120.13,0.12,0
lvZ6VBS-Ii8,UCBo7GIv99qTzHaa6ip09YLA,2026-08-05 03:00:11,3050,11,0,120.0,120.0,0.0,0
lvb9NntsOC8,UChKYbZ9fSz8DMM6wU-t1lMQ,2026-07-27 10:29:28,4528,163,14,119.76,120.01,0.01,0
lvi88WOUDBQ,UC_m_uqd_9s0hZvlgfvCzqbQ,2026-08-28 14:54:10,557,5,0,119.86,120.11,0.11,1
lvw8muZivac,UCSl8TBqqflby-ymdEQVfRNQ,2026-07-23 17:14:04,25346,363,38,119.77,120.02,0.02,1
lwSx9yJ8JLc,UC-Ni_a4hVmmOwnZ4alPzoTQ,2026-08-24 09:00:38,1587,32,1,120.0,120.0,0.0,1
lwsCLo1WKRI,UCrR_fhiJjoW8OJFzUcmlMMA,2026-08-13 10:00:05,6360,60,15,120.0,120.0,0.0,0
lwyNo7fFrF8,UCyoKcrOcBEY4rmLYkDuXErA,2026-07-20 12:33:27,60323,739,25,119.94,120.19,0.06,1
lx-2ZGTs-uk,UCX11f6rIVaoWGvFnKKyPBNQ,2026-08-27 20:12:19,9644,284,2,119.81,120.06,0.06,0
lx6zMpmEPE0,UCtRiSpvkhtRXaSjVjEB9LKg,2026-08-03 07:43:31,1477,13,0,119.78,120.03,0.03,0
lx86YQfgpyU,UCpcTrCXblq78GZrTUTLWeBw,2026-08-31 22:00:35,52292,191,11,119.75,120.01,0.01,0
lxXiHSWXHzk,UCaHIZAKows704_gk6bjdAog,2026-08-10 08:30:06,50224,570,165,120.0,120.0,0.0,0
lxbU1W2FaLQ,UC1Ns07Rw0lQK-KuaPHfRRTw,2026-07-15 14:00:15,17,0,0,120.0,120.0,0.0,0
lxcQgwKuFtM,UCBTsPtRCh6ln3IRQFjhjh1A,2026-08-02 14:03:25,58670,210,17,119.95,120.2,0.05,1
lxt2Jtxaeec,UC_m_uqd_9s0hZvlgfvCzqbQ,2026-08-24 14:06:01,982,32,0,119.91,120.16,0.09,0
lyNfUGgdm5I,UCd9oeoY-jLSkhd-J5y_1aYg,2026-08-17 01:23:24,2166,15,1,119.86,120.11,0.11,0
ly_eASv9ZSM,UCKY2DOkLOyPLlvGHI3XQw0Q,2026-08-25 23:18:29,1298,3,0,119.95,120.2,0.05,1
lydE-rk_sGY,UC3DYSay178fMMPaf3zHwECA,2026-08-09 08:00:32,42534,1194,26,119.99,120.24,0.01,1
lyyJV1R112A,UCLiiCThIzQr4VexZCka40Pw,2026-07-19 03:00:31,28754,328,93,119.99,120.24,0.01,0
lzADr1fnLqA,UCCMQyaKDjQJY79VimTdaYYQ,2026-08-18 04:50:20,146028,829,1222,119.91,120.16,0.09,0
lzJYbZdxlSk,UC0PMQXAwF6O6aeTpv962miA,2026-08-31 17:04:33,34258,597,69,119.94,120.19,0.06,0
lzSVDpzQtMs,UCPJGXrPIVKBR8PJY7w33WZw,2026-08-14 01:00:32,16112,260,95,119.99,120.24,0.01,0
lzSmnO0bew8,UC5bjQxLK_3XVzIOTQ04sYeg,2026-08-25 14:10:46,3871,50,1,119.83,120.08,0.08,0
lzTS-d9fkjk,UCdtV_sB8WUWo-P_q3OwNfcw,2026-07-22 08:00:13,12174,75,5,120.0,120.0,0.0,0
lzYO0IdyoBI,UC5T_FfQwgy56XP0aEVHYULQ,2026-08-05 09:53:36,3566,66,18,119.86,120.11,0.11,0
lzlVwQZSF4I,UCyZXLzORHoh9QMwA7IwS0pA,2026-08-11 13:56:55,571,6,0,119.8,120.06,0.06,0
lzwhX96rAdE,UCeG0ONJtjwE20ThR5iSYdsA,2026-08-15 10:30:06,43448,554,72,120.0,120.0,0.0,0
lzxMkj7TxN4,UCrKSaegnzewdj9-YLsUhoZw,2026-08-21 23:07:12,1872,16,2,119.89,120.14,0.11,0
m-0pLhWtz1U,UCjOtzpfj5lF9erwTEQYkxtQ,2026-07-31 05:00:16,30614,1132,12,120.0,120.0,0.0,1
m-6oJw0aWQM,UCab17MxxnFtAhGsJVTkSkCg,2026-08-07 12:18:50,483,12,0,119.94,120.19,0.06,0
m-C1Ty3finE,UCcvKf8NxAw9i09hZw1MQPBQ,2026-08-26 11:00:22,21771,261,11,119.76,120.01,0.01,1
m-GnmPdfq5Q,UCY_vDlvG-BTDRIOk_I9QQ6g,2026-08-12 16:31:30,2045,29,2,119.98,120.23,0.02,0
m-OZjLWgamU,UC3DYSay178fMMPaf3zHwECA,2026-08-15 08:00:11,192382,4238,74,120.0,120.0,0.0,1
m-SdW4LC1FQ,UCYxwKnNRv4FurQxeKcuR0Sw,2026-07-28 03:00:22,12,2,0,120.0,120.0,0.0,0
m-TGDtknQoI,UCfIUuMA7U_jImP7oWfTe4Pw,2026-07-30 13:02:27,270141,1486,133,119.96,120.21,0.04,0
m0KD1BynXmE,UClHTjLVog7CkRF8tYJuNXXQ,2026-07-30 12:10:49,426,24,4,119.82,120.07,0.07,0
m0R5X66gVN0,UCzDyC6JMEXEufozffWzI9Mg,2026-08-05 04:00:08,54447,786,69,120.0,120.0,0.0,1
m0Zbf2b6DXw,UCiEMsnnzti6PDNi8TAlSnFw,2026-08-28 20:27:54,107,,0,119.8,120.04,0.04,0
m0bHeQF9eYw,UCOaUTqrtz1yBBiwziVJEAmQ,2026-08-25 19:00:20,2719,7,30,119.76,120.01,0.01,0
m0f7R84Xr6Y,UCt8CJiye87FMbEwt0npPMuQ,2026-08-24 17:30:00,106282,983,106,119.76,120.01,0.01,1
m10Xwnk1K9M,UCV7WE8I_UiAN0fa6Arezx_w,2026-07-14 16:00:39,300,1,0,119.99,120.24,0.01,0
m17fOcx1KcE,UCtKNP4UGUA1ybxJJcTC_GFA,2026-08-28 12:23:58,23130,26,6,119.86,120.11,0.11,0
m18klpnWbqU,UChHxLcNi7e0zu-e33HM6v6A,2026-08-26 23:00:37,36899,117,14,120.0,120.0,0.0,0
m1AOFQ-Jn1k,UC-S8JFhLkQ5enhB70c2CYIw,2026-08-30 11:56:07,128865,1665,182,119.83,120.08,0.08,0
m1CUywOrzYE,UCuCmLrNT5MbpqfrSSKHqTug,2026-07-18 13:06:12,15477,150,20,119.9,120.15,0.1,0
m1MgUR4rz9E,UCzVXdulvpgEoI8yuFMmhxJw,2026-08-30 19:01:54,25680,415,5,119.98,120.23,0.02,0
m1N-eQuhkyI,UCGa52d8Qlv3THghuCAt_nXA,2026-08-28 08:30:09,28648,370,8,119.76,120.01,0.01,1
m1pLLQAwDrY,UC43hOVGChFuQRV47vxc_c-g,2026-08-09 19:40:36,0,,0,119.83,120.08,0.08,0
m1x6ka-UuwY,UCdGiRd1dTixfQxQrb2pbn5Q,2026-08-16 10:38:35,26105,216,36,119.86,120.11,0.11,1
m1xi8qm8F1o,UC0aKwoKNeqBaUwiEXmkQaGQ,2026-08-03 05:00:27,93341,2049,157,119.99,120.24,0.01,1
m1yGe542ME8,UCpcTrCXblq78GZrTUTLWeBw,2026-08-31 05:30:39,22651,119,8,120.0,120.0,0.0,0
m251nmHbb2M,UCj5Y6sl23ln9PL6OiDTL7Gg,2026-08-22 15:12:27,362,9,1,119.8,120.05,0.05,0
m26Lyq2l6xc,UC_8GOc5dWX2Kpb74_nQ7vSQ,2026-08-31 09:00:05,146080,2137,364,119.76,120.01,0.01,0
m2Bszc-M4nE,UC0Zl_lyMoTbroBSNv7SpGuQ,2026-08-26 08:12:11,352597,,582,119.81,120.06,0.06,1
m2JXEQ9c15Q,UCAVR6Q0YgYa8xwz8rdg9Mrg,2026-08-22 10:00:16,130788,5917,535,119.76,120.01,0.01,0
m2QP4Q5ytDQ,UCnkytUgy0CtWd06up9CjNxg,2026-08-07 15:01:54,122734,1397,478,119.97,120.22,0.03,0
e3YjUcpNmEU,UCifCesg-EUkjKyQedaB3hRg,2026-08-28 00:31:59,17981,806,6,119.98,120.23,0.02,1
e3gl7Qmcx2I,UC9vI-9WYQLXKI6n9XdXXo3g,2026-07-30 11:17:13,25927,187,20,119.97,120.22,0.03,0
e3hdrohnBtA,UCepHesz_5Lwr7qRaqjB-p1A,2026-07-17 07:00:09,36988,852,378,120.0,120.0,0.0,0
e3iffbAkijs,UCnCH3Uhv_ynhTNKEH6ekRtg,2026-08-13 08:10:45,14562,198,22,119.82,120.07,0.07,0
e3uuzdPeIHk,UC6LLMkdyses2ugPRNEXutMQ,2026-08-04 10:15:40,19947,127,23,119.99,120.24,0.01,1
e43qOI_XTnQ,UCWwbZhw5M-Q5dZtTK4nDWNw,2026-07-24 09:00:33,13741,269,48,119.99,120.24,0.01,0
e4Ao04ES7mk,UCV7WE8I_UiAN0fa6Arezx_w,2026-08-19 11:00:26,43,0,0,120.0,120.0,0.0,0
e4_FkUVQLtw,UCt8CJiye87FMbEwt0npPMuQ,2026-07-30 13:00:08,3063,122,15,120.0,120.0,0.0,0
e4uwTA4TkNo,UCPsZX-D7LW99PjZLA-UysPQ,2026-07-28 09:00:32,2753,43,18,119.99,120.24,0.01,0
e4vOqLIrzkg,UCMswODzU1ZjjrLyUk7NfwPA,2026-08-07 10:53:42,23196,527,13,119.86,120.11,0.11,0
e4yagxyb4WA,UCZNTsLA6t6bRoj-5QRmqt_w,2026-07-26 17:00:00,39197,1424,24,120.0,120.0,0.0,0
e5EMuliLiA4,UCl402YYy7RcH7PBI3npmGPQ,2026-08-10 03:00:15,192585,1238,190,120.0,120.0,0.0,0
e5NcoODQg0s,UCab17MxxnFtAhGsJVTkSkCg,2026-07-24 07:20:11,331,6,0,119.92,120.17,0.08,0
e5Wm2BI_qIE,UC60HSePkZwGFzRj6VSDa6Ew,2026-07-28 15:38:42,10906,135,12,119.86,120.11,0.11,0
e5a-TeemQAI,UCUt2AEhC-OOC2EPCzj4DkCw,2026-07-31 23:00:36,30556,622,12,119.99,120.24,0.01,1
e5fxGoS9_4E,UCoH2pCzAr6zWDG-LtUiLWRw,2026-07-11 23:00:16,89410,1014,116,120.0,120.0,0.0,0
e5oDJa_BM3U,UCw1DsweY9b2AKGjV4kGJP1A,2026-07-12 11:15:09,217815,2868,63,120.0,120.0,0.0,1
e5rnUUMAgjc,UCuCmLrNT5MbpqfrSSKHqTug,2026-08-09 03:00:35,30016,34,6,119.99,120.24,0.01,1
e61KIjOHtvI,UCN5oT4zGJX-_H6pE5isAEeg,2026-08-27 10:48:37,114809,707,64,119.95,120.2,0.05,0
e61MfUOSkRU,UCw1DsweY9b2AKGjV4kGJP1A,2026-08-07 09:59:09,131774,805,137,119.77,120.02,0.02,0
e64fFnvyjg8,UCYTQCmuFcacJJ_Tad20qqEw,2026-08-15 16:14:53,34892,1935,71,119.76,120.01,0.01,0
e67W7-ZyMqI,UCdb5lyq0tWbY3jqH35SufmA,2026-08-07 22:30:19,55128,221,34,120.0,120.0,0.0,0
e6OLy2wvHvw,UCV6mNrW8CrmWtcxWfQXy11g,2026-08-21 21:59:45,417365,18878,1845,119.76,120.02,0.02,0
e6TzbfhJkRo,UCWwbZhw5M-Q5dZtTK4nDWNw,2026-08-24 09:00:24,11183,126,20,120.0,120.0,0.0,0
e6UkAXdgFW8,UCq0fwcojiA7ztN0FgTEgfXA,2026-08-29 07:47:57,65,0,0,119.97,120.22,0.03,0
e6a6lppWZkQ,UCpcTrCXblq78GZrTUTLWeBw,2026-07-20 00:40:30,1281676,10032,713,119.83,120.08,0.08,1
e6pBBC-Feq4,UCQJuZxeDv2P05YHcC-tIEVQ,2026-07-18 08:00:14,11266,129,20,120.0,120.0,0.0,0
e6tw3DTnL_E,UClHTjLVog7CkRF8tYJuNXXQ,2026-07-30 23:33:02,300,12,0,119.95,120.2,0.05,0
e6wZHGRPWDA,UCby0vMKcLR05ZdS90aZd5og,2026-08-30 09:10:25,4345,7,3,119.84,120.09,0.09,1
e794DQcZOaA,UCAl4HWznMn7KhKBRFO5eiFA,2026-07-26 12:20:09,10730,66,2,119.92,120.17,0.08,1
e7I9Lbxh0Zo,UCoSniqkitCpxlHrQd5L8A1w,2026-08-05 21:24:58,17167,122,3,119.84,120.09,0.09,1
e7S2WwR6p0c,UCi_lv3g-CPdKF6nd68lvN3A,2026-07-30 12:39:42,41,2,0,119.84,120.09,0.09,0
e7d0fSapfz0,UCYooECrv-fIXlPaDwEIaveA,2026-07-31 09:00:27,43388,735,10,120.0,120.0,0.0,1
e7uQusRxXPw,UCEg24oF81p-THPtp3otdmTA,2026-08-05 09:12:05,157441,4088,105,119.8,120.05,0.05,1
e7vC2gk854Q,UCby0vMKcLR05ZdS90aZd5og,2026-07-24 04:11:09,2620,2,0,119.82,120.07,0.07,1
e8MX1Bm6e-8,UCZudBEEhIf6i8XIZZn3QDvA,2026-07-12 11:52:12,21898,629,14,119.88,120.13,0.12,0
e8SDh8ZIDQc,UCI3DTtB-a3fJPjKtQ5kYHfA,2026-08-28 01:30:10,6143,18,1,119.76,120.01,0.01,0
e8kV2lnH9tE,UC543-TDm6IvHHZXwdSFioMw,2026-08-22 11:30:09,25919,67,3,119.76,120.01,0.01,1
e8vHxBIKpT0,UCPGl9DV2WUgaqGVXtVrhJWQ,2026-08-11 15:00:21,1,0,0,120.0,120.0,0.0,0
e9NBkayDmmE,UCePo3etp2PDhGSvdKwz2fwQ,2026-08-24 11:00:19,370,1,1,120.0,120.0,0.0,1
e9QtEzZXMyY,UCPGl9DV2WUgaqGVXtVrhJWQ,2026-08-15 01:55:18,7,0,0,119.83,120.08,0.08,0
e9YxjU8wJSM,UCpnnUKmAQKgVinEV-lV-N2g,2026-08-21 08:25:57,381311,4316,399,119.83,120.08,0.08,0
e9mMKJ_j7q0,UCIH7bdyhaJ0nD7jIcgqmQbQ,2026-08-26 08:00:12,36439,497,15,119.76,120.01,0.01,1
e9qNaO5abvU,UCUt2AEhC-OOC2EPCzj4DkCw,2026-08-19 07:00:20,7050,98,13,119.76,120.01,0.01,0
e9rFLS9maI8,UCGW76VChAJKee9kYzvyoycQ,2026-07-10 09:00:26,3328,79,16,119.76,123.61,0.24,0
e9u7bi_zWvI,UCMbyslGswEPuiNp9yoY_O9w,2026-08-19 16:01:45,36760,456,26,119.98,120.23,0.02,1
eA5aOS03Fa0,UCo33r3SAf5z9MS-lrXV2aOQ,2026-08-15 08:00:26,71826,588,45,120.0,120.0,0.0,0
eAAu0M7TK-A,UCSfhr4gDPFsKuwdmTOWp2jw,2026-07-22 09:35:21,27,2,0,119.91,120.16,0.09,0
eAB4bTKrPSk,UCAl4HWznMn7KhKBRFO5eiFA,2026-07-23 13:20:01,22241,145,14,119.92,120.17,0.08,1
eAqwUCFbvJs,UCq6bX1rAJqwt3LmYuHrDPqg,2026-08-02 20:39:48,6894,12,0,119.84,120.09,0.09,0
eB6z6YMqoRc,UCvuc6-wCcCeDrQ9dA52pBBQ,2026-08-31 13:15:23,11080,29,25,119.76,120.01,0.01,0
eB7FNVl1Qqc,UC-RSOd_ovGyOwJzUXKdHfUQ,2026-08-12 04:09:36,10,0,0,119.84,120.09,0.09,1
eBDoyTwDBx8,UCD9tj7ATjYkyPyWXK_ewNXQ,2026-08-06 14:27:19,118,5,1,119.8,120.05,0.05,0
eBNamYyZ0mI,UCq6bX1rAJqwt3LmYuHrDPqg,2026-08-25 19:38:30,6834,9,0,119.87,120.12,0.12,0
eBRMp_1ZwGM,UC2yOBpLVwB7kzt9C5ZPbB7w,2026-07-28 04:00:35,40785,637,9,119.99,120.24,0.01,1
eBbBmdoFmSM,UCbItyvYa6cqvqtwlU2E9-wA,2026-08-24 01:00:06,4129,256,17,119.76,120.01,0.01,0
eC-dnV6Wv_E,UCD8r5Jgns2V64-NcUmXclpg,2026-08-04 03:15:38,51653,324,44,119.99,120.24,0.01,0
eCFzuWwbdrk,UCZCZHg_oJiHcrcj2vaPRCag,2026-08-07 09:00:31,546,0,0,120.0,120.0,0.0,0
eCKiE_1J5HQ,UCpI-AhCT02iQRGLC2ZcY0Jw,2026-07-30 01:00:33,25189,390,231,119.99,120.24,0.01,0
eCVECicyFqE,UC4oe-OVZ2Ho-03yrMkrXomQ,2026-08-25 07:00:04,322218,4974,145,119.76,120.01,0.01,1
eCg3wxFJ1Ec,UCV7WE8I_UiAN0fa6Arezx_w,2026-08-30 02:00:10,755,0,0,119.76,120.01,0.01,0
eCw1X1Liubs,UCifCesg-EUkjKyQedaB3hRg,2026-08-02 03:27:07,51122,1024,22,119.8,120.05,0.05,1
eCwX4we-jd0,UC-2wa6jvprl7hfCpvw0ULzg,2026-08-19 08:00:17,26776,737,165,119.75,120.01,0.01,1
eCxRDRsV6lg,UCv1tOT645xHOJrwdGlzjMaA,2026-07-31 10:55:20,25547,253,38,119.83,120.08,0.08,0
eDBeL5oKOe8,UCjsqgRBvkn8XadWraSQxTKQ,2026-08-12 14:45:28,194,1,0,119.99,120.25,0.01,0
eDEawuPAEAY,UCybfHuHkJRzGDymek2Dsqvw,2026-07-25 22:00:28,33153,558,322,119.99,120.24,0.01,0
eDYLnrSKEyQ,UCFrKhWvZ8oeJQTNP5ZabgJw,2026-07-30 02:45:23,142121,961,118,120.0,120.0,0.0,1
eDcTEVVO5-4,UCZaNYFjF_SRRJPVuGX7yMjQ,2026-07-16 12:57:31,20,0,0,119.79,120.04,0.04,0
eDdUi59fNoQ,UCD8r5Jgns2V64-NcUmXclpg,2026-07-30 03:15:09,60066,333,53,120.0,120.0,0.0,0
eDk-sw3xfGs,UCXAXCxTCCYYKsLJNzEvjqfw,2026-07-15 00:23:34,22306,464,44,119.86,120.11,0.11,0
eDqCB_ey_eo,UCBidluUUxzT_5jVOI_2x2MQ,2026-08-02 03:00:36,2326,6,0,119.99,120.24,0.01,1
eE8ub2C4n7E,UCDLDbittWhk2KXvaCT0YpZQ,2026-07-27 06:38:31,68520,2569,94,119.86,120.11,0.11,1
eEEtHIJBllg,UC9vz3TBChrJmYbzUo-rqfSg,2026-08-01 01:21:33,72632,832,355,119.89,120.14,0.11,0
eEZ2zGb56WI,UCPuD5ZRQWa_JCaY5NokNhtg,2026-08-16 14:36:45,475,8,5,119.89,120.14,0.11,0
eEkmhMOO9ts,UCV6mNrW8CrmWtcxWfQXy11g,2026-08-31 11:00:36,93595,5968,770,120.0,120.0,0.0,1
eEmDEuVPb7s,UCPv0av3PfTUeTnHGgcXkk8w,2026-07-14 14:58:07,6,0,0,119.78,120.03,0.03,0
eF1zVcYCs-g,UCW_Ptq0v8ck67w9oKiwXz2g,2026-07-23 08:53:53,108,2,0,119.85,120.11,0.11,0
eF2k6U24dOI,UCS7gEaMmBPAaI8dHNnrSofg,2026-08-07 09:02:35,45039,,37,119.96,120.21,0.04,0
eF7_E5wzvIc,UCbFLnCfOet-u_kFyA7uX-9Q,2026-08-25 08:02:02,20808,357,79,119.98,120.23,0.02,0
eFMJvdo_H5E,UCnju7ULBic4VgkCfDvVXCnA,2026-08-09 18:44:14,4265,97,0,119.77,120.02,0.02,0
goBmCJ7EPck,UCqI5lyTpC79pOy2D-VXAMdA,2026-07-17 14:30:14,49510,326,118,120.0,120.0,0.0,0
goJePklxrO0,UCNZiNM2pP6uhIlTQVS2Q5fA,2026-08-05 09:00:31,128676,1904,78,119.99,120.24,0.01,1
goUrfRl8QFs,UCg5Ew4lj74r_ohbc4AeQj1w,2026-08-18 09:00:12,32458,1426,52,119.76,120.01,0.01,1
goXs2yOz-2A,UCijUV3SuVe_qErzBpdOmKIA,2026-08-19 10:30:23,2037,37,30,120.0,120.0,0.0,0
goYpw_dPNJY,UC2yOBpLVwB7kzt9C5ZPbB7w,2026-08-10 12:00:19,141114,1889,213,120.0,120.0,0.0,1
goZ873kZ7Fk,UCZCZHg_oJiHcrcj2vaPRCag,2026-08-29 19:30:50,309,0,0,120.0,120.0,0.0,0
gohrmhiqa2U,UCarBV0zWlC2k-HteyeKqfag,2026-08-15 16:53:24,16083,118,0,119.61,120.11,0.11,0
gosi_STL-Zc,UCq6bX1rAJqwt3LmYuHrDPqg,2026-08-27 18:23:55,37946,33,0,119.86,120.11,0.11,0
govxkGx4Ma0,UCt8CJiye87FMbEwt0npPMuQ,2026-08-28 16:30:15,89704,596,30,119.76,120.01,0.01,1
gpFBY-ldzLQ,UCyEIUlSKbzCt3ElAsPFb7EQ,2026-08-28 18:15:02,24346,43,5,119.76,120.01,0.01,1
gpqLy0sWZWo,UCEcRvF_6IRSux8FO-ogFZug,2026-08-21 16:53:27,7513,477,22,119.87,120.12,0.12,0
gpvKe_lY1hM,UCvPGGL-OTEAQlwAUxbcJO8g,2026-07-31 09:32:41,228785,2471,292,119.96,120.21,0.04,0
gq9dsvN16TU,UCo77zdYpvhgUsdP0Z0vmz2g,2026-08-23 14:27:14,2038,23,13,119.81,120.06,0.06,0
gqD88J0WLzQ,UCgvtwZJPhSfbKOxh3EoVXng,2026-08-29 19:37:01,76,2,2,119.89,120.14,0.11,0
gqErVbYXOUM,UCV7WE8I_UiAN0fa6Arezx_w,2026-08-20 10:00:17,66,0,0,120.0,120.0,0.0,0
gqRfCrx0UFE,UCV6mNrW8CrmWtcxWfQXy11g,2026-07-26 16:00:30,87024,2615,40,119.99,120.24,0.01,1
gq_2-NJXCVw,UCyaMGpNb-UiLHMY833ai7IQ,2026-07-25 18:59:34,452,3,0,119.76,120.01,0.01,0
gqb3mcTy0bc,UCAaLhok91QDrweyuDRsmjqQ,2026-07-18 12:07:28,248118,1659,164,119.88,120.13,0.12,0
gqkrQmYOh6A,UCt8CJiye87FMbEwt0npPMuQ,2026-08-23 15:45:15,8005,275,51,119.76,120.01,0.01,0
gr21W7oLbNY,UCJ_skdHPp19J9qGsgXxjMnA,2026-08-26 07:48:35,2809,74,12,119.95,120.2,0.05,1
gr4ZmMjR6MM,UC6NXJtCn3p-actkvBUlHwDA,2026-08-22 01:47:24,16730,109,6,119.97,120.22,0.03,0
grAolAHRoRk,UCsYhDrv21N78Yt5wCQL_soA,2026-08-04 01:00:26,26099,263,5,120.0,120.0,0.0,1
grGLNgdoixs,UC8rbhIem-3aAsNXhTDI-nSA,2026-08-26 22:16:00,165416,2269,148,119.99,120.24,0.01,0
grXlzZ55NV4,UCL3ooD3l7KEqb85EBZSEkZQ,2026-08-02 09:45:03,18759,206,47,120.0,120.0,0.0,0
grYRP65W6H8,UCoovEJW0dyTWwHiblWDWvyQ,2026-08-23 00:30:24,28530,375,66,119.75,120.01,0.01,0
gr_nwcB_1WM,UCCvEN8bTeF8Z2jcN513T1Gg,2026-08-26 08:00:13,125438,65,8,119.76,120.01,0.01,0
grqFAnvh_vU,UCifCesg-EUkjKyQedaB3hRg,2026-07-24 23:29:09,5356,77,4,119.77,120.02,0.02,0
gs0xZD-YtgU,UCbFzvzDu17eDZ3RIeaLRswQ,2026-08-13 12:00:03,473491,5019,597,120.0,120.0,0.0,0
gs2dqeW7h2A,UCZ6mNZTiTUrUSbSYPlclI4A,2026-08-03 12:15:33,21969,731,11,119.99,120.24,0.01,1
gs3ey6J57JA,UCQJuZxeDv2P05YHcC-tIEVQ,2026-08-12 08:00:08,15002,244,24,120.0,120.0,0.0,0
gsZQd3y4scY,UCyoSQyaCrZHro6F_nBiXIYg,2026-07-19 06:02:19,167440,1187,184,119.96,120.21,0.04,0
gsp9kBW0IFo,UCvagJYsZ_uvB3jJoNwuimZQ,2026-07-30 13:47:15,2609,3,0,119.97,120.22,0.03,0
gszb30yLl54,UCU0-6z_KU9AShyR9J6gcFGw,2026-08-11 00:51:20,257,3,0,119.9,120.15,0.1,0
gtE0AXiVeMU,UCby0vMKcLR05ZdS90aZd5og,2026-07-12 14:13:09,18965,11,4,119.78,120.03,0.03,1
gtN724emXoQ,UCp6n8d8Y8r3MwKNw_MMaouQ,2026-07-22 22:23:42,7015,88,9,119.86,120.11,0.11,0
gtQ6VEWKF3M,UCdK9h1ILxS49c2LguBUY3rw,2026-08-13 12:00:36,2,2,0,119.99,120.24,0.01,0
gtYE_lVIW2g,UCY_vDlvG-BTDRIOk_I9QQ6g,2026-08-09 13:17:14,1453,19,3,119.97,120.21,0.03,0
gtYyFJ-_D7w,UCEg24oF81p-THPtp3otdmTA,2026-08-12 08:30:11,63102,1340,139,120.0,120.0,0.0,0
gtlGVsKKLXM,UCvAetSOU_4lyjM5hVMNzN0Q,2026-07-18 16:40:11,27849,258,22,119.83,120.08,0.08,1
gtv1_7snxdw,UCCiKOocVSjyb2rsbL_Aanhw,2026-08-27 10:06:35,27515,67,93,119.9,120.15,0.1,0
guC5-1gOfAw,UC4VWaR3R17Ruc7j1Cy1-PKQ,2026-08-30 10:49:38,256,1,0,119.94,120.19,0.06,0
gumfEuCxbr4,UCq6bX1rAJqwt3LmYuHrDPqg,2026-08-14 07:43:41,76974,426,112,119.77,120.02,0.02,0
gvBKhZSo0Bg,UCqVkQsNin4MdGFrWvzFVOKw,2026-08-05 15:36:00,19287,564,1,119.9,120.15,0.1,0
gvBaSyAka_s,UCtjBNJ4UbuWGLe-415urMOw,2026-07-27 03:00:02,63531,1232,70,120.0,120.0,0.0,0
gvIbVeBCiN0,UCrY2B2XX41ReYh9DIWrFfCg,2026-08-14 11:27:27,2262,,2,119.8,120.05,0.05,0
gvWaPlDE6_U,UCPGl9DV2WUgaqGVXtVrhJWQ,2026-08-12 10:28:25,23,0,0,119.78,120.03,0.03,0
gvgOFxts2bY,UCGfi102cvQxv_9uXMwiB9eg,2026-08-01 08:13:33,980,9,1,119.78,120.03,0.03,1
gvnz-KfzaTs,UCt8CJiye87FMbEwt0npPMuQ,2026-08-04 16:30:23,5726,228,20,120.0,120.0,0.0,1
gvo6eFbziQg,UC5RxNUZ9_c94ZEfJGnJZmTw,2026-08-21 12:00:18,3055,101,27,119.76,120.01,0.01,0
gw-vhdqAcSg,UCzSODDx0zQF3nxXOZISCm_w,2026-08-17 13:30:04,283,3,0,120.0,120.0,0.0,1
gwVZ6lUS0Lo,UCyAA-Vj4ORjXl5Ui2m6_Llw,2026-07-21 09:00:09,3545,21,10,120.0,120.0,0.0,0
gwcGfWOiFmc,UCt8CJiye87FMbEwt0npPMuQ,2026-08-20 12:15:38,2832,115,7,119.99,120.25,0.01,1
gweg66RmXyw,UC4VWaR3R17Ruc7j1Cy1-PKQ,2026-08-25 02:37:18,211,0,0,119.89,120.14,0.11,0
gwfsm-yiJYI,UCVZI7eLie2UlZph6aiBRNrw,2026-08-30 10:00:27,211531,665,152,119.76,120.01,0.01,0
gwhkczEXSJI,UCcstDLbuhxEbFKkPZ6wST2A,2026-08-02 09:00:16,18493,85,68,120.0,120.0,0.0,0
gwn4KyBIugY,UCgLFbrC7-g0ihBKB0obVPTg,2026-08-22 11:17:03,123,8,0,119.98,120.23,0.02,0
gwvp_RL9z8A,UCjBPx2oip2bKnnfqKyas0ew,2026-07-27 07:15:14,2711,145,35,120.0,120.0,0.0,0
gwwMSTn8KvA,UC4VWaR3R17Ruc7j1Cy1-PKQ,2026-07-18 11:20:34,276,10,5,119.91,120.16,0.09,0
gx8YrWNJ5Tw,UCE8JC9RAVSudDT_8Ji1fuPQ,2026-07-11 08:45:25,67280,837,90,119.99,120.24,0.01,1
gxE2a4BWH8g,UCv1tOT645xHOJrwdGlzjMaA,2026-08-16 11:22:59,42132,676,20,119.87,120.12,0.12,1
gxR9ZRMrGSA,UC1Il94cQwl93Zun8ax1Qjlw,2026-08-22 19:22:04,289,7,0,119.89,120.14,0.11,0
gxUjYk9NAQs,UCDGbm9jZgqNeMWyK4j-Kduw,2026-08-22 03:00:08,1183,,1,119.76,120.01,0.01,1
gxbIZeGyD2Y,UC4P7F8qenDo1O_5NvgBb_cg,2026-08-25 02:45:14,99920,974,142,119.76,120.01,0.01,0
gy-4c-DYIUA,UCkd3KAYGnTNPJZZrPOFeWhA,2026-08-17 12:00:05,42199,107,14,120.0,120.0,0.0,1
gy4TriXaHBg,UCG7IjFUQzAxx060OjBXOveA,2026-08-19 06:00:28,7529,214,39,119.75,120.01,0.01,0
gy63ykCUhKM,UC8IxyKkhu4YUYK_c76AdcDw,2026-07-28 13:49:00,5822,43,16,119.94,120.19,0.06,0
gy8vhI8XquM,UC3pTpoDKt17IrCDH60kSNPA,2026-08-06 04:44:09,614,23,8,119.77,120.02,0.02,0
gyOaMIJlu8s,UC783XWULPW-nDGv_0EYlB6Q,2026-08-27 08:30:32,85927,850,108,120.0,120.0,0.0,0
gySXb5Eds6g,UCF5RrlbsxJjAVLWgOCoNHMg,2026-08-27 22:00:20,652150,8802,700,119.76,120.01,0.01,0
gybpYEGGJVU,UCnCH3Uhv_ynhTNKEH6ekRtg,2026-08-19 05:19:43,8575,121,17,119.93,120.18,0.07,0
gykz_wP7yxs,UCIvLQ5lZ2kebqnLaGv_FP4w,2026-08-11 17:11:41,1279,6,0,119.81,120.06,0.06,0
gymHuFtyTlU,UCdvY3MgO_BGrNbhbmxQC73Q,2026-08-29 13:41:02,17172,346,81,119.83,120.08,0.08,0
gysqYIoJwbE,UCqjUPx-UAFHVvthd71bY7_g,2026-08-08 02:12:40,3446,19,20,119.79,120.04,0.04,0
gz1zhe6Wq1E,UC3RzmV2LX3AmWhZVx0A7u0A,2026-08-15 07:00:33,125155,2825,138,119.99,120.24,0.01,0
gz6f0wgFmZM,UCgyDKBTgkBfa8jWrBb8Npig,2026-07-28 02:37:52,1184,4,1,119.87,120.12,0.12,1
gzGBcaiLM1w,UCoyVYO3ryoMdSCbGOL09Czg,2026-08-26 00:50:12,2574,14,0,119.92,120.18,0.08,0
gzeneILfSpM,UCoSniqkitCpxlHrQd5L8A1w,2026-08-05 17:50:59,1880,18,7,119.9,120.15,0.1,0
gztjgIpX8kQ,UCkrJBQAut47U8xMUuv8D_3g,2026-07-10 09:46:15,21126,1008,55,118.99,122.85,1.01,1
gzu1v1HVhmE,UCUbOogiD-4PKDqaJfSOTC0g,2026-07-26 12:45:32,712518,2915,35,119.99,120.24,0.01,1
gzxc0Q3s2fM,UCPuD5ZRQWa_JCaY5NokNhtg,2026-08-28 13:58:28,5985,32,9,119.79,120.04,0.04,0
h--b_9dK6_o,UCJDXc9JWCZo-nLNKr_-L2Ng,2026-07-27 14:15:36,2439,106,8,119.99,120.24,0.01,0
jRP3LYWR-1s,UC6oq8RPEH1BmtyldQgXVbJw,2026-08-11 13:02:50,11017,60,11,119.96,120.21,0.04,1
jRWXcb_boZg,UCkNUuK9EfixaK2HbJYZ5YrQ,2026-07-23 07:03:50,1491,45,15,119.94,120.19,0.06,0
jReGErcy3TU,UCFJAOgvqcc3fPqdu7fTl-zA,2026-08-27 19:00:29,5688,116,4,120.0,120.0,0.0,1
jRhoM4EVDsk,UCZaNYFjF_SRRJPVuGX7yMjQ,2026-07-19 11:23:29,31,2,0,119.86,120.11,0.11,0
jRovVLxsIjU,UCpcTrCXblq78GZrTUTLWeBw,2026-07-15 02:30:25,148093,2060,388,119.99,120.24,0.01,0
jRxjrAcC2Ko,UCjOtzpfj5lF9erwTEQYkxtQ,2026-07-27 03:00:22,44508,969,97,120.0,120.0,0.0,0
jRxzPjyDX8U,UCAGUSx1hbPKDqzBZH7bTjiA,2026-08-03 09:00:36,55414,940,58,119.99,120.24,0.01,0
jRyW0rAMrZw,UCp6n8d8Y8r3MwKNw_MMaouQ,2026-08-14 20:32:04,1932,29,5,119.97,120.22,0.03,0
jS0e-sPSXu0,UCEJF0q0SqEJ64uA9LCXuSrQ,2026-08-14 08:30:01,2546,79,43,120.0,120.0,0.0,1
jSm_CKMtIIU,UCby0vMKcLR05ZdS90aZd5og,2026-08-03 02:57:56,1879,2,0,119.79,120.04,0.04,1
jSo9v4ulLpk,UC-okJdotaXPlzivRzHFqzuA,2026-08-01 02:59:28,30718,416,37,119.76,120.01,0.01,0
jStVZJ3625E,UC0FUMakBJHsRrfKCGQuWnRA,2026-08-30 19:36:52,55063,357,136,119.9,120.15,0.1,0
jSvAYaV_-CA,UC9nWoDbRAl3-fvreBNeStKQ,2026-08-29 17:04:03,18871,41,2,119.95,120.2,0.05,0
jSzDb_nKNak,UCt8CJiye87FMbEwt0npPMuQ,2026-08-05 15:00:20,3157,116,8,120.0,120.0,0.0,0
jT4EE5o5AOM,UCcZLS3cRPf6ObjvKuPM7KDw,2026-07-31 09:30:10,3523,13,3,120.0,120.0,0.0,1
jTanO2zVTeU,UCIxcZWLQpP-mUZC6_Uljc_Q,2026-08-07 14:30:13,11405,34,12,120.0,120.0,0.0,0
jTbjEH002VI,UCcstDLbuhxEbFKkPZ6wST2A,2026-07-24 09:00:27,13406,62,18,120.0,120.0,0.0,0
jTnoRO2TTao,UCElXDMEQqlUnuyDbChjARWQ,2026-08-16 03:01:03,280,2,0,119.99,120.23,0.01,1
jTuZlaEXlUo,UCVZ0SJNurJAv-6hV5VEGB2A,2026-08-23 01:00:05,39483,1180,48,119.76,120.01,0.01,1
jTzfQsFSD1c,UCgT-gb3favw2jQgwxbbwwaA,2026-08-11 11:00:54,168310,984,30,119.99,120.24,0.01,0
jU66IFlXnF8,UCV7WE8I_UiAN0fa6Arezx_w,2026-08-25 15:00:08,25,0,0,119.76,120.01,0.01,0
jUI3XBBY2Ds,UC5ScPjbt-a97AJO7SBj6nAg,2026-08-04 06:30:21,121675,2875,115,120.0,120.0,0.0,1
jUJrJXN3BqM,UCV7WE8I_UiAN0fa6Arezx_w,2026-08-11 09:00:12,66,0,0,120.0,120.0,0.0,0
jUSZBEsB3Ks,UC7SIaeUWuuIrWTIOBpayDVQ,2026-08-12 06:02:32,11267,92,74,119.96,120.21,0.04,0
jUTIGjdbDKg,UCV6mNrW8CrmWtcxWfQXy11g,2026-07-25 06:00:07,262498,9598,67,120.0,120.0,0.0,1
jUUNR3Jza1E,UC5ScPjbt-a97AJO7SBj6nAg,2026-08-14 08:02:57,112851,2844,79,119.95,120.21,0.05,1
jU_RxyFrEOg,UCPGl9DV2WUgaqGVXtVrhJWQ,2026-07-10 13:56:10,1,0,0,119.81,120.07,0.07,0
jUaTmL7tVP0,UCV7WE8I_UiAN0fa6Arezx_w,2026-08-22 21:00:35,31,0,0,120.0,120.0,0.0,0
jUbS3GC5bGg,UCBmAvrPyyiohq552LjQvPww,2026-08-17 09:15:04,2666,46,5,120.0,120.0,0.0,1
jUrl81c7jGk,UC9vI-9WYQLXKI6n9XdXXo3g,2026-08-16 06:00:37,23958,146,10,119.99,120.24,0.01,1
jUxgH8fWkG8,UCQJuZxeDv2P05YHcC-tIEVQ,2026-08-14 08:00:07,21249,281,63,120.0,120.0,0.0,0
jUxvrKt4Xhw,UC60HSePkZwGFzRj6VSDa6Ew,2026-08-11 10:08:45,4672,82,66,119.86,120.11,0.11,0
jV04Z0xvh9I,UCNpcMizRJ73OJm48LszuytQ,2026-08-27 08:00:31,18018,686,15,120.0,120.0,0.0,1
jV634OIsbm0,UCw1DsweY9b2AKGjV4kGJP1A,2026-08-17 08:02:14,165118,564,441,119.97,120.22,0.03,0
jV84XuU7h7o,UCos3GN2gX0wLcfuhOAiMotQ,2026-07-29 14:00:08,175544,2457,43,120.0,120.0,0.0,1
jV8Yi6ZnVDA,UCPGl9DV2WUgaqGVXtVrhJWQ,2026-08-12 15:00:24,32,1,0,120.0,120.0,0.0,0
jVCdP4-eevU,UCv1tOT645xHOJrwdGlzjMaA,2026-08-26 10:25:13,43964,608,23,119.84,120.09,0.09,1
jVFVjcTZdR8,UCW_Ptq0v8ck67w9oKiwXz2g,2026-07-26 08:11:38,338,2,0,119.81,120.06,0.06,1
jVURiv6dl1s,UC8rbhIem-3aAsNXhTDI-nSA,2026-08-30 03:00:09,626661,6558,684,119.76,120.02,0.02,0
jVx0P9elg-w,UCYsRymb9vAsOOLBy-Wo1kRg,2026-08-25 09:02:12,1309,16,3,119.98,120.22,0.02,0
jW36EVL_uNQ,UC9qwDE50UcXvdplRNZKEoPA,2026-08-12 11:38:10,16092,191,40,119.87,120.12,0.12,0
jW4grYvDfds,UCOTJtP0Z9DjpPU43B5m1V6A,2026-08-09 14:46:18,72496,653,12,119.98,120.23,0.02,0
jWqxD5u5-qw,UCT807kAu6fmwES8B5698e2w,2026-08-24 08:00:32,37693,3797,193,120.0,120.0,0.0,1
jWz2JIHHsvg,UCab17MxxnFtAhGsJVTkSkCg,2026-07-29 09:25:33,935,23,1,119.83,120.08,0.08,0
jX82_7DGrnI,UCJDXc9JWCZo-nLNKr_-L2Ng,2026-08-30 18:00:09,2631,97,7,119.76,120.01,0.01,0
jXahdlY04uU,UC7wosSPUA3os3b3-RMZZe6g,2026-08-15 09:51:24,3678,33,6,119.9,120.15,0.1,1
jXhQxpUFS_Q,UCgyDKBTgkBfa8jWrBb8Npig,2026-07-22 05:01:30,33,1,1,119.98,120.23,0.02,0
jXpoYpbr1pU,UCpcTrCXblq78GZrTUTLWeBw,2026-07-18 19:47:18,661946,5165,51,119.96,120.21,0.04,1
jY0uDMKlBd0,UCp6n8d8Y8r3MwKNw_MMaouQ,2026-07-26 20:03:15,215760,2127,12,119.95,120.2,0.05,0
jY2pToE50FI,UC-pobd8lZE33BSDz-iyHfJQ,2026-08-10 00:56:23,1587,22,0,119.81,120.06,0.06,0
jYVd9_O-VYU,UC-yb5eNBQyXBE9nZnht9u-g,2026-08-06 09:05:18,6873,305,13,119.91,120.16,0.09,1
jYaPAObid-Y,UC-yb5eNBQyXBE9nZnht9u-g,2026-08-09 11:10:05,5798,90,4,119.83,120.08,0.08,1
jYfFHy-wMDs,UCT-UsvGz4gm7lezXvCEex9A,2026-07-22 08:00:33,292,12,8,120.0,120.0,0.0,0
jYpXBxITNlI,UC4oe-OVZ2Ho-03yrMkrXomQ,2026-07-16 04:30:37,104400,1920,75,119.99,120.24,0.01,1
jYy_X8NWxHA,UCuXE-MdbuaZcPt_2J2kSsSQ,2026-07-11 03:20:18,768,12,1,119.91,120.16,0.09,1
jZF1jHUyNVU,UCRq3CDTZ2qe3HiHrZdQKBvQ,2026-08-26 10:00:05,329,4,1,119.76,120.01,0.01,0
jZHlCtGq-BQ,UC3ozN5tHi449NhCDE6Xtmwg,2026-08-20 03:49:32,106606,757,14,119.93,120.18,0.07,1
jZZYBY-RQfY,UCpn9dP1b5BhBsU9SduEz1hA,2026-08-19 16:45:32,19256,284,28,120.0,120.0,0.0,1
jZcsaj_OM38,UC2yOBpLVwB7kzt9C5ZPbB7w,2026-07-22 20:00:02,103871,1485,20,120.0,120.0,0.0,1
jZgRVrjdtLE,UC6JB_a6rD1lZ_aZgQvORfrQ,2026-08-26 21:53:45,929,31,1,119.87,120.12,0.12,0
jZj3kmGj1fk,UCZCZHg_oJiHcrcj2vaPRCag,2026-08-14 10:15:21,105,0,0,120.0,120.0,0.0,0
jZmrppJrdWo,UCnkytUgy0CtWd06up9CjNxg,2026-08-13 11:00:09,598686,16588,288,120.0,120.0,0.0,1
jZqRETgXTl8,UCV7WE8I_UiAN0fa6Arezx_w,2026-08-29 01:00:21,161,4,0,119.76,120.01,0.01,0
jZzw0TPOA0g,UCab17MxxnFtAhGsJVTkSkCg,2026-07-29 13:09:35,1760,37,2,119.84,120.09,0.09,0
j_-X8PuuH3Q,UCBo7GIv99qTzHaa6ip09YLA,2026-08-19 08:30:06,3674,18,4,119.76,120.01,0.01,0
j_3y5RG5VHw,UCt8CJiye87FMbEwt0npPMuQ,2026-07-16 20:16:35,1331,33,2,119.97,120.22,0.03,1
j_7J1ApWZik,UCyoSQyaCrZHro6F_nBiXIYg,2026-07-18 15:46:30,167681,1150,312,119.98,120.23,0.02,0
j_Te6FFnS8k,UCdZrsVZ3QolU1TWFaDgN2ww,2026-08-27 16:10:55,0,0,0,119.83,120.08,0.08,0
j__MUJTquJw,UC1dHu9GhbHH7RcHKyJdaOvA,2026-08-02 11:05:11,190303,690,209,119.92,120.17,0.08,0
j_dP-tljngU,UCV7WE8I_UiAN0fa6Arezx_w,2026-08-19 16:00:24,50,0,0,120.0,120.0,0.0,0
j_oFx6ta6vM,UClHTjLVog7CkRF8tYJuNXXQ,2026-08-30 13:00:09,439,13,1,119.76,120.01,0.01,0
jaApk_FlTm4,UCw-JzmPsjRcbzJLncr4pIIA,2026-07-29 12:45:28,130369,1961,173,120.0,120.0,0.0,0
jaEErJYkwiY,UCzDmGDR5RdahQkLCBoWlTEg,2026-08-06 09:00:38,3281,17,0,119.99,120.24,0.01,1
jaMz_kQU9cI,UCKVt3arMXfa6XZezR1UnjqQ,2026-08-16 09:00:16,7783,75,4,120.0,120.0,0.0,0
jaOBYegrZ54,UCZNTsLA6t6bRoj-5QRmqt_w,2026-08-04 17:00:01,14729,675,11,120.0,120.0,0.0,0
jaP9JwTeuz0,UCirJgPv8RtFaFMj39b6cD8Q,2026-08-27 09:00:33,21203,178,1,120.0,120.0,0.0,1
jaVXB497_tY,UCzVXdulvpgEoI8yuFMmhxJw,2026-08-20 10:48:41,5624,229,60,119.95,120.19,0.05,0
ja_DRPTpXpI,UC8CX0LD98EDXl4UYX1MDCXg,2026-08-17 13:00:21,96622,5934,236,120.0,120.0,0.0,1
jalvdPtxZzs,UCuCmLrNT5MbpqfrSSKHqTug,2026-08-21 14:12:38,13860,172,27,119.8,120.05,0.05,0
jampYSDGS40,UCnDcpS7XLQ9KFPqULb9TH8g,2026-08-06 12:53:33,125113,1457,148,119.86,120.11,0.11,0
jao_BrHJJgo,UC6NXJtCn3p-actkvBUlHwDA,2026-08-23 03:00:21,44984,829,284,119.76,120.01,0.01,0
m2YIgnjuEII,UCpcTrCXblq78GZrTUTLWeBw,2026-07-12 03:35:06,320519,1446,143,119.92,120.17,0.08,1
m2dblegAvKs,UCgLFbrC7-g0ihBKB0obVPTg,2026-08-31 00:12:00,210,1,0,119.82,120.06,0.06,0
m2fW33qm3AE,UC8a9-ubjMyQkDH9Jr8EX0JQ,2026-07-12 00:07:46,72,3,0,119.87,120.12,0.12,0
m2jWVIbBju0,UCpI-AhCT02iQRGLC2ZcY0Jw,2026-08-31 07:22:23,42948,396,218,119.89,120.14,0.11,0
m2sNpbhaHxA,UCjUnlBpn0Z1L450g79fniRg,2026-08-19 02:43:37,1036,,0,119.78,120.03,0.03,0
m3HWvwwra-4,UC78d2aaqdrt02RfmtRLmlAw,2026-07-25 19:28:42,16965,321,49,119.77,120.02,0.02,0
m3IFK93EJ1c,UCD8r5Jgns2V64-NcUmXclpg,2026-07-26 03:15:31,76897,466,48,119.99,120.24,0.01,0
m3YbRMIQc9I,UC1sELGmy5jp5fQUugmuYlXQ,2026-07-30 15:00:34,905714,47982,705,119.99,120.24,0.01,1
m3sgystfkzg,UCPsZX-D7LW99PjZLA-UysPQ,2026-08-21 00:00:08,3219,26,17,119.76,120.01,0.01,0
m3uU_astP6E,UCrY2B2XX41ReYh9DIWrFfCg,2026-07-29 11:02:51,6652,,7,119.96,120.21,0.04,1
m490jh2bX2I,UCw1DsweY9b2AKGjV4kGJP1A,2026-07-12 10:37:13,63022,195,75,119.88,120.13,0.12,0
m4F-uQpvXwM,UCab17MxxnFtAhGsJVTkSkCg,2026-08-19 05:19:46,723,15,1,119.93,120.18,0.07,0
m4fAf_rKzvc,UC7lwS-aSDzYHZJ9uWuzySwQ,2026-08-19 09:00:39,1799,7,2,120.0,120.0,0.0,1
m4liW2Lkxv4,UCpTNtH8yc1Kdl_YFfsQsTYA,2026-08-14 09:00:39,125,4,3,119.99,120.24,0.01,0
m4ossJCGDec,UCHZ9X2Nl3dq8ChEJgScmZCw,2026-08-06 11:38:01,18477,195,30,119.87,120.12,0.12,0
m5Fq4BSwyv4,UCYGF_xk5RDpltyZDSx040uw,2026-08-14 03:14:47,84579,847,15,119.76,120.01,0.01,1
m5SskLuh3Sc,UCZRH94I89Ps7giJYeK6DlWA,2026-08-30 16:00:27,274669,4803,77,119.75,120.01,0.01,1
m5dFHYvO43s,UCZCZHg_oJiHcrcj2vaPRCag,2026-08-22 15:40:47,62,0,0,119.83,120.08,0.08,0
m5lXgFs4544,UCHeg3ApmuXQbqqszaD1fR9g,2026-08-15 02:00:24,13934,208,14,120.0,120.0,0.0,1
m5nL7EqBdwI,UCKttwyzsHvW7bCo7YfTacVQ,2026-08-23 16:35:39,1128,14,0,119.92,120.17,0.08,0
m6-tRj-PpvQ,UCAl4HWznMn7KhKBRFO5eiFA,2026-08-22 12:51:18,24280,84,4,119.91,120.16,0.09,1
m67WkE7tk4c,UCBtJuwDt6LlXp2YASC-ZMdA,2026-08-15 03:00:19,1284,2,0,120.0,120.0,0.0,1
m687Igq3Acw,UC3hCAmwyYNgRuOOSFV7evVA,2026-08-08 07:12:56,33864,263,100,119.79,120.04,0.04,0
m6Cfkr-taMQ,UCiEMsnnzti6PDNi8TAlSnFw,2026-08-04 09:09:32,1044,0,0,119.84,120.09,0.09,0
m6DDG2SU3X4,UCNu00qhYj4nPeMNdxuwV6sg,2026-08-25 10:09:41,1396,36,0,119.85,120.1,0.1,0
m6KbY6w2Ipc,UCB4gIGaPUiLtpPreFSf8fKQ,2026-07-29 12:28:34,3011,43,23,119.78,120.03,0.03,0
m6RBq0u7GOM,UCdK9h1ILxS49c2LguBUY3rw,2026-08-03 22:14:33,37,2,0,119.76,120.01,0.01,0
m6jBWV606J0,UCaY7wcqhFb_c2eQ1eRB8rOQ,2026-07-26 11:00:37,96922,3358,137,119.99,120.24,0.01,1
m6nH_rB_dr0,UCV7WE8I_UiAN0fa6Arezx_w,2026-08-22 15:00:35,38,0,0,120.0,120.0,0.0,0
m7SQ__sfrLg,UCirJgPv8RtFaFMj39b6cD8Q,2026-08-21 09:00:07,9466,72,0,119.76,120.01,0.01,1
m7_qoh7LLjU,UCv1tOT645xHOJrwdGlzjMaA,2026-08-25 06:59:38,5008,91,8,119.77,120.02,0.02,0
m7ooUY0Ohvs,UCV7WE8I_UiAN0fa6Arezx_w,2026-08-22 10:00:34,18,0,0,120.0,120.0,0.0,0
m7rktvBXEg0,UC9nWoDbRAl3-fvreBNeStKQ,2026-08-08 16:43:19,5181,31,3,119.78,120.03,0.03,0
m828Fbjv5dQ,UCHJv9xBR9lkzGSIepie-T_A,2026-08-17 21:30:06,3770,65,3,120.0,120.0,0.0,0
m89hF6GML70,UCO8ToDSM2Gvt3EZdOdosxTw,2026-07-26 09:00:06,51942,837,44,120.0,120.0,0.0,1
m8cxGQGBVGg,UCb5NLtXAsTBrmaZVhyFa-Wg,2026-07-30 09:25:16,97454,641,377,119.83,120.08,0.08,0
m8yOZyXzFIQ,UCGa52d8Qlv3THghuCAt_nXA,2026-07-15 08:30:11,7325,74,20,120.0,120.0,0.0,0
m980oC4nPCI,UC_2x8h1QrTHOO0i4Yiss-ww,2026-08-01 22:00:15,69830,745,28,120.0,120.0,0.0,1
m997UCPYkUg,UCZ6mNZTiTUrUSbSYPlclI4A,2026-08-30 09:15:01,28333,390,44,119.77,120.01,0.01,1
m9B2zkAo7Hk,UCei_ecYpQqFjYhjLaDPr2Lw,2026-08-30 21:14:13,132,12,0,119.78,120.03,0.03,0
m9D3FMxe5BA,UCQhIdo5nRQY9DB3uo7vawtw,2026-07-31 09:17:06,702,12,4,119.97,120.22,0.03,0
m9MB05p8OB8,UCv1tOT645xHOJrwdGlzjMaA,2026-08-23 11:03:01,26779,562,16,119.96,120.21,0.04,1
m9aGeDTSwbY,UC_m_uqd_9s0hZvlgfvCzqbQ,2026-08-16 14:26:14,208,4,0,119.82,120.07,0.07,1
m9l3Fs7J56s,UCz5LAkkX66OAW-y_WiWf9vA,2026-08-23 21:20:17,92,1,0,119.92,120.17,0.08,0
m9oAL_kR5vE,UC-okJdotaXPlzivRzHFqzuA,2026-07-24 02:59:36,113199,1175,34,119.76,120.01,0.01,0
m9rmRN262kk,UC027x98NgUBw9K4aPT8k0mg,2026-08-07 12:00:24,60015,415,65,120.0,120.0,0.0,0
mA-Q43pkZkw,UCoSniqkitCpxlHrQd5L8A1w,2026-07-28 15:22:33,1599,9,1,119.88,120.13,0.12,0
mA5HjQ8FEcg,UCrKSaegnzewdj9-YLsUhoZw,2026-08-27 04:30:09,30320,109,38,119.76,120.01,0.01,0
mA7rUz6zkXw,UCBtJuwDt6LlXp2YASC-ZMdA,2026-08-04 13:31:05,2627,16,0,119.98,120.23,0.02,1
mAJWV33kzY4,UCIsrVj53L57rcLAPOre4Xhg,2026-07-25 08:04:47,31980,389,55,119.92,120.17,0.08,0
mAMG5OJ-oFg,UCuXE-MdbuaZcPt_2J2kSsSQ,2026-07-12 10:38:37,143,2,0,119.86,120.11,0.11,0
mAS8h53_6J8,UCdK9h1ILxS49c2LguBUY3rw,2026-08-18 10:45:18,128,2,4,119.76,120.01,0.01,1
mAVc01MRP0A,UCpI-AhCT02iQRGLC2ZcY0Jw,2026-07-30 10:00:12,173586,3160,36,120.0,120.0,0.0,1
mAfR_ybf5WM,UC6VcWc1rAoWdBCM0JxrRQ3A,2026-08-28 01:01:24,1188217,34369,590,119.99,120.24,0.01,1
mAh6yFLFMS0,UCnju7ULBic4VgkCfDvVXCnA,2026-07-23 02:42:25,43543,167,59,119.8,120.05,0.05,1
mAjPEHJKRoY,UC5RxNUZ9_c94ZEfJGnJZmTw,2026-08-18 02:21:03,1298,35,2,119.9,120.15,0.1,0
mAtBkOZ0ZPE,UCI3DTtB-a3fJPjKtQ5kYHfA,2026-08-27 22:35:59,4683,6,0,119.91,120.16,0.09,0
mBHM-uj0cPQ,UCdcjduaR6hyGHVNmpbJzSsw,2026-08-02 22:18:47,1789,26,2,119.94,120.19,0.06,0
mBK0tyAycCo,UCDLDbittWhk2KXvaCT0YpZQ,2026-08-29 03:00:09,87554,1149,54,119.76,120.01,0.01,0
mBSKXGa6VpQ,UCYGF_xk5RDpltyZDSx040uw,2026-08-08 11:15:39,88666,1194,61,119.99,120.24,0.01,1
mBWIqM4Sb-c,UCab17MxxnFtAhGsJVTkSkCg,2026-08-30 22:33:23,1810,21,2,119.96,120.21,0.04,0
mBbxN62ME-M,UC6YqXiwCBfPvPTs3wXgWElQ,2026-08-11 03:07:57,18874,287,20,119.87,120.12,0.12,0
mBeq5N5H1P4,UCcstDLbuhxEbFKkPZ6wST2A,2026-08-27 03:00:26,30856,64,16,120.0,120.0,0.0,0
mBmaCYZlzKU,UCSfhr4gDPFsKuwdmTOWp2jw,2026-07-22 09:45:04,8,2,0,120.0,120.0,0.0,0
mC-71Ix-99Y,UCeiDuGZqWT4iiIXRTfhM3qQ,2026-08-02 08:59:40,10498,183,3,119.76,120.01,0.01,0
mC0pe5DkqyQ,UCuXE-MdbuaZcPt_2J2kSsSQ,2026-07-12 06:33:50,35,1,0,119.94,120.19,0.06,0
mC15sjjf39I,UCjOtzpfj5lF9erwTEQYkxtQ,2026-08-12 04:05:35,64245,1983,154,119.91,120.16,0.09,0
mC73vFp3WrM,UCw1DsweY9b2AKGjV4kGJP1A,2026-07-30 10:00:12,77203,214,26,120.0,120.0,0.0,1
mCFWn4KLY7g,UCJmnOEp1-OITEU0mk4icM5A,2026-08-16 02:00:18,102096,1254,386,120.0,120.0,0.0,0
mCG2DPjyxpU,UCMpvRMwoq_WmradKdysk6Cg,2026-07-14 23:57:43,98250,,64,119.79,120.04,0.04,1
mCkLijNXWq0,UCTNyl3P7q6PNhPddh6d7WJQ,2026-07-21 22:00:11,2313,6,2,120.0,120.0,0.0,1
mCnHIK23_-A,UCyz5WVrb-cz3myY04x_kVYw,2026-08-22 15:49:07,3566,72,16,119.94,120.19,0.06,0
mCogOO8v4tg,UC8a9-ubjMyQkDH9Jr8EX0JQ,2026-07-14 05:15:23,72,0,0,119.99,120.24,0.01,0
mCw9YAC-BL4,UC-yb5eNBQyXBE9nZnht9u-g,2026-08-31 10:02:17,15223,575,7,119.97,120.22,0.03,1
mD-QO7kxXVE,UClFxbDnu3-z8B002ns6JnBQ,2026-08-15 14:00:08,0,0,0,120.0,120.0,0.0,0
mD5aqdFQghA,UCt8CJiye87FMbEwt0npPMuQ,2026-08-11 16:00:10,17803,864,136,120.0,120.0,0.0,0
mDXzD0Ir444,UC_E_qYfGKM3C0kqrp1p8z7Q,2026-08-09 19:00:13,537,15,1,120.0,120.0,0.0,1
mDcC3_a4Joo,UCHeg3ApmuXQbqqszaD1fR9g,2026-07-31 14:33:58,68,3,0,119.94,120.19,0.06,0
mDhvrM3XRis,UCo33r3SAf5z9MS-lrXV2aOQ,2026-08-19 07:00:27,128794,1109,77,120.0,120.0,0.0,0
mDzGgK-udNk,UCbeQg95cAxVRsxxh6FyilxA,2026-08-25 07:50:08,12379,23,7,119.93,120.18,0.07,1
mE4CX05Yzmc,UCU0-6z_KU9AShyR9J6gcFGw,2026-08-06 01:53:57,636,2,0,119.85,120.1,0.1,0
eFRLp6oAHUc,UC8E29ANOC3_OuB7_5EPY2xw,2026-08-14 06:58:23,1399,3,0,119.78,120.03,0.03,1
eFRZ7eT-ySM,UCw1DsweY9b2AKGjV4kGJP1A,2026-08-17 10:01:27,4958,24,4,119.98,120.23,0.02,0
eFSudO0x4ck,UCuZ862fZel1gq9RAf_OkvqA,2026-08-24 14:33:22,24240,300,112,119.96,120.21,0.04,0
eFm-csbnVTA,UCt8CJiye87FMbEwt0npPMuQ,2026-08-03 15:23:00,2674,112,13,119.87,120.12,0.12,0
eFpcirw5y_I,UCj9uo6AP4b1D_BhPtrDPfvA,2026-08-30 10:30:05,72529,680,37,119.76,120.01,0.01,1
eGpjQGNVIhQ,UC6YqXiwCBfPvPTs3wXgWElQ,2026-08-31 09:46:39,1340,6,0,119.98,120.23,0.02,0
eH3zGrNDvgM,UCQ5KMP03ifjJ8mDeyjWeZ7g,2026-08-05 09:00:13,6901,88,14,120.0,120.0,0.0,0
eH6GeOCsVGs,UCYM01qjjE_hmqFQAmOo-lNg,2026-08-08 03:00:33,12707,64,18,119.99,120.24,0.01,0
eHA0fJzhjpE,UCI3DTtB-a3fJPjKtQ5kYHfA,2026-08-27 18:53:22,13207,63,6,119.87,120.12,0.12,0
eHJA1K47qf4,UC-aXNBQ6nwMNeW2V8XB7sBg,2026-08-28 07:00:05,81124,836,37,119.76,120.01,0.01,1
eHK6nwEWJ1Q,UCnCFD3met1Ip7OngdF9TRDg,2026-08-01 08:35:57,5040,76,18,119.9,120.15,0.1,0
eHQUwlxqzNc,UCPGl9DV2WUgaqGVXtVrhJWQ,2026-07-21 12:21:42,3,0,0,119.89,120.14,0.11,0
eHVMngNDH98,UC543-TDm6IvHHZXwdSFioMw,2026-07-27 11:00:16,33761,480,36,120.0,120.0,0.0,0
eHh8pvKWwcA,UCt8CJiye87FMbEwt0npPMuQ,2026-07-27 16:00:32,26470,1242,59,119.99,120.24,0.01,0
eHjT2dBmQbM,UCDLDbittWhk2KXvaCT0YpZQ,2026-08-25 09:00:09,95036,4900,796,119.76,120.01,0.01,0
eHrT4tlEEn4,UC3hCAmwyYNgRuOOSFV7evVA,2026-08-25 09:15:09,105499,269,29,119.76,120.01,0.01,1
eHt6_ZsSS54,UC4VWaR3R17Ruc7j1Cy1-PKQ,2026-07-13 09:37:24,1443,11,4,119.88,120.13,0.12,0
eI2ufbxKcH0,UCeB_ZeSo0xDL62wWlkTEtjA,2026-08-25 00:14:05,19561,133,72,119.78,120.02,0.02,0
eI5jflMUHJQ,UC1Il94cQwl93Zun8ax1Qjlw,2026-07-22 04:58:28,205,4,1,119.78,120.03,0.03,0
eIJ9p8cRapE,UCV6mNrW8CrmWtcxWfQXy11g,2026-08-15 16:00:32,184012,5672,51,120.0,120.0,0.0,1
eINbQcTFrOg,UCV7WE8I_UiAN0fa6Arezx_w,2026-07-21 19:00:34,92,0,0,119.99,120.24,0.01,0
eIQTzgT9LWg,UCpwGBltfwjd_fIzp5cb5R0w,2026-07-25 12:00:13,83450,1493,139,120.0,120.0,0.0,1
eIRmluBY1jo,UCzkk3MGFFeiN0E0T3AEeg_g,2026-08-05 09:31:25,50234,168,56,119.98,120.23,0.02,1
eIWVSDz28Es,UCp6n8d8Y8r3MwKNw_MMaouQ,2026-08-09 20:16:58,3500,52,1,119.97,120.22,0.03,0
eIf3tPUDSYs,UCawK5EIfr66Z7fjAlZgfB2g,2026-08-10 02:58:29,11728,,0,119.78,120.03,0.03,0
eIzK10N7ARs,UCsrLyevZL_AEZY0LaYVCYzA,2026-08-25 23:00:37,1577,6,3,120.0,120.0,0.0,1
eJGJ0gFKiA0,UCgLFbrC7-g0ihBKB0obVPTg,2026-07-22 15:14:26,127,2,0,119.76,120.01,0.01,0
eJKgoWP0qww,UCGW76VChAJKee9kYzvyoycQ,2026-08-21 07:00:28,2817,63,12,119.75,120.01,0.01,0
eJW-9F5j90s,UCtRiSpvkhtRXaSjVjEB9LKg,2026-08-01 20:13:33,856,12,0,119.78,120.03,0.03,0
eJe60vIEOvk,UC0FUMakBJHsRrfKCGQuWnRA,2026-08-06 09:00:18,12844,129,35,120.0,120.0,0.0,0
eJeTWXG9V3o,UCAtGPbK4AWmeoaREsNLLZhg,2026-08-23 02:44:03,91371,2359,301,119.78,120.03,0.03,0
eJhmUu6gYlo,UC_9W6Z5Y3lDpLk47Y_y5ITQ,2026-08-09 17:54:30,19014,194,34,119.84,120.09,0.09,0
eJj2jJDtxec,UCL2ZLyAV0H9Pvi46W7TGdHQ,2026-08-12 11:30:30,150705,2023,57,119.99,120.24,0.01,1
eJjBZiz_LE0,UC_E_qYfGKM3C0kqrp1p8z7Q,2026-08-04 17:00:28,254,3,2,119.99,120.24,0.01,1
eJta1HlWlD0,UCHYMpkGhNIr8A0m2H3lIjUA,2026-08-11 12:00:32,60611,402,32,119.99,120.24,0.01,1
eKD70XvPaB4,UCTK7GGeH0c9INAEnV2EfD0Q,2026-08-13 14:14:45,28780,1009,17,119.76,120.01,0.01,0
eKF3vlzDJwQ,UCPGl9DV2WUgaqGVXtVrhJWQ,2026-07-29 14:12:18,22,0,0,119.8,120.05,0.05,0
eKGuYGOU_OM,UCTUnpbuKoOODvhLhCO_kO_A,2026-07-31 06:00:06,2497,17,1,120.0,120.0,0.0,1
eKTboCV_aTc,UCcHVk5SFxfYhCbbX8pWWuVg,2026-08-29 09:00:15,106332,351,80,119.76,120.01,0.01,0
eKcXGTCOvwY,UCFrKhWvZ8oeJQTNP5ZabgJw,2026-08-09 13:12:29,379869,1960,350,119.8,120.05,0.05,1
eKhiTRawhdk,UCpI-AhCT02iQRGLC2ZcY0Jw,2026-08-11 01:00:03,29030,329,282,120.0,120.0,0.0,0
eKqWhgvJOjo,UCuXE-MdbuaZcPt_2J2kSsSQ,2026-07-27 12:17:33,13,2,,119.96,120.21,0.04,1
eKrbq-CMf_E,UCrR_fhiJjoW8OJFzUcmlMMA,2026-07-17 07:00:22,12086,104,46,120.0,120.0,0.0,0
eL4P_NzTczY,UC_m_uqd_9s0hZvlgfvCzqbQ,2026-08-13 01:22:23,266,1,0,119.88,120.13,0.12,1
eL8hcF8fTU8,UCaN1Qp37sHiCdQuSaXa3fVw,2026-08-17 13:34:12,130228,,168,119.93,120.18,0.07,1
eLBhaSHxLa4,UCPGl9DV2WUgaqGVXtVrhJWQ,2026-08-06 15:00:05,3,0,0,120.0,120.0,0.0,0
eLMa9jiQGBI,UCYMXFMiaGBnZ08-wBHS2MPQ,2026-07-22 22:45:29,5450,41,10,120.0,120.0,0.0,0
eLg6hoJ-pXA,UCNRnCc0hg3ZcKdOGXKKv5Ww,2026-08-18 18:35:52,11813,79,3,119.91,120.16,0.09,0
eLkFmHnAjFE,UCSzHok6X5qXEO7cjvVnE62g,2026-08-05 10:00:01,97608,579,83,120.0,120.0,0.0,0
eMCOZa9StJo,UCyoSQyaCrZHro6F_nBiXIYg,2026-07-16 10:35:52,208327,1294,343,119.9,120.15,0.1,0
eMDKfMCGx88,UCzDmGDR5RdahQkLCBoWlTEg,2026-07-23 09:00:06,101095,278,16,120.0,120.0,0.0,1
eMN_8PpiTn4,UCirJgPv8RtFaFMj39b6cD8Q,2026-08-04 09:00:18,29954,169,6,120.0,120.0,0.0,1
eMPn9CM6EUY,UCd9oeoY-jLSkhd-J5y_1aYg,2026-08-27 05:38:39,2609,23,7,119.87,120.12,0.12,0
eMQUTCOhqj8,UCPsZX-D7LW99PjZLA-UysPQ,2026-07-31 00:00:02,1417,12,7,120.0,120.0,0.0,0
eMXMIkPDpU4,UCeBa5aBvHvly34S0Uk9Wqig,2026-07-31 06:47:28,2108,7,0,119.96,120.21,0.04,1
eMXzKNU60Lw,UCPGl9DV2WUgaqGVXtVrhJWQ,2026-08-10 15:00:30,11,0,0,119.99,120.24,0.01,0
eMoofNb5tdQ,UC6JB_a6rD1lZ_aZgQvORfrQ,2026-08-30 01:53:35,15652,105,0,119.87,120.12,0.12,0
eMwMin6VT5s,UCN5789pKaFwqjVBvg6yws_w,2026-07-12 11:42:20,10,0,0,119.8,120.05,0.05,0
eMwzsw5m0eY,UCPsZX-D7LW99PjZLA-UysPQ,2026-08-20 06:30:07,6634,66,22,120.0,120.0,0.0,0
eN3E6EUdSVg,UCE8JC9RAVSudDT_8Ji1fuPQ,2026-08-28 08:45:01,142631,2698,79,119.76,120.01,0.01,0
eNBHRljgiUk,UCnCeDIkExSpULGqmpj5oafg,2026-08-17 15:00:24,1180,24,4,120.0,120.0,0.0,1
eNBKaxYZzqE,UCUR5w0E-jQTOO8Q0FZ4ilYQ,2026-08-14 11:35:03,320996,1228,118,119.92,120.17,0.08,0
eNFaZoOt1JQ,UCkd3KAYGnTNPJZZrPOFeWhA,2026-08-16 08:00:03,16376,34,3,120.0,120.0,0.0,1
eNFoNBosTq0,UCgO8sNnksVuKcuTVTQKSK3A,2026-08-15 03:00:32,22680,260,62,120.0,120.0,0.0,0
eNer2wY0QyU,UC4VWaR3R17Ruc7j1Cy1-PKQ,2026-08-23 08:10:46,413,4,0,119.84,120.08,0.08,0
eNjIceApdZQ,UCOTJtP0Z9DjpPU43B5m1V6A,2026-07-26 09:30:11,131740,1413,97,120.0,120.0,0.0,0
eNn-DdsM4PU,UCF5RrlbsxJjAVLWgOCoNHMg,2026-08-08 03:45:47,30983,729,15,119.99,120.24,0.01,1
eNwBtEybsKc,UCgLFbrC7-g0ihBKB0obVPTg,2026-08-07 16:05:49,0,0,0,119.91,120.16,0.09,0
eNx8HUuJrks,UCCW6uYIUP4YKKe50k-ktVAw,2026-08-16 08:00:17,37277,799,87,120.0,120.0,0.0,0
eO0g3JzDaOw,UCv0cBz_Vdmd84xYl7gKWwQA,2026-08-14 19:00:11,3132,48,1,120.0,120.0,0.0,1
eO8CQYe_IZM,UCnju7ULBic4VgkCfDvVXCnA,2026-07-30 03:04:21,7241,192,0,119.93,120.18,0.07,0
eO9Hiu_Zm_U,UC9nWoDbRAl3-fvreBNeStKQ,2026-08-14 18:48:40,6840,50,4,119.94,120.19,0.06,0
eO9dmBhkIq0,UC7hwQp3F6P_OwyRM14p88iQ,2026-08-25 08:03:02,2595,23,4,119.96,120.21,0.04,0
eOSxQ9HP1Z0,UCvPDPTxTLitVEyGu4Xt6m8g,2026-08-06 09:58:11,18293,166,13,119.78,120.28,0.22,0
eOUTc0FketI,UC2_VPutZK0o_tG8ca_QrQRA,2026-08-28 09:15:07,101537,,137,119.76,120.01,0.01,0
eOigBlCFgAQ,UC1dG3vI9FfHnH3YgyeKUz_A,2026-07-19 15:14:54,236803,1271,295,120.0,120.0,0.0,0
eP-IrYBGNPA,UCw1DsweY9b2AKGjV4kGJP1A,2026-08-01 09:30:24,84578,375,19,120.0,120.0,0.0,1
eP7nRVjCseY,UCt8CJiye87FMbEwt0npPMuQ,2026-07-15 17:00:17,2371,76,18,120.0,120.0,0.0,0
ePFPdZ7sO7k,UC3gl4CHfNtAqNjju1goB0_w,2026-07-17 06:54:22,145694,1886,89,119.85,120.1,0.1,1
ePULWP7sRYw,UCPsZX-D7LW99PjZLA-UysPQ,2026-08-18 12:00:26,273,3,0,120.0,120.0,0.0,0
ePdWpY9jqAQ,UCS-X1uBDTNwAYyydiXjcX9A,2026-08-20 07:00:13,9788,147,25,120.0,120.0,0.0,0
h-4w2S1HQBU,UCrfB1-zWijAYkgfZW7Ehc8Q,2026-08-23 14:41:13,117716,4546,562,119.82,120.07,0.07,0
h-51oWC91OE,UCKrprPfevcAZpPuRnCO6xOA,2026-08-19 09:30:12,729,7,2,119.76,120.01,0.01,0
h-X4rKDEI2s,UCtGMgPWJNU2Aj-SNK0zg0Sg,2026-07-29 09:45:00,38964,259,13,120.0,120.0,0.0,1
h-ZDKkyunQs,UCIxcZWLQpP-mUZC6_Uljc_Q,2026-08-08 15:30:20,10469,49,31,120.0,120.0,0.0,0
h-_7envzXVI,UC-okJdotaXPlzivRzHFqzuA,2026-08-16 02:59:05,56048,892,40,119.77,120.02,0.02,0
h-eGsFOcMQc,UCz5LAkkX66OAW-y_WiWf9vA,2026-08-12 06:09:02,1695,16,6,119.85,120.1,0.1,1
h-lysepKMXM,UC543-TDm6IvHHZXwdSFioMw,2026-08-28 11:00:15,44794,230,20,119.76,120.01,0.01,0
h-oiW95a3ws,UCHJv9xBR9lkzGSIepie-T_A,2026-08-27 21:30:02,3081,92,7,119.76,120.01,0.01,0
h-wvRvVEvTo,UC9zmo9x1o7xAfgM1Fw3Dg4g,2026-07-24 08:00:23,14328,807,226,120.0,120.0,0.0,0
h01a-0A5lSs,UCDbOXmGL7EkmOcnUb5Kki4A,2026-08-07 16:41:37,25686,336,123,119.81,120.06,0.06,0
h072TVzGeQI,UCqIwPYLfMd3EoWYwvyTjPnA,2026-08-08 08:39:12,32591,336,22,119.85,120.1,0.1,0
h0ODJGSY6-k,UC_RRZdJk55ShXE-9d3deRUA,2026-07-25 17:44:08,11270,64,0,119.77,120.02,0.02,0
h0U4rtoo5ys,UCTK7GGeH0c9INAEnV2EfD0Q,2026-07-18 03:00:35,12880,387,6,119.99,120.24,0.01,1
h0_ipwVKnaw,UC4VWaR3R17Ruc7j1Cy1-PKQ,2026-07-31 07:02:32,13,3,2,119.96,120.21,0.04,0
h0aq7k10xKc,UCyfvCj_x8SzzSbhqr--dhvg,2026-07-27 03:36:18,249,2,0,119.9,120.15,0.1,1
h0jUy1vr6YM,UCby0vMKcLR05ZdS90aZd5og,2026-08-20 12:51:46,6931,7,2,119.89,120.14,0.11,1
h13LDRy8xp8,UCqPN9LAkx20aBWOafwvQB-Q,2026-07-26 23:00:07,171616,6551,474,120.0,120.0,0.0,0
h1IW2veuaOQ,UCuXE-MdbuaZcPt_2J2kSsSQ,2026-08-09 06:27:35,496,2,0,119.79,120.04,0.04,1
h2-ERKAKErU,UCJDXc9JWCZo-nLNKr_-L2Ng,2026-08-24 19:00:29,6976,147,4,120.0,120.0,0.0,0
h2Cj6j_WMk4,UCooLkG0FfrkPBQsSuC95L6w,2026-08-25 08:00:12,144809,3965,157,119.76,120.01,0.01,1
h2HMBxo9YBg,UCyZXLzORHoh9QMwA7IwS0pA,2026-08-20 14:27:38,523,5,0,119.8,120.05,0.05,0
h2JHtnrDceg,UCZ6mNZTiTUrUSbSYPlclI4A,2026-08-23 04:04:24,4954,199,11,119.94,120.19,0.06,1
h2U3aP3aKOQ,UCkd3KAYGnTNPJZZrPOFeWhA,2026-07-29 13:14:17,16758,131,45,119.76,120.01,0.01,0
h2V5zPa6r-s,UCa2liSwjQST4AGcg6LFQakQ,2026-08-05 04:00:26,39,2,0,120.0,120.0,0.0,0
h2in1QJ3HG4,UCrI6796hIxZdAltnLYiAYRw,2026-08-31 06:00:06,312817,4033,47,119.76,120.02,0.02,1
h2lZbYPpWWg,UCt8CJiye87FMbEwt0npPMuQ,2026-08-14 12:00:39,66858,3752,208,119.99,120.24,0.01,0
h2oQ0VmwdiY,UCvUKUkIM67eWFbQemjj2-eA,2026-07-28 12:00:08,37638,1070,86,120.0,120.0,0.0,0
h2vsnyuoAP4,UCa8Z4uUp51Aqtx4Fq4-3wMA,2026-08-25 09:42:46,754,11,2,119.8,120.05,0.05,1
h2yW8h5R1tU,UCOTJtP0Z9DjpPU43B5m1V6A,2026-08-16 13:00:11,122165,515,56,120.0,120.0,0.0,0
h34qxFwa0KY,UC-pobd8lZE33BSDz-iyHfJQ,2026-08-21 00:52:39,802,8,0,119.88,120.13,0.12,0
h38I_sdMupo,UCOKQpmfKrtu7Nu719CVSw1A,2026-08-12 02:00:12,6031,28,9,120.0,120.0,0.0,1
h3JhTXVrgTM,UCby0vMKcLR05ZdS90aZd5og,2026-08-26 05:30:39,19550,34,4,120.0,120.0,0.0,1
h3MrrPwlhys,UCgLFbrC7-g0ihBKB0obVPTg,2026-07-25 13:51:27,299,7,3,119.9,120.15,0.1,0
h3a03t2YZ1s,UCgsKeCRaBGH6JlnH6VO_7OA,2026-08-30 21:10:14,76,1,0,119.85,120.09,0.09,0
h3b_Z2810zE,UCD9tj7ATjYkyPyWXK_ewNXQ,2026-08-04 01:54:35,667,13,0,119.84,120.09,0.09,0
h3gOFnCoVQs,UCZRH94I89Ps7giJYeK6DlWA,2026-07-29 03:00:25,33225,467,44,120.0,120.0,0.0,0
h41bYKykhog,UCab17MxxnFtAhGsJVTkSkCg,2026-08-06 05:18:54,382,8,1,119.94,120.19,0.06,0
h4XtNbvO2wQ,UC4P7F8qenDo1O_5NvgBb_cg,2026-08-02 02:30:26,77033,778,68,120.0,120.0,0.0,0
h4nlTiKZEmY,UC4VWaR3R17Ruc7j1Cy1-PKQ,2026-07-14 09:00:18,165,0,0,120.0,120.0,0.0,1
h4uLICsvAmI,UCPuD5ZRQWa_JCaY5NokNhtg,2026-07-24 15:29:31,412,7,5,119.76,120.01,0.01,0
h4xHUiv4DJ8,UCsrLyevZL_AEZY0LaYVCYzA,2026-08-28 23:00:22,73,2,0,120.0,120.0,0.0,0
h4yUnGHCc24,UCkoszQp0YiJa9lGm_wK0xGQ,2026-08-17 12:53:07,208,2,2,119.87,120.12,0.12,1
h5-bKmB27jM,UCmZeuRfHYowZhf6odtoaNdg,2026-08-11 08:15:19,29128,434,51,120.0,120.0,0.0,0
h57VWq5c9Ss,UCO8ToDSM2Gvt3EZdOdosxTw,2026-08-11 06:30:38,9262,84,135,119.99,120.24,0.01,0
h57emZWiWAE,UCmXPCG7sSBwTjlMopTn78tg,2026-08-06 13:37:57,1179,14,4,119.87,120.12,0.12,1
h59Gtmu8qZ4,UCw1DsweY9b2AKGjV4kGJP1A,2026-08-13 07:45:26,37586,120,5,120.0,120.0,0.0,1
h5BtjJaxh6Q,UC5ThQKdocwo_9UurfT5P_ww,2026-08-13 04:13:34,134520,1606,54,119.78,120.03,0.03,1
h5CFmPf3lmg,UCIvLQ5lZ2kebqnLaGv_FP4w,2026-07-23 08:30:06,10170,76,56,120.0,120.0,0.0,0
h5F088uCTe4,UCwUdsbSoKjC9FDcpihDeXSg,2026-08-02 12:45:10,45127,29,2,120.0,120.0,0.0,1
h5MfN95Bypk,UCZJFaxsby9j3T6h0UVcCcCA,2026-08-02 19:00:36,101,2,1,119.99,120.24,0.01,0
h5QOdZIgL-I,UC8rbhIem-3aAsNXhTDI-nSA,2026-07-16 22:00:36,70372,1090,84,119.99,120.24,0.01,0
h5TWQGDaTTs,UCUt2AEhC-OOC2EPCzj4DkCw,2026-08-25 08:00:26,21723,355,40,120.0,120.0,0.0,0
h5TmWb73048,UCM81CAJ2_Y42-bvK1OQnAAA,2026-08-05 16:01:11,62527,629,757,119.98,120.23,0.02,0
h5glCQI9Q_I,UCqVkQsNin4MdGFrWvzFVOKw,2026-08-29 01:25:47,10907,169,0,119.83,120.08,0.08,0
h5jJ9R-JZOM,UCCd3jyJmOFzkJEMj5Bp89rw,2026-07-17 16:44:35,10541,537,20,119.76,120.01,0.01,0
h5oq8AyEwOM,UCpI-AhCT02iQRGLC2ZcY0Jw,2026-08-14 01:00:31,40903,374,213,119.99,120.24,0.01,0
h5tn6tDcDJM,UCms8Ge7H1ZGgw6nV94fUhUQ,2026-08-10 12:05:42,21711,203,46,119.91,120.16,0.09,0
h62aSNZacXs,UCCiKOocVSjyb2rsbL_Aanhw,2026-08-18 14:42:30,16439,101,52,119.8,120.05,0.05,0
h69SniJv5nQ,UCPI40-XQA9-GBGj2k8PPqfg,2026-08-27 08:55:04,105876,1202,92,119.84,120.09,0.09,0
h6Pll1hEMps,UC9DNu8JRIcE-rpo9eBx1ffw,2026-07-23 11:00:35,631,3,1,119.99,120.24,0.01,1
h6RbY0SqUT8,UCDq6CfnZgtnqXEwG8tqvBfA,2026-07-23 23:30:10,15,0,0,120.0,120.0,0.0,0
h6Y07UN7Zjo,UCpTNtH8yc1Kdl_YFfsQsTYA,2026-07-27 06:45:06,11687,24,0,120.0,120.0,0.0,0
h72ri54xhyY,UCqPN9LAkx20aBWOafwvQB-Q,2026-08-13 23:00:33,53502,2333,135,119.99,120.24,0.01,0
h76DLwsnVtY,UCawK5EIfr66Z7fjAlZgfB2g,2026-08-24 14:55:48,25532,,28,119.83,120.08,0.08,0
h7R7TSpcWJ4,UCPGl9DV2WUgaqGVXtVrhJWQ,2026-07-10 14:00:51,4,0,0,119.99,120.24,0.01,0
h7fBws6jx3k,UCVey3Q_CodrHAWBonTGbHFg,2026-07-27 03:00:12,8220,209,12,120.0,120.0,0.0,1
h7ggiGvECC8,UCF-rFAdN7dzd-SI2T3rkCaQ,2026-08-19 11:04:56,152723,2753,101,119.93,120.18,0.07,1
h7zHUE6idLU,UCc1VJX_5Z2RdGi58XU4IfbA,2026-08-22 06:30:19,514,7,0,119.76,120.01,0.01,0
h88SCuJ3TTY,UCUPa-gJcbYG9Ql8b9H9FBbg,2026-08-17 00:00:23,4761,56,17,120.0,120.0,0.0,0
h8CNjwy4RtI,UChHxLcNi7e0zu-e33HM6v6A,2026-08-03 23:00:38,26775,155,62,119.99,120.24,0.01,0
h8KYKv6guEg,UC60HSePkZwGFzRj6VSDa6Ew,2026-07-31 15:56:50,3674,35,2,119.81,120.06,0.06,0
h8bg9A5epmE,UCwBkHOTyu57NQi0syf5MLig,2026-08-22 13:38:24,104171,818,162,119.87,120.12,0.12,0
h8fiYgisKA4,UCBS4sjbGJIcclT-Y6i_Jzkg,2026-07-24 16:30:21,28683,1160,2,120.0,120.0,0.0,1
h8yGszTrPMA,UCpcTrCXblq78GZrTUTLWeBw,2026-07-27 07:30:14,37389,334,22,120.0,120.0,0.0,1
h979vsUsUds,UCZ6mNZTiTUrUSbSYPlclI4A,2026-08-07 06:58:43,26464,420,22,119.77,120.02,0.02,1
h99TYnHPI_c,UCUR5w0E-jQTOO8Q0FZ4ilYQ,2026-08-13 04:39:58,11133,33,33,119.84,120.09,0.09,0
h9Ach51LaEI,UC2yOBpLVwB7kzt9C5ZPbB7w,2026-08-26 04:00:05,87567,1080,69,119.76,120.01,0.01,1
h9QyJVvf5nU,UCtRiSpvkhtRXaSjVjEB9LKg,2026-08-24 03:00:14,12208,132,37,119.76,120.01,0.01,0
h9lhrdnXWdM,UCPGl9DV2WUgaqGVXtVrhJWQ,2026-08-24 15:00:12,2,0,0,119.76,120.01,0.01,0
hA-0A1JvBWw,UCe9jDZNCsC4sH-Ln2Fn99FQ,2026-08-15 23:25:31,21,0,0,119.83,120.08,0.08,0
hA2xadu7q2M,UCJDXc9JWCZo-nLNKr_-L2Ng,2026-08-12 18:00:11,1930,71,3,120.0,120.0,0.0,0
jatLsxhi4lU,UCHeg3ApmuXQbqqszaD1fR9g,2026-08-03 02:00:35,21720,478,20,119.99,120.24,0.01,1
jb9dNFzc7Mg,UCFCt5RYu41HTg4eX1jdHNxw,2026-08-18 22:55:16,13686,75,2,119.84,120.09,0.09,0
jbAcCGf0bFA,UCv1tOT645xHOJrwdGlzjMaA,2026-07-16 06:10:59,2036,9,1,119.82,120.07,0.07,0
jbQW8xecSxo,UCt8CJiye87FMbEwt0npPMuQ,2026-08-10 16:00:16,7184,316,12,120.0,120.0,0.0,1
jbSYJl21AtE,UCrfB1-zWijAYkgfZW7Ehc8Q,2026-08-20 14:57:18,105507,3720,525,119.8,120.05,0.05,0
jbb6BBTNlSQ,UCN8L7Z-dyzu9FzT39RM0fvw,2026-07-21 07:00:38,13156,190,54,119.99,120.24,0.01,0
jbtMimfxWwQ,UCrwOSKEMgNGb1SIWqiYaulA,2026-08-10 14:00:30,2474,70,1,119.99,120.24,0.01,1
jcHyHidHlLE,UCgWOZQvFZhGuqBCtjmee0XQ,2026-07-24 15:30:47,574,1,0,23.24,512.24,96.76,0
jcMgi3b8ZpA,UCPuD5ZRQWa_JCaY5NokNhtg,2026-08-03 16:33:13,256,5,2,119.95,120.2,0.05,0
jcNta7JMzkk,UCYM01qjjE_hmqFQAmOo-lNg,2026-08-13 14:54:27,554,7,0,119.84,120.09,0.09,0
jcRZ8ES0kDQ,UCWwbZhw5M-Q5dZtTK4nDWNw,2026-08-18 03:00:21,15484,261,7,120.0,120.0,0.0,1
jc_QNCmEmTE,UC9nWoDbRAl3-fvreBNeStKQ,2026-08-06 08:15:36,3207,46,2,119.99,120.24,0.01,0
jd2DQJrAUTA,UC5ThQKdocwo_9UurfT5P_ww,2026-08-10 12:40:50,675496,6579,181,119.82,120.07,0.07,1
jdCaEX_tQGY,UCk1NTIlGP27bQEumkw6sDVA,2026-08-15 09:00:39,13298,135,8,119.99,120.24,0.01,0
jdIwY1NMm2o,UCby0vMKcLR05ZdS90aZd5og,2026-08-13 02:22:33,7068,7,2,119.88,120.13,0.12,1
jdRf9vWlJK8,UC2WBkFH1nHcO6aFLWo6sZQg,2026-07-24 17:29:05,29372,1088,6,119.77,120.02,0.02,1
jdc29SYWr1I,UC-aXNBQ6nwMNeW2V8XB7sBg,2026-08-25 01:00:14,93204,1119,51,119.76,120.01,0.01,1
jdpWgFFbE6Q,UCgLFbrC7-g0ihBKB0obVPTg,2026-08-03 17:01:21,106,1,0,119.98,120.23,0.02,0
jdsQuJfMwao,UCWwbZhw5M-Q5dZtTK4nDWNw,2026-07-30 03:00:31,45461,806,17,119.99,120.24,0.01,1
je5Ap7cBuFg,UCnCFD3met1Ip7OngdF9TRDg,2026-07-27 03:01:29,13019,216,65,119.98,120.23,0.02,0
je74nW8iwMk,UCvAetSOU_4lyjM5hVMNzN0Q,2026-07-19 16:40:38,35117,305,19,119.82,120.07,0.07,1
je7t1y0r5fU,UCpn9dP1b5BhBsU9SduEz1hA,2026-08-09 01:15:18,19577,202,7,120.0,120.0,0.0,0
jeZGMYXxof8,UC8x8GQmlxAIhHxzU61z0uLQ,2026-08-12 14:00:10,8246,53,22,120.0,120.0,0.0,0
jedWFDK8Pt8,UC_e83kYlGHWbsrr8QCfV_ag,2026-08-24 10:41:51,10870,96,17,119.81,120.06,0.06,0
jf-mu-lYs30,UC1q4Ihlv_YhLELw-ijE0Diw,2026-08-29 12:58:07,342264,3195,173,119.79,120.04,0.04,0
jfWbLX6QulI,UChKYbZ9fSz8DMM6wU-t1lMQ,2026-08-30 07:09:02,9616,77,13,119.87,120.11,0.11,0
jfXLdCv4C_s,UCzVXdulvpgEoI8yuFMmhxJw,2026-08-14 16:53:47,14352,513,56,119.86,120.11,0.11,0
jfmHPZofrFI,UC1dHu9GhbHH7RcHKyJdaOvA,2026-07-25 10:25:10,125948,404,106,119.83,120.08,0.08,0
jfwe8EpuN34,UCO94iFhOhtdGb4Ze5DUAtbw,2026-07-31 02:00:05,70155,618,18,120.0,120.0,0.0,0
jfyPNJTX9EQ,UCPuD5ZRQWa_JCaY5NokNhtg,2026-08-29 13:54:43,2212,21,3,119.85,120.1,0.1,0
jfyls9mZFMg,UC3gl4CHfNtAqNjju1goB0_w,2026-08-20 07:00:02,19061,384,31,120.0,120.0,0.0,1
jg2yW3uGtow,UCJDXc9JWCZo-nLNKr_-L2Ng,2026-08-12 12:00:10,1409,66,7,120.0,120.0,0.0,0
jg6KiMbz2Ck,UCFiHjGyrJux8Rt4e6mUPU-w,2026-08-18 10:24:53,0,0,0,119.85,120.1,0.1,0
jgAvW5iqXxI,UC_1zs9WEip0B-2g5ysbf-eg,2026-07-12 03:08:50,268,1,0,119.86,120.1,0.1,1
jgMXEbVR9lw,UC4cKHOBS-nRfKFTwf1n8HGA,2026-08-27 08:30:14,273,,2,119.76,120.01,0.01,0
jggDhv307fc,UCdcjduaR6hyGHVNmpbJzSsw,2026-07-27 20:29:18,1142,20,1,119.76,120.01,0.01,0
jglXSARC2lE,UC-yc6w2Sa6jOhMuY8motwDA,2026-07-27 19:04:31,2464,6,1,119.93,120.18,0.07,1
jhLdoO11c_8,UCkNUuK9EfixaK2HbJYZ5YrQ,2026-08-06 09:41:53,3701,141,22,119.8,120.06,0.06,0
jhz3wQpZXCQ,UC0vqyzJ-1l3AJl3IkKu0bhQ,2026-08-12 00:19:41,18,2,1,119.92,120.17,0.08,1
jhzLOsFajy4,UCw1DsweY9b2AKGjV4kGJP1A,2026-08-08 10:01:09,7080,31,9,119.98,120.23,0.02,0
ji4P-BJfrGk,UC5WN-znPsJK0BbA8aHxZHWQ,2026-07-23 11:00:14,4195,128,12,120.0,120.0,0.0,0
ji8OjLS9z74,UCPuD5ZRQWa_JCaY5NokNhtg,2026-08-21 04:48:35,734,6,8,119.95,120.2,0.05,0
jiG0s-XV-Zc,UCKrprPfevcAZpPuRnCO6xOA,2026-08-29 09:00:02,2229,5,1,119.76,120.01,0.01,0
jiXSEAu272o,UCnCH3Uhv_ynhTNKEH6ekRtg,2026-07-31 05:27:14,12728,165,29,119.8,120.05,0.05,0
jizimbG39Cs,UCMQheF8kFOZjCEbBRhYvROA,2026-07-25 09:40:06,746,2,0,119.83,120.08,0.08,1
jj19DpQS-Rw,UC5Yx9RlmznXDUEIrfoSqheA,2026-08-20 18:12:57,6832,56,2,119.79,120.04,0.04,0
jj1Bymqi2tk,UCvPDPTxTLitVEyGu4Xt6m8g,2026-08-13 07:02:12,21409,116,1,119.97,120.22,0.03,1
jjDxUznE8w0,UCrKSaegnzewdj9-YLsUhoZw,2026-07-24 04:10:48,68340,374,242,119.82,120.07,0.07,0
jjSa83zOn38,UCcNdwtZ7ulFFxngmnzsWQNA,2026-07-31 02:00:31,6376,122,41,119.99,120.24,0.01,0
jj_HUB5UYV8,UCKVt3arMXfa6XZezR1UnjqQ,2026-07-24 22:00:00,7424,77,1,120.0,120.0,0.0,0
jjqf89HEwe8,UCe-7GwWL1XNlCJyfqBhgrHA,2026-08-18 05:13:47,17844,752,31,119.77,120.02,0.02,1
jjzjFFeuUCk,UCztGUZP5cCuIZDViaJanLKQ,2026-08-15 09:08:02,26387,249,83,119.87,120.12,0.12,0
jkH5FEcUw_o,UCOTJtP0Z9DjpPU43B5m1V6A,2026-08-04 02:30:21,98420,882,98,120.0,120.0,0.0,0
jkNwu0K4ZEs,UCeiDuGZqWT4iiIXRTfhM3qQ,2026-08-17 08:30:00,2371,69,0,120.0,120.0,0.0,0
jkOEwFaLVjY,UCV7WE8I_UiAN0fa6Arezx_w,2026-08-19 17:00:14,14,0,0,119.76,120.01,0.01,0
jkSZSDcsotg,UCPqqyxHmSvJygac5TH52qJw,2026-08-01 07:44:23,359980,5046,96,119.76,120.01,0.01,1
jkWM5DYf0Po,UChI9sq2ifMFu5L8iJ582F_A,2026-07-31 15:30:26,13,0,0,119.99,120.24,0.01,0
jkXUI9ynWTk,UCqVZTizoA2wQKOj_xaDt10Q,2026-08-08 05:37:13,31,2,0,119.88,120.13,0.12,0
jk_jXkYbyzU,UCVZ0SJNurJAv-6hV5VEGB2A,2026-08-21 08:00:03,40028,1065,210,119.76,120.01,0.01,0
jkfLG6Tzpjg,UCS2OAdHoLt-9T6cG9A2H49Q,2026-08-16 03:00:25,16618,204,52,120.0,120.0,0.0,0
jkgpns8uw_s,UC08-hQbwh7eyr8PlaYG2-sQ,2026-07-29 10:00:23,17825,241,119,120.0,120.0,0.0,0
jl0HPFFBhNk,UCZaNYFjF_SRRJPVuGX7yMjQ,2026-08-15 13:07:38,4,1,0,119.88,120.13,0.12,1
jl4JdiN7jKU,UCSzHok6X5qXEO7cjvVnE62g,2026-08-13 12:00:34,195686,1739,50,119.99,120.24,0.01,1
jl_r1wSVLzo,UCHCeN9BUgogMGrHBC6zKYvA,2026-08-23 23:39:59,6190,122,52,119.85,120.1,0.1,0
jltBBCCSpAk,UCl402YYy7RcH7PBI3npmGPQ,2026-07-26 07:00:06,112934,712,103,120.0,120.0,0.0,0
jm7b0edo1cc,UCBW_PhuXoHk40xF6nO0Q64w,2026-07-19 00:01:15,2645,122,20,119.98,120.23,0.02,0
jmChsVDuZhE,UCI4wEWWBEElIbp9jHcFllTw,2026-08-04 07:00:37,1234,4,17,119.99,120.24,0.01,0
jmDSJX3a78Q,UCgwFckIyCAj4Znu3c8A1dOQ,2026-07-28 14:14:30,3,1,,119.76,120.01,0.01,1
jm_mxA2vwbY,UCp9skQ2mP_DfVL8c3gZQUzg,2026-08-28 08:10:47,44534,163,25,119.84,120.08,0.08,0
jmfZjNEuz6A,UCw1DsweY9b2AKGjV4kGJP1A,2026-08-04 12:45:09,272445,1362,45,120.0,120.0,0.0,1
jmgBLHSF3_8,UCjOtzpfj5lF9erwTEQYkxtQ,2026-08-28 03:00:09,69469,681,86,119.76,120.01,0.01,0
jn8dM-JIp1w,UCPGl9DV2WUgaqGVXtVrhJWQ,2026-07-16 12:52:53,3,0,0,119.87,120.12,0.12,0
jnSSEJdWsUs,UCC1LvVTX2ySKYjeIXkAtvsQ,2026-08-30 09:00:01,160350,3076,140,119.76,120.02,0.02,1
jnSZh365-oY,UCZ-B_El841ME7qGXvYinGmw,2026-07-22 10:10:43,4498,97,27,119.83,120.08,0.08,0
jn_3mEQZ748,UCCd3jyJmOFzkJEMj5Bp89rw,2026-07-30 15:47:42,10225,470,57,119.96,120.21,0.04,0
jo3t-ELVfbg,UCV6mNrW8CrmWtcxWfQXy11g,2026-08-21 07:00:00,28952,987,22,119.76,120.01,0.01,1
joAT95O_KN4,UCksGX0hODm1Ev6mysrToMqg,2026-08-16 08:00:01,6159,183,10,120.0,120.0,0.0,1
joXrXqkSDxo,UCQDGJQe8X9tbk_i8Na3VVXg,2026-07-24 03:52:01,82,6,2,119.89,120.14,0.11,0
jojhFAS8uOY,UCK1aVlIbEBrdhv-gbSgGIkQ,2026-08-29 08:27:29,9976,24,17,119.8,120.05,0.05,0
jonCus57NG8,UCXNh3eUHXEkL7h1w1KYQRKQ,2026-08-03 09:43:17,232541,1892,35,119.78,120.03,0.03,1
joobNUaQJTw,UC3gl4CHfNtAqNjju1goB0_w,2026-08-18 13:38:32,1987,37,4,119.87,120.12,0.12,0
mE8F0l-enM8,UCwBkHOTyu57NQi0syf5MLig,2026-08-20 02:00:13,133240,951,45,120.0,120.0,0.0,1
mEDZDyUijSg,UCl402YYy7RcH7PBI3npmGPQ,2026-08-05 09:00:21,142587,966,230,120.0,120.0,0.0,0
mEMixc1une0,UCuWDza8A_ntbjwBZgW0ZSNw,2026-08-24 03:00:26,74582,550,14,119.75,120.01,0.01,1
mEPE5Y1Diy4,UCYxwKnNRv4FurQxeKcuR0Sw,2026-08-03 03:00:08,11,2,0,120.0,120.0,0.0,0
mEUT0svpgbo,UCQzgMwT5Q6x-Mtq65HRS_0Q,2026-08-23 13:46:57,0,0,0,119.98,120.23,0.02,0
mEUxB5biFj4,UC_E_qYfGKM3C0kqrp1p8z7Q,2026-08-08 15:00:19,83,6,0,120.0,120.0,0.0,0
mEVCxZcaRmk,UCJDXc9JWCZo-nLNKr_-L2Ng,2026-08-17 13:00:16,1579,72,2,120.0,120.0,0.0,0
mEWQl8-T0Dc,UCAl4HWznMn7KhKBRFO5eiFA,2026-08-13 12:31:05,4851,36,2,119.99,120.24,0.01,1
mEWwP-Zif7U,UC6NXJtCn3p-actkvBUlHwDA,2026-08-20 18:00:19,22233,91,3,120.0,120.0,0.0,0
mEluxBqEk9E,UCxtZZzggcfOmsW99gYkxsNA,2026-08-05 05:58:40,13105,119,59,119.78,120.03,0.03,0
mEqR8ltpzZI,UCPsZX-D7LW99PjZLA-UysPQ,2026-08-26 12:00:09,18012,65,27,119.76,120.01,0.01,0
mEvWawAWDSc,UCDnIK80iouL_rb_J6GybOlg,2026-08-09 16:30:09,1,0,0,120.0,120.0,0.0,0
mEvaY3-skzk,UCqIwPYLfMd3EoWYwvyTjPnA,2026-08-05 06:36:10,20500,212,39,119.9,120.15,0.1,0
mEz1g6VOe8c,UCbItyvYa6cqvqtwlU2E9-wA,2026-08-13 21:52:36,10231,501,37,119.88,120.13,0.12,0
mF7GlVi-Yos,UCBidluUUxzT_5jVOI_2x2MQ,2026-08-23 14:00:22,202,5,0,120.0,120.0,0.0,0
mFETklya07I,UC1Il94cQwl93Zun8ax1Qjlw,2026-07-27 01:04:15,170,7,6,119.93,120.18,0.07,0
mFEhVdK1gxw,UCIzbqIyEUxtFLYh_sCDoXpw,2026-08-01 13:00:26,9940,51,12,120.0,120.0,0.0,0
mFOBo3syqcs,UCZRH94I89Ps7giJYeK6DlWA,2026-07-15 05:00:26,35706,512,73,119.99,120.24,0.01,0
mFVca4Il_cw,UCHCeN9BUgogMGrHBC6zKYvA,2026-08-05 11:32:59,3785,76,23,119.96,120.2,0.04,0
mFY-xN5jxOg,UCab17MxxnFtAhGsJVTkSkCg,2026-08-28 09:32:22,1571,9,0,119.97,120.22,0.03,0
mFtsmfKupAI,UC78cfahWKAc3OxNl4jKFVRQ,2026-08-13 02:02:40,992,5,0,119.96,120.21,0.04,1
mFuj1sXWvoc,UCvAetSOU_4lyjM5hVMNzN0Q,2026-07-18 07:04:26,13200,143,28,119.93,120.18,0.07,0
mFvMC6K2emk,UCS2OAdHoLt-9T6cG9A2H49Q,2026-08-08 09:00:02,28576,156,16,120.0,120.0,0.0,1
mFvlkkOwwU4,UCrKSaegnzewdj9-YLsUhoZw,2026-07-31 00:21:35,11228,62,14,119.89,120.14,0.11,0
mG3iIxrGgMM,UCv0cBz_Vdmd84xYl7gKWwQA,2026-07-27 17:00:18,3227,43,0,120.0,120.0,0.0,1
mG7BsWzmtG8,UCg5-nd3qoNnz5dzkX-O0b8A,2026-07-29 10:06:15,320524,7217,302,119.9,120.15,0.1,0
mGXv7UfjBJc,UCV7WE8I_UiAN0fa6Arezx_w,2026-07-17 09:01:06,81,1,1,119.98,120.23,0.02,0
mGY_-t1m530,UC-yb5eNBQyXBE9nZnht9u-g,2026-07-12 15:15:18,55256,1061,21,120.0,120.0,0.0,1
mGi0vQY06v8,UCZNTsLA6t6bRoj-5QRmqt_w,2026-08-21 17:00:10,33208,779,26,119.76,120.01,0.01,1
mGlgjkPSos8,UCkcaRxpTcisadUeCbHOYTFw,2026-07-24 09:27:27,55882,695,85,119.8,120.05,0.05,0
mGw398fqLm8,UCN9VGDvz2M3vdR0czEUp6lQ,2026-08-15 22:00:09,2144,52,28,120.0,120.0,0.0,0
mGzcZJonyA8,UCbItyvYa6cqvqtwlU2E9-wA,2026-07-26 00:45:57,17656,833,8,119.99,120.24,0.01,1
mH2OENUE5VI,UChUNd9Dt96PzfB24BtVviHg,2026-07-28 09:00:38,544885,5776,33,119.99,120.24,0.01,1
mHAwOprHHyA,UCV7WE8I_UiAN0fa6Arezx_w,2026-08-15 12:00:25,32,1,0,120.0,120.0,0.0,0
mHXnufUnNt8,UCKrprPfevcAZpPuRnCO6xOA,2026-08-26 09:30:38,1596,10,1,120.0,120.0,0.0,0
mHb3YHUnqmM,UC1IUMdwaJ22A6FkPiI8dcig,2026-07-26 12:45:06,80355,1305,41,120.0,120.0,0.0,1
mHl7j3V0LRg,UCAVR6Q0YgYa8xwz8rdg9Mrg,2026-08-12 03:00:07,239130,17215,121,120.0,120.0,0.0,1
mHtL5MEPjmc,UC_m_uqd_9s0hZvlgfvCzqbQ,2026-08-19 11:32:53,992,2,0,119.96,120.21,0.04,1
mHvMlA3sIeU,UCjk9szhhsAO76PdH450mZNg,2026-08-17 13:29:41,2514,3,2,119.76,120.01,0.01,1
mILobmrPKzw,UC0-ZCUCeCQBwKU15x0Aqk_g,2026-08-08 02:00:09,301015,1411,37,120.0,120.0,0.0,1
mIWGLQTTF5E,UCElXDMEQqlUnuyDbChjARWQ,2026-08-09 03:04:56,1481,1,0,119.92,120.17,0.08,0
mIgi35GR7yM,UCAl4HWznMn7KhKBRFO5eiFA,2026-07-11 12:33:14,7013,38,0,119.95,120.2,0.05,1
mJFJ1uiKFPE,UC5bjQxLK_3XVzIOTQ04sYeg,2026-07-28 12:21:01,555,6,0,119.9,120.15,0.1,0
mJNTBlPp9qc,UC1p5kp09LAS3kpQB3O8YQJw,2026-08-07 15:43:02,2055,38,0,119.78,120.03,0.03,0
mJX7TLpzlAQ,UCAl4HWznMn7KhKBRFO5eiFA,2026-08-08 11:00:34,5879,46,0,119.99,120.24,0.01,1
mJneBDIGPp8,UCooLkG0FfrkPBQsSuC95L6w,2026-07-26 08:00:34,33656,401,20,119.99,120.24,0.01,1
mJp6RFgFvbw,UCjsqgRBvkn8XadWraSQxTKQ,2026-08-14 16:03:25,551,5,0,119.94,120.2,0.06,0
mK49zONlIbY,UCN8L7Z-dyzu9FzT39RM0fvw,2026-08-30 10:28:04,13681,132,147,119.8,120.05,0.05,0
mK6TZttzUdg,UCBTsPtRCh6ln3IRQFjhjh1A,2026-07-18 06:03:36,154404,903,275,119.94,120.19,0.06,0
mKHJeuc9xs4,UC0FUMakBJHsRrfKCGQuWnRA,2026-07-30 16:02:50,133682,1415,752,119.96,120.2,0.04,0
mKHvHqT4ctI,UCgeazIBHz3JS7ft7_nyj-0A,2026-08-30 08:00:23,72483,124,33,119.76,120.01,0.01,0
mKMH7D7pT-o,UCOTJtP0Z9DjpPU43B5m1V6A,2026-07-23 15:17:28,57699,615,11,119.96,120.21,0.04,0
mKsWTQX5fxo,UC5ScPjbt-a97AJO7SBj6nAg,2026-08-04 08:00:09,269244,5269,220,120.0,120.0,0.0,1
mKuGyIGjV2o,UCt8CJiye87FMbEwt0npPMuQ,2026-07-15 15:15:34,2132,112,16,119.99,120.24,0.01,0
mLFgoDrKUqg,UCt8CJiye87FMbEwt0npPMuQ,2026-08-27 17:00:28,58274,690,19,119.75,120.01,0.01,0
mLGYpoXN9aI,UCEcRvF_6IRSux8FO-ogFZug,2026-08-20 16:45:56,23774,713,50,119.99,120.25,0.01,0
mLOntDn96MM,UCI3DTtB-a3fJPjKtQ5kYHfA,2026-08-29 02:45:49,15023,40,2,120.0,120.0,0.0,0
mLSt45PWkbc,UCPv0av3PfTUeTnHGgcXkk8w,2026-08-02 00:00:37,6,0,0,119.99,120.24,0.01,0
mLew8At9IkU,UC78d2aaqdrt02RfmtRLmlAw,2026-07-27 11:00:35,62647,343,59,119.99,120.24,0.01,1
mLirSzcMBII,UCklDsqQMGPYIMpIhQ5Jz6jA,2026-08-01 01:30:39,18364,454,57,119.99,120.24,0.01,0
mM0UOvcReKI,UC1Il94cQwl93Zun8ax1Qjlw,2026-08-20 06:00:12,2378,8,0,120.0,120.0,0.0,1
mM6BqMZh7r4,UCV6mNrW8CrmWtcxWfQXy11g,2026-08-28 16:00:17,33649,1071,19,119.76,120.01,0.01,1
mMOrdeoYg50,UCPsZX-D7LW99PjZLA-UysPQ,2026-08-11 06:00:00,2585,27,13,120.0,120.0,0.0,0
mMmymIIZvB4,UCzDmGDR5RdahQkLCBoWlTEg,2026-07-24 09:00:25,51048,215,17,119.99,120.24,0.01,1
mMp2jwj3osA,UCkrNv6xF8j7QZmWb3UeAH8A,2026-08-19 09:02:54,1759,13,1,119.96,120.21,0.04,1
mMqw6pHBZfI,UCDLDbittWhk2KXvaCT0YpZQ,2026-08-13 09:00:04,61413,1388,87,120.0,120.0,0.0,0
mMtJviveMD8,UCbYO4SBywZ2oWv1u309oWmQ,2026-08-16 10:32:42,55345,670,52,119.96,120.21,0.04,1
mMv8cC_xEh4,UCp6n8d8Y8r3MwKNw_MMaouQ,2026-07-28 16:18:52,34007,1006,48,119.94,120.19,0.06,1
mMzXHOxWSc4,UCBTsPtRCh6ln3IRQFjhjh1A,2026-08-09 09:00:37,209116,1507,217,119.99,120.24,0.01,0
mN2hNAl_S7s,UCt8CJiye87FMbEwt0npPMuQ,2026-08-03 12:30:21,5099,139,19,120.0,120.0,0.0,1
mNIxGrr2qJ8,UCaMV-CjrWYh2Aefg_8iLwJQ,2026-08-14 04:00:34,136473,769,20,119.99,120.24,0.01,1
mNJY1-K1Deg,UCN5oT4zGJX-_H6pE5isAEeg,2026-08-29 08:00:16,233958,4995,244,119.76,120.01,0.01,1
mNOrvWHhxyA,UCqIwPYLfMd3EoWYwvyTjPnA,2026-07-26 07:00:19,8809,58,5,120.0,120.0,0.0,0
mNWyxnTzS3s,UCHoo90P0hvh2rrbGvX53G0A,2026-08-08 22:56:13,3533,42,2,119.82,120.07,0.07,0
mNfylwLVOHE,UCgWOZQvFZhGuqBCtjmee0XQ,2026-08-06 09:00:17,2348,45,16,120.0,120.0,0.0,0
mNsZmPhitCI,UCKVt3arMXfa6XZezR1UnjqQ,2026-07-18 22:00:02,6554,55,4,120.0,120.0,0.0,0
mNtxTFgCHvM,UCFHUplScMiWTjJrtv4hxWmg,2026-08-02 06:35:13,35475,269,67,119.92,120.17,0.08,0
mNzUcyQbm8w,UCkNUuK9EfixaK2HbJYZ5YrQ,2026-08-07 09:22:10,17376,984,56,119.88,120.13,0.12,0
mO--QFq8Y0k,UCbvvdVOF0teLO-U6GWh1RKg,2026-08-28 02:57:32,6800,22,4,119.8,120.05,0.05,0
mO-nZiGUAP0,UCCMQyaKDjQJY79VimTdaYYQ,2026-08-24 16:10:37,68062,356,481,119.83,120.09,0.09,0
mO0c3vILk38,UCg5Ew4lj74r_ohbc4AeQj1w,2026-08-07 09:27:14,28261,926,205,119.8,120.05,0.05,0
ePnWwdVOQow,UCPsZX-D7LW99PjZLA-UysPQ,2026-07-25 15:00:31,2566,25,11,119.99,120.24,0.01,0
ePtyss1q3Xk,UC4cKHOBS-nRfKFTwf1n8HGA,2026-08-01 02:00:24,26,,2,120.0,120.0,0.0,0
ePzxy1Bx3KE,UCNpcMizRJ73OJm48LszuytQ,2026-08-06 08:00:28,33997,732,22,119.99,120.24,0.01,1
eQ9lKRxPZjk,UC-8S20Ll1gzPiu_YY8BgyaQ,2026-08-15 13:29:15,108535,672,81,119.77,120.02,0.02,0
eQEGw6MJZ88,UCQyZh4b4TLaSVldnDWnh7fA,2026-07-23 06:38:48,2,0,0,119.86,120.11,0.11,0
eQKVk_6MXLQ,UCXS55IczImEf64aU16NzKlg,2026-08-07 08:00:19,781,6,16,120.0,120.0,0.0,0
eQTw3TyXubU,UCO8ToDSM2Gvt3EZdOdosxTw,2026-08-21 07:30:06,5067,82,46,119.76,120.01,0.01,0
eQcJJfT35es,UCvagJYsZ_uvB3jJoNwuimZQ,2026-07-26 12:11:55,10956,22,0,119.8,120.05,0.05,0
eQicpr76hi0,UCuZ862fZel1gq9RAf_OkvqA,2026-08-21 09:27:29,22290,248,152,119.8,120.05,0.05,0
eRE5kbng8DA,UCpcTrCXblq78GZrTUTLWeBw,2026-08-08 12:30:24,103195,811,55,120.0,120.0,0.0,0
eREGv2O_lgw,UCSfhr4gDPFsKuwdmTOWp2jw,2026-07-15 09:30:29,78,4,0,119.99,120.24,0.01,0
eRNzkCHEQPk,UCr4WCOxirRA-BzVu-MH_WqQ,2026-08-10 09:00:21,29491,216,37,120.0,120.0,0.0,1
eROFUIqK6d8,UC-okJdotaXPlzivRzHFqzuA,2026-08-25 02:59:22,102794,1574,42,119.77,120.02,0.02,0
eRRO4q4dWCU,UCpcTrCXblq78GZrTUTLWeBw,2026-07-26 12:00:22,347386,5280,427,120.0,120.0,0.0,0
eRYBQsPWSz0,UCV6mNrW8CrmWtcxWfQXy11g,2026-07-27 14:00:15,44793,1936,51,120.0,120.0,0.0,1
eRYEZ9K5yKg,UCuXE-MdbuaZcPt_2J2kSsSQ,2026-08-01 08:47:43,317,3,3,119.96,120.21,0.04,1
eRuNYBsI2hs,UCPsZX-D7LW99PjZLA-UysPQ,2026-08-21 09:00:30,326,4,1,120.0,120.0,0.0,0
eS-Ch2N6WOI,UCw1DsweY9b2AKGjV4kGJP1A,2026-08-16 08:30:08,242163,646,44,120.0,120.0,0.0,1
eS3uIN0uEvY,UC2WBkFH1nHcO6aFLWo6sZQg,2026-08-26 13:48:56,16963,678,2,119.95,120.2,0.05,0
eS5fxSyB0m4,UCp6n8d8Y8r3MwKNw_MMaouQ,2026-08-14 19:30:29,3292,69,1,119.99,120.24,0.01,1
eSD2u0-5q_o,UCVZI7eLie2UlZph6aiBRNrw,2026-08-10 06:54:19,150707,1517,570,119.85,120.1,0.1,0
eSS_rsPivuk,UCI3DTtB-a3fJPjKtQ5kYHfA,2026-08-19 03:00:13,4585,62,1,119.76,120.01,0.01,0
eSZtCColTm8,UC59jWhPazXYi8Ny4vake45A,2026-08-09 11:06:59,220027,6199,67,119.89,120.14,0.11,1
eSjlwxaB0J0,UC-8S20Ll1gzPiu_YY8BgyaQ,2026-08-24 08:00:22,40671,339,6,119.75,120.01,0.01,1
eSuxffQza4w,UCw1DsweY9b2AKGjV4kGJP1A,2026-08-08 08:00:32,31926,107,36,119.99,120.24,0.01,0
eT2tto8zXTY,UC1sELGmy5jp5fQUugmuYlXQ,2026-08-01 15:00:18,544802,22423,575,120.0,120.0,0.0,1
eT3m944zS6M,UCpX86JOUhnrzG7MK8e8Gjbw,2026-08-12 09:42:11,21747,64,1,119.8,120.05,0.05,1
eT6tvFSrWWU,UCRE-9quk3OT2OKgZFAgdN_g,2026-08-02 17:53:40,4417,40,8,119.86,120.11,0.11,0
eT8ILJ3npJU,UCc1VJX_5Z2RdGi58XU4IfbA,2026-08-19 14:59:52,51619,262,0,119.76,120.01,0.01,0
eTMQRRbEAkM,UCN5oT4zGJX-_H6pE5isAEeg,2026-08-07 09:13:42,55894,760,45,119.78,120.02,0.02,0
eTMtlUQbxGA,UCSzHok6X5qXEO7cjvVnE62g,2026-07-22 12:00:03,368516,3666,78,120.0,120.0,0.0,1
eTONZhQf9M0,UCV7WE8I_UiAN0fa6Arezx_w,2026-08-05 14:00:13,31,0,0,120.0,120.0,0.0,0
eTQAlHy1bDo,UC-S8JFhLkQ5enhB70c2CYIw,2026-07-30 11:00:10,206123,5194,483,120.0,120.0,0.0,0
eTUZ-jwrCeg,UC9nWoDbRAl3-fvreBNeStKQ,2026-08-24 08:15:24,39838,559,165,120.0,120.0,0.0,0
eTV7BrUwtXc,UC8E29ANOC3_OuB7_5EPY2xw,2026-08-31 02:15:30,3640,15,1,120.0,120.0,0.0,0
eTd3qO9jHMQ,UCwfbSsZ7_sccxcibe60mWlQ,2026-08-13 06:02:21,36353,224,22,119.96,120.21,0.04,1
eTqDCOTyLnc,UCepHesz_5Lwr7qRaqjB-p1A,2026-08-14 03:00:04,73019,1090,349,120.0,120.0,0.0,0
eUTghoVagRM,UCpcTrCXblq78GZrTUTLWeBw,2026-07-16 10:30:25,35765,410,45,119.99,120.24,0.01,0
eUb7MaeD8Kg,UCAl4HWznMn7KhKBRFO5eiFA,2026-08-23 12:26:47,14412,88,4,119.81,120.06,0.06,1
eV-HXuUsChw,UCB4YEVYp6LynBpz7bXyZsTg,2026-08-25 11:30:30,69926,445,101,120.0,120.0,0.0,0
eV-OhTEfwbI,UCQzgMwT5Q6x-Mtq65HRS_0Q,2026-07-26 14:52:45,0,0,0,119.87,120.12,0.12,0
eV-diXz2f8g,UC5Yx9RlmznXDUEIrfoSqheA,2026-08-14 04:51:17,192,5,0,119.9,120.15,0.1,1
eV0spKfoDmU,UChKYbZ9fSz8DMM6wU-t1lMQ,2026-07-29 10:00:38,2285,50,11,119.99,120.24,0.01,0
eV7I_s55FGg,UCZNTsLA6t6bRoj-5QRmqt_w,2026-08-27 15:00:04,91472,1266,138,119.76,120.01,0.01,0
eVDrXNVlCJw,UCS7gEaMmBPAaI8dHNnrSofg,2026-07-24 09:36:30,44171,,47,119.89,120.14,0.11,0
eViMZzHwP9U,UCPI40-XQA9-GBGj2k8PPqfg,2026-08-01 08:50:18,92267,1133,219,119.91,120.16,0.09,0
eVjMPvFFEQE,UCL0iDYdWkQuu794bvGCD52A,2026-08-27 02:59:02,93415,1085,198,119.78,120.03,0.03,0
eVmfTTkgaOo,UC_2x8h1QrTHOO0i4Yiss-ww,2026-07-30 22:00:34,86913,982,37,119.99,120.24,0.01,1
eVsVAhUrF6E,UCby0vMKcLR05ZdS90aZd5og,2026-07-13 06:55:28,27748,21,0,119.83,120.08,0.08,1
eW5zDipDO8I,UCAl4HWznMn7KhKBRFO5eiFA,2026-08-16 13:02:53,15678,120,6,119.96,120.21,0.04,0
eWNOi1k9h-c,UCv1tOT645xHOJrwdGlzjMaA,2026-07-18 02:00:40,10661,169,39,119.99,120.24,0.01,0
eWSNyIhhXQ8,UCFHUplScMiWTjJrtv4hxWmg,2026-08-19 10:44:55,61015,524,64,119.76,120.01,0.01,0
eWZfBaW1zdQ,UCIKORyfTZ0cN-u0hrxHcgUw,2026-08-15 11:15:42,76,6,1,119.99,120.24,0.01,0
eWafazNBCAs,UCGVy07wZs8W-EpKAGchrmCQ,2026-08-31 07:14:20,26328,71,38,119.78,120.03,0.03,0
eWi4ZZYNljc,UCZFGZ_LhwgiTxaJzJ0QGdFw,2026-08-25 00:23:18,5444,13,0,119.87,120.12,0.12,0
eWk2G0I9v60,UC5pdoCANExIVI4yf6DVoxew,2026-07-11 15:11:50,110,0,3,119.8,120.05,0.05,0
eWtgvSTKx3s,UCxPMcxq7WJ32M3lnFn58Cpg,2026-08-07 10:28:27,1071,3,4,119.78,120.03,0.03,1
eWwglCxcVEA,UCq0fwcojiA7ztN0FgTEgfXA,2026-08-04 06:01:33,70,1,0,119.98,120.23,0.02,0
eX-Sqx8cCrM,UCifCesg-EUkjKyQedaB3hRg,2026-08-06 23:17:04,1903,24,1,119.97,120.22,0.03,0
eX2rpu5E5l8,UCzDmGDR5RdahQkLCBoWlTEg,2026-07-19 09:10:03,56272,727,16,119.83,120.08,0.08,1
eXBthm9SLGo,UC3_QWAvQRhPW4CDoQU8acKw,2026-08-01 08:16:59,388150,4539,148,119.97,120.22,0.03,0
eXK7lLlEVWk,UC2yOBpLVwB7kzt9C5ZPbB7w,2026-08-26 10:00:29,71943,956,46,120.0,120.0,0.0,1
eXUbShYiSEo,UCN7FA8FwikP2p5Vrs5kiivw,2026-07-28 21:00:26,15312,197,14,119.99,120.25,0.01,1
eXgUCQnd9Tc,UCp6n8d8Y8r3MwKNw_MMaouQ,2026-07-27 16:30:27,25215,658,14,120.0,120.0,0.0,1
eXmSS7aAEmQ,UC027x98NgUBw9K4aPT8k0mg,2026-07-30 13:00:16,51780,400,105,120.0,120.0,0.0,0
eYCovfYjl_k,UCDmmbxGg8g-EBkC_ku6vybg,2026-07-28 11:01:05,53868,915,509,119.98,120.23,0.02,0
eYNT_FN74OY,UCroIk85IFzp6OZzKoJFDKuA,2026-08-01 10:01:00,4033,19,6,119.99,120.24,0.01,0
eYRnd66bcWU,UCwfbSsZ7_sccxcibe60mWlQ,2026-08-09 15:00:33,12167,58,11,119.99,120.24,0.01,0
eYYSFDJ9R_I,UCbFLnCfOet-u_kFyA7uX-9Q,2026-08-10 19:18:12,2422,25,0,119.95,120.2,0.05,0
eYaHaR2L5Vk,UCU0-6z_KU9AShyR9J6gcFGw,2026-08-23 01:32:15,529,10,0,119.97,120.22,0.03,0
eYb-CBkwHuY,UCDmmbxGg8g-EBkC_ku6vybg,2026-07-29 03:00:07,102966,1573,690,120.0,120.0,0.0,0
eYp3OhjcfUs,UC3Oe-jfrIqEGygxYBYyN6jQ,2026-08-02 13:35:32,15163,192,0,119.91,120.16,0.09,0
eYt-vO2obvQ,UClWTMxooQefOLUV0TRcJ1Eg,2026-08-25 08:30:04,5691,204,14,119.76,120.01,0.01,0
eZFD1iATBsA,UCuXE-MdbuaZcPt_2J2kSsSQ,2026-07-12 08:19:42,1171,2,0,119.92,120.17,0.08,1
eZK3bt3h1nM,UCw1DsweY9b2AKGjV4kGJP1A,2026-08-15 09:30:01,1180965,3527,99,120.0,120.0,0.0,1
eZOKjAoMKAQ,UCdF0eCyf5np3lPO4y1fJVdw,2026-08-31 07:45:30,2051,62,6,120.0,120.0,0.0,0
eZPZbW4KXt4,UCL_IvtOZo6sONpiydbzzHpA,2026-08-13 07:45:31,40220,629,149,119.99,120.24,0.01,0
eZYIdFyRBQM,UCnCFD3met1Ip7OngdF9TRDg,2026-08-07 04:17:09,15593,158,8,119.97,120.22,0.03,0
eZgce-c_ZTo,UCl-VnCUwSxDr5zPu-YlDUYw,2026-08-02 08:00:22,40280,988,35,120.0,120.0,0.0,1
e_-fNV61oL0,UCpwGBltfwjd_fIzp5cb5R0w,2026-08-31 08:51:31,97674,2428,164,119.9,120.15,0.1,1
e_4AgXfT0PY,UCE3q8VKqIT_vOL4b9Nl8chA,2026-08-12 22:16:21,6518,131,13,119.98,120.23,0.02,0
hAXRcqGT6jQ,UCGa52d8Qlv3THghuCAt_nXA,2026-08-11 08:30:01,34120,363,18,120.0,120.0,0.0,1
hAfN0nW5Hm0,UCqIwPYLfMd3EoWYwvyTjPnA,2026-07-16 03:00:01,12462,49,8,120.0,120.0,0.0,0
hAsZ3YmiT7U,UC-okJdotaXPlzivRzHFqzuA,2026-08-20 02:59:28,70025,1027,32,119.76,120.01,0.01,0
hB-_K_IE-a8,UCab17MxxnFtAhGsJVTkSkCg,2026-07-30 10:10:59,887,14,0,119.82,120.07,0.07,0
hBNXjTY8c68,UCPsZX-D7LW99PjZLA-UysPQ,2026-07-23 03:00:39,1397,10,6,119.99,120.24,0.01,0
hBTvIkpY6MA,UCV7WE8I_UiAN0fa6Arezx_w,2026-08-29 00:00:12,195,0,0,119.76,120.01,0.01,0
hBbhycmZRq4,UCN5oT4zGJX-_H6pE5isAEeg,2026-08-13 03:00:05,1364280,30148,1142,120.0,120.0,0.0,1
hBePymm7pRI,UCZ_xE8U6MVnpwefrYvl2uvA,2026-08-13 03:00:17,344,2,0,120.0,120.0,0.0,1
hBnkJvTwgis,UCztGUZP5cCuIZDViaJanLKQ,2026-08-30 11:24:53,64820,251,129,119.85,120.1,0.1,0
hC-uOlQVM8A,UCkphwoGMBs2_0raLOqu9aQw,2026-08-06 12:00:12,91,4,5,120.0,120.0,0.0,0
hC2MEeVWX7Q,UCbeQg95cAxVRsxxh6FyilxA,2026-08-28 07:58:07,24833,69,5,119.79,120.05,0.05,1
hCC99UZk2pI,UCzDmGDR5RdahQkLCBoWlTEg,2026-07-19 09:00:04,12808,142,20,120.0,120.0,0.0,0
hCE4xzTQsLE,UCV6mNrW8CrmWtcxWfQXy11g,2026-08-31 12:00:19,128372,4615,71,119.76,120.01,0.01,1
hCL5visu09Y,UCtLWxhEMKOio-GzdVJ1CVhg,2026-07-25 14:01:34,7585,184,9,119.98,120.23,0.02,1
hCN1iJeX26s,UCYS2NvZlSjrxZfnn1v7b3QQ,2026-08-22 16:02:04,22,1,0,119.98,120.23,0.02,0
hCSrVjpz7FI,UCGnPlyGohS5b_g84v4D2OIQ,2026-08-25 20:15:08,428,3,2,119.76,120.01,0.01,0
hCcvMDAYp5E,UC-yb5eNBQyXBE9nZnht9u-g,2026-08-02 13:13:15,10332,411,4,119.78,120.03,0.03,1
hCq2y4QGPcc,UCpcTrCXblq78GZrTUTLWeBw,2026-07-28 15:00:20,465904,10985,624,120.0,120.0,0.0,0
hD07NOU5-54,UCF-rFAdN7dzd-SI2T3rkCaQ,2026-07-14 13:02:07,52744,608,30,119.97,120.22,0.03,1
hD37op5EiWc,UCei_ecYpQqFjYhjLaDPr2Lw,2026-07-21 20:26:57,114,2,0,119.8,120.05,0.05,0
hDC78NjMZFs,UCI3DTtB-a3fJPjKtQ5kYHfA,2026-08-28 01:25:01,4396,4,0,119.84,120.09,0.09,0
hDH0MEAYyDs,UCN8L7Z-dyzu9FzT39RM0fvw,2026-08-02 02:04:32,12220,170,48,119.93,120.18,0.07,0
hDTLTfG1-3g,UCY_vDlvG-BTDRIOk_I9QQ6g,2026-08-01 01:57:09,2850,37,3,119.8,120.05,0.05,0
hDZd1H4jLpM,UCsRiYH-VrZ2mYsohk7GhLdQ,2026-08-31 09:00:31,124387,2096,87,119.75,120.01,0.01,1
hDcYt5TydD0,UCp6n8d8Y8r3MwKNw_MMaouQ,2026-08-18 14:30:37,10299,466,5,120.0,120.0,0.0,0
hDhvOS6RU_U,UCyU5JQ8KVRD9jE4E_xLsHxw,2026-08-13 09:00:39,33,0,0,119.99,120.24,0.01,0
hDm4NmS43wU,UCpwGBltfwjd_fIzp5cb5R0w,2026-08-30 00:30:06,331600,5239,300,119.76,120.02,0.02,1
hDn00RkKuTs,UCTmniSiCVyG_UKVCEa9PNKA,2026-07-22 04:12:27,417,12,1,119.8,120.05,0.05,0
hE-deQl1u4Y,UCrKSaegnzewdj9-YLsUhoZw,2026-07-31 04:39:48,34437,226,79,119.84,120.09,0.09,0
hE43ubOP8Q0,UCz5LAkkX66OAW-y_WiWf9vA,2026-08-16 07:25:19,18155,40,6,119.83,120.08,0.08,1
hEEp0nYRqw4,UCcvKf8NxAw9i09hZw1MQPBQ,2026-07-26 09:00:22,51220,930,1016,120.0,120.0,0.0,0
hEI22uzHqGA,UC9M8GGVwPqc9ubNruArCNPg,2026-08-27 09:00:32,10408,79,11,120.0,120.0,0.0,0
hEJPLbORgdM,UCO94iFhOhtdGb4Ze5DUAtbw,2026-08-10 07:00:34,6254,168,29,119.99,120.24,0.01,0
hEL5kMpLPg8,UCrGNa63AQ-rcINIoE_UqdxA,2026-07-18 00:39:03,64,3,0,119.85,120.1,0.1,0
hEVlTA6140w,UCby0vMKcLR05ZdS90aZd5og,2026-08-15 12:38:03,4397,5,0,119.87,120.12,0.12,1
hEfMDlRot6Y,UCOTJtP0Z9DjpPU43B5m1V6A,2026-08-24 14:55:54,58779,606,20,119.83,120.08,0.08,0
hEmosNHr0DE,UC-FiQR2gg8oiNw98ZdsSX6Q,2026-08-19 04:00:05,1607,12,1,119.76,120.01,0.01,0
hEo38-813AY,UCRE-9quk3OT2OKgZFAgdN_g,2026-08-27 15:16:24,2522,5,0,119.99,120.24,0.01,0
hEqFm6xJksE,UCPuD5ZRQWa_JCaY5NokNhtg,2026-08-17 06:48:35,545,13,5,119.94,120.19,0.06,0
hF9h8dyNfHU,UCUbOogiD-4PKDqaJfSOTC0g,2026-08-06 12:16:47,123746,238,9,119.97,120.22,0.03,1
hFAOFO-LVHw,UCXAXCxTCCYYKsLJNzEvjqfw,2026-08-11 12:10:05,74961,967,339,119.83,120.08,0.08,0
hFAnfq-mi1A,UC1Il94cQwl93Zun8ax1Qjlw,2026-08-16 04:27:24,2205,5,4,119.8,120.05,0.05,1
hFjCVhRBM3c,UC7loyhgCm1NRTtyF36hO-jA,2026-07-21 10:07:08,64169,819,107,119.88,120.13,0.12,0
hFkkoB8PcdY,UCifCesg-EUkjKyQedaB3hRg,2026-07-26 01:11:40,189932,2179,15,119.81,120.06,0.06,0
hFzewz73pkU,UC5ThQKdocwo_9UurfT5P_ww,2026-08-14 15:10:40,846578,7474,211,119.83,120.07,0.07,1
hGGG1f-rrfI,UCEcRvF_6IRSux8FO-ogFZug,2026-08-01 17:42:17,44546,986,53,119.8,120.05,0.05,0
hGkB5G7B0pE,UCO8ToDSM2Gvt3EZdOdosxTw,2026-08-04 06:30:11,7094,45,48,120.0,120.0,0.0,0
hGkUG7rYh_Y,UC08-hQbwh7eyr8PlaYG2-sQ,2026-07-16 10:00:36,15522,239,206,119.99,120.24,0.01,0
hGyVdE2IpCc,UCYGF_xk5RDpltyZDSx040uw,2026-08-22 03:12:49,77753,913,25,119.8,120.05,0.05,1
hGyf1KUqYDc,UCADf92tisOOh90hrZee4-LA,2026-07-14 12:11:38,181445,892,18,119.81,120.06,0.06,1
hH0UuX91ufg,UCBA9XaL5wCdHnC5EmEzwrqw,2026-08-26 09:00:06,263382,1109,96,119.76,120.01,0.01,0
hH9tLJyxLCQ,UC3ozN5tHi449NhCDE6Xtmwg,2026-08-17 12:54:59,37079,280,19,119.84,120.09,0.09,1
hHVd9mTvlis,UC1Ns07Rw0lQK-KuaPHfRRTw,2026-08-23 15:16:15,70,0,0,119.99,120.24,0.01,0
hHWC30VsOfk,UCr4WCOxirRA-BzVu-MH_WqQ,2026-08-19 13:00:08,5420,33,1,119.76,120.01,0.01,1
hHYUerpdvJ4,UCXCa03lRK6tlntZoJ7TUWRw,2026-07-27 02:00:02,187993,4028,239,120.0,120.0,0.0,1
hHb2tvLq09U,UCPuD5ZRQWa_JCaY5NokNhtg,2026-08-02 03:47:42,453,10,2,119.96,120.21,0.04,0
hHbFZi0jLY0,UCqjUPx-UAFHVvthd71bY7_g,2026-07-27 02:56:10,5902,47,13,119.82,120.07,0.07,1
hHdxRi_QP7c,UCYM01qjjE_hmqFQAmOo-lNg,2026-08-27 14:47:19,2778,10,0,119.97,120.22,0.03,0
hHhIEFJh8kU,UC9JlObZnbOirT4_iyPGrdcw,2026-07-17 13:00:26,50079,352,83,119.99,120.24,0.01,0
hHjdaJKUafQ,UCzDmGDR5RdahQkLCBoWlTEg,2026-07-11 09:10:21,18716,179,2,119.83,120.08,0.08,1
hHwD9uSm6hw,UCkrJBQAut47U8xMUuv8D_3g,2026-08-23 08:08:20,16117,639,111,119.88,120.12,0.12,0
hI-SegUs26Q,UCTNyl3P7q6PNhPddh6d7WJQ,2026-07-11 20:58:55,25,2,0,119.77,120.02,0.02,0
hI4gWyYCUlg,UCjUnlBpn0Z1L450g79fniRg,2026-08-13 23:00:17,1055,2,0,120.0,120.0,0.0,0
hIZi1p5X06k,UCawK5EIfr66Z7fjAlZgfB2g,2026-08-29 02:35:12,8517,,0,119.92,120.17,0.08,0
hIcb9aNo9sI,UC0aKwoKNeqBaUwiEXmkQaGQ,2026-08-30 03:00:15,356681,6264,261,119.76,120.01,0.01,1
hIllcAXbSww,UCepHesz_5Lwr7qRaqjB-p1A,2026-08-19 03:00:28,97722,1543,307,120.0,120.0,0.0,0
hIzOPe6XkQ0,UCPuD5ZRQWa_JCaY5NokNhtg,2026-08-08 02:46:31,824,7,5,119.98,120.23,0.02,0
hJ0laO4n9DY,UCAl4HWznMn7KhKBRFO5eiFA,2026-07-18 13:35:06,16063,71,0,119.92,120.17,0.08,0
hJ6-w6PUu-4,UCVipGmBXqbYKNODNzVCN86w,2026-08-24 14:33:29,28335,766,10,119.95,120.2,0.05,1
hJJWWO2dLMY,UC6JB_a6rD1lZ_aZgQvORfrQ,2026-08-12 15:39:21,530,29,0,119.85,120.1,0.1,0
hJMKiyX7Jek,UCklDsqQMGPYIMpIhQ5Jz6jA,2026-08-15 02:00:12,18619,342,63,120.0,120.0,0.0,0
hJhcBk0wGR0,UCpcTrCXblq78GZrTUTLWeBw,2026-07-18 16:04:35,4103576,18768,156,119.92,120.17,0.08,1
hJjMtFK42C0,UCdK9h1ILxS49c2LguBUY3rw,2026-08-16 11:30:39,9,2,0,119.99,120.24,0.01,0
hJna6JWzSd0,UCvPDPTxTLitVEyGu4Xt6m8g,2026-07-10 10:01:01,29057,227,24,118.75,122.61,1.25,0
hKz-udHb5mw,UCXg-6b0X0sIMBDHhbyBuOQg,2026-08-11 09:00:25,115,5,0,120.0,120.0,0.0,0
hL5F15nWsd4,UCRCK5FCJtomQT3b88jXI_DA,2026-07-28 03:00:31,23628,,,119.99,120.24,0.01,0
hLHvA3mXUv4,UChfs1dQ5phBDBWZJ1hHLbUA,2026-08-15 09:57:29,84133,708,52,119.8,120.05,0.05,0
hLSIFYPlxpY,UCpTNtH8yc1Kdl_YFfsQsTYA,2026-07-24 23:32:24,7895,22,0,119.96,120.21,0.04,0
hLYiR0rASUM,UCZ6mNZTiTUrUSbSYPlclI4A,2026-08-15 07:15:37,12409,284,20,119.99,120.24,0.01,1
hLZFu5lTwec,UCos3GN2gX0wLcfuhOAiMotQ,2026-08-19 13:51:43,113459,1257,47,119.9,120.15,0.1,1
jowYKIhyeFA,UC1aBdmKvC6yAiq4xgPLOzKA,2026-08-09 03:36:46,72152,819,25,119.89,120.14,0.11,1
jp--BTy_8lE,UC1dG3vI9FfHnH3YgyeKUz_A,2026-07-15 13:30:32,226630,1137,226,119.99,120.24,0.01,0
jp1H6XnSTFM,UCOTJtP0Z9DjpPU43B5m1V6A,2026-07-30 12:00:16,286604,1606,46,120.0,120.0,0.0,1
jp6QTGBnXss,UChLqHuZV0PENIBYxDgXyPLQ,2026-07-13 11:51:28,38333,898,27,119.89,120.14,0.11,1
jp8q5GW3GMQ,UCJDXc9JWCZo-nLNKr_-L2Ng,2026-08-29 19:30:03,2487,83,3,119.76,120.01,0.01,0
jp8tm3v4iHc,UCfu0Obl3n0MmVFK110oDGUw,2026-08-09 10:54:49,7830,139,38,119.84,120.09,0.09,0
jpCzZpOgISk,UCAhmOb9JWkI2HV_KIe9X_3A,2026-08-11 09:00:01,2535,87,0,120.0,120.0,0.0,0
jpNssadVVT4,UCpX86JOUhnrzG7MK8e8Gjbw,2026-08-31 08:45:23,54338,239,155,119.76,120.01,0.01,0
jpRH4V-N32E,UCA9f2-9fUklMMOaz8vKW7Jw,2026-08-06 02:34:07,98,0,0,119.93,120.18,0.07,0
jpU7jsBpDBw,UCyoKcrOcBEY4rmLYkDuXErA,2026-08-14 09:00:31,37916,472,12,120.0,120.0,0.0,1
jpZOIdKtE7E,UCQhIdo5nRQY9DB3uo7vawtw,2026-08-25 16:31:17,3895,28,4,119.99,120.24,0.01,0
jpiZvXyb4e0,UC4VWaR3R17Ruc7j1Cy1-PKQ,2026-08-09 02:29:26,106,6,6,119.76,120.01,0.01,0
jplZTlU6duY,UCXQoI3upwKr47JAiVaYkvIw,2026-07-23 08:59:25,10016,112,17,119.76,120.01,0.01,0
jpmVuZ5G3-E,UCw1DsweY9b2AKGjV4kGJP1A,2026-08-27 08:04:34,71665,124,41,119.94,120.19,0.06,0
jpq5ebI4-x8,UCR1ctqL11HoxQkbSkoUAYeA,2026-07-22 08:00:14,11601,211,62,120.0,120.0,0.0,0
jpwz_EsCqPs,UCKVt3arMXfa6XZezR1UnjqQ,2026-08-27 22:00:03,16221,34,2,119.76,120.01,0.01,0
jq-CxX-qCPs,UCqVkQsNin4MdGFrWvzFVOKw,2026-08-21 15:36:01,1133,59,2,119.91,120.16,0.09,0
jqGLqQnqsdI,UCw1DsweY9b2AKGjV4kGJP1A,2026-08-03 08:03:38,13858,48,14,119.94,120.19,0.06,0
jq_y5PLAdxA,UC5ThQKdocwo_9UurfT5P_ww,2026-08-09 01:51:21,265843,3146,75,119.9,120.15,0.1,1
jqaz-RSlk5M,UCV7WE8I_UiAN0fa6Arezx_w,2026-07-24 18:00:20,46,0,0,120.0,120.0,0.0,0
jqk-oRItO3c,UCpcTrCXblq78GZrTUTLWeBw,2026-07-20 01:30:03,740253,3395,331,120.0,120.0,0.0,0
jqkUiff_Sp0,UCp6n8d8Y8r3MwKNw_MMaouQ,2026-08-09 20:13:42,3650,56,5,119.77,120.02,0.02,0
jqlYGIRz9p0,UCIzbqIyEUxtFLYh_sCDoXpw,2026-07-30 15:00:16,401710,2988,81,120.0,120.0,0.0,1
jr3ZIv9f73Q,UCtGMgPWJNU2Aj-SNK0zg0Sg,2026-07-27 09:30:02,32920,332,20,120.0,120.0,0.0,1
jr4hFJmEAxk,UC4VWaR3R17Ruc7j1Cy1-PKQ,2026-08-06 06:38:24,100,1,0,119.61,120.11,0.11,0
jr6_4BxELxE,UCQJuZxeDv2P05YHcC-tIEVQ,2026-08-23 11:00:08,19702,515,119,119.76,120.01,0.01,0
jrB1m8aNCSw,UCoSniqkitCpxlHrQd5L8A1w,2026-08-03 12:36:13,18610,178,2,119.9,120.15,0.1,1
jrKOJFYwaNI,UCqVZTizoA2wQKOj_xaDt10Q,2026-07-22 12:49:39,154,4,0,119.93,120.18,0.07,1
jrZDRP_mqGo,UCp6n8d8Y8r3MwKNw_MMaouQ,2026-08-20 15:54:05,6786,176,5,119.85,120.1,0.1,1
jraQhaoRufw,UCBo7GIv99qTzHaa6ip09YLA,2026-08-12 14:45:11,97,0,0,120.0,120.0,0.0,0
jrhrw5cWiN8,UCLHwMFguUxHVSk91vzicEJw,2026-07-18 13:00:14,93019,1012,119,120.0,120.0,0.0,0
jrrSsPwtWdI,UC1Ns07Rw0lQK-KuaPHfRRTw,2026-08-04 14:56:14,32,0,0,119.82,120.07,0.07,0
jrt-w4hvwD4,UCuwnt_REmD4YsCtFJRoqjFw,2026-08-25 04:00:07,40145,191,22,119.76,120.01,0.01,1
jrvhKk_wmmU,UCV6mNrW8CrmWtcxWfQXy11g,2026-07-23 02:00:32,39445,1270,12,119.99,120.24,0.01,1
jsGRsUgAzAY,UC08-hQbwh7eyr8PlaYG2-sQ,2026-07-31 10:00:17,18221,220,386,120.0,120.0,0.0,0
jsH-zVIplH8,UC9qwDE50UcXvdplRNZKEoPA,2026-08-11 08:00:18,38248,1073,22,120.0,120.0,0.0,1
jsK9Q5DCUWQ,UCADf92tisOOh90hrZee4-LA,2026-08-15 09:09:48,355428,2679,44,119.84,120.09,0.09,1
jsPVMh-InRI,UCzDmGDR5RdahQkLCBoWlTEg,2026-07-12 06:28:41,20211,86,4,119.77,120.02,0.02,0
jsbcA-nGgKk,UCuZ862fZel1gq9RAf_OkvqA,2026-08-12 19:09:42,21631,216,68,119.84,120.09,0.09,0
jsdTp380dPQ,UCA9f2-9fUklMMOaz8vKW7Jw,2026-08-12 16:51:07,6599,16,0,119.9,120.15,0.1,0
jspsuIgwr2Y,UCL_IvtOZo6sONpiydbzzHpA,2026-08-30 04:18:37,26065,411,25,119.95,120.2,0.05,1
jtKWxlhjA_o,UCgO8sNnksVuKcuTVTQKSK3A,2026-08-19 09:00:10,43719,595,194,119.76,120.01,0.01,0
jtXIM1d88vQ,UCIb0mO7d6_6WsPYDFLQZnTQ,2026-08-02 13:43:28,48,7,2,119.78,120.03,0.03,0
jttWLUQpxEU,UCuWcjpKbIDAbZfHoru1toFg,2026-08-13 09:03:06,9210,531,51,119.95,120.2,0.05,0
ju2bxTpq9CE,UC5grrciAyUF4xjd42XhV-1Q,2026-07-17 08:40:42,3972,,0,119.82,120.07,0.07,0
ju4pQWtsWXE,UCksGX0hODm1Ev6mysrToMqg,2026-08-01 08:00:14,16925,397,33,120.0,120.0,0.0,1
juBoCx_x3h0,UCUae69frfqpKOB3BUMdX5Qw,2026-07-17 08:00:38,4326,110,33,119.99,120.24,0.01,0
juCc6cxTxlY,UC1Ns07Rw0lQK-KuaPHfRRTw,2026-08-29 02:30:33,54,0,0,120.0,120.0,0.0,0
juChKc_gXk8,UCV7WE8I_UiAN0fa6Arezx_w,2026-07-19 18:00:17,177,0,0,120.0,120.0,0.0,0
juD0XWtB8gY,UClHTjLVog7CkRF8tYJuNXXQ,2026-07-26 14:16:31,1339,32,1,119.98,120.23,0.02,1
juUjIvaMzvA,UCOLDn9gw0yegXRgjoi5MzNQ,2026-08-07 15:18:48,497,14,2,119.94,120.19,0.06,0
juZAe8ZPpVw,UCNRnCc0hg3ZcKdOGXKKv5Ww,2026-08-19 06:36:01,2580,29,3,119.91,120.16,0.09,0
jucaVkDOWa4,UCdb5lyq0tWbY3jqH35SufmA,2026-08-26 03:00:21,40591,225,42,119.76,120.01,0.01,0
jucoPfi4_Kg,UCYS2NvZlSjrxZfnn1v7b3QQ,2026-08-26 16:00:29,2,0,0,119.75,120.01,0.01,0
judsLT5xa3I,UC1Ns07Rw0lQK-KuaPHfRRTw,2026-07-24 17:39:25,8,0,0,119.84,120.09,0.09,0
jumLhTsTiS4,UCp6n8d8Y8r3MwKNw_MMaouQ,2026-07-27 12:00:22,1106,36,3,120.0,120.0,0.0,0
jv2hkZX6YOQ,UC0PMQXAwF6O6aeTpv962miA,2026-08-24 12:05:23,35329,423,59,119.67,120.17,0.17,0
jv462zojX6E,UC3_QWAvQRhPW4CDoQU8acKw,2026-08-19 06:59:52,38065,653,126,119.76,120.01,0.01,0
jvDAew80BpE,UCDHGqgpiHQAsE0UiltRqhfQ,2026-08-13 09:29:52,26871,51,46,119.76,120.01,0.01,0
jvU49zQLkLs,UChT8p_5ebGSg3rn8qzskP3g,2026-08-28 09:00:43,134245,1706,235,120.0,120.0,0.0,0
jvUAsu7Yjqk,UCfIFEUxDE0kRkZh4yfEBEvA,2026-08-06 09:04:22,2332,11,2,119.93,120.18,0.07,1
jvWpBiA7vsQ,UCab17MxxnFtAhGsJVTkSkCg,2026-08-17 11:18:31,645,20,1,119.94,120.19,0.06,0
jvdRpUst6jg,UC6oq8RPEH1BmtyldQgXVbJw,2026-08-06 16:10:07,3645,47,19,119.83,120.08,0.08,0
jvuJ4mBlxlc,UCpn9dP1b5BhBsU9SduEz1hA,2026-08-21 16:00:27,71005,271,15,120.0,120.0,0.0,1
jvuKVp8uzIc,UCADf92tisOOh90hrZee4-LA,2026-08-12 08:58:21,231621,2002,63,119.78,120.03,0.03,1
jvuzNJ80bD8,UC-S8JFhLkQ5enhB70c2CYIw,2026-08-21 11:00:21,233514,4307,271,120.0,120.0,0.0,0
jwDpyz3tUMQ,UCM7ccuD_XdAXSTuhVrLUo9A,2026-08-09 12:24:41,9,1,0,119.84,120.09,0.09,0
jwPn52jKx7Q,UCw1DsweY9b2AKGjV4kGJP1A,2026-08-06 10:03:32,93264,279,105,119.69,120.19,0.19,0
jwQsIUQ688w,UCt8CJiye87FMbEwt0npPMuQ,2026-07-28 14:00:00,69326,2323,185,120.0,120.0,0.0,0
jwfUg0ZrTJA,UCN5oT4zGJX-_H6pE5isAEeg,2026-08-09 22:00:30,1558760,19575,1002,119.99,120.24,0.01,1
jwmNo2TutJs,UC6oq8RPEH1BmtyldQgXVbJw,2026-08-12 03:48:54,4445,66,16,119.94,120.19,0.06,0
jwxjNdNBdtQ,UCzDmGDR5RdahQkLCBoWlTEg,2026-08-10 03:00:29,21837,67,5,120.0,120.0,0.0,1
jx8-r5FDZ6s,UCl402YYy7RcH7PBI3npmGPQ,2026-08-26 09:24:35,134403,701,163,119.85,120.1,0.1,0
jxBzHtui0jI,UCWwbZhw5M-Q5dZtTK4nDWNw,2026-08-02 03:00:01,34176,599,12,120.0,120.0,0.0,1
jxFFSCwnSoU,UC-S8JFhLkQ5enhB70c2CYIw,2026-07-29 11:00:34,134541,3291,179,119.99,120.24,0.01,0
jxIuA3iZhAY,UCxe_WKNMrOgvNtgz02oLTjQ,2026-07-31 12:15:02,2899,12,1,120.0,120.0,0.0,0
jxRhURF9GSE,UCyAA-Vj4ORjXl5Ui2m6_Llw,2026-08-08 03:00:20,18007,101,18,120.0,120.0,0.0,0
jxSwSmpdTDI,UCvAetSOU_4lyjM5hVMNzN0Q,2026-07-30 08:56:32,8606,118,26,119.81,120.06,0.06,0
jxV6SloQsvo,UCEebX3m88Arwc91LPmEmTYQ,2026-08-23 16:52:04,0,4,0,119.89,120.14,0.11,0
jxcHwZML49s,UC_9W6Z5Y3lDpLk47Y_y5ITQ,2026-08-08 12:28:12,19289,209,24,119.78,120.03,0.03,0
jxnhgEMc_DU,UCkrNv6xF8j7QZmWb3UeAH8A,2026-08-04 08:00:02,1644,10,4,120.0,120.0,0.0,0
mO0uOmb_CLM,UCJNEIbzzpRl-l1iGdD2BxGg,2026-08-01 05:39:54,898,8,,119.84,120.09,0.09,0
mOEUe0RQdek,UCws1FXlgdkXB-3FKN_lqgiw,2026-08-31 08:07:25,25,1,2,119.89,120.14,0.11,0
mOH69DcoUfo,UCpcTrCXblq78GZrTUTLWeBw,2026-07-14 23:10:21,227979,1584,719,119.83,120.08,0.08,0
mOMuBJYV-3Q,UCN8L7Z-dyzu9FzT39RM0fvw,2026-08-16 01:00:36,23453,365,75,119.99,120.24,0.01,0
mP0Fc5IDdpM,UC9vz3TBChrJmYbzUo-rqfSg,2026-08-30 02:42:23,20253,54,14,119.81,120.06,0.06,0
mP0iyi2jnqk,UCjiXXUsdl0F0aUkTbv8ZVTA,2026-08-30 14:00:04,2773,96,0,119.76,120.01,0.01,1
mPCSKaJA6gU,UC3gl4CHfNtAqNjju1goB0_w,2026-08-27 13:41:40,3024,17,5,119.82,120.07,0.07,0
mPh97cmDHVA,UCpcTrCXblq78GZrTUTLWeBw,2026-07-12 03:06:19,32147,271,16,119.9,120.15,0.1,0
mPjaHdW8i6M,UCBidluUUxzT_5jVOI_2x2MQ,2026-08-28 13:28:25,817,4,0,119.79,120.04,0.04,0
mPkTQyi0QUs,UCSzHok6X5qXEO7cjvVnE62g,2026-07-16 10:00:26,45288,200,23,119.99,120.24,0.01,0
mPsBAwR4j_I,UCV6mNrW8CrmWtcxWfQXy11g,2026-08-13 10:00:23,27882,931,19,120.0,120.0,0.0,1
mPvwroaCTtA,UCxtZZzggcfOmsW99gYkxsNA,2026-08-08 09:00:30,3808,522,50,120.0,120.0,0.0,0
mQAXUj65-B8,UCN8YcyYvYIrtLcwyT-KqbNg,2026-08-16 11:30:04,36529,421,28,120.0,120.0,0.0,1
mQGTYQNa8gU,UCGVy07wZs8W-EpKAGchrmCQ,2026-08-02 13:05:57,7058,66,33,119.9,120.15,0.1,0
mQHANzbWDjw,UCV7WE8I_UiAN0fa6Arezx_w,2026-07-14 10:00:36,57,0,0,119.99,120.24,0.01,0
mQJvaMJO158,UCZ6mNZTiTUrUSbSYPlclI4A,2026-08-20 13:15:16,16469,337,32,120.0,120.0,0.0,1
mQVIFKslyz8,UCBA9XaL5wCdHnC5EmEzwrqw,2026-07-12 03:00:32,274787,1867,165,119.99,120.24,0.01,0
mQhq39-MdKk,UC5grrciAyUF4xjd42XhV-1Q,2026-08-12 01:52:19,2410,,0,119.88,120.13,0.12,0
mQk561Wttlg,UCkphwoGMBs2_0raLOqu9aQw,2026-08-09 12:00:03,64,1,1,120.0,120.0,0.0,0
mQpzraw1bxU,UCAEQiQ4Mg6fFkPshBMhPaxw,2026-07-27 09:00:38,2088,58,14,119.99,120.24,0.01,0
mQrnVz89MM4,UCV6mNrW8CrmWtcxWfQXy11g,2026-08-20 13:08:39,98722,4263,187,119.86,120.11,0.11,0
mR5-HHHQ1F8,UCql_fqTxryFKW7jukEvNoCQ,2026-08-09 06:30:06,19051,391,23,120.0,120.0,0.0,0
mRI9V1-VOFs,UCzSODDx0zQF3nxXOZISCm_w,2026-08-07 09:30:22,1628,4,0,120.0,120.0,0.0,1
mRLoUXSWiaY,UC7Fh4LtlazaQnzT84qCzl6A,2026-08-16 06:35:35,728960,13666,331,119.91,120.16,0.09,1
mRjhC-7LST4,UC1IUMdwaJ22A6FkPiI8dcig,2026-08-01 15:40:30,86123,1828,70,119.83,120.08,0.08,1
mRpZA1bZSYs,UC2yOBpLVwB7kzt9C5ZPbB7w,2026-08-25 10:00:04,297921,4047,136,119.76,120.01,0.01,1
mS1RBNZ_rHM,UCktXAh1Sd7wf8eQHc029-8g,2026-08-05 17:41:37,974,14,4,119.81,120.06,0.06,0
mS5uY7TwuVM,UC7hwQp3F6P_OwyRM14p88iQ,2026-08-31 15:55:32,107006,232,1,119.84,120.09,0.09,0
mS6hUTH4Etw,UCb5NLtXAsTBrmaZVhyFa-Wg,2026-08-28 08:15:33,350347,919,104,120.0,120.0,0.0,0
mSBU960XSL8,UCzDmGDR5RdahQkLCBoWlTEg,2026-07-22 04:00:17,15245,141,3,120.0,120.0,0.0,1
mSHchI5f6Yg,UCN5oT4zGJX-_H6pE5isAEeg,2026-08-12 22:00:01,79375,1688,104,120.0,120.0,0.0,1
mSNjnTEzjmg,UCK8iWEZupSV2pmDMxtwdAmA,2026-08-25 22:07:07,386,7,0,119.89,120.14,0.11,0
mSZJnOWH5lE,UCAl4HWznMn7KhKBRFO5eiFA,2026-08-16 14:27:48,12199,66,15,119.79,120.04,0.04,0
mSmuIK84vnc,UCwBkHOTyu57NQi0syf5MLig,2026-08-10 09:00:08,155199,735,54,120.0,120.0,0.0,1
mSu8jZR3e6g,UCeOXoe4zJCBTBwHN1M_djUw,2026-08-23 14:11:50,425,3,0,119.81,120.06,0.06,0
mT0ggdp3v_g,UCADf92tisOOh90hrZee4-LA,2026-08-06 09:08:42,3481,72,17,119.86,120.11,0.11,0
mT3fj8ifVfQ,UC3pTpoDKt17IrCDH60kSNPA,2026-08-12 02:08:01,10243,113,78,119.87,120.12,0.12,1
mT4w5ZbkvDA,UCrxzkAOXEbflxcTbRYnCoTw,2026-07-27 23:00:25,19794,145,69,120.0,120.0,0.0,0
mT6_ml9IC_s,UCa2liSwjQST4AGcg6LFQakQ,2026-08-04 04:00:25,18,0,0,120.0,120.0,0.0,0
mTATAZxX920,UCV6mNrW8CrmWtcxWfQXy11g,2026-08-09 06:00:30,141984,4550,41,119.99,120.24,0.01,1
mTCEoO-sqaA,UCJDXc9JWCZo-nLNKr_-L2Ng,2026-08-24 12:00:12,2564,62,1,119.76,120.26,0.24,0
mTJH-_FLmx8,UC2yOBpLVwB7kzt9C5ZPbB7w,2026-07-22 06:30:28,147749,2043,24,119.99,120.25,0.01,1
mTLXP7IvGnw,UCnkytUgy0CtWd06up9CjNxg,2026-07-13 15:00:00,162165,2459,727,120.0,120.0,0.0,0
mTMFhaEVx0A,UCw1DsweY9b2AKGjV4kGJP1A,2026-08-22 10:03:30,120461,500,173,119.95,120.2,0.05,0
mTXPZSff154,UCKUUL3fMVvYVZdGkKhhjP0A,2026-08-14 02:40:33,15982,220,82,119.83,120.08,0.08,0
mTpVwjJypnk,UC8chC5rneP-LHm43q-jF3oQ,2026-08-12 22:19:11,534428,8226,279,119.93,120.18,0.07,1
mTrGfkecPt8,UCN5oT4zGJX-_H6pE5isAEeg,2026-08-28 03:00:37,517696,8341,345,120.0,120.0,0.0,1
mU7yygUWvv8,UC0Zl_lyMoTbroBSNv7SpGuQ,2026-07-26 22:00:38,241083,,252,119.99,120.24,0.01,1
mULgAslQhcY,UCpcTrCXblq78GZrTUTLWeBw,2026-08-29 06:00:21,62310,1539,19,119.76,120.01,0.01,1
mUSfRFFk9xs,UCnju7ULBic4VgkCfDvVXCnA,2026-08-10 23:15:48,4436,133,0,119.99,120.24,0.01,0
mUTCtLQtvU8,UCV6mNrW8CrmWtcxWfQXy11g,2026-08-10 10:00:34,217548,6927,43,119.99,120.24,0.01,1
mUZiKXhvp3o,UCs0LzOveQMLImmmTrMmP2sg,2026-07-26 12:00:55,59870,286,21,119.99,120.24,0.01,0
mUdi-QdAr5I,UChHxLcNi7e0zu-e33HM6v6A,2026-08-13 03:00:21,97658,443,209,120.0,120.0,0.0,0
mUf7WurzvO4,UCzps05UZ7XpX3SFoFyYIDow,2026-07-24 07:22:04,9857,168,70,119.89,120.14,0.11,0
mUzYyG_Xz-U,UCt8CJiye87FMbEwt0npPMuQ,2026-07-25 12:00:13,2244,92,2,120.0,120.0,0.0,1
mV0-eLDrnxg,UCab17MxxnFtAhGsJVTkSkCg,2026-07-23 17:06:56,1212,23,0,119.89,120.14,0.11,0
mV46KaLy9FA,UCO94iFhOhtdGb4Ze5DUAtbw,2026-07-23 07:00:38,2062,99,29,119.99,120.24,0.01,0
mVGNEWbpw_4,UCAtGPbK4AWmeoaREsNLLZhg,2026-07-23 06:44:42,71331,1436,142,119.76,120.01,0.01,0
mVGNHegKSxM,UCT-UsvGz4gm7lezXvCEex9A,2026-08-31 08:00:12,464,12,2,119.76,120.01,0.01,1
mV_vWN9sgwI,UCY_vDlvG-BTDRIOk_I9QQ6g,2026-07-30 01:06:20,1350,12,0,119.9,120.15,0.1,0
mVeWchsufqw,UCos3GN2gX0wLcfuhOAiMotQ,2026-08-28 08:40:50,28394,102,21,119.83,120.08,0.08,0
mVoFRj8DXxU,UCKrprPfevcAZpPuRnCO6xOA,2026-08-27 08:05:59,222,0,0,119.91,120.16,0.09,0
mVuWlzDyrSU,UCV6mNrW8CrmWtcxWfQXy11g,2026-08-09 22:00:04,445639,21060,119,120.0,120.0,0.0,1
mVvBVNHX0Xc,UCE-6-bWkikwoP4_ooZNep3g,2026-08-15 02:30:29,77779,2625,152,119.99,120.24,0.01,0
mWEavzMaUcg,UCyZXLzORHoh9QMwA7IwS0pA,2026-08-17 11:11:20,506,9,0,119.81,120.07,0.07,0
mWRdP149glY,UCw1DsweY9b2AKGjV4kGJP1A,2026-07-20 08:22:33,5828,174,17,119.88,120.13,0.12,0
mWeQHyabJXw,UCjyXK9pWHwWR_-bRibFaWDg,2026-08-08 13:51:31,33926,223,59,119.9,120.14,0.1,0
mWgFHv2bpQQ,UCZ-UuK86Bk5sGzQQ2cEglJQ,2026-08-11 10:30:10,154983,2059,151,120.0,120.0,0.0,0
mX1dl6S9m8I,UCaN3tSrrzIrXSDonEe7LK9A,2026-08-08 08:00:27,1170,38,7,120.0,120.0,0.0,0
mXJw7O6iQUI,UC9vz3TBChrJmYbzUo-rqfSg,2026-08-23 23:52:59,32431,291,123,119.88,120.13,0.12,0
mXlCvTdDhVg,UC1WeiR54H5DCDUUdo1kD9ig,2026-07-11 10:32:52,3757,127,28,119.95,120.2,0.05,0
mXnVmFq7o-M,UC4VWaR3R17Ruc7j1Cy1-PKQ,2026-08-04 20:37:02,157,5,5,119.88,120.13,0.12,0
mXyDS7w7-qM,UCnhGcri8x6xhehanhAe9ipw,2026-07-19 11:27:12,26896,361,25,119.8,120.05,0.05,1
mXzVyYKDBTo,UC9qwDE50UcXvdplRNZKEoPA,2026-08-27 08:00:15,32174,656,31,119.76,120.01,0.01,1
mY0b2fwJlws,UCnju7ULBic4VgkCfDvVXCnA,2026-08-16 22:44:53,2448,98,1,119.76,120.01,0.01,0
mY1HYawjU1U,UCqyzJW0VRYRP_sFELZYdxGg,2026-08-24 10:03:18,3139,65,73,119.96,120.21,0.04,0
mY40QKc-UlQ,UC2yOBpLVwB7kzt9C5ZPbB7w,2026-08-15 13:00:25,32930,379,35,120.0,120.0,0.0,1
mY7vub6Lbak,UCIvLQ5lZ2kebqnLaGv_FP4w,2026-08-19 08:30:32,4536,36,12,120.0,120.0,0.0,0
mYkFjoam6bE,UCZ_xE8U6MVnpwefrYvl2uvA,2026-08-09 03:00:01,348,0,0,120.0,120.0,0.0,1
mYsTK5P7Opg,UC8a9-ubjMyQkDH9Jr8EX0JQ,2026-07-17 11:00:54,14,1,0,119.99,120.24,0.01,0
mYsgayG-QlE,UCZ6mNZTiTUrUSbSYPlclI4A,2026-08-30 11:11:57,1565,15,2,119.82,120.06,0.06,0
e_AtBuM5mU4,UCRpdlPk671uOMiBtf5HtB3Q,2026-08-14 10:16:10,91283,461,20,119.98,120.23,0.02,1
e_OYnOFzHM0,UC6oq8RPEH1BmtyldQgXVbJw,2026-08-22 09:43:05,15008,81,25,119.79,120.04,0.04,1
e_TgryZCoH4,UCqjUPx-UAFHVvthd71bY7_g,2026-08-30 08:00:01,16013,32,28,119.76,120.02,0.02,0
e__3uI1Imww,UCN5oT4zGJX-_H6pE5isAEeg,2026-07-31 12:00:19,506584,12234,842,120.0,120.0,0.0,1
e_dh7H8cV-Y,UCKrprPfevcAZpPuRnCO6xOA,2026-08-05 09:30:22,1051,10,2,120.0,120.0,0.0,0
e_pWMS5_-zE,UCPGl9DV2WUgaqGVXtVrhJWQ,2026-08-12 10:25:09,4,0,0,119.83,120.08,0.08,0
e_ql3xyaBbg,UCpwGBltfwjd_fIzp5cb5R0w,2026-07-26 12:30:19,262739,3892,212,120.0,120.0,0.0,1
eaJ2vNhVNJ8,UCSrQnB-Ip9hc0biFQ3HoKzg,2026-08-05 11:06:18,14599,529,14,119.9,120.15,0.1,1
eaOZvUP9-G0,UC5H8Wt-1q_tnn-m4tDTqbUw,2026-08-03 08:56:29,2745,44,4,119.81,120.06,0.06,0
eahCH2yYy5Q,UCPsZX-D7LW99PjZLA-UysPQ,2026-08-14 12:00:26,274,1,3,120.0,120.0,0.0,0
eahFQJGSoOU,UC4ncZM9bnBknxPkJbq4miHQ,2026-07-24 10:00:04,79754,958,85,120.0,120.0,0.0,1
eanN3At_Yck,UCw1DsweY9b2AKGjV4kGJP1A,2026-08-29 06:15:24,18240,139,2,119.76,120.01,0.01,1
eatZPmQDHFE,UCqjUPx-UAFHVvthd71bY7_g,2026-08-15 08:00:07,5974,33,47,120.0,120.0,0.0,0
eb-Ji0iDuVQ,UCApYlKNymyHZ9dlOCImFVBg,2026-08-23 02:37:22,736,71,3,119.89,120.14,0.11,0
eb70DwGjc-g,UCp6n8d8Y8r3MwKNw_MMaouQ,2026-08-20 17:30:44,14703,244,2,120.0,120.0,0.0,1
ebMJfnCjDvs,UCZ6mNZTiTUrUSbSYPlclI4A,2026-07-26 03:37:02,8049,627,10,119.89,120.13,0.11,1
ebMjxxmQqoI,UCfIUuMA7U_jImP7oWfTe4Pw,2026-08-10 12:06:41,570659,4323,340,119.89,120.14,0.11,0
ebNnV39fI-A,UCwBkHOTyu57NQi0syf5MLig,2026-07-29 02:00:20,81032,361,17,120.0,120.0,0.0,1
ebSG-39ZDC8,UCMswODzU1ZjjrLyUk7NfwPA,2026-07-17 10:54:49,12933,353,20,119.84,120.09,0.09,0
ebYos5MRI5k,UCvAetSOU_4lyjM5hVMNzN0Q,2026-08-15 16:40:30,355092,4065,173,119.83,120.33,0.17,1
ebcQeXGll20,UCuWDza8A_ntbjwBZgW0ZSNw,2026-08-18 03:00:04,133277,2743,68,120.0,120.0,0.0,1
ebdOEHm9HEg,UCNZiNM2pP6uhIlTQVS2Q5fA,2026-08-09 09:00:22,335011,4421,160,120.0,120.0,0.0,1
ebrWug_-hFg,UCA9f2-9fUklMMOaz8vKW7Jw,2026-08-28 09:00:36,198,3,0,120.0,120.0,0.0,0
ebtEc8ESasI,UCpTNtH8yc1Kdl_YFfsQsTYA,2026-08-14 00:55:13,3488,15,0,119.83,120.08,0.08,0
ec-ofEuFCZE,UCaY7wcqhFb_c2eQ1eRB8rOQ,2026-08-29 04:00:06,43545,436,74,119.76,120.02,0.02,0
ec7WqIf5HNY,UCsRiYH-VrZ2mYsohk7GhLdQ,2026-08-27 12:00:36,98279,266,28,119.75,120.01,0.01,0
ecKkfEwY2oI,UCyU5JQ8KVRD9jE4E_xLsHxw,2026-07-11 09:00:02,12,1,0,120.0,120.0,0.0,0
ecLicC_eA0k,UC3RzmV2LX3AmWhZVx0A7u0A,2026-07-29 07:00:26,66434,1592,83,120.0,120.0,0.0,1
ecPPvqfF68c,UC_Cp4dXpd94km5Syq2x-xig,2026-08-07 15:52:34,113,0,0,119.88,120.13,0.12,0
ecfptXpx4Oc,UCBKZbsMFTt8bA_77MIc51wA,2026-07-11 11:30:23,7145,319,34,119.99,120.24,0.01,1
eckHKevdvUc,UCSzHok6X5qXEO7cjvVnE62g,2026-08-18 08:00:10,36612,175,36,119.76,120.01,0.01,0
ectZEcuIX1g,UCHeg3ApmuXQbqqszaD1fR9g,2026-08-17 02:00:11,7428,242,15,120.0,120.0,0.0,1
ecvWn--hCCs,UCtt0Hg9MhraTkzWwNQpplHg,2026-07-18 09:00:30,273980,4376,102,119.99,120.24,0.01,1
ed0fBG2tNFU,UCPGl9DV2WUgaqGVXtVrhJWQ,2026-07-23 12:14:39,6,0,0,119.76,120.01,0.01,0
ed6djVsTs3E,UCwfbSsZ7_sccxcibe60mWlQ,2026-08-07 05:17:51,8426,56,13,119.96,120.21,0.04,1
ed9tdP-65pM,UCawK5EIfr66Z7fjAlZgfB2g,2026-08-14 02:54:17,2918,,0,119.85,120.1,0.1,0
edDyHRNxW2s,UC-8S20Ll1gzPiu_YY8BgyaQ,2026-08-05 13:20:53,77710,507,59,119.9,120.15,0.1,0
edU91nS5_VQ,UC78d2aaqdrt02RfmtRLmlAw,2026-07-24 23:21:40,4920,45,1,119.89,120.14,0.11,0
edxWbVgefB0,UCI3DTtB-a3fJPjKtQ5kYHfA,2026-07-23 03:15:13,2489,44,2,120.0,120.0,0.0,0
ee1zUCX_b8Q,UC4P7F8qenDo1O_5NvgBb_cg,2026-08-23 02:30:08,102432,936,107,119.76,120.01,0.01,0
ee69o65ev7s,UCKVt3arMXfa6XZezR1UnjqQ,2026-07-21 09:00:17,5687,78,2,120.0,120.0,0.0,0
ee9NE6r6pOk,UC6YqXiwCBfPvPTs3wXgWElQ,2026-08-05 08:20:05,10852,524,12,119.92,120.17,0.08,1
eeR6MU2uaHI,UCZ6mNZTiTUrUSbSYPlclI4A,2026-07-26 08:15:17,62390,1413,42,120.0,120.0,0.0,1
eeYvTYfOwUM,UCjUnlBpn0Z1L450g79fniRg,2026-08-07 19:09:04,2656,,3,119.85,120.1,0.1,0
eea7lDaPaJ8,UCpTNtH8yc1Kdl_YFfsQsTYA,2026-08-17 14:00:39,5474,34,0,119.99,120.24,0.01,0
eejGRquHy_Q,UCpcTrCXblq78GZrTUTLWeBw,2026-07-12 03:02:06,4245686,80351,276,119.97,120.22,0.03,1
eerkclgf6B8,UCKrprPfevcAZpPuRnCO6xOA,2026-08-28 15:54:01,191,0,0,119.86,120.11,0.11,0
eeze0juqAak,UCq0fwcojiA7ztN0FgTEgfXA,2026-08-11 05:37:04,117,3,0,119.88,120.14,0.12,0
ef3tiUH4Kto,UCKVt3arMXfa6XZezR1UnjqQ,2026-08-20 09:00:37,11415,87,10,120.0,120.0,0.0,0
efTj2AI5gG0,UCPGl9DV2WUgaqGVXtVrhJWQ,2026-08-22 02:58:33,1242,10,1,119.78,120.03,0.03,1
efYRvROrnxY,UC5RxNUZ9_c94ZEfJGnJZmTw,2026-07-30 12:00:06,3886,119,60,120.0,120.0,0.0,0
eg47PjhBcTE,UC8x8GQmlxAIhHxzU61z0uLQ,2026-08-14 14:19:07,16801,61,6,119.93,120.18,0.07,0
egOz64jZN5M,UCMswODzU1ZjjrLyUk7NfwPA,2026-08-22 12:20:49,16052,426,38,119.91,120.16,0.09,0
egQ9zSESdvA,UCpX86JOUhnrzG7MK8e8Gjbw,2026-08-10 06:52:17,11137,66,49,119.88,120.13,0.12,0
egbvF0hYTFE,UCWwbZhw5M-Q5dZtTK4nDWNw,2026-08-30 03:00:33,144162,1170,16,120.0,120.0,0.0,1
eggi7pIsmMc,UCBtJuwDt6LlXp2YASC-ZMdA,2026-08-18 10:00:18,1181,4,0,119.76,120.01,0.01,0
egkMcGSL6SY,UCmwZePdbUmncnpQptdPH2Jg,2026-08-20 19:15:07,76,1,0,119.76,120.01,0.01,0
eglDFNVM-4s,UCWVS5IJOkNnkKS5rjiAt9rw,2026-08-22 15:30:18,19115,132,1,119.76,120.01,0.01,0
egqWguNtz2k,UC6oq8RPEH1BmtyldQgXVbJw,2026-08-14 01:21:45,9302,83,28,119.89,120.14,0.11,1
egro2RKlkMk,UCV7WE8I_UiAN0fa6Arezx_w,2026-08-01 20:00:17,38,0,0,120.0,120.0,0.0,0
egxOeLf8h7E,UCBTsPtRCh6ln3IRQFjhjh1A,2026-07-23 13:00:11,474897,2738,194,120.0,120.0,0.0,1
eh-S_oAegw4,UC59jWhPazXYi8Ny4vake45A,2026-08-26 12:48:06,677271,29258,152,119.96,120.21,0.04,0
ehGfm0039Ss,UC2yOBpLVwB7kzt9C5ZPbB7w,2026-08-22 04:00:02,213266,3872,42,119.76,120.01,0.01,1
ehKuDYt0eLo,UCfIUuMA7U_jImP7oWfTe4Pw,2026-08-01 14:12:09,954698,12486,104,119.8,120.05,0.05,0
ehTlXEDpWGs,UCRCK5FCJtomQT3b88jXI_DA,2026-07-24 02:47:04,9344,,,119.97,120.22,0.03,0
ehe1h6nyb7s,UCPGl9DV2WUgaqGVXtVrhJWQ,2026-08-09 15:00:32,66,0,,119.99,120.24,0.01,0
ehhch7jlXEk,UCZ6mNZTiTUrUSbSYPlclI4A,2026-07-29 02:50:32,2509,62,5,119.91,120.16,0.09,1
ehs40oU4sbY,UCt8CJiye87FMbEwt0npPMuQ,2026-08-27 13:15:30,75276,752,53,120.0,120.0,0.0,0
ei-C4CRLelU,UCab17MxxnFtAhGsJVTkSkCg,2026-07-22 09:06:29,317,9,0,119.9,120.15,0.1,0
eiG28hT9oow,UCMAfHuocszM6UTORPwUmeNw,2026-08-27 02:26:46,19198,393,0,119.81,120.06,0.06,0
eiJMKsyP5Os,UCw1DsweY9b2AKGjV4kGJP1A,2026-08-15 08:00:08,85753,402,28,120.0,120.0,0.0,1
eiLjPC-aZwg,UCdK9h1ILxS49c2LguBUY3rw,2026-08-02 22:05:14,24,3,0,119.91,120.16,0.09,0
eiP6dKm6PEg,UCRpdlPk671uOMiBtf5HtB3Q,2026-08-07 10:40:42,16004,97,4,119.82,120.07,0.07,1
eiVbZyWQ-Ag,UCab17MxxnFtAhGsJVTkSkCg,2026-08-02 18:10:57,1007,21,2,119.82,120.07,0.07,0
ei_9grL2l4A,UCvPDPTxTLitVEyGu4Xt6m8g,2026-07-31 09:00:00,19223,182,10,120.0,120.0,0.0,0
eib7UY6kHNo,UCtjlhCmFXYFXC4uqg1flTBg,2026-08-04 08:26:41,113,8,0,119.81,120.06,0.06,0
eieP94NDFD0,UCby0vMKcLR05ZdS90aZd5og,2026-08-03 02:38:12,34720,17,10,119.87,120.12,0.12,1
eifJbXu_kyw,UCPGl9DV2WUgaqGVXtVrhJWQ,2026-07-13 12:41:35,6,0,0,119.81,120.06,0.06,0
eijWU5EVQcM,UCV6mNrW8CrmWtcxWfQXy11g,2026-08-16 16:00:38,25105,999,16,119.99,120.24,0.01,1
ej5DJyq7ebE,UCuXE-MdbuaZcPt_2J2kSsSQ,2026-08-09 12:18:42,9,0,0,119.94,120.19,0.06,0
ej8A9Z1yW4w,UC_yxsHiFh1_j174x4AxICSg,2026-08-30 07:00:36,51012,502,17,119.75,120.01,0.01,1
hLxErrmP_9o,UChKYbZ9fSz8DMM6wU-t1lMQ,2026-08-20 09:25:34,3850,71,13,119.83,120.08,0.08,0
hLz5vB9Mkog,UCWVS5IJOkNnkKS5rjiAt9rw,2026-08-22 15:41:12,9130,52,1,119.82,120.08,0.08,0
hMHMwF1gZS0,UCMAfHuocszM6UTORPwUmeNw,2026-08-06 12:01:32,8765,185,1,119.98,120.23,0.02,0
hMOVhcDKzYw,UCYooECrv-fIXlPaDwEIaveA,2026-08-06 09:00:37,55481,806,8,119.99,120.24,0.01,1
hMRz5ir3rUo,UCei_ecYpQqFjYhjLaDPr2Lw,2026-07-22 02:58:07,49,5,0,119.78,120.03,0.03,0
hMVHoL6Fyeo,UCbvvdVOF0teLO-U6GWh1RKg,2026-07-22 05:36:02,4653,55,22,119.9,120.15,0.1,0
hMX-iORaT34,UCgsKeCRaBGH6JlnH6VO_7OA,2026-08-16 02:20:17,28,1,0,119.91,120.16,0.09,0
hMd2qlR2opQ,UC4VWaR3R17Ruc7j1Cy1-PKQ,2026-07-22 21:34:23,83,5,0,119.93,120.18,0.07,0
hMfDRX-XGLs,UCL_IvtOZo6sONpiydbzzHpA,2026-08-15 01:27:00,48124,580,14,119.8,120.05,0.05,0
hMl5LBQU29Y,UCEJF0q0SqEJ64uA9LCXuSrQ,2026-08-07 08:30:17,6717,126,54,120.0,120.0,0.0,1
hMmZEgS_TGc,UCoqMTw0yGmjIjNayukuOg5Q,2026-08-07 10:54:33,86988,251,38,119.84,120.09,0.09,0
hMu4XiKtV_E,UCwBkHOTyu57NQi0syf5MLig,2026-08-25 05:00:13,486535,2301,241,119.76,120.01,0.01,1
hNCohZKINQo,UCt8CJiye87FMbEwt0npPMuQ,2026-08-28 15:00:24,13722,150,42,119.76,120.01,0.01,0
hNIXg7QQgjQ,UCV6mNrW8CrmWtcxWfQXy11g,2026-08-31 16:00:01,10221,345,9,119.76,120.01,0.01,1
hNQYCdFL7WU,UC2WBkFH1nHcO6aFLWo6sZQg,2026-07-30 13:48:26,11904,585,5,119.95,120.2,0.05,0
hNQbRaM_wS4,UCPGl9DV2WUgaqGVXtVrhJWQ,2026-08-25 15:00:00,6,0,0,119.76,120.01,0.01,0
hNXzWliIrSo,UCS-X1uBDTNwAYyydiXjcX9A,2026-08-17 07:07:50,7517,103,15,119.87,120.12,0.12,0
hOZ6DtYSQjA,UCyfvCj_x8SzzSbhqr--dhvg,2026-07-26 07:35:47,237,1,0,119.91,120.16,0.09,1
hOehn62URLE,UCpTNtH8yc1Kdl_YFfsQsTYA,2026-08-01 13:56:46,14706,37,0,119.81,120.06,0.06,0
hOiPWbl6Pog,UC8CIM3d3zDYMk-3T5aAz0yw,2026-08-02 09:59:29,1297956,43465,4311,119.76,120.01,0.01,0
hOkLG5Dgh9A,UCrKSaegnzewdj9-YLsUhoZw,2026-07-12 04:45:20,22394,136,85,120.0,120.0,0.0,0
hOnD8jjlRJU,UCzSODDx0zQF3nxXOZISCm_w,2026-08-15 13:30:33,242,2,0,119.99,120.24,0.01,1
hOnQhThEOzk,UCab17MxxnFtAhGsJVTkSkCg,2026-08-22 15:11:29,4551,53,8,119.82,120.07,0.07,0
hOoxpGIDCZU,UCPsZX-D7LW99PjZLA-UysPQ,2026-08-20 08:00:38,11055,99,18,119.99,120.25,0.01,0
hOyVFIpxepk,UCdb5lyq0tWbY3jqH35SufmA,2026-08-01 22:30:07,13669,96,25,120.0,120.0,0.0,0
hP73bIEeHJc,UCY_vDlvG-BTDRIOk_I9QQ6g,2026-08-11 10:10:15,3744,49,6,119.83,120.08,0.08,0
hP7_Ev-vbwE,UCXg-6b0X0sIMBDHhbyBuOQg,2026-07-31 12:42:19,1774,19,0,119.8,120.05,0.05,1
hPC4t9bGgLA,UC783XWULPW-nDGv_0EYlB6Q,2026-08-23 09:00:36,76910,1209,109,119.75,120.01,0.01,0
hPCvMo9NL5A,UC8CZL4cvFiKwKKDNCuM2lTA,2026-08-19 09:32:39,6215,64,8,119.97,120.22,0.03,1
hPIs2YOJPrI,UCqI5lyTpC79pOy2D-VXAMdA,2026-07-14 14:12:25,157901,2215,500,119.79,120.04,0.04,0
hPT80U1S5j0,UC4VWaR3R17Ruc7j1Cy1-PKQ,2026-08-06 15:27:35,2893,11,6,119.79,120.04,0.04,0
hPb8KjLFVDM,UCvUKUkIM67eWFbQemjj2-eA,2026-08-20 13:00:36,20633,441,35,120.0,120.0,0.0,0
hPiYcQpe__w,UC027x98NgUBw9K4aPT8k0mg,2026-08-27 12:30:31,108451,712,77,120.0,120.0,0.0,0
hPphOaJydDQ,UCrfB1-zWijAYkgfZW7Ehc8Q,2026-08-31 08:00:16,73031,3118,376,119.76,120.01,0.01,0
hQ2hmGyDsgU,UClWTMxooQefOLUV0TRcJ1Eg,2026-07-23 08:30:24,4189,316,29,120.0,120.0,0.0,1
hQA58DZ5yiI,UCnCFD3met1Ip7OngdF9TRDg,2026-08-17 07:51:43,6523,96,16,119.89,120.14,0.11,0
hQCJYUV0Xd8,UCw1DsweY9b2AKGjV4kGJP1A,2026-08-20 09:30:17,29970,79,6,120.0,120.0,0.0,1
hQHf5utxtm0,UCgLFbrC7-g0ihBKB0obVPTg,2026-08-12 13:05:34,40,1,0,119.91,120.16,0.09,0
hQ_wsTWl7mg,UCV7WE8I_UiAN0fa6Arezx_w,2026-08-18 09:00:34,28,2,0,120.0,120.0,0.0,0
hQmchlkmYXM,UCxPMcxq7WJ32M3lnFn58Cpg,2026-07-21 12:28:43,1598,5,1,119.77,120.02,0.02,1
hQv-WeNdN60,UCybfHuHkJRzGDymek2Dsqvw,2026-07-24 11:48:11,329749,10405,90,119.95,120.2,0.05,0
hR4L95xOIIE,UCXVVG5ZM3SJJCh94xatR8Dg,2026-07-24 02:04:27,23164,62,3,119.93,120.18,0.07,1
hRRFZBD2b9E,UCuwnt_REmD4YsCtFJRoqjFw,2026-07-14 10:38:45,16828,176,25,119.86,120.11,0.11,0
hRgnMIWWZ6g,UCAJ-meoCh1TrPZ7La3UpPrw,2026-08-13 16:57:17,142727,2106,152,119.8,120.05,0.05,0
hRhabDRfcLs,UCOTJtP0Z9DjpPU43B5m1V6A,2026-07-27 09:40:02,141347,1523,221,119.84,120.09,0.09,0
hRq61ZY8U5k,UC-pobd8lZE33BSDz-iyHfJQ,2026-08-17 00:47:50,1846,12,0,119.96,120.21,0.04,0
hRtOpMA8jB0,UCktXAh1Sd7wf8eQHc029-8g,2026-08-07 21:39:07,6299,82,12,119.85,120.1,0.1,0
hRwegzcqvBw,UCGa52d8Qlv3THghuCAt_nXA,2026-07-26 08:30:17,31237,339,12,120.0,120.0,0.0,1
hRxMu180Fn0,UC_2x8h1QrTHOO0i4Yiss-ww,2026-08-03 10:00:07,66608,754,25,120.0,120.0,0.0,1
hRz7DTEGeLQ,UCkd3KAYGnTNPJZZrPOFeWhA,2026-08-21 03:13:17,33452,75,36,119.79,120.04,0.04,1
hS-L8azRqLk,UCaN3tSrrzIrXSDonEe7LK9A,2026-08-30 08:00:29,10791,76,29,119.75,120.01,0.01,0
hSC-sj911a0,UCH29Gz8a6veRLqUxzjBXHrQ,2026-08-28 09:15:30,24338,604,83,120.0,120.0,0.0,0
hSGXDReUKu4,UC_Xb6sEXAdNv9nHU4988vmg,2026-07-28 09:00:34,62521,,1,119.99,120.24,0.01,1
hSNtQI0PgfE,UCim7oePrB5hdfhcYwgUY6Jw,2026-08-20 13:00:27,13537,79,20,120.0,120.0,0.0,0
hSTX6m-GoCI,UCPGl9DV2WUgaqGVXtVrhJWQ,2026-07-12 13:42:30,5,0,0,119.79,120.04,0.04,0
hSWJXkquaNM,UCt8CJiye87FMbEwt0npPMuQ,2026-08-02 12:45:36,6179,267,12,119.99,120.24,0.01,0
hS_UUZ0Qd24,UCuFguUhr9Wr0tFY85nDGk9w,2026-08-14 13:30:31,7561,32,9,119.99,120.24,0.01,0
hSmoAb0QJV0,UCZ6mNZTiTUrUSbSYPlclI4A,2026-08-26 09:30:02,5002,31,7,119.76,120.01,0.01,0
hSp7LJlDIJ0,UCSkCNddZwo__x-iUr-KDFWw,2026-07-22 03:48:34,192592,2786,499,119.94,120.2,0.06,0
hT2QBqoCJn4,UCM7ccuD_XdAXSTuhVrLUo9A,2026-08-22 03:07:37,3,1,0,119.88,120.13,0.12,0
hT5fUagRIeo,UC1Il94cQwl93Zun8ax1Qjlw,2026-08-03 14:14:26,35,1,0,119.76,120.01,0.01,0
hTE1HfIVLME,UCnCH3Uhv_ynhTNKEH6ekRtg,2026-08-23 06:41:19,5851,128,20,119.82,120.07,0.07,0
hTJMmnXVAHA,UCpTNtH8yc1Kdl_YFfsQsTYA,2026-08-30 13:49:29,24006,23,5,119.94,120.19,0.06,0
hTPsyo4U4dI,UCeiDuGZqWT4iiIXRTfhM3qQ,2026-08-14 08:03:00,3266,89,0,119.95,120.2,0.05,0
hTW2dAvST4U,UC_Xb6sEXAdNv9nHU4988vmg,2026-08-03 10:00:35,96702,,1,119.99,120.24,0.01,1
hTbx28idlnA,UCw1DsweY9b2AKGjV4kGJP1A,2026-08-04 10:15:09,483194,1958,75,120.0,120.0,0.0,1
hTfyk6rAtz8,UCTNyl3P7q6PNhPddh6d7WJQ,2026-08-18 22:00:09,1958,12,2,119.76,120.01,0.01,1
hTkFRrpKQCo,UC5ThQKdocwo_9UurfT5P_ww,2026-08-23 22:00:37,221251,3354,38,120.0,120.0,0.0,1
hTlK2BN5UPE,UCPsZX-D7LW99PjZLA-UysPQ,2026-07-28 03:00:24,725,11,1,120.0,120.0,0.0,0
hTqd6yLdJH0,UCPsZX-D7LW99PjZLA-UysPQ,2026-08-22 21:00:26,9382,106,52,119.75,120.01,0.01,0
hU76GmWD72Q,UCnkytUgy0CtWd06up9CjNxg,2026-07-15 11:00:05,30375,578,37,120.0,120.0,0.0,0
hUCud0XIdEk,UCDLDbittWhk2KXvaCT0YpZQ,2026-08-09 06:33:33,21895,572,48,119.94,120.19,0.06,0
hUKwufmTtRc,UCXu_CcxBZA5S_iG33OzA9PQ,2026-08-17 11:15:33,6454,64,3,119.99,120.24,0.01,1
hUjUgc9CxsU,UCuFguUhr9Wr0tFY85nDGk9w,2026-08-06 13:30:05,6199,27,4,120.0,120.0,0.0,0
hUm-xzoxQVY,UCYJDUekoQz0-bo8al1diLWQ,2026-08-25 04:15:24,350656,7929,327,120.0,120.0,0.0,1
hV08hRsPmQ4,UCkd3KAYGnTNPJZZrPOFeWhA,2026-08-12 08:00:00,56679,197,33,120.0,120.0,0.0,1
hVONYrB9ajs,UCpAZLM9XMzIbqFucUBD8Jtg,2026-08-27 05:04:04,7591,26,7,119.95,120.19,0.05,0
hVUV6gt_VXw,UCZaNYFjF_SRRJPVuGX7yMjQ,2026-08-12 13:39:51,1,1,0,119.84,120.09,0.09,0
hVWX5qgmS8E,UCV6mNrW8CrmWtcxWfQXy11g,2026-08-13 00:00:27,88188,4865,84,119.99,120.24,0.01,1
hVnUn5vbE98,UCt8CJiye87FMbEwt0npPMuQ,2026-07-23 00:25:22,3038,130,15,119.83,120.08,0.08,1
hVw5eBN14R8,UCw1DsweY9b2AKGjV4kGJP1A,2026-08-07 07:57:07,5831,25,5,119.8,120.05,0.05,0
jxpb6-CWNYU,UCRCK5FCJtomQT3b88jXI_DA,2026-07-29 03:00:28,1843,,,119.99,120.24,0.01,0
jxroyAf1gLg,UCDGbm9jZgqNeMWyK4j-Kduw,2026-08-13 09:44:39,519,,1,119.76,120.01,0.01,1
jxzMhI14usc,UCe0loHR-Vltq0GPHgYyzmrQ,2026-08-20 07:46:13,7216,93,5,119.99,120.23,0.01,1
jy6Y1bi-FTw,UCDBAVzfX3yZ1hah0FHnOoaA,2026-08-07 13:30:02,347815,2249,217,120.0,120.0,0.0,0
jy7ORzyqGCM,UCfIUuMA7U_jImP7oWfTe4Pw,2026-08-20 09:08:58,150980,1717,23,119.86,120.11,0.11,0
jy7kaMJEbWY,UCIH7bdyhaJ0nD7jIcgqmQbQ,2026-08-20 06:04:08,71249,1241,15,119.94,120.19,0.06,1
jyGiCcaLvSc,UC86GXx7Ap-Cahlb0r0xT-ZQ,2026-08-30 12:00:11,7316,55,3,119.76,120.01,0.01,0
jyOY3hjxmBY,UCZPfs7xIjGmOGs9kvgGhUKQ,2026-08-21 09:56:57,294,3,0,119.81,120.06,0.06,0
jyUlniS28Mg,UCpX86JOUhnrzG7MK8e8Gjbw,2026-08-25 14:03:05,101387,376,17,119.96,120.21,0.04,1
jyVHWTG21TI,UCjBPx2oip2bKnnfqKyas0ew,2026-08-05 07:15:44,2201,130,12,119.99,120.24,0.01,0
jy_4y7IU_Hg,UCBexUDlBSJM2h4xZB3ch53g,2026-08-16 07:30:03,11746,238,26,120.0,120.0,0.0,1
jyiGU2Tarx8,UC7nVGqibbYgrzh733LDffNQ,2026-08-07 23:21:08,26467,244,41,119.9,120.15,0.1,0
jyk-l6qWnno,UCV7WE8I_UiAN0fa6Arezx_w,2026-08-10 15:00:26,14,0,0,120.0,120.0,0.0,0
jyoRBiV_WAw,UC9vz3TBChrJmYbzUo-rqfSg,2026-07-24 01:35:41,30053,424,129,119.91,120.16,0.09,0
jypTQnl69s0,UCI3DTtB-a3fJPjKtQ5kYHfA,2026-08-28 01:33:18,16301,356,17,119.96,120.21,0.04,0
jyy19HghBzE,UC6YqXiwCBfPvPTs3wXgWElQ,2026-08-18 13:41:17,14635,195,53,119.82,120.07,0.07,0
jz2AcVaQPg0,UC_m_uqd_9s0hZvlgfvCzqbQ,2026-08-10 14:04:57,1241,36,1,119.92,120.17,0.08,0
jz8k6JJGC78,UCEGtfhdJiRgH98mVMEQZThQ,2026-07-30 10:55:03,26254,81,24,119.84,120.09,0.09,0
jz9SFLDWrvA,UC_F-jhf8uO0fzrM7NQwvs3Q,2026-08-19 11:01:12,82,1,0,119.99,120.24,0.01,0
jzCU6Ite6lY,UCPsZX-D7LW99PjZLA-UysPQ,2026-08-25 03:00:21,689,6,0,120.0,120.0,0.0,0
jzOTWC0ICYA,UCt8CJiye87FMbEwt0npPMuQ,2026-07-27 12:30:39,34264,1211,64,119.99,120.24,0.01,0
jzRTV_INSqw,UC_E_qYfGKM3C0kqrp1p8z7Q,2026-08-11 19:00:23,786,17,2,120.0,120.0,0.0,1
jzXtUVowDxM,UCV7WE8I_UiAN0fa6Arezx_w,2026-08-09 08:00:28,48,1,0,119.99,120.24,0.01,0
jzYEh2tMx7Q,UCOTJtP0Z9DjpPU43B5m1V6A,2026-08-01 13:00:34,91277,484,46,119.99,120.24,0.01,0
jzlmL69q_7k,UCD8r5Jgns2V64-NcUmXclpg,2026-08-03 03:15:35,77182,439,50,119.99,120.24,0.01,0
jzoOxc7gck0,UCg7rkxrTnIhiHEpXY1ec9NA,2026-07-15 07:30:19,255538,8381,459,120.0,120.0,0.0,0
jzra46J0IHU,UCb08r5yPoH-AqM7_XCL4Uhg,2026-08-09 04:16:53,2127,75,8,119.97,120.22,0.03,0
k-UPeMuXg0k,UCt8CJiye87FMbEwt0npPMuQ,2026-08-05 17:30:26,6335,125,7,120.0,120.0,0.0,0
k-UjIGyanZY,UC1aBdmKvC6yAiq4xgPLOzKA,2026-08-28 04:17:56,40272,163,29,119.96,120.21,0.04,0
k-VlVDsH8C8,UCV7WE8I_UiAN0fa6Arezx_w,2026-07-12 01:00:06,179,3,0,120.0,120.0,0.0,0
k-cIGKx2dQw,UCJA6MZLzTeljmGNFaugdoWQ,2026-08-28 07:00:22,1526,12,1,119.76,120.01,0.01,1
k-kHWr3TonQ,UCdcjduaR6hyGHVNmpbJzSsw,2026-08-08 12:10:15,41438,572,75,119.83,120.08,0.08,0
k-qzKnINE50,UCbItyvYa6cqvqtwlU2E9-wA,2026-07-28 19:34:38,9316,558,106,119.92,120.18,0.08,0
k-rLZQ_4uls,UCYS2NvZlSjrxZfnn1v7b3QQ,2026-08-14 16:02:04,10,1,0,119.97,120.22,0.03,0
k-sE3NYusvE,UCuCmLrNT5MbpqfrSSKHqTug,2026-08-08 03:00:26,23892,21,1,120.0,120.0,0.0,1
k00H7pFKs94,UC8CX0LD98EDXl4UYX1MDCXg,2026-07-22 19:00:28,23059,945,36,119.99,120.24,0.01,1
k0ImHGxCBgk,UCLHwMFguUxHVSk91vzicEJw,2026-07-14 13:00:35,82794,981,89,119.99,120.24,0.01,0
k0LH6AoKi_s,UCawK5EIfr66Z7fjAlZgfB2g,2026-08-12 02:23:45,3796,,0,119.86,120.11,0.11,0
k0QSHupi2bw,UC_9W6Z5Y3lDpLk47Y_y5ITQ,2026-08-09 10:24:34,41876,381,57,119.84,120.09,0.09,0
k0VCmteDxTM,UCyU5JQ8KVRD9jE4E_xLsHxw,2026-08-18 09:00:25,32,0,0,120.0,120.0,0.0,0
k0c5rqijY18,UCYjNEoVziojh1ZCum1q0PNQ,2026-07-19 01:15:06,62955,1032,48,120.0,120.0,0.0,1
k0rsAsmROhw,UCp6n8d8Y8r3MwKNw_MMaouQ,2026-08-05 15:00:07,6343,197,7,120.0,120.0,0.0,0
k14vwBlQNs4,UC-DpK48x4bltMjHHChZ4zBg,2026-08-12 14:09:50,6767,56,12,119.84,120.09,0.09,0
k1HaAQXsm1k,UCU0-6z_KU9AShyR9J6gcFGw,2026-08-31 23:52:10,1064,5,0,119.89,120.15,0.11,0
k1NZA_gh4Nc,UC9qwDE50UcXvdplRNZKEoPA,2026-07-29 11:32:20,8010,133,27,119.96,120.21,0.04,0
k1Zm6xpWDKY,UCws1FXlgdkXB-3FKN_lqgiw,2026-08-14 08:51:49,829,5,1,119.89,120.14,0.11,1
k1nLEr8br5Y,UCpcTrCXblq78GZrTUTLWeBw,2026-07-21 12:30:28,64545,962,82,119.99,120.24,0.01,1
k1uhLCnAb3E,UCab17MxxnFtAhGsJVTkSkCg,2026-08-13 11:06:43,582,15,1,119.89,120.14,0.11,0
k1xphv_R-vI,UCL_IvtOZo6sONpiydbzzHpA,2026-08-15 00:00:09,43827,682,82,120.0,120.0,0.0,0
k2BUmF4zaFM,UC_E_qYfGKM3C0kqrp1p8z7Q,2026-08-01 17:00:38,560,13,0,119.99,120.24,0.01,1
k2yOGTTPSk8,UCYGF_xk5RDpltyZDSx040uw,2026-07-25 04:22:57,53293,528,16,119.87,120.12,0.12,1
k32xRP9Gg9o,UCgO8sNnksVuKcuTVTQKSK3A,2026-08-06 10:02:37,28474,387,96,119.71,120.21,0.21,0
k3609UDxhPw,UCQJuZxeDv2P05YHcC-tIEVQ,2026-07-15 09:00:00,75456,1311,28,120.0,120.0,0.0,1
k3CdP4rrXLk,UC_2x8h1QrTHOO0i4Yiss-ww,2026-08-07 10:00:36,74578,1330,33,119.99,120.24,0.01,1
k3EU7hI3cJg,UCklDsqQMGPYIMpIhQ5Jz6jA,2026-08-30 03:39:12,71801,812,60,119.86,120.11,0.11,0
k3FQB4ZQPGY,UCvPGGL-OTEAQlwAUxbcJO8g,2026-08-11 08:25:29,39020,1014,140,119.83,120.08,0.08,0
k3JKJVAw2Ak,UCJmnOEp1-OITEU0mk4icM5A,2026-08-21 03:00:25,142309,1291,24,120.0,120.0,0.0,1
k3MAJutkK_0,UC2k1bSUZ4X02jMs_sTS9jiQ,2026-08-12 12:00:06,11735,228,21,120.0,120.0,0.0,0
k3T7mMZ8uHQ,UCxPMcxq7WJ32M3lnFn58Cpg,2026-07-19 10:28:07,7116,19,4,119.78,120.03,0.03,1
k3YXygRD2-Q,UCv1tOT645xHOJrwdGlzjMaA,2026-08-02 13:56:21,20662,326,9,119.81,120.06,0.06,1
k3jnVXFqLzg,UCt8CJiye87FMbEwt0npPMuQ,2026-08-31 13:15:16,11157,94,12,119.76,120.01,0.01,0
k4IrD7681W0,UCt8CJiye87FMbEwt0npPMuQ,2026-07-16 19:25:32,3197,118,17,119.83,120.08,0.08,1
k4NTY6uYevE,UCIiwlFqKiJiULzRMgILMlcA,2026-07-24 23:01:36,349,1,0,119.98,120.23,0.02,1
k4XZtbEx6cU,UC783XWULPW-nDGv_0EYlB6Q,2026-08-15 09:11:51,33580,446,68,119.81,120.06,0.06,0
k4imBkr-luM,UC8chC5rneP-LHm43q-jF3oQ,2026-07-11 06:39:07,473609,4653,41,119.85,120.1,0.1,1
k4nLepBQWBw,UCS-X1uBDTNwAYyydiXjcX9A,2026-08-14 04:10:12,10920,104,31,119.83,120.08,0.08,0
k5-puWcQyo8,UCw1DsweY9b2AKGjV4kGJP1A,2026-07-12 12:52:42,3298698,,164,119.87,120.12,0.12,0
k5Hk48aUUFo,UCg7rkxrTnIhiHEpXY1ec9NA,2026-08-07 07:00:16,213268,7483,491,120.0,120.0,0.0,0
k5OGFsWTmok,UCwBkHOTyu57NQi0syf5MLig,2026-07-29 06:00:03,45002,460,15,120.0,120.0,0.0,1
k5Vrl3i7GAU,UCuWDza8A_ntbjwBZgW0ZSNw,2026-07-20 03:11:10,20298,502,24,119.82,120.07,0.07,1
k5cT6Iex5XQ,UCIsrVj53L57rcLAPOre4Xhg,2026-08-15 04:00:05,39015,665,58,120.0,120.0,0.0,0
k5llRddKcTs,UC8rbhIem-3aAsNXhTDI-nSA,2026-08-25 22:00:08,78594,1284,42,119.76,120.01,0.01,0
k5w5YboZqdg,UC59jWhPazXYi8Ny4vake45A,2026-08-27 20:44:46,73324,2793,62,119.77,120.02,0.02,1
k5z-gKuRVeg,UC-S8JFhLkQ5enhB70c2CYIw,2026-07-22 11:00:20,67681,1182,112,120.0,120.0,0.0,0
k68yWVZijmA,UCqlcSsDNMYxEsem7bWY-66Q,2026-08-11 16:19:46,18385,512,3,119.92,120.17,0.08,0
k6a9DwfFC28,UCDBAVzfX3yZ1hah0FHnOoaA,2026-08-05 13:30:00,374017,2072,242,120.0,120.0,0.0,0
k72Eu_IKe1g,UCBY9rOZPo0fLE45mOV0s0cw,2026-08-27 08:28:38,949,1,0,119.78,120.03,0.03,0
k76kGd-w6DE,UCeB_ZeSo0xDL62wWlkTEtjA,2026-07-24 13:03:54,15761,94,13,119.94,120.19,0.06,0
k77Rdl5WOsE,UC7lwS-aSDzYHZJ9uWuzySwQ,2026-08-25 10:00:31,1378,8,0,120.0,120.0,0.0,1
k79JzJvinig,UCyZtdaxIiGb4wp5AmkEMrwQ,2026-07-26 03:00:29,27346,885,14,119.99,120.24,0.01,1
k7OW2ey3BZE,UCIxcZWLQpP-mUZC6_Uljc_Q,2026-07-26 14:45:09,13406,85,56,120.0,120.0,0.0,0
c3c0le7zr3U,UCw-JzmPsjRcbzJLncr4pIIA,2026-07-25 12:50:18,123365,2184,154,119.91,120.16,0.09,0
c3c7XAT2X5w,UC_E_qYfGKM3C0kqrp1p8z7Q,2026-07-23 19:00:24,493,18,3,120.0,120.0,0.0,1
c3ceOoZQrZE,UCby0vMKcLR05ZdS90aZd5og,2026-08-10 05:17:28,4082,7,0,119.96,120.21,0.04,1
c3nzqvv1o1o,UCcum1rCJ5GJeQ_xv0xrohqg,2026-08-21 03:28:37,18472,1752,49,119.78,120.03,0.03,1
c3oTTz3MhpQ,UCdT2nXooUR-X_MdmbER25yQ,2026-07-23 00:00:09,26245,450,61,120.0,120.0,0.0,0
c3y4cWYSesM,UC2_VPutZK0o_tG8ca_QrQRA,2026-08-14 10:21:33,26929,,83,119.89,120.14,0.11,0
c49s_YDfa1w,UCV7WE8I_UiAN0fa6Arezx_w,2026-08-30 23:00:05,4649,4,0,119.76,120.01,0.01,0
c4ANQE_D1r8,UCS2OAdHoLt-9T6cG9A2H49Q,2026-07-29 03:00:18,15294,185,43,120.0,120.0,0.0,0
c4EPavmQX9k,UCPGl9DV2WUgaqGVXtVrhJWQ,2026-07-26 15:00:04,6,0,0,120.0,120.0,0.0,0
c4GMN9P77cc,UCOTJtP0Z9DjpPU43B5m1V6A,2026-08-05 09:41:09,146285,1472,133,119.82,120.07,0.07,0
c4OoT6XfLXo,UCV6mNrW8CrmWtcxWfQXy11g,2026-08-08 10:00:12,41493,1773,19,120.0,120.0,0.0,1
c4i04WAdJNc,UC4cKHOBS-nRfKFTwf1n8HGA,2026-07-23 01:03:08,1552,,3,119.95,120.2,0.05,1
c4jQ1dU5f84,UCV7WE8I_UiAN0fa6Arezx_w,2026-08-02 03:00:35,31,1,0,119.99,120.24,0.01,0
c4kTBZeq02k,UCeAsj1O73pcqd-xQ4AZbJeQ,2026-07-25 07:39:25,542,8,10,119.85,120.1,0.1,0
c4tcf3ADqtY,UCLbehOwlIi6QrfZNhC39t4Q,2026-07-30 08:00:37,42887,690,114,119.99,120.24,0.01,0
c4tqUUoVcBo,UCc5LaJlWqlQ6d2whZa5bjYQ,2026-08-14 23:30:14,9314,361,13,120.0,120.0,0.0,1
c4vWFUbKouY,UCw1DsweY9b2AKGjV4kGJP1A,2026-07-12 08:20:24,163498,834,79,119.91,120.16,0.09,1
c5BHLdyrZjY,UCE-6-bWkikwoP4_ooZNep3g,2026-08-29 22:00:02,13274,571,17,119.76,120.02,0.02,1
c5JjZ3h5bww,UCY_vDlvG-BTDRIOk_I9QQ6g,2026-07-22 16:18:44,5187,32,6,119.94,120.19,0.06,0
c5MH-KmRQv0,UCEcRvF_6IRSux8FO-ogFZug,2026-07-25 03:00:19,16391,844,68,120.0,120.0,0.0,0
c5SCpV1znbg,UCJDXc9JWCZo-nLNKr_-L2Ng,2026-08-13 13:00:15,2066,83,6,120.0,120.0,0.0,0
c5fmTNeuS-M,UCV6mNrW8CrmWtcxWfQXy11g,2026-08-21 14:00:10,20461,868,48,119.76,120.01,0.01,1
c5iJ8H24SPE,UCSzHok6X5qXEO7cjvVnE62g,2026-08-22 12:00:01,393985,3558,64,119.76,120.01,0.01,0
c6L3XWjQOQc,UCV6mNrW8CrmWtcxWfQXy11g,2026-08-20 11:01:17,95732,2998,620,119.98,120.23,0.02,0
c6SYSE_PN7c,UCgjaQlejpAnIu0q-xtVfTEw,2026-07-27 00:00:15,26534,337,66,120.0,120.0,0.0,0
c6kNO_ngp_0,UC4oe-OVZ2Ho-03yrMkrXomQ,2026-08-10 07:00:35,277720,4461,350,119.99,120.24,0.01,1
c6lSxiBstGU,UCAl4HWznMn7KhKBRFO5eiFA,2026-07-18 10:51:33,15368,62,1,119.89,120.14,0.11,1
c6lzVatDGmg,UC7lwS-aSDzYHZJ9uWuzySwQ,2026-08-24 23:00:12,5553,42,8,119.76,120.01,0.01,1
c6ti87WO8vw,UC_E_qYfGKM3C0kqrp1p8z7Q,2026-07-30 15:00:29,78,7,0,120.0,120.0,0.0,0
c6vTK39uwM0,UCKVt3arMXfa6XZezR1UnjqQ,2026-08-23 09:00:03,4335,58,1,119.76,120.01,0.01,0
c6woI10NUe4,UC_m_uqd_9s0hZvlgfvCzqbQ,2026-07-25 14:29:58,346,2,0,120.0,120.0,0.0,1
c7ZePBnla5I,UCuWDza8A_ntbjwBZgW0ZSNw,2026-08-24 13:22:08,19085,172,9,119.89,120.14,0.11,1
c7mPF9wk6NE,UC5Yx9RlmznXDUEIrfoSqheA,2026-08-14 04:55:56,171,4,0,119.82,120.07,0.07,0
c7p_AoM1-HA,UCKUUL3fMVvYVZdGkKhhjP0A,2026-08-28 08:00:04,50374,686,23,119.76,120.01,0.01,1
c7tUclKWJN0,UCgLFbrC7-g0ihBKB0obVPTg,2026-08-03 17:15:45,105,8,1,119.99,120.24,0.01,0
c7yGF0Lwu_k,UCgskqxXr-H0mE5VhYviluvQ,2026-07-29 22:33:31,16325,178,5,119.94,120.19,0.06,1
c823F8krriY,UCgT-gb3favw2jQgwxbbwwaA,2026-08-24 11:00:20,63815,451,19,120.0,120.0,0.0,0
c82TAVT-TLw,UCdK9h1ILxS49c2LguBUY3rw,2026-07-30 22:31:35,17,3,0,119.98,120.23,0.02,0
c84A-ukHXAU,UCdF0eCyf5np3lPO4y1fJVdw,2026-08-10 08:45:12,4592,154,11,120.0,120.0,0.0,0
c8CO3squNic,UCZ6mNZTiTUrUSbSYPlclI4A,2026-08-18 04:20:15,89784,1918,48,119.92,120.17,0.08,1
c8JH7fvumVQ,UCSl8TBqqflby-ymdEQVfRNQ,2026-07-28 17:51:22,43244,735,497,119.9,120.15,0.1,0
c8PCj6i0K0M,UCV7WE8I_UiAN0fa6Arezx_w,2026-08-08 00:00:28,27,0,0,120.0,120.0,0.0,0
c8U7NrJLcJs,UCA9f2-9fUklMMOaz8vKW7Jw,2026-08-17 13:43:26,51,0,0,119.78,120.03,0.03,0
c8entlIGbH4,UCt8CJiye87FMbEwt0npPMuQ,2026-07-29 16:00:15,5022,152,7,120.0,120.0,0.0,0
c8gcgBTHB6I,UCpI-AhCT02iQRGLC2ZcY0Jw,2026-08-18 07:00:29,83934,1127,25,120.0,120.0,0.0,1
c9BLoP61Rd0,UCikKJvpU0Ylua4hRW6faQRg,2026-08-01 12:44:54,3661,89,0,120.0,120.0,0.0,0
c9Kzo7d7uSc,UCiEMsnnzti6PDNi8TAlSnFw,2026-08-21 15:18:26,32,,0,119.95,120.2,0.05,0
c9PRQsM3iv0,UCL_IvtOZo6sONpiydbzzHpA,2026-08-16 23:04:11,210250,3428,63,119.93,120.18,0.07,0
c9T2My5v8FU,UCSzHok6X5qXEO7cjvVnE62g,2026-07-13 10:00:03,72156,415,57,120.0,120.0,0.0,0
c9TRRwJaF7k,UCYJ0Ucu9jPX5kn6SeDcNaIQ,2026-08-23 01:00:28,85015,543,86,120.0,120.0,0.0,0
c9UJQN_rTY8,UCV7WE8I_UiAN0fa6Arezx_w,2026-08-30 19:00:30,404,0,0,119.75,120.01,0.01,0
c9d1QCziTlY,UCJDXc9JWCZo-nLNKr_-L2Ng,2026-08-09 17:49:24,6747,134,4,119.93,120.18,0.07,0
c9eqCvYw6Xo,UCZaNYFjF_SRRJPVuGX7yMjQ,2026-08-14 12:07:42,3,1,0,119.88,120.13,0.12,0
c9jwvbhbgdM,UCRpdlPk671uOMiBtf5HtB3Q,2026-08-01 09:56:42,23157,235,115,119.81,120.06,0.06,0
c9koe4Fhhx4,UCuZ862fZel1gq9RAf_OkvqA,2026-08-07 04:00:18,23439,382,163,120.0,120.0,0.0,0
c9stZA0rBJw,UCgLFbrC7-g0ihBKB0obVPTg,2026-08-16 13:02:21,110,1,0,119.96,120.21,0.04,0
cA27ciVu8PA,UCarBV0zWlC2k-HteyeKqfag,2026-08-01 16:25:19,477,56,1,119.83,120.08,0.08,0
cA6qp1fWgw4,UCZPfs7xIjGmOGs9kvgGhUKQ,2026-07-22 09:48:54,132,2,0,119.94,120.19,0.06,0
cA7zNKJTbRc,UCN8L7Z-dyzu9FzT39RM0fvw,2026-07-19 03:20:46,26865,238,134,119.91,120.16,0.09,0
cA8znhn6BFA,UCF9Ws3xrNmMKVjL4kg0jzbA,2026-08-06 09:11:10,14802,192,41,119.82,120.07,0.07,1
cARA2AZ7aR8,UC783XWULPW-nDGv_0EYlB6Q,2026-08-20 09:30:02,26949,1028,26,120.0,120.0,0.0,0
cAsiXqDtJA8,UCPGl9DV2WUgaqGVXtVrhJWQ,2026-08-01 13:44:51,5,0,0,119.76,120.01,0.01,0
cB1d1qXo3-0,UCPuD5ZRQWa_JCaY5NokNhtg,2026-08-12 12:05:07,250,10,3,119.92,120.17,0.08,0
cB4FVZCLtUI,UCYGF_xk5RDpltyZDSx040uw,2026-07-29 10:40:38,59304,907,17,119.82,120.07,0.07,1
cB8ZVteLZrQ,UCV6mNrW8CrmWtcxWfQXy11g,2026-08-17 22:00:17,82891,4014,46,120.0,120.0,0.0,1
cBTBvAlsGiM,UC3hCAmwyYNgRuOOSFV7evVA,2026-08-28 09:15:08,141007,363,27,119.76,120.01,0.01,1
cBWleZv_nrQ,UCt8CJiye87FMbEwt0npPMuQ,2026-08-20 17:00:33,11600,304,27,120.0,120.0,0.0,1
cBduxNMOGxc,UCt8CJiye87FMbEwt0npPMuQ,2026-08-05 00:28:50,5072,208,27,119.77,120.02,0.02,1
cBh5NpVrbzM,UC2f8VfmEF2_0-rFN4RNHaNg,2026-07-27 12:46:55,15919,331,67,119.97,120.22,0.03,0
cBlqZQeyEqM,UCZ6mNZTiTUrUSbSYPlclI4A,2026-08-25 09:17:38,537,22,5,119.97,120.22,0.03,0
cCAG-p508I4,UCO94iFhOhtdGb4Ze5DUAtbw,2026-08-08 04:15:28,5882,101,41,119.99,120.24,0.01,0
cCCMUqQ-938,UCzkk3MGFFeiN0E0T3AEeg_g,2026-08-13 07:30:47,200638,534,83,119.99,120.24,0.01,1
cCERTLYY2aI,UCV6mNrW8CrmWtcxWfQXy11g,2026-07-22 08:00:17,141927,7880,187,120.0,120.0,0.0,1
cCH1lSQIGh8,UCab17MxxnFtAhGsJVTkSkCg,2026-07-25 03:35:38,54778,717,11,119.91,120.16,0.09,1
cCRhG1n6Qz4,UCJDXc9JWCZo-nLNKr_-L2Ng,2026-07-23 16:30:25,2881,128,16,120.0,120.0,0.0,0
cChNrqAQjFc,UCO94iFhOhtdGb4Ze5DUAtbw,2026-08-14 08:15:28,1296,41,26,120.0,120.0,0.0,0
cCj3hggjTfI,UCSh__r5HS4Y1xBkccWnV0TA,2026-08-06 17:06:37,218886,5038,157,119.89,120.14,0.11,0
cCsvdggmrlY,UC6JB_a6rD1lZ_aZgQvORfrQ,2026-08-09 15:09:52,449,21,0,119.84,120.09,0.09,0
cD-X-pDtqak,UC7SIaeUWuuIrWTIOBpayDVQ,2026-08-15 02:18:30,20168,245,50,119.94,120.19,0.06,0
cDLK8VOgTME,UCYMXFMiaGBnZ08-wBHS2MPQ,2026-08-21 02:45:04,5415,65,10,119.76,120.01,0.01,0
cDbWbhjYy2M,UCuXE-MdbuaZcPt_2J2kSsSQ,2026-08-15 04:58:09,239,2,1,119.78,120.04,0.04,1
ejX0GQsfeM4,UCBtJuwDt6LlXp2YASC-ZMdA,2026-08-25 03:00:37,1008,6,0,120.0,120.0,0.0,0
ejq1xweKhek,UC2WBkFH1nHcO6aFLWo6sZQg,2026-08-31 15:19:41,21599,601,5,119.94,120.18,0.06,1
ejxR3JqwUtI,UC_Xb6sEXAdNv9nHU4988vmg,2026-07-26 10:00:06,73924,,0,120.0,120.0,0.0,1
ek1WO1w8Pys,UC59jWhPazXYi8Ny4vake45A,2026-08-18 20:00:06,75645,1412,62,119.76,120.01,0.01,1
ek41HNp2gOk,UCBuMtyqUDtejwvpVE6KtoxQ,2026-08-05 13:32:41,568,4,13,119.96,120.21,0.04,0
ek8JeTD70vc,UCXCa03lRK6tlntZoJ7TUWRw,2026-08-19 05:00:09,23765,440,69,119.76,120.01,0.01,0
ekHOYy_8-sg,UC7ikVsVGGrUy2RD65w-awng,2026-08-02 23:44:43,3755,72,6,119.76,120.01,0.01,0
ekIGD4kFi9A,UCab17MxxnFtAhGsJVTkSkCg,2026-08-03 15:25:54,769,16,0,119.82,120.07,0.07,0
ekRPP7k9xc4,UCikKJvpU0Ylua4hRW6faQRg,2026-08-11 00:29:17,2630,74,0,119.76,120.01,0.01,0
ekmkC6SctqM,UCq0fwcojiA7ztN0FgTEgfXA,2026-08-31 06:01:48,115,0,0,119.99,120.23,0.01,0
el0k3AEHq_o,UCpcTrCXblq78GZrTUTLWeBw,2026-07-25 16:30:20,595914,6144,312,120.0,120.0,0.0,0
el4Vm-e3OsY,UCrR_fhiJjoW8OJFzUcmlMMA,2026-08-26 10:00:21,8937,87,44,120.0,120.0,0.0,0
el6Cc1uLQGk,UCpcTrCXblq78GZrTUTLWeBw,2026-08-28 07:30:12,22273,131,5,119.76,120.01,0.01,0
elAvqNWrG4U,UCms8Ge7H1ZGgw6nV94fUhUQ,2026-08-05 09:00:07,99486,1346,772,120.0,120.0,0.0,0
elWbY1J67z0,UCifCesg-EUkjKyQedaB3hRg,2026-08-29 21:47:43,47056,802,23,119.97,120.22,0.03,1
elYrvylpHVo,UCab17MxxnFtAhGsJVTkSkCg,2026-08-14 13:34:14,1282,16,1,119.93,120.18,0.07,0
elczzTDcFK8,UCyfvCj_x8SzzSbhqr--dhvg,2026-08-30 12:04:07,8,1,0,119.95,120.19,0.05,1
elnEWkQ3nF4,UC9JlObZnbOirT4_iyPGrdcw,2026-08-06 12:00:30,31493,196,28,119.99,120.24,0.01,0
emEWGHLh06s,UCFrKhWvZ8oeJQTNP5ZabgJw,2026-07-25 01:00:33,678869,6448,471,119.99,120.24,0.01,1
emHWgngTilU,UC-FiQR2gg8oiNw98ZdsSX6Q,2026-07-28 22:00:15,790,5,0,120.0,120.0,0.0,0
emIVundr2DI,UC5bjQxLK_3XVzIOTQ04sYeg,2026-08-04 23:57:27,2194,15,0,119.79,120.04,0.04,0
emP45bxk4zk,UChLqHuZV0PENIBYxDgXyPLQ,2026-07-18 01:21:22,12821,283,118,119.9,120.15,0.1,0
emPlxFYPBXs,UCGVy07wZs8W-EpKAGchrmCQ,2026-07-28 11:43:46,7393,60,13,119.77,120.02,0.02,0
emZ2qDtSuyg,UC4VWaR3R17Ruc7j1Cy1-PKQ,2026-07-30 20:28:11,253,5,2,119.78,120.03,0.03,0
emded-ZLxCc,UCoIEwIHhW-1_roLnb5nK_UA,2026-08-26 17:21:05,231,6,2,119.91,120.16,0.09,0
emhpJxfrNLc,UCYGK33LxFlgh9QtmvCYMR3A,2026-08-02 03:00:21,18694,349,53,120.0,120.0,0.0,0
emroM2LAQTk,UCKrprPfevcAZpPuRnCO6xOA,2026-07-29 09:00:22,796,10,2,120.0,120.0,0.0,0
emwibLRJ0rQ,UC9qwDE50UcXvdplRNZKEoPA,2026-08-20 01:29:31,513,7,2,119.76,120.01,0.01,0
en-FM8WzICc,UCPsZX-D7LW99PjZLA-UysPQ,2026-08-17 03:00:27,392,2,3,120.0,120.0,0.0,0
enBB3K_HVYw,UCikKJvpU0Ylua4hRW6faQRg,2026-08-23 23:34:25,917,40,0,119.94,120.19,0.06,0
enDgDQ8Bzz8,UCyoKcrOcBEY4rmLYkDuXErA,2026-08-07 09:00:24,119163,946,18,120.0,120.0,0.0,1
enIUYnrKWDM,UCjiXXUsdl0F0aUkTbv8ZVTA,2026-08-28 14:00:06,6332,235,2,119.76,120.01,0.01,1
enIWErG7700,UCAl4HWznMn7KhKBRFO5eiFA,2026-08-06 13:27:08,10616,54,25,119.8,120.05,0.05,0
enIWhQ4LLh8,UCF5RrlbsxJjAVLWgOCoNHMg,2026-08-20 18:45:31,5048,63,1,120.0,120.0,0.0,0
enKJXwNAGkk,UCV6mNrW8CrmWtcxWfQXy11g,2026-08-09 00:00:19,61400,2765,74,120.0,120.0,0.0,1
enSu804GTWk,UCv1tOT645xHOJrwdGlzjMaA,2026-07-25 04:00:10,11766,344,34,120.0,120.0,0.0,0
endvwVy2Lhg,UCJDXc9JWCZo-nLNKr_-L2Ng,2026-08-08 13:50:56,4110,142,3,119.9,120.15,0.1,0
engUH2js1co,UCJDXc9JWCZo-nLNKr_-L2Ng,2026-07-22 17:30:25,2973,140,12,120.0,120.0,0.0,0
eniXNCUNXew,UCN5oT4zGJX-_H6pE5isAEeg,2026-07-22 22:00:19,559222,6956,541,120.0,120.0,0.0,1
enkvEbPd14A,UCOV7VUv7pBCETy6VrpFraoQ,2026-08-14 03:43:14,209,4,0,119.78,120.03,0.03,1
enlwnkly3HI,UCdoTrHNHnoRbaQenxK5PEUg,2026-07-15 14:04:18,77,1,0,119.93,120.18,0.07,0
envO0E5Iv6Q,UCvuc6-wCcCeDrQ9dA52pBBQ,2026-08-28 09:46:43,18083,46,44,119.98,120.24,0.02,0
eo4nCThrm0Y,UCXVVG5ZM3SJJCh94xatR8Dg,2026-08-09 03:00:16,5889,38,7,120.0,120.0,0.0,1
eo4qdG_q3vo,UCCiKOocVSjyb2rsbL_Aanhw,2026-08-24 22:32:34,18076,64,38,119.97,120.22,0.03,0
eoEffVOiiIE,UCVey3Q_CodrHAWBonTGbHFg,2026-08-05 03:00:06,23533,435,16,120.0,120.0,0.0,1
eoV_AZlZW7o,UCoH2pCzAr6zWDG-LtUiLWRw,2026-07-24 22:30:10,32496,344,49,120.0,120.0,0.0,0
eoqzS_l7Qc8,UClHGjnruf4A9Us7CHVgLIEQ,2026-08-03 13:03:14,9354,86,0,119.95,120.2,0.05,1
eozsLc6NGfo,UC_m_uqd_9s0hZvlgfvCzqbQ,2026-07-22 13:04:41,1186,9,2,119.93,120.18,0.07,1
epCaczyZwq4,UC6YqXiwCBfPvPTs3wXgWElQ,2026-08-13 04:10:22,1231,5,0,119.83,120.08,0.08,1
epUIXwG1qVg,UCZ6mNZTiTUrUSbSYPlclI4A,2026-08-04 06:57:05,27992,1094,24,119.8,120.05,0.05,1
ep_gqwB5nVI,UCbItyvYa6cqvqtwlU2E9-wA,2026-08-29 18:01:44,15928,538,21,119.99,120.23,0.01,0
epaODg1O7F8,UCWH9vqm4yM9MHiSUPTfdJYg,2026-08-08 04:00:16,32101,645,77,120.0,120.0,0.0,0
epaTa863Z2o,UCuCmLrNT5MbpqfrSSKHqTug,2026-08-05 10:52:38,28060,59,14,119.88,120.13,0.12,1
eprGFaaoSe0,UCn2E0CVlb421-JjY9-Oydsg,2026-07-14 12:36:17,4,0,0,119.9,120.15,0.1,0
eq-55hcOFsM,UCV6mNrW8CrmWtcxWfQXy11g,2026-07-25 02:00:34,823211,30157,178,119.99,120.24,0.01,1
eq2dngl2k1c,UCZCZHg_oJiHcrcj2vaPRCag,2026-08-08 09:00:22,263,0,2,120.0,120.0,0.0,0
eq5vGYLmSvs,UCYooECrv-fIXlPaDwEIaveA,2026-08-10 09:00:14,45641,973,18,120.0,120.0,0.0,1
eqAaS5rfL_A,UCby0vMKcLR05ZdS90aZd5og,2026-08-19 07:27:08,1781,2,0,119.81,120.06,0.06,1
eqFnD5N7TL4,UCt8CJiye87FMbEwt0npPMuQ,2026-08-25 18:23:16,59891,1417,83,119.87,120.12,0.12,1
eqIExvYzy6M,UCTNyl3P7q6PNhPddh6d7WJQ,2026-08-16 22:00:36,3121,3,2,119.99,120.24,0.01,1
eqMae-zNyxA,UCWZqSCSNZT3X8e_HyCJoXMg,2026-08-22 11:36:00,9907,386,18,119.91,120.16,0.09,1
eqS21N4CwkQ,UCyU5JQ8KVRD9jE4E_xLsHxw,2026-07-19 09:00:13,20,1,0,120.0,120.0,0.0,0
eqTXUwPe4M4,UCs0LzOveQMLImmmTrMmP2sg,2026-08-27 11:30:04,183418,287,32,119.76,120.01,0.01,0
eqZEqOnS8RM,UCwfbSsZ7_sccxcibe60mWlQ,2026-08-30 03:03:57,37913,42,13,119.95,120.2,0.05,0
eqd4a-4s75w,UCbvvdVOF0teLO-U6GWh1RKg,2026-08-30 04:36:14,9706,30,20,119.91,120.16,0.09,0
eqelr3JPgEk,UCtRiSpvkhtRXaSjVjEB9LKg,2026-08-30 08:20:55,4773,15,1,119.91,120.16,0.09,0
eqj6mpu6QXo,UCPGl9DV2WUgaqGVXtVrhJWQ,2026-08-13 15:00:36,8,0,0,119.99,120.24,0.01,0
eqj8YKM-PaE,UCw1DsweY9b2AKGjV4kGJP1A,2026-07-31 10:02:24,81588,489,141,119.97,120.21,0.03,0
eqrjdd36LbE,UCt8CJiye87FMbEwt0npPMuQ,2026-08-10 13:30:18,22285,1003,61,120.0,120.0,0.0,0
er07pC8FiWU,UCv1tOT645xHOJrwdGlzjMaA,2026-07-23 12:27:16,142270,892,8,119.8,120.05,0.05,0
er1oZ0jCGss,UCYGF_xk5RDpltyZDSx040uw,2026-07-26 11:41:15,62888,976,49,119.81,120.06,0.06,1
er4t52AhYVI,UCKVt3arMXfa6XZezR1UnjqQ,2026-07-19 09:00:09,4764,54,5,120.0,120.0,0.0,0
erAWmLMWYfI,UCY_vDlvG-BTDRIOk_I9QQ6g,2026-07-15 00:46:28,469,12,3,119.98,120.23,0.02,0
erOWsnhKtGE,UC8CZL4cvFiKwKKDNCuM2lTA,2026-07-31 08:28:43,22236,206,24,119.77,120.02,0.02,0
erawUq7YWeI,UC2WBkFH1nHcO6aFLWo6sZQg,2026-08-05 14:42:25,21951,823,12,119.8,120.05,0.05,0
eroLCCKtq6c,UCF-rFAdN7dzd-SI2T3rkCaQ,2026-08-19 07:57:53,11587,173,38,119.8,120.05,0.05,0
es2KmSL9pfE,UCIzbqIyEUxtFLYh_sCDoXpw,2026-08-25 15:07:38,55847,322,14,119.88,120.13,0.12,1
esCr0dWe5g4,UCbItyvYa6cqvqtwlU2E9-wA,2026-08-31 15:34:20,13423,399,34,119.94,120.19,0.06,0
esNApdBv4wM,UCyvo6aSmRXz0xjlELAlqzMw,2026-08-05 11:05:11,1326,33,16,119.92,120.17,0.08,0
esViWQf2Ziw,UCpcTrCXblq78GZrTUTLWeBw,2026-08-31 19:30:30,52288,198,5,119.76,120.01,0.01,1
esa4Nmpk2RM,UCVey3Q_CodrHAWBonTGbHFg,2026-08-11 03:00:00,9429,331,19,120.0,120.0,0.0,1
hW5B5kEHkHc,UCg5-nd3qoNnz5dzkX-O0b8A,2026-08-26 10:05:37,48633,563,13,119.92,120.17,0.08,1
hWONQKGind8,UCXNh3eUHXEkL7h1w1KYQRKQ,2026-08-05 05:42:10,215626,5915,21,119.8,120.05,0.05,1
hWZDiTNxlAw,UCePy6AqRuTfKDC4aTrqcAqQ,2026-08-11 02:17:51,254,19,12,119.96,120.2,0.04,0
hWa0hqPUowc,UC3hCAmwyYNgRuOOSFV7evVA,2026-08-31 03:15:33,67180,188,44,120.0,120.0,0.0,1
hWdVy004vKU,UC-yb5eNBQyXBE9nZnht9u-g,2026-08-03 03:09:09,3147,212,2,119.85,120.1,0.1,0
hWe_50M1IEI,UCI3DTtB-a3fJPjKtQ5kYHfA,2026-08-30 14:00:35,13188,59,2,120.0,120.0,0.0,0
hWkUyEozvsQ,UCqVZTizoA2wQKOj_xaDt10Q,2026-08-07 04:00:10,241,4,0,120.0,120.0,0.0,1
hWt6Y7sH32I,UCMF3M48BakI-ptofqoUqdAA,2026-08-24 19:19:52,4296,165,23,119.93,120.18,0.07,0
hX6jFlBeOIM,UCFQWqbfZ-iEG3K_DRgHwnCw,2026-07-26 16:34:42,22,1,0,119.92,120.17,0.08,0
hXCTjuCXO_I,UC9JlObZnbOirT4_iyPGrdcw,2026-07-30 12:00:04,52240,358,69,120.0,120.0,0.0,0
hXMV-3Qfiio,UCt8CJiye87FMbEwt0npPMuQ,2026-08-11 15:11:53,29891,956,140,119.81,120.05,0.05,0
hXMouTPxF9o,UCarBV0zWlC2k-HteyeKqfag,2026-07-24 17:31:08,15833,96,1,119.98,120.23,0.02,0
hXNytp4lNRo,UCX11f6rIVaoWGvFnKKyPBNQ,2026-08-12 18:31:17,2790,151,3,119.98,120.23,0.02,0
hXYTIGQhVKg,UCJDXc9JWCZo-nLNKr_-L2Ng,2026-07-22 19:30:19,2332,92,14,120.0,120.0,0.0,0
hXxr6ZcvVrE,UCta3D5-EYqO-pduQLxQ8mNQ,2026-08-17 06:26:55,7523,69,17,119.81,120.06,0.06,0
hY4bcFHrYSw,UCn3lLusvOTVdtxZi0EHlSTw,2026-08-16 06:30:36,84,3,0,119.99,120.24,0.01,0
hYB0e-nG-NY,UCI3DTtB-a3fJPjKtQ5kYHfA,2026-08-27 18:34:22,4286,7,1,119.94,120.19,0.06,0
hYG81L3T5fE,UCQfISxq5legTqOt1h1us6lg,2026-08-05 17:43:27,3904,8,0,119.78,120.03,0.03,0
hYHkdZyHOmo,UCYooECrv-fIXlPaDwEIaveA,2026-08-08 09:00:10,87287,1086,17,120.0,120.0,0.0,1
hYL66Ucv_xs,UCrKSaegnzewdj9-YLsUhoZw,2026-08-30 23:24:32,16709,55,23,119.85,120.1,0.1,0
hYrrLIHtCm0,UCxpyoLu0jWQJ71_p5zMSgSA,2026-08-22 08:00:37,3933,45,5,119.75,120.01,0.01,1
hYt4KzhFsJY,UCYJDUekoQz0-bo8al1diLWQ,2026-08-23 02:59:57,469362,5742,713,119.76,120.01,0.01,0
hYx_0ocsruk,UC8a9-ubjMyQkDH9Jr8EX0JQ,2026-07-15 16:52:51,80,1,0,119.87,120.12,0.12,0
hYxgRZSeby4,UCp6n8d8Y8r3MwKNw_MMaouQ,2026-08-07 16:36:35,17903,340,7,119.89,120.14,0.11,1
hZCzVd2DP6k,UCPGl9DV2WUgaqGVXtVrhJWQ,2026-07-12 15:00:05,5,0,0,120.0,120.0,0.0,0
hZIKO1eSBd4,UC2t5bjwHdUX4vM2g8TRDq5g,2026-07-12 07:43:48,54461,886,78,119.77,120.02,0.02,1
hZRXi1bPH8g,UCpcTrCXblq78GZrTUTLWeBw,2026-08-02 02:30:38,18410,333,17,120.0,120.0,0.0,0
hZSgsYCa2o8,UCNRnCc0hg3ZcKdOGXKKv5Ww,2026-08-25 17:54:15,10833,79,0,119.86,120.11,0.11,0
hZUSgtID4kM,UCPuD5ZRQWa_JCaY5NokNhtg,2026-08-11 11:51:45,610,11,4,119.89,120.14,0.11,0
hZ_jUPKFbio,UCifCesg-EUkjKyQedaB3hRg,2026-08-08 21:28:44,129916,4957,41,119.77,120.02,0.02,0
hZdkK9KFky4,UCoSniqkitCpxlHrQd5L8A1w,2026-08-03 23:21:31,1385,13,15,119.89,120.14,0.11,0
hZdyQ_g0SvA,UCp9skQ2mP_DfVL8c3gZQUzg,2026-08-17 04:27:45,61878,218,89,119.79,120.04,0.04,1
hZe8XK9qxZk,UCulcJNJPF25ncT7GvJm6iEg,2026-07-30 08:12:44,294370,2443,41,119.79,120.04,0.04,1
hZfT4nBAd8A,UCD8r5Jgns2V64-NcUmXclpg,2026-08-08 03:15:18,65983,375,35,120.0,120.0,0.0,0
h_5BS4cB_jw,UCqPN9LAkx20aBWOafwvQB-Q,2026-08-01 23:00:01,65720,2511,145,120.0,120.0,0.0,0
h_8Kjr7X980,UCL2ZLyAV0H9Pvi46W7TGdHQ,2026-08-24 12:00:36,560210,5227,203,119.75,120.25,0.25,1
h_FRWXqJZtc,UCN5oT4zGJX-_H6pE5isAEeg,2026-08-28 08:00:01,1556159,26608,657,119.76,120.01,0.01,1
h_Ou2thvg0c,UCKUUL3fMVvYVZdGkKhhjP0A,2026-08-01 00:26:16,44659,611,21,119.81,120.06,0.06,1
h__ickLVKwY,UCJDXc9JWCZo-nLNKr_-L2Ng,2026-07-22 14:40:35,4150,138,5,119.83,120.08,0.08,0
h_b4i50NMm0,UCZaNYFjF_SRRJPVuGX7yMjQ,2026-07-26 13:08:31,3,0,0,119.86,120.11,0.11,0
h_kAAJ_an8c,UCyoSQyaCrZHro6F_nBiXIYg,2026-07-10 16:17:38,141379,890,120,119.96,120.21,0.04,0
h_wCR09qDlo,UCXYNuWjnQRSAXCGl9gv8Ncw,2026-08-02 01:00:06,74376,1273,155,120.0,120.0,0.0,0
h_yvo79CW1k,UCV7WE8I_UiAN0fa6Arezx_w,2026-07-14 15:00:27,45,0,0,119.99,120.24,0.01,0
haGR8NhRbBY,UCNOj6xtKWCtPbjJV8XPlbLg,2026-08-18 02:00:05,77689,322,57,120.0,120.0,0.0,1
haJs7IjJwG0,UCKiCT33Gmj3mlJ5xh-9ZUqw,2026-07-28 14:00:15,8093,66,32,120.0,120.0,0.0,0
haJsX8ISYp8,UCTNyl3P7q6PNhPddh6d7WJQ,2026-07-20 22:00:22,2252,9,0,120.0,120.0,0.0,1
haO3E41-9V8,UCDq6CfnZgtnqXEwG8tqvBfA,2026-07-14 15:19:47,45,1,0,119.92,120.17,0.08,0
haWypKR77Ow,UClvMduw1MDMQ0PuH753-XSA,2026-08-10 22:16:51,2131,64,3,119.97,120.22,0.03,0
hahN8nNA8So,UCzDmGDR5RdahQkLCBoWlTEg,2026-08-18 14:05:32,13147,114,1,119.92,120.17,0.08,0
hakUsYkPK4o,UCSOeJWyByeoBHpmrm0NnlLw,2026-08-20 07:00:37,55794,1153,44,120.0,120.0,0.0,1
ham3It2KWU8,UC4G86yAU5PXV5nRT4DlvV8A,2026-07-11 11:46:38,19,0,,119.97,120.22,0.03,0
hb67DeUhxFU,UC5Yx9RlmznXDUEIrfoSqheA,2026-08-16 15:59:44,3168,24,2,119.76,120.01,0.01,0
hbCpH1fwkIM,UCV7WE8I_UiAN0fa6Arezx_w,2026-08-06 00:00:23,90,1,0,120.0,120.0,0.0,0
hbKtEdne4hw,UCPJGXrPIVKBR8PJY7w33WZw,2026-08-13 01:00:09,24339,318,90,120.0,120.0,0.0,0
hbn7KdeWavA,UCBtJuwDt6LlXp2YASC-ZMdA,2026-08-06 03:00:03,287,4,0,120.0,120.0,0.0,0
hbuzh-liW0s,UCg7rkxrTnIhiHEpXY1ec9NA,2026-08-18 07:30:16,259565,10905,663,119.76,120.01,0.01,0
hbxP8MFcGSc,UC2yOBpLVwB7kzt9C5ZPbB7w,2026-08-12 07:00:08,128610,1761,41,120.0,120.0,0.0,1
hc-Ehw-Z5Ek,UCr4WCOxirRA-BzVu-MH_WqQ,2026-08-27 09:00:24,2970,27,3,119.75,120.01,0.01,1
hc75Ma0FsX8,UCvPGGL-OTEAQlwAUxbcJO8g,2026-08-22 05:08:26,79552,1370,30,119.87,120.12,0.12,0
hc7pwhl4rJ0,UCc1VJX_5Z2RdGi58XU4IfbA,2026-07-27 04:00:01,298,8,0,120.0,120.0,0.0,0
hcBf9nDIBT4,UCv1tOT645xHOJrwdGlzjMaA,2026-08-20 06:00:27,9513,151,5,120.0,120.0,0.0,0
hcK2WLgl9ow,UCV7WE8I_UiAN0fa6Arezx_w,2026-07-16 19:00:18,115,1,0,120.0,120.0,0.0,0
hcLlvfoXTeQ,UChLqHuZV0PENIBYxDgXyPLQ,2026-08-12 12:21:14,148762,2449,28,119.9,120.15,0.1,1
hcUbCTTScos,UCp6n8d8Y8r3MwKNw_MMaouQ,2026-08-05 10:14:56,224250,2187,2,120.0,120.0,0.0,0
hcj1EfaWzAo,UCIXQkaLrM7_t87SEM_pmHpA,2026-08-05 02:34:41,1981,21,6,119.92,120.17,0.08,0
hcpTyzUqlwg,UCulcJNJPF25ncT7GvJm6iEg,2026-08-07 08:07:38,111436,1322,28,119.88,120.13,0.12,1
hd-u8fq7jB0,UCtLWxhEMKOio-GzdVJ1CVhg,2026-08-22 02:17:50,240,6,1,119.96,120.21,0.04,0
hd1do4y5p8Y,UC5Yx9RlmznXDUEIrfoSqheA,2026-08-14 04:55:02,220,5,0,119.84,120.09,0.09,0
hd6GsO6tsDU,UCt8CJiye87FMbEwt0npPMuQ,2026-07-20 02:31:52,4833,161,13,119.97,120.22,0.03,0
hd8e1awmiMc,UCgT-gb3favw2jQgwxbbwwaA,2026-08-08 11:00:16,122493,770,28,120.0,120.0,0.0,0
hdAqX5spzJE,UCrR_fhiJjoW8OJFzUcmlMMA,2026-08-09 02:00:26,10307,118,36,120.0,120.0,0.0,0
hdDm8NvENyI,UCgT-gb3favw2jQgwxbbwwaA,2026-08-25 03:00:28,155078,1088,15,120.0,120.0,0.0,1
hdVf6aMLMYc,UCab17MxxnFtAhGsJVTkSkCg,2026-07-22 13:11:01,1149,23,3,119.82,120.07,0.07,0
hdebRAfxQbg,UChyEdiMY2maW8ySmbcmEyRg,2026-08-20 12:49:39,401,1,0,119.93,120.18,0.07,1
hdgFw3_v-Jo,UC4oe-OVZ2Ho-03yrMkrXomQ,2026-07-20 04:30:17,95218,2063,70,120.0,120.0,0.0,1
hdhdyNs3f8w,UCZ-UuK86Bk5sGzQQ2cEglJQ,2026-07-13 08:50:46,83945,947,14,119.91,120.16,0.09,1
hdlv8u0dQIg,UC-yb5eNBQyXBE9nZnht9u-g,2026-08-16 14:33:36,6370,343,14,119.94,120.19,0.06,1
hduG1CULndg,UCM81CAJ2_Y42-bvK1OQnAAA,2026-08-21 15:42:34,89326,842,721,119.8,120.05,0.05,0
hdwMdYrg59A,UCyiKngyUPUb1bka4yFrn65g,2026-08-10 09:06:23,45885,110,15,119.9,120.15,0.1,1
he2kUiO1AsM,UCpX86JOUhnrzG7MK8e8Gjbw,2026-08-06 06:44:12,21375,244,312,119.52,120.02,0.02,0
he3rCrQu48Q,UCPsZX-D7LW99PjZLA-UysPQ,2026-08-07 06:00:25,420,4,0,120.0,120.0,0.0,0
k7QCVU_DuK4,UCBTsPtRCh6ln3IRQFjhjh1A,2026-08-31 09:00:27,31012,48,17,119.75,120.01,0.01,0
k7VhtJc4uwM,UCH29Gz8a6veRLqUxzjBXHrQ,2026-08-13 09:49:21,35785,1191,115,119.93,120.18,0.07,0
k7ZSIrWmgSM,UCwBkHOTyu57NQi0syf5MLig,2026-08-09 18:52:16,11783,72,20,119.88,120.13,0.12,0
k7f9cuT4Xz0,UCUbOogiD-4PKDqaJfSOTC0g,2026-07-19 12:44:50,142088,810,73,120.0,120.0,0.0,0
k8ADDeIEX-E,UCk5mlvpbj8CZxD229CpiouA,2026-08-07 13:00:04,4757,140,18,120.0,120.0,0.0,0
k8EVeIzMr_8,UCFQWqbfZ-iEG3K_DRgHwnCw,2026-07-27 00:13:36,6,1,,119.78,120.03,0.03,0
k8T_ZcH8MVo,UCc1VJX_5Z2RdGi58XU4IfbA,2026-08-23 06:30:26,768,9,1,119.76,120.01,0.01,0
k8eqFVLtvoc,UCV7WE8I_UiAN0fa6Arezx_w,2026-08-30 17:00:11,91,1,0,119.76,120.01,0.01,0
k8s_xGZX7w8,UCb5NLtXAsTBrmaZVhyFa-Wg,2026-08-01 09:45:27,72110,374,101,119.99,120.24,0.01,0
k8wKUrGBBCY,UCdK9h1ILxS49c2LguBUY3rw,2026-08-29 11:30:16,12,2,0,119.76,120.01,0.01,0
k94iOqxNZjY,UCTUnpbuKoOODvhLhCO_kO_A,2026-08-04 08:00:29,2191,36,17,119.99,120.24,0.01,0
k9AafR3FDMw,UCeiDuGZqWT4iiIXRTfhM3qQ,2026-07-31 07:05:38,4532,87,0,119.91,120.16,0.09,0
k9MF-r_CNL8,UCby0vMKcLR05ZdS90aZd5og,2026-08-05 03:49:33,2493,2,2,119.93,120.18,0.07,1
k9Ry4jELIdQ,UCRq3CDTZ2qe3HiHrZdQKBvQ,2026-08-05 12:18:11,2815,9,1,119.95,120.2,0.05,1
k9YugAeOM0k,UCzps05UZ7XpX3SFoFyYIDow,2026-07-24 06:00:09,7046,121,14,120.0,120.0,0.0,0
k9dSjcLhoZM,UCNRnCc0hg3ZcKdOGXKKv5Ww,2026-08-26 09:15:38,35609,166,5,120.0,120.0,0.0,1
k9hx0QUryPY,UCby0vMKcLR05ZdS90aZd5og,2026-07-25 11:06:42,665,8,2,119.89,120.14,0.11,0
k9qtPXku1zE,UCLXI7tT4pHH222QgpvYx1jA,2026-07-21 11:30:11,3249,75,86,120.0,120.0,0.0,0
k9zTi06zWpg,UCpcTrCXblq78GZrTUTLWeBw,2026-07-19 10:30:18,1933458,7951,1039,120.0,120.0,0.0,1
kA-gjV882EA,UC7wtTnMorJi_d93lb_P2Xow,2026-07-26 09:00:27,74861,696,97,119.99,120.25,0.01,0
kA1OxDuPWfY,UC0tmAwhgk_1ATJtFyVHrFxg,2026-07-27 15:19:25,89312,4538,545,119.93,120.18,0.07,0
kA5LL0Icymk,UCV7WE8I_UiAN0fa6Arezx_w,2026-08-28 06:00:32,62,0,0,120.0,120.0,0.0,0
kAfPjXKzox8,UCV7WE8I_UiAN0fa6Arezx_w,2026-08-01 15:00:30,23,0,0,119.99,120.24,0.01,0
kAh3ExCKWIg,UCPuD5ZRQWa_JCaY5NokNhtg,2026-08-13 05:10:35,240,5,2,119.83,120.08,0.08,0
kAyzRdoDOuE,UCnDcpS7XLQ9KFPqULb9TH8g,2026-07-18 10:08:29,205473,2823,32,119.86,120.11,0.11,0
kB2Ncp5uswM,UC3pTpoDKt17IrCDH60kSNPA,2026-08-27 01:37:21,876,17,1,119.89,120.14,0.11,1
kB8WFk67PcY,UCnhGcri8x6xhehanhAe9ipw,2026-08-13 11:45:30,115038,647,142,119.99,120.25,0.01,0
kBUONxJdedg,UCJj2vuQIpFnk5pbTAtCi3yw,2026-08-12 13:30:05,16324,268,121,120.0,120.0,0.0,0
kBhPypZZWbg,UCaj7p2XHGqfBYb2OI-7Q2DA,2026-08-18 05:41:35,21504,222,110,119.82,120.07,0.07,0
kC7jDfncbZ4,UCPGl9DV2WUgaqGVXtVrhJWQ,2026-07-19 15:00:33,2,0,0,119.99,120.24,0.01,0
kCONezuIHCk,UC-S8JFhLkQ5enhB70c2CYIw,2026-08-27 11:00:26,283493,3548,204,120.0,120.0,0.0,0
kCnf6hxR4oE,UCCiKOocVSjyb2rsbL_Aanhw,2026-08-05 06:12:09,43385,284,262,119.8,120.05,0.05,0
kCu7glcXj2E,UCJDXc9JWCZo-nLNKr_-L2Ng,2026-08-29 15:00:15,2094,50,2,119.76,120.01,0.01,0
kCuijYvuZDw,UCOTJtP0Z9DjpPU43B5m1V6A,2026-08-13 02:30:31,77792,748,79,119.99,120.24,0.01,0
kD79YCKLeFY,UC6oq8RPEH1BmtyldQgXVbJw,2026-08-05 14:29:28,3399,21,13,119.76,120.01,0.01,0
kDC6wg5TYT4,UCATlfGN7EDjXS_2ofklb3bw,2026-07-29 02:21:34,13575,322,0,119.89,120.14,0.11,0
kDKhvfC9qCk,UCAgZP6qUjcVjZsGWtW-l6lw,2026-08-24 11:00:22,118,2,2,120.0,120.0,0.0,0
kDQ951lIl6Y,UCrR_fhiJjoW8OJFzUcmlMMA,2026-07-16 07:00:34,6479,95,16,119.99,120.24,0.01,0
kDZLTUPeeu4,UC8C0Yd20ke5XqOiZvMVgM9w,2026-07-23 09:00:04,2290902,9,4,120.0,120.0,0.0,1
kDe-2lyHeKQ,UC8C0Yd20ke5XqOiZvMVgM9w,2026-08-15 09:00:07,9364,324,17,120.0,120.0,0.0,1
kEEKa8SFa60,UC-okJdotaXPlzivRzHFqzuA,2026-07-31 05:00:24,217148,975,36,120.0,120.0,0.0,0
kEF-sKEIPwM,UC3DYSay178fMMPaf3zHwECA,2026-07-20 08:00:11,533787,11372,110,120.0,120.0,0.0,1
kEGZkEUOsM0,UCjsqgRBvkn8XadWraSQxTKQ,2026-08-31 16:58:32,2021,6,0,119.79,120.04,0.04,0
kEJBQXbmssM,UCe9jDZNCsC4sH-Ln2Fn99FQ,2026-08-25 14:22:48,1187,8,0,119.88,120.13,0.12,1
kEPVMjoRSDQ,UC_E_qYfGKM3C0kqrp1p8z7Q,2026-08-26 19:00:30,296,9,1,119.75,120.01,0.01,1
kEYAe2pcDzs,UC9qwDE50UcXvdplRNZKEoPA,2026-08-19 08:00:05,32872,889,46,119.76,120.01,0.01,1
kEaE87SNC80,UCuCmLrNT5MbpqfrSSKHqTug,2026-07-31 08:00:09,11717,81,30,120.0,120.0,0.0,0
kEpS3aAozTg,UCg5Ew4lj74r_ohbc4AeQj1w,2026-08-18 09:00:02,52476,950,70,119.76,120.01,0.01,1
kEu652DgpLI,UCPuD5ZRQWa_JCaY5NokNhtg,2026-07-31 08:21:21,1074,10,7,119.9,120.15,0.1,0
kF2YLwUXVR0,UCTmniSiCVyG_UKVCEa9PNKA,2026-08-11 09:38:10,1093,29,4,119.87,120.12,0.12,0
kF2jfs2xKmA,UChLqHuZV0PENIBYxDgXyPLQ,2026-08-01 01:21:38,24994,276,77,119.89,120.14,0.11,0
kF3JA5jY7wM,UCt8CJiye87FMbEwt0npPMuQ,2026-08-26 19:11:01,45633,1114,88,119.83,120.08,0.08,0
kF61VVLXaAE,UCCW6uYIUP4YKKe50k-ktVAw,2026-07-28 08:00:38,80981,2171,134,119.99,120.24,0.01,0
kF9cHKhkyZ4,UC-FiQR2gg8oiNw98ZdsSX6Q,2026-08-07 15:00:31,2024,8,0,119.99,120.24,0.01,0
kFA3aZznoRg,UCZ-UuK86Bk5sGzQQ2cEglJQ,2026-08-15 10:30:31,138779,1624,83,119.99,120.24,0.01,0
kFZ79XHbfhE,UCpcTrCXblq78GZrTUTLWeBw,2026-08-29 11:00:08,52396,573,35,119.76,120.01,0.01,0
kFecsaDs8mE,UCJpAwvQaZyCI5spAz7tipGA,2026-08-18 08:30:20,385098,1977,350,119.76,120.01,0.01,0
kFv0SbzBB3M,UCpI-AhCT02iQRGLC2ZcY0Jw,2026-07-23 01:00:29,37041,368,191,119.99,120.24,0.01,0
kFyEiRypDPc,UCfIUuMA7U_jImP7oWfTe4Pw,2026-08-06 15:31:53,690596,6812,1100,119.97,120.22,0.03,0
kGDmbSGX2DU,UCnCH3Uhv_ynhTNKEH6ekRtg,2026-08-05 04:40:00,13090,163,25,119.84,120.09,0.09,0
kGGUxBvT2Nw,UCrExV5uWnC3-WUnUN2Ck8HA,2026-07-24 16:56:54,969,18,3,119.81,120.06,0.06,0
kGTaSE-FYFk,UCab17MxxnFtAhGsJVTkSkCg,2026-07-27 15:23:49,2682,58,1,119.85,120.11,0.11,0
kGjZL9rtUHQ,UCSfhr4gDPFsKuwdmTOWp2jw,2026-07-10 09:30:39,152,2,0,119.25,123.11,0.75,0
kGlpGzzjde0,UCpI-AhCT02iQRGLC2ZcY0Jw,2026-07-18 01:26:19,30008,260,266,119.81,120.06,0.06,0
kGwtLeMPqco,UC4P7F8qenDo1O_5NvgBb_cg,2026-08-15 02:30:36,111253,926,86,119.99,120.24,0.01,0
kGz3j6ONWgs,UCwBkHOTyu57NQi0syf5MLig,2026-08-18 09:00:23,358477,1326,72,120.0,120.0,0.0,1
kH2fE5mmFTA,UChHxLcNi7e0zu-e33HM6v6A,2026-08-29 03:47:15,30341,141,69,119.97,120.22,0.03,0
kH4j4ebFOPs,UCnhGcri8x6xhehanhAe9ipw,2026-08-05 14:11:16,35387,298,21,119.81,120.07,0.07,1
kH5ytjqEAIM,UCmiTZyj9GwMjyznZxrgCH4Q,2026-08-10 23:04:16,158018,2688,25,119.93,120.18,0.07,0
kH9LxQ9OcM8,UCPGl9DV2WUgaqGVXtVrhJWQ,2026-07-23 15:00:31,3,0,0,119.99,120.24,0.01,0
kHFji0-wN34,UCPoEVLrQMMXICwULGDwfvug,2026-08-27 02:12:29,10451,87,37,119.81,120.05,0.05,1
kHMic5pgV8Q,UCcum1rCJ5GJeQ_xv0xrohqg,2026-08-25 10:00:34,23579,1217,74,120.0,120.0,0.0,1
kHSh80BjXqQ,UCPGl9DV2WUgaqGVXtVrhJWQ,2026-07-13 15:00:06,8,0,0,120.0,120.0,0.0,0
kHawP3UHdUg,UCt8CJiye87FMbEwt0npPMuQ,2026-08-18 15:45:17,35603,1433,123,119.76,120.01,0.01,0
kHkHgeFyyd0,UCZRH94I89Ps7giJYeK6DlWA,2026-08-21 14:30:18,191658,10050,63,119.76,120.01,0.01,0
kIAaXL5BnFs,UCPJGXrPIVKBR8PJY7w33WZw,2026-07-11 01:00:35,59857,840,179,119.99,120.24,0.01,0
kIOyU0YssWw,UCV7WE8I_UiAN0fa6Arezx_w,2026-07-15 16:00:07,83,0,0,120.0,120.0,0.0,0
kIViOs2XxZ8,UCEeib6HEHy95EGWUevS4RcA,2026-08-12 03:36:12,15,0,0,119.9,120.15,0.1,0
kIZjSrJ3PY8,UCQJuZxeDv2P05YHcC-tIEVQ,2026-07-21 08:00:30,87757,2237,53,119.99,120.24,0.01,1
kIdg3Nz-D_Q,UCKVt3arMXfa6XZezR1UnjqQ,2026-07-17 09:00:19,2152,13,3,120.0,120.0,0.0,0
kIhm38unBeI,UC78d2aaqdrt02RfmtRLmlAw,2026-08-05 22:18:02,5530,60,0,119.95,120.2,0.05,0
cDcFDPqqTTo,UCwBkHOTyu57NQi0syf5MLig,2026-08-19 13:11:01,64009,404,87,119.83,120.08,0.08,0
cDgokCmDD5M,UCaN3tSrrzIrXSDonEe7LK9A,2026-08-19 08:00:17,2434,50,14,119.76,120.01,0.01,0
cE6QbihoeAE,UCpcTrCXblq78GZrTUTLWeBw,2026-08-15 12:30:38,48257,361,28,119.99,120.24,0.01,0
cEKz9Ijzhec,UCvPDPTxTLitVEyGu4Xt6m8g,2026-08-11 09:00:16,22024,178,13,120.0,120.0,0.0,0
cES5fMY0j7o,UCybn_0S0Ec6Il1ZhiQM1Vww,2026-08-05 10:11:09,42599,185,175,119.82,120.07,0.07,0
cEcXf2jLcEY,UCDYAog4sNhwQ5pXtAZiT0Og,2026-07-23 12:00:21,26877,123,17,120.0,120.0,0.0,0
cEd-VBr8Svs,UCp9skQ2mP_DfVL8c3gZQUzg,2026-08-25 05:44:29,43222,230,44,119.77,120.02,0.02,1
cEfcWuwxpkA,UCab17MxxnFtAhGsJVTkSkCg,2026-08-05 11:08:02,762,23,1,119.87,120.12,0.12,0
cEuDuynfZOY,UCIb0mO7d6_6WsPYDFLQZnTQ,2026-07-23 09:25:10,57,0,0,119.84,120.09,0.09,0
cFNjO5f-OBc,UCN8L7Z-dyzu9FzT39RM0fvw,2026-07-30 02:16:43,8404,108,38,119.97,120.22,0.03,0
cFO5IKBqSgA,UCyaMGpNb-UiLHMY833ai7IQ,2026-08-23 10:23:50,1313,3,0,119.87,120.12,0.12,0
cFOg8eZ2fWc,UCd4PDK0JYfPf0DUeYZThguw,2026-08-17 16:22:31,47209,407,38,119.88,120.13,0.12,0
cFShAGNPJ1g,UCwBkHOTyu57NQi0syf5MLig,2026-08-16 04:00:07,90165,753,41,120.0,120.0,0.0,0
cFXtHz8zYU0,UCeOXoe4zJCBTBwHN1M_djUw,2026-08-22 19:13:24,1370,9,0,119.79,120.04,0.04,0
cFfCTiAFy4o,UCcum1rCJ5GJeQ_xv0xrohqg,2026-07-31 13:14:18,47300,1590,122,119.76,120.01,0.01,1
cFgaU5cijrs,UCbItyvYa6cqvqtwlU2E9-wA,2026-08-11 00:51:54,10281,472,42,119.89,120.14,0.11,0
cFunAk2rkFM,UC-okJdotaXPlzivRzHFqzuA,2026-07-31 02:59:12,82549,1167,48,119.77,120.02,0.02,0
cFxbiuGKF9c,UCV7WE8I_UiAN0fa6Arezx_w,2026-07-26 20:00:03,222,1,0,120.0,120.0,0.0,0
cG5O6HC7j8A,UCpcTrCXblq78GZrTUTLWeBw,2026-07-26 07:30:09,59030,568,86,120.0,120.0,0.0,1
cG5kJvE9iBM,UCdK9h1ILxS49c2LguBUY3rw,2026-07-30 12:00:07,4,2,0,120.0,120.0,0.0,0
cG63vZwSXsY,UCV6mNrW8CrmWtcxWfQXy11g,2026-08-20 08:00:04,56123,1708,84,120.0,120.0,0.0,1
cGAtiNBUtrI,UCab17MxxnFtAhGsJVTkSkCg,2026-07-23 18:22:33,851,19,0,119.88,120.13,0.12,0
cGMTFzK2RbE,UCe-7GwWL1XNlCJyfqBhgrHA,2026-08-16 07:14:18,30004,1374,38,119.76,120.01,0.01,1
cGS9A0QM6kk,UC2NFRq9s2neD_Ml0tPhNC2Q,2026-08-14 09:04:32,35213,790,4,119.93,120.18,0.07,0
cGUDXUHb_6w,UCSzHok6X5qXEO7cjvVnE62g,2026-08-29 04:00:33,103710,249,36,120.0,120.0,0.0,0
cGY47juCRvI,UCpX86JOUhnrzG7MK8e8Gjbw,2026-08-24 06:37:42,51402,282,228,119.88,120.13,0.12,0
cGaeWvBrQ8Q,UCqPN9LAkx20aBWOafwvQB-Q,2026-07-30 23:00:15,43333,1820,88,120.0,120.0,0.0,0
cGjIYHX-ha0,UCEcRvF_6IRSux8FO-ogFZug,2026-07-31 03:00:00,19271,1034,64,120.0,120.0,0.0,0
cGj__FYq0R0,UCJj2vuQIpFnk5pbTAtCi3yw,2026-08-30 08:30:38,30680,261,80,120.0,120.0,0.0,0
cH3GOHV-FU0,UCgLFbrC7-g0ihBKB0obVPTg,2026-08-02 13:00:09,84,1,1,120.0,120.0,0.0,0
cHDeOk59Nfw,UCpcTrCXblq78GZrTUTLWeBw,2026-08-26 20:30:27,37458,601,32,120.0,120.0,0.0,0
cHEb6hT6M3s,UCOTJtP0Z9DjpPU43B5m1V6A,2026-07-29 12:00:25,210846,1787,72,119.99,120.25,0.01,0
cHEiFz75xmQ,UCpcTrCXblq78GZrTUTLWeBw,2026-08-24 20:30:13,15328,488,31,119.76,120.01,0.01,0
cHFthl31wHM,UCvPDPTxTLitVEyGu4Xt6m8g,2026-08-14 09:21:47,24838,126,5,119.89,120.14,0.11,1
cHLtzGBO-b0,UCZ6mNZTiTUrUSbSYPlclI4A,2026-07-26 15:46:01,25016,622,34,119.98,120.24,0.02,1
cHpfvx-DdrU,UCuWDza8A_ntbjwBZgW0ZSNw,2026-07-29 05:30:06,10623,84,21,120.0,120.0,0.0,0
cHvp--pcprI,UCt8CJiye87FMbEwt0npPMuQ,2026-07-27 14:30:09,12450,555,30,120.0,120.0,0.0,1
cI58aZzbUNM,UCKVt3arMXfa6XZezR1UnjqQ,2026-07-28 09:00:34,1968,37,0,119.99,120.24,0.01,0
cI7Rcr18SzE,UCoQU5wtIxq0QGh80NHky82g,2026-07-22 08:23:49,267967,3896,99,119.85,120.1,0.1,1
cIBlRsMoZyA,UCzSODDx0zQF3nxXOZISCm_w,2026-08-21 09:30:28,970,3,0,120.0,120.0,0.0,1
cIGVk4R4Rso,UCPp6kLLWggTuACsQwFibg8A,2026-08-15 13:44:35,59528,421,32,119.76,120.01,0.01,0
cI_-PUVwLx4,UC7lwS-aSDzYHZJ9uWuzySwQ,2026-08-22 10:00:33,1659,5,14,120.0,120.0,0.0,1
cIaZ5OeZ6DM,UCXVVG5ZM3SJJCh94xatR8Dg,2026-07-30 01:59:01,1114,25,0,119.77,120.02,0.02,1
cIcpRmJdVDU,UCPGl9DV2WUgaqGVXtVrhJWQ,2026-07-23 11:58:26,4,0,0,119.78,120.03,0.03,0
cIjY5eb3Gsk,UC9qwDE50UcXvdplRNZKEoPA,2026-08-23 02:00:37,20924,727,32,120.0,120.0,0.0,1
cIoKmZwNKws,UCjBPx2oip2bKnnfqKyas0ew,2026-08-10 13:00:09,2627,164,18,120.0,120.0,0.0,1
cIwSjd12gIY,UCsbo5VemDR505Etd5ZKnWNA,2026-08-07 09:30:32,25789,178,7,119.99,120.24,0.01,1
cJPIRaqGQqc,UC_9W6Z5Y3lDpLk47Y_y5ITQ,2026-08-14 20:37:39,21122,240,71,119.88,120.13,0.12,0
cJhX05ZpFiM,UCV7WE8I_UiAN0fa6Arezx_w,2026-08-14 11:00:31,29,0,0,119.99,120.24,0.01,0
cJlUPDTpXHk,UCAaLhok91QDrweyuDRsmjqQ,2026-08-09 13:41:48,161854,1636,125,119.81,120.06,0.06,0
cK2Y6igpn0w,UC7lwS-aSDzYHZJ9uWuzySwQ,2026-08-24 10:00:14,4114,15,0,119.76,120.01,0.01,1
cK8fbAlAS8E,UCY_vDlvG-BTDRIOk_I9QQ6g,2026-07-12 03:51:39,1610,33,3,119.89,120.14,0.11,0
cKM00urrke4,UCSOeJWyByeoBHpmrm0NnlLw,2026-08-25 07:00:27,95426,1844,56,119.75,120.01,0.01,1
cKZZVjG0WPE,UCp9skQ2mP_DfVL8c3gZQUzg,2026-08-24 18:08:23,24195,228,0,119.87,120.12,0.12,0
cL-W5g0VBCI,UCeAsj1O73pcqd-xQ4AZbJeQ,2026-07-29 14:22:43,236,2,1,119.87,120.12,0.12,0
cL7cV99egWU,UC59jWhPazXYi8Ny4vake45A,2026-08-31 09:47:59,112444,3705,23,119.96,120.21,0.04,1
cLIiYa_xnzw,UCRLoyYlPR9ufzlbeI9lLDqg,2026-07-27 10:00:20,12862,648,53,120.0,120.0,0.0,0
cLTPwLW5Zmk,UCt8CJiye87FMbEwt0npPMuQ,2026-08-10 16:30:12,99053,5175,290,120.0,120.0,0.0,0
cLcyeyd7bMU,UC4VWaR3R17Ruc7j1Cy1-PKQ,2026-08-16 04:45:37,270,0,0,119.99,120.24,0.01,1
cM0nyWUCXpk,UCw1DsweY9b2AKGjV4kGJP1A,2026-08-08 07:45:38,50541,101,3,119.99,120.24,0.01,1
cM3y6L-tS0E,UCVZ0SJNurJAv-6hV5VEGB2A,2026-08-30 01:15:37,94080,1187,28,120.0,120.0,0.0,0
cMJBk9QirKI,UCPI40-XQA9-GBGj2k8PPqfg,2026-08-13 09:00:08,51067,952,93,120.0,120.0,0.0,0
cMLP-5KKkN8,UC-okJdotaXPlzivRzHFqzuA,2026-07-23 02:59:20,57547,877,25,119.76,120.01,0.01,0
cMNAt8LG2pA,UCBW_PhuXoHk40xF6nO0Q64w,2026-07-16 02:31:09,5494,131,45,119.98,120.23,0.02,0
cMT7A4ujr7M,UC1Il94cQwl93Zun8ax1Qjlw,2026-08-08 10:51:08,196,3,0,119.9,120.15,0.1,0
cMrKw8F3ivY,UCe9jDZNCsC4sH-Ln2Fn99FQ,2026-08-24 00:10:53,1263,1,0,119.84,120.08,0.08,1
cN-TQnQwQSA,UCt8CJiye87FMbEwt0npPMuQ,2026-07-26 15:45:34,7411,375,34,119.99,120.24,0.01,0
cN4wAOAHvIQ,UCgLFbrC7-g0ihBKB0obVPTg,2026-07-31 16:01:53,191,7,5,119.97,120.22,0.03,0
cN5nG6mILf4,UCby0vMKcLR05ZdS90aZd5og,2026-08-27 11:49:53,1935,5,0,119.93,120.18,0.07,1
cN6H3DPGtWU,UCL2ZLyAV0H9Pvi46W7TGdHQ,2026-08-04 11:45:36,450677,3062,122,119.99,120.24,0.01,1
cNE4ssFsLyk,UC_E_qYfGKM3C0kqrp1p8z7Q,2026-08-27 15:00:06,237,7,0,119.76,120.01,0.01,0
cNQ6y583qyo,UCYsRymb9vAsOOLBy-Wo1kRg,2026-07-23 08:30:38,4023,71,3,119.99,120.24,0.01,1
cNU7bNd-zQU,UCBvkOBLsSj9kusGYlroQkBg,2026-08-26 13:27:40,132908,1244,43,119.8,120.05,0.05,0
cNcNe2ljApA,UC4VWaR3R17Ruc7j1Cy1-PKQ,2026-07-12 04:14:02,269,2,0,119.77,120.02,0.02,1
cO4qUy3W5Mc,UCyaMGpNb-UiLHMY833ai7IQ,2026-08-17 10:30:49,1449,6,1,119.99,120.24,0.01,0
cOC9SJRhRxw,UCQJuZxeDv2P05YHcC-tIEVQ,2026-08-13 08:00:20,17611,359,25,120.0,120.0,0.0,0
cOGYMrd5X14,UCab17MxxnFtAhGsJVTkSkCg,2026-08-09 12:20:53,580,10,1,119.91,120.15,0.09,0
cOi3oLfqKrQ,UCtGMgPWJNU2Aj-SNK0zg0Sg,2026-07-31 09:45:00,77289,393,41,120.0,120.0,0.0,1
cP0UBiIZAtc,UC8x8GQmlxAIhHxzU61z0uLQ,2026-07-19 14:00:31,3163,27,4,119.99,120.24,0.01,0
cP7W4zQEFug,UCJDXc9JWCZo-nLNKr_-L2Ng,2026-07-29 14:00:37,5825,131,11,119.99,120.24,0.01,0
cPCRFpmF0E8,UCFCt5RYu41HTg4eX1jdHNxw,2026-08-20 22:59:17,1783,26,0,119.77,120.03,0.03,0
esq7xrNeLso,UCQJuZxeDv2P05YHcC-tIEVQ,2026-08-25 08:00:13,21841,272,30,119.76,120.01,0.01,0
esvfnOZYVjw,UCV6mNrW8CrmWtcxWfQXy11g,2026-08-05 23:03:56,51364,790,8,119.94,120.19,0.06,0
eswCziHWdqY,UCAl4HWznMn7KhKBRFO5eiFA,2026-08-20 11:56:41,11245,21,1,119.81,120.06,0.06,1
eswYRghb3vE,UC3hqiw3lZAXaMwhQvMGZkdw,2026-08-01 13:15:06,23815,391,7,120.0,120.0,0.0,0
esxyTLAikis,UCPGl9DV2WUgaqGVXtVrhJWQ,2026-08-25 15:00:11,11,0,0,119.76,120.01,0.01,0
et-qS-JxD1s,UCAGUSx1hbPKDqzBZH7bTjiA,2026-08-11 10:00:32,41097,356,44,119.99,120.24,0.01,0
et2itZnaLDg,UCqEoc6yuYRg5CFG4NIG8euQ,2026-08-28 23:00:22,17143,148,30,120.0,120.0,0.0,0
et3yFWSBqkI,UCZaNYFjF_SRRJPVuGX7yMjQ,2026-07-21 00:45:10,8,1,0,120.0,120.0,0.0,0
et5eckkfGTo,UCZaNYFjF_SRRJPVuGX7yMjQ,2026-08-13 12:21:33,4,0,0,119.89,120.14,0.11,0
etFliLu5HRo,UCoH2pCzAr6zWDG-LtUiLWRw,2026-07-23 10:00:00,341873,5741,82,120.0,120.0,0.0,1
etG6gGnvpc8,UC_m_uqd_9s0hZvlgfvCzqbQ,2026-08-06 13:49:04,749,31,0,119.94,120.19,0.06,0
etLY2VW6ZpY,UCnCFD3met1Ip7OngdF9TRDg,2026-07-28 04:52:40,8507,114,38,119.88,120.13,0.12,0
etb9F8J1HdU,UCrKSaegnzewdj9-YLsUhoZw,2026-08-05 00:00:04,12152,69,4,120.0,120.0,0.0,0
etiXzsCHkmY,UCDbOXmGL7EkmOcnUb5Kki4A,2026-07-27 07:04:51,10300,233,61,119.92,120.17,0.08,0
etkRVXF1Pa4,UCV6mNrW8CrmWtcxWfQXy11g,2026-08-01 06:00:22,96256,3227,56,120.0,120.0,0.0,1
etoxPiDm-_4,UCpX86JOUhnrzG7MK8e8Gjbw,2026-07-24 07:57:04,33755,206,167,119.8,120.05,0.05,0
etxSyLmZuNQ,UCKVt3arMXfa6XZezR1UnjqQ,2026-07-15 09:00:22,7169,68,12,120.0,120.0,0.0,0
eu17RFTFtGE,UCkd3KAYGnTNPJZZrPOFeWhA,2026-08-04 12:00:36,19596,68,17,119.99,120.24,0.01,0
eu2xlMWrLMo,UCL2ZLyAV0H9Pvi46W7TGdHQ,2026-07-26 11:15:07,1052828,8991,121,120.0,120.0,0.0,1
eu4gC8vFOB4,UCp6n8d8Y8r3MwKNw_MMaouQ,2026-08-07 20:11:44,81089,1833,48,119.81,120.06,0.06,1
euIacUPL2Cs,UCt8CJiye87FMbEwt0npPMuQ,2026-07-16 19:29:48,6102,355,10,120.0,120.0,0.0,0
euKo0wJIXP8,UCmZeuRfHYowZhf6odtoaNdg,2026-08-28 12:32:47,59488,154,13,119.97,120.22,0.03,0
euQkSLPdpuw,UCm-Yd-aYSagMqVdMZSYiKLQ,2026-08-16 03:30:00,15293,268,39,120.0,120.0,0.0,0
euR1SDGGis8,UC0vqyzJ-1l3AJl3IkKu0bhQ,2026-08-25 07:18:37,28,1,0,119.95,120.2,0.05,0
euf2HxwAjhQ,UChLqHuZV0PENIBYxDgXyPLQ,2026-07-18 02:51:30,128377,3212,77,119.89,120.14,0.11,1
euhLlqCl5Z4,UCKUUL3fMVvYVZdGkKhhjP0A,2026-08-09 02:23:04,58854,724,23,119.87,120.12,0.12,1
euhYBPZtW6w,UCNRnCc0hg3ZcKdOGXKKv5Ww,2026-08-09 16:26:28,16706,105,3,119.81,120.06,0.06,0
euh_KNlWfU8,UCAhmOb9JWkI2HV_KIe9X_3A,2026-08-19 02:31:21,3609,59,14,119.99,120.24,0.01,0
euiuAgeiqxA,UCSzHok6X5qXEO7cjvVnE62g,2026-08-13 10:00:35,48462,232,35,119.99,120.24,0.01,0
euyf_hnhglk,UCBo7GIv99qTzHaa6ip09YLA,2026-08-15 00:00:05,23136,87,77,120.0,120.0,0.0,0
ev0Pwu_bg30,UCUbOogiD-4PKDqaJfSOTC0g,2026-08-04 11:28:52,179715,1364,435,119.77,120.02,0.02,0
ev2bXSNPvto,UCab17MxxnFtAhGsJVTkSkCg,2026-08-20 14:23:06,2443,40,3,119.87,120.12,0.12,0
ev4h1B4vbT0,UCApYlKNymyHZ9dlOCImFVBg,2026-08-23 14:25:51,5011,150,5,119.83,120.08,0.08,0
evEdmIe8aSM,UC6LLMkdyses2ugPRNEXutMQ,2026-07-26 10:15:23,25042,269,33,120.0,120.0,0.0,1
evKDkP4xR5c,UCBmAvrPyyiohq552LjQvPww,2026-07-16 09:15:16,14082,145,13,120.0,120.0,0.0,1
evNPhAUZcYY,UCaova9Q4UZLPqFnSvq8VxzA,2026-08-20 12:21:48,41215,265,70,119.89,120.14,0.11,0
evXkdjwAWZ8,UCt8CJiye87FMbEwt0npPMuQ,2026-08-30 16:30:01,9179,118,4,119.76,120.01,0.01,1
evenBd53yrM,UCvfEv6nBnL0QlKqyGmL0orQ,2026-08-20 02:14:03,15189,59,5,119.77,120.02,0.02,0
eviNfsz64wg,UCNOj6xtKWCtPbjJV8XPlbLg,2026-07-31 02:00:33,63866,272,97,119.99,120.24,0.01,1
ew-kEqacJ_k,UCj5Y6sl23ln9PL6OiDTL7Gg,2026-08-27 14:31:16,784,16,2,119.99,120.24,0.01,0
ewEeDr9b89I,UCMpvRMwoq_WmradKdysk6Cg,2026-08-17 08:26:46,48198,492,72,119.81,120.06,0.06,0
ewWJYwMKUG0,UC5WN-znPsJK0BbA8aHxZHWQ,2026-07-17 11:00:38,4777,242,28,119.99,120.24,0.01,0
ewgzkGGs9mw,UCFQWqbfZ-iEG3K_DRgHwnCw,2026-08-28 23:15:45,7,1,0,120.0,120.0,0.0,0
ewqMVb8svqE,UCYxwKnNRv4FurQxeKcuR0Sw,2026-08-07 03:00:11,14,2,0,120.0,120.0,0.0,0
ex8xYT52S70,UC8Xz3BKjDvQk7lKhH7Hi9nA,2026-08-02 02:18:42,3819,21,10,119.94,120.19,0.06,1
exHUilcJdUs,UCpcTrCXblq78GZrTUTLWeBw,2026-07-20 17:30:46,8724057,35356,243,119.99,120.24,0.01,1
exU6q4yyFFs,UCXu_CcxBZA5S_iG33OzA9PQ,2026-07-31 22:33:24,843,10,0,119.95,120.2,0.05,0
excNYZCxE_M,UC5bjQxLK_3XVzIOTQ04sYeg,2026-08-07 05:26:30,1325,37,4,119.81,120.06,0.06,0
exfKCHU03iI,UC0PMQXAwF6O6aeTpv962miA,2026-08-19 18:00:07,26931,564,165,119.76,120.01,0.01,0
exnvn5Xmr8g,UCULRVjf5z_WoR106msn8HoA,2026-08-21 21:52:39,142305,1784,856,119.88,120.13,0.12,0
eyE2RNRrDds,UCPsZX-D7LW99PjZLA-UysPQ,2026-08-23 03:00:32,1709,22,11,120.0,120.0,0.0,0
eyFbnIvQg00,UCybn_0S0Ec6Il1ZhiQM1Vww,2026-08-16 11:58:54,4785,20,3,119.77,120.02,0.02,0
eyOmeNLboow,UCV7WE8I_UiAN0fa6Arezx_w,2026-08-11 04:00:15,39,1,0,120.0,120.0,0.0,0
eyUEV5BQf8Y,UCYGF_xk5RDpltyZDSx040uw,2026-07-25 11:14:53,62768,857,35,120.0,120.0,0.0,1
eyi0XykHQEw,UCifCesg-EUkjKyQedaB3hRg,2026-07-22 15:00:32,2924,110,9,119.99,120.24,0.01,0
eyil6GDP0U0,UCzRPPKLkNxjD2of-0Xxfnjw,2026-07-16 13:25:45,19268,679,194,119.82,120.07,0.07,0
eyt2VPQnTxI,UC5ScPjbt-a97AJO7SBj6nAg,2026-08-23 08:30:01,53848,1652,242,119.76,120.01,0.01,0
ez23kc7EQuQ,UCvAetSOU_4lyjM5hVMNzN0Q,2026-07-24 16:40:30,91871,726,38,119.83,120.08,0.08,1
ezKkNfup814,UCO8ToDSM2Gvt3EZdOdosxTw,2026-08-19 14:05:23,39075,1098,169,119.92,120.17,0.08,0
ezUGxgyU9LI,UCzDmGDR5RdahQkLCBoWlTEg,2026-07-21 04:00:31,18872,307,2,119.99,120.24,0.01,0
ezYoK5Z9Qx8,UCdK9h1ILxS49c2LguBUY3rw,2026-07-29 10:45:28,21,1,4,119.99,120.24,0.01,1
f-3ov6lNSxY,UCYS2NvZlSjrxZfnn1v7b3QQ,2026-08-01 16:00:02,9,1,0,120.0,120.0,0.0,0
f-_lbVXH_H4,UCnju7ULBic4VgkCfDvVXCnA,2026-08-02 00:36:34,14522,307,0,119.89,120.14,0.11,0
f-fHt-syF9E,UCdK9h1ILxS49c2LguBUY3rw,2026-08-24 12:00:22,9,3,3,119.75,120.25,0.25,0
f04zneA_dh4,UCZ6mNZTiTUrUSbSYPlclI4A,2026-07-22 05:27:54,20935,361,19,119.79,120.04,0.04,1
f0Aidt_pc2M,UCSgvQDek_7CQj08fu7kp1Iw,2026-07-25 03:00:22,2628840,32061,1170,120.0,120.0,0.0,1
f0RCCLI_eGc,UCt8CJiye87FMbEwt0npPMuQ,2026-07-22 17:00:01,3819,128,28,120.0,120.0,0.0,0
f0sgeij9Ako,UCV6mNrW8CrmWtcxWfQXy11g,2026-07-29 16:00:35,122958,4235,44,119.99,120.24,0.01,1
f1E16L1do7A,UC9otskL_kd-0CDib_5Lj-mQ,2026-07-23 10:00:11,8664,340,12,120.0,120.0,0.0,1
f1HcKFrIxow,UCwBkHOTyu57NQi0syf5MLig,2026-08-30 03:00:03,538951,3877,62,119.76,120.02,0.02,1
f1SF1UnPUvY,UCPGl9DV2WUgaqGVXtVrhJWQ,2026-08-12 10:30:39,7,0,0,119.99,120.24,0.01,0
f1TMVRaYZko,UCe0loHR-Vltq0GPHgYyzmrQ,2026-08-30 05:47:10,13770,217,7,119.98,120.23,0.02,1
f1_YXqF-kFw,UCU0-6z_KU9AShyR9J6gcFGw,2026-08-19 16:31:29,284,5,0,119.99,120.24,0.01,0
f1iWZPPC3As,UCEg24oF81p-THPtp3otdmTA,2026-08-27 10:00:03,72307,1446,36,119.76,120.01,0.01,1
f1jygul6ncc,UCab17MxxnFtAhGsJVTkSkCg,2026-08-16 16:03:06,1640,29,3,119.95,120.2,0.05,0
f23kAZjQrzc,UCt8CJiye87FMbEwt0npPMuQ,2026-08-26 17:58:52,5581,51,14,119.78,120.03,0.03,1
f2E9S57xUiw,UCnCH3Uhv_ynhTNKEH6ekRtg,2026-08-16 08:37:16,8786,133,18,119.88,120.13,0.12,0
f2GtDwggu_Y,UCKttwyzsHvW7bCo7YfTacVQ,2026-08-21 19:01:29,1207,18,0,119.99,120.24,0.01,0
f2gmQJyUxoU,UCqEoc6yuYRg5CFG4NIG8euQ,2026-08-11 07:30:11,7702,122,31,120.0,120.0,0.0,0
f2kM_U0inHk,UCKrprPfevcAZpPuRnCO6xOA,2026-08-24 18:52:06,32,0,0,119.89,120.14,0.11,0
f39YCL6lmTg,UC8Xz3BKjDvQk7lKhH7Hi9nA,2026-08-22 03:27:10,2369,12,2,119.81,120.06,0.06,1
heCAD2KaB2E,UC8CZL4cvFiKwKKDNCuM2lTA,2026-07-31 09:35:56,7651,56,2,119.9,120.15,0.1,0
heCvVY7D4j4,UCZ49HaU_D0Tlf1aDA2jU_Vg,2026-08-29 15:06:29,164621,741,136,119.9,120.15,0.1,0
heJxBmrdBVg,UCt8CJiye87FMbEwt0npPMuQ,2026-08-03 13:30:13,8564,245,40,120.0,120.0,0.0,0
heO6IfISUok,UCHYMpkGhNIr8A0m2H3lIjUA,2026-08-21 13:00:14,39690,341,50,119.76,120.01,0.01,0
heODfgASY68,UCyEIUlSKbzCt3ElAsPFb7EQ,2026-07-31 08:00:15,31891,78,22,120.0,120.0,0.0,1
heOngxfsBXM,UC543-TDm6IvHHZXwdSFioMw,2026-08-23 11:30:07,11123,33,0,119.76,120.01,0.01,1
he_pRDPzw6A,UCAl4HWznMn7KhKBRFO5eiFA,2026-07-24 12:15:07,5557,25,1,120.0,120.0,0.0,1
hecOgsn-w7o,UCRq3CDTZ2qe3HiHrZdQKBvQ,2026-08-07 10:52:11,174,5,4,119.88,120.13,0.12,1
heiYAHRRrFY,UCgT-gb3favw2jQgwxbbwwaA,2026-08-15 11:00:26,131387,830,47,120.0,120.0,0.0,0
hf38oOCbAGM,UCxtZZzggcfOmsW99gYkxsNA,2026-08-05 05:59:57,15452,153,42,120.0,120.0,0.0,0
hf469_l3sjk,UC8CZL4cvFiKwKKDNCuM2lTA,2026-07-11 04:44:07,8051,64,0,119.77,120.02,0.02,0
hfH_OVWcVSs,UCmcBe97VA2LqVEQUeeZl6Ew,2026-08-03 09:00:27,399704,4020,903,120.0,120.0,0.0,0
hfJDOY6-UdA,UCcgkgKhXT6QwdGj9Nr8PBcg,2026-07-17 08:28:43,88177,438,23,119.77,120.02,0.02,0
hfJQCw2WViw,UCt8CJiye87FMbEwt0npPMuQ,2026-08-31 13:30:30,24013,496,82,119.75,120.01,0.01,0
hfK6MQJfv6Y,UCab17MxxnFtAhGsJVTkSkCg,2026-08-04 13:08:52,2003,20,1,119.85,120.1,0.1,0
hfMN1--NBUI,UCk1NTIlGP27bQEumkw6sDVA,2026-07-24 09:00:15,14386,128,17,120.0,120.0,0.0,0
hfOvSA-04eE,UCwBkHOTyu57NQi0syf5MLig,2026-08-17 03:00:15,693634,6264,107,120.0,120.0,0.0,1
hfeDv2Xd1vo,UCab17MxxnFtAhGsJVTkSkCg,2026-08-10 13:12:16,746,18,1,119.8,120.05,0.05,0
hfmMn04wK0g,UCzkk3MGFFeiN0E0T3AEeg_g,2026-07-27 03:34:27,154201,913,291,119.93,120.18,0.07,1
hfoA1cYI3ZA,UCU0-6z_KU9AShyR9J6gcFGw,2026-08-09 18:01:48,93,0,0,119.97,120.22,0.03,0
hfvNbvlbSvM,UCnkytUgy0CtWd06up9CjNxg,2026-07-17 15:05:24,189935,2796,535,119.91,120.16,0.09,0
hfxO5nV5ffo,UCgT-gb3favw2jQgwxbbwwaA,2026-08-05 15:00:10,34348,361,7,120.0,120.0,0.0,1
hfy9BoifipQ,UCiEMsnnzti6PDNi8TAlSnFw,2026-08-17 19:02:00,17,,0,119.97,120.22,0.03,0
hg1aNOthvb8,UCPGl9DV2WUgaqGVXtVrhJWQ,2026-08-20 15:00:34,9,0,0,120.0,120.0,0.0,0
hg5nTcLLlVk,UC027x98NgUBw9K4aPT8k0mg,2026-07-21 13:00:33,11477,134,57,119.99,120.24,0.01,0
hgKw8fNnLpY,UCV6mNrW8CrmWtcxWfQXy11g,2026-08-26 14:04:04,72807,1228,20,119.95,120.19,0.05,0
hgMw32Ec2xw,UCAl4HWznMn7KhKBRFO5eiFA,2026-08-18 10:00:33,5203,34,2,120.0,120.0,0.0,1
hgPojx3vZhA,UCPGl9DV2WUgaqGVXtVrhJWQ,2026-08-07 15:00:11,4,0,0,120.0,120.0,0.0,0
hgflPkhka-0,UCAhmOb9JWkI2HV_KIe9X_3A,2026-07-30 09:00:35,3773,124,0,119.99,120.24,0.01,0
hgr0zt-4Ep8,UCbvvdVOF0teLO-U6GWh1RKg,2026-08-16 05:00:15,1777,28,7,120.0,120.0,0.0,0
hguXj9xy6d8,UCsRiYH-VrZ2mYsohk7GhLdQ,2026-08-25 09:00:03,688556,7433,78,119.76,120.01,0.01,1
hh8RztTZ1sw,UCBidluUUxzT_5jVOI_2x2MQ,2026-08-07 15:39:52,88,6,0,119.84,120.09,0.09,0
hhDMYRxDIZk,UC_e83kYlGHWbsrr8QCfV_ag,2026-07-23 16:01:04,2312,3,0,119.99,120.24,0.01,0
hhIhX8EGb7M,UCd9oeoY-jLSkhd-J5y_1aYg,2026-07-21 22:48:21,832,7,0,119.95,120.2,0.05,0
hhNVLKvfRvQ,UC2NFRq9s2neD_Ml0tPhNC2Q,2026-08-22 02:30:12,373876,6670,192,119.76,120.01,0.01,1
hhT5w0qpedk,UCv1tOT645xHOJrwdGlzjMaA,2026-07-14 02:00:02,8989,123,3,120.0,120.0,0.0,1
hhh2GvTu6hU,UCZ6mNZTiTUrUSbSYPlclI4A,2026-07-26 15:58:25,29150,694,31,119.78,120.03,0.03,1
hhloTr7khd8,UC1Il94cQwl93Zun8ax1Qjlw,2026-08-23 17:37:27,533,8,0,119.89,120.14,0.11,0
hhu5Mq6IvBE,UC0FUMakBJHsRrfKCGQuWnRA,2026-07-24 10:28:57,126285,1423,484,119.77,120.02,0.02,0
hhu85-wbRG8,UCG3uX-OwJ82T3L3EhC3GPXA,2026-08-20 09:00:17,615,17,10,120.0,120.0,0.0,0
hhuVFClPve0,UCV7WE8I_UiAN0fa6Arezx_w,2026-08-24 22:00:38,12,0,0,120.0,120.0,0.0,0
hhzwYRsIh3w,UCz4b1O9sT73P8DWwx6OvQwg,2026-08-15 23:52:40,396263,8388,108,119.88,120.13,0.12,0
hi69cgaFJiA,UCjBPx2oip2bKnnfqKyas0ew,2026-08-08 09:00:12,5711,177,14,120.0,120.0,0.0,1
hiBZokhAq3A,UCV6mNrW8CrmWtcxWfQXy11g,2026-07-27 02:53:49,34849,793,23,119.85,120.1,0.1,0
hiPIOAIJ_uw,UCH29Gz8a6veRLqUxzjBXHrQ,2026-08-03 10:54:06,9196,400,5,119.85,120.1,0.1,0
hirfweI0GBU,UCGdyvYQEVn4_9zcN8jStjow,2026-08-30 12:28:48,48901,232,55,119.78,120.03,0.03,0
hizhWxvfTVs,UCifCesg-EUkjKyQedaB3hRg,2026-08-13 00:23:52,522,10,0,119.85,120.1,0.1,0
hj-ouPiWSaY,UCT-UsvGz4gm7lezXvCEex9A,2026-07-28 08:00:21,196,12,9,120.0,120.0,0.0,0
hj0CI0vj0jA,UCZRH94I89Ps7giJYeK6DlWA,2026-08-16 03:00:35,55921,750,83,119.99,120.24,0.01,0
hj8rMuJMzo4,UC3DYSay178fMMPaf3zHwECA,2026-08-15 04:15:06,34156,854,124,120.0,120.0,0.0,0
hjVa5dSiIYo,UCV7WE8I_UiAN0fa6Arezx_w,2026-08-13 18:00:29,42,0,0,119.99,120.24,0.01,0
hjp6x6AQzkk,UCifCesg-EUkjKyQedaB3hRg,2026-08-24 03:39:06,4621,51,4,119.86,120.11,0.11,0
hjsNspJkLRA,UC_9W6Z5Y3lDpLk47Y_y5ITQ,2026-08-22 22:54:21,10478,109,7,119.86,120.11,0.11,0
hk0tojoerWc,UCwfbSsZ7_sccxcibe60mWlQ,2026-07-30 03:00:35,26541,102,22,119.99,120.24,0.01,0
hkI7e5E1IMo,UCr4WCOxirRA-BzVu-MH_WqQ,2026-07-21 10:00:06,8122,43,2,120.0,120.0,0.0,1
hkQrLgvyepo,UCp6n8d8Y8r3MwKNw_MMaouQ,2026-07-30 18:49:01,14673,312,6,119.94,120.19,0.06,1
hkjlrPpyZrM,UCGVy07wZs8W-EpKAGchrmCQ,2026-08-29 02:38:50,16061,58,8,119.86,120.11,0.11,0
hkrY0cHqzbM,UC6LLMkdyses2ugPRNEXutMQ,2026-08-18 10:15:20,24278,150,17,120.0,120.0,0.0,1
hkxLVsdetho,UCPsZX-D7LW99PjZLA-UysPQ,2026-08-23 12:00:30,507,6,0,120.0,120.0,0.0,0
hl3q48zYo_Q,UCw-JzmPsjRcbzJLncr4pIIA,2026-08-04 12:30:33,209002,2981,194,119.99,120.24,0.01,0
hl4zk3WMBZY,UCTDBdmaY4m3ipZaLiYA6FWg,2026-08-15 22:14:55,20638,149,43,120.0,120.0,0.0,0
hlFvvQ5yh9c,UCAl4HWznMn7KhKBRFO5eiFA,2026-07-11 13:16:31,5069,23,4,119.98,120.23,0.02,0
hlY59jD1yXs,UCg5Ew4lj74r_ohbc4AeQj1w,2026-08-12 08:21:34,22863,948,242,119.89,120.14,0.11,0
hldVpbXe-S4,UC9M8GGVwPqc9ubNruArCNPg,2026-08-18 13:00:15,45644,1045,61,119.76,120.01,0.01,1
hlgxSzVyTnQ,UC7bcRlidTERRb_MKRHPVSnw,2026-07-23 12:03:18,178950,3231,174,119.95,120.2,0.05,0
hm4S37sOcLE,UC_2x8h1QrTHOO0i4Yiss-ww,2026-08-14 10:00:29,122798,1164,28,120.0,120.0,0.0,1
hmKgB9cLREg,UCgvtwZJPhSfbKOxh3EoVXng,2026-08-30 02:10:40,34,1,0,119.83,120.08,0.08,0
hmMMrz8ZMOw,UC4P7F8qenDo1O_5NvgBb_cg,2026-08-30 02:30:14,134711,737,57,119.76,120.01,0.01,0
hmXXX97FDgg,UCpAZLM9XMzIbqFucUBD8Jtg,2026-08-04 05:48:26,3631,42,19,119.95,120.2,0.05,0
hmZbJGPk7x0,UC8CIM3d3zDYMk-3T5aAz0yw,2026-08-24 10:25:14,513274,11258,1175,119.84,120.09,0.09,0
hmd92IrQQA4,UCcdlIcleb4oIK6of1ugSJ7w,2026-08-10 05:54:31,293629,1704,582,119.84,120.09,0.09,0
hmfcSE6hMYo,UCfIUuMA7U_jImP7oWfTe4Pw,2026-07-21 09:14:14,216383,2199,644,119.76,120.01,0.01,0
hmkOdDYEvO0,UCabScupufwcOzAdcVXZrmlg,2026-07-28 07:48:22,7337,178,58,119.95,120.2,0.05,0
hmqHuduhhLI,UC6YqXiwCBfPvPTs3wXgWElQ,2026-08-18 08:14:42,6906,101,8,119.77,120.02,0.02,1
hmrVXX4r72M,UC543-TDm6IvHHZXwdSFioMw,2026-08-10 11:00:10,26856,648,22,120.0,120.0,0.0,0
hnENYscF-gQ,UCgvtwZJPhSfbKOxh3EoVXng,2026-07-31 22:53:36,39,1,0,119.86,120.11,0.11,0
hnRLLjG1n6g,UCPsZX-D7LW99PjZLA-UysPQ,2026-07-22 15:00:26,260,3,1,120.0,120.0,0.0,0
hnSFVK1w8Ho,UCSzHok6X5qXEO7cjvVnE62g,2026-07-13 08:00:18,35692,218,46,120.0,120.0,0.0,0
hnW3oFMd0EU,UCv1tOT645xHOJrwdGlzjMaA,2026-08-26 09:00:00,21971,522,44,119.76,120.01,0.01,0
hnWuen4wpos,UC4VWaR3R17Ruc7j1Cy1-PKQ,2026-07-15 06:54:03,123,3,0,119.85,120.1,0.1,0
hnZdtm2jsFc,UCVWAdUQGUiY2Kzh0JoB5PtQ,2026-08-09 08:50:13,2187,10,2,119.92,120.17,0.08,0
kIwqSBAQsJA,UCF-rFAdN7dzd-SI2T3rkCaQ,2026-08-08 09:35:16,21386,187,56,119.92,120.17,0.08,0
kJ48EcbO2UM,UCEebX3m88Arwc91LPmEmTYQ,2026-07-23 15:00:03,184855,14214,178,120.0,120.0,0.0,0
kJ64T-YDIIs,UCF9Ws3xrNmMKVjL4kg0jzbA,2026-07-30 08:30:34,25894,116,18,119.99,120.24,0.01,1
kJCm4EWvqFo,UCwfbSsZ7_sccxcibe60mWlQ,2026-08-27 11:58:03,85298,293,67,119.79,120.05,0.05,1
kJNXL95XU-k,UCv1tOT645xHOJrwdGlzjMaA,2026-08-12 09:00:24,16997,223,14,120.0,120.0,0.0,1
kJQPOEIKGT4,UCp9skQ2mP_DfVL8c3gZQUzg,2026-08-28 18:29:07,58571,250,3,119.78,120.03,0.03,0
kJQWNfkV4JU,UCPGl9DV2WUgaqGVXtVrhJWQ,2026-07-29 15:00:00,75,1,0,120.0,120.0,0.0,0
kJR8vHiJUS4,UCpcTrCXblq78GZrTUTLWeBw,2026-07-12 21:42:39,255284,4495,72,119.79,120.04,0.04,1
kJatiM63lf4,UCDHGqgpiHQAsE0UiltRqhfQ,2026-08-03 09:30:15,20255,32,35,120.0,120.0,0.0,0
kJr6yVnngGs,UCJzfS-WmieHog0H2OQoXkeQ,2026-08-02 04:34:06,199833,4661,458,119.93,120.18,0.07,0
kK-6LA2pV44,UCBidluUUxzT_5jVOI_2x2MQ,2026-08-17 03:00:16,2432,9,0,120.0,120.0,0.0,1
kKGZZlMmP5w,UCIKORyfTZ0cN-u0hrxHcgUw,2026-07-24 13:55:12,35,2,0,119.83,120.08,0.08,0
kKPWlZo-VvY,UCrXfM4HsibSucC_NlIY7v0Q,2026-08-05 07:00:27,969,25,7,120.0,120.0,0.0,1
kKm6SYn1AFc,UCV6mNrW8CrmWtcxWfQXy11g,2026-08-23 23:02:09,68420,1191,7,119.98,120.23,0.02,0
kKvsov4FTIU,UCtIbfg_6gjbdFqCqAiUcqyQ,2026-08-05 09:00:26,9033,143,7,120.0,120.0,0.0,1
kKvyhvW4VfM,UCPGl9DV2WUgaqGVXtVrhJWQ,2026-07-25 15:00:21,4,0,0,120.0,120.0,0.0,0
kKwxdPYzoqs,UC6JB_a6rD1lZ_aZgQvORfrQ,2026-08-26 16:03:08,2170,58,0,119.96,120.21,0.04,0
kL2LxWqJ9iI,UCZaNYFjF_SRRJPVuGX7yMjQ,2026-08-17 09:45:47,4,2,0,119.99,120.24,0.01,0
kL9rs8Tmq80,UCJYdIDfGkqXTsQq5aW4md0Q,2026-08-13 02:25:01,147,1,0,119.84,120.09,0.09,0
kLBAdgKfT_w,UCPGl9DV2WUgaqGVXtVrhJWQ,2026-07-20 15:00:12,6,0,0,120.0,120.0,0.0,0
kLClr4ann1I,UClvMduw1MDMQ0PuH753-XSA,2026-08-29 01:54:47,5483,66,0,119.85,120.1,0.1,0
kLHtvdBrc6k,UC7loyhgCm1NRTtyF36hO-jA,2026-08-21 09:00:12,8353,189,177,119.76,120.01,0.01,0
kLNryr0z_UQ,UCPGl9DV2WUgaqGVXtVrhJWQ,2026-08-26 15:00:20,212,0,0,119.76,120.01,0.01,0
kLX1MAL7c4I,UC8aCmG_y4DqqVI9Xlcym1Jg,2026-08-27 12:30:33,216,14,0,120.0,120.0,0.0,1
kL_0W1SlO0Y,UCfq-5-0b5Lzj7cKCrp6-flA,2026-08-06 08:00:35,1536,41,35,119.99,120.24,0.01,0
kL_1k1vgvMY,UCEu_YKdz0lMz1NkB3vlUyyw,2026-08-29 07:09:57,789138,5162,354,119.85,120.1,0.1,0
kLrW3Ki0wCo,UC1Il94cQwl93Zun8ax1Qjlw,2026-08-08 15:21:00,1461,11,4,119.9,120.15,0.1,1
kMAJq_ZswR4,UCQhIdo5nRQY9DB3uo7vawtw,2026-08-20 16:04:34,793,25,6,119.93,120.18,0.07,0
kMCYPAscxEo,UCPGl9DV2WUgaqGVXtVrhJWQ,2026-08-12 10:24:07,3,0,0,119.85,120.1,0.1,0
kMD6JshbTts,UCV7WE8I_UiAN0fa6Arezx_w,2026-08-08 01:00:26,10,0,0,120.0,120.0,0.0,0
kMHpyXBFLDU,UCOTJtP0Z9DjpPU43B5m1V6A,2026-08-03 05:10:04,258060,1749,72,119.83,120.08,0.08,1
kMLbSlY01Kw,UCdK9h1ILxS49c2LguBUY3rw,2026-08-14 11:30:22,11,2,0,120.0,120.0,0.0,0
kMUWkiPEqLM,UC1IUMdwaJ22A6FkPiI8dcig,2026-08-22 04:45:05,97604,2018,56,119.76,120.01,0.01,1
kMY4C6NlMFU,UCPsZX-D7LW99PjZLA-UysPQ,2026-08-27 09:00:01,4222,15,3,119.76,120.01,0.01,0
kMiT8OWLVu8,UCXu_CcxBZA5S_iG33OzA9PQ,2026-07-24 11:15:25,14907,67,36,120.0,120.0,0.0,0
kN-aLN20Rl0,UCcHVk5SFxfYhCbbX8pWWuVg,2026-08-19 09:00:14,41636,355,258,119.76,120.01,0.01,0
kNAqEc_908E,UCGa52d8Qlv3THghuCAt_nXA,2026-08-01 08:30:26,32696,253,12,120.0,120.0,0.0,1
kNDDPBCF2a8,UCPuD5ZRQWa_JCaY5NokNhtg,2026-08-11 06:03:24,370,6,4,119.95,120.2,0.05,0
kNKFwSSHj7M,UCNpcMizRJ73OJm48LszuytQ,2026-08-20 08:00:13,3542,178,12,120.0,120.0,0.0,1
kNU54CfEHd0,UCo33r3SAf5z9MS-lrXV2aOQ,2026-07-23 01:00:15,134421,2092,74,120.0,120.0,0.0,0
kNWd5RM1hTc,UC783XWULPW-nDGv_0EYlB6Q,2026-08-05 09:30:32,36278,984,24,119.99,120.24,0.01,1
kNc-vf1rpJc,UC5ThQKdocwo_9UurfT5P_ww,2026-08-09 02:56:45,563515,6156,74,119.81,120.06,0.06,1
kNdfj6SwNsg,UCPsZX-D7LW99PjZLA-UysPQ,2026-07-25 00:00:23,1755,21,19,120.0,120.0,0.0,0
kNhEYLk3cgM,UCpcTrCXblq78GZrTUTLWeBw,2026-08-07 16:30:32,143734,2796,150,119.99,120.24,0.01,0
kNkii_tve1Y,UCei_ecYpQqFjYhjLaDPr2Lw,2026-07-25 23:16:32,3039,20,4,119.98,120.23,0.02,1
kNktF8BaLvI,UCby0vMKcLR05ZdS90aZd5og,2026-08-21 06:52:53,11397,8,2,119.88,120.13,0.12,1
kO1lzCAAmEs,UCZPBWThSlgWT0DVaxxUEX4A,2026-08-16 10:24:15,188,4,2,119.85,120.1,0.1,0
kO71R10lrMo,UCbItyvYa6cqvqtwlU2E9-wA,2026-08-12 20:15:13,7776,449,19,120.0,120.0,0.0,0
kOArxTBzhCI,UCPJGXrPIVKBR8PJY7w33WZw,2026-08-24 22:00:38,152461,2700,84,120.0,120.0,0.0,1
kOO9GpWAxEs,UCgLFbrC7-g0ihBKB0obVPTg,2026-08-06 14:33:15,265,5,0,119.95,120.2,0.05,0
kOOgTAY47x8,UCe0loHR-Vltq0GPHgYyzmrQ,2026-07-30 02:51:52,8456,168,14,119.89,120.14,0.11,1
kOSvBcF-Soc,UCV7WE8I_UiAN0fa6Arezx_w,2026-08-05 20:00:01,47,0,0,120.0,120.0,0.0,0
kOk4o7RFV3I,UCg5Ew4lj74r_ohbc4AeQj1w,2026-07-23 04:31:53,124535,3116,41,119.97,120.22,0.03,1
kOtsl42SU-0,UCaj7p2XHGqfBYb2OI-7Q2DA,2026-08-12 22:10:47,203410,3232,767,119.82,120.07,0.07,0
kOupYOvzs40,UC2IYsRiATGe71sLIOlSXGuw,2026-08-19 09:30:27,18767,274,42,120.0,120.0,0.0,0
kP20HwD2hxY,UCpcTrCXblq78GZrTUTLWeBw,2026-07-19 00:30:04,109733,804,102,120.0,120.0,0.0,0
kP3jtdLHWPg,UCMZFHqDjg1IE5kzm9fZBOFw,2026-07-31 17:17:01,2146,14,0,119.97,120.22,0.03,0
kPAkmfF2Flc,UCEcRvF_6IRSux8FO-ogFZug,2026-08-07 17:00:18,22058,715,34,120.0,120.0,0.0,0
kPDFfk1EZjk,UCkrJBQAut47U8xMUuv8D_3g,2026-08-28 08:01:56,19318,1739,123,119.98,120.23,0.02,1
kPOIk2suI74,UCtGMgPWJNU2Aj-SNK0zg0Sg,2026-07-28 09:45:03,70430,576,51,120.0,120.0,0.0,1
kPPN3Ztg-ac,UC8C0Yd20ke5XqOiZvMVgM9w,2026-08-26 03:00:14,1875977,300,3,119.76,120.01,0.01,1
kPUY57Xkiv0,UCV6mNrW8CrmWtcxWfQXy11g,2026-08-26 14:00:31,425266,16243,119,120.0,120.0,0.0,1
kPXZmoxeXKA,UCQhIdo5nRQY9DB3uo7vawtw,2026-08-03 14:42:12,720,34,17,119.8,120.05,0.05,0
kP_acN5Kaww,UC8FErYSi74YwGUAoTpjvgzQ,2026-08-30 12:00:05,24957,326,37,119.76,120.01,0.01,1
kPnP4ylWhzc,UCAGUSx1hbPKDqzBZH7bTjiA,2026-07-27 10:00:11,22435,253,47,120.0,120.0,0.0,0
kPv5ZesVhL0,UCab17MxxnFtAhGsJVTkSkCg,2026-08-24 15:45:31,2666,16,2,120.0,120.0,0.0,0
kQ8KSuHJakM,UCLHwMFguUxHVSk91vzicEJw,2026-07-26 14:00:14,60813,739,82,120.0,120.0,0.0,0
kQ9ZyC5E-2M,UC7lwS-aSDzYHZJ9uWuzySwQ,2026-08-27 10:00:22,2848,17,2,119.76,120.01,0.01,1
kQAHCs6HeM4,UCGa52d8Qlv3THghuCAt_nXA,2026-07-25 08:30:23,29904,314,10,119.99,120.24,0.01,1
kQP84OZPZsg,UCZCZHg_oJiHcrcj2vaPRCag,2026-08-21 16:30:43,53,1,0,120.0,120.0,0.0,0
kQQGoqSJqFc,UCqlcSsDNMYxEsem7bWY-66Q,2026-07-22 09:02:23,13291,334,21,119.97,120.22,0.03,0
kQceSBdQhBI,UCgjaQlejpAnIu0q-xtVfTEw,2026-07-19 00:00:12,44666,490,128,120.0,120.0,0.0,0
kQdbcGkKlPg,UCix5yCKpPr18CWrGOSCKCLA,2026-07-25 05:02:03,1172,,1,119.97,120.22,0.03,1
kQkMGhrdH1k,UC0PMQXAwF6O6aeTpv962miA,2026-08-07 16:18:23,13396,548,96,119.95,120.2,0.05,0
kQnwqKcSuXI,UCfq-5-0b5Lzj7cKCrp6-flA,2026-08-11 08:00:08,19510,774,57,120.0,120.0,0.0,1
kR7G9yM2stQ,UCU_hKD03cUTCvnOJpEmKvCg,2026-07-23 01:31:49,214900,89,152,119.97,120.22,0.03,0
kR7GoANEN4Q,UC8E29ANOC3_OuB7_5EPY2xw,2026-08-23 06:42:55,402,1,0,119.8,120.05,0.05,1
kRLrcOvDI5I,UC3RzmV2LX3AmWhZVx0A7u0A,2026-07-26 07:00:28,82115,1377,54,119.99,120.25,0.01,1
kRNoSAzZWyA,UCpcTrCXblq78GZrTUTLWeBw,2026-08-27 04:30:28,152292,2677,34,120.0,120.0,0.0,1
kRR4g5GsmcY,UCt8CJiye87FMbEwt0npPMuQ,2026-07-21 12:00:47,5393,262,21,119.99,120.24,0.01,0
kRdnlOcAMNQ,UCeiDuGZqWT4iiIXRTfhM3qQ,2026-08-07 07:33:56,4204,99,0,119.94,120.19,0.06,0
cPFJZ6s3EVY,UCp6n8d8Y8r3MwKNw_MMaouQ,2026-08-23 13:00:25,8896,175,7,120.0,120.0,0.0,1
cPNCdxIoi1c,UCrR_fhiJjoW8OJFzUcmlMMA,2026-07-27 07:00:00,5970,54,49,120.0,120.0,0.0,0
cPZu-YpHyFM,UCqlcSsDNMYxEsem7bWY-66Q,2026-08-02 16:18:16,14843,551,0,119.95,120.2,0.05,0
cPaojD75Dmg,UCab17MxxnFtAhGsJVTkSkCg,2026-08-12 03:09:32,491,9,1,119.85,120.09,0.09,0
cPejHvzRgq4,UC8rbhIem-3aAsNXhTDI-nSA,2026-08-09 22:00:32,146068,2459,205,119.99,120.24,0.01,0
cPfxv4Q73II,UCk5C4AR3uvmKwZYkIlSobbg,2026-08-13 09:50:54,35084,145,60,119.91,120.15,0.09,0
cPkraRJdrIQ,UCg7rkxrTnIhiHEpXY1ec9NA,2026-07-28 08:00:35,205078,7596,482,119.99,120.24,0.01,0
cPlacdfOOQ4,UCt8CJiye87FMbEwt0npPMuQ,2026-08-17 12:00:00,3743,187,8,120.0,120.0,0.0,1
cPlnVFYfdl0,UCg5-nd3qoNnz5dzkX-O0b8A,2026-07-31 11:23:07,33839,455,8,119.87,120.12,0.12,1
cPrd5q3ZsrM,UCt8CJiye87FMbEwt0npPMuQ,2026-08-25 12:00:39,10210,365,57,120.0,120.0,0.0,0
cPyVxUyYEUA,UCzDmGDR5RdahQkLCBoWlTEg,2026-08-18 03:00:02,14285,62,2,120.0,120.0,0.0,1
cQ7Fvciy4AE,UChyEdiMY2maW8ySmbcmEyRg,2026-08-24 12:49:07,62,0,0,119.94,120.19,0.06,0
cQBx1x7_ec4,UCXtU-C_e2iBzPSq9oLXtbVw,2026-08-12 23:15:35,87,3,4,119.99,120.24,0.01,0
cQNkGb-o1NY,UCFHUplScMiWTjJrtv4hxWmg,2026-08-18 12:00:43,64572,373,34,120.0,120.0,0.0,0
cQRjBYbfFR8,UCCiKOocVSjyb2rsbL_Aanhw,2026-08-13 14:16:12,15447,90,67,119.98,120.23,0.02,0
cQbBRYHbwqg,UCZ6mNZTiTUrUSbSYPlclI4A,2026-07-22 11:30:16,14490,591,12,120.0,120.0,0.0,1
cQeWnO7FVn0,UCfQOeRevRI14uNqluiJ7TeQ,2026-08-07 12:43:07,4332,82,1,119.78,120.03,0.03,0
cQfBViexKXs,UCwBkHOTyu57NQi0syf5MLig,2026-08-28 06:15:28,71686,312,13,119.76,120.01,0.01,1
cQjbdVHEtEE,UCDbOXmGL7EkmOcnUb5Kki4A,2026-08-21 01:49:31,41398,490,340,119.94,120.19,0.06,0
cQnWUf-yBTY,UCA2ztZuXhSktpdxb419WvCQ,2026-08-11 05:00:39,4429,73,22,119.99,120.24,0.01,0
cQt0dELjyl4,UCei_ecYpQqFjYhjLaDPr2Lw,2026-07-25 22:26:40,100,8,0,119.81,120.06,0.06,0
cR0nokIzBiY,UCyiKngyUPUb1bka4yFrn65g,2026-08-06 22:25:11,1245,10,1,119.83,120.08,0.08,0
cR8qiAlFtu8,UCFHUplScMiWTjJrtv4hxWmg,2026-08-01 06:47:11,40921,290,62,119.97,120.22,0.03,0
cRBgsoxv7UE,UCYxwKnNRv4FurQxeKcuR0Sw,2026-08-12 14:03:32,39,4,0,119.94,120.19,0.06,0
cRGgLZ6W0lA,UCQSEAbOs6vsJfy7WN7iYaGQ,2026-08-25 22:00:23,535856,12380,281,120.0,120.0,0.0,0
cRW4TCahzTw,UC-S8JFhLkQ5enhB70c2CYIw,2026-08-13 11:00:05,120137,2485,152,120.0,120.0,0.0,0
cRWPBdjuNtU,UC6LLMkdyses2ugPRNEXutMQ,2026-07-24 10:15:05,18766,154,20,120.0,120.0,0.0,1
cR_h5j5gY-8,UC4VWaR3R17Ruc7j1Cy1-PKQ,2026-08-28 00:13:55,311,2,0,119.78,120.03,0.03,0
cRjIS5GfJec,UCPGl9DV2WUgaqGVXtVrhJWQ,2026-08-26 15:00:26,95,1,0,119.75,120.01,0.01,0
cRm7zCIjGsA,UCikKJvpU0Ylua4hRW6faQRg,2026-08-09 03:12:26,4872,99,0,119.8,120.04,0.04,0
cRuFLiUSrWc,UC9qwDE50UcXvdplRNZKEoPA,2026-08-06 08:00:29,9282,461,18,120.0,120.0,0.0,1
cSBhMKtCJFY,UCyiKngyUPUb1bka4yFrn65g,2026-08-11 15:03:29,774,5,0,119.95,120.2,0.05,0
cSHtpNErYgo,UCOTJtP0Z9DjpPU43B5m1V6A,2026-08-15 05:00:06,233213,1558,41,120.0,120.0,0.0,0
cSPu8YgTMyU,UC3ozN5tHi449NhCDE6Xtmwg,2026-07-12 11:12:44,17722,285,64,119.79,120.04,0.04,0
cSc3kNE2dmg,UCw1DsweY9b2AKGjV4kGJP1A,2026-08-28 08:30:31,61889,103,6,120.0,120.0,0.0,1
cSti-Geo3eo,UCSgvQDek_7CQj08fu7kp1Iw,2026-08-29 09:00:02,212879,1494,433,119.76,120.01,0.01,0
cStp8SyoVMo,UCF5RrlbsxJjAVLWgOCoNHMg,2026-08-18 00:53:39,18538,338,13,119.86,120.11,0.11,0
cSwcf3sPK7Q,UC1aBdmKvC6yAiq4xgPLOzKA,2026-07-18 06:29:16,16239,245,37,119.76,120.01,0.01,0
cT2gKUBdWIs,UCIKORyfTZ0cN-u0hrxHcgUw,2026-08-31 16:38:21,71,1,0,119.88,120.12,0.12,0
cTCVpw138Eg,UCdK9h1ILxS49c2LguBUY3rw,2026-08-24 11:30:07,12,2,0,119.76,120.01,0.01,0
cTVh20jl-MY,UCNmN3W2H0r5_hV2drzbEn7Q,2026-08-21 07:58:09,108044,3758,311,119.79,120.05,0.05,1
cTuwVbtEVoo,UCAVR6Q0YgYa8xwz8rdg9Mrg,2026-07-22 05:01:43,28901,1055,130,119.98,120.23,0.02,0
cU-R10hOWVE,UCfq-5-0b5Lzj7cKCrp6-flA,2026-08-12 05:42:31,1129,57,19,119.8,120.04,0.04,0
cU7lFqLBif8,UCeB_ZeSo0xDL62wWlkTEtjA,2026-07-29 23:00:07,16537,126,63,120.0,120.0,0.0,0
cU9RiCwhdRY,UCqRz_-l3GCmWb92u8P33RYQ,2026-08-28 00:35:31,131386,814,324,119.92,120.17,0.08,1
cUF7Ng8bAaM,UC2_VPutZK0o_tG8ca_QrQRA,2026-08-10 09:13:26,16697,,59,119.78,120.03,0.03,0
cURVzUEN15Y,UCifCesg-EUkjKyQedaB3hRg,2026-08-09 01:45:10,21276,283,1,120.0,120.0,0.0,1
cUXx-73Dep0,UCHK-FRuAjk8g798dD7L7xqA,2026-07-22 08:00:06,184977,4553,76,120.0,120.0,0.0,1
cUjg4GVZ52A,UC9nWoDbRAl3-fvreBNeStKQ,2026-08-02 08:52:03,3650,29,0,119.88,120.13,0.12,0
cUvD3Q1ksgQ,UCCW6uYIUP4YKKe50k-ktVAw,2026-08-21 08:00:30,67376,1418,59,119.75,120.01,0.01,0
cUwk0f_rJAQ,UCBtJuwDt6LlXp2YASC-ZMdA,2026-08-19 10:00:38,474,2,0,120.0,120.0,0.0,1
cV6wg3hX2IE,UCt8CJiye87FMbEwt0npPMuQ,2026-08-26 14:30:10,3411,117,4,119.76,120.01,0.01,1
cVJRVGCK998,UCN8YcyYvYIrtLcwyT-KqbNg,2026-08-25 08:00:12,23317,117,93,119.76,120.01,0.01,0
cVJRhsz3b6M,UC4VWaR3R17Ruc7j1Cy1-PKQ,2026-08-10 13:14:14,159,5,2,119.77,120.02,0.02,0
cVKjzvtsGiU,UC2NFRq9s2neD_Ml0tPhNC2Q,2026-07-24 02:30:02,200241,2921,34,120.0,120.0,0.0,1
cVNXLqtO98I,UCikKJvpU0Ylua4hRW6faQRg,2026-08-24 02:46:46,2744,73,0,119.98,120.23,0.02,0
cVNdS-J0w_M,UC_E_qYfGKM3C0kqrp1p8z7Q,2026-08-05 19:00:07,302,7,1,120.0,120.0,0.0,1
cVObl5qS2Qc,UCaN1Qp37sHiCdQuSaXa3fVw,2026-07-27 23:39:02,252368,3016,244,119.85,120.1,0.1,1
cVUUBBSQa7M,UCOTJtP0Z9DjpPU43B5m1V6A,2026-07-22 09:49:13,151200,1397,186,119.93,120.18,0.07,0
cVbjafcrqw0,UCuwnt_REmD4YsCtFJRoqjFw,2026-08-23 02:30:07,29008,378,25,119.76,120.01,0.01,0
cVj2aApRBP0,UCgWOZQvFZhGuqBCtjmee0XQ,2026-08-05 15:12:08,514,8,0,24.05,208.3,88.3,0
cVnUpsZ-u_c,UC-8S20Ll1gzPiu_YY8BgyaQ,2026-08-02 09:17:47,816989,8443,258,119.96,120.21,0.04,1
cW4s6kdPUhw,UCxPMcxq7WJ32M3lnFn58Cpg,2026-08-25 11:21:27,2378,12,2,119.9,120.15,0.1,1
cWS32T5AGuo,UCpcTrCXblq78GZrTUTLWeBw,2026-07-21 08:30:13,478954,4806,345,120.0,120.0,0.0,0
cWdZFKn_-3k,UC4VWaR3R17Ruc7j1Cy1-PKQ,2026-08-22 03:15:29,334,6,6,120.0,120.0,0.0,0
cWdsPgv9ATA,UCJDXc9JWCZo-nLNKr_-L2Ng,2026-08-05 16:30:09,2733,74,5,120.0,120.0,0.0,0
cWgEFnPPN8c,UCdGiRd1dTixfQxQrb2pbn5Q,2026-07-19 03:00:01,13962,230,26,120.0,120.0,0.0,1
cWlDl2BLGo0,UCbItyvYa6cqvqtwlU2E9-wA,2026-08-18 18:00:24,11713,525,37,120.0,120.0,0.0,0
cWzA9u6UgwA,UCN9VGDvz2M3vdR0czEUp6lQ,2026-07-11 03:48:07,18301,192,101,119.95,120.2,0.05,0
cXTTD6qoVe8,UCBidluUUxzT_5jVOI_2x2MQ,2026-08-16 13:45:31,252,5,0,119.99,120.24,0.01,0
cXXujO16Q-8,UCTK7GGeH0c9INAEnV2EfD0Q,2026-07-16 03:00:03,10850,408,4,120.0,120.0,0.0,1
cXjpnOtBRfg,UCoH2pCzAr6zWDG-LtUiLWRw,2026-08-09 22:30:32,57711,644,132,119.99,120.24,0.01,0
cYHe8tltJrw,UCPGl9DV2WUgaqGVXtVrhJWQ,2026-08-11 15:00:38,3,0,0,119.99,120.24,0.01,0
cYMKrwiY3os,UCMQheF8kFOZjCEbBRhYvROA,2026-08-03 09:58:56,17,1,0,119.77,120.02,0.02,0
cYMXy8GYKnQ,UCnV5tUnOVGyT-Ncj0s0tPTw,2026-08-20 08:00:21,3145,44,29,120.0,120.0,0.0,0
cYfng1pYhGk,UCnCFD3met1Ip7OngdF9TRDg,2026-08-09 05:08:17,7348,92,14,119.87,120.12,0.12,0
cYjV04iJsEM,UCnCFD3met1Ip7OngdF9TRDg,2026-08-11 02:30:43,16583,173,21,119.99,120.24,0.01,0
cYr2aAyK6-8,UCfIUuMA7U_jImP7oWfTe4Pw,2026-08-17 11:09:48,656368,4774,451,119.84,120.09,0.09,0
cZ0yqXjznO0,UCgLFbrC7-g0ihBKB0obVPTg,2026-08-31 14:07:55,1238,27,2,119.88,120.13,0.12,0
cZ8LyYOniX4,UCrY2B2XX41ReYh9DIWrFfCg,2026-07-27 11:02:26,2159,,4,119.96,120.21,0.04,1
cZFUJ26MLGA,UCWVS5IJOkNnkKS5rjiAt9rw,2026-08-08 17:33:37,8664,65,1,119.94,120.19,0.06,0
f3DLA1EU8vw,UC1dHu9GhbHH7RcHKyJdaOvA,2026-07-30 10:10:10,330797,1552,290,119.83,120.08,0.08,0
f3MGOMmrHwA,UCMswODzU1ZjjrLyUk7NfwPA,2026-07-27 10:37:18,30669,623,17,119.88,120.13,0.12,0
f3T5DJ7vxdM,UCp6n8d8Y8r3MwKNw_MMaouQ,2026-08-06 21:00:07,203028,4040,47,120.0,120.0,0.0,1
f3pPIWncXPE,UCAl4HWznMn7KhKBRFO5eiFA,2026-07-22 11:19:35,13702,62,1,119.93,120.18,0.07,1
f3ujrpCYvm8,UCWwbZhw5M-Q5dZtTK4nDWNw,2026-08-17 03:00:22,210356,3435,38,120.0,120.0,0.0,1
f454ZBV381U,UCms8Ge7H1ZGgw6nV94fUhUQ,2026-07-14 06:00:37,62320,577,311,119.99,120.24,0.01,0
f4BxnFW3fbE,UCdK9h1ILxS49c2LguBUY3rw,2026-08-07 21:50:34,16,2,0,119.91,120.16,0.09,0
f4DX65zN2IU,UCifCesg-EUkjKyQedaB3hRg,2026-08-30 00:09:51,11553,55,5,119.85,120.1,0.1,0
f4EcT4dnpXY,UCBA9XaL5wCdHnC5EmEzwrqw,2026-08-22 07:07:22,404051,2267,226,119.89,120.14,0.11,0
f4QEzzcR1eY,UCCs1YZHxUTIbLZd-xrvvMCw,2026-07-10 08:59:27,70366,1608,74,119.77,123.63,0.23,0
f4RbsFaNHjM,UCc1VJX_5Z2RdGi58XU4IfbA,2026-07-26 05:00:11,737,12,1,120.0,120.0,0.0,0
f4bv2ATflwo,UCV7WE8I_UiAN0fa6Arezx_w,2026-07-22 14:00:14,67,0,0,120.0,120.0,0.0,0
f4dbZOBS2uo,UCF5RrlbsxJjAVLWgOCoNHMg,2026-08-10 23:32:58,7740,105,4,119.95,120.2,0.05,0
f4kf4zbEP_U,UCpTNtH8yc1Kdl_YFfsQsTYA,2026-08-03 06:57:23,13452,36,0,119.8,120.05,0.05,0
f4qDhbafHME,UCw1DsweY9b2AKGjV4kGJP1A,2026-08-16 10:02:02,10938,50,27,119.97,120.22,0.03,0
f4uu1FmL858,UCV6mNrW8CrmWtcxWfQXy11g,2026-07-29 06:00:03,251369,9931,75,120.0,120.0,0.0,1
f557U1j4w0Y,UCtGMgPWJNU2Aj-SNK0zg0Sg,2026-08-09 16:15:47,2993,12,0,119.99,120.24,0.01,0
f58S1RK0o9U,UCDHGqgpiHQAsE0UiltRqhfQ,2026-07-15 15:12:18,11154,58,6,119.8,120.05,0.05,1
f5F0U251BxA,UCPGl9DV2WUgaqGVXtVrhJWQ,2026-07-17 15:00:20,2,0,0,120.0,120.0,0.0,0
f5b8ZooPv_4,UCCdcpCa4yiDcCPhFErd7TXA,2026-07-27 00:53:04,27037,597,28,119.87,120.12,0.12,1
f5s-nRm2LcM,UCaMV-CjrWYh2Aefg_8iLwJQ,2026-08-28 04:00:08,484935,4068,152,119.76,120.01,0.01,1
f5uDE6gi_Gk,UCqIwPYLfMd3EoWYwvyTjPnA,2026-08-14 07:00:23,32340,262,31,120.0,120.0,0.0,0
f649iPcIHgQ,UCTUnpbuKoOODvhLhCO_kO_A,2026-08-08 08:00:30,987,14,7,119.99,120.24,0.01,0
f64p15VzAlk,UC543-TDm6IvHHZXwdSFioMw,2026-08-03 11:15:21,28173,391,52,120.0,120.0,0.0,0
f650gNISQIA,UC8CZL4cvFiKwKKDNCuM2lTA,2026-07-16 00:36:10,6529,45,0,119.9,120.15,0.1,0
f6KqfaHoN4Y,UCjOtzpfj5lF9erwTEQYkxtQ,2026-07-26 03:00:14,25404,617,63,120.0,120.0,0.0,0
f6Sy4_MojGg,UCnkytUgy0CtWd06up9CjNxg,2026-07-22 15:00:39,109904,2185,802,119.99,120.24,0.01,0
f6pmbL6Y8wI,UCFrKhWvZ8oeJQTNP5ZabgJw,2026-08-08 02:00:25,137051,1518,183,120.0,120.0,0.0,1
f6vVz1yzDLY,UCbFLnCfOet-u_kFyA7uX-9Q,2026-08-15 15:00:29,75874,704,22,119.74,120.25,0.25,1
f6zHayGg7Zg,UCk3w4CQ_SlLH4V0-V6WjFZg,2026-08-11 15:39:12,68286,3401,202,119.85,120.1,0.1,0
f75TKY_ZbdU,UCabScupufwcOzAdcVXZrmlg,2026-08-26 00:03:50,10442,173,60,119.95,120.2,0.05,0
f7Cgw1JQvhI,UC0FUMakBJHsRrfKCGQuWnRA,2026-08-23 13:40:39,38142,264,642,119.83,120.08,0.08,0
f7JADLwIajE,UCKVt3arMXfa6XZezR1UnjqQ,2026-08-19 09:00:35,1361,25,0,120.0,120.0,0.0,0
f7KqvvUa5pY,UCV6mNrW8CrmWtcxWfQXy11g,2026-08-19 22:00:27,175705,7783,60,120.0,120.0,0.0,1
f7ZN0saKDOE,UCmcBe97VA2LqVEQUeeZl6Ew,2026-08-08 09:00:03,113424,1465,285,120.0,120.0,0.0,0
f7aRQ_g3taQ,UC4cKHOBS-nRfKFTwf1n8HGA,2026-08-07 15:24:42,46,,0,119.84,120.09,0.09,0
f7fgfgi_6mE,UCBtJuwDt6LlXp2YASC-ZMdA,2026-08-11 03:00:25,674,9,1,120.0,120.0,0.0,0
f848Y3qspZ4,UCaova9Q4UZLPqFnSvq8VxzA,2026-08-26 12:35:43,9148,42,72,119.92,120.17,0.08,1
f8gRs1Ua_P0,UCFQWqbfZ-iEG3K_DRgHwnCw,2026-07-30 01:00:04,14,3,0,120.0,120.0,0.0,0
f9K6NuW8oHI,UC9vz3TBChrJmYbzUo-rqfSg,2026-08-19 04:04:35,23680,179,70,119.94,120.19,0.06,0
f9NTQiTWD60,UCeOXoe4zJCBTBwHN1M_djUw,2026-07-26 00:13:46,0,0,0,119.77,120.02,0.02,0
f9VdSKrNQRg,UCnV5tUnOVGyT-Ncj0s0tPTw,2026-08-29 12:56:41,8222,35,17,119.82,120.07,0.07,0
f9ZKunSPmeI,UCOTJtP0Z9DjpPU43B5m1V6A,2026-08-15 12:00:01,157310,1450,69,120.0,120.0,0.0,0
f9gtYKCKmYU,UCAGUSx1hbPKDqzBZH7bTjiA,2026-07-31 10:00:39,22887,148,12,120.0,120.0,0.0,0
f9ot4LvCMG0,UCI3DTtB-a3fJPjKtQ5kYHfA,2026-08-28 00:36:52,4033,21,0,119.9,120.15,0.1,0
fA7JKbNb-B4,UCYooECrv-fIXlPaDwEIaveA,2026-07-27 09:00:03,38382,905,8,120.0,120.0,0.0,1
fAQtOEtN56M,UCJDXc9JWCZo-nLNKr_-L2Ng,2026-08-05 18:30:21,1746,75,5,120.0,120.0,0.0,0
fARWaDEzu5Y,UCqRz_-l3GCmWb92u8P33RYQ,2026-07-28 08:00:37,17458,209,52,119.99,120.24,0.01,0
fARzu8xZ304,UCKHx_yf3dI2ajWAjXRJ_9Rw,2026-08-15 13:19:05,123798,1384,33,119.93,120.19,0.07,0
fAenJEZuYZI,UCGi94VU356EAvQLgODywyrA,2026-08-24 22:23:52,3265,54,0,119.86,120.11,0.11,0
fAgkvntzLto,UCyoSQyaCrZHro6F_nBiXIYg,2026-08-11 13:31:35,167354,1274,305,119.98,120.23,0.02,0
fAiorGS_7og,UC14G5tdSndPhP47RTVgMXcg,2026-08-15 06:48:28,1760,103,8,119.95,120.2,0.05,0
fAix0Xd9Nhc,UCO94iFhOhtdGb4Ze5DUAtbw,2026-07-16 09:00:33,21281,262,4,119.99,120.24,0.01,1
fB3Xby-mjCA,UCaN1Qp37sHiCdQuSaXa3fVw,2026-08-31 22:00:15,59221,,80,119.76,120.01,0.01,1
fB3ziyZ-VXw,UCSzHok6X5qXEO7cjvVnE62g,2026-08-24 12:00:32,178451,1798,20,119.75,120.25,0.25,0
fB7ouuCoWow,UCBidluUUxzT_5jVOI_2x2MQ,2026-07-31 09:00:03,197,5,7,120.0,120.0,0.0,0
fBBswxMh5Zg,UCab17MxxnFtAhGsJVTkSkCg,2026-07-30 12:41:41,1187,25,1,119.81,120.06,0.06,0
fBLEbk0XS50,UCaN1Qp37sHiCdQuSaXa3fVw,2026-08-10 01:08:21,168906,1640,180,119.86,120.11,0.11,1
fBPbtgFX1bo,UCV6mNrW8CrmWtcxWfQXy11g,2026-08-08 02:00:19,458888,12062,265,120.0,120.0,0.0,1
fBSa5z4Lq7I,UCv0cBz_Vdmd84xYl7gKWwQA,2026-07-22 18:00:03,5099,337,79,119.76,120.01,0.01,0
fBdHPelaBww,UCrKSaegnzewdj9-YLsUhoZw,2026-08-09 04:39:53,35878,209,204,119.84,120.09,0.09,0
fBh8AK698sI,UCifCesg-EUkjKyQedaB3hRg,2026-07-31 02:58:32,64585,153,0,119.78,120.03,0.03,0
fBs0y5sNrlM,UCeiDuGZqWT4iiIXRTfhM3qQ,2026-08-03 07:28:00,4159,105,1,119.79,120.04,0.04,0
fBzkRypBXZg,UCL_IvtOZo6sONpiydbzzHpA,2026-08-07 09:06:05,44678,654,116,119.9,120.15,0.1,0
fC114FZk4J0,UCDbOXmGL7EkmOcnUb5Kki4A,2026-08-14 23:55:08,42126,534,261,119.83,120.08,0.08,0
fC5v8fb4Gj0,UC8chC5rneP-LHm43q-jF3oQ,2026-07-24 11:39:01,1103003,12933,228,119.85,120.1,0.1,1
fC7VEdLJFYE,UCybfHuHkJRzGDymek2Dsqvw,2026-07-27 22:00:36,47216,867,209,119.99,120.24,0.01,0
fCZFhP-Gzcg,UCp9skQ2mP_DfVL8c3gZQUzg,2026-08-06 19:03:33,5238,102,1,119.94,120.19,0.06,0
fC_Rh3UIOLI,UCp9skQ2mP_DfVL8c3gZQUzg,2026-08-22 17:43:10,27394,235,2,119.79,120.04,0.04,0
fCbD0O3HFpo,UCvfEv6nBnL0QlKqyGmL0orQ,2026-07-28 03:00:04,14029,92,30,120.0,120.0,0.0,0
fChzE2yHVN4,UCv1tOT645xHOJrwdGlzjMaA,2026-08-22 10:47:34,176753,4287,100,119.97,120.22,0.03,1
fCsP1JDVVDI,UC2yOBpLVwB7kzt9C5ZPbB7w,2026-08-01 04:00:31,82115,1456,32,119.99,120.24,0.01,1
fCzuNIG6W_A,UCKVt3arMXfa6XZezR1UnjqQ,2026-07-17 22:00:06,10416,71,2,120.0,120.0,0.0,0
fD6ITjWQrpI,UCTmniSiCVyG_UKVCEa9PNKA,2026-08-25 08:25:11,1369,18,1,119.84,120.09,0.09,0
fDAXG3aqv1w,UC3_QWAvQRhPW4CDoQU8acKw,2026-08-04 07:00:00,9524,114,24,120.0,120.0,0.0,1
fDCliW2aARM,UCyz5WVrb-cz3myY04x_kVYw,2026-08-27 13:39:15,2215,8,0,119.86,120.11,0.11,0
fDbqkGmGkX0,UC9qwDE50UcXvdplRNZKEoPA,2026-08-06 07:00:12,37244,621,40,120.0,120.0,0.0,1
fDeqTKlVzoA,UCJ_skdHPp19J9qGsgXxjMnA,2026-08-04 08:00:30,7210,77,16,119.99,120.24,0.01,1
fDhwlLN_uHg,UCrXfM4HsibSucC_NlIY7v0Q,2026-07-23 02:00:30,2354,52,95,119.99,120.24,0.01,0
fDkC5y6Cxl8,UCADf92tisOOh90hrZee4-LA,2026-08-12 15:03:23,57985,338,10,119.95,120.2,0.05,1
fE0O2OuvOGY,UCab17MxxnFtAhGsJVTkSkCg,2026-08-14 20:18:43,1215,16,0,119.94,120.19,0.06,0
hnnazdwM0Ms,UCgWwo8FJL3MCxfd66ip7nFg,2026-07-10 09:00:22,53908,,51,119.76,123.61,0.24,0
hnpOYM-Nh04,UCB4gIGaPUiLtpPreFSf8fKQ,2026-08-20 13:26:15,4574,47,23,119.82,120.07,0.07,0
hnwWCOPelms,UCt8CJiye87FMbEwt0npPMuQ,2026-07-10 14:30:31,3916,112,4,119.99,120.24,0.01,0
hnyIi6krYNg,UCp6n8d8Y8r3MwKNw_MMaouQ,2026-08-23 10:14:48,11952,272,7,119.77,120.02,0.02,1
hnymynSmJPQ,UCl402YYy7RcH7PBI3npmGPQ,2026-08-31 03:00:26,184603,569,173,119.75,120.01,0.01,0
hnzEwdyt2OY,UCBY9rOZPo0fLE45mOV0s0cw,2026-07-23 06:24:38,271,0,0,119.84,120.09,0.09,0
ho6_qJE1Mw0,UC1q4Ihlv_YhLELw-ijE0Diw,2026-08-10 14:06:08,156831,2539,191,119.9,120.15,0.1,0
hoBJBMrf5Nw,UCt15X5eHLwyP8PpNtQTkuDQ,2026-07-28 11:45:41,151103,720,80,119.99,120.24,0.01,0
hoFkEpDGgi0,UCgvtwZJPhSfbKOxh3EoVXng,2026-08-09 03:11:15,27,1,0,119.82,120.06,0.06,0
hohDEHnaF6A,UCcZLS3cRPf6ObjvKuPM7KDw,2026-08-21 09:30:08,8494,57,5,119.76,120.01,0.01,1
hovNQjYLMXs,UCcdlIcleb4oIK6of1ugSJ7w,2026-08-21 23:35:19,161424,1119,175,119.92,120.17,0.08,0
hozChVvB7gk,UCGW76VChAJKee9kYzvyoycQ,2026-07-24 09:00:34,1612,64,19,119.99,120.24,0.01,0
hp1_GeZ130g,UC2yOBpLVwB7kzt9C5ZPbB7w,2026-07-31 20:00:14,512459,9074,123,120.0,120.0,0.0,1
hpXcEGLgyBM,UCt8CJiye87FMbEwt0npPMuQ,2026-08-27 18:57:41,42210,654,37,119.8,120.05,0.05,0
hpiCPlkTvJk,UCV7WE8I_UiAN0fa6Arezx_w,2026-08-31 18:00:02,267,0,0,119.76,120.01,0.01,0
hq-Dd3ZskW8,UC2WBkFH1nHcO6aFLWo6sZQg,2026-08-21 13:20:46,30580,924,13,119.91,120.17,0.09,0
hq3N5mULPI0,UC8x8GQmlxAIhHxzU61z0uLQ,2026-08-19 14:00:04,6602,43,23,119.76,120.01,0.01,0
hqFKydyocNw,UCyoKcrOcBEY4rmLYkDuXErA,2026-08-16 09:00:19,31818,607,15,120.0,120.0,0.0,1
hqI2TlqNLsU,UCwUdsbSoKjC9FDcpihDeXSg,2026-08-05 11:15:36,53892,83,11,119.99,120.25,0.01,1
hqSI37lkOrk,UC7bcRlidTERRb_MKRHPVSnw,2026-08-07 12:03:32,81429,1488,79,119.94,120.19,0.06,0
hqd_RDmDSGg,UCSOeJWyByeoBHpmrm0NnlLw,2026-08-28 07:00:20,250945,1667,155,119.76,120.01,0.01,0
hqdvaZkReXo,UCw1DsweY9b2AKGjV4kGJP1A,2026-07-11 12:45:39,1736837,,75,119.99,120.24,0.01,0
hr8Gt_DEFpM,UCwlUB3goOsh4tpqZKIzUAbA,2026-07-24 13:07:30,33107,376,57,119.88,120.13,0.12,0
hr9qLdZy31s,UCrR_fhiJjoW8OJFzUcmlMMA,2026-08-08 02:00:04,7210,69,23,120.0,120.0,0.0,0
hrDMcY-tmxM,UCV7WE8I_UiAN0fa6Arezx_w,2026-08-22 19:00:24,42,0,0,120.0,120.0,0.0,0
hrE1LysJikU,UCrR_fhiJjoW8OJFzUcmlMMA,2026-07-12 07:00:03,7091,56,9,120.0,120.0,0.0,0
hrdWzEy53j0,UCJDXc9JWCZo-nLNKr_-L2Ng,2026-07-28 13:00:30,2685,109,10,119.99,120.24,0.01,0
hrmTpLM3P-Q,UC3DYSay178fMMPaf3zHwECA,2026-08-21 08:00:33,68835,1655,52,119.75,120.01,0.01,1
hrpmoQIcDTw,UCGi94VU356EAvQLgODywyrA,2026-08-04 17:27:28,7570,115,0,119.8,120.05,0.05,0
hrtyoJLthzU,UCV7WE8I_UiAN0fa6Arezx_w,2026-07-18 13:00:40,346,1,0,119.99,120.24,0.01,0
hs-cVwvD9M0,UCqlcSsDNMYxEsem7bWY-66Q,2026-08-06 09:01:11,12342,318,28,119.98,120.23,0.02,0
hs2IauY6kpY,UCtt0Hg9MhraTkzWwNQpplHg,2026-07-25 09:00:16,71857,944,119,120.0,120.0,0.0,0
hs8902yrOE8,UCQJuZxeDv2P05YHcC-tIEVQ,2026-08-15 08:00:03,64678,883,78,120.0,120.0,0.0,0
hsECq814IEU,UC9nWoDbRAl3-fvreBNeStKQ,2026-08-21 08:15:33,9211,189,31,120.0,120.0,0.0,1
hsyLnzikQBE,UCd9oeoY-jLSkhd-J5y_1aYg,2026-08-01 06:31:40,380,4,0,119.98,120.23,0.02,0
htA7JSirtwI,UCPsZX-D7LW99PjZLA-UysPQ,2026-07-28 00:00:15,1505,16,7,120.0,120.0,0.0,0
htCSyWiM1ns,UCV6mNrW8CrmWtcxWfQXy11g,2026-08-23 02:00:14,48433,1408,22,119.76,120.01,0.01,1
htXKvQwH8RI,UC_9W6Z5Y3lDpLk47Y_y5ITQ,2026-08-07 20:13:06,27578,293,93,119.78,120.03,0.03,0
htlQMBDk9_U,UC-2wa6jvprl7hfCpvw0ULzg,2026-08-22 03:00:25,12758,311,46,120.0,120.0,0.0,0
htux_lxT_5U,UCVZ0SJNurJAv-6hV5VEGB2A,2026-08-28 08:00:27,98950,1041,216,119.76,120.01,0.01,0
hu8fCICg_DQ,UCKVt3arMXfa6XZezR1UnjqQ,2026-07-19 22:00:10,5718,49,3,120.0,120.0,0.0,0
huGayL2Z9_A,UCAhmOb9JWkI2HV_KIe9X_3A,2026-08-29 01:48:50,86543,368,18,119.95,120.2,0.05,0
hud--ZjNt-A,UCV6mNrW8CrmWtcxWfQXy11g,2026-08-22 06:00:21,655629,22881,212,119.75,120.01,0.01,1
hug1VBZOMSw,UCBexUDlBSJM2h4xZB3ch53g,2026-07-15 09:30:15,17655,352,58,120.0,120.0,0.0,1
huhSUIk-z84,UC4VWaR3R17Ruc7j1Cy1-PKQ,2026-07-10 12:54:18,30,3,0,119.85,120.1,0.1,0
hv4YgOYAFYA,UC6YqXiwCBfPvPTs3wXgWElQ,2026-07-28 03:00:18,1915,29,4,120.0,120.0,0.0,1
hvfuVmGZAXQ,UCeKjmFzU-Jlqg7diwzf2Udw,2026-08-15 21:42:40,3,0,0,119.79,120.04,0.04,0
hvtXvq6SXOM,UCwBkHOTyu57NQi0syf5MLig,2026-08-29 01:00:36,60550,254,15,120.0,120.0,0.0,0
hvvn3y7JKy8,UC8FErYSi74YwGUAoTpjvgzQ,2026-08-09 08:51:00,15117,87,16,119.9,120.15,0.1,1
hw3YPxULxqo,UC1dG3vI9FfHnH3YgyeKUz_A,2026-08-07 13:00:04,155252,712,79,120.0,120.0,0.0,0
hwDahXUwrx4,UC_m_uqd_9s0hZvlgfvCzqbQ,2026-08-11 13:47:05,1035,3,2,119.97,120.22,0.03,1
hwEbUtALC_c,UCcum1rCJ5GJeQ_xv0xrohqg,2026-08-08 12:00:01,47573,1473,111,120.0,120.0,0.0,1
hwMZzQMG2Ws,UCN5oT4zGJX-_H6pE5isAEeg,2026-08-11 03:00:06,475056,10680,582,120.0,120.0,0.0,1
hwMaRoaUgos,UC6NXJtCn3p-actkvBUlHwDA,2026-08-23 18:06:55,9973,57,9,119.9,120.15,0.1,0
hws_5Ls5Ojc,UCOTJtP0Z9DjpPU43B5m1V6A,2026-07-26 02:52:55,129928,1262,106,119.87,120.12,0.12,0
hwts1Z3nnVk,UCpI-AhCT02iQRGLC2ZcY0Jw,2026-08-12 01:16:07,53019,480,350,119.98,120.23,0.02,0
hwvyZZaGtnU,UCQyZh4b4TLaSVldnDWnh7fA,2026-07-26 07:32:21,1,0,0,119.96,120.21,0.04,0
hx3LjsZcAmM,UCiE9ZR51IeGPRbD4_Px6_Fw,2026-08-04 02:00:23,46996,2168,470,120.0,120.0,0.0,0
hx40CYgvnnk,UCI3DTtB-a3fJPjKtQ5kYHfA,2026-08-12 20:00:05,3036,48,5,120.0,120.0,0.0,0
hxBOGJRtqNM,UCHYMpkGhNIr8A0m2H3lIjUA,2026-08-17 13:00:07,50759,331,63,120.0,120.0,0.0,0
hxJDANLeIMk,UCyU5JQ8KVRD9jE4E_xLsHxw,2026-08-21 09:00:35,21,0,0,120.0,120.0,0.0,0
hxOLSEORNvE,UCYxwKnNRv4FurQxeKcuR0Sw,2026-08-03 14:24:33,35,6,0,119.84,120.09,0.09,0
hxUNceWxpSg,UCz4b1O9sT73P8DWwx6OvQwg,2026-08-13 08:33:16,251022,4532,116,119.95,120.2,0.05,1
hxeiUeAF7R0,UC_Xb6sEXAdNv9nHU4988vmg,2026-08-22 12:45:07,131273,,1,119.76,120.01,0.01,1
hxx4KMyUljA,UCPGl9DV2WUgaqGVXtVrhJWQ,2026-08-24 15:00:16,8,0,0,119.76,120.01,0.01,0
hxzSJUZ1_Gg,UC1dG3vI9FfHnH3YgyeKUz_A,2026-07-18 12:58:06,189991,1428,606,119.78,120.03,0.03,0
hy2qMqgYTOY,UC4cKHOBS-nRfKFTwf1n8HGA,2026-08-12 08:00:57,1882,,1,119.99,120.24,0.01,1
hyCETQ9vwlg,UCGa52d8Qlv3THghuCAt_nXA,2026-08-23 08:30:14,3564,55,7,119.76,120.01,0.01,0
hyOJeTUFYeY,UCAl4HWznMn7KhKBRFO5eiFA,2026-08-07 13:06:06,3786,20,0,119.9,120.15,0.1,1
hyhacl_qew0,UCHeg3ApmuXQbqqszaD1fR9g,2026-08-07 15:23:55,77,10,1,119.85,120.1,0.1,0
hyibdorCt2s,UCAVR6Q0YgYa8xwz8rdg9Mrg,2026-08-05 10:00:09,228236,6839,219,120.0,120.0,0.0,1
hytgbkF6BqA,UCoH2pCzAr6zWDG-LtUiLWRw,2026-08-10 22:30:22,36665,368,71,120.0,120.0,0.0,0
hyz6Fbzk1HY,UCWU2V62eLE3oQ7AjIGS2STQ,2026-07-23 12:27:46,799,29,4,119.79,120.04,0.04,0
hz2-MVEPkL8,UCdvY3MgO_BGrNbhbmxQC73Q,2026-08-21 10:00:30,6289,321,91,120.0,120.0,0.0,0
hz7M81XLJrw,UCdK9h1ILxS49c2LguBUY3rw,2026-08-31 09:02:35,38,4,0,119.97,120.22,0.03,0
hz8k78TJUic,UCiVO_mThS9B3tNc_kzpn-3g,2026-08-13 19:00:29,25919,1002,212,119.99,120.24,0.01,0
hzIHbTAw3SI,UCv1tOT645xHOJrwdGlzjMaA,2026-08-09 13:44:45,20587,136,69,119.76,120.01,0.01,0
hzIc2YFzQKY,UCSzHok6X5qXEO7cjvVnE62g,2026-08-28 08:00:24,118127,336,57,119.76,120.01,0.01,0
hzNelHDbP4M,UCFCt5RYu41HTg4eX1jdHNxw,2026-08-03 02:29:29,10993,47,5,119.76,120.01,0.01,0
hzO3l0zHyok,UCFsJVl9V9fSIZA1uS3gMu-w,2026-07-27 04:01:45,107668,1044,234,119.97,120.22,0.03,0
hz_ZyioCLuk,UCei_ecYpQqFjYhjLaDPr2Lw,2026-08-15 20:34:26,30,5,0,119.93,120.18,0.07,0
kRh12F0-LFo,UC_E_qYfGKM3C0kqrp1p8z7Q,2026-08-20 17:00:22,359,8,1,119.75,120.01,0.01,1
kRjYajFPlFw,UCrY2B2XX41ReYh9DIWrFfCg,2026-07-14 11:02:39,2233,,4,119.96,120.21,0.04,0
kRjaK4ySFmk,UCBtJuwDt6LlXp2YASC-ZMdA,2026-08-31 03:00:40,133,0,0,120.0,120.0,0.0,0
kRrkHbm17LI,UCZ49HaU_D0Tlf1aDA2jU_Vg,2026-08-23 11:31:25,54226,575,210,119.99,120.24,0.01,0
kSHX_Z_dTsM,UCN7FA8FwikP2p5Vrs5kiivw,2026-08-17 13:00:39,5347,139,13,119.99,120.24,0.01,1
kSiIwzwGe1g,UC7loyhgCm1NRTtyF36hO-jA,2026-07-10 09:00:39,11683,258,122,119.75,123.61,0.25,0
kSljzD2KSvA,UCZ6mNZTiTUrUSbSYPlclI4A,2026-07-26 10:15:32,31687,660,30,119.99,120.24,0.01,1
kSnd_hwoBbg,UC4oe-OVZ2Ho-03yrMkrXomQ,2026-08-02 23:00:21,598079,9145,154,120.0,120.0,0.0,1
kSpo37ZM_yM,UCtRiSpvkhtRXaSjVjEB9LKg,2026-08-27 08:47:57,4306,20,5,119.96,120.21,0.04,0
kSt16u40bTw,UChLqHuZV0PENIBYxDgXyPLQ,2026-08-23 01:21:08,8731,134,20,119.91,120.16,0.09,0
kSwPu3IEKuM,UC9M8GGVwPqc9ubNruArCNPg,2026-08-04 08:00:39,28866,336,23,119.99,120.24,0.01,1
kT42iwkLXUM,UCnhGcri8x6xhehanhAe9ipw,2026-08-27 10:45:01,118775,316,224,119.76,120.01,0.01,0
kT5Avz72urs,UCzRPPKLkNxjD2of-0Xxfnjw,2026-07-26 13:58:02,37490,357,20,119.79,120.04,0.04,1
kTIAUB2O0wo,UCooLkG0FfrkPBQsSuC95L6w,2026-08-04 17:00:12,3865,22,1,120.0,120.0,0.0,0
kT_OYOFVY4U,UCZNTsLA6t6bRoj-5QRmqt_w,2026-08-20 17:00:20,94871,2292,49,119.75,120.01,0.01,0
kTeejcBAceE,UCKrprPfevcAZpPuRnCO6xOA,2026-08-03 18:47:06,10,0,0,119.97,120.22,0.03,0
kTpXHdiSo4I,UCzDmGDR5RdahQkLCBoWlTEg,2026-08-11 14:49:24,19574,103,18,119.93,120.18,0.07,0
kTvHIrlXs3g,UCuXE-MdbuaZcPt_2J2kSsSQ,2026-08-02 11:56:13,295,1,0,119.82,120.07,0.07,1
kU4noYL7cxQ,UC9otskL_kd-0CDib_5Lj-mQ,2026-07-21 03:25:14,10239,70,23,119.83,120.08,0.08,0
kU6o7hcQM-w,UCei_ecYpQqFjYhjLaDPr2Lw,2026-08-29 19:20:26,154,7,0,119.92,120.17,0.08,0
kU7u32JDzk4,UCnkytUgy0CtWd06up9CjNxg,2026-07-28 11:23:48,154688,3803,56,119.86,120.11,0.11,0
kUI4bxX7JUw,UCt8CJiye87FMbEwt0npPMuQ,2026-08-15 13:30:00,52138,2390,137,120.0,120.0,0.0,0
kUVNLmKbrfU,UCMAfHuocszM6UTORPwUmeNw,2026-07-25 05:20:32,11706,225,0,119.91,120.16,0.09,0
kUWgTCXuueg,UCpI-AhCT02iQRGLC2ZcY0Jw,2026-08-18 01:00:20,30178,350,167,120.0,120.0,0.0,0
kUmI0ORN-6I,UCuWDza8A_ntbjwBZgW0ZSNw,2026-08-12 08:00:25,45740,475,14,120.0,120.0,0.0,1
kV1kFv5RpCg,UCVZI7eLie2UlZph6aiBRNrw,2026-08-22 12:23:12,172152,1303,221,119.87,120.12,0.12,0
kV7SZykqfFQ,UC2yOBpLVwB7kzt9C5ZPbB7w,2026-07-22 20:00:12,607864,10641,127,120.0,120.0,0.0,1
kVFqM2_np-E,UC0vqyzJ-1l3AJl3IkKu0bhQ,2026-07-31 08:33:40,123,2,0,119.94,120.19,0.06,0
kVTzlpIeZSU,UC4oe-OVZ2Ho-03yrMkrXomQ,2026-08-17 05:00:06,370613,6284,205,120.0,120.0,0.0,1
kVfASHRwTow,UCqjUPx-UAFHVvthd71bY7_g,2026-07-28 08:00:03,3664,28,19,120.0,120.0,0.0,0
kVgA-GMqymA,UCBo7GIv99qTzHaa6ip09YLA,2026-07-24 08:00:04,1806,2,0,120.0,120.0,0.0,0
kVge-1ruZLg,UCYJDUekoQz0-bo8al1diLWQ,2026-08-17 04:40:40,154454,3244,130,119.83,120.07,0.07,1
kVl6cXUJZX0,UCpcTrCXblq78GZrTUTLWeBw,2026-08-02 11:30:04,71715,809,55,120.0,120.0,0.0,0
kVulwowsg8A,UCKrprPfevcAZpPuRnCO6xOA,2026-08-18 09:30:10,1291,13,3,119.76,120.01,0.01,0
kW3njRi1u30,UC9DNu8JRIcE-rpo9eBx1ffw,2026-08-24 08:56:52,1683,1,4,119.81,120.06,0.06,0
kWF8yxbyfhI,UC-Pn1i_ot4qmG4l7wMZPvyw,2026-08-22 04:15:01,38727,304,29,119.76,120.01,0.01,0
kWTAvvHuVvA,UCwfbSsZ7_sccxcibe60mWlQ,2026-08-27 15:00:07,28465,46,6,119.76,120.01,0.01,0
kWTQRVhPqkE,UCAl4HWznMn7KhKBRFO5eiFA,2026-08-16 07:57:46,5697,43,21,119.79,120.04,0.04,1
kWVQXMU-DOc,UCpcTrCXblq78GZrTUTLWeBw,2026-07-13 15:38:09,1557741,14146,206,119.87,120.12,0.12,1
kWewM7SQA8A,UCooLkG0FfrkPBQsSuC95L6w,2026-08-04 17:27:16,3300,43,23,119.8,120.05,0.05,0
kWih2_J1-PU,UClFSQxcVutJFEI9nCAOOkgQ,2026-08-11 09:54:33,1811,,49,119.84,120.09,0.09,1
kWj8GX2Cj1I,UC3gl4CHfNtAqNjju1goB0_w,2026-08-15 02:11:22,2043,42,2,119.81,120.06,0.06,0
kWu73gQQzNw,UC-2wa6jvprl7hfCpvw0ULzg,2026-08-05 05:00:34,54979,1115,722,119.99,120.24,0.01,0
kWv63CEeBUs,UCFmlAyHib0TTCkkLHxhyb5g,2026-08-14 23:32:19,1680,32,4,119.96,120.21,0.04,1
kWwKrGu1zsc,UCAl4HWznMn7KhKBRFO5eiFA,2026-08-20 13:00:23,5721,15,1,120.0,120.0,0.0,1
kWyzPOTvXbk,UC8E29ANOC3_OuB7_5EPY2xw,2026-07-18 08:35:05,520,2,0,119.92,120.17,0.08,1
kX7i3QI1ZuE,UCt8CJiye87FMbEwt0npPMuQ,2026-08-17 14:54:54,2829,119,13,119.84,120.09,0.09,0
kXG9o9HK688,UCz4b1O9sT73P8DWwx6OvQwg,2026-08-21 07:07:05,36749,596,111,119.9,120.14,0.1,0
kXO8Sg9nHqg,UCq6bX1rAJqwt3LmYuHrDPqg,2026-08-11 22:19:46,7768,14,0,119.92,120.17,0.08,0
kXQKGMQIWxg,UCV6mNrW8CrmWtcxWfQXy11g,2026-07-31 16:00:09,74665,2447,52,120.0,120.0,0.0,1
kXbdpe3oEIA,UCBS4sjbGJIcclT-Y6i_Jzkg,2026-08-30 16:04:40,787,23,0,119.94,120.18,0.06,1
kXgn6UyuF38,UCOgXOOKbZRtfQvlggBpN6zw,2026-08-30 13:16:59,1574,19,4,119.98,120.23,0.02,0
kXmRSotcq1Q,UCV7WE8I_UiAN0fa6Arezx_w,2026-07-26 13:00:14,128,1,0,120.0,120.0,0.0,0
kXttwJ9Tg8c,UC2t5bjwHdUX4vM2g8TRDq5g,2026-07-12 04:06:21,41299,532,9,119.89,120.14,0.11,1
kXvxs1drkt4,UCZ6mNZTiTUrUSbSYPlclI4A,2026-08-28 14:34:40,3230,38,5,119.93,120.18,0.07,1
kY6jMg1O1Sk,UCg5-nd3qoNnz5dzkX-O0b8A,2026-07-25 11:19:28,32756,170,25,119.93,120.18,0.07,1
kYMabFrKNZ0,UC46X_E7jxvJ1O_3gnaeCxeg,2026-08-16 01:45:00,125110,1020,117,120.0,120.0,0.0,0
kYN1Te33e6U,UCElXDMEQqlUnuyDbChjARWQ,2026-08-25 10:00:17,918,3,0,119.76,120.01,0.01,0
kYPT27Vba1Q,UC7hwQp3F6P_OwyRM14p88iQ,2026-08-13 08:33:36,2583,21,17,119.94,120.19,0.06,0
kYS4XY6K3Us,UCV7WE8I_UiAN0fa6Arezx_w,2026-08-26 02:00:13,67,0,0,119.76,120.01,0.01,0
kYmDWRovi_0,UCV7WE8I_UiAN0fa6Arezx_w,2026-08-19 12:00:19,34,1,0,119.76,120.01,0.01,0
kYoL0FQdh9s,UCQfISxq5legTqOt1h1us6lg,2026-07-30 20:05:17,3045,8,0,119.91,120.16,0.09,0
kYrrftD4cKg,UCqIwPYLfMd3EoWYwvyTjPnA,2026-07-20 03:00:32,14664,71,3,119.99,120.24,0.01,0
kYzEtdQUQ_k,UCV6mNrW8CrmWtcxWfQXy11g,2026-08-22 14:30:01,65407,3409,72,119.76,120.01,0.01,1
kZ6XJ1Q1Pgo,UCOKQpmfKrtu7Nu719CVSw1A,2026-08-29 03:00:26,2005,25,12,119.75,120.01,0.01,1
kZRb9hWvxRU,UCXCa03lRK6tlntZoJ7TUWRw,2026-08-12 05:00:03,50784,1520,504,120.0,120.0,0.0,0
kZlHGjuQg6o,UCV7WE8I_UiAN0fa6Arezx_w,2026-08-22 08:00:30,29,0,0,119.75,120.01,0.01,0
k_4ESkBXDeg,UCpcTrCXblq78GZrTUTLWeBw,2026-07-15 23:47:58,33998848,363808,3859,119.95,120.2,0.05,1
k_eV2s-Jmvg,UCdK9h1ILxS49c2LguBUY3rw,2026-07-26 23:52:39,17,2,0,119.87,120.12,0.12,0
k_hmu9Rc-v4,UCuwnt_REmD4YsCtFJRoqjFw,2026-08-05 03:17:08,121359,1189,270,119.97,120.22,0.03,0
k_rhnsX8MF8,UCGa52d8Qlv3THghuCAt_nXA,2026-07-23 08:30:30,5705,81,12,119.99,120.24,0.01,0
k_s_Kuz2eU8,UCI6Ro_MOr36re4Bhb7nCY7g,2026-08-28 10:00:23,25193,104,22,119.76,120.01,0.01,0
k_vWBUh7kCs,UC34cqM0VcXgFuSj8Ptpm_Kw,2026-07-25 08:45:36,242,6,2,119.99,120.24,0.01,0
k_vtsKivUWE,UCdK9h1ILxS49c2LguBUY3rw,2026-08-14 12:00:01,3,2,0,120.0,120.0,0.0,0
ka7YBvO4FuA,UCbeQg95cAxVRsxxh6FyilxA,2026-08-21 05:22:12,16932,136,9,119.89,120.14,0.11,1
kaEd3JxUbbw,UCmZeuRfHYowZhf6odtoaNdg,2026-08-30 09:33:14,43901,160,44,119.96,120.21,0.04,0
kaF0W0jPatY,UCawK5EIfr66Z7fjAlZgfB2g,2026-08-01 08:00:25,20114,,18,120.0,120.0,0.0,0
kaFPgZELcAM,UCYooECrv-fIXlPaDwEIaveA,2026-08-07 09:01:26,57556,1498,1104,119.98,120.23,0.02,0
kaLAEjHYBD0,UCOTJtP0Z9DjpPU43B5m1V6A,2026-07-25 16:12:19,40010,349,15,119.8,120.05,0.05,0
kaOX1RPje6s,UCKttwyzsHvW7bCo7YfTacVQ,2026-08-21 10:13:52,49583,401,45,119.78,120.03,0.03,0
kaYXD0xTXwI,UCVey3Q_CodrHAWBonTGbHFg,2026-08-17 03:00:23,20885,433,33,120.0,120.0,0.0,0
cZGBM8IUKy4,UCby0vMKcLR05ZdS90aZd5og,2026-07-22 08:58:35,3041,3,0,119.78,120.03,0.03,1
cZINMoxe-As,UCXAXCxTCCYYKsLJNzEvjqfw,2026-08-13 01:39:39,76211,896,432,119.84,120.09,0.09,0
cZIpcadq4g8,UCPGl9DV2WUgaqGVXtVrhJWQ,2026-07-26 15:00:11,6,0,0,120.0,120.0,0.0,0
cZYQy_PKPKE,UCifCesg-EUkjKyQedaB3hRg,2026-08-15 01:13:02,11092,138,2,119.78,120.03,0.03,1
cZ_aoh5kaDw,UCkavlo6q2XfO_MA9Q24wRvw,2026-08-10 11:06:39,2885,5,1,119.89,120.14,0.11,0
cZo3UBTz0zU,UC1sELGmy5jp5fQUugmuYlXQ,2026-07-31 15:00:25,1241057,50753,676,119.99,120.24,0.01,1
cZoe04MsXN4,UCby0vMKcLR05ZdS90aZd5og,2026-07-20 03:55:17,2487,7,0,119.83,120.08,0.08,1
cZqNM-ddbwg,UCAl4HWznMn7KhKBRFO5eiFA,2026-07-25 12:41:32,6048,51,2,119.81,120.06,0.06,1
c_9WmCHu6wk,UCI3DTtB-a3fJPjKtQ5kYHfA,2026-08-31 17:30:29,25090,142,17,119.75,120.01,0.01,0
c_PP0ZOmvmU,UCgjaQlejpAnIu0q-xtVfTEw,2026-07-15 05:00:24,148946,3059,61,119.99,120.24,0.01,1
c_PzLCHMROE,UCab17MxxnFtAhGsJVTkSkCg,2026-08-21 10:08:13,2537,43,5,119.88,120.13,0.12,0
c_UZqYglidc,UCi1Tln5CFg1yExpz8djyxjA,2026-08-24 19:01:57,4101025,103233,382,119.98,120.23,0.02,1
c_VvmJLwWv0,UCtVBI7YLJyDvrx7iWAukx_Q,2026-08-25 06:00:20,246248,7479,108,119.76,120.01,0.01,0
c_eu53Np8gM,UCpcTrCXblq78GZrTUTLWeBw,2026-08-01 02:30:19,196801,2530,143,120.0,120.0,0.0,0
c_okgSCdDjo,UCtVBI7YLJyDvrx7iWAukx_Q,2026-07-23 06:00:16,223309,7187,510,120.0,120.0,0.0,1
c_xeAa6GIGs,UCraf4ugZTyvFY6AJ0VjIxFA,2026-08-28 17:30:24,1353,,0,119.75,120.01,0.01,0
ca3-fH9DP0c,UCvrxJgD0T_TFvgsO2nA-fDQ,2026-08-26 18:48:31,37196,273,82,119.95,120.21,0.05,0
caUuDq6aWFE,UCnju7ULBic4VgkCfDvVXCnA,2026-08-03 00:17:42,17068,259,1,119.96,120.21,0.04,0
caXOHXPDhwI,UCHeg3ApmuXQbqqszaD1fR9g,2026-08-18 02:00:38,7968,165,12,119.99,120.24,0.01,1
caX_ChgMhmA,UCqIwPYLfMd3EoWYwvyTjPnA,2026-08-31 09:00:34,61946,190,51,120.0,120.0,0.0,0
caYS99qINL8,UCEg24oF81p-THPtp3otdmTA,2026-07-13 10:00:27,147276,3212,118,119.99,120.24,0.01,1
cacnCdP5xC8,UC4P7F8qenDo1O_5NvgBb_cg,2026-08-29 02:45:04,136686,696,45,119.76,120.01,0.01,0
caoMURt5F5M,UCp9skQ2mP_DfVL8c3gZQUzg,2026-08-09 18:30:11,6629,98,0,120.0,120.0,0.0,0
cayjEgzqzjw,UCAgZP6qUjcVjZsGWtW-l6lw,2026-07-24 11:00:34,132,3,1,119.99,120.24,0.01,0
cbG2QXcTu3w,UCKUUL3fMVvYVZdGkKhhjP0A,2026-07-22 08:25:35,363557,6946,68,119.83,120.08,0.08,1
cbMT0ByvJto,UCRNMJOB5slwh28PMEQ0xFww,2026-08-11 09:00:04,18064,853,105,120.0,120.0,0.0,0
cbSZsIl-o_g,UCdQHEqTxcFzjFCrq0o4V7dg,2026-08-26 00:30:35,42752,2103,278,120.0,120.0,0.0,0
cbTlK7MMB-I,UCFCt5RYu41HTg4eX1jdHNxw,2026-08-12 13:12:43,16659,103,27,119.79,120.04,0.04,1
cbviLxu-NWg,UC2NFRq9s2neD_Ml0tPhNC2Q,2026-07-30 02:30:07,333668,6927,458,120.0,120.0,0.0,0
cc-UqNEoPAg,UCJDXc9JWCZo-nLNKr_-L2Ng,2026-08-27 15:00:18,3015,66,6,119.76,120.01,0.01,0
cc9SFfpttuI,UCtGMgPWJNU2Aj-SNK0zg0Sg,2026-08-14 09:30:09,7742,133,11,120.0,120.0,0.0,1
ccAf_IDra7s,UCXS55IczImEf64aU16NzKlg,2026-08-14 02:00:12,2414,18,8,120.0,120.0,0.0,0
ccDG8coEaak,UCrR_fhiJjoW8OJFzUcmlMMA,2026-08-10 07:30:36,8421,69,28,119.99,120.24,0.01,0
ccHOA3mfgVM,UCI3DTtB-a3fJPjKtQ5kYHfA,2026-08-29 22:15:39,52731,575,32,120.0,120.0,0.0,0
ccM-S-IGh2Q,UCBY9rOZPo0fLE45mOV0s0cw,2026-08-10 08:51:20,256,1,0,119.9,120.15,0.1,0
ccSbGWnrvMY,UCXg-6b0X0sIMBDHhbyBuOQg,2026-08-30 13:27:51,247,12,1,119.8,120.05,0.05,0
ccWVmz4jcEU,UCaN1Qp37sHiCdQuSaXa3fVw,2026-07-31 11:18:55,372040,5915,80,119.94,120.19,0.06,1
cc_cj8lcHgU,UCzVXdulvpgEoI8yuFMmhxJw,2026-07-28 00:23:01,4054,160,2,119.87,120.12,0.12,0
cd3IfwR_KtE,UC7hwQp3F6P_OwyRM14p88iQ,2026-08-01 01:05:23,2359,29,12,119.91,120.16,0.09,0
cdDLapO1Poc,UCbItyvYa6cqvqtwlU2E9-wA,2026-08-31 22:34:54,21530,359,2,119.93,120.18,0.07,0
cdFgfpNAegI,UCi5yzN6jpdz2akGTm-mJSKQ,2026-07-12 13:10:08,983,38,5,119.83,120.08,0.08,0
cdGqZY7LgKs,UCms8Ge7H1ZGgw6nV94fUhUQ,2026-08-15 09:00:17,13223,211,3,120.0,120.0,0.0,1
cdI4kOyYoyM,UClHTjLVog7CkRF8tYJuNXXQ,2026-07-26 22:30:26,315,9,1,120.0,120.0,0.0,0
cdkV-rYuRJo,UCPGl9DV2WUgaqGVXtVrhJWQ,2026-08-11 15:00:08,9,0,0,120.0,120.0,0.0,0
cdzYR6fE_RY,UCHK-FRuAjk8g798dD7L7xqA,2026-07-28 03:28:42,459860,6627,53,119.77,120.03,0.03,1
ce2L5JtqISI,UCw1DsweY9b2AKGjV4kGJP1A,2026-08-20 10:00:31,68062,151,14,120.0,120.0,0.0,1
ce4WvQpw8ts,UCV7WE8I_UiAN0fa6Arezx_w,2026-07-30 17:00:05,23,0,0,120.0,120.0,0.0,0
ceNdFwk4v4o,UC0-sEWFXIymAxx0InClynUA,2026-08-10 01:00:10,267928,7212,58,120.0,120.0,0.0,0
ceTzixYA0Rg,UCrKSaegnzewdj9-YLsUhoZw,2026-08-18 05:40:22,34699,186,117,119.84,120.09,0.09,0
ceVGDnvIIhM,UC_yxsHiFh1_j174x4AxICSg,2026-08-26 07:00:09,24773,244,11,119.76,120.01,0.01,1
cefncr5rjbY,UCLHwMFguUxHVSk91vzicEJw,2026-08-14 13:00:02,62127,807,106,120.0,120.0,0.0,0
cegGYHoZcFY,UCby0vMKcLR05ZdS90aZd5og,2026-08-22 12:59:27,2173,7,2,119.77,120.02,0.02,1
cehsRMmN2ns,UC2yOBpLVwB7kzt9C5ZPbB7w,2026-08-02 04:00:14,187810,3031,89,120.0,120.0,0.0,1
cevKXBMECX0,UClSuqiIAACDUJrH3gb4JcLQ,2026-07-15 06:15:42,45728,1312,37,119.99,120.24,0.01,0
ceveU52fd68,UCH29Gz8a6veRLqUxzjBXHrQ,2026-08-02 09:35:07,20831,786,32,119.92,120.17,0.08,0
cevrAZ-kITY,UCqIwPYLfMd3EoWYwvyTjPnA,2026-07-18 03:00:00,94085,348,31,120.0,120.0,0.0,0
cewK_83uhhA,UCjUnlBpn0Z1L450g79fniRg,2026-08-21 01:39:30,857,5,4,119.85,120.1,0.1,0
cf3C2MLd0Vo,UC4VWaR3R17Ruc7j1Cy1-PKQ,2026-08-07 03:05:59,2195,8,8,119.9,120.15,0.1,0
cfBD3Jg74zY,UC2yOBpLVwB7kzt9C5ZPbB7w,2026-07-24 04:00:36,265119,3846,199,119.99,120.24,0.01,1
cfDPEnP7YRY,UCZ6mNZTiTUrUSbSYPlclI4A,2026-08-03 09:18:43,31108,869,35,119.94,120.19,0.06,1
cfF_1MS71Gc,UCPGl9DV2WUgaqGVXtVrhJWQ,2026-08-25 15:00:33,5,0,0,120.0,120.0,0.0,0
cfIrzvgk-z4,UCgLFbrC7-g0ihBKB0obVPTg,2026-07-25 13:51:57,203,3,0,119.89,120.14,0.11,0
cfOmEsmy5b8,UCoSniqkitCpxlHrQd5L8A1w,2026-08-12 10:46:42,2429,30,6,119.97,120.23,0.03,0
cfS2D4LNbtY,UCNpcMizRJ73OJm48LszuytQ,2026-08-24 08:00:11,5445,388,18,119.76,120.01,0.01,1
cfVE4JBP7VQ,UC6JB_a6rD1lZ_aZgQvORfrQ,2026-08-25 23:43:07,4815,55,1,119.79,120.04,0.04,0
cfXrPvW5W2M,UCAJ-meoCh1TrPZ7La3UpPrw,2026-07-27 14:18:02,178129,3457,282,119.95,120.2,0.05,0
cfYkNJRAaes,UCJ_skdHPp19J9qGsgXxjMnA,2026-07-26 08:00:31,4419,120,33,119.99,120.24,0.01,1
cfhmAVzECPU,UCbFLnCfOet-u_kFyA7uX-9Q,2026-07-29 15:00:21,94492,967,58,120.0,120.0,0.0,1
cfj8zRpaUq0,UCV7WE8I_UiAN0fa6Arezx_w,2026-08-16 12:00:23,53,0,0,120.0,120.0,0.0,0
cfrs9UE59YY,UCirJgPv8RtFaFMj39b6cD8Q,2026-08-29 09:00:23,5378,30,0,119.75,120.01,0.01,1
cftU_oMm3xE,UCpTNtH8yc1Kdl_YFfsQsTYA,2026-07-30 08:56:19,22222,38,0,119.81,120.06,0.06,0
cg1DSyb9wIE,UCgO8sNnksVuKcuTVTQKSK3A,2026-08-21 09:19:10,19567,355,55,119.94,120.19,0.06,1
cgIJk0pCtPk,UCNrQ0VbdprXAur6OZKexjEw,2026-08-15 08:00:15,40709,650,106,120.0,120.0,0.0,0
cgJK2mIyz3U,UCRltQqhqu9nXMRLaX0f8Cow,2026-08-07 09:00:18,3934,133,55,120.0,120.0,0.0,0
cgJb0Gc4Sbw,UC-okJdotaXPlzivRzHFqzuA,2026-08-26 05:00:20,48895,326,7,119.76,120.01,0.01,0
cgM31h2j94M,UC_E_qYfGKM3C0kqrp1p8z7Q,2026-08-01 15:00:24,73,5,1,120.0,120.0,0.0,0
cgO_b7kr_DI,UC-okJdotaXPlzivRzHFqzuA,2026-07-23 15:48:28,96442,2342,1,119.94,120.19,0.06,0
cgh7Z3Z3GOI,UCZ6mNZTiTUrUSbSYPlclI4A,2026-08-01 11:00:26,30099,965,42,120.0,120.0,0.0,1
cgh_qLtLNRU,UC-okJdotaXPlzivRzHFqzuA,2026-08-17 04:59:29,115815,636,23,119.76,120.01,0.01,0
cgmDPievtxg,UCYTQCmuFcacJJ_Tad20qqEw,2026-07-30 17:13:14,249558,8176,184,119.78,120.03,0.03,0
cgpqlmrqHfw,UCPI40-XQA9-GBGj2k8PPqfg,2026-08-29 08:50:10,191254,1890,192,119.93,120.18,0.07,0
fE8VGMmSMCc,UC-okJdotaXPlzivRzHFqzuA,2026-08-18 08:59:25,48733,800,25,119.77,120.02,0.02,0
fEGL2BiGdbY,UCrY2B2XX41ReYh9DIWrFfCg,2026-08-09 08:54:30,4979,,5,119.84,120.1,0.1,0
fENz6x1E3xo,UC9qwDE50UcXvdplRNZKEoPA,2026-07-23 08:21:12,559,12,3,119.9,120.15,0.1,0
fEZWafNKSgA,UCEGtfhdJiRgH98mVMEQZThQ,2026-08-23 10:30:03,16882,57,20,119.76,120.01,0.01,0
fEu3wA4gOSk,UCTNyl3P7q6PNhPddh6d7WJQ,2026-08-20 22:00:11,30,3,0,119.76,120.01,0.01,1
fEyVhSoa0VQ,UCqjUPx-UAFHVvthd71bY7_g,2026-07-23 08:00:32,7866,49,32,120.0,120.0,0.0,0
fF-96AEyyJA,UC6YqXiwCBfPvPTs3wXgWElQ,2026-08-11 12:53:56,68207,332,55,119.85,120.1,0.1,0
fFJFrVLwuw8,UCKttwyzsHvW7bCo7YfTacVQ,2026-08-08 17:17:16,2021,21,0,119.96,120.21,0.04,0
fFR9NwG3wYY,UCV7WE8I_UiAN0fa6Arezx_w,2026-07-31 04:00:05,94,0,0,120.0,120.0,0.0,0
fFURpvRF2rc,UCmiTZyj9GwMjyznZxrgCH4Q,2026-08-03 10:18:06,25998,362,35,119.95,120.2,0.05,0
fFbGypdX7YA,UC6LLMkdyses2ugPRNEXutMQ,2026-08-28 09:30:31,101280,671,239,120.0,120.0,0.0,0
fFxfYvws9Go,UCw1DsweY9b2AKGjV4kGJP1A,2026-08-14 09:58:26,35384,147,38,119.78,120.03,0.03,0
fFzmAF2wWI0,UC4ncZM9bnBknxPkJbq4miHQ,2026-08-19 11:00:03,31933,768,69,119.76,120.01,0.01,1
fG5UQxKMpio,UCyoSQyaCrZHro6F_nBiXIYg,2026-07-30 14:07:32,172643,1175,266,119.88,120.13,0.12,0
fGXqGKrSFAM,UCJN5mgLqkPCTVC5v-12gKjQ,2026-07-12 11:00:24,1230,33,1,119.99,120.24,0.01,1
fGnlyXAV9X4,UCoSniqkitCpxlHrQd5L8A1w,2026-07-14 23:15:30,1574,6,0,119.99,120.24,0.01,0
fGt6pEOX2Mg,UCY_vDlvG-BTDRIOk_I9QQ6g,2026-07-27 10:43:27,1154,8,2,119.78,120.03,0.03,0
fGugN37OaJw,UCpTNtH8yc1Kdl_YFfsQsTYA,2026-08-01 09:00:19,43716,165,37,120.0,120.0,0.0,1
fGukMONyvmc,UCeG0ONJtjwE20ThR5iSYdsA,2026-07-26 11:15:56,31190,454,77,119.99,120.24,0.01,0
fGxAhNoctvM,UCSl8TBqqflby-ymdEQVfRNQ,2026-08-01 11:44:33,16216,371,155,119.76,120.01,0.01,0
fH4nRXPejyc,UCFiHjGyrJux8Rt4e6mUPU-w,2026-08-13 17:00:35,1488,55,14,119.99,120.24,0.01,0
fHBWSIt1Pg0,UCkpKYfb8wM67QnKxBj9bZXA,2026-07-20 13:08:51,35353,357,22,119.85,120.1,0.1,0
fHPRg5zidGU,UCAl4HWznMn7KhKBRFO5eiFA,2026-08-15 12:38:22,22427,141,9,119.86,120.11,0.11,0
fHU9P_Yel7A,UCnhGcri8x6xhehanhAe9ipw,2026-07-18 12:00:55,3421,128,19,119.99,120.24,0.01,0
fHqKzA09Xh8,UCab17MxxnFtAhGsJVTkSkCg,2026-08-30 12:13:21,4402,36,2,119.79,120.04,0.04,0
fHtsF4D_5pk,UC-aXNBQ6nwMNeW2V8XB7sBg,2026-08-13 21:00:12,76659,637,78,120.0,120.0,0.0,1
fHty8R8CU_A,UCp6n8d8Y8r3MwKNw_MMaouQ,2026-08-30 08:14:01,6967,125,4,119.78,120.03,0.03,1
fHvz_sQIutU,UC5pdoCANExIVI4yf6DVoxew,2026-08-19 07:13:17,2371,24,19,119.79,120.04,0.04,1
fI4VDGzPgxE,UCV6mNrW8CrmWtcxWfQXy11g,2026-08-16 23:02:45,33099,696,10,119.96,120.21,0.04,0
fIAxNA873Ew,UCt8CJiye87FMbEwt0npPMuQ,2026-08-05 14:30:12,4089,124,13,120.0,120.0,0.0,0
fICstAk2luc,UCj7wKA4vwdzMP35lO5CCwgQ,2026-08-30 12:19:50,10407,163,4,119.93,120.18,0.07,0
fIHYoOB0L8E,UCaHIZAKows704_gk6bjdAog,2026-07-23 09:00:28,81191,868,230,120.0,120.0,0.0,0
fIL345WETUo,UCBTsPtRCh6ln3IRQFjhjh1A,2026-08-05 09:00:10,16432,183,68,120.0,120.0,0.0,0
fITdSmCmA7g,UCrD6viwK0DHbQuZSOZBbofg,2026-07-27 14:36:09,22077,348,34,119.9,120.15,0.1,1
fIf0NEDrgnY,UCnV5tUnOVGyT-Ncj0s0tPTw,2026-07-22 02:20:54,4274,55,40,119.9,120.15,0.1,0
fIiWd79aBjs,UCN8L7Z-dyzu9FzT39RM0fvw,2026-07-26 02:00:15,17389,217,42,120.0,120.0,0.0,0
fIsNo9akQI4,UCWZqSCSNZT3X8e_HyCJoXMg,2026-08-30 12:30:08,25231,1036,20,119.76,120.01,0.01,1
fJ6LpdApJmE,UCVWAdUQGUiY2Kzh0JoB5PtQ,2026-08-27 10:21:24,3196,20,0,119.91,120.16,0.09,0
fJ9MbnWhbKc,UCarBV0zWlC2k-HteyeKqfag,2026-07-30 07:30:11,21475,143,26,120.0,120.0,0.0,1
fJu7F0T6tFk,UCYJDUekoQz0-bo8al1diLWQ,2026-08-22 03:44:06,105918,2203,90,119.78,120.03,0.03,0
fK5IfNAQhOA,UCwBkHOTyu57NQi0syf5MLig,2026-08-06 18:00:17,11079,61,14,120.0,120.0,0.0,0
fKVARTUz1LU,UCgLFbrC7-g0ihBKB0obVPTg,2026-07-23 12:24:48,195,5,0,119.84,120.09,0.09,0
fKpCrHHHRKw,UCp6n8d8Y8r3MwKNw_MMaouQ,2026-07-26 20:47:34,14387,315,2,119.96,120.21,0.04,1
fKpbdcrYiQk,UCC1veMJY2wElX0lpYOoNB1Q,2026-07-30 02:30:10,1249627,24,14,120.0,120.0,0.0,0
fL1VFIWhZCU,UCZPfs7xIjGmOGs9kvgGhUKQ,2026-08-07 09:58:02,365,3,0,119.79,120.04,0.04,0
fL7AHR_bdbw,UCQJuZxeDv2P05YHcC-tIEVQ,2026-07-29 08:00:28,15269,227,26,119.99,120.24,0.01,0
fL8sgNqz-V8,UC0E_zsPAziGgkxaAtwvmFAA,2026-08-14 01:00:31,102062,3960,182,119.99,120.24,0.01,0
fLA1SI1Odkg,UCrxzkAOXEbflxcTbRYnCoTw,2026-08-16 23:00:17,17107,85,17,120.0,120.0,0.0,0
fLNNNn8Jf7E,UCuwnt_REmD4YsCtFJRoqjFw,2026-07-12 04:29:45,116671,943,283,119.76,120.01,0.01,0
fLa6u0ZmVZg,UCkphwoGMBs2_0raLOqu9aQw,2026-08-30 12:00:24,560,3,1,119.76,120.01,0.01,0
fLbw0Kcs2s8,UC8CZL4cvFiKwKKDNCuM2lTA,2026-07-21 22:35:38,6745,50,1,119.91,120.16,0.09,0
fLeIFMO2G1k,UCab17MxxnFtAhGsJVTkSkCg,2026-08-21 15:28:05,2956,48,7,119.79,120.04,0.04,0
fLpLwri4jcg,UCV7WE8I_UiAN0fa6Arezx_w,2026-08-24 08:00:12,26,0,0,119.76,120.01,0.01,0
fM1ToE8LmhM,UCcJliZnsRbNw4I4uWSGq_wA,2026-08-31 05:59:37,18693,29,13,119.77,120.02,0.02,0
fM4eNDkZBic,UC5RxNUZ9_c94ZEfJGnJZmTw,2026-08-28 12:00:22,23085,671,296,119.76,120.01,0.01,0
fMDN-3enAZU,UCzVXdulvpgEoI8yuFMmhxJw,2026-08-27 23:05:36,303771,8257,108,119.92,120.17,0.08,0
fMRVExY2J1s,UCSTIgFSMRyUgrobBoCVAGmw,2026-08-26 00:39:51,111,2,0,119.85,120.1,0.1,0
fMa81kgqdWk,UCrY2B2XX41ReYh9DIWrFfCg,2026-08-22 11:52:42,1882,,3,119.88,120.13,0.12,0
fMbqomORrF4,UC_m_uqd_9s0hZvlgfvCzqbQ,2026-08-16 14:25:49,335,1,0,119.82,120.07,0.07,1
fMcoyE7ZwaI,UC6YqXiwCBfPvPTs3wXgWElQ,2026-07-27 12:22:45,309441,1399,1822,119.87,120.12,0.12,0
fMg6PvglyhY,UC-yb5eNBQyXBE9nZnht9u-g,2026-07-24 10:30:30,5066,160,4,119.99,120.24,0.01,1
fMitUOJQi84,UCaY7wcqhFb_c2eQ1eRB8rOQ,2026-08-14 10:00:25,4658,292,7,120.0,120.0,0.0,0
fMlggbc8bi8,UCby0vMKcLR05ZdS90aZd5og,2026-07-28 03:55:36,1186,5,0,119.83,120.08,0.08,1
fMrGeblQJ5o,UC2t5bjwHdUX4vM2g8TRDq5g,2026-08-16 14:45:14,188023,10282,761,120.0,120.0,0.0,0
fMtIZtHNxCU,UChKYbZ9fSz8DMM6wU-t1lMQ,2026-08-05 10:56:49,2100,72,9,119.8,120.06,0.06,0
fN3QSnPf2lY,UCUR5w0E-jQTOO8Q0FZ4ilYQ,2026-08-09 07:12:50,117851,477,59,119.79,120.04,0.04,0
fN3e96kkABA,UCksGX0hODm1Ev6mysrToMqg,2026-08-04 11:00:26,9024,286,12,120.0,120.0,0.0,1
fN5BMpl4M6s,UCW_Ptq0v8ck67w9oKiwXz2g,2026-07-27 08:36:43,118,1,0,119.89,120.14,0.11,0
fN6NYM7VCBM,UC6JB_a6rD1lZ_aZgQvORfrQ,2026-08-09 01:17:53,6519,118,1,119.95,120.2,0.05,0
fNBwgrxydYw,UCikKJvpU0Ylua4hRW6faQRg,2026-07-31 01:56:39,6415,116,2,119.81,120.06,0.06,0
fNZsi1GMUek,UClFxbDnu3-z8B002ns6JnBQ,2026-08-22 21:00:21,0,0,0,119.76,120.01,0.01,1
fNjRNI6QHsM,UCZ6mNZTiTUrUSbSYPlclI4A,2026-08-01 09:10:06,8565,296,13,119.83,120.08,0.08,1
fODm4jTKQIw,UC3pTpoDKt17IrCDH60kSNPA,2026-08-25 09:05:32,3053,35,8,119.92,120.17,0.08,0
fOLmDesKPNI,UCzDyC6JMEXEufozffWzI9Mg,2026-07-25 04:00:08,86667,1099,63,120.0,120.0,0.0,1
fOMv8GOndhg,UCpI-AhCT02iQRGLC2ZcY0Jw,2026-07-19 05:00:03,17787,237,219,120.0,120.0,0.0,0
fOXa_Nsfd0w,UCV7WE8I_UiAN0fa6Arezx_w,2026-08-26 08:00:32,44,1,0,120.0,120.0,0.0,0
fOaGfm-Nm5o,UCQJuZxeDv2P05YHcC-tIEVQ,2026-08-04 01:00:01,19244,419,23,120.0,120.0,0.0,1
fOfi0986G-g,UCmnCuNh2owRLP48nnS3pe2w,2026-08-02 19:57:54,104,0,0,119.79,120.04,0.04,0
fP0LVKsuscg,UCQhIdo5nRQY9DB3uo7vawtw,2026-08-24 07:35:37,1693,55,10,119.92,120.17,0.08,0
fP7hsseqJOs,UCyiKngyUPUb1bka4yFrn65g,2026-07-20 17:20:29,899,8,2,119.91,120.16,0.09,0
fP90qJdDmi8,UC3DYSay178fMMPaf3zHwECA,2026-07-16 08:00:17,231123,9613,99,120.0,120.0,0.0,1
hzeXkVCRsJQ,UCt8CJiye87FMbEwt0npPMuQ,2026-07-12 15:00:22,28754,1570,62,120.0,120.0,0.0,0
hziOtNKsfoY,UCCoU5ViXgoK-_2neelNhQaA,2026-08-26 07:00:30,70582,748,55,120.0,120.0,0.0,0
hznzqc9qXtA,UCAJ-meoCh1TrPZ7La3UpPrw,2026-08-30 13:48:42,378467,2547,140,119.95,120.2,0.05,0
hzqkmrJ2ziE,UCpcTrCXblq78GZrTUTLWeBw,2026-07-20 08:06:09,5870435,40286,193,119.9,120.15,0.1,0
hzuMtBxROK4,UC1FlBAifbZNnQBr_KAxB3_A,2026-08-04 17:39:28,6,0,0,119.84,120.09,0.09,1
i-R0fm8k2H4,UCYjNEoVziojh1ZCum1q0PNQ,2026-08-20 01:15:28,7563,137,22,120.0,120.0,0.0,0
i-UJhN2Xvqk,UC72PuhDwKtZ5MikpGNhPAtA,2026-08-14 00:59:03,46772,1197,18,119.77,120.02,0.02,0
i-b1B9DJsyQ,UCzDmGDR5RdahQkLCBoWlTEg,2026-07-22 22:37:18,27058,79,4,119.88,120.13,0.12,0
i-e4PP8Jwlc,UClFSQxcVutJFEI9nCAOOkgQ,2026-08-29 03:13:15,2060,,21,119.8,120.04,0.04,1
i-i5f3Yg9_Q,UCmZeuRfHYowZhf6odtoaNdg,2026-08-28 14:27:42,181722,909,360,119.8,120.05,0.05,0
i-yHXSiZOnA,UCkrNv6xF8j7QZmWb3UeAH8A,2026-07-24 08:58:21,8676,23,38,119.78,120.03,0.03,0
i-z0W-wtaBM,UCQSEAbOs6vsJfy7WN7iYaGQ,2026-07-31 22:17:19,64463,1322,35,119.96,120.21,0.04,0
i0474jDj-oQ,UCRE-9quk3OT2OKgZFAgdN_g,2026-08-01 15:17:22,7522,72,20,119.96,120.21,0.04,0
i075-9MOV4Q,UCKVt3arMXfa6XZezR1UnjqQ,2026-08-28 09:00:21,26101,102,3,119.76,120.01,0.01,0
i0BuyG0ZSSQ,UCw1DsweY9b2AKGjV4kGJP1A,2026-07-11 09:20:29,36055,218,23,119.91,120.16,0.09,1
i0VCIjISBTk,UC_9W6Z5Y3lDpLk47Y_y5ITQ,2026-08-23 01:14:35,34253,380,75,119.77,120.02,0.02,0
i0n5WqqwYtI,UC-Pn1i_ot4qmG4l7wMZPvyw,2026-08-04 09:00:17,5242,105,54,120.0,120.0,0.0,0
i0tnTA_7k1g,UCby0vMKcLR05ZdS90aZd5og,2026-07-19 16:32:52,4087,8,0,119.95,120.2,0.05,1
i0wqRJPQtS8,UCpI-AhCT02iQRGLC2ZcY0Jw,2026-08-29 02:38:24,39483,281,284,119.87,120.12,0.12,0
i0xAKPICfwE,UCOTJtP0Z9DjpPU43B5m1V6A,2026-08-26 12:14:38,137502,1123,140,119.77,120.02,0.02,0
i16tdFgbhhg,UCgvtwZJPhSfbKOxh3EoVXng,2026-08-06 11:47:12,25,1,0,119.96,120.22,0.04,0
i16xV4ULpi4,UCrY2B2XX41ReYh9DIWrFfCg,2026-08-05 11:04:16,2137,,1,119.93,120.18,0.07,1
i1CLEQmXr5k,UCyAA-Vj4ORjXl5Ui2m6_Llw,2026-08-29 03:00:00,37033,93,18,119.76,120.01,0.01,0
i1FLMCvLZZ0,UCtVBI7YLJyDvrx7iWAukx_Q,2026-08-02 02:00:39,86518,3048,309,119.99,120.24,0.01,0
i1FeLHjAmMY,UCAJ-meoCh1TrPZ7La3UpPrw,2026-08-25 08:30:08,102982,2074,184,119.76,120.01,0.01,0
i1Jt_MR6QDQ,UCgskqxXr-H0mE5VhYviluvQ,2026-08-02 23:20:02,2550,60,1,119.92,120.17,0.08,1
i1WEPTP_Yuk,UC5ScPjbt-a97AJO7SBj6nAg,2026-08-10 08:30:03,65529,2036,289,120.0,120.0,0.0,0
i1XcGoXNsr4,UCPsZX-D7LW99PjZLA-UysPQ,2026-07-31 15:00:06,637,6,2,120.0,120.0,0.0,0
i1alIdycd_E,UCnCeDIkExSpULGqmpj5oafg,2026-08-10 13:41:11,970,15,6,119.82,120.07,0.07,0
i1ftj_ljNHE,UCI3DTtB-a3fJPjKtQ5kYHfA,2026-08-28 01:03:27,3019,2,0,119.95,120.2,0.05,0
i1g--JyJFaQ,UCPGl9DV2WUgaqGVXtVrhJWQ,2026-08-20 15:00:29,7,0,0,120.0,120.0,0.0,0
i1gJoSI0Hh0,UCl402YYy7RcH7PBI3npmGPQ,2026-07-31 03:00:23,103357,456,150,120.0,120.0,0.0,0
i1ijCpZT4us,UCDLDbittWhk2KXvaCT0YpZQ,2026-07-30 09:37:49,31323,1062,78,119.87,120.12,0.12,0
i1nv4lmhotA,UCN8L7Z-dyzu9FzT39RM0fvw,2026-07-21 12:00:40,30961,440,60,119.99,120.24,0.01,0
i1u6tb1hjsE,UCPuD5ZRQWa_JCaY5NokNhtg,2026-08-20 01:04:11,999,11,8,119.93,120.19,0.07,0
i1xS_sG7x54,UCoovEJW0dyTWwHiblWDWvyQ,2026-08-11 23:15:19,16695,179,37,120.0,120.0,0.0,0
i1yTJS2aEDA,UCGW76VChAJKee9kYzvyoycQ,2026-08-17 06:00:35,15395,258,105,119.99,120.24,0.01,0
i1zFMlzL5cs,UCpI-AhCT02iQRGLC2ZcY0Jw,2026-07-27 09:00:28,26030,315,315,120.0,120.0,0.0,0
i22CEc4I8IY,UC5ThQKdocwo_9UurfT5P_ww,2026-08-13 10:21:14,224207,2591,102,119.9,120.15,0.1,1
i2GU0PpXQi0,UCL_IvtOZo6sONpiydbzzHpA,2026-07-30 14:59:56,60990,785,226,120.0,120.0,0.0,0
i2LjuBIs7co,UC2yOBpLVwB7kzt9C5ZPbB7w,2026-08-20 13:00:21,160463,2275,224,120.0,120.0,0.0,1
i2RSwVFIcUA,UCa2liSwjQST4AGcg6LFQakQ,2026-07-30 13:21:51,1141,5,0,119.89,120.14,0.11,1
i2Y_NqX3JuA,UCaY7wcqhFb_c2eQ1eRB8rOQ,2026-08-02 04:00:26,25080,646,189,120.0,120.0,0.0,0
i2ZuZn8EFY8,UCBA9XaL5wCdHnC5EmEzwrqw,2026-07-29 03:08:36,430850,1969,513,119.86,120.11,0.11,0
i2e6Rvkha0g,UCmiTZyj9GwMjyznZxrgCH4Q,2026-07-20 08:18:53,37029,489,65,119.94,120.19,0.06,0
i2oQ8BnqEQc,UCerhqgFd8dnypewC3yjAlbg,2026-08-04 08:03:06,4596,96,18,119.95,120.2,0.05,0
i2tYriwDX4g,UCZ6mNZTiTUrUSbSYPlclI4A,2026-07-25 08:00:34,17982,387,20,119.99,120.24,0.01,1
i3YMp7YyMSU,UCz5LAkkX66OAW-y_WiWf9vA,2026-08-26 07:34:50,32,0,0,119.93,120.18,0.07,0
i3e5v81CS20,UCpI-AhCT02iQRGLC2ZcY0Jw,2026-08-15 09:00:38,28974,367,298,119.99,120.24,0.01,0
i3ev_ouiGzE,UCFQWqbfZ-iEG3K_DRgHwnCw,2026-08-14 15:03:27,238,3,1,119.95,120.2,0.05,1
i3i7OMk3PhA,UCaY7wcqhFb_c2eQ1eRB8rOQ,2026-07-23 10:00:38,12382,905,16,119.99,120.24,0.01,0
i43hV8kkODE,UCQDGJQe8X9tbk_i8Na3VVXg,2026-08-06 03:33:41,192,10,0,119.94,120.19,0.06,0
i4AJp-OQ0uw,UCZ6mNZTiTUrUSbSYPlclI4A,2026-07-26 03:00:06,550,17,7,120.0,120.0,0.0,0
i4BiCbk6fyc,UCdoTrHNHnoRbaQenxK5PEUg,2026-08-15 15:54:29,22,1,0,119.85,120.1,0.1,0
i4NpDD54KJQ,UC_Xb6sEXAdNv9nHU4988vmg,2026-08-16 14:00:15,296641,,1,120.0,120.0,0.0,1
i4ba-RYF3AU,UCkmUJzaZfP7Wsb5-89pAK4Q,2026-08-20 01:52:57,5940,79,0,119.87,120.12,0.12,0
i4xEvo_1Wmk,UCzVXdulvpgEoI8yuFMmhxJw,2026-08-19 12:22:40,82703,5321,118,119.88,120.13,0.12,0
i4yBiXGWCDQ,UCM81CAJ2_Y42-bvK1OQnAAA,2026-08-15 02:30:37,28972,325,187,119.99,120.24,0.01,0
i5Cv5SL-AVA,UCT807kAu6fmwES8B5698e2w,2026-08-18 09:00:24,19415,1496,95,120.0,120.0,0.0,1
i5HW2XnFJAA,UCAGUSx1hbPKDqzBZH7bTjiA,2026-08-07 04:00:36,45480,685,108,120.0,120.0,0.0,0
i5SjjceRE-Q,UCrR_fhiJjoW8OJFzUcmlMMA,2026-07-25 07:00:36,7416,132,51,119.99,120.24,0.01,0
i5mLT-Ew-bM,UCXYNuWjnQRSAXCGl9gv8Ncw,2026-08-30 15:53:51,246717,3721,26,119.87,120.12,0.12,0
i67NVnnAAjc,UCyZtdaxIiGb4wp5AmkEMrwQ,2026-08-29 03:00:39,20794,666,13,120.0,120.0,0.0,1
i67gNVVlAMI,UCPoEVLrQMMXICwULGDwfvug,2026-08-20 13:11:31,30129,309,58,119.81,120.06,0.06,1
i6A6pbN0jLQ,UCq6bX1rAJqwt3LmYuHrDPqg,2026-08-20 00:24:42,8931,19,0,119.84,120.09,0.09,0
i6IVEEL5C04,UCjk9szhhsAO76PdH450mZNg,2026-07-26 14:50:20,134,1,0,119.91,120.16,0.09,0
i6LUahEbD1k,UCvAetSOU_4lyjM5hVMNzN0Q,2026-08-13 07:04:10,9349,130,28,119.93,120.18,0.07,0
i6NzQDvoRpo,UCcstDLbuhxEbFKkPZ6wST2A,2026-08-23 03:00:14,20210,70,23,119.76,120.01,0.01,0
i6PPMJaeVZU,UCV7WE8I_UiAN0fa6Arezx_w,2026-08-13 12:00:38,34,1,0,119.99,120.24,0.01,0
i6TECwE1nuM,UCV6mNrW8CrmWtcxWfQXy11g,2026-08-20 11:00:35,110763,4072,114,120.0,120.0,0.0,1
i6Uvq6VFry4,UCJN5mgLqkPCTVC5v-12gKjQ,2026-08-20 11:00:35,3503,141,27,119.99,120.25,0.01,0
i6gzCcrZIK0,UC0aKwoKNeqBaUwiEXmkQaGQ,2026-08-01 10:30:36,63870,778,351,119.99,120.24,0.01,0
i6ntGs45T1U,UCV7WE8I_UiAN0fa6Arezx_w,2026-07-22 15:00:06,36,0,0,120.0,120.0,0.0,0
i7-WwWNTdzU,UCC1LvVTX2ySKYjeIXkAtvsQ,2026-08-28 11:00:09,194391,572,102,119.76,120.01,0.01,0
i71f0PPFlnA,UC3DYSay178fMMPaf3zHwECA,2026-08-29 04:15:06,37006,415,35,119.77,120.01,0.01,0
i7H77GUaqIU,UCnkytUgy0CtWd06up9CjNxg,2026-08-31 11:00:01,46297,1014,45,119.76,120.01,0.01,0
i7Hnz7dLEV0,UCdK9h1ILxS49c2LguBUY3rw,2026-08-07 11:45:07,7,2,0,120.0,120.0,0.0,0
i7L6ayPRqk4,UCt8CJiye87FMbEwt0npPMuQ,2026-08-02 15:45:31,5340,122,19,119.99,120.24,0.01,0
i7MuIcrzlDY,UCwBkHOTyu57NQi0syf5MLig,2026-08-16 14:00:37,69527,390,41,119.99,120.24,0.01,1
i7N6mj-DXBg,UCeG0ONJtjwE20ThR5iSYdsA,2026-08-12 07:00:06,66709,919,126,120.0,120.0,0.0,0
i7h0ZVja2dA,UCV7WE8I_UiAN0fa6Arezx_w,2026-08-20 23:00:29,34,0,0,119.75,120.01,0.01,0
kaaX3vtW8mc,UCPuD5ZRQWa_JCaY5NokNhtg,2026-08-23 13:47:33,822,5,5,119.97,120.22,0.03,0
kaefvE2Mqp4,UCV2rXchZ5JNpvmSIOVEQ5oA,2026-07-25 10:30:30,51873,158,29,119.99,120.24,0.01,1
kafBhUwWH_U,UC1Ns07Rw0lQK-KuaPHfRRTw,2026-08-07 16:43:48,45,0,0,119.77,120.02,0.02,0
kagZvymBCGM,UCnCFD3met1Ip7OngdF9TRDg,2026-08-19 03:23:15,8648,70,8,119.87,120.12,0.12,0
kai1Yt8GKH4,UCt8CJiye87FMbEwt0npPMuQ,2026-08-27 18:27:27,18916,237,11,119.8,120.05,0.05,0
kapmlO7uyrs,UC3gl4CHfNtAqNjju1goB0_w,2026-08-29 00:13:40,3807,33,16,119.79,120.03,0.03,0
kavFtbx5png,UC0vqyzJ-1l3AJl3IkKu0bhQ,2026-08-02 02:28:38,211,4,2,119.77,120.03,0.03,0
kb-RA5-9MMA,UCV6mNrW8CrmWtcxWfQXy11g,2026-08-30 10:00:21,381096,9461,65,119.76,120.01,0.01,1
kb8FpCO3WrU,UCxPMcxq7WJ32M3lnFn58Cpg,2026-07-26 10:34:20,1731,6,1,119.93,120.18,0.07,1
kbDFByYkeBA,UC-S8JFhLkQ5enhB70c2CYIw,2026-08-14 11:00:31,143555,3445,254,119.99,120.24,0.01,0
kbJr_vfM6yg,UCqVkQsNin4MdGFrWvzFVOKw,2026-08-22 15:48:32,19028,477,0,119.95,120.2,0.05,0
kbKHlxujrXs,UCUPa-gJcbYG9Ql8b9H9FBbg,2026-08-24 08:45:34,4390,38,13,120.0,120.0,0.0,0
kbWTkPqQpKA,UCq0fwcojiA7ztN0FgTEgfXA,2026-08-09 08:27:50,84,2,0,119.79,120.04,0.04,0
kbiF9D-RGzE,UCDq6CfnZgtnqXEwG8tqvBfA,2026-07-14 10:48:48,63,1,0,119.94,120.19,0.06,0
kbnbH2R6H_U,UCHeg3ApmuXQbqqszaD1fR9g,2026-08-07 02:00:36,7812,145,7,119.99,120.24,0.01,1
kbrqH-mOjFQ,UCyfvCj_x8SzzSbhqr--dhvg,2026-07-27 04:02:57,16,1,0,119.95,120.2,0.05,1
kbvkSzFvWR8,UCPpSXwAg3hkSpa85Ah-dpgA,2026-08-22 00:00:28,1817,54,8,119.75,120.01,0.01,0
kcFQ7RC-v4c,UCzDyC6JMEXEufozffWzI9Mg,2026-08-11 04:00:04,47123,924,54,120.0,120.0,0.0,1
kcLhXimR7NA,UCPsZX-D7LW99PjZLA-UysPQ,2026-08-10 09:00:21,254,1,0,120.0,120.0,0.0,0
kcO8MWzixG4,UCCd3jyJmOFzkJEMj5Bp89rw,2026-07-21 23:00:35,4267,204,2,119.99,120.24,0.01,1
kcUbYM69aas,UCKVt3arMXfa6XZezR1UnjqQ,2026-08-31 09:00:09,7812,39,2,119.76,120.01,0.01,0
kcbzxcXshtY,UCg5Ew4lj74r_ohbc4AeQj1w,2026-08-01 04:52:45,18611,563,85,119.87,120.12,0.12,0
kd3ZTmI9xc0,UCqlcSsDNMYxEsem7bWY-66Q,2026-08-04 09:03:01,11717,405,24,119.95,120.2,0.05,0
kdA9RZZihIA,UCWZqSCSNZT3X8e_HyCJoXMg,2026-07-18 12:56:46,67210,2731,42,119.81,120.05,0.05,1
kdB5jvslxbc,UCN5oT4zGJX-_H6pE5isAEeg,2026-08-17 22:00:32,720036,14923,773,119.99,120.24,0.01,1
kdOBKYH-vAA,UCJmnOEp1-OITEU0mk4icM5A,2026-07-26 02:00:35,50653,690,207,119.99,120.24,0.01,0
kdOtwcY3Aww,UCah0w9n_eAyjUBG7eHbj8vw,2026-08-28 02:20:19,218127,1152,300,119.92,120.17,0.08,0
kdV3buPrOeE,UCFiHjGyrJux8Rt4e6mUPU-w,2026-08-12 17:29:55,20314,742,288,120.0,120.0,0.0,0
kdWG9tJBBAE,UCvAetSOU_4lyjM5hVMNzN0Q,2026-08-06 16:40:06,61449,454,55,119.83,120.08,0.08,1
kda1eNo1CpI,UCMZFHqDjg1IE5kzm9fZBOFw,2026-08-09 17:46:28,12967,37,0,119.98,120.23,0.02,0
kdaUKslOCMk,UC_m_uqd_9s0hZvlgfvCzqbQ,2026-08-11 13:46:13,167,0,0,119.98,120.23,0.02,1
kdjvFSsLaSw,UCBidluUUxzT_5jVOI_2x2MQ,2026-08-05 03:00:08,1042,3,0,120.0,120.0,0.0,1
kdq9RWzWqLo,UCjsqgRBvkn8XadWraSQxTKQ,2026-08-02 01:25:58,226,4,0,119.82,120.07,0.07,0
kdu_vtYReLM,UCbItyvYa6cqvqtwlU2E9-wA,2026-08-02 20:43:24,6729,418,18,119.78,120.03,0.03,0
keHBN2a55IY,UCZ6mNZTiTUrUSbSYPlclI4A,2026-07-23 05:09:03,103194,2550,120,119.85,120.1,0.1,1
keJCtu47sDM,UCab17MxxnFtAhGsJVTkSkCg,2026-07-27 11:20:47,798,18,2,119.91,120.16,0.09,0
keSLq2XZv-8,UCQzgMwT5Q6x-Mtq65HRS_0Q,2026-08-05 10:11:20,2860,52,7,119.81,120.06,0.06,0
keTD6rhpSY0,UCV6mNrW8CrmWtcxWfQXy11g,2026-08-24 02:00:02,626809,14427,90,119.76,120.01,0.01,1
keY1VdIf1Ys,UCPuD5ZRQWa_JCaY5NokNhtg,2026-08-12 09:08:05,496,3,4,119.87,120.12,0.12,0
ke_KEOUsRYU,UCbFLnCfOet-u_kFyA7uX-9Q,2026-08-03 15:00:22,107559,1121,117,120.0,120.0,0.0,1
keol6PkGEdE,UCFrKhWvZ8oeJQTNP5ZabgJw,2026-08-08 11:16:59,158151,1606,243,119.97,120.22,0.03,1
kf1Ia1vMHRA,UCmnCuNh2owRLP48nnS3pe2w,2026-08-24 21:41:30,73,0,0,119.82,120.07,0.07,0
kf3_0UWhSwM,UCsYhDrv21N78Yt5wCQL_soA,2026-08-14 01:00:32,46686,647,23,119.99,120.24,0.01,1
kf7xoif71us,UCABvetlXpdOwFz10fCpJkwQ,2026-07-10 09:00:11,126307,1285,300,119.76,123.62,0.24,0
kfaIxWQQxKs,UCHCeN9BUgogMGrHBC6zKYvA,2026-08-12 02:44:47,4880,95,31,119.76,120.01,0.01,0
kfjoJvPLFF0,UCpn9dP1b5BhBsU9SduEz1hA,2026-07-13 03:15:06,9148,125,6,120.0,120.0,0.0,1
kfk3TU2ZUVU,UCpcTrCXblq78GZrTUTLWeBw,2026-08-02 21:30:10,92210,1970,40,120.0,120.0,0.0,1
kfwajAxeIkc,UCuXE-MdbuaZcPt_2J2kSsSQ,2026-08-09 08:35:06,95,1,1,119.92,120.17,0.08,0
kgd9juupByc,UC2WBkFH1nHcO6aFLWo6sZQg,2026-07-30 13:48:10,1492,23,0,119.95,120.2,0.05,0
kgemlTIVEsE,UC0PMQXAwF6O6aeTpv962miA,2026-08-27 12:21:29,58500,765,112,119.9,120.15,0.1,0
kgqMKwz4PKo,UCJDXc9JWCZo-nLNKr_-L2Ng,2026-07-29 16:00:31,2870,105,10,119.99,120.24,0.01,0
kh2KUy7LIOc,UC_Xb6sEXAdNv9nHU4988vmg,2026-08-21 12:00:28,49612,,2,119.75,120.01,0.01,1
kh9ySNS5AR0,UCBS4sjbGJIcclT-Y6i_Jzkg,2026-07-30 19:40:39,10924,453,4,119.83,120.08,0.08,1
khU1-nOPq1o,UC-2wa6jvprl7hfCpvw0ULzg,2026-07-15 08:00:33,17341,651,39,119.99,120.24,0.01,1
khYSnkO1eMA,UC3hCAmwyYNgRuOOSFV7evVA,2026-07-25 10:00:10,14224,123,23,120.0,120.0,0.0,0
khbHo5GTbbM,UC0FUMakBJHsRrfKCGQuWnRA,2026-08-26 13:36:10,34968,254,83,119.91,120.16,0.09,0
khfUQ8NJFAE,UCcstDLbuhxEbFKkPZ6wST2A,2026-07-25 09:00:36,19327,66,22,119.99,120.24,0.01,0
khypqQal_M8,UCBA9XaL5wCdHnC5EmEzwrqw,2026-07-14 11:11:14,267289,1122,271,119.81,120.06,0.06,0
khzWdFQWMxw,UCV6mNrW8CrmWtcxWfQXy11g,2026-08-16 00:00:31,25533,1126,63,119.99,120.24,0.01,1
ki2RzSv_b4s,UCXS55IczImEf64aU16NzKlg,2026-08-31 01:30:19,203,2,2,119.76,120.01,0.01,0
ki4Y6YsdWKw,UCVWAdUQGUiY2Kzh0JoB5PtQ,2026-07-23 10:18:43,73,1,2,119.94,120.19,0.06,0
kiV3rE0lmkg,UCMo4MnhHhSDkiUIXS6dytTQ,2026-08-02 16:09:02,6264,146,1,119.85,120.1,0.1,0
kibzb4zITXc,UC9DNu8JRIcE-rpo9eBx1ffw,2026-08-01 06:32:50,6594,27,4,119.96,120.21,0.04,0
kjGpIZMR_Co,UCqVkQsNin4MdGFrWvzFVOKw,2026-08-01 05:45:24,7389,163,0,120.0,120.0,0.0,0
kjQzSYjUdYM,UCAenntxQB3F7AH637vySglg,2026-07-30 13:30:10,133,3,1,120.0,120.0,0.0,0
kjYH_MXWkwg,UCCvEN8bTeF8Z2jcN513T1Gg,2026-07-12 11:07:36,76330,1137,34,119.87,120.12,0.12,0
kjcqAwR-D8c,UCgLFbrC7-g0ihBKB0obVPTg,2026-08-19 15:17:56,93,2,0,119.96,120.21,0.04,0
kjfu9NMyE_o,UCzSODDx0zQF3nxXOZISCm_w,2026-08-07 10:00:14,244,0,0,120.0,120.0,0.0,0
kjpyXv5TkFE,UCPI40-XQA9-GBGj2k8PPqfg,2026-08-02 08:50:28,68055,1031,107,119.91,120.16,0.09,0
kjyD_ySSp_I,UCEGtfhdJiRgH98mVMEQZThQ,2026-08-20 10:30:12,7638,49,19,120.0,120.0,0.0,0
kk52cclWg5w,UCN8L7Z-dyzu9FzT39RM0fvw,2026-08-15 01:15:20,28146,447,103,120.0,120.0,0.0,0
kkGrg87vaE0,UCarBV0zWlC2k-HteyeKqfag,2026-08-11 19:11:20,9020,55,0,119.81,120.06,0.06,0
kkRjQg_3RFs,UCAl4HWznMn7KhKBRFO5eiFA,2026-07-25 11:37:54,47072,167,8,119.87,120.12,0.12,1
kkUwW7I6QQM,UCTbwgCCBrI-4XU8b5B0uGPg,2026-08-21 03:00:12,373664,3886,146,119.76,120.01,0.01,0
kk_prMAmIX4,UC5Yx9RlmznXDUEIrfoSqheA,2026-08-30 16:30:34,588,2,0,120.0,120.0,0.0,0
kkmCU-pvuto,UCKHx_yf3dI2ajWAjXRJ_9Rw,2026-08-18 20:57:59,409,5,0,119.79,120.04,0.04,0
kksJATFBL-w,UCV7WE8I_UiAN0fa6Arezx_w,2026-07-28 22:00:04,837,0,3,120.0,120.0,0.0,0
kku0859b0HM,UCZ6mNZTiTUrUSbSYPlclI4A,2026-08-14 04:27:28,12507,384,23,119.8,120.05,0.05,1
kl-m-XmbFok,UCTK7GGeH0c9INAEnV2EfD0Q,2026-08-10 03:00:17,5803,159,21,120.0,120.0,0.0,0
kl1tK2JzZzo,UCifCesg-EUkjKyQedaB3hRg,2026-08-28 00:46:02,36143,762,14,119.99,120.24,0.01,1
kl4XWMTVO6M,UCCdcpCa4yiDcCPhFErd7TXA,2026-07-14 07:00:12,190177,3081,114,120.0,120.0,0.0,1
ch0MbsUFo5c,UCAl4HWznMn7KhKBRFO5eiFA,2026-08-15 10:25:17,9346,38,0,119.83,120.08,0.08,1
ch1-ahU81v8,UCGi94VU356EAvQLgODywyrA,2026-08-08 00:08:56,8822,157,0,119.85,120.11,0.11,0
ch8veu7fxCU,UCU0-6z_KU9AShyR9J6gcFGw,2026-07-25 21:11:36,1215,6,0,119.81,120.06,0.06,0
ch9I9UqvyKc,UC5ScPjbt-a97AJO7SBj6nAg,2026-07-28 09:00:15,373004,8244,238,120.0,120.0,0.0,1
chec7ttt8m0,UCV7WE8I_UiAN0fa6Arezx_w,2026-07-16 09:00:37,59,0,0,119.99,120.24,0.01,0
ci1U4aHupCk,UC4cKHOBS-nRfKFTwf1n8HGA,2026-08-09 08:30:17,96,,6,120.0,120.0,0.0,0
ci6n4jGxPcQ,UCrR_fhiJjoW8OJFzUcmlMMA,2026-08-15 06:00:14,4722,87,21,120.0,120.0,0.0,0
ciJC0pPGyU0,UCQhIdo5nRQY9DB3uo7vawtw,2026-08-14 03:47:33,943,36,5,119.96,120.21,0.04,0
ciQ2VXLX_RI,UCFrKhWvZ8oeJQTNP5ZabgJw,2026-08-11 10:10:32,149989,1755,153,119.83,120.08,0.08,1
ciR4I0AQ9Z4,UCc1VJX_5Z2RdGi58XU4IfbA,2026-08-23 12:48:22,2049,103,4,119.95,120.2,0.05,0
ciqU7fWQqfk,UCRpdlPk671uOMiBtf5HtB3Q,2026-08-10 09:53:12,28742,291,98,119.87,120.12,0.12,0
cjBwFvIssCE,UCw1DsweY9b2AKGjV4kGJP1A,2026-07-12 12:15:01,319253,2538,269,120.0,120.0,0.0,1
cjBymhkJUhY,UCnCFD3met1Ip7OngdF9TRDg,2026-08-15 02:09:55,7869,117,22,119.84,120.09,0.09,0
cjC3JYc_tnw,UCE-6-bWkikwoP4_ooZNep3g,2026-08-24 22:00:23,22549,725,15,119.76,120.01,0.01,1
cjHVupnLcNA,UCdvY3MgO_BGrNbhbmxQC73Q,2026-07-24 10:11:18,6979,257,89,119.81,120.06,0.06,0
cjXOlTyLykQ,UCtIbfg_6gjbdFqCqAiUcqyQ,2026-07-31 08:00:03,5317,118,9,120.0,120.0,0.0,1
cjbFrYkYTFk,UC3_QWAvQRhPW4CDoQU8acKw,2026-08-13 07:00:26,11737,293,13,120.0,120.0,0.0,1
cjhGkNhDuO0,UCqVkQsNin4MdGFrWvzFVOKw,2026-08-26 15:04:30,26148,363,0,119.94,120.19,0.06,0
cjhRm1FGNy0,UCab17MxxnFtAhGsJVTkSkCg,2026-08-21 09:03:09,5059,73,13,119.96,120.21,0.04,0
cjtzEPkj0GI,UCEuP8zMn3ln3ZqJa85dp9JQ,2026-08-02 08:45:22,24499,677,13,120.0,120.0,0.0,1
ck1teLocX-s,UCdK9h1ILxS49c2LguBUY3rw,2026-08-13 11:45:24,10,2,0,120.0,120.0,0.0,0
ckNH_eYeaRo,UCjiPEaapiHbJMoAdi_L8fNA,2026-07-22 16:30:59,85368,1381,650,119.99,120.24,0.01,1
ckknkR0XhWI,UCPGl9DV2WUgaqGVXtVrhJWQ,2026-07-28 14:41:14,8,0,0,119.81,120.06,0.06,0
cky2ovd1VlQ,UCaCFlaIQAmiU_mLnZq5E-tA,2026-07-14 22:07:20,1197,15,5,119.88,120.13,0.12,0
cl18yOLI1wU,UCjk9szhhsAO76PdH450mZNg,2026-08-16 05:36:10,0,0,0,119.9,120.15,0.1,0
clIlSv6ac88,UCOTJtP0Z9DjpPU43B5m1V6A,2026-08-23 13:00:23,127738,518,62,120.0,120.0,0.0,0
clO5VC45vEo,UCZ6mNZTiTUrUSbSYPlclI4A,2026-08-18 04:48:24,31709,683,46,119.95,120.2,0.05,1
clPBh8MZAmE,UCM81CAJ2_Y42-bvK1OQnAAA,2026-08-28 15:55:37,183197,1355,463,119.83,120.08,0.08,0
cljqvw02Gx4,UCt8CJiye87FMbEwt0npPMuQ,2026-07-30 16:00:37,2673,97,3,119.99,120.24,0.01,0
cm0SpGNqIuE,UCSzHok6X5qXEO7cjvVnE62g,2026-08-29 12:00:21,161331,1750,51,119.76,120.01,0.01,0
cm5Dvb8_lqo,UCX11f6rIVaoWGvFnKKyPBNQ,2026-08-23 18:34:18,20089,661,66,119.94,120.19,0.06,0
cmAJz5Blgcg,UCim7oePrB5hdfhcYwgUY6Jw,2026-08-30 13:00:09,23626,59,30,119.76,120.01,0.01,0
cmDxWhJ_3Qo,UC2t5bjwHdUX4vM2g8TRDq5g,2026-08-07 16:00:39,27578,677,63,119.99,120.24,0.01,0
cmJJAzWaraA,UCgO8sNnksVuKcuTVTQKSK3A,2026-08-18 09:00:13,51955,591,100,119.76,120.01,0.01,1
cmYEeTl2a1o,UCJA6MZLzTeljmGNFaugdoWQ,2026-08-21 07:00:20,1096,7,4,119.76,120.01,0.01,1
cmcQIPKYEsg,UCww3MeqGQnIatVvEr3pSjhA,2026-08-15 04:18:49,15764,397,32,119.94,120.19,0.06,0
cmgYRSJ0VTM,UC2yOBpLVwB7kzt9C5ZPbB7w,2026-08-08 04:00:14,64449,863,27,120.0,120.0,0.0,1
cmmYZwDbeFc,UCIOY-akTwtohcU0QB5ksjaA,2026-08-16 23:55:47,376,,0,119.82,120.07,0.07,0
cmmnMvs5XMk,UCC1veMJY2wElX0lpYOoNB1Q,2026-07-27 11:03:16,1806,30,9,119.95,120.2,0.05,0
cn1F4jxCMxE,UCRCK5FCJtomQT3b88jXI_DA,2026-08-25 01:26:20,7090,,,119.82,120.07,0.07,0
cn6cHSxuNYQ,UCEebX3m88Arwc91LPmEmTYQ,2026-08-10 22:42:44,36714,3339,33,119.79,120.04,0.04,0
cnJTOHjhPFU,UCkd3KAYGnTNPJZZrPOFeWhA,2026-08-22 07:02:45,93859,310,128,119.97,120.22,0.03,1
cnQzOVkML4I,UCp6n8d8Y8r3MwKNw_MMaouQ,2026-07-24 12:16:16,4099,265,6,119.98,120.23,0.02,1
cnXmvXwSOw4,UCikKJvpU0Ylua4hRW6faQRg,2026-08-07 20:14:04,1953,37,0,119.77,120.02,0.02,0
cnc5uRSNtzU,UCt8CJiye87FMbEwt0npPMuQ,2026-08-24 13:30:19,5230,281,30,119.75,120.01,0.01,0
cnd6NDikwfk,UCL2ZLyAV0H9Pvi46W7TGdHQ,2026-07-27 13:00:19,446415,4052,89,120.0,120.0,0.0,1
cnpLnPGakDc,UCBTsPtRCh6ln3IRQFjhjh1A,2026-08-09 04:17:18,34629,144,7,119.97,120.22,0.03,1
coCZF9AQDik,UC_Xb6sEXAdNv9nHU4988vmg,2026-08-08 10:00:17,41401,,0,120.0,120.0,0.0,1
coDuYTm1fvM,UCrR_fhiJjoW8OJFzUcmlMMA,2026-08-07 07:00:33,8880,63,34,119.99,120.24,0.01,0
coOaDM94-WU,UC_E_qYfGKM3C0kqrp1p8z7Q,2026-08-16 17:00:28,387,9,3,119.99,120.24,0.01,1
coSD4Xt9hFg,UCNmN3W2H0r5_hV2drzbEn7Q,2026-07-17 11:06:06,37246,101,1,119.9,120.15,0.1,0
coSvLmOGP08,UCPN9TrChCye1s97iEUOsIeA,2026-08-05 07:00:13,1115,8,0,120.0,120.0,0.0,1
coZa8bCa3-Q,UCyZXLzORHoh9QMwA7IwS0pA,2026-08-03 13:33:27,626,11,0,119.95,120.2,0.05,0
comCUIYzwoE,UCQDGJQe8X9tbk_i8Na3VVXg,2026-07-29 05:16:17,79,3,2,119.98,120.23,0.02,0
cp-QfFRE49A,UCFrKhWvZ8oeJQTNP5ZabgJw,2026-08-08 07:20:11,148922,1158,176,119.92,120.17,0.08,1
cp1vWSHVink,UCq6bX1rAJqwt3LmYuHrDPqg,2026-08-20 09:08:57,164814,1063,256,119.86,120.11,0.11,0
cp3b1QUnSaE,UC699Y51pMl0wWLPA4atcZjQ,2026-07-18 02:00:04,11444,242,51,120.0,120.0,0.0,0
cpPiwtgPYtM,UCdQHEqTxcFzjFCrq0o4V7dg,2026-08-25 01:00:27,33268,1857,223,120.0,120.0,0.0,0
cpXl9QxRto0,UCV6mNrW8CrmWtcxWfQXy11g,2026-07-23 00:00:32,140626,4795,269,119.99,120.25,0.01,1
cpcpxTDYvEg,UCirJgPv8RtFaFMj39b6cD8Q,2026-07-28 09:00:04,20497,224,2,120.0,120.0,0.0,1
cpevc9JZv7Q,UCUt2AEhC-OOC2EPCzj4DkCw,2026-08-21 23:00:29,16733,258,10,120.0,120.0,0.0,1
cpresUmrbGc,UCQ5KMP03ifjJ8mDeyjWeZ7g,2026-08-08 09:19:30,5568,90,25,119.93,120.18,0.07,0
cpvocK8UXWU,UCGa52d8Qlv3THghuCAt_nXA,2026-08-18 08:30:32,3716,58,8,120.0,120.0,0.0,0
cqGFfip0bCI,UCpcTrCXblq78GZrTUTLWeBw,2026-07-15 23:00:12,780574,6252,374,120.0,120.0,0.0,0
cqIx144zQSU,UCpcTrCXblq78GZrTUTLWeBw,2026-08-28 13:30:00,72363,631,37,119.76,120.01,0.01,0
cqNg1MujGDA,UCNmN3W2H0r5_hV2drzbEn7Q,2026-07-23 14:32:26,17486,103,2,119.96,120.21,0.04,0
cqRldTxH8eE,UC9otskL_kd-0CDib_5Lj-mQ,2026-07-30 05:00:15,2464086,2669,52,120.0,120.0,0.0,0
cqSu58AEMpE,UC3pTpoDKt17IrCDH60kSNPA,2026-08-27 07:45:12,42122,137,56,119.76,120.01,0.01,0
cqWIWRRWRmk,UChKYbZ9fSz8DMM6wU-t1lMQ,2026-08-10 10:35:12,31911,731,21,119.92,120.17,0.08,0
cqjpvkkPVxk,UCKVt3arMXfa6XZezR1UnjqQ,2026-08-15 09:00:26,4117,56,2,120.0,120.0,0.0,0
cr-la-BlMlI,UCab17MxxnFtAhGsJVTkSkCg,2026-07-26 14:20:47,5539,21,1,119.91,120.16,0.09,0
cr2NLlCiNrA,UCV7WE8I_UiAN0fa6Arezx_w,2026-08-13 17:00:11,40,1,0,120.0,120.0,0.0,0
crDIuq6ZkUI,UCN8L7Z-dyzu9FzT39RM0fvw,2026-08-27 07:44:19,21323,154,41,119.77,120.02,0.02,0
crJVN0sq73I,UCzSODDx0zQF3nxXOZISCm_w,2026-07-30 02:30:23,1058,5,0,120.0,120.0,0.0,1
crPEO7pKr-M,UCv1tOT645xHOJrwdGlzjMaA,2026-08-07 13:37:02,37472,454,130,119.89,120.14,0.11,0
crRFk5FClfk,UCPuD5ZRQWa_JCaY5NokNhtg,2026-07-27 05:35:20,1065,8,3,119.92,120.16,0.08,0
crZXU_0ynnA,UCvagJYsZ_uvB3jJoNwuimZQ,2026-08-01 10:46:29,5311,8,0,119.98,120.23,0.02,0
crt0TtIoMLE,UCv1tOT645xHOJrwdGlzjMaA,2026-08-09 13:00:27,58282,683,28,120.0,120.0,0.0,1
cruR1sZEIxA,UCPuD5ZRQWa_JCaY5NokNhtg,2026-08-28 11:42:44,1784,17,3,119.8,120.05,0.05,0
crx9gg17RJg,UC4cKHOBS-nRfKFTwf1n8HGA,2026-08-12 15:35:26,53,,1,119.91,120.16,0.09,0
cs8r5NKjOSo,UCAl4HWznMn7KhKBRFO5eiFA,2026-07-24 10:00:08,2045,10,1,120.0,120.0,0.0,1
fPARM7eqRag,UCjk9szhhsAO76PdH450mZNg,2026-08-17 13:33:20,2568,1,0,119.95,120.2,0.05,1
fPDBJEx9x7E,UC2yOBpLVwB7kzt9C5ZPbB7w,2026-08-20 04:00:36,39123,693,22,120.0,120.0,0.0,1
fPYztQH1j-M,UCcJ_oPUSkS_h96_PuizxMGA,2026-08-31 05:31:55,219,6,7,119.98,120.23,0.02,0
fPZP9JCLwOQ,UCT807kAu6fmwES8B5698e2w,2026-08-04 09:00:05,22913,1925,145,120.0,120.0,0.0,1
fPqNCfTw808,UC141BuVRzSSXJX33Am9yxEA,2026-07-31 09:15:14,37677,638,53,120.0,120.0,0.0,0
fQ4F59ZBC44,UCpCBP5cVIBvezPI1LKFMYjA,2026-07-18 09:00:12,26701,829,23,120.0,120.0,0.0,1
fQ6HMLpd4AE,UCPGl9DV2WUgaqGVXtVrhJWQ,2026-07-12 15:00:06,6,0,0,120.0,120.0,0.0,0
fQCoNFIKC9s,UCAl4HWznMn7KhKBRFO5eiFA,2026-08-07 06:16:18,45833,275,26,119.98,120.23,0.02,0
fQEzsBWpAKA,UC3kVT7zilzGf_7fIEkc4dDA,2026-08-14 10:00:06,23822,663,94,120.0,120.0,0.0,0
fQIAiMq-7tg,UCV6mNrW8CrmWtcxWfQXy11g,2026-08-28 10:00:31,317416,7301,67,120.0,120.0,0.0,1
fQKgUmtwi7A,UCZX4g_FvyOfyTIKxbMfKfIg,2026-08-16 15:33:09,11319,205,3,119.95,120.2,0.05,0
fQLK-PpGqqg,UCcsC1X0SyiWcxBTbnjoZ9Ag,2026-08-28 10:05:37,8959,26,14,119.92,120.17,0.08,0
fQbf8-9CAPM,UCDmmbxGg8g-EBkC_ku6vybg,2026-07-14 10:00:38,16354,799,85,119.99,120.24,0.01,1
fQqRGlMFhfo,UCUae69frfqpKOB3BUMdX5Qw,2026-07-22 03:30:17,89297,852,78,120.0,120.0,0.0,1
fQy6vkIDfis,UCvAetSOU_4lyjM5hVMNzN0Q,2026-07-16 07:04:00,9964,100,26,119.93,120.18,0.07,0
fR-aqPqrD9c,UCuWDza8A_ntbjwBZgW0ZSNw,2026-08-08 03:00:20,120245,1886,151,120.0,120.0,0.0,1
fR7yhg3Sy14,UCifCesg-EUkjKyQedaB3hRg,2026-08-01 02:27:38,8078,113,13,119.79,120.04,0.04,0
fRAoMAgzVVI,UCwBkHOTyu57NQi0syf5MLig,2026-08-01 14:44:05,103198,895,148,119.77,120.02,0.02,0
fRp6s3slCE4,UCnju7ULBic4VgkCfDvVXCnA,2026-08-15 22:48:19,2685,93,0,119.95,120.2,0.05,0
fRwbDUlk7F4,UCAl4HWznMn7KhKBRFO5eiFA,2026-08-10 10:00:07,44105,277,23,120.0,120.0,0.0,0
fSAaWIwVU0k,UCPGl9DV2WUgaqGVXtVrhJWQ,2026-08-27 15:00:38,42,1,0,120.0,120.0,0.0,0
fSCJjINxurU,UCq0fwcojiA7ztN0FgTEgfXA,2026-07-31 04:23:52,92,0,0,119.85,120.1,0.1,0
fSNITGWB9u0,UCJj2vuQIpFnk5pbTAtCi3yw,2026-08-20 04:04:44,152810,1164,43,119.93,120.17,0.07,1
fSNtwKZ5rnQ,UCpcTrCXblq78GZrTUTLWeBw,2026-08-01 05:30:35,605999,10090,114,119.99,120.24,0.01,1
fSPsbj4KUfY,UC4VWaR3R17Ruc7j1Cy1-PKQ,2026-07-25 09:34:32,2444,17,4,119.93,120.18,0.07,0
fSXo8bHTdSA,UCBtJuwDt6LlXp2YASC-ZMdA,2026-08-15 10:00:17,340,2,0,120.0,120.0,0.0,1
fS_kRs-QMtE,UCvPDPTxTLitVEyGu4Xt6m8g,2026-08-20 11:29:05,22300,200,14,119.77,120.02,0.02,0
fSef6NORzL0,UCaHIZAKows704_gk6bjdAog,2026-08-30 09:45:13,61446,465,144,119.76,120.01,0.01,0
fSfhCkpIr_o,UCPuD5ZRQWa_JCaY5NokNhtg,2026-08-13 16:04:05,595,9,2,119.93,120.18,0.07,0
fSgS7bSt8NI,UCABvetlXpdOwFz10fCpJkwQ,2026-08-25 22:33:50,55755,688,276,119.95,120.2,0.05,0
fSk_Pl3ZBP8,UC2yOBpLVwB7kzt9C5ZPbB7w,2026-08-03 20:00:35,402384,4645,374,119.99,120.24,0.01,1
fTEGfuN9UeM,UCoH2pCzAr6zWDG-LtUiLWRw,2026-07-25 23:00:35,23893,283,70,119.99,120.24,0.01,0
fTIn9uRiH9s,UC2yOBpLVwB7kzt9C5ZPbB7w,2026-08-30 07:00:18,174630,2402,250,119.76,120.01,0.01,1
fTUM6zq_5j0,UCN5oT4zGJX-_H6pE5isAEeg,2026-08-12 03:00:17,493647,6194,523,120.0,120.0,0.0,1
fTVs14GY34w,UCV7WE8I_UiAN0fa6Arezx_w,2026-07-14 21:00:31,137,0,0,119.99,120.24,0.01,0
fTVz1rpLIE4,UC3gl4CHfNtAqNjju1goB0_w,2026-08-08 09:00:05,58418,1663,220,120.0,120.0,0.0,0
fTWsRjsscWg,UCYooECrv-fIXlPaDwEIaveA,2026-08-04 09:00:18,63430,2826,75,120.0,120.0,0.0,1
fTh0CvBv5BA,UCzDmGDR5RdahQkLCBoWlTEg,2026-08-29 11:52:21,3593,18,1,119.89,120.14,0.11,0
fTjEek8QbsY,UCqVkQsNin4MdGFrWvzFVOKw,2026-08-04 03:48:19,1323,41,16,119.95,120.2,0.05,1
fTv43lVx3X0,UCab17MxxnFtAhGsJVTkSkCg,2026-08-05 09:48:10,811,17,1,119.95,120.2,0.05,0
fU7i2BbKMic,UCv1tOT645xHOJrwdGlzjMaA,2026-08-22 10:11:08,16349,193,65,119.83,120.08,0.08,0
fUBT2VgtkwU,UCJDXc9JWCZo-nLNKr_-L2Ng,2026-08-08 18:55:12,3554,123,6,119.83,120.08,0.08,0
fUegZcoHSrw,UCBtJuwDt6LlXp2YASC-ZMdA,2026-08-23 02:00:21,1421,12,2,119.76,120.01,0.01,1
fUhQaw8Zgco,UCirJgPv8RtFaFMj39b6cD8Q,2026-07-23 09:00:37,8173,55,0,119.99,120.24,0.01,1
fV1IqCDoVxk,UCBA9XaL5wCdHnC5EmEzwrqw,2026-07-28 08:05:57,314279,1396,320,119.9,120.15,0.1,0
fV2Qaaxn1rA,UCvjzWMh2bihwlIN-WRtddkg,2026-07-29 09:00:33,1725,32,5,119.99,120.24,0.01,0
fV7DFP8eMks,UC543-TDm6IvHHZXwdSFioMw,2026-07-24 11:30:34,10438,31,0,119.99,120.24,0.01,1
fVLWfnRYubA,UCUt2AEhC-OOC2EPCzj4DkCw,2026-07-14 08:00:01,7345,165,41,120.0,120.0,0.0,0
fVQdwUnRjNI,UC5ThQKdocwo_9UurfT5P_ww,2026-08-12 12:56:04,225648,2904,77,119.82,120.07,0.07,1
fVV0pVsAKeQ,UCpcTrCXblq78GZrTUTLWeBw,2026-08-17 16:00:15,296397,1355,80,120.0,120.0,0.0,1
fVdKKoZvl2g,UCoSniqkitCpxlHrQd5L8A1w,2026-08-27 08:31:03,8349,82,5,120.0,120.0,0.0,1
fVtXdXU8xFA,UCBtJuwDt6LlXp2YASC-ZMdA,2026-08-23 09:00:32,1330,13,0,119.75,120.01,0.01,1
fVwG6wKkPzo,UCyU5JQ8KVRD9jE4E_xLsHxw,2026-08-24 09:00:01,69,1,0,119.76,120.01,0.01,0
fW17Q-Lgkng,UC2yOBpLVwB7kzt9C5ZPbB7w,2026-07-24 20:00:07,60631,1046,26,120.0,120.0,0.0,1
fW21hgNeTWI,UCpcTrCXblq78GZrTUTLWeBw,2026-07-14 07:30:11,155365,976,54,120.0,120.0,0.0,0
fW2NIBpLnRs,UCl-VnCUwSxDr5zPu-YlDUYw,2026-08-19 08:00:33,349202,5013,53,120.0,120.0,0.0,1
fW70aeq2eDg,UCw1DsweY9b2AKGjV4kGJP1A,2026-07-11 12:10:02,127611,644,47,119.83,120.09,0.09,1
fWHOTCW241Y,UC-FiQR2gg8oiNw98ZdsSX6Q,2026-07-24 18:00:24,1913,12,0,119.99,120.24,0.01,1
fWSPE6xMWhw,UCbFzvzDu17eDZ3RIeaLRswQ,2026-07-26 11:42:39,991889,11001,953,119.79,120.04,0.04,0
fWlvcaruASE,UC9qwDE50UcXvdplRNZKEoPA,2026-08-21 07:00:35,26529,898,64,119.75,120.01,0.01,1
fWruB1ovkYM,UCUt2AEhC-OOC2EPCzj4DkCw,2026-08-20 10:00:08,8506,159,19,120.0,120.0,0.0,0
fX1je-CygrI,UCzDmGDR5RdahQkLCBoWlTEg,2026-08-31 03:00:28,14970,84,8,119.75,120.01,0.01,1
fX5i2OBxM0Y,UChlB4CtWBXx_C0ayk799nRw,2026-08-28 00:27:55,66,2,0,119.8,120.05,0.05,0
fXBtedV096U,UCElXDMEQqlUnuyDbChjARWQ,2026-07-25 05:00:37,85,3,2,119.99,120.24,0.01,0
fXI_cN9kpSY,UCksGX0hODm1Ev6mysrToMqg,2026-07-31 13:45:51,11704,251,17,119.99,120.24,0.01,0
fXK8gSm33m0,UCSfhr4gDPFsKuwdmTOWp2jw,2026-08-24 09:30:28,6494,33,2,120.0,120.0,0.0,0
fXOMCD0oK4s,UCkpKYfb8wM67QnKxBj9bZXA,2026-07-15 17:00:44,8203,119,138,119.99,120.24,0.01,0
fXwqPPPsP-s,UCbvvdVOF0teLO-U6GWh1RKg,2026-07-26 09:03:37,3062,35,55,119.94,120.19,0.06,0
fY-F0V-zGt4,UCV6mNrW8CrmWtcxWfQXy11g,2026-07-27 22:00:11,37304,1977,35,120.0,120.0,0.0,1
fYA_AIIPIx8,UCm6Y-gVqhlhX4FzrJCtsSzg,2026-08-01 03:35:00,250688,3465,426,119.92,120.17,0.08,0
fYI2JfZsWJM,UCAl4HWznMn7KhKBRFO5eiFA,2026-08-16 12:21:13,5628,39,0,119.9,120.15,0.1,1
fYSupCWPdq0,UCJDXc9JWCZo-nLNKr_-L2Ng,2026-08-04 21:30:20,2405,111,11,120.0,120.0,0.0,0
fYb1cqVtCCU,UCrR_fhiJjoW8OJFzUcmlMMA,2026-08-23 02:00:15,8056,61,35,119.76,120.01,0.01,0
fYbdycCpFPg,UCAl4HWznMn7KhKBRFO5eiFA,2026-08-09 12:02:46,33847,126,4,119.96,120.21,0.04,1
fYlUpV_2boc,UCxPMcxq7WJ32M3lnFn58Cpg,2026-07-11 10:28:02,6979,15,30,119.79,120.04,0.04,1
fYyhegCyYKw,UCZPBWThSlgWT0DVaxxUEX4A,2026-08-30 07:14:08,426,3,0,119.78,120.03,0.03,0
fZ0Kpj1LoGY,UC6YqXiwCBfPvPTs3wXgWElQ,2026-08-03 14:14:21,88738,485,48,119.76,120.01,0.01,0
fZ5rYnrELS4,UCFCt5RYu41HTg4eX1jdHNxw,2026-08-15 21:58:16,5922,32,9,119.78,120.03,0.03,1
fZCiTyhG5sA,UCKttwyzsHvW7bCo7YfTacVQ,2026-08-15 00:31:32,24952,377,46,119.98,120.23,0.02,0
fZDOF9SUSTo,UCS-X1uBDTNwAYyydiXjcX9A,2026-08-11 03:12:16,2813,35,4,119.8,120.05,0.05,0
fZQZTkzV4C0,UCPv0av3PfTUeTnHGgcXkk8w,2026-08-21 00:00:22,9,0,0,119.75,120.01,0.01,0
i7k2XboBcPA,UCkrNv6xF8j7QZmWb3UeAH8A,2026-08-06 10:04:33,2174,6,1,119.68,120.18,0.18,0
i7na0UiOM40,UCv1tOT645xHOJrwdGlzjMaA,2026-07-29 10:28:54,58389,1652,34,119.77,120.02,0.02,0
i89-S3iE7zY,UCkphwoGMBs2_0raLOqu9aQw,2026-08-28 12:00:37,307,3,3,120.0,120.0,0.0,0
i8LXfplEHJs,UC-FiQR2gg8oiNw98ZdsSX6Q,2026-07-29 11:00:20,1387,1,0,120.0,120.0,0.0,0
i8sbV1KnPws,UC3pTpoDKt17IrCDH60kSNPA,2026-07-28 04:53:49,902,24,8,119.86,120.11,0.11,0
i8z1NfMBh00,UCO8ToDSM2Gvt3EZdOdosxTw,2026-08-12 06:15:27,9541,166,143,120.0,120.0,0.0,0
i8zppcxi0Cw,UCQePzo3_oRB-6RAzBioc6pg,2026-08-26 07:01:09,8137,70,20,119.99,120.24,0.01,0
i9AwQXBkYtQ,UCgvtwZJPhSfbKOxh3EoVXng,2026-08-02 01:14:32,21,0,0,119.76,120.01,0.01,0
i9BZwJAMfn8,UCirJgPv8RtFaFMj39b6cD8Q,2026-08-22 03:00:29,27274,202,2,120.0,120.0,0.0,1
i9H5fqBgGWk,UCPGl9DV2WUgaqGVXtVrhJWQ,2026-08-21 15:00:36,2,0,0,120.0,120.0,0.0,0
i9IiyLiXb6Q,UC3DYSay178fMMPaf3zHwECA,2026-07-28 08:00:31,42967,1062,47,119.99,120.24,0.01,1
i9c26yfOwtI,UC6YKLXN1w8pyqFwCO0UJ9sw,2026-08-30 03:00:34,350727,7112,137,119.76,120.01,0.01,1
i9fjkmzjjrE,UCwBkHOTyu57NQi0syf5MLig,2026-08-07 12:56:23,112234,601,43,119.81,120.06,0.06,1
i9mhtMiNNaE,UCD8r5Jgns2V64-NcUmXclpg,2026-08-13 03:15:26,75346,428,52,120.0,120.0,0.0,0
iA8FKS1QmYE,UC5ScPjbt-a97AJO7SBj6nAg,2026-08-17 08:30:37,92189,2737,423,119.99,120.24,0.01,0
iAIftQg8y-Q,UCvAetSOU_4lyjM5hVMNzN0Q,2026-08-07 04:00:15,15603,204,44,120.0,120.0,0.0,0
iAJ4nYyTIv4,UCwBkHOTyu57NQi0syf5MLig,2026-08-30 13:49:22,151045,456,109,119.94,120.19,0.06,0
iAJOxRx0Up8,UCN9VGDvz2M3vdR0czEUp6lQ,2026-07-20 22:00:02,3305,92,41,120.0,120.0,0.0,0
iANsaTg6GfA,UCei_ecYpQqFjYhjLaDPr2Lw,2026-08-11 03:08:39,68,20,0,119.86,120.11,0.11,0
iAkF2n1k8_4,UCNNR1-x2NhZARsNGnQlh2sQ,2026-08-29 06:30:13,47172,69,20,119.76,120.01,0.01,0
iAoFeLmAkoc,UCPuD5ZRQWa_JCaY5NokNhtg,2026-08-22 01:43:26,360,8,6,119.79,120.04,0.04,0
iB9F8eKB2xU,UCNu00qhYj4nPeMNdxuwV6sg,2026-08-07 11:38:35,466,54,0,119.86,120.11,0.11,0
iBLfhLpuTw4,UCEcRvF_6IRSux8FO-ogFZug,2026-07-24 16:56:31,7295,528,23,119.81,120.06,0.06,0
iBP0a_uSz7o,UCNrQ0VbdprXAur6OZKexjEw,2026-08-27 08:00:26,85876,687,97,120.0,120.0,0.0,0
iBc0zKgC7iI,UC2yOBpLVwB7kzt9C5ZPbB7w,2026-07-25 20:00:25,191742,2368,137,119.99,120.24,0.01,1
iBcED-9aHMU,UCms8Ge7H1ZGgw6nV94fUhUQ,2026-08-26 09:00:07,154608,514,104,119.76,120.01,0.01,1
iBfFSpKVfJQ,UC4oe-OVZ2Ho-03yrMkrXomQ,2026-08-24 23:00:10,296573,4494,69,119.76,120.01,0.01,1
iBp_1HjMip4,UCv1tOT645xHOJrwdGlzjMaA,2026-08-06 02:00:26,25287,316,6,120.0,120.0,0.0,1
iC89DLlpK8I,UCifCesg-EUkjKyQedaB3hRg,2026-08-03 02:48:24,11419,382,23,119.95,120.2,0.05,1
iCEg8ICIdm0,UC78d2aaqdrt02RfmtRLmlAw,2026-08-27 16:00:10,51230,471,77,119.76,120.01,0.01,1
iChX3EUZXIE,UC6JB_a6rD1lZ_aZgQvORfrQ,2026-07-26 22:30:28,1183,29,18,119.99,120.24,0.01,1
iCi75tF2mF0,UCe-7GwWL1XNlCJyfqBhgrHA,2026-08-03 06:51:34,95926,3514,142,119.89,120.14,0.11,1
iDBpBEG-s8c,UCrfB1-zWijAYkgfZW7Ehc8Q,2026-08-25 08:00:06,39727,1533,33,119.76,120.01,0.01,1
iDSKRvLM6YM,UCgjaQlejpAnIu0q-xtVfTEw,2026-08-14 05:00:04,22667,475,20,120.0,120.0,0.0,1
iDewZjRgKRI,UC9vz3TBChrJmYbzUo-rqfSg,2026-08-22 02:25:04,26463,315,195,119.84,120.09,0.09,0
iDrpF60uUkw,UCh7XUfZEEV3pct5zDjx6OZA,2026-07-31 10:00:15,16889,267,75,120.0,120.0,0.0,0
iDtK1HH5RQI,UCPGl9DV2WUgaqGVXtVrhJWQ,2026-08-20 15:00:36,32,0,0,120.0,120.0,0.0,0
iDtSXtLuf7o,UCFrKhWvZ8oeJQTNP5ZabgJw,2026-08-26 12:30:15,167227,2246,174,119.76,120.01,0.01,1
iDuAcqqBo2Q,UC8C0Yd20ke5XqOiZvMVgM9w,2026-07-24 09:00:37,14580,424,6,119.99,120.24,0.01,1
iEH0XNLAVoU,UCt8CJiye87FMbEwt0npPMuQ,2026-07-12 13:30:11,9270,394,27,120.0,120.0,0.0,1
iEfG5SmoeCw,UCBtJuwDt6LlXp2YASC-ZMdA,2026-08-28 09:00:13,1923,14,0,119.76,120.01,0.01,1
iEidzTW4RYk,UC3hqiw3lZAXaMwhQvMGZkdw,2026-08-14 00:15:07,3194,76,2,120.0,120.0,0.0,0
iEpeCJTlV0o,UCJDXc9JWCZo-nLNKr_-L2Ng,2026-07-26 14:30:35,2234,109,7,119.99,120.24,0.01,0
iEvChuM2cN4,UCaN1Qp37sHiCdQuSaXa3fVw,2026-07-30 02:17:20,150415,1539,156,119.96,120.21,0.04,1
iF6XoJLwC7U,UCdK9h1ILxS49c2LguBUY3rw,2026-08-31 10:45:39,29,1,0,120.0,120.0,0.0,1
iF7XFSD8yjE,UCAhmOb9JWkI2HV_KIe9X_3A,2026-08-03 22:00:21,2761,37,0,120.0,120.0,0.0,1
iFM2ZTS6T4Y,UC141BuVRzSSXJX33Am9yxEA,2026-08-25 08:00:23,49866,509,73,119.76,120.01,0.01,0
iF_AOfyat0U,UCqIwPYLfMd3EoWYwvyTjPnA,2026-08-04 08:00:05,87342,439,68,120.0,120.0,0.0,0
iFdh9ifjtUo,UCYS2NvZlSjrxZfnn1v7b3QQ,2026-07-30 16:06:36,10,1,0,119.89,120.14,0.11,0
iFrFyKCLLXs,UCF-rFAdN7dzd-SI2T3rkCaQ,2026-07-24 10:57:30,6284,64,10,119.79,120.04,0.04,0
iFvCFHYv85U,UCCW6uYIUP4YKKe50k-ktVAw,2026-08-28 08:00:23,60111,1012,58,119.76,120.01,0.01,0
iFvR6Wcjy4I,UCYM01qjjE_hmqFQAmOo-lNg,2026-08-19 14:19:49,541,9,0,119.93,120.18,0.07,0
iFyi25SqVS4,UCt8CJiye87FMbEwt0npPMuQ,2026-07-19 15:00:09,8084,420,20,120.0,120.0,0.0,1
iG0pwGoR8bw,UCJmnOEp1-OITEU0mk4icM5A,2026-08-18 08:30:19,90095,1182,205,119.76,120.01,0.01,0
iGBhbrzRImU,UCV7WE8I_UiAN0fa6Arezx_w,2026-07-15 09:00:09,67,1,0,120.0,120.0,0.0,0
iGPkjQqP3eE,UCN9VGDvz2M3vdR0czEUp6lQ,2026-07-18 02:00:25,1082,25,4,119.99,120.24,0.01,0
iGQp9SbAuLU,UCdT2nXooUR-X_MdmbER25yQ,2026-08-22 00:00:09,15245,418,52,119.76,120.01,0.01,0
iGRqh1CyWXw,UCxPMcxq7WJ32M3lnFn58Cpg,2026-07-25 10:28:29,38204,108,38,119.78,120.03,0.03,1
iGYGpZZjgBg,UCOgXOOKbZRtfQvlggBpN6zw,2026-08-28 14:44:51,1919,20,4,119.76,120.01,0.01,0
iGh3DqjkJ7Y,UCZuT6NXrfZzYbqCG_RWgSgA,2026-07-25 18:32:44,0,0,0,119.96,120.21,0.04,0
iGp9OEWidlY,UCYGF_xk5RDpltyZDSx040uw,2026-08-05 03:06:14,167880,1963,60,119.9,120.15,0.1,1
iGxHIsU4NwE,UCt15X5eHLwyP8PpNtQTkuDQ,2026-08-27 11:58:21,372615,1954,288,119.79,120.04,0.04,1
iH0C9DYtAOQ,UCkpKYfb8wM67QnKxBj9bZXA,2026-08-12 15:00:28,11564,92,16,120.0,120.0,0.0,0
iH0OuIsLPg4,UCwfbSsZ7_sccxcibe60mWlQ,2026-08-26 09:00:30,20040,46,22,120.0,120.0,0.0,0
iH0c5MLKpOI,UC-pobd8lZE33BSDz-iyHfJQ,2026-08-16 00:48:39,2150,13,0,119.94,120.19,0.06,0
iHHL4CGHLOM,UCA9f2-9fUklMMOaz8vKW7Jw,2026-08-20 08:47:14,1239,0,0,119.97,120.22,0.03,1
iHM5Yf-QExo,UC5ScPjbt-a97AJO7SBj6nAg,2026-08-26 09:13:47,180177,5392,123,119.78,120.03,0.03,1
iHR3ml0dy8g,UCaN1Qp37sHiCdQuSaXa3fVw,2026-08-06 07:01:08,527507,9789,294,119.98,120.23,0.02,1
iHUKlYZBJDg,UCIvLQ5lZ2kebqnLaGv_FP4w,2026-08-02 16:34:11,1692,11,0,119.93,120.18,0.07,0
iHUOHoSXBrg,UChLqHuZV0PENIBYxDgXyPLQ,2026-07-17 03:51:16,168432,4003,109,119.9,120.15,0.1,1
iHaa7FV69h4,UCNmN3W2H0r5_hV2drzbEn7Q,2026-07-16 12:25:34,0,0,0,119.83,120.08,0.08,0
iHn8eUnXtAE,UCqIwPYLfMd3EoWYwvyTjPnA,2026-08-24 03:00:10,41745,230,28,119.76,120.01,0.01,0
iI3Z6iCywps,UCfq-5-0b5Lzj7cKCrp6-flA,2026-08-29 08:00:19,26451,723,51,119.76,120.01,0.01,1
iICZX7MuKKk,UCrKSaegnzewdj9-YLsUhoZw,2026-08-21 04:36:12,18735,144,59,119.91,120.16,0.09,0
iIMp79C-cGA,UCWwbZhw5M-Q5dZtTK4nDWNw,2026-07-29 03:00:01,111452,1686,19,120.0,120.0,0.0,0
iIQCJq6kk08,UCt8CJiye87FMbEwt0npPMuQ,2026-07-16 19:15:03,16779,885,62,120.0,120.0,0.0,1
iISysqZSvwk,UC3hCAmwyYNgRuOOSFV7evVA,2026-08-21 10:30:08,75799,287,35,119.76,120.01,0.01,1
iIhyUDn3QN0,UCYooECrv-fIXlPaDwEIaveA,2026-08-23 09:00:09,28674,488,11,119.76,120.01,0.01,1
iIySNGa4qe4,UC8x8GQmlxAIhHxzU61z0uLQ,2026-08-11 03:57:38,10253,55,0,119.79,120.04,0.04,0
iIyk2j4mFyE,UC_m_uqd_9s0hZvlgfvCzqbQ,2026-08-02 03:00:26,155,13,0,120.0,120.0,0.0,0
iJBCMU5__HQ,UCZPfs7xIjGmOGs9kvgGhUKQ,2026-07-19 09:40:10,122,2,0,119.83,120.08,0.08,0
klAlUOoSDl8,UCg7rkxrTnIhiHEpXY1ec9NA,2026-08-16 07:00:15,222001,9132,518,120.0,120.0,0.0,0
klMzqRskVEA,UCnhGcri8x6xhehanhAe9ipw,2026-08-30 10:15:33,309138,1817,245,120.0,120.0,0.0,1
klXC6Evalww,UCwBkHOTyu57NQi0syf5MLig,2026-08-15 04:00:38,54627,494,16,119.99,120.24,0.01,1
klbTDCut-QA,UCV6mNrW8CrmWtcxWfQXy11g,2026-08-11 12:06:32,14112,1092,80,119.89,120.14,0.11,0
klcLKFmz9Kc,UCw1DsweY9b2AKGjV4kGJP1A,2026-08-30 08:00:37,91056,433,48,119.75,120.01,0.01,0
klfq_bZtE0s,UCyU5JQ8KVRD9jE4E_xLsHxw,2026-07-26 09:00:14,23,2,0,120.0,120.0,0.0,0
klwvnGEman4,UCe0loHR-Vltq0GPHgYyzmrQ,2026-08-05 11:25:44,26078,465,71,119.82,120.08,0.08,1
kmO1zjIBZfk,UCKHx_yf3dI2ajWAjXRJ_9Rw,2026-08-18 20:58:03,551,10,0,119.79,120.04,0.04,0
kmT0NOxhaqo,UCTbwgCCBrI-4XU8b5B0uGPg,2026-07-22 10:21:17,75881,1362,22,119.9,120.15,0.1,0
kmUyLOP91r8,UCepHesz_5Lwr7qRaqjB-p1A,2026-07-19 08:32:13,74661,1584,521,119.96,120.21,0.04,0
kmWoMLmyqVY,UCepHesz_5Lwr7qRaqjB-p1A,2026-07-29 07:35:11,45608,995,223,119.92,120.17,0.08,0
kmZ4uYjb5Uw,UCLbehOwlIi6QrfZNhC39t4Q,2026-08-09 10:57:32,83543,3004,773,119.79,120.04,0.04,0
kmjKu9eegGo,UC-okJdotaXPlzivRzHFqzuA,2026-08-27 02:59:10,141070,949,27,119.77,120.02,0.02,0
kmqdSClaLAA,UCgjaQlejpAnIu0q-xtVfTEw,2026-08-30 09:15:10,286424,4963,538,119.76,120.01,0.01,1
kmw6_iXjcV0,UCvAetSOU_4lyjM5hVMNzN0Q,2026-08-11 16:40:34,19474,234,22,119.83,120.08,0.08,1
kn0BRYrOeGI,UCnDcpS7XLQ9KFPqULb9TH8g,2026-08-06 15:00:09,355513,3311,90,120.0,120.0,0.0,1
kn3q7_94cx8,UCzDmGDR5RdahQkLCBoWlTEg,2026-08-17 07:00:27,17856,85,1,120.0,120.0,0.0,1
kn6-lIrR52E,UCGi94VU356EAvQLgODywyrA,2026-08-11 02:31:23,7634,133,4,119.98,120.23,0.02,0
kn9RwymPAKY,UC6NXJtCn3p-actkvBUlHwDA,2026-08-24 23:30:31,24582,111,5,120.0,120.0,0.0,0
knAeVKd4-FY,UCw1DsweY9b2AKGjV4kGJP1A,2026-08-03 08:00:10,6059,25,5,120.0,120.0,0.0,0
knT_lpPJiks,UCAl4HWznMn7KhKBRFO5eiFA,2026-08-25 06:00:45,19485,246,15,120.0,120.0,0.0,1
knlA-aEQmIA,UCKttwyzsHvW7bCo7YfTacVQ,2026-07-23 16:13:04,1906,20,0,119.78,120.03,0.03,0
knzcBEX32SU,UCby0vMKcLR05ZdS90aZd5og,2026-07-19 08:39:03,864,2,0,119.85,120.1,0.1,1
koEQB7xyea8,UCeG0ONJtjwE20ThR5iSYdsA,2026-07-18 04:25:06,49677,847,158,119.83,120.08,0.08,0
koYoiygL-4Y,UCV6mNrW8CrmWtcxWfQXy11g,2026-07-30 02:51:39,32768,756,8,119.89,120.14,0.11,0
koh8ATm109w,UCepHesz_5Lwr7qRaqjB-p1A,2026-08-08 05:00:35,155538,1926,535,119.99,120.24,0.01,0
kohH1BvQBsQ,UC_2x8h1QrTHOO0i4Yiss-ww,2026-08-15 10:00:38,28156,414,9,119.99,120.24,0.01,1
koxgis--Nv0,UCfq-5-0b5Lzj7cKCrp6-flA,2026-07-28 10:20:01,654,24,31,119.92,120.17,0.08,0
kpAxqq_8uQg,UCEJF0q0SqEJ64uA9LCXuSrQ,2026-08-02 08:30:35,7801,108,45,119.99,120.24,0.01,1
kpDn2TU3iho,UC3hCAmwyYNgRuOOSFV7evVA,2026-08-20 10:00:00,22060,183,17,119.76,120.01,0.01,0
kpGVMrElV2Q,UCyiKngyUPUb1bka4yFrn65g,2026-08-04 23:22:01,1164,6,0,119.89,120.14,0.11,0
kpJdZfF-yRA,UCZCZHg_oJiHcrcj2vaPRCag,2026-07-23 09:00:07,337,0,0,120.0,120.0,0.0,1
kpcBYJ-czoM,UCS2OAdHoLt-9T6cG9A2H49Q,2026-07-27 09:00:12,38158,141,42,120.0,120.0,0.0,1
kpmTq-ZgJc0,UC2f8VfmEF2_0-rFN4RNHaNg,2026-08-22 16:54:23,21273,357,142,119.85,120.1,0.1,0
kps-yJ9haJ4,UChUNd9Dt96PzfB24BtVviHg,2026-08-13 09:00:02,25181,227,11,120.0,120.0,0.0,1
kq185-Ieyls,UCi8fe6P0_tLeZ1r31wOydvw,2026-08-31 04:00:23,20411,19,7,119.76,120.01,0.01,0
kq8y3s5Xi-k,UCBtJuwDt6LlXp2YASC-ZMdA,2026-07-25 15:12:12,848,15,4,119.8,120.05,0.05,0
kq9s_2DTUCs,UCwBkHOTyu57NQi0syf5MLig,2026-08-23 11:27:43,81975,587,216,119.8,120.05,0.05,0
kqErveCadF0,UCPuD5ZRQWa_JCaY5NokNhtg,2026-08-01 02:09:09,614,11,3,119.85,120.1,0.1,0
kqJbo9DZrYU,UCz4b1O9sT73P8DWwx6OvQwg,2026-08-19 07:41:11,80478,787,34,119.83,120.07,0.07,1
kqXdaJPljRA,UCifCesg-EUkjKyQedaB3hRg,2026-08-17 01:05:03,122590,2781,19,119.92,120.17,0.08,1
kqXtC0shfyM,UC6LLMkdyses2ugPRNEXutMQ,2026-08-12 10:15:12,39553,140,10,120.0,120.0,0.0,1
kqpymTsrhbs,UC3gl4CHfNtAqNjju1goB0_w,2026-08-23 13:30:25,1822,32,8,120.0,120.0,0.0,0
kqtkPgVjqHc,UC6JB_a6rD1lZ_aZgQvORfrQ,2026-07-28 15:11:44,1405,37,6,119.81,120.06,0.06,0
kqvAND-HKU8,UCNmN3W2H0r5_hV2drzbEn7Q,2026-08-31 11:17:22,193820,4047,380,119.97,120.22,0.03,1
kr0oz50xDzY,UCElXDMEQqlUnuyDbChjARWQ,2026-08-08 13:15:24,32,0,3,120.0,120.0,0.0,0
kr1TaITAzT0,UCawK5EIfr66Z7fjAlZgfB2g,2026-08-15 13:46:45,6004,,22,119.97,120.22,0.03,0
kr8ImVQ_GSE,UCBW_PhuXoHk40xF6nO0Q64w,2026-07-23 06:29:37,25988,387,138,119.76,120.01,0.01,0
kr9EM9oD7Ds,UC_m_uqd_9s0hZvlgfvCzqbQ,2026-08-04 11:17:17,1217,5,0,119.96,120.21,0.04,1
krQtn868L-0,UCBTsPtRCh6ln3IRQFjhjh1A,2026-08-31 09:00:37,21871,100,8,120.0,120.0,0.0,0
krUXfEcDjII,UCab17MxxnFtAhGsJVTkSkCg,2026-08-25 19:02:27,1431,19,3,119.97,120.22,0.03,0
krWS-sTQhlg,UCrXfM4HsibSucC_NlIY7v0Q,2026-08-09 09:00:30,325,3,4,120.0,120.0,0.0,0
krc0gVSPuL4,UCz4b1O9sT73P8DWwx6OvQwg,2026-08-29 17:21:53,20838,91,22,119.9,120.15,0.1,0
kreS6Q1WRYU,UCGi94VU356EAvQLgODywyrA,2026-07-30 16:54:06,8612,162,5,119.85,120.1,0.1,0
kre_s96WzQY,UC6aF-skLT_1X6cdPJxVJXxQ,2026-08-01 08:06:21,22744,514,17,119.9,120.15,0.1,1
krtzUqv2ubc,UCAl4HWznMn7KhKBRFO5eiFA,2026-08-13 10:42:30,6245,14,0,119.8,120.05,0.05,1
krx6gAWceYI,UCzRPPKLkNxjD2of-0Xxfnjw,2026-08-20 06:09:58,14058,273,57,119.84,120.09,0.09,0
ks-9SdBhm70,UC8CZL4cvFiKwKKDNCuM2lTA,2026-08-03 19:05:04,6453,45,0,119.92,120.17,0.08,0
ks4NawFgBo0,UCQyZh4b4TLaSVldnDWnh7fA,2026-07-27 08:03:08,2,0,0,119.95,120.2,0.05,0
ksAVivJa9EY,UCw1DsweY9b2AKGjV4kGJP1A,2026-07-12 12:00:30,162685,1958,206,119.99,120.24,0.01,1
ksO4I72qOO0,UCYJDUekoQz0-bo8al1diLWQ,2026-08-15 04:32:42,511652,10125,516,119.96,120.21,0.04,1
ksiDPSCvgqA,UCg5-nd3qoNnz5dzkX-O0b8A,2026-08-09 04:02:09,32790,477,27,119.97,120.22,0.03,1
kstncYQf1dw,UCifCesg-EUkjKyQedaB3hRg,2026-08-31 02:27:03,21404,106,10,119.81,120.06,0.06,0
kswxM7H0PoA,UCyZXLzORHoh9QMwA7IwS0pA,2026-08-19 05:00:24,1387,46,5,119.75,120.01,0.01,1
kt-R7Tm1xes,UCWXQEzwzcvDryogN2e5XuDw,2026-07-27 16:20:06,36,0,0,119.92,120.17,0.08,0
kt-gtnBAWRU,UCBidluUUxzT_5jVOI_2x2MQ,2026-08-17 08:00:25,79,2,0,120.0,120.0,0.0,0
kt74jdgXTak,UChfA8Yu8dk5k78UzaM6tsRw,2026-08-03 05:00:33,29287,477,6,119.99,120.24,0.01,1
ktBYwpjs2Wo,UCirJgPv8RtFaFMj39b6cD8Q,2026-08-14 03:00:09,5920,30,1,120.0,120.0,0.0,1
ktGweiHJ1hQ,UCZaNYFjF_SRRJPVuGX7yMjQ,2026-07-20 12:47:36,5,1,0,119.96,120.21,0.04,0
ktYbm8260LA,UC-aXNBQ6nwMNeW2V8XB7sBg,2026-08-27 07:00:31,507857,3553,80,120.0,120.0,0.0,1
kthcCf6W3QY,UC9vI-9WYQLXKI6n9XdXXo3g,2026-08-03 10:00:13,22730,132,25,120.0,120.0,0.0,0
ktlzkpYt2E8,UCL2ZLyAV0H9Pvi46W7TGdHQ,2026-07-29 12:00:16,323030,2614,139,120.0,120.0,0.0,1
ktpSfeuRWkY,UCZ49HaU_D0Tlf1aDA2jU_Vg,2026-08-01 15:33:38,89708,829,217,119.94,120.19,0.06,0
ktuxlQBsPvQ,UCV6mNrW8CrmWtcxWfQXy11g,2026-07-29 10:00:07,35724,2016,91,120.0,120.0,0.0,1
ku2Tu4DZOrQ,UCqlcSsDNMYxEsem7bWY-66Q,2026-08-19 16:15:43,13552,459,1,120.0,120.0,0.0,0
ku8fO-Bip0Y,UCulcJNJPF25ncT7GvJm6iEg,2026-08-22 10:19:29,451765,5421,114,119.94,120.19,0.06,1
kuLeCsXVtZ4,UC6YqXiwCBfPvPTs3wXgWElQ,2026-08-04 10:28:14,535897,5387,665,119.78,120.03,0.03,0
kuN7gS8dgFI,UC_e83kYlGHWbsrr8QCfV_ag,2026-08-07 13:22:03,1504,26,6,119.89,120.14,0.11,0
kuZMIRGTT1I,UCD8r5Jgns2V64-NcUmXclpg,2026-07-25 03:15:06,72330,417,41,120.0,120.0,0.0,0
kufELPcuwYY,UC3pTpoDKt17IrCDH60kSNPA,2026-08-10 02:00:25,10456,289,87,120.0,120.0,0.0,0
csMfuWTyuZ4,UCBexUDlBSJM2h4xZB3ch53g,2026-07-17 09:30:16,21690,315,28,120.0,120.0,0.0,1
csNBRH-Tz7g,UCPuD5ZRQWa_JCaY5NokNhtg,2026-08-29 16:15:07,1083,9,2,119.76,120.01,0.01,0
csS94ezCEZc,UC9qwDE50UcXvdplRNZKEoPA,2026-08-29 02:00:06,19391,572,17,119.76,120.01,0.01,1
csTyMZ7DRGQ,UCAl4HWznMn7KhKBRFO5eiFA,2026-07-26 12:07:52,10476,43,1,119.87,120.12,0.12,1
cs_uiRDE0WY,UCpcTrCXblq78GZrTUTLWeBw,2026-07-20 22:30:15,184067,2072,115,120.0,120.0,0.0,0
ct3CbvDDyfI,UCRq3CDTZ2qe3HiHrZdQKBvQ,2026-08-08 09:30:18,315,5,0,120.0,120.0,0.0,1
ctGU7DdVhxk,UCUt2AEhC-OOC2EPCzj4DkCw,2026-08-23 08:00:08,7384,157,25,119.76,120.01,0.01,0
ctIZ1PIFjJw,UCbFLnCfOet-u_kFyA7uX-9Q,2026-08-15 07:00:26,28658,565,59,120.0,120.0,0.0,0
cuHwd8SPEdk,UCN5oT4zGJX-_H6pE5isAEeg,2026-08-10 08:00:04,1694666,21409,1055,120.0,120.0,0.0,1
cuUD2BOqa-A,UCV7WE8I_UiAN0fa6Arezx_w,2026-08-13 14:00:16,37,0,0,120.0,120.0,0.0,0
cug-EguyK4k,UCcHVk5SFxfYhCbbX8pWWuVg,2026-08-16 13:00:24,4380,46,14,120.0,120.0,0.0,0
cuqVBWJtKoA,UCw1DsweY9b2AKGjV4kGJP1A,2026-08-29 08:30:02,98710,152,8,119.77,120.01,0.01,1
cuub_M0ikV8,UCXNh3eUHXEkL7h1w1KYQRKQ,2026-08-13 10:42:15,34142,481,14,119.8,120.05,0.05,1
cuubxKdzlU0,UCVZI7eLie2UlZph6aiBRNrw,2026-07-12 12:00:01,132412,920,126,120.0,120.0,0.0,0
cvEIhc2sAzA,UCZPfs7xIjGmOGs9kvgGhUKQ,2026-07-17 09:38:25,69,2,0,119.86,120.11,0.11,0
cvRX47u1nmE,UCifCesg-EUkjKyQedaB3hRg,2026-08-21 01:10:31,30215,515,8,119.84,120.09,0.09,1
cveoqY6otfI,UCPGl9DV2WUgaqGVXtVrhJWQ,2026-08-20 03:34:02,3,0,0,119.94,120.19,0.06,0
cvhlQ6Q96_g,UCw1DsweY9b2AKGjV4kGJP1A,2026-08-15 07:30:31,63011,368,24,120.0,120.0,0.0,1
cvks6RLxDzc,UC_8GOc5dWX2Kpb74_nQ7vSQ,2026-08-21 09:00:13,99379,2583,156,119.76,120.01,0.01,0
cvqlRBUXcbY,UCz5LAkkX66OAW-y_WiWf9vA,2026-08-23 07:45:25,38,1,0,119.76,120.01,0.01,0
cvsQjGgbwOk,UCE8JC9RAVSudDT_8Ji1fuPQ,2026-07-17 08:45:25,77544,1106,64,120.0,120.0,0.0,0
cw436cHE3nE,UChfs1dQ5phBDBWZJ1hHLbUA,2026-08-22 09:15:29,93389,921,128,120.0,120.0,0.0,0
cw5Z_KZmMGs,UCQzgMwT5Q6x-Mtq65HRS_0Q,2026-08-07 11:41:23,27070,188,25,119.81,120.06,0.06,0
cw7Ru0ItxN0,UC5Yx9RlmznXDUEIrfoSqheA,2026-08-14 05:03:08,22,3,0,119.95,120.2,0.05,0
cwNQPaV_r2M,UCO8ToDSM2Gvt3EZdOdosxTw,2026-07-26 14:05:19,47032,810,43,119.91,120.16,0.09,1
cwTo4wmLXzY,UCi1Tln5CFg1yExpz8djyxjA,2026-08-23 17:00:38,766731,36077,112,120.0,120.0,0.0,1
cwZ-IXoY00A,UC_e83kYlGHWbsrr8QCfV_ag,2026-07-26 14:52:29,3213,3,0,119.88,120.13,0.12,0
cwaDMpKFmNk,UCdS9tTcvPzYfV-7RLkkIsvw,2026-07-31 08:00:21,32404,238,148,120.0,120.0,0.0,0
cwrbPeyIzCA,UC-2wa6jvprl7hfCpvw0ULzg,2026-08-20 08:00:26,16056,370,58,120.0,120.0,0.0,1
cx55iM1ercc,UC2WBkFH1nHcO6aFLWo6sZQg,2026-07-25 14:41:00,17368,378,7,119.82,120.07,0.07,1
cx9ctcREXrQ,UCrfB1-zWijAYkgfZW7Ehc8Q,2026-07-17 08:00:00,423988,10600,352,120.0,120.0,0.0,1
cxG6uQWJdsQ,UCwBkHOTyu57NQi0syf5MLig,2026-08-13 18:00:08,9669,57,20,120.0,120.0,0.0,0
cxINT1ptc14,UCpcTrCXblq78GZrTUTLWeBw,2026-08-09 04:30:39,154617,2371,213,119.99,120.24,0.01,0
cxTtwbefH5o,UCC1LvVTX2ySKYjeIXkAtvsQ,2026-08-19 09:00:01,212955,3221,171,119.76,120.01,0.01,1
cxmY1Xb-bzU,UC-aXNBQ6nwMNeW2V8XB7sBg,2026-08-04 01:00:13,111883,1056,36,120.0,120.0,0.0,1
cxtG6GhRigg,UCIKORyfTZ0cN-u0hrxHcgUw,2026-08-28 01:28:07,274,4,0,119.79,120.04,0.04,0
cyJ-UkN6avI,UCpI-AhCT02iQRGLC2ZcY0Jw,2026-08-20 10:04:10,43849,456,295,119.94,120.19,0.06,0
cyTCekRw-qo,UCV7WE8I_UiAN0fa6Arezx_w,2026-08-18 17:00:06,43,0,0,119.76,120.01,0.01,0
cydDZEF9eXM,UC0FUMakBJHsRrfKCGQuWnRA,2026-07-23 10:17:59,29549,239,59,119.95,120.2,0.05,0
cyhcjpv7pCk,UCzps05UZ7XpX3SFoFyYIDow,2026-08-30 12:52:56,41886,184,79,119.88,120.13,0.12,0
cyiliskKZF4,UCPGl9DV2WUgaqGVXtVrhJWQ,2026-07-23 15:00:34,2,0,0,119.99,120.24,0.01,0
cymZpPHaVE4,UCXtU-C_e2iBzPSq9oLXtbVw,2026-08-30 06:48:46,1014,10,5,119.95,120.2,0.05,1
cypIhbBoDiQ,UCa2liSwjQST4AGcg6LFQakQ,2026-08-14 04:00:36,1998,7,2,119.99,120.24,0.01,1
cysXZ30iVLA,UCBS4sjbGJIcclT-Y6i_Jzkg,2026-08-12 18:15:01,1841,56,2,120.0,120.0,0.0,1
cz1FN2xHfdo,UCV7WE8I_UiAN0fa6Arezx_w,2026-08-05 12:00:25,31,0,0,119.99,120.25,0.01,0
czGh2en0m_4,UCPuD5ZRQWa_JCaY5NokNhtg,2026-08-12 03:17:51,789,9,5,119.96,120.21,0.04,0
czLRasbjH0g,UCV7WE8I_UiAN0fa6Arezx_w,2026-08-26 01:00:27,46,0,0,120.0,120.0,0.0,0
czQ0HpFQuQw,UCHeg3ApmuXQbqqszaD1fR9g,2026-07-24 15:27:58,102,3,0,119.79,120.04,0.04,0
czWxPAmL5Mg,UCv1tOT645xHOJrwdGlzjMaA,2026-07-24 13:09:42,26648,273,29,119.84,120.09,0.09,0
czXcaehKPO8,UCPuD5ZRQWa_JCaY5NokNhtg,2026-08-22 21:48:58,614,6,2,119.95,120.2,0.05,0
czYTxjm_LrE,UCqFmG6ofirSWvI9B8mwzvyA,2026-08-14 08:30:39,417,11,0,119.99,120.24,0.01,0
czZQjGefio8,UCZJFaxsby9j3T6h0UVcCcCA,2026-08-03 20:32:48,79,3,6,119.96,120.21,0.04,0
czgv4zrKzfU,UC6fx3aU3i3C51oXwXm8idTQ,2026-08-29 03:17:23,0,0,0,119.98,120.23,0.02,0
czrOXIe6f1A,UCrY2B2XX41ReYh9DIWrFfCg,2026-08-14 09:36:55,4787,,29,119.89,120.14,0.11,0
d-8w8k1Eyw0,UCAl4HWznMn7KhKBRFO5eiFA,2026-08-08 15:22:44,45848,297,39,119.87,120.12,0.12,0
d-91pIoWBBY,UCAl4HWznMn7KhKBRFO5eiFA,2026-08-22 13:48:26,5628,28,0,119.95,120.2,0.05,1
d-9oS97Ve3M,UC-8S20Ll1gzPiu_YY8BgyaQ,2026-08-01 13:23:12,68753,493,46,119.87,120.12,0.12,0
d-D-mUmdRnk,UCt8CJiye87FMbEwt0npPMuQ,2026-07-30 13:30:17,3746,164,15,120.0,120.0,0.0,0
d-FUzEBvZGE,UCBtJuwDt6LlXp2YASC-ZMdA,2026-08-29 15:00:30,1060,4,0,119.76,120.01,0.01,0
d-S2ITnh3sA,UCrKSaegnzewdj9-YLsUhoZw,2026-08-01 05:10:09,55670,333,187,119.83,120.08,0.08,0
d-fEb4PI8sU,UCMAfHuocszM6UTORPwUmeNw,2026-08-16 06:38:34,110254,1950,88,119.86,120.11,0.11,1
d-iNNDRbTlw,UCADf92tisOOh90hrZee4-LA,2026-08-10 07:48:17,123498,472,70,119.95,120.2,0.05,1
d-u1p1fsmFM,UCoSniqkitCpxlHrQd5L8A1w,2026-07-19 14:28:58,16806,26,0,119.77,120.02,0.02,1
d0K_yzwsR-U,UCPuD5ZRQWa_JCaY5NokNhtg,2026-07-23 12:45:41,502,17,3,119.99,120.24,0.01,0
d0M9CWSCGLI,UC2yOBpLVwB7kzt9C5ZPbB7w,2026-08-02 12:00:16,34058,599,26,120.0,120.0,0.0,1
d0MjwQyfBJE,UCq0fwcojiA7ztN0FgTEgfXA,2026-07-11 03:49:15,106,0,0,119.93,120.18,0.07,0
d0c-eliXHVM,UCKdMKb1IohGntRynCspmhZg,2026-08-30 10:16:23,16985,425,17,119.99,120.24,0.01,0
d0z7wtliEU4,UCgLFbrC7-g0ihBKB0obVPTg,2026-07-29 14:13:25,272,14,2,119.78,120.03,0.03,0
d1GkyqMSud8,UCifCesg-EUkjKyQedaB3hRg,2026-08-20 01:45:33,5799,55,3,119.99,120.24,0.01,0
d1H0UjpCol8,UC4VWaR3R17Ruc7j1Cy1-PKQ,2026-08-17 02:56:36,538,7,7,119.81,120.06,0.06,0
d1JL8lgodl0,UCifCesg-EUkjKyQedaB3hRg,2026-08-08 01:42:55,4152,59,5,119.79,120.04,0.04,0
d1XKZmBZwvc,UCV7WE8I_UiAN0fa6Arezx_w,2026-07-24 20:00:15,91,0,0,120.0,120.0,0.0,0
d1_SrvgdM9U,UCN8YcyYvYIrtLcwyT-KqbNg,2026-07-17 09:32:55,0,0,0,119.95,120.2,0.05,0
d1eKKqsUQAU,UCN5789pKaFwqjVBvg6yws_w,2026-07-23 02:13:19,2,0,0,119.78,120.03,0.03,0
d1eu9CfoNEs,UCby0vMKcLR05ZdS90aZd5og,2026-07-19 08:50:38,7972,3,0,119.91,120.16,0.09,1
d1g4UGPJIfM,UCZCZHg_oJiHcrcj2vaPRCag,2026-08-06 09:00:14,278,0,0,120.0,120.0,0.0,1
d1lwKH7RrXM,UCM81CAJ2_Y42-bvK1OQnAAA,2026-07-17 13:37:47,88168,1002,565,119.87,120.12,0.12,0
d1oEDMWlnVI,UC5Yx9RlmznXDUEIrfoSqheA,2026-08-11 17:47:15,3668,35,7,119.97,120.22,0.03,0
d1ot7tCu9yI,UCIKORyfTZ0cN-u0hrxHcgUw,2026-08-28 01:29:12,375,2,2,119.78,120.03,0.03,0
d1xtSDE77-g,UCPGl9DV2WUgaqGVXtVrhJWQ,2026-08-31 15:00:00,149,2,0,119.76,120.02,0.02,0
d21jd8fXagQ,UCv1tOT645xHOJrwdGlzjMaA,2026-08-01 03:36:40,208648,1417,36,119.89,120.14,0.11,0
fZiVZZh6PoY,UCirJgPv8RtFaFMj39b6cD8Q,2026-08-07 03:00:22,9072,95,3,120.0,120.0,0.0,1
fZlOla3A3MU,UCrY2B2XX41ReYh9DIWrFfCg,2026-08-01 10:01:57,8551,,25,119.97,120.22,0.03,0
fZpfX2-rHxo,UCpI-AhCT02iQRGLC2ZcY0Jw,2026-08-08 09:00:13,54186,440,243,120.0,120.0,0.0,0
fZqvNGiqdWg,UC1IUMdwaJ22A6FkPiI8dcig,2026-08-21 14:39:42,93411,1574,158,119.85,120.1,0.1,1
fZzLG7BFPOE,UCOTJtP0Z9DjpPU43B5m1V6A,2026-08-25 05:05:04,484249,3077,78,119.93,120.18,0.07,0
f_0KF6AMl1A,UCb5NLtXAsTBrmaZVhyFa-Wg,2026-08-03 10:05:14,82835,380,63,119.92,120.17,0.08,0
f_3HRNYEHdQ,UCws1FXlgdkXB-3FKN_lqgiw,2026-08-13 06:01:13,1897,29,6,119.98,120.23,0.02,1
f_46e6LMWwM,UC-8S20Ll1gzPiu_YY8BgyaQ,2026-07-24 13:38:21,71937,489,63,119.86,120.11,0.11,0
f_M93H8EKHI,UCIsrVj53L57rcLAPOre4Xhg,2026-08-29 00:18:53,67989,665,66,119.95,120.2,0.05,0
f_p303Efjkk,UCZNTsLA6t6bRoj-5QRmqt_w,2026-07-30 14:00:03,51691,1758,125,120.0,120.0,0.0,0
fa3c7FPIFis,UC-FiQR2gg8oiNw98ZdsSX6Q,2026-07-27 14:31:25,302,8,1,119.98,120.23,0.02,0
faBcSGwq4vg,UCzVXdulvpgEoI8yuFMmhxJw,2026-08-02 14:00:52,87991,3545,288,119.99,120.24,0.01,0
faHYgXDbBuA,UCNrQ0VbdprXAur6OZKexjEw,2026-07-30 08:00:01,25079,385,49,120.0,120.0,0.0,0
faJwVIRYA6g,UCJj2vuQIpFnk5pbTAtCi3yw,2026-08-21 07:00:20,15805,237,111,119.76,120.01,0.01,0
faPTkpD2gB8,UCjOtzpfj5lF9erwTEQYkxtQ,2026-08-04 03:00:11,27559,604,39,120.0,120.0,0.0,0
faYKUA5fYm0,UCby0vMKcLR05ZdS90aZd5og,2026-07-24 08:13:46,1944,5,0,119.77,120.02,0.02,1
fabP0JjeF-4,UCbFLnCfOet-u_kFyA7uX-9Q,2026-08-14 01:00:59,170915,2072,117,119.99,120.24,0.01,1
fawqas178Fk,UCpcTrCXblq78GZrTUTLWeBw,2026-07-17 22:00:18,91002,969,269,120.0,120.0,0.0,0
fbNbwq_CZb0,UCYJDUekoQz0-bo8al1diLWQ,2026-07-18 04:09:17,314539,5378,166,119.85,120.1,0.1,1
fbSjChSILXc,UCl402YYy7RcH7PBI3npmGPQ,2026-08-06 03:00:04,109024,584,157,120.0,120.0,0.0,0
fbdPMX5OkcU,UCH29Gz8a6veRLqUxzjBXHrQ,2026-08-21 10:54:02,21505,789,111,119.86,120.11,0.11,0
fbfzW4VNXfc,UCrKSaegnzewdj9-YLsUhoZw,2026-08-20 23:48:45,5308,36,3,119.95,120.2,0.05,0
fbgbm55jGxM,UCrKSaegnzewdj9-YLsUhoZw,2026-08-06 04:44:14,26892,187,86,119.77,120.02,0.02,0
fbrbFB_ssuc,UCeOXoe4zJCBTBwHN1M_djUw,2026-08-24 04:59:05,961,5,3,119.78,120.03,0.03,0
fc4wa6w8p6M,UCPGl9DV2WUgaqGVXtVrhJWQ,2026-07-24 15:00:36,8,0,0,119.99,120.24,0.01,0
fc8Npwz5ElQ,UCgyDKBTgkBfa8jWrBb8Npig,2026-08-12 07:18:20,117,2,1,119.95,120.2,0.05,0
fcGlBzyPlwg,UCV7WE8I_UiAN0fa6Arezx_w,2026-08-09 16:00:00,48,1,0,120.0,120.0,0.0,0
fcUykhG5Pyg,UCnCFD3met1Ip7OngdF9TRDg,2026-08-24 02:56:44,6206,78,8,119.82,120.07,0.07,0
fc_5zfTwegg,UCOaUTqrtz1yBBiwziVJEAmQ,2026-07-28 15:00:22,2279,20,5,120.0,120.0,0.0,0
fcf-86cJxOg,UC3hCAmwyYNgRuOOSFV7evVA,2026-08-29 03:15:29,121209,327,103,119.76,120.01,0.01,1
fchrE5VNWWo,UCcoJiq6MyAqJeo3urxjDqrg,2026-08-15 16:55:15,172,3,0,119.58,120.08,0.08,0
fchtOm1RBkY,UCl-VnCUwSxDr5zPu-YlDUYw,2026-08-04 08:00:20,35578,730,44,120.0,120.0,0.0,1
fcmDp-Clsfc,UCPuD5ZRQWa_JCaY5NokNhtg,2026-08-23 04:19:24,786,14,6,119.94,120.19,0.06,0
fcumxZNhKUQ,UCN5oT4zGJX-_H6pE5isAEeg,2026-08-14 22:00:34,1407569,45583,2800,119.99,120.24,0.01,1
fcwgxMoHcpQ,UCgyDKBTgkBfa8jWrBb8Npig,2026-07-27 10:39:40,47,0,1,119.84,120.09,0.09,0
fd3-FUJGQbQ,UCpI-AhCT02iQRGLC2ZcY0Jw,2026-07-11 09:00:15,37233,332,266,120.0,120.0,0.0,0
fdEJeR8v7eg,UCnV5tUnOVGyT-Ncj0s0tPTw,2026-08-28 06:00:54,2208,29,7,120.0,120.0,0.0,0
fdFt6PiooJ4,UC59jWhPazXYi8Ny4vake45A,2026-08-16 11:13:02,125861,3158,54,119.79,120.04,0.04,1
fdKLuy7P_z8,UCp9skQ2mP_DfVL8c3gZQUzg,2026-08-18 09:00:13,23637,160,16,119.76,120.01,0.01,1
fdNr33yTh4g,UC2OFe8XUEqDT3eJGO-0EDNQ,2026-08-31 17:23:09,379,6,0,119.88,120.13,0.12,0
fdQ3Cu7gNpw,UCJJZkVUNIxq8XNDzHiAD-eQ,2026-07-27 08:21:20,60712,456,427,119.9,120.15,0.1,0
fdRez_Il59w,UC5WN-znPsJK0BbA8aHxZHWQ,2026-08-05 13:00:28,7816,94,35,120.0,120.0,0.0,0
fdVop0UolKo,UCN9VGDvz2M3vdR0czEUp6lQ,2026-07-19 22:00:18,3111,56,35,120.0,120.0,0.0,0
fdY6n0L_MbE,UCPuD5ZRQWa_JCaY5NokNhtg,2026-08-26 08:27:18,1617,12,4,119.81,120.06,0.06,0
fdZ5PSGsDmM,UCdrNdOaDhiGzDSx0ZCEjOUQ,2026-08-26 15:57:35,17266,48,0,119.8,120.05,0.05,0
fda7VLHkLkI,UCt8CJiye87FMbEwt0npPMuQ,2026-08-29 15:00:37,11286,132,15,119.75,120.01,0.01,1
fdbArlyUQsc,UCVZI7eLie2UlZph6aiBRNrw,2026-07-15 05:00:30,53291,485,106,119.99,120.24,0.01,0
fdeXmTilAVc,UCEcRvF_6IRSux8FO-ogFZug,2026-07-23 03:00:23,33588,1722,152,120.0,120.0,0.0,0
fdiD5KPMWNA,UCPGl9DV2WUgaqGVXtVrhJWQ,2026-07-19 15:00:05,11,0,0,120.0,120.0,0.0,0
fdkAQXGkoAM,UCNu00qhYj4nPeMNdxuwV6sg,2026-07-22 15:44:42,1119,48,0,119.76,120.01,0.01,0
fdlSCFYzziE,UC1dG3vI9FfHnH3YgyeKUz_A,2026-08-25 03:00:36,240685,1161,140,120.0,120.0,0.0,0
fdrA2jf297Q,UCJJZkVUNIxq8XNDzHiAD-eQ,2026-08-29 23:22:43,109377,384,71,119.88,120.13,0.12,0
feAIWbeIJdE,UCMswODzU1ZjjrLyUk7NfwPA,2026-07-22 09:34:54,18245,472,27,119.92,120.17,0.08,0
feEFqKSXvoo,UCkrNv6xF8j7QZmWb3UeAH8A,2026-08-11 10:37:01,2304,15,5,119.89,120.14,0.11,0
feNJBHEExO8,UC3RzmV2LX3AmWhZVx0A7u0A,2026-07-24 07:00:09,70211,1426,112,120.0,120.0,0.0,1
fehLI68Yiio,UCS-X1uBDTNwAYyydiXjcX9A,2026-08-11 08:00:26,2192,60,15,120.0,120.0,0.0,0
fewfNG05Fn8,UCS3_H_feQRm4QbXipKTvSrw,2026-07-21 11:30:15,13633,335,67,120.0,120.0,0.0,0
fey6jxK1wv0,UCN5oT4zGJX-_H6pE5isAEeg,2026-08-21 08:00:21,640218,20146,293,119.76,120.01,0.01,1
feyG3BbmEig,UCnhGcri8x6xhehanhAe9ipw,2026-08-10 13:42:25,36996,197,37,119.8,120.05,0.05,1
ff3Yu7CEtUE,UCWVS5IJOkNnkKS5rjiAt9rw,2026-08-12 05:11:35,40428,388,43,119.81,120.06,0.06,0
ffBCE0o7_eQ,UCVqmxk6oNOHj9RFVo4uP_lw,2026-08-20 04:00:36,8395,334,36,120.0,120.0,0.0,1
ffBZTFc860A,UCgLFbrC7-g0ihBKB0obVPTg,2026-08-19 15:08:02,364,7,0,119.88,120.13,0.12,0
ffGaOyAlmmY,UCPuD5ZRQWa_JCaY5NokNhtg,2026-07-27 18:13:34,175,7,2,119.78,120.03,0.03,0
ffaiFvQDMpE,UCo33r3SAf5z9MS-lrXV2aOQ,2026-08-31 07:00:27,60826,441,11,119.76,120.01,0.01,1
fg01xpMDsaY,UCkavlo6q2XfO_MA9Q24wRvw,2026-08-20 07:21:07,1002,5,0,119.9,120.15,0.1,0
fg0VUZgnn6g,UC6JB_a6rD1lZ_aZgQvORfrQ,2026-08-14 22:03:34,2408,71,2,119.94,120.19,0.06,0
fg3nGMXusIs,UCsrLyevZL_AEZY0LaYVCYzA,2026-08-05 23:00:02,60,1,8,120.0,120.0,0.0,0
fg61fPX9PG4,UCrwOSKEMgNGb1SIWqiYaulA,2026-07-30 13:45:23,33437,808,22,120.0,120.0,0.0,1
fgEMo0oafdk,UCqVkQsNin4MdGFrWvzFVOKw,2026-08-02 15:04:33,6555,182,0,119.93,120.18,0.07,0
fgMRfU5hB_E,UCBtJuwDt6LlXp2YASC-ZMdA,2026-08-09 11:00:27,517,3,0,120.0,120.0,0.0,1
fgVIJP4tH5c,UCaHIZAKows704_gk6bjdAog,2026-07-22 07:00:24,79559,1044,151,120.0,120.0,0.0,1
fgfd-KOroSc,UCPuD5ZRQWa_JCaY5NokNhtg,2026-08-25 13:04:17,763,13,1,119.94,120.19,0.06,0
fh7TGH_oeZs,UC3gl4CHfNtAqNjju1goB0_w,2026-07-30 14:20:30,2674,59,3,119.91,120.16,0.09,0
fh8NFnFrjzg,UCv1tOT645xHOJrwdGlzjMaA,2026-08-03 10:00:02,6927,70,3,120.0,120.0,0.0,1
fh8t75D4Xvw,UCoQU5wtIxq0QGh80NHky82g,2026-07-24 08:11:20,67261,1009,32,119.81,120.06,0.06,1
fhPXwbcNiBo,UCQfISxq5legTqOt1h1us6lg,2026-08-02 09:57:48,28029,130,41,119.79,120.04,0.04,0
fhVsAkjXmoM,UCksGX0hODm1Ev6mysrToMqg,2026-08-14 13:10:38,8660,215,7,119.83,120.08,0.08,0
fhal2NbmlHM,UCv1tOT645xHOJrwdGlzjMaA,2026-07-14 04:00:27,21694,366,5,119.99,120.24,0.01,1
fheM13PLmwI,UCN5789pKaFwqjVBvg6yws_w,2026-07-25 10:23:29,3,1,0,119.86,120.11,0.11,0
fhjKPvCbACI,UCpAZLM9XMzIbqFucUBD8Jtg,2026-08-19 05:35:52,106480,597,36,119.91,120.16,0.09,1
fhm5cTxoY_Q,UCgjaQlejpAnIu0q-xtVfTEw,2026-08-04 05:00:10,6069,85,10,120.0,120.0,0.0,1
iJEWk5e3ZDs,UC_2x8h1QrTHOO0i4Yiss-ww,2026-08-16 11:00:24,54555,620,15,120.0,120.0,0.0,1
iJG3DPvOkwc,UCDnIK80iouL_rb_J6GybOlg,2026-08-20 01:49:33,0,0,,119.93,120.18,0.07,0
iJGBykeh1IY,UCqPN9LAkx20aBWOafwvQB-Q,2026-07-28 23:00:34,48298,2117,139,119.99,120.24,0.01,0
iJH1ag-k7B0,UCV7WE8I_UiAN0fa6Arezx_w,2026-08-19 21:00:06,35,0,0,119.76,120.01,0.01,0
iJHvSRoGR-4,UCK8iWEZupSV2pmDMxtwdAmA,2026-07-23 23:48:38,137,4,0,119.94,120.19,0.06,0
iJQYABPvAUU,UCVqmxk6oNOHj9RFVo4uP_lw,2026-08-05 23:00:31,30971,917,62,119.99,120.24,0.01,1
iJitUPN9Zjg,UCyiKngyUPUb1bka4yFrn65g,2026-07-22 15:41:34,667,3,0,119.81,120.06,0.06,0
iJw0RfExFPk,UCMAfHuocszM6UTORPwUmeNw,2026-07-30 15:12:12,12622,256,0,119.8,120.05,0.05,0
iJzqDSP5JZ4,UCaCFlaIQAmiU_mLnZq5E-tA,2026-07-28 11:00:11,3347,38,5,120.0,120.0,0.0,0
iKBab-UyKS0,UCjBPx2oip2bKnnfqKyas0ew,2026-08-03 07:15:00,3660,199,24,120.0,120.0,0.0,0
iKPSR2qnZy8,UCnDcpS7XLQ9KFPqULb9TH8g,2026-08-29 13:32:56,277720,1604,151,119.97,120.22,0.03,0
iKVh1bbHglo,UCMswODzU1ZjjrLyUk7NfwPA,2026-08-30 03:00:23,466996,3910,44,119.75,120.01,0.01,0
iL-wOk5aKDU,UC_E_qYfGKM3C0kqrp1p8z7Q,2026-08-21 17:00:34,359,9,2,120.0,120.0,0.0,1
iL46v8x1_Ro,UC-Pn1i_ot4qmG4l7wMZPvyw,2026-07-21 09:00:21,2535,63,3,119.99,120.25,0.01,0
iLAdT9mDPpE,UCyz5WVrb-cz3myY04x_kVYw,2026-08-02 11:57:11,525,6,0,119.8,120.05,0.05,0
iLFORQA0h8k,UCt8CJiye87FMbEwt0npPMuQ,2026-08-08 14:15:09,153032,6321,254,120.0,120.0,0.0,0
iLL5cpmPAYo,UCgT-gb3favw2jQgwxbbwwaA,2026-07-26 11:00:20,103476,894,20,120.0,120.0,0.0,0
iLNCGMV9ewA,UCS7gEaMmBPAaI8dHNnrSofg,2026-07-22 09:00:41,86728,,126,119.99,120.24,0.01,0
iLOy6PbydKQ,UChLqHuZV0PENIBYxDgXyPLQ,2026-08-06 15:11:30,19228,275,6,119.81,120.06,0.06,1
iLtixbg2zLE,UClpc-7ejy_cntRdmrFLbOfg,2026-08-31 15:54:27,20902,84,30,119.86,120.11,0.11,0
iLxrRYEpY_w,UCvPGGL-OTEAQlwAUxbcJO8g,2026-08-15 04:14:31,383000,7070,123,119.76,120.01,0.01,1
iLyJIeF_0Wk,UCV7WE8I_UiAN0fa6Arezx_w,2026-08-23 06:00:11,20,0,0,119.76,120.01,0.01,0
iM-Ns2POdHk,UCw-JzmPsjRcbzJLncr4pIIA,2026-07-17 12:45:01,120994,2124,138,120.0,120.0,0.0,0
iMFo3ie5HCQ,UCrY2B2XX41ReYh9DIWrFfCg,2026-08-18 11:02:56,1768,,2,119.96,120.21,0.04,1
iMSO7rO_rpA,UCab17MxxnFtAhGsJVTkSkCg,2026-08-26 09:45:38,2778,19,1,120.0,120.0,0.0,0
iMWqxC8iia4,UCXNh3eUHXEkL7h1w1KYQRKQ,2026-08-22 07:42:07,40000,400,15,119.81,120.06,0.06,1
iMjx8On7Yqk,UCbItyvYa6cqvqtwlU2E9-wA,2026-08-10 03:06:27,10589,583,52,119.9,120.15,0.1,0
iMpo4UfocZI,UCdcjduaR6hyGHVNmpbJzSsw,2026-08-06 22:14:36,2117,32,1,119.76,120.01,0.01,0
iN9EG55htfk,UCuFguUhr9Wr0tFY85nDGk9w,2026-08-09 14:00:46,8476,46,13,119.99,120.24,0.01,0
iNHZAQgn63k,UC_m_uqd_9s0hZvlgfvCzqbQ,2026-08-28 01:54:11,1377,19,0,119.86,120.11,0.11,0
iNKwmcOcD9c,UCYJDUekoQz0-bo8al1diLWQ,2026-08-01 10:00:13,827800,12157,1764,120.0,120.0,0.0,0
iNL5CrjL56c,UCyZXLzORHoh9QMwA7IwS0pA,2026-08-20 08:59:01,3771,42,10,119.77,120.02,0.02,0
iNPDLiBszVw,UC4VWaR3R17Ruc7j1Cy1-PKQ,2026-08-04 02:58:53,49,6,0,119.77,120.02,0.02,0
iNQLO7NiT7Q,UCpcTrCXblq78GZrTUTLWeBw,2026-08-19 17:30:28,27352,852,44,120.0,120.0,0.0,0
iNQxu7iC6pU,UCw1DsweY9b2AKGjV4kGJP1A,2026-08-24 08:01:16,79784,492,224,120.0,120.0,0.0,0
iNgqQ2lMRZw,UCSzHok6X5qXEO7cjvVnE62g,2026-08-03 12:00:37,279918,1430,57,119.99,120.24,0.01,0
iNh8E_pB7es,UCpX86JOUhnrzG7MK8e8Gjbw,2026-08-14 08:23:17,32500,219,147,119.87,120.12,0.12,0
iNs9tyf9l5E,UC78d2aaqdrt02RfmtRLmlAw,2026-07-22 17:40:43,33690,753,208,119.83,120.08,0.08,0
iO76bzFSrZo,UCt8CJiye87FMbEwt0npPMuQ,2026-08-03 16:30:34,1700,45,6,119.99,120.24,0.01,1
iO86Bc5jJ_w,UCk3w4CQ_SlLH4V0-V6WjFZg,2026-07-31 20:18:50,57255,1690,68,119.94,120.19,0.06,0
iOE6rvw8X7A,UCZ6mNZTiTUrUSbSYPlclI4A,2026-07-22 04:30:01,8508,292,5,120.0,120.0,0.0,1
iOKtbDIC1qU,UCMswODzU1ZjjrLyUk7NfwPA,2026-07-20 09:30:33,15680,464,20,119.99,120.24,0.01,0
iOY9mTnfZ98,UCnCFD3met1Ip7OngdF9TRDg,2026-07-29 11:48:55,11711,217,31,119.94,120.19,0.06,0
iOcRLg9oztY,UC7lwS-aSDzYHZJ9uWuzySwQ,2026-08-30 22:00:10,1215,4,2,119.76,120.01,0.01,1
iOjTyk2K8iU,UC1dG3vI9FfHnH3YgyeKUz_A,2026-08-16 15:13:37,105753,429,142,119.78,120.03,0.03,0
iOrZsEQ5fAA,UCV7WE8I_UiAN0fa6Arezx_w,2026-08-25 07:00:35,31,1,0,120.0,120.0,0.0,0
iP3Vgo-LXqM,UC2k1bSUZ4X02jMs_sTS9jiQ,2026-07-28 12:00:06,5899,98,3,120.0,120.0,0.0,0
iP8iYL15rag,UCYxwKnNRv4FurQxeKcuR0Sw,2026-08-10 03:00:23,12,2,0,120.0,120.0,0.0,0
iPOfS75pCtw,UCroIk85IFzp6OZzKoJFDKuA,2026-08-28 18:18:27,7310,8,0,119.95,120.2,0.05,0
iPzmC5wxWjs,UCAVR6Q0YgYa8xwz8rdg9Mrg,2026-07-31 13:11:34,143052,6788,93,119.81,120.06,0.06,1
iQ4hW-0UZ2M,UCZPfs7xIjGmOGs9kvgGhUKQ,2026-08-05 10:00:26,102,3,0,120.0,120.0,0.0,0
iQPRnuVXbVc,UCMZFHqDjg1IE5kzm9fZBOFw,2026-08-18 14:50:48,2137,7,0,119.91,120.16,0.09,0
iQSZp60Ait8,UCBidluUUxzT_5jVOI_2x2MQ,2026-08-19 12:54:59,226,5,1,119.85,120.1,0.1,0
iQUNRbdsWqU,UCfjMjhfjRRy8B0mfqbO_43w,2026-08-04 08:55:10,22473,277,38,119.83,120.08,0.08,0
iQbaOJ3Bd34,UC9qwDE50UcXvdplRNZKEoPA,2026-08-26 13:24:52,9064,94,30,119.85,120.1,0.1,0
iQeNo26IRak,UCnkytUgy0CtWd06up9CjNxg,2026-08-21 11:00:31,317943,5557,95,120.0,120.0,0.0,0
iQf-X0pXeRI,UC_9W6Z5Y3lDpLk47Y_y5ITQ,2026-08-15 19:46:15,10478,149,21,119.98,120.23,0.02,0
iQgEXicryqg,UCqVZTizoA2wQKOj_xaDt10Q,2026-08-13 10:27:50,1540,9,0,119.79,120.04,0.04,1
iQtk2ujDoRw,UC-Av9SmAuRmyaEdwZKnT58g,2026-08-30 01:00:34,33473,711,16,120.0,120.0,0.0,1
iR3ipUE9KKQ,UCab17MxxnFtAhGsJVTkSkCg,2026-08-09 11:23:16,2369,38,4,119.87,120.12,0.12,0
iREaPP5w7ck,UCPN9TrChCye1s97iEUOsIeA,2026-07-24 07:16:47,1452,9,1,119.97,120.22,0.03,1
iRF-ueX8zTM,UC6YqXiwCBfPvPTs3wXgWElQ,2026-07-27 12:22:50,141148,705,300,119.87,120.12,0.12,0
iRPd8HlEQAA,UCv1tOT645xHOJrwdGlzjMaA,2026-07-18 14:40:44,42130,464,120,119.82,120.07,0.07,0
iRRr6W-khEY,UCfIFEUxDE0kRkZh4yfEBEvA,2026-08-25 07:34:39,1345,18,4,119.94,120.19,0.06,1
iRUQui79kwg,UCgjaQlejpAnIu0q-xtVfTEw,2026-07-24 00:00:12,64365,562,78,120.0,120.0,0.0,0
iRc-qpoXKdE,UC-FiQR2gg8oiNw98ZdsSX6Q,2026-08-30 15:00:11,1125,1,0,119.76,120.01,0.01,0
iRfXb5lcmIQ,UC3pTpoDKt17IrCDH60kSNPA,2026-08-26 02:00:02,3112,38,11,119.76,120.01,0.01,0
iRhCSqFGiZw,UCv1tOT645xHOJrwdGlzjMaA,2026-08-18 11:00:14,6661,171,24,119.76,120.01,0.01,0
iRpF7izB32g,UCN5oT4zGJX-_H6pE5isAEeg,2026-08-04 08:00:01,366852,5410,212,120.0,120.0,0.0,1
iRqnTC32-Vs,UCrKSaegnzewdj9-YLsUhoZw,2026-07-30 00:16:51,9606,46,12,119.97,120.22,0.03,0
iS0x0ztWBNo,UCl0h7FV9cAnb7IGJC64rpoQ,2026-08-07 08:30:13,7710,309,79,120.0,120.0,0.0,0
iS2TSpzW9Tw,UCZ6mNZTiTUrUSbSYPlclI4A,2026-08-20 05:24:00,30304,764,61,119.85,120.11,0.11,1
iS6hIB1QyGY,UCWjfI3wnNOgQCTu2SijfgMg,2026-08-13 11:09:19,5574,99,11,119.85,120.1,0.1,0
iS8bKkmCMKQ,UCp6n8d8Y8r3MwKNw_MMaouQ,2026-08-28 11:18:45,3171,139,2,119.95,120.2,0.05,0
iSNZEG9at7k,UCYMXFMiaGBnZ08-wBHS2MPQ,2026-07-30 23:22:17,5916,36,1,119.88,120.13,0.12,0
iSYCrPsBJjw,UCdm06VHBWF5Mg5kYxffzikw,2026-08-12 01:00:22,90777,1088,28,120.0,120.0,0.0,1
iSaJvEphzgE,UCiE9ZR51IeGPRbD4_Px6_Fw,2026-08-07 03:00:30,143146,3313,409,119.99,120.24,0.01,0
iSdwecQAIkE,UC1Ns07Rw0lQK-KuaPHfRRTw,2026-07-16 00:30:40,13,0,0,119.99,120.24,0.01,0
iSebt558Cdk,UC_8GOc5dWX2Kpb74_nQ7vSQ,2026-07-27 09:00:26,154730,4366,326,119.99,120.24,0.01,0
iSryuqhu8BA,UCAl4HWznMn7KhKBRFO5eiFA,2026-07-29 10:00:37,23356,250,14,119.99,120.24,0.01,1
iT4JUDgj5X0,UCEcRvF_6IRSux8FO-ogFZug,2026-08-26 08:00:31,31730,1766,125,120.0,120.0,0.0,1
kuiQR-ngD74,UC8chC5rneP-LHm43q-jF3oQ,2026-08-06 22:00:33,714100,10184,197,119.99,120.24,0.01,1
kuxfb4Px1DQ,UCp9skQ2mP_DfVL8c3gZQUzg,2026-08-14 18:50:37,4045,60,1,119.91,120.16,0.09,0
kvBO_wNPCL0,UCt8CJiye87FMbEwt0npPMuQ,2026-07-16 11:15:36,11972,456,61,119.99,120.24,0.01,0
kvDHAks0AKE,UC_2x8h1QrTHOO0i4Yiss-ww,2026-08-04 10:00:20,283403,2642,65,120.0,120.0,0.0,1
kvDICPRGhs8,UCuXE-MdbuaZcPt_2J2kSsSQ,2026-07-11 13:49:56,24,0,0,119.92,120.17,0.08,0
kvIrrF9UI5Q,UCDmmbxGg8g-EBkC_ku6vybg,2026-08-12 13:05:12,58809,801,39,119.92,120.17,0.08,1
kvJXxIq0160,UC6YqXiwCBfPvPTs3wXgWElQ,2026-08-12 08:00:26,22748,30,4,120.0,120.0,0.0,1
kvKON9-UV10,UCe0loHR-Vltq0GPHgYyzmrQ,2026-07-29 04:52:34,2220,53,8,119.88,120.13,0.12,0
kvNwlIpyPT0,UCXtU-C_e2iBzPSq9oLXtbVw,2026-07-22 23:15:32,24,3,2,119.99,120.25,0.01,0
kvSyYGVYKiM,UC-S8JFhLkQ5enhB70c2CYIw,2026-08-09 11:00:08,65405,1841,268,120.0,120.0,0.0,0
kv_CudmPAkc,UCAJ-meoCh1TrPZ7La3UpPrw,2026-07-14 21:41:04,39208,923,28,119.82,120.07,0.07,1
kvmOztiQTyA,UCrD6viwK0DHbQuZSOZBbofg,2026-07-28 16:25:24,1932,29,17,12.33,268.83,107.67,0
kvnQWbvnQIY,UC699Y51pMl0wWLPA4atcZjQ,2026-07-27 08:30:18,8041,173,45,120.0,120.0,0.0,0
kvsP6KsauQ4,UC2yOBpLVwB7kzt9C5ZPbB7w,2026-08-07 04:00:34,41703,596,18,120.0,120.0,0.0,1
kw1iQyAvdGA,UCSrQnB-Ip9hc0biFQ3HoKzg,2026-08-28 12:17:43,16695,520,36,119.97,120.22,0.03,1
kw1qLgUizQE,UCdF0eCyf5np3lPO4y1fJVdw,2026-07-29 08:15:15,5304,149,18,120.0,120.0,0.0,0
kw497ttCrgc,UC-okJdotaXPlzivRzHFqzuA,2026-08-16 05:00:15,164699,734,19,120.0,120.0,0.0,1
kw7wI60g2rI,UCYGF_xk5RDpltyZDSx040uw,2026-07-29 04:46:13,53829,509,37,119.98,120.23,0.02,0
kwICLsmys3I,UCgLFbrC7-g0ihBKB0obVPTg,2026-07-31 15:56:36,98,0,1,119.81,120.06,0.06,0
kwUcSZp1BWE,UCsrLyevZL_AEZY0LaYVCYzA,2026-08-30 23:00:09,239,1,0,119.76,120.01,0.01,0
kwgZ7388ToE,UCqPN9LAkx20aBWOafwvQB-Q,2026-08-03 23:00:23,169816,6494,451,120.0,120.0,0.0,0
kwnTgEOzNrY,UCPp6kLLWggTuACsQwFibg8A,2026-07-26 14:31:06,93593,494,24,119.98,120.23,0.02,0
kwouWs7WKTM,UCGa52d8Qlv3THghuCAt_nXA,2026-08-05 08:30:24,5446,77,8,120.0,120.0,0.0,0
kwypG6Bhc5s,UCHeg3ApmuXQbqqszaD1fR9g,2026-07-21 15:38:18,106,7,0,119.86,120.11,0.11,0
kwzxdzMcpuk,UCJDXc9JWCZo-nLNKr_-L2Ng,2026-08-16 19:07:42,6925,204,12,119.87,120.12,0.12,0
kx0dNk5Kd8M,UCAVR6Q0YgYa8xwz8rdg9Mrg,2026-08-10 05:00:13,198196,10837,147,120.0,120.0,0.0,1
kxEdL92BMPY,UCKrprPfevcAZpPuRnCO6xOA,2026-08-08 09:00:29,1269,11,4,120.0,120.0,0.0,0
kx_e13UysKU,UCnkytUgy0CtWd06up9CjNxg,2026-08-07 11:00:24,75635,1086,35,120.0,120.0,0.0,1
kxeEgJiZWzg,UCl-VnCUwSxDr5zPu-YlDUYw,2026-07-24 08:05:21,23696,544,26,119.91,120.16,0.09,1
kxoF1M6uOkI,UCkcaRxpTcisadUeCbHOYTFw,2026-07-30 11:04:09,13646,227,39,119.93,120.18,0.07,0
kxxD_8Ymm0c,UCVWAdUQGUiY2Kzh0JoB5PtQ,2026-08-30 05:56:19,1184,5,2,119.82,120.08,0.08,0
ky0-4nStUKY,UCPGl9DV2WUgaqGVXtVrhJWQ,2026-08-02 11:37:51,68,1,0,119.87,120.12,0.12,0
kyEz9KMwMz0,UCV6mNrW8CrmWtcxWfQXy11g,2026-08-03 14:00:26,735738,23612,151,119.99,120.24,0.01,1
kyJ1BnQKuqs,UCQyZh4b4TLaSVldnDWnh7fA,2026-07-26 05:47:03,0,0,0,119.97,120.22,0.03,0
kyNQL9TSfhU,UCfq-5-0b5Lzj7cKCrp6-flA,2026-08-12 08:00:27,82723,1916,92,120.0,120.0,0.0,1
kyRbB7XuQ0E,UCZCZHg_oJiHcrcj2vaPRCag,2026-07-26 15:31:56,63,0,0,119.97,120.22,0.03,0
kya710hTJzc,UCjBPx2oip2bKnnfqKyas0ew,2026-07-22 07:15:27,10995,443,61,120.0,120.0,0.0,0
kygsfKOdNGA,UCab17MxxnFtAhGsJVTkSkCg,2026-07-26 11:25:05,661,16,0,119.83,120.08,0.08,0
kys0bs3rcAU,UCPGl9DV2WUgaqGVXtVrhJWQ,2026-08-25 13:39:15,12,0,0,119.86,120.11,0.11,0
kytbt4a5DQM,UCqlcSsDNMYxEsem7bWY-66Q,2026-08-08 09:03:30,11587,411,23,119.95,120.2,0.05,0
kz2aoEbOb6A,UCs0LzOveQMLImmmTrMmP2sg,2026-08-16 13:00:03,180359,1007,136,120.0,120.0,0.0,0
kzCE_xzhwUA,UCSzHok6X5qXEO7cjvVnE62g,2026-07-30 10:00:36,60618,295,54,119.99,120.24,0.01,0
kzVXCLQGWbw,UCA2ztZuXhSktpdxb419WvCQ,2026-08-12 01:00:26,33265,299,76,120.0,120.0,0.0,0
kzcSLhnqq0o,UCifCesg-EUkjKyQedaB3hRg,2026-08-14 22:55:00,8317,122,3,119.84,120.09,0.09,1
kzfqioF9op4,UC5pdoCANExIVI4yf6DVoxew,2026-07-16 12:53:38,599,8,5,119.86,120.11,0.11,1
kzg0Mi6QdM8,UCAl4HWznMn7KhKBRFO5eiFA,2026-07-25 12:30:09,14465,57,1,120.0,120.0,0.0,1
l-D5JGh_Cmc,UCJDXc9JWCZo-nLNKr_-L2Ng,2026-08-24 18:00:37,1525,83,6,120.0,120.0,0.0,0
l-Gu05AdKpQ,UCw1DsweY9b2AKGjV4kGJP1A,2026-08-24 09:45:07,135826,662,27,119.76,120.01,0.01,1
l-IzXILNR6c,UC5H8Wt-1q_tnn-m4tDTqbUw,2026-08-28 07:40:12,2767,22,5,119.84,120.09,0.09,0
l-VTImG_Ik8,UC9jOsXFn3RwXEW3qUyySjAQ,2026-08-17 03:04:59,389,4,0,119.92,120.17,0.08,0
l-Vsz39xLF8,UCP8Q-Ku5_RkANynqDFzDWnQ,2026-07-23 15:00:28,7809,69,11,120.0,120.0,0.0,1
l-kc_ZN84Lo,UCoSniqkitCpxlHrQd5L8A1w,2026-07-15 12:02:42,1609,16,13,119.96,120.21,0.04,0
l01T9UZPh1k,UCJGww2K__Q3y-MtDi0XWH2w,2026-07-23 06:42:41,161986,3281,187,119.79,120.04,0.04,0
l06TZsHlafc,UC7lwS-aSDzYHZJ9uWuzySwQ,2026-08-20 09:00:24,190,0,2,120.0,120.0,0.0,1
l0UTDehHrA8,UCBvKuSAkXERBnGSQOH0Sarw,2026-08-24 19:39:09,5113,27,5,119.86,120.11,0.11,0
l0ZNJem3-FY,UC2yOBpLVwB7kzt9C5ZPbB7w,2026-08-12 13:00:20,60647,775,61,120.0,120.0,0.0,1
l0_ViUO0r8U,UCPGl9DV2WUgaqGVXtVrhJWQ,2026-07-10 15:00:29,8,0,0,119.99,120.24,0.01,0
l0cAyqadRc4,UC8aCmG_y4DqqVI9Xlcym1Jg,2026-08-28 21:35:36,8936,176,12,119.92,120.17,0.08,0
l0fmeW6zrac,UCifCesg-EUkjKyQedaB3hRg,2026-08-01 02:57:32,938,26,2,119.79,120.04,0.04,0
l0iTfL7m0Lk,UCOTJtP0Z9DjpPU43B5m1V6A,2026-08-09 02:30:30,135940,1288,123,119.99,120.24,0.01,0
l0ngtXLjO-o,UCuCmLrNT5MbpqfrSSKHqTug,2026-07-27 03:00:17,16338,45,11,120.0,120.0,0.0,1
l19MAYZ-k7U,UC72PuhDwKtZ5MikpGNhPAtA,2026-08-18 02:50:24,24901,688,40,119.91,120.16,0.09,0
l1O89nt4AkQ,UCPGl9DV2WUgaqGVXtVrhJWQ,2026-07-31 15:00:06,4,0,0,120.0,120.0,0.0,0
l1TQ67nb38Y,UClHGjnruf4A9Us7CHVgLIEQ,2026-07-22 08:09:51,35616,297,9,119.84,120.09,0.09,1
l1ZJ-L_AuZo,UCQfd-b9GRBrUP0-wCqabLTA,2026-08-28 19:33:19,2648,22,1,119.96,120.21,0.04,0
l2Nv4hJRNT8,UC_Xb6sEXAdNv9nHU4988vmg,2026-08-18 10:00:19,32831,,0,120.0,120.0,0.0,1
l2o3htbqNBY,UCpn9dP1b5BhBsU9SduEz1hA,2026-08-10 00:30:33,27998,361,28,119.99,120.24,0.01,0
l2v-mkvHrwo,UCV6mNrW8CrmWtcxWfQXy11g,2026-08-08 00:00:07,866865,47926,1722,120.0,120.0,0.0,1
l2zU9Pv0IYU,UCmZeuRfHYowZhf6odtoaNdg,2026-08-08 00:00:25,19518,197,49,120.0,120.0,0.0,0
l35FvtuP1Qw,UCVqmxk6oNOHj9RFVo4uP_lw,2026-08-13 04:00:07,5402,87,17,120.0,120.0,0.0,0
l3Bw6z7H2MU,UC-S8JFhLkQ5enhB70c2CYIw,2026-08-26 11:00:21,162193,3551,226,120.0,120.0,0.0,0
l3EJJmbDCpo,UCt8CJiye87FMbEwt0npPMuQ,2026-08-24 13:00:25,3748,124,20,120.0,120.0,0.0,1
l3OtpaJehZ0,UC-okJdotaXPlzivRzHFqzuA,2026-08-22 02:59:29,69233,855,32,119.77,120.02,0.02,0
l3PAQCcq0ww,UCcHVk5SFxfYhCbbX8pWWuVg,2026-08-31 09:00:07,23203,79,18,119.76,120.01,0.01,0
l3WZ93WOaCI,UCgWOZQvFZhGuqBCtjmee0XQ,2026-07-25 14:53:59,456,4,0,22.1,471.1,97.9,0
l3YF-wW2Eg8,UCBidluUUxzT_5jVOI_2x2MQ,2026-08-23 03:00:26,1170,8,1,120.0,120.0,0.0,1
l4Ei11Z97L4,UC_m_uqd_9s0hZvlgfvCzqbQ,2026-08-11 13:46:57,718,5,0,119.97,120.22,0.03,1
l4HLGmrwHCM,UCv1tOT645xHOJrwdGlzjMaA,2026-08-29 13:59:13,76835,374,324,119.78,120.03,0.03,0
l4J7fCcfbKo,UCrR_fhiJjoW8OJFzUcmlMMA,2026-08-09 07:30:23,5558,63,52,120.0,120.0,0.0,0
l4JareGzcck,UCqIwPYLfMd3EoWYwvyTjPnA,2026-07-26 03:00:29,31907,266,35,119.99,120.24,0.01,0
l4ogTzjp_m4,UCF-rFAdN7dzd-SI2T3rkCaQ,2026-07-18 10:50:20,45402,570,30,119.91,120.16,0.09,1
d2TSbc9s_Wo,UCFCt5RYu41HTg4eX1jdHNxw,2026-08-18 22:44:05,1164,23,0,119.78,120.03,0.03,0
d2aC3NBCNwI,UCfq-5-0b5Lzj7cKCrp6-flA,2026-08-18 08:00:01,19179,550,54,119.76,120.01,0.01,1
d2lNhm9qV0c,UCjhRgb1NpnlRs01s9rAhuug,2026-08-22 00:16:52,55,0,0,119.98,120.23,0.02,0
d2qxzMiU-D4,UCZJFaxsby9j3T6h0UVcCcCA,2026-07-31 19:00:27,59,0,1,120.0,120.0,0.0,0
d2tAF6wiSTo,UCCvEN8bTeF8Z2jcN513T1Gg,2026-07-14 08:00:16,2285,40,13,120.0,120.0,0.0,0
d2vjfOosma8,UCifCesg-EUkjKyQedaB3hRg,2026-08-16 01:16:00,19044,231,25,119.99,120.24,0.01,0
d30-t7XTCw8,UCQDGJQe8X9tbk_i8Na3VVXg,2026-08-16 13:18:21,106,4,0,119.95,120.2,0.05,0
d34nCLcKD-M,UCM81CAJ2_Y42-bvK1OQnAAA,2026-08-01 02:00:05,166309,1588,162,120.0,120.0,0.0,1
d3IqGeB2lRo,UCzSODDx0zQF3nxXOZISCm_w,2026-08-11 09:30:09,1323,3,0,120.0,120.0,0.0,1
d3OgFmijrgs,UCN5789pKaFwqjVBvg6yws_w,2026-08-20 00:00:29,1317,4,0,120.0,120.0,0.0,1
d3PIBjTkr2g,UCi1Tln5CFg1yExpz8djyxjA,2026-08-25 21:42:13,975744,34214,95,119.81,120.06,0.06,1
d3nRHRX1XY8,UCz1Gc37nWsdF_jbJ_SvMl4g,2026-08-23 11:02:30,8209,94,10,119.97,120.22,0.03,0
d3tqHl_kNc4,UC_9W6Z5Y3lDpLk47Y_y5ITQ,2026-07-23 09:52:19,27813,316,75,119.88,120.13,0.12,0
d3wcILwFJQI,UCPsZX-D7LW99PjZLA-UysPQ,2026-08-21 12:00:08,1256,7,5,119.76,120.01,0.01,0
d3z0_3ian-g,UCyEIUlSKbzCt3ElAsPFb7EQ,2026-08-04 02:00:38,11801,45,49,119.99,120.24,0.01,0
d433O-T8dFI,UCkcaRxpTcisadUeCbHOYTFw,2026-08-01 12:14:36,33367,447,20,119.76,120.01,0.01,1
d43_daQJcyk,UC5Yx9RlmznXDUEIrfoSqheA,2026-08-19 15:52:36,9577,54,0,119.89,120.14,0.11,0
d43dqy9hZ0g,UC-DpK48x4bltMjHHChZ4zBg,2026-08-03 14:24:22,9076,73,37,119.85,120.1,0.1,0
d4CaIMaUyys,UCN8L7Z-dyzu9FzT39RM0fvw,2026-07-14 12:06:26,28412,304,54,119.89,120.14,0.11,0
d4UC5bKGJhs,UCkd3KAYGnTNPJZZrPOFeWhA,2026-08-13 08:00:32,89877,245,18,119.99,120.25,0.01,1
d58rUUwEfSk,UCKVt3arMXfa6XZezR1UnjqQ,2026-07-28 03:00:17,2726,40,2,120.0,120.0,0.0,0
d5E8uAPl2Mw,UCPsZX-D7LW99PjZLA-UysPQ,2026-08-27 12:00:31,4962,20,6,120.0,120.0,0.0,0
d5HPuEw5tHI,UCYxwKnNRv4FurQxeKcuR0Sw,2026-08-29 16:47:49,163,6,0,119.96,120.22,0.04,0
d5TpkcTBMu8,UCKrprPfevcAZpPuRnCO6xOA,2026-08-03 09:00:34,1098,6,2,119.99,120.24,0.01,0
d5wO7_N1OXI,UCAl4HWznMn7KhKBRFO5eiFA,2026-08-08 11:29:16,3905,37,3,119.77,120.02,0.02,0
d65Jr2DMoLw,UCRpdlPk671uOMiBtf5HtB3Q,2026-08-05 09:55:40,14847,122,39,119.82,120.07,0.07,0
d6HTTauTNyE,UCei_ecYpQqFjYhjLaDPr2Lw,2026-08-31 20:43:14,66,6,0,119.79,120.04,0.04,0
d6Jdz0XU5ls,UC-okJdotaXPlzivRzHFqzuA,2026-08-04 03:30:15,111228,1748,95,120.0,120.0,0.0,0
d6P8BgqnOGM,UCXtU-C_e2iBzPSq9oLXtbVw,2026-08-26 23:15:36,300,2,4,120.0,120.0,0.0,0
d6Qp5RcuY9I,UC8CZL4cvFiKwKKDNCuM2lTA,2026-07-30 09:31:38,7896,65,0,119.98,120.23,0.02,0
d6proIQNzsg,UCS-X1uBDTNwAYyydiXjcX9A,2026-07-24 01:02:24,726,15,1,119.96,120.21,0.04,0
d7110EXbhJM,UCqlcSsDNMYxEsem7bWY-66Q,2026-08-10 09:03:07,8500,226,16,119.95,120.2,0.05,0
d73jqSdDpV0,UCby0vMKcLR05ZdS90aZd5og,2026-08-30 09:36:27,6873,6,0,119.91,120.16,0.09,1
d7GP2pRsxPA,UCei_ecYpQqFjYhjLaDPr2Lw,2026-07-29 22:53:02,61,12,0,119.87,120.12,0.12,0
d7ZO3ncCYSU,UChEATwTajZl4Wjypr0cBj3w,2026-07-22 19:50:14,3570,106,25,119.92,120.17,0.08,1
d7_-8Dq4HIM,UCgeazIBHz3JS7ft7_nyj-0A,2026-07-22 08:00:03,17550,88,16,120.0,120.0,0.0,0
d7e7n9WEGG4,UCZX4g_FvyOfyTIKxbMfKfIg,2026-07-15 07:01:41,5744,127,5,119.97,120.22,0.03,0
d7mqH7DKAIo,UC6YqXiwCBfPvPTs3wXgWElQ,2026-07-23 03:17:46,1695,5,0,119.96,120.21,0.04,1
d7rRAQPWz6Y,UCpcTrCXblq78GZrTUTLWeBw,2026-07-20 17:30:03,155669,727,95,120.0,120.0,0.0,1
d8-Kvq9Dvsc,UC78d2aaqdrt02RfmtRLmlAw,2026-08-08 15:03:29,2688,26,0,119.95,120.2,0.05,0
d86gfIY5Z1k,UCAl4HWznMn7KhKBRFO5eiFA,2026-08-06 13:40:20,39057,229,14,119.83,120.08,0.08,0
d8J3I2dLBF4,UCZ-B_El841ME7qGXvYinGmw,2026-07-30 14:26:41,8384,115,18,119.81,120.06,0.06,0
d8KAXa7ruR4,UCwBkHOTyu57NQi0syf5MLig,2026-08-15 06:13:22,97154,880,44,119.78,120.03,0.03,0
d8MVBULxMCo,UCZ6mNZTiTUrUSbSYPlclI4A,2026-08-04 09:45:15,54490,1345,85,120.0,120.0,0.0,1
d8enhaEyYks,UC2yOBpLVwB7kzt9C5ZPbB7w,2026-08-18 20:00:27,112298,1632,74,120.0,120.0,0.0,1
d8t0PKcEVBo,UCJj2vuQIpFnk5pbTAtCi3yw,2026-08-18 05:47:48,32159,828,27,119.97,120.21,0.03,1
d8wfFcad02s,UCNu00qhYj4nPeMNdxuwV6sg,2026-08-22 12:22:12,1138,39,0,119.89,120.14,0.11,0
d8xhOahRh4k,UCW_Ptq0v8ck67w9oKiwXz2g,2026-07-29 11:25:31,91,1,0,119.83,120.08,0.08,1
d902WxE3xg4,UC2k1bSUZ4X02jMs_sTS9jiQ,2026-08-19 13:00:06,13251,246,11,119.76,120.01,0.01,0
d9UFeSD9lDM,UCFHUplScMiWTjJrtv4hxWmg,2026-08-17 11:29:31,94475,625,131,119.76,120.01,0.01,0
d9gsyfDVm5Q,UCTK7GGeH0c9INAEnV2EfD0Q,2026-07-15 10:00:25,15657,494,3,120.0,120.0,0.0,1
d9icFTFOHlE,UCHeg3ApmuXQbqqszaD1fR9g,2026-08-16 02:00:11,20890,220,8,120.0,120.0,0.0,1
d9mNTAXQLGQ,UCUt2AEhC-OOC2EPCzj4DkCw,2026-08-19 23:00:19,24240,623,26,120.0,120.0,0.0,1
d9sElt6lLL4,UCAaLhok91QDrweyuDRsmjqQ,2026-08-17 08:19:30,202839,2773,263,119.93,120.18,0.07,0
d9yNwz9ZMKg,UCV7WE8I_UiAN0fa6Arezx_w,2026-08-23 10:00:19,32,0,0,119.76,120.01,0.01,0
dA7pnDLadxw,UCaN1Qp37sHiCdQuSaXa3fVw,2026-07-27 05:48:42,170240,3105,62,119.94,120.19,0.06,1
dAKCAZG6Hho,UCaMV-CjrWYh2Aefg_8iLwJQ,2026-07-26 04:00:11,144933,1003,27,120.0,120.0,0.0,1
dAa8vrz27nM,UC2WBkFH1nHcO6aFLWo6sZQg,2026-08-29 14:59:50,30603,786,5,119.76,120.01,0.01,0
dAzc6o_wUI0,UCZCZHg_oJiHcrcj2vaPRCag,2026-07-28 09:00:19,154,0,0,120.0,120.0,0.0,0
dB3lXYhBS90,UCt8CJiye87FMbEwt0npPMuQ,2026-07-23 12:00:36,8632,304,18,119.99,120.24,0.01,1
dB60XMjElJg,UCSTIgFSMRyUgrobBoCVAGmw,2026-08-12 10:19:58,15,2,0,119.92,120.17,0.08,0
dBKvK4H9edo,UCzDyC6JMEXEufozffWzI9Mg,2026-08-04 04:00:10,65369,655,39,120.0,120.0,0.0,1
dBSFCYpbbg0,UCfcfymsN3OMo2cfmbpGTanw,2026-08-04 11:00:27,10708,57,20,119.99,120.24,0.01,0
dBfbF4MylfM,UC78d2aaqdrt02RfmtRLmlAw,2026-08-15 16:00:30,7887,220,71,120.0,120.0,0.0,0
dBnccXG4pW0,UCPGl9DV2WUgaqGVXtVrhJWQ,2026-07-19 13:42:43,1,0,0,119.79,120.04,0.04,0
dBzjNpbpU-s,UCQzgMwT5Q6x-Mtq65HRS_0Q,2026-08-28 11:28:59,5513,27,14,119.78,120.03,0.03,0
dC7zjmqw2Bg,UCgT-gb3favw2jQgwxbbwwaA,2026-08-18 11:00:06,76875,524,14,119.76,120.01,0.01,0
dCFZChfzlD8,UCWyumbJC1uZS-obctkwSAuQ,2026-08-26 08:33:55,0,0,0,119.95,120.2,0.05,0
dCGfi58-LEY,UCv1tOT645xHOJrwdGlzjMaA,2026-08-22 14:19:22,81349,1420,45,119.94,120.19,0.06,1
dCPJvAbFpx0,UCrKSaegnzewdj9-YLsUhoZw,2026-07-18 23:42:54,11512,31,37,119.79,120.04,0.04,0
dCRQ0ii_4HA,UCJmnOEp1-OITEU0mk4icM5A,2026-07-28 10:00:15,26254,356,22,120.0,120.0,0.0,1
dC_TmapRhEE,UC4cKHOBS-nRfKFTwf1n8HGA,2026-07-30 07:44:03,1770,,3,119.77,120.02,0.02,1
dCnvqLqmW10,UC-aXNBQ6nwMNeW2V8XB7sBg,2026-08-02 01:00:08,50367,1029,45,120.0,120.0,0.0,1
dD-3MBRO79E,UC8CZL4cvFiKwKKDNCuM2lTA,2026-07-24 22:31:25,14804,127,0,119.98,120.23,0.02,0
dD6DaJXcJH0,UC3ozN5tHi449NhCDE6Xtmwg,2026-07-22 15:44:43,42709,481,18,119.76,120.01,0.01,1
dD6csVbKxu8,UCPGl9DV2WUgaqGVXtVrhJWQ,2026-08-17 13:19:09,130,1,0,119.93,120.18,0.07,0
dD76q_hCUlI,UCDLDbittWhk2KXvaCT0YpZQ,2026-08-15 03:00:32,34426,800,63,119.99,120.24,0.01,0
dD7GP-kaDzE,UC_O4_e0nbsMoU1rg7JU_nwQ,2026-08-29 02:30:39,79667,758,159,120.0,120.0,0.0,0
dD7mAIAcnFQ,UCxtZZzggcfOmsW99gYkxsNA,2026-08-13 09:00:37,17326,648,107,119.99,120.24,0.01,0
dD9KmRw1NG0,UCHbz27HAkCIQNw_G2Pa7XVg,2026-08-21 08:28:29,18309,341,27,119.79,120.04,0.04,1
dDF85M_MjKM,UCl-VnCUwSxDr5zPu-YlDUYw,2026-08-20 09:15:05,4524,63,28,120.0,120.0,0.0,0
fhyyMnu6oOU,UCUt2AEhC-OOC2EPCzj4DkCw,2026-08-01 08:00:23,71172,1181,24,120.0,120.0,0.0,1
fi3as3f3QGI,UCYM01qjjE_hmqFQAmOo-lNg,2026-08-04 11:00:32,6973,37,10,119.99,120.24,0.01,0
fiLJtDIOAvo,UC5Yx9RlmznXDUEIrfoSqheA,2026-08-13 15:34:39,54,2,2,119.93,120.18,0.07,0
fiNJUsPuPew,UC5RxNUZ9_c94ZEfJGnJZmTw,2026-08-31 12:00:21,11802,225,55,119.76,120.01,0.01,0
fiQbewgIv8E,UC1dG3vI9FfHnH3YgyeKUz_A,2026-07-18 14:27:11,197721,936,203,119.8,120.05,0.05,0
fiRXcuF7zIs,UC86GXx7Ap-Cahlb0r0xT-ZQ,2026-08-20 12:00:27,11287,100,7,120.0,120.0,0.0,0
fihghUDkNh4,UCg5Ew4lj74r_ohbc4AeQj1w,2026-08-15 01:31:53,124658,2580,69,119.97,120.22,0.03,1
fiox9BrsGEQ,UCfIUuMA7U_jImP7oWfTe4Pw,2026-08-09 10:49:31,430488,3258,359,119.93,120.18,0.07,0
firjNB1W9Ng,UC4VWaR3R17Ruc7j1Cy1-PKQ,2026-07-30 08:03:44,105,5,1,119.94,120.19,0.06,0
fivXDDUZUlo,UCt8CJiye87FMbEwt0npPMuQ,2026-08-06 15:30:30,8795,326,14,119.99,120.24,0.01,0
fix7aUioHRM,UCyoKcrOcBEY4rmLYkDuXErA,2026-08-12 13:00:10,87320,1636,162,120.0,120.0,0.0,0
fj7aQg0-pKw,UCV6mNrW8CrmWtcxWfQXy11g,2026-08-14 10:00:27,142878,6914,61,120.0,120.0,0.0,1
fjHPpIe1x0s,UCPsZX-D7LW99PjZLA-UysPQ,2026-07-30 06:00:39,389,5,2,119.99,120.24,0.01,0
fjRpvo-hhJk,UCCTw9N950kEoELFv3dRcWJQ,2026-08-21 23:47:40,2757,95,3,119.97,120.22,0.03,0
fjfzm44r1WE,UClHTjLVog7CkRF8tYJuNXXQ,2026-08-03 19:08:35,155,9,3,119.86,120.11,0.11,0
fjrNsyeFNyY,UC9vz3TBChrJmYbzUo-rqfSg,2026-08-25 02:18:36,15645,143,47,119.95,120.2,0.05,0
fjzhfzWyHtg,UC6JB_a6rD1lZ_aZgQvORfrQ,2026-07-12 22:30:07,9482,68,33,120.0,120.0,0.0,0
fkHrOLhUqqM,UCw1DsweY9b2AKGjV4kGJP1A,2026-08-01 03:00:06,30378,252,13,120.0,120.0,0.0,0
fkIsE6lbYD0,UCZudBEEhIf6i8XIZZn3QDvA,2026-07-11 06:44:09,52466,964,5,119.77,120.02,0.02,0
fkPKZSn0tW0,UCZ49HaU_D0Tlf1aDA2jU_Vg,2026-08-15 12:07:30,49268,456,67,119.88,120.13,0.12,0
fkQ-bb8Ve48,UCPGl9DV2WUgaqGVXtVrhJWQ,2026-08-19 06:41:27,310,1,0,119.82,120.07,0.07,0
fkRLT6PD7vY,UCMswODzU1ZjjrLyUk7NfwPA,2026-08-10 08:19:46,4457,141,43,119.92,120.17,0.08,1
fkW-31iFHgQ,UChEATwTajZl4Wjypr0cBj3w,2026-08-19 19:12:49,9405,210,10,119.8,120.05,0.05,1
fkc99aL92ao,UCT807kAu6fmwES8B5698e2w,2026-07-29 04:16:08,47013,2842,79,119.98,120.23,0.02,1
fkz0LbMnT7k,UCaMV-CjrWYh2Aefg_8iLwJQ,2026-08-25 10:07:36,54138,281,115,119.89,120.14,0.11,0
flEE14buycg,UCQfISxq5legTqOt1h1us6lg,2026-08-02 12:21:14,3099,9,0,119.9,120.15,0.1,0
flH56vabNZo,UCt8CJiye87FMbEwt0npPMuQ,2026-08-27 19:40:12,22216,281,14,119.84,120.09,0.09,1
flMDO5oPWkU,UCqlcSsDNMYxEsem7bWY-66Q,2026-08-30 15:34:00,33132,517,1,119.95,120.2,0.05,0
flOuWOsDLg0,UC-yb5eNBQyXBE9nZnht9u-g,2026-08-31 10:02:06,51306,591,40,119.98,120.23,0.02,0
flRBUuWw8ng,UCnju7ULBic4VgkCfDvVXCnA,2026-08-21 22:39:50,3393,94,0,119.85,120.1,0.1,0
flye_W66YZs,UCYGF_xk5RDpltyZDSx040uw,2026-07-24 04:14:06,77256,979,64,119.77,120.02,0.02,1
fm3Ug8aUq0Q,UC7hwQp3F6P_OwyRM14p88iQ,2026-08-23 15:19:28,36510,206,0,119.94,120.19,0.06,0
fm6Ewf30kNU,UCt8CJiye87FMbEwt0npPMuQ,2026-07-18 16:30:01,4862,67,20,120.0,120.0,0.0,1
fmAiz3PXARk,UCmZeuRfHYowZhf6odtoaNdg,2026-08-22 12:59:01,42684,369,85,119.78,120.03,0.03,0
fmCD2DFOht8,UCawK5EIfr66Z7fjAlZgfB2g,2026-07-26 11:44:24,32975,,45,119.76,120.01,0.01,0
fmbhujBunqY,UCMswODzU1ZjjrLyUk7NfwPA,2026-07-12 11:15:24,23668,349,13,119.99,120.24,0.01,0
fmgHG_hiWWU,UC7bcRlidTERRb_MKRHPVSnw,2026-08-17 12:00:11,55484,918,72,120.0,120.0,0.0,0
fmsJ5d5A6VM,UCqEoc6yuYRg5CFG4NIG8euQ,2026-08-18 08:00:06,9158,133,22,119.76,120.01,0.01,0
fmtxhoua9VA,UCirJgPv8RtFaFMj39b6cD8Q,2026-08-26 09:00:31,1978,16,0,120.0,120.0,0.0,1
fmu4uYVfRPU,UCpcTrCXblq78GZrTUTLWeBw,2026-08-08 15:30:10,389611,12592,145,120.0,120.0,0.0,0
fmzQZ2gUw2g,UCms8Ge7H1ZGgw6nV94fUhUQ,2026-07-25 09:00:27,40095,473,37,119.99,120.24,0.01,1
fn-lf9v-UlA,UCOTJtP0Z9DjpPU43B5m1V6A,2026-08-08 09:30:03,97156,867,73,120.0,120.0,0.0,0
fn1NWyeCMXY,UCp6n8d8Y8r3MwKNw_MMaouQ,2026-07-30 19:57:21,896,15,0,119.8,120.05,0.05,0
fnTBkV4Qj0E,UCqVkQsNin4MdGFrWvzFVOKw,2026-08-08 02:01:22,6399,224,3,119.98,120.23,0.02,0
fnZCfzobyD8,UCWWbq-bWMCC3eCaGjdyU10w,2026-08-19 07:52:26,115451,1418,26,119.89,120.14,0.11,1
fncNP0s1Yr0,UCGa52d8Qlv3THghuCAt_nXA,2026-07-31 08:30:08,4531,59,6,120.0,120.0,0.0,0
fncXp1KdX68,UCV6mNrW8CrmWtcxWfQXy11g,2026-08-22 04:43:17,104385,5767,503,119.79,120.04,0.04,1
fneJ93MzaCU,UCcum1rCJ5GJeQ_xv0xrohqg,2026-07-31 04:00:12,92045,3026,208,120.0,120.0,0.0,1
fniSl2Nv4nM,UCZCZHg_oJiHcrcj2vaPRCag,2026-08-08 14:07:59,21,2,0,119.87,120.12,0.12,0
fo2zRGryXSU,UCCd3jyJmOFzkJEMj5Bp89rw,2026-07-11 23:00:17,1760,100,0,120.0,120.0,0.0,0
fo5jQLLVy68,UCdK9h1ILxS49c2LguBUY3rw,2026-08-25 08:40:05,28,5,0,119.84,120.09,0.09,0
fo9A3gQZmYY,UCAl4HWznMn7KhKBRFO5eiFA,2026-07-11 10:30:49,9420,43,0,119.99,120.24,0.01,1
foEliOOZdQk,UCPGl9DV2WUgaqGVXtVrhJWQ,2026-08-24 15:00:12,130,0,0,119.76,120.01,0.01,0
foIk7EsmNgY,UCXAXCxTCCYYKsLJNzEvjqfw,2026-08-24 06:39:41,116108,2615,49,119.85,120.1,0.1,1
foIqwExxi-w,UCbYO4SBywZ2oWv1u309oWmQ,2026-08-27 10:34:05,148870,2002,83,119.94,120.19,0.06,1
foQ-yDFnHlM,UCpI-AhCT02iQRGLC2ZcY0Jw,2026-07-27 01:00:06,29793,349,362,120.0,120.0,0.0,0
foRN5h5rHl4,UCe-7GwWL1XNlCJyfqBhgrHA,2026-07-23 08:21:02,27730,973,50,119.9,120.15,0.1,0
focneqdVXEY,UC2f8VfmEF2_0-rFN4RNHaNg,2026-08-04 13:14:10,22137,424,147,119.77,120.02,0.02,0
fohFJc9OhdA,UCw1DsweY9b2AKGjV4kGJP1A,2026-07-11 11:07:47,62847,222,137,119.87,120.12,0.12,0
foxlPfjP-6I,UCLbehOwlIi6QrfZNhC39t4Q,2026-08-01 12:41:45,5293,67,6,119.81,120.06,0.06,0
fp3Z40RHlrg,UCzSODDx0zQF3nxXOZISCm_w,2026-08-06 10:30:24,363,4,2,120.0,120.0,0.0,0
fpB-Ypag8nk,UCkoszQp0YiJa9lGm_wK0xGQ,2026-08-13 03:18:36,653,10,0,119.94,120.19,0.06,0
fpBZwPL7r-0,UCAl4HWznMn7KhKBRFO5eiFA,2026-08-23 12:01:16,47082,331,26,119.99,120.24,0.01,1
fpINlUmzor4,UCz4b1O9sT73P8DWwx6OvQwg,2026-08-28 11:00:19,105138,1824,28,119.76,120.01,0.01,1
fpJff8zKWck,UCoH2pCzAr6zWDG-LtUiLWRw,2026-08-14 07:00:05,7217,62,23,120.0,120.0,0.0,0
fpL4BDQTYXU,UCby0vMKcLR05ZdS90aZd5og,2026-07-18 07:13:50,3192,8,6,119.77,120.02,0.02,1
fpLR4ZPxNWQ,UCMpvRMwoq_WmradKdysk6Cg,2026-07-22 09:00:18,55784,418,49,120.0,120.0,0.0,0
fpRTsM4wXPI,UCNymqCXr3sxL8dnmO_jScuA,2026-08-04 03:45:00,67571,918,114,120.0,120.0,0.0,0
fp_wl0rvjyQ,UCp6n8d8Y8r3MwKNw_MMaouQ,2026-07-30 20:03:20,244404,2355,18,119.95,120.2,0.05,0
fpmJUAUmLNs,UCqlcSsDNMYxEsem7bWY-66Q,2026-08-21 09:03:36,16936,349,28,119.95,120.2,0.05,0
fpmnE1MNZ9Q,UCCW6uYIUP4YKKe50k-ktVAw,2026-08-22 00:00:28,41774,692,56,119.75,120.01,0.01,0
fpnyPErotdo,UCi181r-I3cB4udxgGzkFtmw,2026-07-26 11:01:34,271509,,450,119.98,120.23,0.02,0
fq1X7CxI_vA,UC8x8GQmlxAIhHxzU61z0uLQ,2026-08-30 11:14:14,11749,89,6,119.78,120.03,0.03,0
fq7ftFapjZg,UCV7WE8I_UiAN0fa6Arezx_w,2026-08-29 21:00:32,440,2,0,119.75,120.01,0.01,0
fqEBqdk0tew,UCyiKngyUPUb1bka4yFrn65g,2026-08-15 08:08:56,8719,69,28,119.86,120.11,0.11,0
fqHbiMiFir4,UCw1DsweY9b2AKGjV4kGJP1A,2026-07-11 12:06:13,132720,745,310,119.9,120.15,0.1,0
fqMPEs23URU,UCv1tOT645xHOJrwdGlzjMaA,2026-08-28 10:52:26,41809,616,15,119.89,120.14,0.11,1
fqNFbnG60zg,UCV6mNrW8CrmWtcxWfQXy11g,2026-07-30 00:54:41,18975,918,72,119.84,120.09,0.09,0
fqT6xSptezs,UC_9W6Z5Y3lDpLk47Y_y5ITQ,2026-07-31 19:15:01,7069,71,24,120.0,120.0,0.0,0
fqbzHvuc6Uw,UC3RzmV2LX3AmWhZVx0A7u0A,2026-07-27 07:00:13,39302,1009,101,120.0,120.0,0.0,0
iTGgFPmhfUQ,UC1Il94cQwl93Zun8ax1Qjlw,2026-08-22 13:17:32,1713,15,10,119.97,120.22,0.03,1
iTLpnFcqSrA,UCuCmLrNT5MbpqfrSSKHqTug,2026-08-11 08:00:17,15460,168,35,120.0,120.0,0.0,0
iTZ7tDH747Y,UCV6mNrW8CrmWtcxWfQXy11g,2026-07-25 14:00:22,121340,4254,52,120.0,120.0,0.0,1
iTeblIT_QQc,UC9M8GGVwPqc9ubNruArCNPg,2026-07-20 12:00:20,13241,713,19,120.0,120.0,0.0,0
iTj-3pJKFbI,UCZCZHg_oJiHcrcj2vaPRCag,2026-08-30 11:29:38,16020,7,9,119.77,120.02,0.02,0
iTnC_IKmDmc,UCt8CJiye87FMbEwt0npPMuQ,2026-08-31 16:00:26,61073,818,47,119.76,120.01,0.01,0
iTnHOYt2yUI,UCz4b1O9sT73P8DWwx6OvQwg,2026-08-16 07:00:49,31098,488,39,119.99,120.24,0.01,0
iToNNrWR4vA,UCwBkHOTyu57NQi0syf5MLig,2026-08-08 00:00:36,331807,1402,46,119.99,120.25,0.01,1
iTxmInRpG70,UCYxwKnNRv4FurQxeKcuR0Sw,2026-07-29 03:00:09,28,4,0,120.0,120.0,0.0,0
iU7ekzO1P8k,UC-aXNBQ6nwMNeW2V8XB7sBg,2026-08-05 04:00:10,104523,1143,36,120.0,120.0,0.0,1
iUAGgVY7V9Q,UCZCZHg_oJiHcrcj2vaPRCag,2026-08-10 09:00:18,1127,0,0,120.0,120.0,0.0,0
iUGqEPgYhNA,UC-aXNBQ6nwMNeW2V8XB7sBg,2026-07-16 03:00:21,73632,500,32,120.0,120.0,0.0,1
iUJnvs5XGTE,UCNRnCc0hg3ZcKdOGXKKv5Ww,2026-08-07 16:04:55,11946,81,5,119.92,120.17,0.08,0
iUNkkMKH-Gw,UCXVVG5ZM3SJJCh94xatR8Dg,2026-08-20 08:00:26,1116,17,9,120.0,120.0,0.0,1
iUQ7dq_bh1w,UC_9W6Z5Y3lDpLk47Y_y5ITQ,2026-08-23 16:02:12,16922,228,28,119.97,120.22,0.03,0
iUZm9jW4vME,UCXAXCxTCCYYKsLJNzEvjqfw,2026-07-28 01:27:01,15168,185,122,119.8,120.05,0.05,0
iUqu3XEWuRk,UCV6mNrW8CrmWtcxWfQXy11g,2026-08-21 05:00:26,66240,1965,49,120.0,120.0,0.0,1
iV8fYqyO2k4,UCab17MxxnFtAhGsJVTkSkCg,2026-08-17 06:14:33,1021,20,1,119.76,120.01,0.01,0
iVKgMpfmphA,UCAl4HWznMn7KhKBRFO5eiFA,2026-07-23 13:33:15,11467,98,7,119.95,120.2,0.05,1
iVPoYcFT3lw,UCfIUuMA7U_jImP7oWfTe4Pw,2026-08-30 14:32:59,739396,7152,76,119.96,120.21,0.04,0
iVWsekz5iYo,UCO8ToDSM2Gvt3EZdOdosxTw,2026-07-18 09:30:07,35061,1615,35,120.0,120.0,0.0,0
iVZLWYZC3Ek,UCrY2B2XX41ReYh9DIWrFfCg,2026-08-04 09:54:38,7248,,12,119.84,120.09,0.09,0
iViz9G-lKX0,UCcJ_oPUSkS_h96_PuizxMGA,2026-08-01 07:00:44,426,10,8,119.99,120.24,0.01,0
iVx9-xbibto,UCifCesg-EUkjKyQedaB3hRg,2026-08-01 00:29:52,3373,37,3,120.0,120.0,0.0,0
iWAxXIb1vJk,UCmZeuRfHYowZhf6odtoaNdg,2026-08-26 04:34:16,55151,537,179,119.94,120.19,0.06,0
iWMAAZIyLfU,UCN5oT4zGJX-_H6pE5isAEeg,2026-08-14 05:58:47,92538,1109,114,119.77,120.02,0.02,0
iWVFbmiZaE4,UCQJuZxeDv2P05YHcC-tIEVQ,2026-08-26 08:30:34,155141,2548,38,120.0,120.0,0.0,1
iWVtu0LyGrc,UCV7WE8I_UiAN0fa6Arezx_w,2026-07-23 00:00:27,69,0,0,119.99,120.25,0.01,0
iWdHlufGeGw,UC0aKwoKNeqBaUwiEXmkQaGQ,2026-08-10 03:00:43,98070,1678,151,119.99,120.24,0.01,1
iWedz0qhXto,UCkrNv6xF8j7QZmWb3UeAH8A,2026-08-11 11:36:13,2730,19,1,119.9,120.15,0.1,0
iWwLF7OD9OE,UCawK5EIfr66Z7fjAlZgfB2g,2026-08-14 08:00:11,26313,,28,120.0,120.0,0.0,0
iWxD5jZ0fOA,UC_9W6Z5Y3lDpLk47Y_y5ITQ,2026-08-20 17:55:18,13752,169,28,119.84,120.09,0.09,0
iX8UqLbHrss,UCby0vMKcLR05ZdS90aZd5og,2026-07-23 13:38:46,1458,2,0,119.85,120.1,0.1,1
iXRKmEsFDW4,UCgvtwZJPhSfbKOxh3EoVXng,2026-08-13 12:05:45,15,1,0,119.91,120.16,0.09,0
iXRZjl3mkSY,UCz1Gc37nWsdF_jbJ_SvMl4g,2026-07-31 10:39:41,13912,91,3,119.84,120.09,0.09,0
iXgbML2fzdE,UCos3GN2gX0wLcfuhOAiMotQ,2026-08-29 07:28:47,47791,223,41,119.79,120.04,0.04,0
iXx0fWUTW00,UCjBPx2oip2bKnnfqKyas0ew,2026-08-23 09:00:10,3611,357,42,119.76,120.01,0.01,1
iY8gcDyYd5w,UC-pobd8lZE33BSDz-iyHfJQ,2026-08-02 00:48:19,1027,9,0,119.95,120.2,0.05,0
iY9iNnEUsZw,UChLqHuZV0PENIBYxDgXyPLQ,2026-07-24 13:51:22,8676,60,13,119.9,120.15,0.1,0
iYOZyA76yg4,UCuXE-MdbuaZcPt_2J2kSsSQ,2026-07-12 06:48:22,345,3,0,119.95,120.2,0.05,1
iYfYrsd09lo,UC8CX0LD98EDXl4UYX1MDCXg,2026-07-27 13:00:04,338037,10050,670,120.0,120.0,0.0,1
iYfwav4-KF0,UCyZXLzORHoh9QMwA7IwS0pA,2026-08-12 14:21:18,486,8,0,119.9,120.15,0.1,0
iYmOKuneVD8,UCV7WE8I_UiAN0fa6Arezx_w,2026-08-30 21:00:16,3880,0,0,119.76,120.01,0.01,0
iYqy_PTx_ok,UCikKJvpU0Ylua4hRW6faQRg,2026-08-29 07:31:43,9797,89,0,119.98,120.23,0.02,0
iZBsh9nu_g8,UCV6mNrW8CrmWtcxWfQXy11g,2026-08-18 05:00:19,9532,730,31,120.0,120.0,0.0,0
iZCc7LjDXjc,UC6aF-skLT_1X6cdPJxVJXxQ,2026-08-25 08:00:36,188906,5788,93,120.0,120.0,0.0,0
iZV9aJPZ2po,UCOTJtP0Z9DjpPU43B5m1V6A,2026-08-11 02:30:16,106984,994,66,120.0,120.0,0.0,0
iZd7-DIRql0,UCHJv9xBR9lkzGSIepie-T_A,2026-08-12 21:30:10,3054,36,1,120.0,120.0,0.0,0
iZsh3oyKzhg,UCeG0ONJtjwE20ThR5iSYdsA,2026-08-20 07:00:21,40586,546,77,120.0,120.0,0.0,0
iZt7iqqiLb8,UCT-UsvGz4gm7lezXvCEex9A,2026-07-23 10:00:31,1638,35,10,119.99,120.24,0.01,1
iZv_0WPWngU,UCp6n8d8Y8r3MwKNw_MMaouQ,2026-08-13 21:30:48,9014,45,0,119.99,120.24,0.01,0
iZvfNFxQaKk,UCah0w9n_eAyjUBG7eHbj8vw,2026-07-25 09:06:01,0,0,0,119.9,120.15,0.1,0
i_1iBx2yRhs,UCNRnCc0hg3ZcKdOGXKKv5Ww,2026-08-27 03:15:24,20118,159,21,120.0,120.0,0.0,1
i_2zU8PNq7w,UCfjMjhfjRRy8B0mfqbO_43w,2026-08-28 10:09:23,124388,650,192,119.86,120.11,0.11,0
i_O7Utcoz3I,UCAVR6Q0YgYa8xwz8rdg9Mrg,2026-08-03 04:00:13,77704,4868,79,120.0,120.0,0.0,1
i_ikEL6AKzE,UCfIFEUxDE0kRkZh4yfEBEvA,2026-07-27 08:38:55,5074,5,0,119.85,120.1,0.1,1
i_jHPMiCrW4,UCJA6MZLzTeljmGNFaugdoWQ,2026-08-24 07:00:07,1722,9,1,119.76,120.01,0.01,1
i_svjDhPKtE,UCjiPEaapiHbJMoAdi_L8fNA,2026-08-28 17:22:25,170031,1368,271,119.89,120.14,0.11,1
i_u1eeGKtrU,UCt8CJiye87FMbEwt0npPMuQ,2026-08-27 19:22:10,4772,40,4,119.89,120.14,0.11,0
i_y5gi1L41I,UCXS55IczImEf64aU16NzKlg,2026-07-15 02:00:03,3355,32,22,120.0,120.0,0.0,0
i_yIbBkJ6bY,UCoovEJW0dyTWwHiblWDWvyQ,2026-07-23 10:30:18,35713,504,53,120.0,120.0,0.0,0
ia04ORuYalM,UCBW_PhuXoHk40xF6nO0Q64w,2026-08-19 01:20:07,3791,90,6,119.93,120.18,0.07,0
ia0YT2giaP0,UCpI-AhCT02iQRGLC2ZcY0Jw,2026-08-08 05:12:37,60586,1093,54,119.79,120.04,0.04,1
ia1QzXt7_e0,UCDHGqgpiHQAsE0UiltRqhfQ,2026-08-14 09:30:21,31378,74,56,120.0,120.0,0.0,0
ia38vN2nPQQ,UCBW_PhuXoHk40xF6nO0Q64w,2026-08-01 08:07:38,2945,72,5,119.88,120.13,0.12,0
iaX5GeGN6OM,UCIvLQ5lZ2kebqnLaGv_FP4w,2026-08-13 06:05:30,10621,40,32,119.91,120.16,0.09,0
iahQ08elf6o,UCjsqgRBvkn8XadWraSQxTKQ,2026-07-24 17:07:02,338,3,0,119.88,120.13,0.12,0
iajG4IeKKbo,UCmwZePdbUmncnpQptdPH2Jg,2026-08-30 05:28:39,35,2,1,119.78,120.03,0.03,0
ial0x9BJrmA,UC-pobd8lZE33BSDz-iyHfJQ,2026-08-06 01:54:01,6136,22,0,119.85,120.1,0.1,0
iamBiFdu3iQ,UCIxcZWLQpP-mUZC6_Uljc_Q,2026-07-29 12:30:02,18332,96,98,120.0,120.0,0.0,0
iarWvAzE5fk,UClmc4bkKkQy2cjn3lKjRGbg,2026-08-08 13:44:56,11,2,0,120.0,120.0,0.0,0
ib0Zbtaw21g,UCiEMsnnzti6PDNi8TAlSnFw,2026-08-23 18:18:32,10,,0,119.95,120.2,0.05,0
ibU1Ghl3U2s,UCV6mNrW8CrmWtcxWfQXy11g,2026-08-11 06:00:03,165123,4963,57,120.0,120.0,0.0,1
ibXBRAHP4Dw,UCifCesg-EUkjKyQedaB3hRg,2026-08-31 00:14:23,34668,173,8,119.78,120.02,0.02,0
ibhXjofp6ZY,UCq6bX1rAJqwt3LmYuHrDPqg,2026-08-12 09:30:30,47134,207,41,120.0,120.0,0.0,0
ibmCmEUpp9U,UCqlcSsDNMYxEsem7bWY-66Q,2026-08-13 16:19:42,16239,449,2,119.92,120.17,0.08,0
ibmZQNcIiHk,UC_RRZdJk55ShXE-9d3deRUA,2026-08-20 14:40:04,3771,33,0,119.84,120.09,0.09,0
ibq2uZfai_s,UCgT-gb3favw2jQgwxbbwwaA,2026-08-13 11:00:16,143347,1880,38,120.0,120.0,0.0,0
ibrjTnxozSw,UCVqmxk6oNOHj9RFVo4uP_lw,2026-08-21 23:00:15,18409,424,34,119.76,120.01,0.01,1
ibul_cUWd8k,UCB4YEVYp6LynBpz7bXyZsTg,2026-07-26 12:00:20,8004,85,11,120.0,120.0,0.0,0
icJlBwGZJMs,UCPGl9DV2WUgaqGVXtVrhJWQ,2026-08-12 10:30:25,5,0,0,120.0,120.0,0.0,0
l4q2I2ezZrc,UC5ScPjbt-a97AJO7SBj6nAg,2026-08-01 06:12:12,215429,5235,243,119.8,120.05,0.05,1
l4vjAqAgPPs,UCDnIK80iouL_rb_J6GybOlg,2026-07-24 14:00:36,1,0,0,119.99,120.24,0.01,0
l5R5pL2A5qE,UC4oe-OVZ2Ho-03yrMkrXomQ,2026-08-26 23:00:33,215739,3767,80,120.0,120.0,0.0,1
l5iLninS8wA,UCaMV-CjrWYh2Aefg_8iLwJQ,2026-08-02 04:00:02,164618,1036,31,120.0,120.0,0.0,1
l5qXP1udXS0,UC2yOBpLVwB7kzt9C5ZPbB7w,2026-07-27 04:00:27,194471,2724,92,120.0,120.0,0.0,1
l5vfspd_7DQ,UCc1VJX_5Z2RdGi58XU4IfbA,2026-08-21 13:17:07,85726,680,7,119.98,120.23,0.02,0
l62MQB0H1pU,UCp6n8d8Y8r3MwKNw_MMaouQ,2026-08-14 14:40:00,24085,478,1,119.84,120.09,0.09,1
l69AT9JMjjs,UCos3GN2gX0wLcfuhOAiMotQ,2026-08-06 13:25:27,58619,267,87,119.83,120.08,0.08,0
l6Q0KKI02-o,UCTK7GGeH0c9INAEnV2EfD0Q,2026-07-31 03:00:35,7135,180,10,119.99,120.24,0.01,0
l6Q8mZJler0,UCJDXc9JWCZo-nLNKr_-L2Ng,2026-08-27 20:00:04,2262,72,9,119.76,120.01,0.01,0
l6Vz5uLlN90,UCkavlo6q2XfO_MA9Q24wRvw,2026-07-22 08:00:30,2677,11,10,120.0,120.0,0.0,0
l6ebtUlyr8A,UCnkytUgy0CtWd06up9CjNxg,2026-08-26 11:02:10,73455,1360,68,119.97,120.22,0.03,0
l7-iBoPTAV4,UCt8CJiye87FMbEwt0npPMuQ,2026-08-17 16:00:11,67423,2284,143,120.0,120.0,0.0,1
l7BtEKTKL5E,UCNRnCc0hg3ZcKdOGXKKv5Ww,2026-08-10 09:15:09,5426,74,14,120.0,120.0,0.0,0
l7GK2rtYeio,UCWwbZhw5M-Q5dZtTK4nDWNw,2026-08-21 03:00:15,94979,1047,36,119.76,120.01,0.01,1
l7dFIaPAjic,UC0PMQXAwF6O6aeTpv962miA,2026-08-26 12:43:51,24340,690,167,119.78,120.03,0.03,0
l7e8C0a0tEs,UCPp6kLLWggTuACsQwFibg8A,2026-08-31 13:56:19,297476,917,45,119.82,120.07,0.07,0
l7xtNkzBhNI,UC3_QWAvQRhPW4CDoQU8acKw,2026-07-19 03:00:08,25972,582,30,120.0,120.0,0.0,1
l7zSEXSWWKM,UCMswODzU1ZjjrLyUk7NfwPA,2026-08-19 09:18:18,14279,271,14,119.96,120.21,0.04,0
l8B8A44HTwE,UCJDXc9JWCZo-nLNKr_-L2Ng,2026-08-23 21:00:10,1646,66,4,119.76,120.01,0.01,0
l8EobR9_1iM,UCZ6mNZTiTUrUSbSYPlclI4A,2026-08-13 03:15:15,5113,64,19,120.0,120.0,0.0,0
l8FBsIbZGlM,UCKHx_yf3dI2ajWAjXRJ_9Rw,2026-08-14 14:53:22,112671,1477,12,119.86,120.11,0.11,0
l8LJJFFWzF0,UCk1NTIlGP27bQEumkw6sDVA,2026-08-05 09:00:05,13620,136,29,120.0,120.0,0.0,0
l8TgAcIJ0qU,UCN8L7Z-dyzu9FzT39RM0fvw,2026-07-22 07:01:57,7096,136,30,119.97,120.22,0.03,0
l8fhCQGvKXg,UCz1Gc37nWsdF_jbJ_SvMl4g,2026-08-17 11:00:58,16643,229,42,119.99,120.24,0.01,0
l8linhE041w,UCC1LvVTX2ySKYjeIXkAtvsQ,2026-07-22 11:00:04,280350,2853,311,120.0,120.0,0.0,0
l8zJTjrraGA,UCPuD5ZRQWa_JCaY5NokNhtg,2026-07-28 08:25:39,2071,17,5,119.83,120.08,0.08,0
l9DUXcNAfBI,UCroIk85IFzp6OZzKoJFDKuA,2026-07-31 02:18:04,482,1,0,119.95,120.2,0.05,0
l9LtaQjaqhU,UCSzHok6X5qXEO7cjvVnE62g,2026-07-24 12:00:36,96801,981,27,119.99,120.24,0.01,1
l9P1OfpysEA,UC4VWaR3R17Ruc7j1Cy1-PKQ,2026-07-13 11:48:47,102,5,0,119.94,120.19,0.06,0
l9T-uF_R82E,UC_8GOc5dWX2Kpb74_nQ7vSQ,2026-08-15 04:00:45,64411,2578,248,119.99,120.24,0.01,0
l9V-wBNYl3A,UC1Ns07Rw0lQK-KuaPHfRRTw,2026-07-26 15:09:51,22,0,0,119.84,120.09,0.09,0
l9Y2Jr3Wwgc,UCt8CJiye87FMbEwt0npPMuQ,2026-08-19 12:30:01,9533,293,34,119.76,120.01,0.01,1
l9mvvnSqXFE,UCZaNYFjF_SRRJPVuGX7yMjQ,2026-08-13 11:32:43,3,1,0,119.96,120.21,0.04,0
l9sit7SjeQY,UCamHctB9_ZaFO9vZElnl_Yw,2026-07-11 08:00:35,11682,484,63,119.99,120.24,0.01,0
l9sxlaYDae8,UCpcTrCXblq78GZrTUTLWeBw,2026-07-20 01:46:23,4929322,143551,5325,119.98,120.23,0.02,0
l9v8ucaxAY8,UCl-VnCUwSxDr5zPu-YlDUYw,2026-07-13 08:00:07,91275,1682,40,120.0,120.0,0.0,1
l9y-RiEfb1I,UCBidluUUxzT_5jVOI_2x2MQ,2026-08-03 03:00:33,1376,4,0,119.99,120.24,0.01,1
lA-p4gNwfjI,UC5ScPjbt-a97AJO7SBj6nAg,2026-08-18 08:30:35,252889,6184,361,120.0,120.0,0.0,1
lARQtiMr5co,UCi1Tln5CFg1yExpz8djyxjA,2026-08-31 21:43:32,144891,9652,112,119.79,120.04,0.04,1
lAX8y3ORnDs,UC8CIM3d3zDYMk-3T5aAz0yw,2026-07-24 10:11:21,332482,9185,1052,119.81,120.06,0.06,0
lAmEF2JbIOk,UCZ49HaU_D0Tlf1aDA2jU_Vg,2026-08-08 05:00:15,38841,561,91,120.0,120.0,0.0,0
lAmvd3CqpWE,UC43hOVGChFuQRV47vxc_c-g,2026-07-25 17:43:24,109,,0,119.78,120.03,0.03,0
lAs2TUKr8zE,UC2_VPutZK0o_tG8ca_QrQRA,2026-07-25 08:15:08,61345,,108,120.0,120.0,0.0,0
lAxP-zT_PkQ,UC2OFe8XUEqDT3eJGO-0EDNQ,2026-08-14 15:41:20,307,11,5,119.81,120.06,0.06,0
lB0i9jcj67k,UCz4b1O9sT73P8DWwx6OvQwg,2026-08-24 11:00:17,38404,693,5,119.76,120.01,0.01,1
lB1ci32VtSQ,UCqVkQsNin4MdGFrWvzFVOKw,2026-08-22 00:33:02,5217,171,0,119.96,120.21,0.04,0
lB99U4N7c8k,UCybn_0S0Ec6Il1ZhiQM1Vww,2026-08-01 09:05:39,63488,281,193,119.91,120.16,0.09,0
lBQh4iUi3Aw,UCSGKRGHGqP8W11G-SxsMaOw,2026-08-15 03:14:04,21938,702,45,119.77,120.02,0.02,1
lBc8Ls4DKBU,UC783XWULPW-nDGv_0EYlB6Q,2026-08-04 08:21:45,49177,657,104,119.89,120.14,0.11,0
lBkKLpAzM0A,UCdK9h1ILxS49c2LguBUY3rw,2026-07-28 10:43:57,25,4,2,119.77,120.02,0.02,0
lBmxif7O_nU,UCkcaRxpTcisadUeCbHOYTFw,2026-08-11 09:03:52,34873,375,49,119.94,120.19,0.06,0
lBtEc2hEvts,UCuWDza8A_ntbjwBZgW0ZSNw,2026-08-10 08:00:28,51129,648,26,120.0,120.0,0.0,1
lCC4cA6x68U,UCnju7ULBic4VgkCfDvVXCnA,2026-08-04 19:58:34,9144,187,0,119.78,120.03,0.03,0
lCNOxQkQsNM,UCab17MxxnFtAhGsJVTkSkCg,2026-08-19 09:33:34,842,13,0,119.95,120.2,0.05,0
lCODv4iK3-Q,UCpcTrCXblq78GZrTUTLWeBw,2026-08-17 12:30:19,76549,333,28,120.0,120.0,0.0,0
lCQeCHoFFdE,UCv1tOT645xHOJrwdGlzjMaA,2026-08-22 11:33:44,183529,1549,15,119.95,120.2,0.05,0
lCUP7ma_k14,UCuWDza8A_ntbjwBZgW0ZSNw,2026-07-30 05:00:36,155586,2026,82,119.99,120.24,0.01,1
lD33k2j7cps,UC_Xb6sEXAdNv9nHU4988vmg,2026-08-03 08:00:02,1282,,0,120.0,120.0,0.0,0
lD9XB5nbYxo,UCXYNuWjnQRSAXCGl9gv8Ncw,2026-08-23 01:33:49,84082,1264,133,119.95,120.2,0.05,0
lDDVXEO5-wg,UCqVkQsNin4MdGFrWvzFVOKw,2026-08-17 02:25:38,5416,172,2,119.83,120.08,0.08,0
lDDnz2BgnsU,UCD8r5Jgns2V64-NcUmXclpg,2026-08-23 03:15:36,44114,257,29,120.0,120.0,0.0,0
lDEDV5sNtVw,UCoqMTw0yGmjIjNayukuOg5Q,2026-07-27 10:00:35,18966,158,13,119.99,120.24,0.01,1
lDMwlDqTqXU,UCi1Tln5CFg1yExpz8djyxjA,2026-08-18 19:38:37,935625,28406,143,119.87,120.12,0.12,1
lDVDjMMOSUg,UCv1tOT645xHOJrwdGlzjMaA,2026-07-17 04:00:30,7956,209,24,119.99,120.24,0.01,0
lDWu7gbhhfM,UCD7D_WRXbei_g6xXOZIhQnQ,2026-07-23 08:15:44,5134,50,37,119.99,120.24,0.01,0
lDYcvbcZ0ik,UC9jOsXFn3RwXEW3qUyySjAQ,2026-07-23 12:57:47,263,6,0,119.79,120.04,0.04,0
lDr3vMIE4OA,UCRCK5FCJtomQT3b88jXI_DA,2026-08-31 08:26:12,16368,,,119.82,120.07,0.07,1
lDt-CBP0daY,UCOTJtP0Z9DjpPU43B5m1V6A,2026-08-15 02:30:08,81815,800,68,120.0,120.0,0.0,0
lE1R4bZs-t8,UCFCt5RYu41HTg4eX1jdHNxw,2026-07-22 22:54:12,11317,49,2,119.85,120.1,0.1,0
lED-k1-D1EA,UCTUnpbuKoOODvhLhCO_kO_A,2026-07-26 08:00:36,624,8,3,119.99,120.24,0.01,0
lEDR7cx7v64,UCKY2DOkLOyPLlvGHI3XQw0Q,2026-08-24 23:21:37,487,3,0,119.9,120.15,0.1,1
lEI9l_L_o7E,UC1dG3vI9FfHnH3YgyeKUz_A,2026-08-15 09:00:31,261717,1626,345,120.0,120.0,0.0,0
lEX7WL6bCOU,UCl-VnCUwSxDr5zPu-YlDUYw,2026-08-24 09:15:02,8473,95,40,119.76,120.01,0.01,0
lEpei5HNePA,UCd6CX2LiQE2dEAPXwk2N0jg,2026-08-26 12:00:02,141204,1584,188,119.76,120.02,0.02,0
lEt2qGYtpNs,UCJDXc9JWCZo-nLNKr_-L2Ng,2026-07-29 12:00:29,2220,106,8,119.99,120.24,0.01,0
lFLIgoIwoRI,UCV7WE8I_UiAN0fa6Arezx_w,2026-08-25 19:00:15,22,0,0,119.76,120.01,0.01,0
lFNQ83rFn70,UCAhmOb9JWkI2HV_KIe9X_3A,2026-07-29 13:21:23,3182,57,8,119.9,120.15,0.1,1
lFNSz5rIzo4,UCBexUDlBSJM2h4xZB3ch53g,2026-08-24 07:30:28,5871,161,21,120.0,120.0,0.0,1
lFW6_PdbusM,UCN5oT4zGJX-_H6pE5isAEeg,2026-08-19 03:00:07,544973,7862,713,119.76,120.01,0.01,1
dDFAOLtym08,UCZNTsLA6t6bRoj-5QRmqt_w,2026-08-02 14:00:18,41056,1289,99,120.0,120.0,0.0,0
dDPpZP9ToAQ,UCBS4sjbGJIcclT-Y6i_Jzkg,2026-08-19 18:07:20,29370,462,2,119.89,120.14,0.11,1
dDZGcz84sRo,UCN8L7Z-dyzu9FzT39RM0fvw,2026-08-24 07:00:30,16373,172,60,120.0,120.0,0.0,0
dDgXjT2hcPg,UCXtU-C_e2iBzPSq9oLXtbVw,2026-08-10 23:15:08,92,5,8,120.0,120.0,0.0,0
dDrjJQ3xSqo,UCUae69frfqpKOB3BUMdX5Qw,2026-08-12 03:30:37,63482,787,64,119.99,120.24,0.01,1
dDu58CVrcIE,UC4oe-OVZ2Ho-03yrMkrXomQ,2026-08-12 07:00:07,317014,4117,393,120.0,120.0,0.0,1
dDwJK5VkwUE,UCBTsPtRCh6ln3IRQFjhjh1A,2026-08-18 09:30:13,190784,969,167,119.76,120.01,0.01,0
dE6WU7mGZkg,UCgjaQlejpAnIu0q-xtVfTEw,2026-07-11 05:00:00,36795,354,67,120.0,120.0,0.0,0
dEK2gHz1rmE,UCTNyl3P7q6PNhPddh6d7WJQ,2026-07-30 22:00:29,3884,6,8,119.99,120.24,0.01,1
dENj50mOo2w,UCJDXc9JWCZo-nLNKr_-L2Ng,2026-08-13 11:00:24,2670,99,7,120.0,120.0,0.0,0
dEYnwOYn168,UCawK5EIfr66Z7fjAlZgfB2g,2026-08-09 01:30:10,7971,,0,120.0,120.0,0.0,0
dEcTI3o2KKI,UCt8CJiye87FMbEwt0npPMuQ,2026-07-17 14:30:14,5561,200,32,120.0,120.0,0.0,1
dEfzxz8hzMM,UCC1veMJY2wElX0lpYOoNB1Q,2026-07-24 11:00:36,724285,150,42,119.99,120.24,0.01,0
dEkkhoXuZbM,UCKrprPfevcAZpPuRnCO6xOA,2026-08-24 06:11:41,25,0,0,119.82,120.07,0.07,0
dFFiaZv8qfc,UCTK7GGeH0c9INAEnV2EfD0Q,2026-08-26 09:00:29,4530,71,6,120.0,120.0,0.0,0
dFHA9-qzOh0,UCQyZh4b4TLaSVldnDWnh7fA,2026-07-23 11:48:16,0,0,0,119.95,120.2,0.05,0
dFP4KtpR5e4,UC1IUMdwaJ22A6FkPiI8dcig,2026-08-08 12:25:13,89991,1780,110,119.83,120.08,0.08,1
dFU-xXHiBJA,UCYTQCmuFcacJJ_Tad20qqEw,2026-08-14 17:39:16,74079,3452,95,119.85,120.1,0.1,0
dFVMV6J0aA4,UC2k1bSUZ4X02jMs_sTS9jiQ,2026-07-30 13:00:06,11432,226,6,120.0,120.0,0.0,0
dFW0SVZFD-s,UCI3DTtB-a3fJPjKtQ5kYHfA,2026-07-25 03:00:15,2736,36,0,120.0,120.0,0.0,0
dFWoChAoaCU,UCrwOSKEMgNGb1SIWqiYaulA,2026-07-27 11:19:32,5274,127,3,119.93,120.18,0.07,1
dFelq6PPX2s,UCl-VnCUwSxDr5zPu-YlDUYw,2026-08-15 08:00:06,26737,705,28,120.0,120.0,0.0,1
dFnEHvxGl9Y,UCPv0av3PfTUeTnHGgcXkk8w,2026-08-21 23:59:24,9,0,0,119.77,120.02,0.02,0
dGXyP4JWG1w,UCbFLnCfOet-u_kFyA7uX-9Q,2026-07-25 15:00:00,39705,316,26,120.0,120.0,0.0,1
dGtxhoglWMk,UC4VWaR3R17Ruc7j1Cy1-PKQ,2026-08-08 16:00:14,73,2,0,120.0,120.0,0.0,0
dGysqV76084,UCS2OAdHoLt-9T6cG9A2H49Q,2026-08-27 03:00:16,24978,190,78,119.76,120.01,0.01,0
dH-W5848vRU,UCbItyvYa6cqvqtwlU2E9-wA,2026-08-15 18:00:25,12511,615,25,120.0,120.0,0.0,0
dH0oto3f3PM,UCpTNtH8yc1Kdl_YFfsQsTYA,2026-08-22 09:00:09,7237,58,5,119.76,120.01,0.01,1
dHpNjPP9JlA,UCt8CJiye87FMbEwt0npPMuQ,2026-07-14 15:00:25,38840,1725,72,119.99,120.24,0.01,0
dIBgk4eW58k,UCybfHuHkJRzGDymek2Dsqvw,2026-08-15 22:00:33,54927,657,157,119.99,120.24,0.01,0
dIGcCfFwMRw,UCpcTrCXblq78GZrTUTLWeBw,2026-07-19 00:45:07,340966,1615,215,120.0,120.0,0.0,0
dINKDdFdSeM,UChEATwTajZl4Wjypr0cBj3w,2026-08-03 19:57:19,3572,106,23,119.8,120.05,0.05,1
dIPjBO8WGwA,UCaN3tSrrzIrXSDonEe7LK9A,2026-08-21 03:30:28,943,25,3,120.0,120.0,0.0,0
dITb8afOGfI,UCF7IBIvHZ2be4Ufo8i0uHBw,2026-08-15 09:00:35,211394,2435,69,119.99,120.24,0.01,1
dIhpRvYGJPY,UCgjaQlejpAnIu0q-xtVfTEw,2026-07-22 08:00:52,160284,3378,48,119.99,120.24,0.01,1
dIjpGOXs4Hg,UCifCesg-EUkjKyQedaB3hRg,2026-08-22 21:28:49,38888,655,15,119.78,120.03,0.03,1
dItDuJ4c1YY,UCQhIdo5nRQY9DB3uo7vawtw,2026-08-29 12:52:27,3433,45,5,119.89,120.14,0.11,0
dIyKomm-20k,UCJDXc9JWCZo-nLNKr_-L2Ng,2026-08-07 12:00:20,729,41,5,120.0,120.0,0.0,0
dJ1-9v_m-SE,UCp6n8d8Y8r3MwKNw_MMaouQ,2026-08-23 18:53:08,2253,36,1,119.88,120.13,0.12,0
dJEZNFXs7p4,UCDmmbxGg8g-EBkC_ku6vybg,2026-08-21 03:00:13,20726,605,62,119.76,120.01,0.01,0
dJL2b-W98hc,UC7hwQp3F6P_OwyRM14p88iQ,2026-07-29 08:50:22,2362,33,7,119.91,120.16,0.09,0
dJRRuUMsiWA,UCIsrVj53L57rcLAPOre4Xhg,2026-08-15 05:00:34,87287,883,141,119.99,120.24,0.01,0
dJUpipVtO_I,UC5ScPjbt-a97AJO7SBj6nAg,2026-07-22 07:05:59,1090803,20891,337,119.91,120.16,0.09,1
dJjKWKVcWjU,UCXVVG5ZM3SJJCh94xatR8Dg,2026-07-30 07:00:04,719,24,7,120.0,120.0,0.0,1
dJjqcYQuWD0,UC4oe-OVZ2Ho-03yrMkrXomQ,2026-08-03 23:00:31,606324,9210,284,119.99,120.24,0.01,1
dJv7iljFsH8,UCOTJtP0Z9DjpPU43B5m1V6A,2026-08-14 09:30:13,121682,1281,159,120.0,120.0,0.0,0
dJxCZNjizvI,UCYjNEoVziojh1ZCum1q0PNQ,2026-08-22 11:15:05,10681,245,47,119.76,120.01,0.01,0
dK-NVGaqNDE,UC5RxNUZ9_c94ZEfJGnJZmTw,2026-08-02 12:00:14,3246,143,49,120.0,120.0,0.0,0
dK-m64roJpU,UCpcTrCXblq78GZrTUTLWeBw,2026-07-28 07:30:08,347211,4866,372,120.0,120.0,0.0,0
dK4vUcrZp2w,UCJYdIDfGkqXTsQq5aW4md0Q,2026-08-03 05:11:27,279,2,3,119.81,120.06,0.06,0
dKNw9iH2Z78,UCroIk85IFzp6OZzKoJFDKuA,2026-08-27 11:23:54,11492,20,5,119.86,120.11,0.11,0
dKQqgqu15S4,UCEg24oF81p-THPtp3otdmTA,2026-07-18 09:00:33,486515,10808,122,119.99,120.24,0.01,1
dKSs9lx2_iE,UCJzfS-WmieHog0H2OQoXkeQ,2026-08-08 03:00:09,26201,564,53,120.0,120.0,0.0,0
dKXeK2bSVbI,UCK8iWEZupSV2pmDMxtwdAmA,2026-08-12 23:47:22,1541,16,0,119.96,120.21,0.04,0
dK_4MpH6sRY,UCZNTsLA6t6bRoj-5QRmqt_w,2026-08-10 14:00:13,57658,2521,110,120.0,120.0,0.0,0
dKg07XTcRg8,UCPGl9DV2WUgaqGVXtVrhJWQ,2026-08-13 03:25:29,26,1,0,119.83,120.08,0.08,1
dKrxg4BUI54,UCWq9wRjQXYC8i486uVLysUA,2026-08-12 08:00:23,332745,7148,316,120.0,120.0,0.0,0
dL-KUvSoTZw,UCrKSaegnzewdj9-YLsUhoZw,2026-07-19 04:13:33,46269,301,154,119.78,120.03,0.03,0
dL7V29815rU,UCMswODzU1ZjjrLyUk7NfwPA,2026-08-04 12:01:24,14083,361,14,119.98,120.23,0.02,0
dL8mUhq9Ct8,UCSGKRGHGqP8W11G-SxsMaOw,2026-08-21 11:00:39,7894,349,87,120.0,120.0,0.0,0
dL9bC8kOiTE,UCSzHok6X5qXEO7cjvVnE62g,2026-07-10 12:00:15,97733,596,8,116.76,120.62,0.62,0
dLJ6Iyta2JI,UC4VWaR3R17Ruc7j1Cy1-PKQ,2026-07-30 05:00:10,25,4,4,120.0,120.0,0.0,0
dLQmFv9GiRo,UCiVO_mThS9B3tNc_kzpn-3g,2026-07-28 17:25:41,26398,309,32,119.82,120.07,0.07,1
dLf-vx410-U,UCvPGGL-OTEAQlwAUxbcJO8g,2026-08-20 06:39:34,118717,1252,88,119.85,120.1,0.1,0
dLri0sPvCeQ,UC7hwQp3F6P_OwyRM14p88iQ,2026-07-28 15:15:00,35850,203,0,120.0,120.0,0.0,0
dLzVMwOcD_Q,UCdb5lyq0tWbY3jqH35SufmA,2026-08-20 22:30:26,37787,259,130,120.0,120.0,0.0,0
dM3lg8_WebM,UCJGww2K__Q3y-MtDi0XWH2w,2026-08-19 06:00:28,112827,1621,52,119.75,120.01,0.01,0
dMD6SUmBiJ4,UCV7WE8I_UiAN0fa6Arezx_w,2026-08-18 19:00:34,34,1,0,120.0,120.0,0.0,0
dMPTPpUrmZA,UCSzHok6X5qXEO7cjvVnE62g,2026-08-31 10:00:10,136905,327,51,119.76,120.01,0.01,0
dMTn6MvD4RA,UC4oe-OVZ2Ho-03yrMkrXomQ,2026-08-08 23:00:03,275098,3290,166,120.0,120.0,0.0,1
dMV9LGBY3ZY,UCV7WE8I_UiAN0fa6Arezx_w,2026-08-28 11:00:12,174,0,1,119.76,120.01,0.01,0
dMksY5n_sgM,UC_e83kYlGHWbsrr8QCfV_ag,2026-08-26 10:53:37,28379,173,75,119.87,120.12,0.12,0
dN-b7be4AA8,UC08-hQbwh7eyr8PlaYG2-sQ,2026-08-06 10:00:13,13375,198,73,119.75,120.25,0.25,0
dN7fY_Eu3Mg,UC3RzmV2LX3AmWhZVx0A7u0A,2026-08-31 07:00:15,66126,1586,57,119.76,120.01,0.01,1
dNEe6hoMBeQ,UCYJDUekoQz0-bo8al1diLWQ,2026-08-30 06:43:47,608235,4510,576,119.78,120.03,0.03,0
dNMKGNh1ZpU,UCpwGBltfwjd_fIzp5cb5R0w,2026-08-06 00:30:10,161428,1752,92,120.0,120.0,0.0,1
dNXBTFwRgvs,UCifCesg-EUkjKyQedaB3hRg,2026-07-24 22:17:11,26672,408,9,119.97,120.22,0.03,1
dNbszV8vxNE,UCAJ-meoCh1TrPZ7La3UpPrw,2026-08-20 06:00:22,54570,1608,69,120.0,120.0,0.0,0
dNoeZH9Y7qw,UCUbOogiD-4PKDqaJfSOTC0g,2026-08-13 11:55:06,241283,1636,323,119.83,120.08,0.08,0
dNqAn7FJGaI,UCKVt3arMXfa6XZezR1UnjqQ,2026-07-13 09:00:31,8486,66,8,119.99,120.24,0.01,0
dNvSO6Cjyuc,UCYGF_xk5RDpltyZDSx040uw,2026-07-17 11:06:59,93772,1144,57,119.89,120.14,0.11,1
fqjBJ_4iyPk,UCqVkQsNin4MdGFrWvzFVOKw,2026-08-18 13:27:18,716,44,3,119.81,120.06,0.06,0
fqr0JGdAhiE,UCpcTrCXblq78GZrTUTLWeBw,2026-08-05 08:30:23,72291,1347,26,120.0,120.0,0.0,0
fqttuJ6pbAg,UCPGl9DV2WUgaqGVXtVrhJWQ,2026-07-21 15:00:39,10,0,0,119.99,120.24,0.01,0
fr0Z-hPvK4c,UC_F-jhf8uO0fzrM7NQwvs3Q,2026-08-18 18:00:08,6,0,1,119.76,120.01,0.01,0
fr9p3KsXqpI,UCzDyC6JMEXEufozffWzI9Mg,2026-08-31 04:00:15,104545,885,42,119.76,120.01,0.01,1
frEsbFcHw2o,UCNNR1-x2NhZARsNGnQlh2sQ,2026-08-26 04:00:24,156676,619,137,119.76,120.01,0.01,0
frZfEx3v0ZA,UCtVBI7YLJyDvrx7iWAukx_Q,2026-08-29 02:00:14,255499,5205,148,119.76,120.01,0.01,0
frnQIrmeHDA,UCV6mNrW8CrmWtcxWfQXy11g,2026-07-27 23:29:09,6342,296,35,119.77,120.02,0.02,0
frxH7-dX0Dw,UCnju7ULBic4VgkCfDvVXCnA,2026-07-31 00:38:22,21695,454,0,119.86,120.11,0.11,0
fs2GEHGSwPA,UCv0cBz_Vdmd84xYl7gKWwQA,2026-08-28 18:00:10,4981,77,1,119.76,120.01,0.01,1
fsFQUgMf4Ko,UC_Xb6sEXAdNv9nHU4988vmg,2026-08-04 10:00:30,36181,,3,119.99,120.24,0.01,1
fsJpuHn_jJY,UCifCesg-EUkjKyQedaB3hRg,2026-07-30 21:46:47,4624,65,3,119.97,120.22,0.03,1
fsRlY6FBhew,UCAaLhok91QDrweyuDRsmjqQ,2026-07-27 11:43:06,266541,3378,153,119.78,120.03,0.03,1
fsTHdYw6Ko0,UCFVRXOqBeh8ynDdYWztewXg,2026-07-30 04:00:26,2792,49,8,120.0,120.0,0.0,0
fsan8SaUCxs,UCLuDznROytXtnMSDwo5aGJQ,2026-07-18 04:00:39,241379,5223,797,119.99,120.24,0.01,0
fseK9jjVD0o,UC0PMQXAwF6O6aeTpv962miA,2026-08-20 11:36:47,227030,1449,316,119.89,120.14,0.11,0
fsjr6PyEtoI,UCp6n8d8Y8r3MwKNw_MMaouQ,2026-08-30 18:58:54,15817,476,3,119.78,120.04,0.04,1
fso-bpcSv-M,UCXtU-C_e2iBzPSq9oLXtbVw,2026-08-14 23:15:11,86,3,4,120.0,120.0,0.0,0
fsyM9WULukU,UCBidluUUxzT_5jVOI_2x2MQ,2026-08-26 08:00:13,188,11,2,119.76,120.01,0.01,0
ft05wkl9DL4,UCV6mNrW8CrmWtcxWfQXy11g,2026-08-20 19:00:11,180163,6402,164,119.76,120.01,0.01,1
ft3nU0GUXpA,UCI3DTtB-a3fJPjKtQ5kYHfA,2026-08-10 20:00:28,3310,37,2,120.0,120.0,0.0,0
ft7qFgQ1RS4,UC5Yx9RlmznXDUEIrfoSqheA,2026-08-15 22:23:12,22745,72,0,119.87,120.12,0.12,0
ftAhMvDrUj4,UC1aBdmKvC6yAiq4xgPLOzKA,2026-08-22 07:08:11,9872,152,27,119.88,120.12,0.12,0
ftObmo44N8I,UCV7WE8I_UiAN0fa6Arezx_w,2026-07-30 09:00:01,77,0,0,120.0,120.0,0.0,0
ftVrIL_NlrA,UCHeg3ApmuXQbqqszaD1fR9g,2026-07-23 15:01:05,109,6,0,119.98,120.23,0.02,0
ftXAcdtb7Tk,UCXu_CcxBZA5S_iG33OzA9PQ,2026-08-02 22:31:14,769,11,0,119.98,120.24,0.02,0
ftZzkCcMXRE,UCPuD5ZRQWa_JCaY5NokNhtg,2026-08-31 03:12:03,1040,6,2,119.82,120.06,0.06,0
ftcXiVDQDk0,UCCoU5ViXgoK-_2neelNhQaA,2026-08-13 03:30:30,87263,831,133,120.0,120.0,0.0,0
ftgNZnqONCU,UCt8CJiye87FMbEwt0npPMuQ,2026-07-26 15:00:00,5665,308,32,120.0,120.0,0.0,1
fu3OHtQbqcI,UCFCt5RYu41HTg4eX1jdHNxw,2026-07-30 22:31:44,827,14,4,119.97,120.22,0.03,0
fuEMbwB1DWU,UCM81CAJ2_Y42-bvK1OQnAAA,2026-08-23 13:30:20,115990,1384,280,120.0,120.0,0.0,0
fuFXEFvHY8o,UCrI6796hIxZdAltnLYiAYRw,2026-07-30 06:00:32,55389,897,260,119.99,120.24,0.01,0
fuPkLy2hocY,UC3hCAmwyYNgRuOOSFV7evVA,2026-08-10 10:00:30,20056,190,23,119.99,120.24,0.01,0
fuR7UoVTOnQ,UCCW6uYIUP4YKKe50k-ktVAw,2026-07-31 08:00:22,41674,869,95,120.0,120.0,0.0,0
fuZize457Q8,UCksGX0hODm1Ev6mysrToMqg,2026-08-24 07:30:37,3414,75,8,120.0,120.0,0.0,1
fubfhtFLkkA,UCpI-AhCT02iQRGLC2ZcY0Jw,2026-08-13 06:30:50,40617,393,389,119.99,120.24,0.01,0
fucIvv2SC6c,UC783XWULPW-nDGv_0EYlB6Q,2026-08-24 09:30:13,61735,2480,91,119.76,120.01,0.01,0
fuihBJvTHfM,UCgT-gb3favw2jQgwxbbwwaA,2026-08-24 07:00:13,87339,843,8,119.76,120.01,0.01,1
fumQP7LfPx0,UCXqP0RsJo6-y-MrKz6k8H-g,2026-07-25 08:00:53,6078,81,34,119.99,120.24,0.01,0
fvAKqaImSPg,UCvUKUkIM67eWFbQemjj2-eA,2026-08-24 11:30:21,19647,439,27,120.0,120.0,0.0,0
fvC_DanEpS4,UCA9f2-9fUklMMOaz8vKW7Jw,2026-08-09 12:35:32,84,6,0,119.91,120.16,0.09,0
fvGbCWIJqGY,UCABvetlXpdOwFz10fCpJkwQ,2026-08-20 08:41:05,169835,1786,1148,119.82,120.07,0.07,0
fvJW9iXqcng,UC783XWULPW-nDGv_0EYlB6Q,2026-08-25 09:06:32,43188,630,87,119.9,120.15,0.1,0
fvLsjjrELBo,UCAhmOb9JWkI2HV_KIe9X_3A,2026-08-28 23:14:16,461513,1886,305,119.78,120.03,0.03,1
fvRdLy0h2_E,UCksGX0hODm1Ev6mysrToMqg,2026-08-14 08:00:14,18264,372,14,120.0,120.0,0.0,1
fvWm3szctDU,UCfcfymsN3OMo2cfmbpGTanw,2026-08-05 05:24:00,12599,61,12,119.85,120.1,0.1,0
fvWsyJMvCIU,UCsRiYH-VrZ2mYsohk7GhLdQ,2026-08-04 09:00:32,40830,307,32,119.99,120.24,0.01,0
fvX1zOD4Imw,UCby0vMKcLR05ZdS90aZd5og,2026-07-26 17:01:55,481,4,0,119.97,120.22,0.03,0
fw-qMKvv-1c,UCdXpKf3aIenvWkMbF3EvcQg,2026-08-15 09:00:26,13469,301,432,120.0,120.0,0.0,0
fw9wS2vX6X8,UCKHx_yf3dI2ajWAjXRJ_9Rw,2026-08-18 20:57:48,545,22,0,119.8,120.05,0.05,0
fwULQggZ4cU,UC0PMQXAwF6O6aeTpv962miA,2026-08-27 15:01:05,100450,926,361,119.99,120.24,0.01,0
fwabfd8Wl_E,UCrR_fhiJjoW8OJFzUcmlMMA,2026-08-15 09:30:09,7131,62,11,120.0,120.0,0.0,0
fwdhAwvuMTM,UCzps05UZ7XpX3SFoFyYIDow,2026-08-15 11:54:24,6969,89,6,119.85,120.1,0.1,1
fwgwsWpBjxI,UC9vI-9WYQLXKI6n9XdXXo3g,2026-08-12 03:00:22,19081,208,41,120.0,120.0,0.0,0
fwirhkeac18,UCby0vMKcLR05ZdS90aZd5og,2026-07-13 03:19:46,27213,16,6,119.92,120.17,0.08,1
fwmujLGV2SQ,UCkpKYfb8wM67QnKxBj9bZXA,2026-08-12 09:00:00,8692,35,3,120.0,120.0,0.0,1
fwpzHFG9wcY,UC1sELGmy5jp5fQUugmuYlXQ,2026-08-07 15:00:12,637016,24964,1906,120.0,120.0,0.0,1
fwu5TTGXiro,UCyU5JQ8KVRD9jE4E_xLsHxw,2026-07-14 09:00:15,14,1,0,120.0,120.0,0.0,0
fx-1SnAoMEc,UCBTsPtRCh6ln3IRQFjhjh1A,2026-07-30 09:00:00,21708,98,23,120.0,120.0,0.0,0
fx7o2NQr_Uw,UCBTsPtRCh6ln3IRQFjhjh1A,2026-07-26 09:00:11,235426,1426,160,120.0,120.0,0.0,0
fxMxqi7OFh8,UCOKQpmfKrtu7Nu719CVSw1A,2026-07-18 03:00:12,8970,195,6,120.0,120.0,0.0,1
fxU0dTarMb0,UCaY7wcqhFb_c2eQ1eRB8rOQ,2026-08-05 10:00:17,16651,586,32,120.0,120.0,0.0,0
fxZYKf93A_k,UCJpAwvQaZyCI5spAz7tipGA,2026-07-22 08:30:14,400296,1902,319,120.0,120.0,0.0,0
fx_BSjhvk3s,UCPuD5ZRQWa_JCaY5NokNhtg,2026-07-22 12:13:02,810,20,6,119.79,120.04,0.04,0
fxnH1Z-zRA8,UCd6CX2LiQE2dEAPXwk2N0jg,2026-08-24 11:37:17,86924,1082,200,119.89,120.14,0.11,0
fxznGpNAfW0,UCDLDbittWhk2KXvaCT0YpZQ,2026-07-22 06:31:25,35578,2211,65,119.98,120.23,0.02,1
fy0h8UWnSJ8,UCpI-AhCT02iQRGLC2ZcY0Jw,2026-08-22 01:00:38,40325,420,269,120.0,120.0,0.0,0
fy5ZLBecMVo,UC0wo7SwsC5dE0nSgBs2M-3A,2026-08-17 05:00:31,205819,5725,112,119.99,120.24,0.01,1
fyU8RmDWMg8,UCEGtfhdJiRgH98mVMEQZThQ,2026-08-09 09:30:04,11843,30,9,120.0,120.0,0.0,1
fyq1ZzMLMYQ,UCkd3KAYGnTNPJZZrPOFeWhA,2026-08-29 00:33:06,19851,46,42,119.96,120.21,0.04,0
fyv07YzD2ys,UCi5yzN6jpdz2akGTm-mJSKQ,2026-08-05 03:00:24,2012,31,7,120.0,120.0,0.0,0
fywN2_EyXWI,UCJYdIDfGkqXTsQq5aW4md0Q,2026-08-28 22:12:21,315,2,0,119.8,120.05,0.05,0
fz0o_Pi_rGA,UCsRiYH-VrZ2mYsohk7GhLdQ,2026-07-16 18:11:57,92002,3661,443,119.8,120.05,0.05,0
fz1DKQey3Qw,UC3kVT7zilzGf_7fIEkc4dDA,2026-08-20 09:35:08,78385,2528,44,119.92,120.17,0.08,1
fz9e4Ij1OXc,UCw1DsweY9b2AKGjV4kGJP1A,2026-07-30 05:19:29,18232,168,42,119.93,120.18,0.07,1
fzEHwLJo_Ss,UCt8CJiye87FMbEwt0npPMuQ,2026-07-31 13:00:32,11005,492,60,119.99,120.24,0.01,1
fzMC7WkOoAM,UCL2ZLyAV0H9Pvi46W7TGdHQ,2026-08-29 11:00:35,66912,193,57,120.0,120.0,0.0,0
fzRfw30LbdE,UCNymqCXr3sxL8dnmO_jScuA,2026-07-30 03:32:23,48241,708,76,119.96,120.21,0.04,0
fzUtwpJkFhU,UCoH2pCzAr6zWDG-LtUiLWRw,2026-08-19 22:23:57,29512,329,96,119.86,120.11,0.11,0
fzZ1A2GPmME,UCSOeJWyByeoBHpmrm0NnlLw,2026-08-09 00:00:21,128686,1570,212,120.0,120.0,0.0,0
fzat5B9CHoI,UCcJliZnsRbNw4I4uWSGq_wA,2026-08-28 10:34:36,3854,2,0,119.94,120.19,0.06,0
icMpZPODzZE,UCZRH94I89Ps7giJYeK6DlWA,2026-08-23 03:00:13,34311,488,34,119.76,120.01,0.01,0
icRDyP9JoEs,UC2t5bjwHdUX4vM2g8TRDq5g,2026-07-23 16:00:04,260862,3747,127,120.0,120.0,0.0,1
icrSwxtHgwA,UCfQOeRevRI14uNqluiJ7TeQ,2026-08-09 07:32:25,31,2,1,119.96,120.21,0.04,0
icuRD6cFWzM,UC2yOBpLVwB7kzt9C5ZPbB7w,2026-08-10 12:00:03,485378,7028,216,120.0,120.0,0.0,1
icwm22NGfu4,UCPGl9DV2WUgaqGVXtVrhJWQ,2026-08-29 02:44:22,56,0,0,119.77,120.02,0.02,0
idFyHSMSfas,UC_2x8h1QrTHOO0i4Yiss-ww,2026-08-08 10:00:04,104311,1105,32,120.0,120.0,0.0,1
idMpGX8zGGo,UCYTQCmuFcacJJ_Tad20qqEw,2026-08-07 16:41:51,13583,573,49,119.81,120.06,0.06,0
idYTKyC8VGg,UCpcTrCXblq78GZrTUTLWeBw,2026-08-14 19:30:06,90369,2556,54,120.0,120.0,0.0,0
idZyKAoGMYQ,UC2yOBpLVwB7kzt9C5ZPbB7w,2026-08-16 20:00:24,83629,1126,23,120.0,120.0,0.0,1
idi9EEGC5E4,UCMswODzU1ZjjrLyUk7NfwPA,2026-07-11 12:01:00,23872,592,33,119.98,120.23,0.02,0
idoWywQWQYc,UC9qwDE50UcXvdplRNZKEoPA,2026-07-25 02:01:25,26558,436,19,119.98,120.23,0.02,1
idqu5Gzjl_M,UCby0vMKcLR05ZdS90aZd5og,2026-08-25 07:42:55,18578,17,0,119.8,120.05,0.05,1
idtSL_pQwqI,UCv1tOT645xHOJrwdGlzjMaA,2026-07-28 12:00:20,6654,39,0,120.0,120.0,0.0,1
ieCsICVa_V8,UCIvLQ5lZ2kebqnLaGv_FP4w,2026-08-16 08:30:37,8126,69,43,119.99,120.24,0.01,0
ieObPtTy1PQ,UCz4b1O9sT73P8DWwx6OvQwg,2026-08-08 08:47:36,14491,255,15,119.96,120.21,0.04,0
iep6S6HtXtY,UCIKORyfTZ0cN-u0hrxHcgUw,2026-08-15 07:02:15,101,3,0,119.97,120.22,0.03,0
iez84zIi_Ck,UCV6mNrW8CrmWtcxWfQXy11g,2026-07-28 02:00:28,128123,3685,36,119.99,120.24,0.01,1
ifVhokEi4m0,UCzDmGDR5RdahQkLCBoWlTEg,2026-08-17 14:02:40,12999,117,5,119.96,120.21,0.04,0
ifbZbpSC5cg,UCNu00qhYj4nPeMNdxuwV6sg,2026-08-03 05:20:38,2178,9,7,119.91,120.16,0.09,0
ifuTmGtgX3M,UC24GgPBq5W3v34z0p0uk1Ow,2026-08-14 09:31:39,7223,45,17,119.97,120.22,0.03,0
ig5uN9L82zI,UCNymqCXr3sxL8dnmO_jScuA,2026-08-21 03:45:15,50369,655,81,119.76,120.01,0.01,0
iga3WOLYpxE,UCCs1YZHxUTIbLZd-xrvvMCw,2026-07-17 08:59:34,96276,1974,184,119.76,120.01,0.01,0
ige5eJLElKA,UCZaNYFjF_SRRJPVuGX7yMjQ,2026-07-14 01:44:25,20,0,0,119.76,120.01,0.01,0
igpZ6HZMbog,UCW_Ptq0v8ck67w9oKiwXz2g,2026-08-03 09:53:19,155,1,0,119.86,120.11,0.11,0
igq2-DwjVi8,UCPGl9DV2WUgaqGVXtVrhJWQ,2026-08-05 15:00:26,16,0,0,119.99,120.24,0.01,0
igyQthLgyig,UC4G86yAU5PXV5nRT4DlvV8A,2026-07-30 02:39:16,199,1,,119.85,120.1,0.1,1
ih4CRipI4UI,UCPsZX-D7LW99PjZLA-UysPQ,2026-07-29 09:00:36,1478,9,12,119.99,120.24,0.01,0
ihECMeyFt7I,UCFHUplScMiWTjJrtv4hxWmg,2026-08-17 11:49:34,55738,364,,119.93,120.18,0.07,0
ihIolABHXaU,UC3pTpoDKt17IrCDH60kSNPA,2026-08-27 01:37:10,9282,76,29,119.89,120.14,0.11,1
ihRompHxxG8,UCSfhr4gDPFsKuwdmTOWp2jw,2026-07-24 09:30:20,157,2,0,120.0,120.0,0.0,0
ihSq8GctV_k,UCXAXCxTCCYYKsLJNzEvjqfw,2026-07-21 13:34:15,30537,330,56,119.93,120.18,0.07,0
ihVQ60ftXMQ,UCpcTrCXblq78GZrTUTLWeBw,2026-07-27 17:13:14,455643,12679,765,119.78,120.03,0.03,1
ihW7ZXRhPzA,UCjhRgb1NpnlRs01s9rAhuug,2026-08-16 18:40:39,201,1,0,119.83,120.08,0.08,0
ihafthmK69s,UCQuY08EEKLFOp0D37Sfpd0A,2026-07-21 03:30:17,25225,352,9,120.0,120.0,0.0,1
ihcvKyNJq8k,UCJDXc9JWCZo-nLNKr_-L2Ng,2026-08-15 14:22:48,3357,127,5,119.87,120.12,0.12,0
ii1M4pEI5zM,UCT807kAu6fmwES8B5698e2w,2026-08-04 06:25:47,21120,2439,217,119.82,120.07,0.07,0
iiAe2wPXHio,UCpcTrCXblq78GZrTUTLWeBw,2026-07-14 20:00:07,81971,1049,253,120.0,120.0,0.0,0
iiBjv7lJa5Y,UCdT2nXooUR-X_MdmbER25yQ,2026-08-28 00:00:39,104176,634,59,120.0,120.0,0.0,0
iiF7RBK-4YM,UC5ScPjbt-a97AJO7SBj6nAg,2026-08-25 07:33:03,206123,5647,176,119.96,120.21,0.04,1
iiMVTnzp0y8,UCRpdlPk671uOMiBtf5HtB3Q,2026-08-21 11:30:20,21052,125,7,120.0,120.0,0.0,1
iiReDEclZs8,UCzVXdulvpgEoI8yuFMmhxJw,2026-08-27 22:30:00,199164,5893,447,119.76,120.01,0.01,0
iiYXpZsRl2s,UCt8CJiye87FMbEwt0npPMuQ,2026-07-20 13:00:17,2759,59,13,120.0,120.0,0.0,1
iid9BBmZqDA,UCnCFD3met1Ip7OngdF9TRDg,2026-08-28 04:58:10,19678,133,24,119.79,120.04,0.04,0
iie0pPL4OIY,UCyU5JQ8KVRD9jE4E_xLsHxw,2026-08-11 09:00:00,25,0,0,119.75,120.01,0.01,0
iieDHPgYW2s,UC8a9-ubjMyQkDH9Jr8EX0JQ,2026-07-14 17:13:48,34,1,0,119.77,120.02,0.02,0
iiq6yEhfVhI,UCqlcSsDNMYxEsem7bWY-66Q,2026-08-18 09:03:05,9968,268,30,119.96,120.21,0.04,0
iirDR7Lc_kQ,UC2t5bjwHdUX4vM2g8TRDq5g,2026-08-10 16:00:06,54149,499,14,120.0,120.0,0.0,1
iit9Ba71Yqw,UCwBkHOTyu57NQi0syf5MLig,2026-08-19 02:00:15,295647,1092,73,119.76,120.01,0.01,1
iiyP1hchEpM,UCMF3M48BakI-ptofqoUqdAA,2026-08-12 22:52:27,9322,827,395,119.88,120.13,0.12,0
ijA6We5qpYM,UCqyzJW0VRYRP_sFELZYdxGg,2026-08-22 01:00:36,71422,1144,248,120.0,120.0,0.0,1
ijCb-Lpjk_E,UCN7FA8FwikP2p5Vrs5kiivw,2026-08-14 11:00:01,4977,112,3,120.0,120.0,0.0,1
ijSUF3F5eak,UCPv0av3PfTUeTnHGgcXkk8w,2026-08-13 23:59:18,7,0,0,119.76,120.01,0.01,0
ijUUfUHO2UE,UCgjaQlejpAnIu0q-xtVfTEw,2026-07-28 00:00:23,54470,474,75,120.0,120.0,0.0,0
ijVml_mvJj8,UC3gl4CHfNtAqNjju1goB0_w,2026-08-17 13:39:42,2643,13,7,119.84,120.09,0.09,0
ijd8CsZXoJ8,UCWU2V62eLE3oQ7AjIGS2STQ,2026-07-23 12:21:33,2449,62,26,119.89,120.14,0.11,0
ije5BDVjltk,UCoIEwIHhW-1_roLnb5nK_UA,2026-08-28 17:00:07,16115,29,8,119.76,120.01,0.01,0
ijjYsuYWbAY,UCSrQnB-Ip9hc0biFQ3HoKzg,2026-08-22 07:15:09,6017,404,25,119.76,120.01,0.01,0
ijpvyJUyRjI,UCUae69frfqpKOB3BUMdX5Qw,2026-07-21 10:30:09,44471,313,24,120.0,120.0,0.0,0
ijsqmWeaGrc,UCBmPfbqvGwTTfrV-H_UOfdw,2026-08-16 16:24:26,232619,2019,30,119.85,120.1,0.1,1
ijviGll27qk,UCpcTrCXblq78GZrTUTLWeBw,2026-07-12 09:00:21,79203,648,58,120.0,120.0,0.0,0
ijxbHvgL8ZQ,UCi1Tln5CFg1yExpz8djyxjA,2026-08-15 23:58:48,229473,11173,58,119.77,120.02,0.02,1
ik1Wu1-Eakw,UC3DYSay178fMMPaf3zHwECA,2026-08-23 04:15:06,15946,459,33,119.76,120.01,0.01,0
ikHuqoxgpaE,UCYooECrv-fIXlPaDwEIaveA,2026-07-22 09:01:37,40327,475,28,119.97,120.22,0.03,0
ikK21sVeLk0,UCbFLnCfOet-u_kFyA7uX-9Q,2026-08-23 15:00:02,30652,552,50,119.76,120.01,0.01,1
ikOuhlvvq58,UCKrprPfevcAZpPuRnCO6xOA,2026-08-04 09:00:06,964,7,2,120.0,120.0,0.0,0
ikWb8dTFHQc,UC5Yx9RlmznXDUEIrfoSqheA,2026-08-17 02:45:56,99,4,2,119.99,120.24,0.01,0
ikYxXg1LBbo,UC8CIM3d3zDYMk-3T5aAz0yw,2026-08-08 10:14:05,660044,25130,1625,119.77,120.02,0.02,0
ikqJnWnBqgM,UCQDGJQe8X9tbk_i8Na3VVXg,2026-08-03 11:04:13,158,6,0,119.93,120.18,0.07,0
ikwsQVFi4YQ,UCuwnt_REmD4YsCtFJRoqjFw,2026-07-13 04:47:39,29170,314,31,119.96,120.21,0.04,0
il5CxCCgjd0,UC3hqiw3lZAXaMwhQvMGZkdw,2026-07-21 13:15:06,14057,188,5,120.0,120.0,0.0,0
ilF2O8vbg9M,UCqPN9LAkx20aBWOafwvQB-Q,2026-08-18 23:00:38,55866,2063,124,120.0,120.0,0.0,0
ilGnI2r9V_M,UC6tlo9WajrgiX3Eej_jEr2A,2026-08-17 08:00:13,99764,2745,251,120.0,120.0,0.0,0
ilJiEFGrrCc,UCqRz_-l3GCmWb92u8P33RYQ,2026-08-21 08:40:25,33575,590,71,119.84,120.09,0.09,0
ilM6cYIikng,UCnhGcri8x6xhehanhAe9ipw,2026-08-29 13:37:51,10401,90,12,119.88,120.13,0.12,1
ilNYmF8G25I,UC1dHu9GhbHH7RcHKyJdaOvA,2026-08-26 06:05:24,40297,183,67,119.92,120.17,0.08,0
ilPKY2UBoBI,UCBW_PhuXoHk40xF6nO0Q64w,2026-07-24 06:16:14,10090,241,82,119.98,120.23,0.02,0
ilYuZL3HGDw,UCAZVLirygDNDfCNfyIVnTWA,2026-08-18 02:10:56,568,22,0,119.82,120.07,0.07,0
ilrg8stuXtA,UCElXDMEQqlUnuyDbChjARWQ,2026-07-26 09:00:05,1210,4,0,120.0,120.0,0.0,0
im522Mex0pg,UCFiHjGyrJux8Rt4e6mUPU-w,2026-07-29 17:00:05,13266,546,116,120.0,120.0,0.0,0
imAtL9spJcQ,UC3_QWAvQRhPW4CDoQU8acKw,2026-08-16 09:11:57,44703,814,202,119.81,120.05,0.05,0
imaftsRSEP8,UCGa52d8Qlv3THghuCAt_nXA,2026-08-14 08:30:12,28735,264,20,120.0,120.0,0.0,1
lFb3thQD8SY,UCN8YcyYvYIrtLcwyT-KqbNg,2026-08-15 03:00:19,7148,33,24,120.0,120.0,0.0,0
lFdf9uIWzmo,UCgjaQlejpAnIu0q-xtVfTEw,2026-07-18 02:22:06,53254,649,150,119.88,120.13,0.12,0
lFwzyVfbBI4,UCSzHok6X5qXEO7cjvVnE62g,2026-07-17 12:00:33,99035,1279,35,119.99,120.24,0.01,0
lG31HKC5tT0,UCF-rFAdN7dzd-SI2T3rkCaQ,2026-07-19 07:35:10,21585,301,38,119.92,120.17,0.08,0
lGDQothWW7Y,UCQhIdo5nRQY9DB3uo7vawtw,2026-08-30 18:32:37,1513,32,5,119.97,120.22,0.03,0
lGS4BOhbVIw,UCE8JC9RAVSudDT_8Ji1fuPQ,2026-08-22 08:45:38,94436,1238,54,120.0,120.0,0.0,1
lGhX0KW6BNQ,UCAl4HWznMn7KhKBRFO5eiFA,2026-08-23 10:35:36,11066,61,1,119.92,120.17,0.08,1
lGols_QR5bw,UCyiKngyUPUb1bka4yFrn65g,2026-08-14 00:04:20,1325,7,0,119.93,120.18,0.07,0
lGrG6mz-4QA,UCxgFJOTQeyB4HqTQr5LYkqA,2026-07-24 07:07:02,16197,366,28,119.89,120.14,0.11,1
lGxpxIQpo70,UCrY2B2XX41ReYh9DIWrFfCg,2026-08-08 09:58:59,11289,,16,119.77,120.02,0.02,0
lGyJPAOPejQ,UCpwGBltfwjd_fIzp5cb5R0w,2026-08-05 13:55:17,44225,374,19,119.83,120.08,0.08,0
lHDaYERUYW0,UCXg-6b0X0sIMBDHhbyBuOQg,2026-07-23 11:00:03,7391,82,1,120.0,120.0,0.0,1
lHDlWn5RXZY,UCp6n8d8Y8r3MwKNw_MMaouQ,2026-08-21 21:21:09,2805,52,5,119.91,120.16,0.09,0
lHNhnMQHjns,UCV7WE8I_UiAN0fa6Arezx_w,2026-08-14 00:00:12,7,1,0,120.0,120.0,0.0,0
lHUoy4w5gwI,UCJDXc9JWCZo-nLNKr_-L2Ng,2026-08-24 16:57:24,3024,61,5,119.8,120.05,0.05,0
lHerZTVzwyU,UCO8ToDSM2Gvt3EZdOdosxTw,2026-07-23 05:30:08,6036,48,66,120.0,120.0,0.0,0
lHfZFpOyXYE,UC5Yx9RlmznXDUEIrfoSqheA,2026-08-14 04:42:09,193,5,0,119.8,120.05,0.05,0
lHpow77_zpw,UCIKORyfTZ0cN-u0hrxHcgUw,2026-08-16 11:32:36,93,0,3,119.96,120.21,0.04,0
lI2-bu6CbX0,UCgvtwZJPhSfbKOxh3EoVXng,2026-08-08 10:36:00,17,1,0,119.9,120.15,0.1,0
lI6KV08mziA,UCt8CJiye87FMbEwt0npPMuQ,2026-08-29 16:15:40,15870,281,17,120.0,120.0,0.0,1
lI6vL0oQ9qM,UC3hqiw3lZAXaMwhQvMGZkdw,2026-08-20 13:15:21,4082,47,17,120.0,120.0,0.0,0
lI7Xq26qv9Y,UCtGMgPWJNU2Aj-SNK0zg0Sg,2026-08-23 17:04:12,3664,25,0,119.94,120.19,0.06,0
lIHYFb9B0S8,UCAl4HWznMn7KhKBRFO5eiFA,2026-08-14 08:00:25,9120,79,5,120.0,120.0,0.0,0
lIiO7FNIh-E,UCV7WE8I_UiAN0fa6Arezx_w,2026-07-28 18:00:04,40,1,0,120.0,120.0,0.0,0
lIr700Ujzqg,UCJj2vuQIpFnk5pbTAtCi3yw,2026-08-19 12:02:35,95270,1399,34,119.97,120.22,0.03,1
lJ3fIUkvCg8,UCRCK5FCJtomQT3b88jXI_DA,2026-07-23 09:07:44,13097,,,119.87,120.12,0.12,0
lJ6VXPX96Hg,UCqVkQsNin4MdGFrWvzFVOKw,2026-08-23 00:46:50,11084,230,10,119.98,120.23,0.02,0
lJ74i-2-jtQ,UCAGUSx1hbPKDqzBZH7bTjiA,2026-08-26 10:00:12,39882,211,26,119.76,120.01,0.01,0
lJ9U4-UovWU,UCby0vMKcLR05ZdS90aZd5og,2026-07-17 04:55:22,11203,5,4,119.83,120.08,0.08,1
lJLdmX0IBw4,UCz5LAkkX66OAW-y_WiWf9vA,2026-08-13 01:03:31,3844,26,3,119.94,120.19,0.06,1
lJMOnNV0_MQ,UCzDmGDR5RdahQkLCBoWlTEg,2026-08-17 13:53:41,25477,111,40,119.86,120.11,0.11,0
lJO0yevgPB4,UCV6mNrW8CrmWtcxWfQXy11g,2026-08-13 11:00:09,88366,2061,42,120.0,120.0,0.0,1
lJOc6Iw3wuM,UCb08r5yPoH-AqM7_XCL4Uhg,2026-08-21 08:00:36,3251,65,160,119.75,120.01,0.01,0
lJW6LRvYuds,UCop7QCLcdzTpcYZzMu1mFAg,2026-07-28 11:35:17,13111,104,49,119.91,120.17,0.09,0
lJwZoKmNeWM,UCV6mNrW8CrmWtcxWfQXy11g,2026-08-28 13:30:14,2596148,63014,1196,119.76,120.01,0.01,1
lJwimDUO8Jk,UCFmlAyHib0TTCkkLHxhyb5g,2026-08-20 17:01:16,1896,31,4,119.99,120.24,0.01,1
lK17DOjB2sU,UCZudBEEhIf6i8XIZZn3QDvA,2026-07-23 06:00:27,23877,1295,11,119.99,120.24,0.01,0
lK7kR2NJ-_4,UCV7WE8I_UiAN0fa6Arezx_w,2026-07-11 19:00:03,60,0,3,120.0,120.0,0.0,0
lKHGK5FgRcE,UC141BuVRzSSXJX33Am9yxEA,2026-08-13 08:00:17,19011,622,168,120.0,120.0,0.0,0
lKKW7tH2zBY,UCBkvEgeJ3_UMwbW7VCxzs8g,2026-07-30 00:09:08,497,,6,119.85,120.1,0.1,0
lKLySOim3uY,UCzDmGDR5RdahQkLCBoWlTEg,2026-07-14 14:50:10,15814,110,32,119.92,120.17,0.08,0
lKhsRf04gBs,UCzps05UZ7XpX3SFoFyYIDow,2026-08-06 11:51:56,53097,214,227,119.89,120.14,0.11,0
lL2jdPeHMCU,UC8CIM3d3zDYMk-3T5aAz0yw,2026-07-11 10:15:08,444870,10689,603,120.0,120.0,0.0,0
lL4PZ0sxGmc,UCDnIK80iouL_rb_J6GybOlg,2026-07-12 08:45:07,7,0,0,120.0,120.0,0.0,0
lLHx6Jp3A8M,UCRNMJOB5slwh28PMEQ0xFww,2026-07-22 09:00:28,26657,893,45,120.0,120.0,0.0,0
lLVi4LzyG4o,UCV7WE8I_UiAN0fa6Arezx_w,2026-08-30 03:00:29,102,0,0,120.0,120.0,0.0,0
lLbbog-jGm0,UCby0vMKcLR05ZdS90aZd5og,2026-07-17 05:04:53,3305,6,0,119.92,120.17,0.08,1
lLhLktznoMo,UCN5oT4zGJX-_H6pE5isAEeg,2026-07-27 22:00:26,907235,9725,558,120.0,120.0,0.0,1
lLhZHNe6Jts,UCyEIUlSKbzCt3ElAsPFb7EQ,2026-08-27 02:00:08,15443,32,17,119.76,120.01,0.01,0
lLsJsvJ9sqU,UCgWwo8FJL3MCxfd66ip7nFg,2026-08-08 13:40:04,114705,,360,119.84,120.08,0.08,0
lLtBLCRbVng,UCnCFD3met1Ip7OngdF9TRDg,2026-08-15 02:09:10,28340,362,74,119.85,120.1,0.1,0
lM7g1cU0oyI,UCl-VnCUwSxDr5zPu-YlDUYw,2026-07-27 08:00:21,93284,788,27,120.0,120.0,0.0,1
lM8ugvoPsv4,UCXu_CcxBZA5S_iG33OzA9PQ,2026-07-25 03:46:27,395,7,0,119.98,120.23,0.02,0
lM9VPYREkyw,UCpcTrCXblq78GZrTUTLWeBw,2026-07-12 10:00:13,56798,635,398,120.0,120.0,0.0,0
lMGuuD5mlSc,UCXVVG5ZM3SJJCh94xatR8Dg,2026-08-01 08:00:39,998,4,1,119.99,120.24,0.01,1
lMHqlZcJe30,UCgT-gb3favw2jQgwxbbwwaA,2026-08-04 11:00:30,157734,1107,76,119.99,120.24,0.01,0
lMmNRAlwq8g,UC5ThQKdocwo_9UurfT5P_ww,2026-08-19 22:00:04,477646,5470,69,120.0,120.0,0.0,1
lN-fHOO_Lvk,UCdcjduaR6hyGHVNmpbJzSsw,2026-08-19 19:57:31,4190,39,1,119.8,120.05,0.05,0
lNfqAtWzgBg,UCBmPfbqvGwTTfrV-H_UOfdw,2026-08-27 00:30:46,889803,8714,107,120.0,120.0,0.0,1
lNzoBofSUOU,UCGW76VChAJKee9kYzvyoycQ,2026-07-31 05:00:32,2998,49,31,119.99,120.24,0.01,0
lNzriqg-Rds,UCVZI7eLie2UlZph6aiBRNrw,2026-07-27 12:04:04,75591,715,100,119.93,120.18,0.07,0
lOElCmMJf2U,UCF-rFAdN7dzd-SI2T3rkCaQ,2026-07-29 08:44:06,17091,230,19,119.77,120.02,0.02,0
lOEo4tSZ5AY,UCaHIZAKows704_gk6bjdAog,2026-08-07 23:00:38,41240,489,108,119.99,120.24,0.01,0
lOWiPoD_wJM,UCN8L7Z-dyzu9FzT39RM0fvw,2026-08-05 01:22:38,18546,227,73,119.87,120.13,0.13,0
lOdYxzBsd4g,UCOaUTqrtz1yBBiwziVJEAmQ,2026-08-08 19:58:01,7127,61,1,119.78,120.04,0.04,0
lOsbtX2SC4M,UC_8GOc5dWX2Kpb74_nQ7vSQ,2026-08-03 09:00:17,126027,3278,448,120.0,120.0,0.0,0
lOsfcjcy83I,UC3RzmV2LX3AmWhZVx0A7u0A,2026-08-30 07:00:36,85969,1428,90,120.0,120.0,0.0,1
lOslTtqIWYY,UCtGMgPWJNU2Aj-SNK0zg0Sg,2026-08-19 09:30:08,21354,352,38,119.76,120.01,0.01,1
lOyGrS9l1M0,UCrY2B2XX41ReYh9DIWrFfCg,2026-07-10 11:19:12,2169,,2,117.45,121.3,1.3,0
lPJTpn8dFCs,UCk5mlvpbj8CZxD229CpiouA,2026-07-31 12:00:20,5776,163,13,120.0,120.0,0.0,0
lPPa0P4RsvE,UCYS2NvZlSjrxZfnn1v7b3QQ,2026-08-16 16:05:14,8,1,0,119.92,120.17,0.08,0
lPeqGgfqDxM,UCYjNEoVziojh1ZCum1q0PNQ,2026-08-25 11:15:06,11068,153,36,119.76,120.01,0.01,0
lQ0HcHbf0mE,UCiEMsnnzti6PDNi8TAlSnFw,2026-08-07 21:17:45,17,,0,119.96,120.21,0.04,0
lQ4AzrYu9ng,UCvAetSOU_4lyjM5hVMNzN0Q,2026-08-28 16:40:09,19540,177,16,119.84,120.09,0.09,1
lQA-kzHIbDk,UCwBkHOTyu57NQi0syf5MLig,2026-08-12 04:00:25,473159,2236,74,120.0,120.0,0.0,1
lQGdHDa-Hr8,UChLqHuZV0PENIBYxDgXyPLQ,2026-08-04 12:51:02,51764,1014,25,119.9,120.15,0.1,1
lQRD1L3X3s8,UCD8r5Jgns2V64-NcUmXclpg,2026-08-09 03:15:23,70681,384,63,120.0,120.0,0.0,0
lQSGpfv9mgQ,UCw1DsweY9b2AKGjV4kGJP1A,2026-07-11 09:27:28,68100,366,94,119.79,120.04,0.04,0
lQWvOL04pz0,UCrxzkAOXEbflxcTbRYnCoTw,2026-07-25 23:00:01,33799,180,144,120.0,120.0,0.0,0
lQbE5CfTrrU,UCgjaQlejpAnIu0q-xtVfTEw,2026-07-25 00:00:34,42953,440,85,119.99,120.24,0.01,0
lQcEgQZQbwM,UCnkytUgy0CtWd06up9CjNxg,2026-07-31 11:00:31,913761,19218,189,119.99,120.24,0.01,0
dNyaxVyP1Qk,UC4OsulKlyGi0wY5h9D4JjBw,2026-07-21 13:08:29,32212,305,70,119.86,120.11,0.11,0
dOB-iK4Y9BM,UCpwGBltfwjd_fIzp5cb5R0w,2026-08-17 12:30:14,305343,2602,209,120.0,120.0,0.0,1
dOCQVFsNQhE,UCL2ZLyAV0H9Pvi46W7TGdHQ,2026-08-11 12:00:06,1289347,12267,227,120.0,120.0,0.0,1
dOOoYfXwYPs,UCRq3CDTZ2qe3HiHrZdQKBvQ,2026-08-25 14:03:32,1044,13,4,119.95,120.2,0.05,1
dOetzRvbmrw,UCZ6mNZTiTUrUSbSYPlclI4A,2026-08-26 12:26:50,194609,3330,209,119.81,120.06,0.06,1
dOib2Yk9h6Y,UCWZqSCSNZT3X8e_HyCJoXMg,2026-07-10 09:28:33,23120,985,19,119.29,123.15,0.71,1
dOlhZG-u6pA,UCt8CJiye87FMbEwt0npPMuQ,2026-07-27 15:30:03,48836,1584,92,120.0,120.0,0.0,0
dP-79ORa7Zs,UC5RxNUZ9_c94ZEfJGnJZmTw,2026-07-31 20:12:29,1274,39,1,119.79,120.04,0.04,0
dP4l_6HU29g,UCqyzJW0VRYRP_sFELZYdxGg,2026-08-06 03:00:14,89831,29,12,120.0,120.0,0.0,1
dP6oSA9718k,UCqI5lyTpC79pOy2D-VXAMdA,2026-08-27 04:34:20,119811,943,324,119.94,120.19,0.06,1
dPKd09FwMnY,UCYooECrv-fIXlPaDwEIaveA,2026-08-12 09:01:16,41409,530,43,119.98,120.23,0.02,0
dPL6ZQPk3aw,UCV6mNrW8CrmWtcxWfQXy11g,2026-07-27 16:00:21,37945,1608,22,120.0,120.0,0.0,1
dPPWOFu0PuI,UCNymqCXr3sxL8dnmO_jScuA,2026-08-13 03:45:05,59309,891,113,120.0,120.0,0.0,0
dQ7lnhrwAvA,UCPsZX-D7LW99PjZLA-UysPQ,2026-07-28 15:00:16,329,2,1,120.0,120.0,0.0,0
dQMWhD-yySA,UCBmPfbqvGwTTfrV-H_UOfdw,2026-08-31 03:55:01,43897,924,46,119.85,120.1,0.1,1
dQPCgAs38FY,UCkd3KAYGnTNPJZZrPOFeWhA,2026-08-31 12:31:53,28556,36,5,119.98,120.23,0.02,0
dQPoyaGrH-U,UC8aCmG_y4DqqVI9Xlcym1Jg,2026-08-25 21:18:01,250,18,0,119.96,120.21,0.04,1
dQXa1n8BPIE,UCUR5w0E-jQTOO8Q0FZ4ilYQ,2026-08-01 09:00:30,232441,788,107,119.99,120.24,0.01,0
dQhiFaVvzO4,UCgyDKBTgkBfa8jWrBb8Npig,2026-08-24 09:47:26,1160,2,1,119.97,120.22,0.03,1
dQoh7Oheuog,UCV7WE8I_UiAN0fa6Arezx_w,2026-07-24 14:00:23,256,0,0,120.0,120.0,0.0,0
dR4Q5NYLmds,UCGa52d8Qlv3THghuCAt_nXA,2026-07-16 08:30:11,21009,224,14,120.0,120.0,0.0,1
dRF7RooPRwk,UC6JB_a6rD1lZ_aZgQvORfrQ,2026-07-25 17:21:43,7205,114,0,119.89,120.14,0.11,0
dRHTDhvs3P0,UCMswODzU1ZjjrLyUk7NfwPA,2026-07-13 03:45:09,44411,626,23,120.0,120.0,0.0,0
dRTE2kF4CV4,UCtRiSpvkhtRXaSjVjEB9LKg,2026-08-10 03:00:10,8417,114,27,120.0,120.0,0.0,0
dRhgVZZodBQ,UCN5oT4zGJX-_H6pE5isAEeg,2026-07-23 22:00:29,2337579,33592,852,119.99,120.24,0.01,1
dRrpYzDwgSY,UCxin7Nr69HWFKjeaoWlL8xQ,2026-07-22 15:33:03,462,2,0,119.96,120.2,0.04,1
dRspVY7PAiI,UCjBPx2oip2bKnnfqKyas0ew,2026-07-31 09:00:22,4334,179,38,120.0,120.0,0.0,0
dS0Wu7-oe8U,UCPGl9DV2WUgaqGVXtVrhJWQ,2026-07-29 14:18:26,4,0,0,119.94,120.19,0.06,0
dSOo0T8PgnQ,UCo33r3SAf5z9MS-lrXV2aOQ,2026-08-09 08:15:27,98059,811,69,120.0,120.0,0.0,0
dSUEDjUWqao,UCi1Tln5CFg1yExpz8djyxjA,2026-08-22 20:30:53,710883,25322,89,120.0,120.0,0.0,1
dSbs2v0gKus,UC3ozN5tHi449NhCDE6Xtmwg,2026-08-11 02:43:58,63942,405,9,119.77,120.02,0.02,1
dSoJWd40mn0,UCp9skQ2mP_DfVL8c3gZQUzg,2026-08-27 04:23:06,56444,193,25,119.88,120.13,0.12,1
dT-9IdtdVqA,UCt8CJiye87FMbEwt0npPMuQ,2026-07-16 18:20:51,7423,347,45,119.9,120.15,0.1,1
dTAWr2Hoa1g,UCPsZX-D7LW99PjZLA-UysPQ,2026-08-04 12:00:05,263,4,0,120.0,120.0,0.0,0
dTD53p1majE,UCL2ZLyAV0H9Pvi46W7TGdHQ,2026-07-24 11:00:38,33006,205,41,119.99,120.24,0.01,0
dTDnMDmEpAg,UCJA6MZLzTeljmGNFaugdoWQ,2026-08-29 07:00:20,11554,37,27,119.76,120.01,0.01,1
dTGZQKDu2aE,UCZRH94I89Ps7giJYeK6DlWA,2026-08-31 03:00:28,90851,758,62,119.75,120.01,0.01,0
dTIrSRnXoSI,UCZ_xE8U6MVnpwefrYvl2uvA,2026-08-17 03:00:16,369,3,0,120.0,120.0,0.0,1
dTKWlIaG8og,UCwBkHOTyu57NQi0syf5MLig,2026-08-07 00:00:38,381096,1689,88,119.99,120.24,0.01,1
dTNDDlfvmW0,UCZCZHg_oJiHcrcj2vaPRCag,2026-08-03 09:00:27,573,0,0,120.0,120.0,0.0,0
dTPkXuL8jDk,UCmiTZyj9GwMjyznZxrgCH4Q,2026-08-28 06:15:08,9859,92,21,119.76,120.01,0.01,0
dU-WhkrIt4w,UC3pTpoDKt17IrCDH60kSNPA,2026-08-19 05:00:22,2218,48,7,119.76,120.01,0.01,1
dU3B2NT8ClM,UC-FiQR2gg8oiNw98ZdsSX6Q,2026-08-24 19:00:14,1140,4,1,119.76,120.01,0.01,0
dU6DV5gsjkA,UCt6Eo4xMTHhlOWg4_PAz_MA,2026-08-21 08:07:47,2865,64,2,119.89,120.13,0.11,0
dUE3_80LZN4,UCgLFbrC7-g0ihBKB0obVPTg,2026-08-26 13:44:23,467,6,1,119.77,120.02,0.02,0
dUH-Br6bu1c,UCB4YEVYp6LynBpz7bXyZsTg,2026-08-29 12:00:28,91310,352,50,119.76,120.01,0.01,0
dUWcZ3oESeE,UCFHUplScMiWTjJrtv4hxWmg,2026-08-24 11:25:12,64014,507,104,119.84,120.09,0.09,0
dUddpSYDSyk,UCwBkHOTyu57NQi0syf5MLig,2026-07-30 06:00:22,315545,2997,63,120.0,120.0,0.0,1
dUkXPZp8vFc,UC5RxNUZ9_c94ZEfJGnJZmTw,2026-08-19 12:00:00,2218,94,19,119.76,120.01,0.01,0
dUnDg3I_7jk,UCSl8TBqqflby-ymdEQVfRNQ,2026-07-22 15:00:35,21205,382,113,119.99,120.24,0.01,0
dV1GzY8iRyk,UChHxLcNi7e0zu-e33HM6v6A,2026-08-11 23:00:09,33006,123,41,120.0,120.0,0.0,0
dV4cooOUTyE,UCV7WE8I_UiAN0fa6Arezx_w,2026-07-23 08:00:25,82,0,0,119.99,120.24,0.01,0
dV8mtVdHS-s,UCpcTrCXblq78GZrTUTLWeBw,2026-08-31 11:30:24,32088,193,15,119.76,120.01,0.01,0
dVLHPseoJiE,UCM81CAJ2_Y42-bvK1OQnAAA,2026-08-31 12:36:35,335976,3439,374,119.9,120.15,0.1,1
dVX2E1dew3E,UC4VWaR3R17Ruc7j1Cy1-PKQ,2026-08-19 21:25:01,67,2,0,119.84,120.09,0.09,0
dVXYonmGBBk,UC5Yx9RlmznXDUEIrfoSqheA,2026-07-22 21:33:19,91,4,0,119.95,120.2,0.05,0
dVZ8wRk6h6g,UCpcTrCXblq78GZrTUTLWeBw,2026-08-05 11:30:07,148917,2755,141,120.0,120.0,0.0,0
dVjkqhpB140,UCv1tOT645xHOJrwdGlzjMaA,2026-07-26 12:35:43,38114,1174,38,119.91,120.16,0.09,1
dVoucpqbsc0,UCNu00qhYj4nPeMNdxuwV6sg,2026-08-12 12:49:58,1143,43,0,119.92,120.17,0.08,0
dVyl-XkSL-A,UCMQheF8kFOZjCEbBRhYvROA,2026-08-08 23:24:48,29,2,4,119.84,120.09,0.09,1
dWBR7JOg874,UCirJgPv8RtFaFMj39b6cD8Q,2026-08-30 09:00:05,4147,24,0,119.76,120.02,0.02,1
dWEdFt02Tgg,UC7bcRlidTERRb_MKRHPVSnw,2026-08-23 12:03:18,27823,1021,24,119.96,120.21,0.04,0
dWH6BxsQX7E,UCPGl9DV2WUgaqGVXtVrhJWQ,2026-08-22 06:04:30,29,0,0,119.94,120.19,0.06,0
dWIStAYCy18,UCSl8TBqqflby-ymdEQVfRNQ,2026-07-22 19:36:43,50426,635,58,119.89,120.14,0.11,1
dWZLXswwmcY,UCifCesg-EUkjKyQedaB3hRg,2026-08-17 01:13:44,34797,583,7,119.77,120.02,0.02,1
dW_2zFcAYr8,UCYGF_xk5RDpltyZDSx040uw,2026-08-25 03:41:02,16664,187,55,119.83,120.08,0.08,0
dWlcNWtdKKc,UCrKSaegnzewdj9-YLsUhoZw,2026-08-08 05:24:16,26753,149,74,119.85,120.1,0.1,0
dX3OJoAPbVg,UCV7WE8I_UiAN0fa6Arezx_w,2026-08-03 06:00:16,33,1,0,120.0,120.0,0.0,0
dXAe7SNhBE8,UCY_vDlvG-BTDRIOk_I9QQ6g,2026-08-05 03:25:08,2990,22,12,119.83,120.08,0.08,0
dXI_6ODHf6E,UCPGl9DV2WUgaqGVXtVrhJWQ,2026-08-10 14:00:37,4,0,0,119.99,120.24,0.01,0
dXU822cTRt4,UCarBV0zWlC2k-HteyeKqfag,2026-07-30 02:09:33,194,13,0,119.84,120.09,0.09,0
dXpa3iWC-3I,UCt8CJiye87FMbEwt0npPMuQ,2026-08-26 04:31:30,2044,38,2,119.99,120.24,0.01,1
dYM7zIbfTws,UCpcTrCXblq78GZrTUTLWeBw,2026-07-20 02:23:27,5585016,49492,399,119.86,120.11,0.11,1
dYMqWPM-VbA,UCOTJtP0Z9DjpPU43B5m1V6A,2026-08-04 05:03:32,115195,981,37,119.94,120.19,0.06,0
dYZg8A2BbjM,UCaY7wcqhFb_c2eQ1eRB8rOQ,2026-08-04 09:00:37,18127,354,169,119.99,120.24,0.01,0
dYbwe5DrJtw,UCkNUuK9EfixaK2HbJYZ5YrQ,2026-08-09 16:27:45,65078,1402,45,119.79,120.04,0.04,0
dYfN_mUn1Sc,UCz1Gc37nWsdF_jbJ_SvMl4g,2026-07-27 09:00:10,22478,161,16,120.0,120.0,0.0,0
dYfTdO9CqAQ,UClvMduw1MDMQ0PuH753-XSA,2026-08-12 00:19:41,2838,63,1,119.92,120.17,0.08,0
dYlMOK2qyqw,UCt8CJiye87FMbEwt0npPMuQ,2026-08-21 15:00:32,8682,346,45,120.0,120.0,0.0,1
dYoNtY_1cQw,UCX11f6rIVaoWGvFnKKyPBNQ,2026-08-30 15:48:17,63804,506,48,119.96,120.21,0.04,0
fzll8jzM5hA,UCoSniqkitCpxlHrQd5L8A1w,2026-08-28 22:28:36,7665,29,19,119.78,120.03,0.03,0
fzpAXlt9raM,UCg7rkxrTnIhiHEpXY1ec9NA,2026-07-21 07:00:39,252310,11147,514,119.99,120.24,0.01,0
fzsz5hN-B7g,UCHeg3ApmuXQbqqszaD1fR9g,2026-07-12 02:00:15,24497,489,28,120.0,120.0,0.0,1
g-YPxNnfJqU,UC9jOsXFn3RwXEW3qUyySjAQ,2026-08-17 07:00:04,3035,13,5,120.0,120.0,0.0,1
g-YQCI-2W4k,UCt8CJiye87FMbEwt0npPMuQ,2026-08-01 12:00:19,13824,609,34,120.0,120.0,0.0,0
g-bT4FTsL8g,UC-2wa6jvprl7hfCpvw0ULzg,2026-08-21 14:30:36,17076,285,49,120.0,120.0,0.0,1
g-bmwdGMJ6A,UC-Pn1i_ot4qmG4l7wMZPvyw,2026-08-09 09:00:09,6318,118,9,120.0,120.0,0.0,0
g-qHYNBS7QM,UCMAfHuocszM6UTORPwUmeNw,2026-08-27 13:40:33,40920,268,0,119.84,120.09,0.09,0
g-xf9S1YKxg,UC3DYSay178fMMPaf3zHwECA,2026-08-28 08:00:10,43616,1241,19,119.76,120.01,0.01,1
g-yX-b27kpE,UC8C0Yd20ke5XqOiZvMVgM9w,2026-08-16 09:00:33,56968,419,27,119.99,120.24,0.01,1
g0Ar_J5JJxM,UC5ScPjbt-a97AJO7SBj6nAg,2026-08-02 07:19:25,121125,4477,161,119.93,120.18,0.07,1
g0HsKGGsk7s,UCV6mNrW8CrmWtcxWfQXy11g,2026-08-07 14:00:06,50000,2494,41,120.0,120.0,0.0,1
g0IimMNub0I,UCP8Q-Ku5_RkANynqDFzDWnQ,2026-08-16 13:54:43,5312,100,40,119.84,120.09,0.09,0
g0KkIRWbTVU,UCgLFbrC7-g0ihBKB0obVPTg,2026-07-29 14:11:35,190,11,1,119.81,120.06,0.06,0
g0ShOtHkPyU,UCt8CJiye87FMbEwt0npPMuQ,2026-08-11 13:00:13,5617,297,7,120.0,120.0,0.0,1
g0VUU-QQ1Q0,UCrD6viwK0DHbQuZSOZBbofg,2026-08-08 14:24:18,26353,293,66,119.85,120.1,0.1,0
g0bzR0XUqkg,UCnkytUgy0CtWd06up9CjNxg,2026-08-21 15:00:08,195129,2687,689,119.76,120.01,0.01,0
g0fvmdoQ888,UCby0vMKcLR05ZdS90aZd5og,2026-08-05 16:00:53,149,2,0,119.99,120.24,0.01,0
g0gYY7zMRr4,UCuCmLrNT5MbpqfrSSKHqTug,2026-07-23 08:00:30,11461,91,17,119.99,120.24,0.01,0
g0rjuf0vTsQ,UCpcTrCXblq78GZrTUTLWeBw,2026-07-12 23:03:47,5886476,147723,1317,119.94,120.19,0.06,1
g0wbPXKlfLw,UC3_QWAvQRhPW4CDoQU8acKw,2026-07-20 07:53:33,22306,316,217,119.86,120.11,0.11,0
g0yjw9cgUwU,UCp6n8d8Y8r3MwKNw_MMaouQ,2026-08-31 18:00:19,6895,179,3,119.76,120.01,0.01,1
g1791QY5CuE,UCbvvdVOF0teLO-U6GWh1RKg,2026-08-31 04:57:32,5748,33,10,119.8,120.06,0.06,0
g184vKuZVwo,UCRLoyYlPR9ufzlbeI9lLDqg,2026-08-19 09:00:27,17936,875,131,119.75,120.01,0.01,1
g1EHbC8PJls,UCqEoc6yuYRg5CFG4NIG8euQ,2026-08-25 09:00:29,10505,123,25,120.0,120.0,0.0,0
g1HPF9-6GGM,UCVZ0SJNurJAv-6hV5VEGB2A,2026-08-22 01:15:05,120328,1466,36,119.76,120.01,0.01,0
g1IzXK7x3dU,UCHoo90P0hvh2rrbGvX53G0A,2026-08-12 23:03:00,1597,40,0,119.95,120.2,0.05,0
g1L9LhAHsso,UCGi94VU356EAvQLgODywyrA,2026-08-16 19:11:35,10808,202,3,119.81,120.06,0.06,0
g1NblZQzXrE,UCifCesg-EUkjKyQedaB3hRg,2026-07-24 01:18:55,1172,26,3,119.94,120.19,0.06,0
g1QpSL59nvo,UCgvtwZJPhSfbKOxh3EoVXng,2026-08-22 04:13:18,15,2,2,119.79,120.04,0.04,0
g1UTLC8n5wM,UCAl4HWznMn7KhKBRFO5eiFA,2026-08-23 12:41:07,34709,149,2,119.83,120.08,0.08,1
g1V2fsoUDLU,UCdK9h1ILxS49c2LguBUY3rw,2026-08-09 12:00:06,5,2,0,120.0,120.0,0.0,0
g1W2zy6dD6Y,UC3hCAmwyYNgRuOOSFV7evVA,2026-07-31 15:00:24,42281,238,77,120.0,120.0,0.0,0
g1YEOwz0-Gs,UC2yOBpLVwB7kzt9C5ZPbB7w,2026-08-08 20:00:25,106817,1368,97,120.0,120.0,0.0,1
g1_KTY2rcRE,UCV6mNrW8CrmWtcxWfQXy11g,2026-08-31 18:00:06,527739,23485,1847,119.76,120.01,0.01,1
g1dsfNDbhus,UCcsC1X0SyiWcxBTbnjoZ9Ag,2026-08-13 04:00:05,12032,76,22,120.0,120.0,0.0,1
g1ibh4gitHk,UCYG8tuvbQzWsDeoADyJFU8Q,2026-07-25 17:56:56,3305,69,1,119.8,120.05,0.05,0
g1s64U1z1Lo,UCrfB1-zWijAYkgfZW7Ehc8Q,2026-07-26 03:00:11,119513,4140,507,120.0,120.0,0.0,0
g1uwP2s1R0M,UC6YqXiwCBfPvPTs3wXgWElQ,2026-08-10 12:57:02,11841,70,19,119.8,120.05,0.05,0
g1yKS49yKS8,UCnCFD3met1Ip7OngdF9TRDg,2026-08-29 05:45:26,47839,338,105,119.76,120.01,0.01,0
g25QE_BYrEw,UCSgvQDek_7CQj08fu7kp1Iw,2026-08-14 09:00:38,80094,758,465,119.99,120.24,0.01,0
g275Uj9bcLk,UCOTJtP0Z9DjpPU43B5m1V6A,2026-07-25 12:00:30,484614,2939,146,119.99,120.25,0.01,1
g2dxm8pDL_0,UCD2YO_A_PVMgMDN9jpRrpVA,2026-08-01 07:01:58,1526963,14189,3518,119.97,120.22,0.03,0
g2usCeoLnLk,UCZ6mNZTiTUrUSbSYPlclI4A,2026-08-12 02:58:35,2332,52,5,119.78,120.03,0.03,1
g2zRKm4kBJw,UCV7WE8I_UiAN0fa6Arezx_w,2026-07-14 17:00:38,151,0,0,119.99,120.24,0.01,0
g38OIQGTRsc,UCby0vMKcLR05ZdS90aZd5og,2026-08-25 05:12:08,2853,9,2,119.82,120.06,0.06,1
g3OufoH3cqk,UChUNd9Dt96PzfB24BtVviHg,2026-08-29 02:00:18,312420,1769,15,119.76,120.01,0.01,1
g3Y7og244AQ,UCPGl9DV2WUgaqGVXtVrhJWQ,2026-08-31 14:06:13,2,0,0,119.91,120.16,0.09,0
g3jO3sBhX1g,UCPsZX-D7LW99PjZLA-UysPQ,2026-08-30 12:00:30,1686,8,7,119.75,120.01,0.01,0
g3oapYuw17g,UCjOtzpfj5lF9erwTEQYkxtQ,2026-08-01 03:00:39,34615,775,64,119.99,120.24,0.01,0
g3socK5pILk,UCI3DTtB-a3fJPjKtQ5kYHfA,2026-08-28 00:41:19,2812,2,0,119.82,120.07,0.07,0
g4F3OEXeKfg,UCs7mzshFv0PbUMUM0x1Waug,2026-07-17 09:16:27,17502,134,15,119.98,120.23,0.02,0
g4GRkL3BdVA,UCV6mNrW8CrmWtcxWfQXy11g,2026-07-27 02:00:25,24983,1426,32,119.99,120.24,0.01,1
g4PuvKWuL4M,UCYM01qjjE_hmqFQAmOo-lNg,2026-08-01 14:15:57,642,11,0,119.99,120.24,0.01,0
g50panI_7_M,UCV7WE8I_UiAN0fa6Arezx_w,2026-07-28 17:00:27,29,0,0,119.99,120.24,0.01,0
g56FrFYpR50,UCkphwoGMBs2_0raLOqu9aQw,2026-08-07 12:00:13,116,3,9,120.0,120.0,0.0,0
g5LWho6q0wA,UCI4wEWWBEElIbp9jHcFllTw,2026-08-21 22:40:02,34455,229,2,119.84,120.09,0.09,0
g5NPnEc7pSQ,UCjyXK9pWHwWR_-bRibFaWDg,2026-08-04 12:56:24,43201,252,32,119.81,120.06,0.06,0
g5OSjwQaACY,UCI6Ro_MOr36re4Bhb7nCY7g,2026-07-16 11:30:13,14379,117,30,120.0,120.0,0.0,0
g5Y3lgg-4z0,UC8FErYSi74YwGUAoTpjvgzQ,2026-07-16 09:30:33,9865,178,7,119.99,120.24,0.01,1
g5fRK_GH8So,UCE-6-bWkikwoP4_ooZNep3g,2026-08-22 22:00:17,45633,1107,19,119.76,120.01,0.01,1
g5iMIpJ7nDE,UCDLDbittWhk2KXvaCT0YpZQ,2026-07-29 09:00:13,72088,2041,120,120.0,120.0,0.0,0
g5p_BglduSU,UCVZ0SJNurJAv-6hV5VEGB2A,2026-08-29 02:00:19,141679,2484,263,119.76,120.01,0.01,0
g5x1g-z7oqc,UCDmmbxGg8g-EBkC_ku6vybg,2026-08-19 12:08:53,123330,1207,133,119.86,120.11,0.11,1
g5xecBXOito,UCdm06VHBWF5Mg5kYxffzikw,2026-08-30 14:14:21,37260,269,22,119.77,120.02,0.02,1
g66H0appQRc,UC1q4Ihlv_YhLELw-ijE0Diw,2026-08-16 11:55:23,160739,3679,292,119.83,120.08,0.08,0
g6ETMrWahSE,UCt8CJiye87FMbEwt0npPMuQ,2026-08-02 12:00:15,323434,16598,1144,120.0,120.0,0.0,0
g6GprcdZglo,UC_e83kYlGHWbsrr8QCfV_ag,2026-07-23 14:18:06,2247,4,1,119.95,120.2,0.05,1
g6HZJrNAfPw,UCyU5JQ8KVRD9jE4E_xLsHxw,2026-07-31 09:00:11,10,1,0,120.0,120.0,0.0,0
g6owuoshk7Y,UC543-TDm6IvHHZXwdSFioMw,2026-08-25 11:00:24,26068,308,20,119.76,120.01,0.01,0
g6sq1gsJ4FE,UC2t5bjwHdUX4vM2g8TRDq5g,2026-07-31 17:00:38,90433,2813,65,119.99,120.24,0.01,0
g6xfDd7KEhU,UCF-rFAdN7dzd-SI2T3rkCaQ,2026-07-10 09:04:08,24375,293,22,119.7,123.55,0.3,0
g6zgy_yT1ms,UCuXE-MdbuaZcPt_2J2kSsSQ,2026-07-25 08:13:41,170,2,1,119.77,120.02,0.02,1
g7E4-iGOqDQ,UCPGl9DV2WUgaqGVXtVrhJWQ,2026-08-05 02:16:57,2,0,0,119.97,120.22,0.03,0
g7HoFIUqGsg,UCxpyoLu0jWQJ71_p5zMSgSA,2026-08-26 09:49:24,34791,338,26,119.94,120.19,0.06,1
g7IklWYin7w,UCdtV_sB8WUWo-P_q3OwNfcw,2026-08-12 08:00:35,25512,92,10,119.99,120.24,0.01,0
g7J4gI6qr-U,UCdGiRd1dTixfQxQrb2pbn5Q,2026-08-29 05:00:38,6603,98,27,119.75,120.01,0.01,0
g7YoreU_sd0,UCpcTrCXblq78GZrTUTLWeBw,2026-08-03 22:30:39,40784,426,36,119.99,120.24,0.01,1
g7c_p51NfMU,UCim7oePrB5hdfhcYwgUY6Jw,2026-08-25 13:00:03,8846,72,31,119.76,120.01,0.01,0
g7jXA3RXg20,UCHJv9xBR9lkzGSIepie-T_A,2026-08-30 21:30:03,952,17,2,119.76,120.01,0.01,0
imhFkchZRgU,UC8x8GQmlxAIhHxzU61z0uLQ,2026-08-23 03:03:02,24149,187,13,119.96,120.21,0.04,0
imktUxbu_Dc,UCPI40-XQA9-GBGj2k8PPqfg,2026-07-23 08:50:13,46715,697,92,119.91,120.16,0.09,0
imzhppYyEUM,UCAAtd2dSVf8urfwovnEIYaw,2026-07-23 22:42:38,2889,9,0,119.79,120.04,0.04,1
in-d_pE5CAA,UCp6n8d8Y8r3MwKNw_MMaouQ,2026-08-22 15:13:47,2594,57,1,119.78,120.03,0.03,1
in3o6jI-oQI,UCV6mNrW8CrmWtcxWfQXy11g,2026-08-29 16:00:03,52107,2159,45,119.76,120.01,0.01,1
inTU046BoOM,UCBS4sjbGJIcclT-Y6i_Jzkg,2026-08-11 18:15:12,31677,790,10,120.0,120.0,0.0,1
io05Dp1ov10,UC8aCmG_y4DqqVI9Xlcym1Jg,2026-08-19 22:30:15,588,12,0,120.0,120.0,0.0,1
io0oGgyxVBk,UCsRiYH-VrZ2mYsohk7GhLdQ,2026-08-11 09:00:03,65478,701,65,120.0,120.0,0.0,0
ioUX8rrIMMo,UC_m_uqd_9s0hZvlgfvCzqbQ,2026-08-28 14:53:51,1101,7,0,119.86,120.11,0.11,1
ioWlbFOIjX4,UC9jOsXFn3RwXEW3qUyySjAQ,2026-07-12 14:00:31,724,21,6,119.99,120.24,0.01,0
ip0H9c5gMyQ,UC4OsulKlyGi0wY5h9D4JjBw,2026-08-10 05:56:25,23016,330,95,119.81,120.06,0.06,0
ip2l4t0-EXM,UC-yb5eNBQyXBE9nZnht9u-g,2026-08-21 07:00:31,4400,210,7,120.0,120.0,0.0,1
ipXdbaaD9ok,UCCiKOocVSjyb2rsbL_Aanhw,2026-08-17 22:14:21,19102,91,73,119.76,120.01,0.01,0
ipltQ0xx7Mg,UC-okJdotaXPlzivRzHFqzuA,2026-08-18 02:59:36,80315,1404,53,119.76,120.01,0.01,0
iq01TfMOVWs,UCFCt5RYu41HTg4eX1jdHNxw,2026-08-17 23:05:49,1407,17,0,119.91,120.16,0.09,0
iq4OUR5c9So,UCFrKhWvZ8oeJQTNP5ZabgJw,2026-08-23 04:30:38,101334,1071,196,120.0,120.0,0.0,1
iq7606UCP68,UCJmnOEp1-OITEU0mk4icM5A,2026-08-07 07:00:26,147811,2770,182,120.0,120.0,0.0,1
iqCsAoAW4wk,UCab17MxxnFtAhGsJVTkSkCg,2026-08-20 23:19:47,15464,172,29,119.93,120.18,0.07,0
iqDr24wiKYc,UC6JB_a6rD1lZ_aZgQvORfrQ,2026-08-02 13:00:30,2407,38,19,119.99,120.24,0.01,0
iqGQeesvLVc,UC_E_qYfGKM3C0kqrp1p8z7Q,2026-08-27 19:00:33,968,25,1,120.0,120.0,0.0,1
iqHF7hWx3aA,UCw1DsweY9b2AKGjV4kGJP1A,2026-08-24 15:00:23,5861,51,16,119.76,120.01,0.01,0
iqScIO4EzxI,UCmcBe97VA2LqVEQUeeZl6Ew,2026-07-31 09:00:03,129931,718,211,120.0,120.0,0.0,0
iqT7x2yajt8,UCPGl9DV2WUgaqGVXtVrhJWQ,2026-08-21 14:20:46,25,0,0,119.92,120.17,0.08,0
iqVGmtbRj5A,UCby0vMKcLR05ZdS90aZd5og,2026-08-11 08:17:18,6115,9,0,119.97,120.21,0.03,1
iqdFJ4cRlxw,UCrY2B2XX41ReYh9DIWrFfCg,2026-08-25 11:12:38,2047,,4,119.8,120.05,0.05,1
iqtli2vlm2k,UCoSniqkitCpxlHrQd5L8A1w,2026-08-04 23:59:41,987,12,0,119.76,120.01,0.01,0
iquYAwspB6M,UC0wo7SwsC5dE0nSgBs2M-3A,2026-07-17 10:30:19,357513,8737,317,120.0,120.0,0.0,0
irASOgFgKNM,UCDHGqgpiHQAsE0UiltRqhfQ,2026-07-22 11:15:10,26283,82,39,120.0,120.0,0.0,0
irF73og_2nE,UCYjNEoVziojh1ZCum1q0PNQ,2026-08-29 01:15:21,37541,691,36,119.76,120.01,0.01,1
irJZFwjTDlA,UCkmUJzaZfP7Wsb5-89pAK4Q,2026-07-30 10:02:59,1202,24,0,119.95,120.2,0.05,0
irU2bi_Bm8Q,UC2yOBpLVwB7kzt9C5ZPbB7w,2026-08-04 12:00:06,245001,2803,80,120.0,120.0,0.0,1
irWxaGty7Gg,UC-8S20Ll1gzPiu_YY8BgyaQ,2026-08-25 13:14:56,102056,498,67,119.76,120.01,0.01,0
ir_CgSUJt6c,UCrKSaegnzewdj9-YLsUhoZw,2026-07-15 06:27:48,29725,183,59,119.79,120.04,0.04,0
ir_ibSILSFw,UCYxwKnNRv4FurQxeKcuR0Sw,2026-08-14 03:00:01,22,2,0,120.0,120.0,0.0,0
irbXHbW5ecc,UCdoTrHNHnoRbaQenxK5PEUg,2026-07-21 14:13:28,130,0,0,119.78,120.03,0.03,0
iri3F95oo-0,UCepHesz_5Lwr7qRaqjB-p1A,2026-07-21 09:00:14,75586,1288,166,120.0,120.0,0.0,0
irxcPe9pWzM,UCg5-nd3qoNnz5dzkX-O0b8A,2026-08-03 11:07:07,32141,536,33,119.88,120.13,0.12,0
is1M_W7zFTQ,UCAl4HWznMn7KhKBRFO5eiFA,2026-07-18 10:36:46,9705,50,0,119.89,120.14,0.11,1
is3ZiR0e7U8,UCPGl9DV2WUgaqGVXtVrhJWQ,2026-08-03 03:13:00,348,2,0,119.79,120.04,0.04,0
isDnpSrR6cM,UCt8CJiye87FMbEwt0npPMuQ,2026-07-16 19:41:14,26641,833,63,119.81,120.06,0.06,0
isH893alDcw,UCN9VGDvz2M3vdR0czEUp6lQ,2026-08-19 22:00:05,22997,225,363,120.0,120.0,0.0,0
isVIw2Dgcus,UCN8L7Z-dyzu9FzT39RM0fvw,2026-08-04 11:28:49,60356,491,15,119.77,120.02,0.02,1
isc1kWz_fJs,UCZ-UuK86Bk5sGzQQ2cEglJQ,2026-08-26 10:30:22,222811,1663,71,120.0,120.0,0.0,0
isvY3za0bZc,UCsYhDrv21N78Yt5wCQL_soA,2026-08-09 01:00:11,30165,332,19,120.0,120.0,0.0,1
isw3csRdU7s,UCBmAvrPyyiohq552LjQvPww,2026-07-27 09:15:10,6083,132,19,120.0,120.0,0.0,1
isxBCUdheco,UCrExV5uWnC3-WUnUN2Ck8HA,2026-08-21 18:24:45,2314,35,0,119.85,120.1,0.1,0
it68_sc-7eU,UC_2x8h1QrTHOO0i4Yiss-ww,2026-07-27 10:00:08,53619,737,15,120.0,120.0,0.0,1
itEowEbzUHk,UCJmnOEp1-OITEU0mk4icM5A,2026-08-06 05:00:23,239859,1976,284,120.0,120.0,0.0,1
itPHOWh-PVM,UC-8S20Ll1gzPiu_YY8BgyaQ,2026-08-21 13:31:28,69221,485,56,119.99,120.24,0.01,0
itQ_uHOP2IQ,UCoSniqkitCpxlHrQd5L8A1w,2026-08-18 22:35:41,1421,11,0,119.92,120.17,0.08,0
itrU19tGDj4,UC9qwDE50UcXvdplRNZKEoPA,2026-07-25 01:11:35,38335,874,58,119.81,120.06,0.06,1
itwMng-LqWg,UCdb5lyq0tWbY3jqH35SufmA,2026-08-28 22:30:39,26118,150,18,120.0,120.0,0.0,1
iu-ld4zdCv0,UC8FErYSi74YwGUAoTpjvgzQ,2026-07-10 09:00:35,2795,79,8,119.75,123.61,0.25,0
iukPq-fiwRE,UCrY2B2XX41ReYh9DIWrFfCg,2026-08-11 09:57:53,1910,,6,119.79,120.04,0.04,0
iulc0-ZSki8,UC5bjQxLK_3XVzIOTQ04sYeg,2026-08-03 11:13:12,684,17,1,119.78,120.03,0.03,0
iut_hOY6laM,UCPI40-XQA9-GBGj2k8PPqfg,2026-08-26 08:50:40,73503,1046,110,119.92,120.17,0.08,0
iuuWtSDwoxM,UC_8GOc5dWX2Kpb74_nQ7vSQ,2026-08-17 09:05:52,210364,5252,661,119.91,120.15,0.09,0
iv3oK7r7RBk,UCT807kAu6fmwES8B5698e2w,2026-08-05 10:00:31,25340,1769,121,119.99,120.24,0.01,1
iv3tBRZQviM,UCPv0av3PfTUeTnHGgcXkk8w,2026-07-31 23:59:44,5,0,0,119.76,120.01,0.01,0
ivDHAn2t8Qg,UCZ6mNZTiTUrUSbSYPlclI4A,2026-08-10 04:26:11,17268,479,23,119.82,120.07,0.07,1
ivQkG-6BI7c,UCt8CJiye87FMbEwt0npPMuQ,2026-08-03 14:30:38,65866,1833,278,119.99,120.24,0.01,0
ivVfsXNJ9Ls,UCz5UFGucIyJGH0nf_8d0ghA,2026-08-01 08:00:39,3081,46,15,119.99,120.24,0.01,0
ivd-_9g0SuE,UCZuT6NXrfZzYbqCG_RWgSgA,2026-08-12 14:48:40,62,2,3,119.94,120.19,0.06,0
ivdkcaxPwGk,UCyiKngyUPUb1bka4yFrn65g,2026-07-23 22:12:03,1314,3,1,119.8,120.05,0.05,0
ivj4ox4zCCY,UCjBPx2oip2bKnnfqKyas0ew,2026-08-28 08:15:24,17633,272,43,119.76,120.01,0.01,0
ivuIDPYpJyc,UCCvEN8bTeF8Z2jcN513T1Gg,2026-07-29 12:51:43,13049,245,1,119.89,120.14,0.11,0
ivy6ThoklOk,UCnkytUgy0CtWd06up9CjNxg,2026-07-10 15:11:43,212689,3553,625,119.81,120.06,0.06,0
iw3IaI6F04k,UC5ThQKdocwo_9UurfT5P_ww,2026-08-24 22:00:21,256075,3948,86,119.76,120.01,0.01,1
iw3zCHPTTts,UCT_AS9Vfdi1RLtP4MIeIZow,2026-08-18 11:21:38,1638,10,4,119.9,120.15,0.1,1
iw7oUxldqzw,UC-FiQR2gg8oiNw98ZdsSX6Q,2026-07-30 18:00:15,1346,4,1,120.0,120.0,0.0,1
iw9RaV9mZdk,UCxpyoLu0jWQJ71_p5zMSgSA,2026-08-27 08:14:01,29136,253,1,119.78,120.03,0.03,1
iwGBT1ePIqM,UC8CIM3d3zDYMk-3T5aAz0yw,2026-07-28 06:45:01,551070,10478,163,120.0,120.0,0.0,1
iwHSnCKMfzY,UCpwGBltfwjd_fIzp5cb5R0w,2026-08-01 12:30:21,350038,6610,266,120.0,120.0,0.0,1
iwMy1scVwmU,UC-FiQR2gg8oiNw98ZdsSX6Q,2026-08-18 22:00:27,1314,7,1,120.0,120.0,0.0,0
iwPa53Ky9P0,UCifCesg-EUkjKyQedaB3hRg,2026-08-21 23:57:05,20140,251,15,119.81,120.06,0.06,0
iwV3g-L52QA,UC_9W6Z5Y3lDpLk47Y_y5ITQ,2026-08-28 16:19:25,24570,158,21,119.94,120.19,0.06,0
iw_an5LmCwI,UCt8CJiye87FMbEwt0npPMuQ,2026-08-12 14:00:02,10325,588,100,120.0,120.0,0.0,1
iwabgdModK4,UCab17MxxnFtAhGsJVTkSkCg,2026-08-18 10:46:33,1079,17,1,119.99,120.24,0.01,0
iwf9JalFXzA,UCifCesg-EUkjKyQedaB3hRg,2026-07-27 01:19:59,688,19,0,119.92,120.17,0.08,0
iwmI6GpG__k,UCJZsABKjWUGbT0qf3MsXH8w,2026-07-26 09:00:22,5914,85,32,120.0,120.0,0.0,0
iwpnzNxk_Ok,UCAl4HWznMn7KhKBRFO5eiFA,2026-07-24 11:53:43,7624,72,1,119.86,120.11,0.11,1
lQd805GugWs,UCN9VGDvz2M3vdR0czEUp6lQ,2026-07-29 22:00:32,1671,41,30,119.99,120.24,0.01,0
lQehSVpUnKE,UCbFLnCfOet-u_kFyA7uX-9Q,2026-08-22 15:00:35,29870,679,17,120.0,120.0,0.0,1
lQtnQBqKDPA,UC8x8GQmlxAIhHxzU61z0uLQ,2026-08-13 08:59:21,4982,9,0,119.76,120.02,0.02,0
lQxGC-57Y90,UCUae69frfqpKOB3BUMdX5Qw,2026-08-21 03:30:15,67846,930,74,119.76,120.01,0.01,1
lR0UvdIeoyI,UCSzHok6X5qXEO7cjvVnE62g,2026-08-27 10:00:11,184635,430,77,119.76,120.01,0.01,0
lR2pO5qfXco,UCnkytUgy0CtWd06up9CjNxg,2026-07-26 11:02:05,28613,407,32,119.97,120.22,0.03,0
lRDzPgRZaJk,UCPGl9DV2WUgaqGVXtVrhJWQ,2026-08-11 04:42:45,24,0,0,119.79,120.04,0.04,1
lRS86qv2rSc,UCjsqgRBvkn8XadWraSQxTKQ,2026-07-23 15:55:26,198,2,0,119.83,120.08,0.08,0
lRTC7dNytkQ,UCz4b1O9sT73P8DWwx6OvQwg,2026-08-10 07:34:55,13517,244,21,119.92,120.17,0.08,0
lRU3m8rhUak,UC8x8GQmlxAIhHxzU61z0uLQ,2026-08-27 22:59:41,14283,121,2,119.77,120.02,0.02,0
lRYA162B1qM,UC-yb5eNBQyXBE9nZnht9u-g,2026-08-14 11:00:27,5759,128,12,119.99,120.24,0.01,0
lRapij6j95M,UCNmN3W2H0r5_hV2drzbEn7Q,2026-08-30 12:26:52,122792,1888,161,119.82,120.07,0.07,1
lRy_I6wLhEU,UCaMV-CjrWYh2Aefg_8iLwJQ,2026-08-08 04:00:09,299717,2082,123,120.0,120.0,0.0,1
lS4wzycWo5Q,UCxPMcxq7WJ32M3lnFn58Cpg,2026-08-29 09:28:38,5767,13,1,119.79,120.04,0.04,1
lSANGQouK70,UCgWOZQvFZhGuqBCtjmee0XQ,2026-07-26 13:00:43,569,5,0,49.99,451.49,70.01,0
lSINAuF7X2I,UCl402YYy7RcH7PBI3npmGPQ,2026-07-28 09:58:28,72548,486,186,119.78,120.03,0.03,0
lSYhJl8P72A,UCmwZePdbUmncnpQptdPH2Jg,2026-08-25 16:06:06,320,6,0,119.91,120.16,0.09,0
lT3rnzmucJA,UCXu_CcxBZA5S_iG33OzA9PQ,2026-07-26 11:15:33,6189,42,17,119.99,120.24,0.01,0
lTTM1Ozre0w,UCE8JC9RAVSudDT_8Ji1fuPQ,2026-08-29 08:45:04,131442,1364,128,119.76,120.01,0.01,0
lTXYyoUFJgo,UCSzHok6X5qXEO7cjvVnE62g,2026-08-05 08:00:30,44316,220,50,119.99,120.25,0.01,0
lTgZyH11KVE,UCtGMgPWJNU2Aj-SNK0zg0Sg,2026-08-12 19:24:31,4374,19,0,119.84,120.09,0.09,0
lTrdQseFtpg,UCt8CJiye87FMbEwt0npPMuQ,2026-08-12 23:00:30,18231,623,61,120.0,120.0,0.0,1
lTwofiyifUM,UCyU5JQ8KVRD9jE4E_xLsHxw,2026-08-25 09:00:09,83,1,0,119.76,120.01,0.01,0
lTxLaoQ-vYg,UCBo7GIv99qTzHaa6ip09YLA,2026-08-29 09:45:31,5186,19,1,119.76,120.01,0.01,1
lTxlbFiQPvA,UCcZLS3cRPf6ObjvKuPM7KDw,2026-07-27 09:00:19,4184,25,1,120.0,120.0,0.0,1
lU0cxK-0qbQ,UCOnoejkoN7qZM7OvesBJkqQ,2026-08-11 11:07:42,77492,2811,509,119.87,120.12,0.12,0
lU1TQtyhdAk,UCtVBI7YLJyDvrx7iWAukx_Q,2026-08-01 01:00:06,50546,536,152,120.0,120.0,0.0,0
lU4K5-tzEGI,UCnkytUgy0CtWd06up9CjNxg,2026-08-05 11:00:16,104657,1262,48,120.0,120.0,0.0,1
lUKCAsfxCcc,UCIvLQ5lZ2kebqnLaGv_FP4w,2026-08-30 08:30:00,12210,29,7,119.76,120.01,0.01,0
lUNG5XMXEQo,UCKVt3arMXfa6XZezR1UnjqQ,2026-08-20 22:00:26,3500,37,2,119.75,120.01,0.01,0
lUO5TyiURAU,UC8rbhIem-3aAsNXhTDI-nSA,2026-07-27 22:00:01,143142,2290,69,120.0,120.0,0.0,0
lUPJ2s-A5NM,UCV6mNrW8CrmWtcxWfQXy11g,2026-08-20 12:00:35,44915,1174,56,120.0,120.0,0.0,1
lUWJhFEnTXY,UC6JTm9ObvQFuTEOxOsbmYwA,2026-08-01 07:32:22,22334,575,58,119.96,120.21,0.04,0
lUazOvQN4S0,UCt8CJiye87FMbEwt0npPMuQ,2026-07-15 12:30:35,16404,639,24,119.99,120.24,0.01,1
lUoI6ycXGY4,UCdF0eCyf5np3lPO4y1fJVdw,2026-07-28 08:45:29,3173,114,8,119.99,120.24,0.01,0
lUqSX7n7R3U,UCMbyslGswEPuiNp9yoY_O9w,2026-07-17 16:55:24,2774,42,5,119.83,120.08,0.08,1
lVHtF3qGK2I,UCUPa-gJcbYG9Ql8b9H9FBbg,2026-07-22 08:00:37,4274,68,13,119.99,120.24,0.01,0
lVKs1Y8nGoA,UCPGl9DV2WUgaqGVXtVrhJWQ,2026-07-11 15:00:05,8,0,0,120.0,120.0,0.0,0
lVOCYCqmgAs,UC59jWhPazXYi8Ny4vake45A,2026-07-29 10:31:19,32929,901,6,119.98,120.23,0.02,1
lW-Pc_68Cbo,UC60HSePkZwGFzRj6VSDa6Ew,2026-07-28 15:47:00,8116,95,3,119.97,120.22,0.03,0
lW-lFfaGwco,UC3RzmV2LX3AmWhZVx0A7u0A,2026-08-27 07:00:07,300369,4920,204,119.76,120.01,0.01,1
lWGXWTbRuYE,UC9otskL_kd-0CDib_5Lj-mQ,2026-07-30 04:00:18,24148,167,46,120.0,120.0,0.0,0
lWKJ1Afhf1Q,UCt8CJiye87FMbEwt0npPMuQ,2026-08-04 16:00:33,4138,166,6,119.99,120.24,0.01,1
lWQMt-jR5a4,UCp6n8d8Y8r3MwKNw_MMaouQ,2026-08-06 21:27:52,304837,3215,41,119.79,120.04,0.04,0
lWT9kLQIMAg,UCZphffYmr6WuJD9SG8xwM8A,2026-08-30 21:43:55,2178,3,4,119.78,120.03,0.03,0
lWU5XUgNmas,UCDHGqgpiHQAsE0UiltRqhfQ,2026-07-10 09:30:01,58175,146,71,119.26,123.12,0.74,0
lW_OmqWawgc,UCyU5JQ8KVRD9jE4E_xLsHxw,2026-08-06 02:30:00,25,1,0,120.0,120.0,0.0,0
lWrKRyLdvco,UCI3DTtB-a3fJPjKtQ5kYHfA,2026-08-27 18:21:15,5534,18,0,119.91,120.16,0.09,0
lWyCTuLrlHo,UC4P7F8qenDo1O_5NvgBb_cg,2026-08-19 02:30:09,84275,813,150,119.76,120.01,0.01,0
lX1yl_R_zsM,UCmcBe97VA2LqVEQUeeZl6Ew,2026-08-29 09:00:02,173496,403,69,119.76,120.02,0.02,0
lXNDzb6pL3I,UCbFLnCfOet-u_kFyA7uX-9Q,2026-08-29 07:40:19,42288,449,61,119.84,120.09,0.09,0
lXQlgRHprzY,UCRpdlPk671uOMiBtf5HtB3Q,2026-07-10 10:56:41,22992,222,9,117.82,121.68,1.68,1
lXZyfJHscw0,UCirJgPv8RtFaFMj39b6cD8Q,2026-07-30 09:00:05,33508,134,4,120.0,120.0,0.0,1
lXiiOgvhaIE,UCYGF_xk5RDpltyZDSx040uw,2026-08-30 11:54:43,256288,1830,34,119.85,120.1,0.1,1
lXm4CHb8RcE,UCV7WE8I_UiAN0fa6Arezx_w,2026-08-19 14:00:24,19,0,0,120.0,120.0,0.0,0
lXzMa90Tk4k,UCpI-AhCT02iQRGLC2ZcY0Jw,2026-08-26 11:17:24,33732,461,360,119.97,120.22,0.03,0
lY4ZPmiE19k,UCTVkjiEiaiSbEq0Qwd5XTPA,2026-08-15 15:26:09,292,15,1,119.82,120.07,0.07,0
lYCphMdx4XY,UCV7WE8I_UiAN0fa6Arezx_w,2026-08-31 21:00:25,104,0,0,119.76,120.01,0.01,0
lYHwZAfeH0M,UCJDXc9JWCZo-nLNKr_-L2Ng,2026-08-26 20:00:14,2131,95,2,119.76,120.01,0.01,0
lYK7e8l7b4I,UC7nIK3KpkhbGee5K_sVBscQ,2026-08-22 02:47:49,14458,178,51,119.96,120.21,0.04,0
lYLnxPH_jLA,UCMgTCM5mGx3y4Hg0aMOXrbw,2026-08-12 11:29:23,14297,132,3,119.76,120.01,0.01,0
lYM6da5H_8g,UCVey3Q_CodrHAWBonTGbHFg,2026-08-23 03:00:27,18465,514,28,119.75,120.01,0.01,0
lYPcqBBDRuQ,UCYGF_xk5RDpltyZDSx040uw,2026-07-13 10:21:10,98816,1570,50,119.9,120.15,0.1,1
lYUzyhTCuME,UCv1tOT645xHOJrwdGlzjMaA,2026-08-21 12:09:05,18859,233,70,119.86,120.11,0.11,0
lYcRjVO5qpI,UCnCFD3met1Ip7OngdF9TRDg,2026-08-19 03:22:54,9347,87,14,119.88,120.13,0.12,0
lYhUG2OqXP0,UCpcTrCXblq78GZrTUTLWeBw,2026-08-13 13:00:11,33249,614,85,120.0,120.0,0.0,0
lZABMp7okqc,UCw1DsweY9b2AKGjV4kGJP1A,2026-08-08 10:00:23,11253,66,14,120.0,120.0,0.0,0
lZC1sFTRflw,UCzDmGDR5RdahQkLCBoWlTEg,2026-08-25 14:56:39,32194,107,30,119.82,120.07,0.07,0
lZEBmKN9DiU,UCxe_WKNMrOgvNtgz02oLTjQ,2026-08-14 11:15:12,11409,70,12,120.0,120.0,0.0,1
lZGHtNFSSbU,UCHeg3ApmuXQbqqszaD1fR9g,2026-08-27 02:00:29,23827,349,13,120.0,120.0,0.0,1
lZMcoLsYbhA,UCPsZX-D7LW99PjZLA-UysPQ,2026-08-23 06:00:18,918,7,2,119.76,120.01,0.01,0
lZTF0rizOeI,UCXu_CcxBZA5S_iG33OzA9PQ,2026-08-14 22:32:46,412,11,0,119.96,120.21,0.04,0
lZUOcMx7ykw,UCCd3jyJmOFzkJEMj5Bp89rw,2026-07-20 23:00:20,1537,60,1,120.0,120.0,0.0,1
lZYPEVFCGvY,UCrKSaegnzewdj9-YLsUhoZw,2026-08-30 05:00:00,71397,240,118,119.76,120.02,0.02,0
lZaVaoUUZbo,UCNu00qhYj4nPeMNdxuwV6sg,2026-08-17 13:14:23,1218,34,0,119.76,120.01,0.01,0
lZc6voW5vTU,UCV7WE8I_UiAN0fa6Arezx_w,2026-08-15 11:00:08,83,3,0,120.0,120.0,0.0,0
lZdB_JBVzII,UCL_IvtOZo6sONpiydbzzHpA,2026-08-26 01:36:10,47254,688,14,119.91,120.16,0.09,0
lZh1nAplKbM,UCPuD5ZRQWa_JCaY5NokNhtg,2026-08-01 00:08:39,374,7,3,119.86,120.11,0.11,0
lZiOxkmO0zY,UCxPMcxq7WJ32M3lnFn58Cpg,2026-07-29 11:27:03,2336,6,6,119.8,120.05,0.05,1
lZlaO8f3rtE,UCS-X1uBDTNwAYyydiXjcX9A,2026-07-27 03:12:08,1718,21,1,119.8,120.05,0.05,1
dYoRbkoCNEw,UCPsZX-D7LW99PjZLA-UysPQ,2026-08-27 06:00:04,1866,5,6,119.76,120.01,0.01,0
dZGNIis5qhY,UCQSEAbOs6vsJfy7WN7iYaGQ,2026-08-19 00:00:56,996415,20847,429,119.99,120.24,0.01,0
dZYyFATr_HQ,UCF-rFAdN7dzd-SI2T3rkCaQ,2026-07-18 07:30:18,16453,90,47,120.0,120.0,0.0,0
dZZt8qLzcfk,UCN5oT4zGJX-_H6pE5isAEeg,2026-08-21 22:00:35,586499,10508,293,120.0,120.0,0.0,1
dZacTLD2raI,UC8x8GQmlxAIhHxzU61z0uLQ,2026-08-10 04:17:24,13116,76,7,119.96,120.21,0.04,0
dZdtILAfdys,UCCvEN8bTeF8Z2jcN513T1Gg,2026-07-26 02:20:18,41686,550,48,119.91,120.16,0.09,0
dZpvqAplCpI,UCt8CJiye87FMbEwt0npPMuQ,2026-07-31 12:30:06,2811,76,6,120.0,120.0,0.0,1
dZyOMYOeHXM,UC6NXJtCn3p-actkvBUlHwDA,2026-08-18 03:00:09,37411,976,372,120.0,120.0,0.0,0
d_GDs_yB_Ak,UCJDXc9JWCZo-nLNKr_-L2Ng,2026-08-21 17:00:27,1729,95,5,120.0,120.0,0.0,0
d_aXJpDyMZg,UCUt2AEhC-OOC2EPCzj4DkCw,2026-07-16 23:00:17,43878,1059,19,120.0,120.0,0.0,1
d_cDROcg0hI,UCbaRH9U2BEFwhJiodE3qTpQ,2026-08-05 08:58:50,9985,341,12,119.77,120.02,0.02,1
d_mQqgpcI0E,UCK2tMI7hBvOk5ibNMVpaIlw,2026-08-19 16:07:02,0,0,0,119.89,120.14,0.11,0
daBzz30hWNQ,UCjUnlBpn0Z1L450g79fniRg,2026-08-13 15:43:13,320,0,0,119.78,120.03,0.03,1
daGJzE4ZFNs,UCg5Ew4lj74r_ohbc4AeQj1w,2026-08-17 10:57:43,27126,966,205,119.79,120.04,0.04,0
daNnAeK8roM,UCkavlo6q2XfO_MA9Q24wRvw,2026-08-03 10:09:46,961,2,0,119.84,120.09,0.09,0
dadXfpKQhXo,UCJDXc9JWCZo-nLNKr_-L2Ng,2026-08-25 17:00:12,5919,107,6,119.76,120.01,0.01,0
dagwJGu0_ws,UCV7WE8I_UiAN0fa6Arezx_w,2026-07-25 05:21:13,135,0,0,119.9,120.15,0.1,0
daqroIPHqck,UCXVVG5ZM3SJJCh94xatR8Dg,2026-08-07 10:00:01,204,3,1,120.0,120.0,0.0,0
dayFq8K0j7s,UCix5yCKpPr18CWrGOSCKCLA,2026-08-13 09:00:20,1012,,1,120.0,120.0,0.0,1
db0fRHBPPV8,UC_E_qYfGKM3C0kqrp1p8z7Q,2026-08-05 15:00:31,95,7,0,119.99,120.24,0.01,0
db6MHVueo-E,UC_RRZdJk55ShXE-9d3deRUA,2026-07-23 18:39:54,9044,63,1,119.84,120.09,0.09,0
dbLgjjwSt9c,UCw1DsweY9b2AKGjV4kGJP1A,2026-07-11 12:14:35,127467,910,133,119.76,120.01,0.01,1
dbOkvxmlUrg,UCZJFaxsby9j3T6h0UVcCcCA,2026-07-30 11:41:27,43,0,0,119.81,120.06,0.06,0
dbb8ma8yypg,UCqIwPYLfMd3EoWYwvyTjPnA,2026-07-29 03:03:53,41231,331,17,119.94,120.19,0.06,0
dbcFuKNuf3o,UC-okJdotaXPlzivRzHFqzuA,2026-08-13 03:10:30,67328,1003,40,119.83,120.08,0.08,0
dbqPiFhM_KI,UCFrKhWvZ8oeJQTNP5ZabgJw,2026-07-30 07:47:27,406534,3156,648,119.96,120.21,0.04,1
dby9tfRqXgc,UCeAsj1O73pcqd-xQ4AZbJeQ,2026-08-30 14:39:25,401,4,0,119.86,120.11,0.11,0
dc0RCApdaTY,UC24GgPBq5W3v34z0p0uk1Ow,2026-08-25 10:11:18,7907,42,8,119.82,120.07,0.07,0
dcCUVwAUsb0,UCa2liSwjQST4AGcg6LFQakQ,2026-07-29 03:30:23,926,5,0,120.0,120.0,0.0,1
dcEbmP7lu7Q,UCFHUplScMiWTjJrtv4hxWmg,2026-08-25 11:47:17,69242,460,79,119.97,120.22,0.03,0
dcZBf2KRQMc,UCikKJvpU0Ylua4hRW6faQRg,2026-08-01 00:03:22,5016,106,3,119.95,120.2,0.05,0
dcd9gwCeRjo,UCIKORyfTZ0cN-u0hrxHcgUw,2026-07-28 13:02:24,37,0,0,119.96,120.21,0.04,0
dcfIFGUxCZA,UC543-TDm6IvHHZXwdSFioMw,2026-08-23 15:59:56,17877,269,27,119.76,120.01,0.01,0
dckzYC-gaVI,UCg5-nd3qoNnz5dzkX-O0b8A,2026-08-23 02:10:41,5950,90,3,119.83,120.08,0.08,1
dcp8v2BJGtk,UCvUKUkIM67eWFbQemjj2-eA,2026-08-09 12:00:17,59334,1265,81,120.0,120.0,0.0,0
dcsjMr9Efkk,UCcsC1X0SyiWcxBTbnjoZ9Ag,2026-08-03 07:35:25,1707,29,8,119.91,120.16,0.09,0
dcuJXkDXtvI,UCpcTrCXblq78GZrTUTLWeBw,2026-08-06 16:30:22,39004,354,33,120.0,120.0,0.0,0
ddB-Bpzb0Ho,UCw1DsweY9b2AKGjV4kGJP1A,2026-08-30 13:30:07,90719,652,214,119.76,120.01,0.01,0
ddG1sIlRG-s,UCpTNtH8yc1Kdl_YFfsQsTYA,2026-07-28 06:48:09,7729,16,0,119.95,120.2,0.05,0
ddGGlWtCBLs,UCIsrVj53L57rcLAPOre4Xhg,2026-07-26 01:30:17,55507,1049,84,120.0,120.0,0.0,0
ddPj3poP2J8,UCV6mNrW8CrmWtcxWfQXy11g,2026-08-27 16:30:18,185160,6148,111,119.76,120.01,0.01,1
ddVvhT0h14w,UCJoWNCiFuiN4eZnB80WUf4Q,2026-07-22 05:30:38,80501,1303,148,119.99,120.24,0.01,0
ddX9QuU0bKc,UCw-JzmPsjRcbzJLncr4pIIA,2026-08-20 13:17:34,152885,2317,175,119.96,120.21,0.04,0
ddXIeSD-w_4,UCF5RrlbsxJjAVLWgOCoNHMg,2026-08-10 17:29:03,91574,2898,94,119.77,120.02,0.02,0
dddawXM1NRk,UCt8CJiye87FMbEwt0npPMuQ,2026-08-18 14:30:19,3147,67,15,119.76,120.01,0.01,1
ddsY6n1dNsg,UCt8CJiye87FMbEwt0npPMuQ,2026-07-23 20:00:16,4119,162,12,120.0,120.0,0.0,1
de1-BUtq2MA,UCnCH3Uhv_ynhTNKEH6ekRtg,2026-07-22 07:44:25,9216,143,15,119.76,120.01,0.01,0
deOOLXZB7Og,UCt15X5eHLwyP8PpNtQTkuDQ,2026-08-16 13:01:20,157691,756,171,119.98,120.23,0.02,0
dePANCrf4Dg,UCPuD5ZRQWa_JCaY5NokNhtg,2026-07-27 02:49:48,451,8,3,119.92,120.17,0.08,0
deU7TRrC9kg,UCYjNEoVziojh1ZCum1q0PNQ,2026-07-23 02:15:06,19480,371,15,120.0,120.0,0.0,1
de_JRqMqt74,UC0FUMakBJHsRrfKCGQuWnRA,2026-08-21 13:31:47,10723,79,36,119.98,120.23,0.02,0
dee5s8wybrY,UCarBV0zWlC2k-HteyeKqfag,2026-08-13 16:54:56,17771,119,0,119.84,120.09,0.09,0
deebWiztVAs,UCfIFEUxDE0kRkZh4yfEBEvA,2026-08-21 07:45:47,1028,7,3,120.0,120.0,0.0,1
deqnUDCi_zM,UCZ6mNZTiTUrUSbSYPlclI4A,2026-08-03 10:45:03,20320,436,16,120.0,120.0,0.0,1
dex872YyYuc,UCV7WE8I_UiAN0fa6Arezx_w,2026-07-18 22:00:03,25,0,0,120.0,120.0,0.0,0
df3Wmkh2dyo,UCNu00qhYj4nPeMNdxuwV6sg,2026-08-01 07:43:49,1302,44,0,119.77,120.02,0.02,0
dfPBK8AwktA,UCHJv9xBR9lkzGSIepie-T_A,2026-07-27 21:30:26,6508,64,2,119.99,120.24,0.01,0
dfVrVx7LoRM,UC2yOBpLVwB7kzt9C5ZPbB7w,2026-07-23 08:00:20,80361,1207,43,120.0,120.0,0.0,1
dfZDH_qEy9I,UCzSODDx0zQF3nxXOZISCm_w,2026-08-08 09:30:04,1334,1,0,120.0,120.0,0.0,1
dfaE6BsSTGE,UCFJAOgvqcc3fPqdu7fTl-zA,2026-08-01 03:00:23,4312,95,7,120.0,120.0,0.0,1
dfh9jSwF_G4,UCY_vDlvG-BTDRIOk_I9QQ6g,2026-07-20 15:25:33,2022,22,0,119.83,120.08,0.08,0
dfphJh6Ludg,UCNu00qhYj4nPeMNdxuwV6sg,2026-08-26 01:08:40,3536,55,0,119.87,120.12,0.12,0
dfucvDIgOME,UCI3DTtB-a3fJPjKtQ5kYHfA,2026-08-09 02:00:35,4812,58,6,119.99,120.24,0.01,0
dgBEU-JWXZ0,UC5ScPjbt-a97AJO7SBj6nAg,2026-08-06 06:24:15,89845,2105,78,119.85,120.35,0.15,1
dgBGkbMxotE,UCZJFaxsby9j3T6h0UVcCcCA,2026-08-01 02:51:23,34,2,0,119.9,120.15,0.1,0
dgLf_qDqlaA,UCL2ZLyAV0H9Pvi46W7TGdHQ,2026-08-19 11:00:28,102171,549,83,120.0,120.0,0.0,0
dgicGii3Fz4,UCOTJtP0Z9DjpPU43B5m1V6A,2026-08-03 09:30:37,89123,918,54,119.99,120.24,0.01,0
dgjWq56sZMU,UCrfB1-zWijAYkgfZW7Ehc8Q,2026-08-11 03:36:36,79807,1957,147,119.89,120.14,0.11,1
dgtmYJ3Vkg8,UC14G5tdSndPhP47RTVgMXcg,2026-08-16 15:01:11,8103,310,79,119.98,120.23,0.02,0
dgw-G371q_U,UC4VWaR3R17Ruc7j1Cy1-PKQ,2026-08-02 02:52:01,88,7,7,119.88,120.14,0.12,0
dgyWtIEbSmw,UCXu_CcxBZA5S_iG33OzA9PQ,2026-07-28 22:31:37,415,10,0,119.97,120.22,0.03,0
dgyjkGuL9BU,UCBS4sjbGJIcclT-Y6i_Jzkg,2026-08-03 21:30:08,11008,201,3,120.0,120.0,0.0,1
dhEVnhFQCeQ,UCPsZX-D7LW99PjZLA-UysPQ,2026-08-07 00:00:02,267,3,0,120.0,120.0,0.0,0
dhP_5VsKTOg,UCI3DTtB-a3fJPjKtQ5kYHfA,2026-08-27 19:00:58,10469,25,1,120.0,120.0,0.0,0
dhXF7ccsa1A,UCAVR6Q0YgYa8xwz8rdg9Mrg,2026-08-06 04:03:03,110652,5961,70,119.95,120.2,0.05,1
dhXhrBlzr5s,UCA9f2-9fUklMMOaz8vKW7Jw,2026-08-12 13:27:42,4183,4,1,119.79,120.04,0.04,1
dhgcnd63DJo,UCpcTrCXblq78GZrTUTLWeBw,2026-07-19 23:58:21,794201,8858,151,119.78,120.03,0.03,1
dhlbxxY_h68,UCrR_fhiJjoW8OJFzUcmlMMA,2026-08-19 10:00:04,6694,65,24,119.76,120.01,0.01,0
dhq-TNCM5_U,UC-FiQR2gg8oiNw98ZdsSX6Q,2026-08-13 15:53:48,6050,103,8,119.86,120.11,0.11,0
dhreOFIpt1I,UC5ScPjbt-a97AJO7SBj6nAg,2026-08-20 07:30:26,77641,1860,79,120.0,120.0,0.0,1
dht_ryp5CkA,UCbeQg95cAxVRsxxh6FyilxA,2026-08-27 07:30:20,16134,54,19,119.76,120.01,0.01,1
g7obSFqpDEw,UC027x98NgUBw9K4aPT8k0mg,2026-07-23 12:00:26,7609,79,37,119.99,120.24,0.01,0
g84ybSt8fvc,UCei_ecYpQqFjYhjLaDPr2Lw,2026-07-22 13:16:56,75,8,0,119.97,120.22,0.03,0
g8D0KZPXy4o,UCO94iFhOhtdGb4Ze5DUAtbw,2026-07-15 07:00:07,2063,67,26,120.0,120.0,0.0,0
g8JnnYVoIIs,UC4VWaR3R17Ruc7j1Cy1-PKQ,2026-07-13 00:41:00,826,13,3,119.82,120.07,0.07,0
g8MPd9nJNMI,UCmiTZyj9GwMjyznZxrgCH4Q,2026-08-31 05:33:14,13597,578,18,119.96,120.21,0.04,0
g8Zu5vYv56c,UCuWcjpKbIDAbZfHoru1toFg,2026-07-23 09:00:26,15343,662,63,120.0,120.0,0.0,0
g8rGg9UOkyI,UCJ0tK-1sP4BKqy6fBDQmZKg,2026-08-29 04:43:29,24,1,1,119.79,120.04,0.04,0
g8verJqSI44,UCSrQnB-Ip9hc0biFQ3HoKzg,2026-08-30 04:40:21,9461,515,14,119.84,120.09,0.09,0
g9-vuFQrn8o,UCUt2AEhC-OOC2EPCzj4DkCw,2026-08-14 23:00:25,54626,881,19,119.99,120.25,0.01,1
g9FCoxg48iA,UCifCesg-EUkjKyQedaB3hRg,2026-07-23 22:57:09,3133,38,1,119.8,120.05,0.05,0
g9hHnzUGyYE,UCmwZePdbUmncnpQptdPH2Jg,2026-07-31 10:27:06,10,1,0,119.8,120.05,0.05,0
g9mg7HB-4Go,UC783XWULPW-nDGv_0EYlB6Q,2026-08-16 09:30:01,80480,2120,49,120.0,120.0,0.0,0
g9q7llyO8eM,UC3hqiw3lZAXaMwhQvMGZkdw,2026-07-23 13:15:10,21065,337,6,120.0,120.0,0.0,0
g9tuqgUzEY8,UCNRnCc0hg3ZcKdOGXKKv5Ww,2026-08-11 15:49:48,12638,111,2,119.92,120.17,0.08,0
g9xGxc_ezzE,UCbvvdVOF0teLO-U6GWh1RKg,2026-07-23 11:55:22,3022,36,8,119.83,120.08,0.08,0
gA-armb64Zo,UCA9f2-9fUklMMOaz8vKW7Jw,2026-07-23 05:20:29,103,5,0,119.91,120.16,0.09,0
gACGkcbFSoA,UCTNyl3P7q6PNhPddh6d7WJQ,2026-08-09 22:00:25,3976,10,4,120.0,120.0,0.0,1
gAGYSDm99qU,UCaHIZAKows704_gk6bjdAog,2026-08-17 22:30:27,60847,647,190,120.0,120.0,0.0,0
gAqs-yG1994,UCFrKhWvZ8oeJQTNP5ZabgJw,2026-08-22 01:00:25,479616,5679,466,120.0,120.0,0.0,1
gAyHve3ERuY,UCwBkHOTyu57NQi0syf5MLig,2026-08-04 08:00:18,80013,499,33,120.0,120.0,0.0,1
gB-CP0Bk0Ag,UCt15X5eHLwyP8PpNtQTkuDQ,2026-07-15 07:56:11,151252,760,97,119.82,120.07,0.07,0
gB64S2W4v1A,UC_m_uqd_9s0hZvlgfvCzqbQ,2026-08-09 13:32:15,769,40,3,119.97,120.22,0.03,0
gBOycuQr7OI,UCpwGBltfwjd_fIzp5cb5R0w,2026-08-18 12:30:32,233125,6067,301,120.0,120.0,0.0,1
gBWwYa_X0Kk,UCNRnCc0hg3ZcKdOGXKKv5Ww,2026-07-23 18:42:21,12933,97,2,119.8,120.05,0.05,0
gBXXAewT6Lk,UCS3_H_feQRm4QbXipKTvSrw,2026-08-31 12:00:21,45458,300,31,119.75,120.01,0.01,0
gBfd1y9NwGk,UCQDGJQe8X9tbk_i8Na3VVXg,2026-07-28 03:59:16,306,14,0,119.76,120.01,0.01,0
gBfnWrbmF_Y,UCPGl9DV2WUgaqGVXtVrhJWQ,2026-08-03 13:07:58,5,0,0,119.87,120.12,0.12,0
gBgnM6QH4k8,UCpTNtH8yc1Kdl_YFfsQsTYA,2026-07-22 09:30:05,36,1,0,120.0,120.0,0.0,0
gBrR-TRi7og,UCZ-UuK86Bk5sGzQQ2cEglJQ,2026-08-09 07:23:49,94972,1345,22,119.86,120.11,0.11,1
gCGr7IHiN4Y,UCms8Ge7H1ZGgw6nV94fUhUQ,2026-08-16 09:00:22,23510,190,21,120.0,120.0,0.0,1
gCcQ4wcSqBc,UC4VWaR3R17Ruc7j1Cy1-PKQ,2026-08-28 05:49:15,1183,1,0,119.94,120.19,0.06,1
gClvUdKQR4g,UC3RzmV2LX3AmWhZVx0A7u0A,2026-08-23 07:00:15,69082,1751,87,119.76,120.01,0.01,1
gCysyNaxMnA,UCV7WE8I_UiAN0fa6Arezx_w,2026-08-19 18:00:08,39,0,0,119.76,120.01,0.01,0
gD5vlfHSrkQ,UC_m_uqd_9s0hZvlgfvCzqbQ,2026-07-24 07:50:52,280,1,0,119.91,120.16,0.09,1
gDLmctLbgfs,UCCMQyaKDjQJY79VimTdaYYQ,2026-07-28 20:22:14,148263,738,656,119.88,120.13,0.12,0
gDZ9i1RnyMI,UCPGl9DV2WUgaqGVXtVrhJWQ,2026-08-28 15:00:19,191,1,0,119.76,120.01,0.01,0
gDhekJ6LiZ0,UCV6mNrW8CrmWtcxWfQXy11g,2026-08-01 02:27:28,36597,708,7,119.79,120.04,0.04,0
gDlQzMGGSmM,UC5ThQKdocwo_9UurfT5P_ww,2026-08-17 09:20:26,259900,5480,118,119.91,120.16,0.09,1
gDn_xv9iOJ8,UCpcTrCXblq78GZrTUTLWeBw,2026-07-20 07:05:18,16601739,168913,1681,119.91,120.16,0.09,1
gDwtCKHN1l0,UCdK9h1ILxS49c2LguBUY3rw,2026-08-26 11:45:03,8,2,0,119.76,120.01,0.01,0
gDzUfGArNZc,UCqWAna2ar9gXVwiSFzlWb4g,2026-07-26 13:26:32,481,14,0,119.81,120.06,0.06,0
gEEh45gk-oU,UCBS4sjbGJIcclT-Y6i_Jzkg,2026-07-30 17:54:54,31962,845,13,119.84,120.09,0.09,1
gEI7OfdE_PI,UCt8CJiye87FMbEwt0npPMuQ,2026-08-05 14:00:07,3610,115,27,120.0,120.0,0.0,1
gE_59VvyA9U,UC5Yx9RlmznXDUEIrfoSqheA,2026-08-26 13:49:55,14256,68,0,119.93,120.18,0.07,0
gEkWx2XhXVs,UCRpdlPk671uOMiBtf5HtB3Q,2026-08-26 09:54:45,40899,234,49,119.85,120.1,0.1,0
gEkyJgHQ1Lc,UCV6mNrW8CrmWtcxWfQXy11g,2026-08-15 14:00:31,28478,1303,29,119.99,120.24,0.01,1
gEocF3Myu6I,UCQfISxq5legTqOt1h1us6lg,2026-08-04 18:59:31,2830,9,0,119.76,120.01,0.01,0
gEwz46xetyw,UCSl8TBqqflby-ymdEQVfRNQ,2026-07-24 18:46:12,56758,950,399,119.98,120.23,0.02,0
gExjm7GUa_M,UC_Xb6sEXAdNv9nHU4988vmg,2026-08-28 15:30:19,361227,,2,119.76,120.01,0.01,1
gF2T3_cnMj8,UCEg24oF81p-THPtp3otdmTA,2026-07-16 09:00:14,91202,1936,102,120.0,120.0,0.0,0
gF8oP61HdT0,UC8rbhIem-3aAsNXhTDI-nSA,2026-07-29 22:00:37,99256,1839,77,119.99,120.24,0.01,0
gFGI8sMUqFw,UCcum1rCJ5GJeQ_xv0xrohqg,2026-07-22 05:00:35,5773,168,52,119.99,120.24,0.01,0
gF_EQdVZw_M,UCt8CJiye87FMbEwt0npPMuQ,2026-07-15 15:00:35,15071,574,37,119.99,120.24,0.01,0
gFalPK0RWzE,UC8x8GQmlxAIhHxzU61z0uLQ,2026-07-15 14:00:13,4227,50,11,120.0,120.0,0.0,0
gFezo2_Rc7w,UCrD6viwK0DHbQuZSOZBbofg,2026-08-18 14:54:52,9551,191,9,119.85,120.1,0.1,0
gFu-I2q-aH0,UCdQHEqTxcFzjFCrq0o4V7dg,2026-08-14 00:15:16,34367,1894,228,120.0,120.0,0.0,0
gGAYJ-Jm7Wc,UCPGl9DV2WUgaqGVXtVrhJWQ,2026-07-29 15:00:33,25,0,0,119.99,120.24,0.01,0
gGC6R-dw-Ek,UCJj2vuQIpFnk5pbTAtCi3yw,2026-08-14 07:02:06,31270,423,26,119.97,120.22,0.03,1
gGLnGPtO0r8,UCV7WE8I_UiAN0fa6Arezx_w,2026-08-28 07:00:05,376,0,1,119.76,120.01,0.01,0
gGWebt2icYY,UCt8CJiye87FMbEwt0npPMuQ,2026-08-28 12:00:05,15833,354,17,119.76,120.01,0.01,1
gGdDO5cnIn0,UCnkytUgy0CtWd06up9CjNxg,2026-07-14 11:22:35,54455,1284,103,119.87,120.12,0.12,0
gGlgmlCOKyo,UC027x98NgUBw9K4aPT8k0mg,2026-07-31 12:00:04,32643,310,107,120.0,120.0,0.0,0
gH8dZbSPEN0,UCULRVjf5z_WoR106msn8HoA,2026-08-03 22:38:11,62689,901,353,119.87,120.12,0.12,0
gHdPSmKgePI,UC4oe-OVZ2Ho-03yrMkrXomQ,2026-08-29 05:00:32,336782,4294,197,119.76,120.01,0.01,1
gHjC1Si0uno,UCWZqSCSNZT3X8e_HyCJoXMg,2026-08-13 13:29:09,14633,642,25,119.77,120.02,0.02,1
gHkZuI2LH1Q,UCyiKngyUPUb1bka4yFrn65g,2026-07-17 15:56:12,1549,9,0,119.82,120.07,0.07,0
gHmVVqEhqoY,UC2yOBpLVwB7kzt9C5ZPbB7w,2026-07-23 16:15:33,112248,1131,68,119.99,120.24,0.01,1
gHnIxkEhjlo,UCPuD5ZRQWa_JCaY5NokNhtg,2026-08-12 15:15:25,796,13,9,120.0,120.0,0.0,0
gHp-Pptyjs8,UCBmPfbqvGwTTfrV-H_UOfdw,2026-08-23 04:08:29,43493,1025,27,119.87,120.12,0.12,1
gI79yglc9JE,UC5Yx9RlmznXDUEIrfoSqheA,2026-08-23 02:29:12,10805,46,1,119.78,120.02,0.02,0
gIDtrBIpg4Y,UCBvKuSAkXERBnGSQOH0Sarw,2026-07-30 17:47:57,18344,140,8,119.95,120.2,0.05,0
gIM4Xx--p-g,UCAGUSx1hbPKDqzBZH7bTjiA,2026-08-08 10:00:39,10397,101,20,119.99,120.24,0.01,0
gIP-Uxwiyso,UCJDXc9JWCZo-nLNKr_-L2Ng,2026-08-09 16:36:23,2836,94,4,119.9,120.15,0.1,0
gIXc1kgGLdM,UC2U8C7lmbQpfBeAW8fTP_jg,2026-07-20 08:38:03,2476,10,1,119.87,120.12,0.12,1
gIgguuwlVPY,UCt8CJiye87FMbEwt0npPMuQ,2026-08-27 17:57:14,48688,680,42,119.81,120.06,0.06,0
gIoHcREsRco,UCV6mNrW8CrmWtcxWfQXy11g,2026-08-10 06:00:07,893032,61298,275,120.0,120.0,0.0,0
gIrs4QbtPwk,UCc1VJX_5Z2RdGi58XU4IfbA,2026-07-26 13:59:28,36297,188,1,119.76,120.01,0.01,0
gIsZ0-Vmf1Y,UCJmnOEp1-OITEU0mk4icM5A,2026-08-13 07:00:24,304156,5102,180,120.0,120.0,0.0,1
gJ-qSAAOV2w,UCPuD5ZRQWa_JCaY5NokNhtg,2026-08-01 12:50:13,564,15,2,119.92,120.17,0.08,0
gJ44H4t1KVI,UCYJDUekoQz0-bo8al1diLWQ,2026-08-26 02:29:11,701777,10729,93,119.77,120.02,0.02,1
ix3fAc22oG0,UCNRnCc0hg3ZcKdOGXKKv5Ww,2026-08-24 06:32:19,1761,22,0,119.97,120.22,0.03,0
ix6ZDgyyqWY,UC-8S20Ll1gzPiu_YY8BgyaQ,2026-08-14 13:02:31,79885,481,70,119.96,120.21,0.04,0
ixBovNaKlU8,UC4oe-OVZ2Ho-03yrMkrXomQ,2026-08-14 23:00:20,741914,8761,295,120.0,120.0,0.0,1
ixJ8Gq2KA64,UCraf4ugZTyvFY6AJ0VjIxFA,2026-08-29 14:43:43,1531,,0,119.79,120.04,0.04,0
ix_UVvx9GZE,UC9FRxVaiS2aY0ANaWLP8SMg,2026-08-19 12:41:53,619,9,6,119.81,120.06,0.06,0
ixlFg6kf9Ik,UC8FErYSi74YwGUAoTpjvgzQ,2026-08-26 12:56:17,14695,161,17,119.82,120.07,0.07,1
ixqdlV-oZsQ,UCtGMgPWJNU2Aj-SNK0zg0Sg,2026-08-07 16:32:31,3021,14,0,119.96,120.21,0.04,0
ixtj04Dxyjs,UCuFguUhr9Wr0tFY85nDGk9w,2026-08-30 13:45:28,20770,32,10,120.0,120.0,0.0,0
ixxFK-M6mvo,UC3DYSay178fMMPaf3zHwECA,2026-07-15 08:00:20,88292,2743,29,120.0,120.0,0.0,1
iy-AwOvCnR4,UCBvkOBLsSj9kusGYlroQkBg,2026-08-17 13:05:58,84022,637,29,119.9,120.15,0.1,0
iy7O4UxCdG0,UCqVkQsNin4MdGFrWvzFVOKw,2026-08-04 15:36:06,26149,693,1,119.9,120.15,0.1,0
iyG8JhYbuas,UCrR_fhiJjoW8OJFzUcmlMMA,2026-08-01 09:00:39,8701,85,5,119.99,120.24,0.01,1
iyLKjXBe1Rk,UCbeQg95cAxVRsxxh6FyilxA,2026-08-31 07:30:28,24426,32,4,119.76,120.01,0.01,1
iyMXBAQSgrI,UCgWwo8FJL3MCxfd66ip7nFg,2026-07-27 09:05:06,54162,,71,119.92,120.17,0.08,0
iySZKfxlOXI,UCN5oT4zGJX-_H6pE5isAEeg,2026-08-19 22:00:39,1131093,18513,882,119.99,120.24,0.01,1
iyUTMwuqphs,UCw-JzmPsjRcbzJLncr4pIIA,2026-08-18 12:30:09,130953,2251,162,119.76,120.01,0.01,0
iyVmBYjH92k,UCVZI7eLie2UlZph6aiBRNrw,2026-08-18 11:39:22,178185,1309,271,119.85,120.1,0.1,0
iygrNYQSjGA,UCNu00qhYj4nPeMNdxuwV6sg,2026-07-29 07:56:37,1856,51,0,119.81,120.06,0.06,0
iypC6ezV5Cs,UCyoKcrOcBEY4rmLYkDuXErA,2026-08-18 14:00:04,97215,1734,290,119.76,120.01,0.01,0
iysjhvqSs88,UCab17MxxnFtAhGsJVTkSkCg,2026-08-25 14:34:21,752,10,0,119.94,120.19,0.06,0
iyu4gkxjdwQ,UCvagJYsZ_uvB3jJoNwuimZQ,2026-08-17 15:11:22,18444,53,0,119.81,120.06,0.06,0
iyzCf2YWbOM,UCi8fe6P0_tLeZ1r31wOydvw,2026-08-22 04:00:00,1879,20,0,119.76,120.01,0.01,0
iz-GSrNJeIQ,UCzSODDx0zQF3nxXOZISCm_w,2026-08-27 10:30:37,1271,3,0,120.0,120.0,0.0,1
iz1SirLkYMQ,UC2_VPutZK0o_tG8ca_QrQRA,2026-07-22 07:16:39,39799,,372,119.98,120.23,0.02,0
izFUT1aDEgw,UCt8CJiye87FMbEwt0npPMuQ,2026-08-13 15:00:15,3663,189,19,120.0,120.0,0.0,0
izHqN89UaWU,UCOTJtP0Z9DjpPU43B5m1V6A,2026-08-07 12:00:22,602969,3322,194,120.0,120.0,0.0,1
izKLETUErP8,UCgLFbrC7-g0ihBKB0obVPTg,2026-07-28 12:16:22,99,10,0,119.98,120.23,0.02,0
izOmcDmuz60,UCpI-AhCT02iQRGLC2ZcY0Jw,2026-07-19 01:13:04,23488,302,217,119.78,120.03,0.03,0
izmRe9HcNZY,UCS-X1uBDTNwAYyydiXjcX9A,2026-08-14 08:22:22,8539,155,67,119.88,120.13,0.12,0
iznEynbRGFI,UCBo7GIv99qTzHaa6ip09YLA,2026-07-23 08:00:26,7969,44,14,120.0,120.0,0.0,0
izvUb9wYffo,UCK8iWEZupSV2pmDMxtwdAmA,2026-07-24 22:23:24,564,9,0,119.86,120.11,0.11,0
izzwx-cAWZI,UCCW6uYIUP4YKKe50k-ktVAw,2026-07-26 08:00:13,31838,669,96,120.0,120.0,0.0,0
j-QdGQ5AriE,UCN5oT4zGJX-_H6pE5isAEeg,2026-07-30 22:00:10,208770,5130,641,120.0,120.0,0.0,1
j-VmeWwz0V8,UCCiKOocVSjyb2rsbL_Aanhw,2026-08-07 23:39:05,20513,89,104,119.85,120.1,0.1,0
j-aKRroqbf8,UCV7WE8I_UiAN0fa6Arezx_w,2026-07-22 17:00:21,225,1,0,120.0,120.0,0.0,0
j-cnU3cBMrs,UCTUnpbuKoOODvhLhCO_kO_A,2026-07-31 08:00:28,265,4,0,120.0,120.0,0.0,0
j-xCxL6T-Vw,UCgT-gb3favw2jQgwxbbwwaA,2026-08-12 11:01:53,82994,530,25,119.97,120.22,0.03,0
j0CLyDtU20s,UC8aCmG_y4DqqVI9Xlcym1Jg,2026-07-23 19:50:07,155,15,0,119.92,120.17,0.08,0
j0McQTRJy2U,UCAl4HWznMn7KhKBRFO5eiFA,2026-07-11 13:35:53,8013,65,1,119.9,120.15,0.1,0
j0S03VAirBI,UC4oe-OVZ2Ho-03yrMkrXomQ,2026-08-22 05:00:36,534895,6989,171,120.0,120.0,0.0,1
j0eHgff3dTY,UC6LLMkdyses2ugPRNEXutMQ,2026-07-23 10:15:50,24617,173,12,119.99,120.24,0.01,1
j0t_dMVDpps,UCkavlo6q2XfO_MA9Q24wRvw,2026-07-26 06:10:31,2136,12,3,119.83,120.08,0.08,0
j18IntB3Qe4,UCN5oT4zGJX-_H6pE5isAEeg,2026-08-07 03:00:11,640202,6729,677,120.0,120.0,0.0,1
j1Qo4Sm4h2o,UCt8CJiye87FMbEwt0npPMuQ,2026-08-21 16:00:37,2434,49,7,120.0,120.0,0.0,1
j1SuioOwIPA,UCr4WCOxirRA-BzVu-MH_WqQ,2026-08-17 09:00:27,3413,24,5,120.0,120.0,0.0,1
j1VwKIiWltc,UCjOtzpfj5lF9erwTEQYkxtQ,2026-08-14 03:00:09,42130,728,30,120.0,120.0,0.0,0
j1_GQG-UF2k,UCQfISxq5legTqOt1h1us6lg,2026-08-08 12:54:44,2472,6,0,119.84,120.09,0.09,0
j1co-PLVeao,UC_8GOc5dWX2Kpb74_nQ7vSQ,2026-08-13 09:00:35,46840,1689,116,120.0,120.0,0.0,0
j1dN10YnBGo,UCCvEN8bTeF8Z2jcN513T1Gg,2026-08-12 09:01:21,5587,54,4,119.98,120.23,0.02,0
j1ibz948K6c,UCdoTrHNHnoRbaQenxK5PEUg,2026-08-20 14:41:17,109,0,0,119.82,120.07,0.07,0
j1izkRNBr4U,UCgWOZQvFZhGuqBCtjmee0XQ,2026-08-27 18:00:22,9003,52,21,119.75,120.01,0.01,0
j1ux6emKpCw,UC5ScPjbt-a97AJO7SBj6nAg,2026-08-08 06:30:03,373624,11652,197,120.0,120.0,0.0,1
j1xmoRunADo,UCUbOogiD-4PKDqaJfSOTC0g,2026-08-09 11:36:42,327981,2109,508,119.89,120.14,0.11,0
j2MFAS335nM,UCqPN9LAkx20aBWOafwvQB-Q,2026-08-25 23:00:29,46857,1724,106,120.0,120.0,0.0,0
j2_4DXmnZmg,UCyZXLzORHoh9QMwA7IwS0pA,2026-07-30 00:29:33,418,5,0,119.76,120.01,0.01,0
j2c2O2yCXFc,UCuXE-MdbuaZcPt_2J2kSsSQ,2026-07-11 10:56:14,2,0,0,119.82,120.07,0.07,1
j2jTEJVtw3s,UClmc4bkKkQy2cjn3lKjRGbg,2026-08-15 14:32:34,12,2,0,119.96,120.21,0.04,1
j2omq1AmgeY,UCJ8Yo015gVoxahLW4JAjBjw,2026-08-06 12:26:29,22040,515,141,119.81,120.06,0.06,1
j2p5Ni8AjMg,UCS2OAdHoLt-9T6cG9A2H49Q,2026-08-12 03:00:03,11695,139,86,120.0,120.0,0.0,0
j2tMyHf4D9c,UC783XWULPW-nDGv_0EYlB6Q,2026-07-21 09:30:17,37455,1440,27,120.0,120.0,0.0,1
j31KH50Yhmk,UC9M8GGVwPqc9ubNruArCNPg,2026-08-26 10:00:13,21430,541,25,119.76,120.01,0.01,1
j39KsdZyn5k,UCJDXc9JWCZo-nLNKr_-L2Ng,2026-08-20 11:00:01,2209,109,9,120.0,120.0,0.0,0
j3IJwt2cQ_M,UCYooECrv-fIXlPaDwEIaveA,2026-07-15 09:01:01,49972,657,98,119.98,120.24,0.02,0
j3QWy5yrVJA,UCcstDLbuhxEbFKkPZ6wST2A,2026-08-22 09:15:25,9685,43,11,120.0,120.0,0.0,0
j3XHy4n3B2w,UCi_lv3g-CPdKF6nd68lvN3A,2026-07-29 21:05:48,44,2,1,119.91,120.15,0.09,0
j3Y8cZpHpes,UCDnIK80iouL_rb_J6GybOlg,2026-08-09 09:02:36,1,0,0,119.96,120.21,0.04,0
j46fSVYnPSo,UCBvKuSAkXERBnGSQOH0Sarw,2026-08-08 17:58:58,7842,76,1,119.77,120.02,0.02,0
j4F2mm525sI,UCgT-gb3favw2jQgwxbbwwaA,2026-08-07 11:00:20,160897,1086,70,120.0,120.0,0.0,0
j4KgRrFi34w,UCK1aVlIbEBrdhv-gbSgGIkQ,2026-08-28 06:02:24,714,5,3,119.97,120.22,0.03,0
j4Ks7rSUVTQ,UCb08r5yPoH-AqM7_XCL4Uhg,2026-08-03 01:47:29,25417,973,112,119.96,120.21,0.04,1
j4Q7WnDMhow,UCHbz27HAkCIQNw_G2Pa7XVg,2026-07-31 06:00:20,32979,586,23,120.0,120.0,0.0,1
j4TluvFIbp8,UCHeg3ApmuXQbqqszaD1fR9g,2026-08-01 14:34:57,90,6,0,119.92,120.17,0.08,0
j4U6KdB4cI0,UCpcTrCXblq78GZrTUTLWeBw,2026-07-18 01:30:39,263154,2431,1836,119.99,120.24,0.01,0
j4ct303AZ_k,UCv1tOT645xHOJrwdGlzjMaA,2026-08-26 11:09:36,14834,261,3,119.85,120.1,0.1,1
j4enNsCXfLY,UCCoU5ViXgoK-_2neelNhQaA,2026-08-02 03:30:04,253028,2522,256,120.0,120.0,0.0,0
j4qcAyyV1F4,UCO8ToDSM2Gvt3EZdOdosxTw,2026-07-30 04:15:22,3938,44,41,120.0,120.0,0.0,0
j4tC1U9boKk,UCHoo90P0hvh2rrbGvX53G0A,2026-08-28 03:45:24,164292,2010,226,119.76,120.01,0.01,0
j4vV4d_ERl8,UCZCZHg_oJiHcrcj2vaPRCag,2026-07-31 16:33:58,67,2,0,119.94,120.19,0.06,0
j4xP1rnD6D0,UCPuD5ZRQWa_JCaY5NokNhtg,2026-08-18 11:18:09,374,16,2,119.96,120.21,0.04,0
j50fv9vskdQ,UC3gl4CHfNtAqNjju1goB0_w,2026-07-13 09:00:10,36077,555,19,120.0,120.0,0.0,1
j5VKM9lBQbs,UCby0vMKcLR05ZdS90aZd5og,2026-07-22 09:36:24,1223,3,0,119.9,120.15,0.1,1
lZnyb3u6DIw,UCJj2vuQIpFnk5pbTAtCi3yw,2026-08-22 01:58:00,85037,775,26,119.79,120.04,0.04,1
lZsf501YQ_4,UCV7WE8I_UiAN0fa6Arezx_w,2026-08-13 22:00:33,13,0,0,119.99,120.24,0.01,0
l_-W28WXKVI,UCZ-B_El841ME7qGXvYinGmw,2026-07-23 13:49:04,19764,138,8,119.94,120.19,0.06,1
l_4aowDOkEQ,UC7nIK3KpkhbGee5K_sVBscQ,2026-07-28 10:20:31,19104,189,50,119.91,120.16,0.09,1
l_5Grj9qW1o,UCoSniqkitCpxlHrQd5L8A1w,2026-07-24 00:41:47,1694,14,0,119.8,120.05,0.05,0
l_KqY9rZjxo,UC2yOBpLVwB7kzt9C5ZPbB7w,2026-08-03 12:00:04,50872,769,33,120.0,120.0,0.0,1
l_PUxs0WZTU,UCPv0av3PfTUeTnHGgcXkk8w,2026-07-16 02:55:24,7,0,0,119.83,120.08,0.08,0
l_SqZrY8roo,UCg5Ew4lj74r_ohbc4AeQj1w,2026-08-15 01:31:49,83298,1857,69,119.97,120.22,0.03,1
l_Y8KgKhLmg,UCwBkHOTyu57NQi0syf5MLig,2026-08-16 06:30:07,169256,1012,76,120.0,120.0,0.0,1
l_bIEkIIz60,UCrY2B2XX41ReYh9DIWrFfCg,2026-07-15 11:00:01,2001,,2,120.0,120.0,0.0,0
l_e_KAJyjsk,UCpgfZSDjJLKuXVvobvpxx8g,2026-07-10 10:16:04,5964,149,46,118.5,122.35,1.5,0
l_mMXr8UN0A,UCnCFD3met1Ip7OngdF9TRDg,2026-08-01 08:23:30,5423,78,7,119.86,120.11,0.11,0
l_pfI3lJAZ8,UC5Yx9RlmznXDUEIrfoSqheA,2026-08-14 05:07:32,161,5,3,119.88,120.13,0.12,0
l_sLGDa-n4s,UC1IUMdwaJ22A6FkPiI8dcig,2026-08-14 07:54:26,80878,2530,42,119.85,120.1,0.1,1
la1s33-ggRs,UCQfISxq5legTqOt1h1us6lg,2026-08-06 10:36:24,2555,14,0,119.9,120.15,0.1,0
la3aJ26ZbuA,UCp6n8d8Y8r3MwKNw_MMaouQ,2026-07-26 08:30:43,3967,290,2,119.99,120.24,0.01,1
la4qA6ny6bQ,UCIxcZWLQpP-mUZC6_Uljc_Q,2026-07-23 00:00:06,8289,68,30,120.0,120.0,0.0,0
laFBfCj6dA0,UCElXDMEQqlUnuyDbChjARWQ,2026-08-19 08:35:49,554,5,0,119.91,120.16,0.09,0
lalhlX-4b38,UCN5oT4zGJX-_H6pE5isAEeg,2026-08-20 22:00:38,322182,4478,310,120.0,120.0,0.0,1
lao_5vly1As,UCgLFbrC7-g0ihBKB0obVPTg,2026-08-13 12:34:48,90,4,0,119.92,120.17,0.08,0
lawTG_fk9gE,UCksGX0hODm1Ev6mysrToMqg,2026-08-19 10:10:29,4764,83,20,119.84,120.08,0.08,0
lazKvSTWbFU,UCfq-5-0b5Lzj7cKCrp6-flA,2026-08-19 08:00:02,2008,48,32,119.76,120.01,0.01,0
lbEkAt0uazk,UC_e83kYlGHWbsrr8QCfV_ag,2026-07-28 12:50:13,20608,53,3,119.92,120.17,0.08,1
lbR8Idgy0uc,UC_E_qYfGKM3C0kqrp1p8z7Q,2026-08-26 17:00:05,568,23,1,119.76,120.01,0.01,1
lbYfYh5qLfU,UCwlUB3goOsh4tpqZKIzUAbA,2026-07-15 13:19:38,15307,197,42,119.92,120.17,0.08,0
lb_8teON8eI,UCAl4HWznMn7KhKBRFO5eiFA,2026-07-21 12:28:08,10266,45,0,119.78,120.03,0.03,1
lb_xrPf84kY,UClmc4bkKkQy2cjn3lKjRGbg,2026-08-15 14:41:25,6,1,0,119.81,120.06,0.06,0
lbfKmil445A,UCV7WE8I_UiAN0fa6Arezx_w,2026-08-10 23:00:06,44,1,0,120.0,120.0,0.0,0
lbhK-Dlwrfw,UCZ-UuK86Bk5sGzQQ2cEglJQ,2026-08-07 04:33:57,107059,2054,25,119.94,120.19,0.06,1
lbjcEHRKfrU,UCaY7wcqhFb_c2eQ1eRB8rOQ,2026-08-01 06:00:24,30917,759,20,120.0,120.0,0.0,1
lbovi2VtPz0,UCE8JC9RAVSudDT_8Ji1fuPQ,2026-08-19 08:45:13,66890,1014,79,119.76,120.01,0.01,1
lbtOzq21TYQ,UCkrNv6xF8j7QZmWb3UeAH8A,2026-08-04 09:14:04,5123,8,1,119.77,120.02,0.02,0
lc30bdnw6og,UCc1VJX_5Z2RdGi58XU4IfbA,2026-08-23 06:11:34,845,18,1,119.82,120.07,0.07,0
lc61_lTgf2c,UCBtJuwDt6LlXp2YASC-ZMdA,2026-08-21 09:00:34,817,6,1,120.0,120.0,0.0,1
lcI6fAIJWmk,UCw1DsweY9b2AKGjV4kGJP1A,2026-08-22 10:01:35,90060,498,100,119.99,120.23,0.01,0
lcJU5wAnTdU,UCF9Ws3xrNmMKVjL4kg0jzbA,2026-08-25 08:26:43,399,18,8,119.82,120.07,0.07,0
lcNVxEiJamw,UCaN1Qp37sHiCdQuSaXa3fVw,2026-08-15 07:33:56,73406,929,69,119.94,120.19,0.06,1
lcNdQEIL_zA,UCbFzvzDu17eDZ3RIeaLRswQ,2026-08-15 11:01:30,502502,4327,300,119.98,120.23,0.02,0
lcVSD3Rqd8o,UCKrprPfevcAZpPuRnCO6xOA,2026-08-12 09:00:05,512,4,4,120.0,120.0,0.0,0
lccS_U0v7j8,UCaN1Qp37sHiCdQuSaXa3fVw,2026-07-31 07:00:04,162623,2107,24,120.0,120.0,0.0,1
lcyN7GCg-c8,UCW_Ptq0v8ck67w9oKiwXz2g,2026-08-06 09:36:11,247,1,0,119.9,120.15,0.1,1
ld0O1hQHjPs,UCq0fwcojiA7ztN0FgTEgfXA,2026-07-22 05:47:25,161,1,0,119.96,120.21,0.04,0
ld4-gF2S0jQ,UCvUKUkIM67eWFbQemjj2-eA,2026-08-05 12:00:03,60637,1624,122,120.0,120.0,0.0,0
ldO6aZ3DIFY,UCwBkHOTyu57NQi0syf5MLig,2026-08-09 06:00:31,358933,1660,108,119.99,120.24,0.01,1
ldOl8TxUtb4,UC0aKwoKNeqBaUwiEXmkQaGQ,2026-07-25 03:00:28,236858,5595,160,120.0,120.0,0.0,1
ldPohIftu4I,UC0dzSeefT8twKtHh-1mjScA,2026-08-25 07:00:17,209348,2390,46,119.76,120.01,0.01,1
ldUbEUm9HR8,UCIKORyfTZ0cN-u0hrxHcgUw,2026-08-20 12:47:10,39,2,3,119.97,120.22,0.03,0
ldi3gV2qfBY,UCv0cBz_Vdmd84xYl7gKWwQA,2026-08-27 18:00:25,1073,24,1,119.75,120.01,0.01,1
lduyzqgoj0o,UC3DYSay178fMMPaf3zHwECA,2026-08-17 04:15:06,10308,295,29,120.0,120.0,0.0,0
ldwGUyeTsAo,UCbFLnCfOet-u_kFyA7uX-9Q,2026-08-14 12:00:12,37525,642,75,120.0,120.0,0.0,0
le7Y7L9I_co,UCDHGqgpiHQAsE0UiltRqhfQ,2026-07-17 07:27:12,33823,74,67,119.8,120.05,0.05,0
leFBHRVfLR8,UCMswODzU1ZjjrLyUk7NfwPA,2026-07-17 09:10:14,185464,3087,59,119.83,120.08,0.08,0
leGUYlAVNQY,UCJNEIbzzpRl-l1iGdD2BxGg,2026-07-29 03:11:58,534,1,,119.8,120.05,0.05,0
leMaEJFmw6Q,UCBW_PhuXoHk40xF6nO0Q64w,2026-08-07 22:55:06,2710,93,13,119.83,120.08,0.08,0
leOw2TcKjrQ,UChKYbZ9fSz8DMM6wU-t1lMQ,2026-08-04 11:23:40,5936,74,6,119.86,120.11,0.11,0
lec_0U8cXnY,UC5RxNUZ9_c94ZEfJGnJZmTw,2026-08-12 12:00:05,2335,84,9,120.0,120.0,0.0,0
legPQ_CLyi8,UCdoTrHNHnoRbaQenxK5PEUg,2026-07-20 12:38:40,113,2,0,119.86,120.11,0.11,0
leoGHcHz0zk,UCHZ9X2Nl3dq8ChEJgScmZCw,2026-08-24 08:00:32,29936,217,59,119.75,120.01,0.01,0
lerk7z4sqiM,UCp6n8d8Y8r3MwKNw_MMaouQ,2026-08-28 16:24:19,9720,571,16,119.86,120.11,0.11,1
lev7jysIYBk,UCDmmbxGg8g-EBkC_ku6vybg,2026-07-21 10:30:21,4262,145,24,119.99,120.25,0.01,1
lf257u_Ev-A,UCdK9h1ILxS49c2LguBUY3rw,2026-08-18 22:07:07,33,7,0,119.89,120.14,0.11,0
lfKIUcTE-ds,UCvAetSOU_4lyjM5hVMNzN0Q,2026-07-17 16:40:21,273517,2682,103,119.83,120.08,0.08,1
lfWQdFjZ8j4,UCKVt3arMXfa6XZezR1UnjqQ,2026-07-31 03:00:07,7275,21,3,120.0,120.0,0.0,0
lfZD2_t-Ym4,UCby0vMKcLR05ZdS90aZd5og,2026-08-30 10:01:05,2303,4,2,120.0,120.0,0.0,1
lfZM4w0oWQ4,UC5ScPjbt-a97AJO7SBj6nAg,2026-08-21 09:44:10,120223,3490,214,119.78,120.03,0.03,1
lfgRmOiyQSo,UC0PMQXAwF6O6aeTpv962miA,2026-08-20 18:02:31,127421,1352,377,119.97,120.22,0.03,0
lfjXGDaFacw,UCUt2AEhC-OOC2EPCzj4DkCw,2026-07-25 23:00:03,52944,947,21,120.0,120.0,0.0,1
lfpPXGuKzvI,UCw1DsweY9b2AKGjV4kGJP1A,2026-07-10 11:11:54,25553,57,3,117.57,121.42,1.42,0
lfsZrmQGYOk,UCQuY08EEKLFOp0D37Sfpd0A,2026-08-13 04:35:25,47198,692,132,119.91,120.16,0.09,0
lg6tvkkEdxU,UCPsZX-D7LW99PjZLA-UysPQ,2026-08-29 15:00:19,10582,11,3,119.76,120.01,0.01,0
lgEPgkhBG-c,UC1Ns07Rw0lQK-KuaPHfRRTw,2026-07-20 02:20:25,4,0,0,119.91,120.16,0.09,0
lgJli9sUrAA,UCvjzWMh2bihwlIN-WRtddkg,2026-08-15 00:00:20,1303,24,4,120.0,120.0,0.0,0
lgTr32_NO1w,UCyiKngyUPUb1bka4yFrn65g,2026-07-14 07:39:04,4375,25,29,119.85,120.1,0.1,0
lgVhDgMZKmA,UCYjNEoVziojh1ZCum1q0PNQ,2026-07-20 01:15:34,13908,240,26,119.99,120.24,0.01,0
lgjK1jZzYFU,UCdoTrHNHnoRbaQenxK5PEUg,2026-07-19 07:49:55,1214,3,1,119.92,120.17,0.08,0
lgy1UBtIu68,UC0FUMakBJHsRrfKCGQuWnRA,2026-08-04 06:00:05,4886,43,19,120.0,120.0,0.0,0
lh7qEVpL1mk,UCp6n8d8Y8r3MwKNw_MMaouQ,2026-08-01 12:00:30,3531,295,3,119.99,120.24,0.01,0
lhFxr7xz_3s,UC4VWaR3R17Ruc7j1Cy1-PKQ,2026-08-14 21:28:34,473,4,5,119.78,120.03,0.03,0
lhSCr_I6BYs,UCfq-5-0b5Lzj7cKCrp6-flA,2026-08-08 08:00:25,33964,924,82,120.0,120.0,0.0,1
lhf6bzEXwdc,UC_E_qYfGKM3C0kqrp1p8z7Q,2026-08-29 15:00:02,266,7,0,119.76,120.01,0.01,0
lhqGwAK_DLE,UCU0-6z_KU9AShyR9J6gcFGw,2026-08-08 20:06:53,776,3,0,119.89,120.14,0.11,0
dhud_emhFMA,UCbFLnCfOet-u_kFyA7uX-9Q,2026-08-11 07:49:25,122057,1284,31,119.93,120.18,0.07,1
dhus5JFhabg,UCjiXXUsdl0F0aUkTbv8ZVTA,2026-08-07 16:45:16,6827,443,6,120.0,120.0,0.0,1
dhuuVeWt9cc,UCkd3KAYGnTNPJZZrPOFeWhA,2026-08-14 09:30:08,13089,53,28,120.0,120.0,0.0,0
dhw4ErfzOeM,UCgsKeCRaBGH6JlnH6VO_7OA,2026-08-29 22:34:47,353,0,0,119.93,120.18,0.07,0
di1YhcWlK4k,UC2yOBpLVwB7kzt9C5ZPbB7w,2026-08-10 03:30:14,141469,2077,119,120.0,120.0,0.0,1
di2L5_Tv1IY,UCZ49HaU_D0Tlf1aDA2jU_Vg,2026-08-22 16:07:10,51324,484,114,119.89,120.14,0.11,0
di6laDq3a1g,UCAhmOb9JWkI2HV_KIe9X_3A,2026-07-29 13:21:48,7672,109,24,119.89,120.14,0.11,1
diKDYQP9usw,UCzDyC6JMEXEufozffWzI9Mg,2026-08-29 04:00:24,35682,390,38,119.76,120.01,0.01,1
diPzo6K4yD8,UCYJDUekoQz0-bo8al1diLWQ,2026-07-29 09:08:07,622783,10253,210,119.87,120.12,0.12,1
diYTTAxj6Ag,UCqIwPYLfMd3EoWYwvyTjPnA,2026-08-04 23:00:03,83117,856,180,120.0,120.0,0.0,0
digzDqFGwvo,UCqEoc6yuYRg5CFG4NIG8euQ,2026-07-31 23:30:02,10142,130,30,120.0,120.0,0.0,0
diiVyF_ZhvE,UCkrNv6xF8j7QZmWb3UeAH8A,2026-07-22 10:28:36,4883,41,23,119.78,120.03,0.03,0
dijPoHVK9e8,UCyoSQyaCrZHro6F_nBiXIYg,2026-08-28 16:58:58,143915,274,35,119.78,120.03,0.03,0
dipNvtSqyns,UCt6Eo4xMTHhlOWg4_PAz_MA,2026-08-01 00:11:35,8814,75,15,119.81,120.06,0.06,1
dip_ljuPxNY,UCwBkHOTyu57NQi0syf5MLig,2026-08-08 02:00:29,841106,8485,158,119.99,120.25,0.01,1
dj-ed8fJ2uM,UCpcTrCXblq78GZrTUTLWeBw,2026-07-17 07:00:23,112880,1158,76,120.0,120.0,0.0,0
dj1OVFVOSzI,UCYjNEoVziojh1ZCum1q0PNQ,2026-07-24 07:03:17,19776,363,14,119.95,120.2,0.05,1
dj4HZ-J5nAk,UC_m_uqd_9s0hZvlgfvCzqbQ,2026-08-23 12:12:33,1032,0,0,119.8,120.05,0.05,1
djKYSBOvupc,UCrR_fhiJjoW8OJFzUcmlMMA,2026-08-30 02:00:06,12608,52,17,119.76,120.02,0.02,0
djZMYAAxqb8,UCPGl9DV2WUgaqGVXtVrhJWQ,2026-08-23 15:00:08,12,0,0,119.76,120.01,0.01,0
dj_yLHSlBCw,UCnCH3Uhv_ynhTNKEH6ekRtg,2026-08-28 05:30:08,25403,138,23,119.76,120.01,0.01,0
djjoqcvwe2s,UCYMXFMiaGBnZ08-wBHS2MPQ,2026-07-26 02:09:59,4774,39,2,119.84,120.09,0.09,0
djr2CZ9aDBE,UCwBkHOTyu57NQi0syf5MLig,2026-07-31 16:08:52,7315,50,11,119.86,120.1,0.1,0
djwmr1szBsY,UCL2ZLyAV0H9Pvi46W7TGdHQ,2026-08-02 11:00:38,68293,535,56,119.99,120.24,0.01,0
dkKS0bWOiG0,UC1Il94cQwl93Zun8ax1Qjlw,2026-07-22 05:06:11,115,4,0,119.9,120.15,0.1,0
dkPxvPqnHak,UCaMV-CjrWYh2Aefg_8iLwJQ,2026-08-23 10:30:27,65708,259,87,119.75,120.01,0.01,0
dkd7vsMwiKE,UCfq-5-0b5Lzj7cKCrp6-flA,2026-08-07 08:00:23,16309,550,87,120.0,120.0,0.0,1
dkfGhpBCMz0,UCawK5EIfr66Z7fjAlZgfB2g,2026-08-30 02:08:13,8129,,0,119.88,120.13,0.12,0
dklMcET5LPo,UC8aCmG_y4DqqVI9Xlcym1Jg,2026-08-26 22:10:45,19606,324,21,119.83,120.08,0.08,0
dknOJ0gry2g,UCcum1rCJ5GJeQ_xv0xrohqg,2026-08-11 12:00:26,30838,1187,60,120.0,120.0,0.0,1
dkne5FgaKnY,UCpcTrCXblq78GZrTUTLWeBw,2026-08-04 05:30:38,216715,2307,195,119.99,120.24,0.01,0
dl9bxioaknk,UC59jWhPazXYi8Ny4vake45A,2026-07-26 08:26:17,139840,4480,49,119.81,120.07,0.07,1
dlCnYXCkXx0,UCUbOogiD-4PKDqaJfSOTC0g,2026-08-07 11:12:10,165493,1379,187,119.8,120.05,0.05,0
dlDwMJ6F5Qg,UCl-VnCUwSxDr5zPu-YlDUYw,2026-07-26 08:00:22,30969,693,37,120.0,120.0,0.0,1
dleFNlmSqbA,UCV6mNrW8CrmWtcxWfQXy11g,2026-08-15 06:00:12,103900,4225,48,120.0,120.0,0.0,1
dliRZkhabfQ,UC8E29ANOC3_OuB7_5EPY2xw,2026-08-25 15:32:00,1729,8,0,119.98,120.23,0.02,1
dlxrPIl2HNs,UCv1tOT645xHOJrwdGlzjMaA,2026-07-25 11:24:14,54536,881,16,119.85,120.1,0.1,1
dmD2Iqz_aCI,UCdK9h1ILxS49c2LguBUY3rw,2026-08-03 11:45:17,9,2,0,120.0,120.0,0.0,0
dm_MXDyHqos,UCPv0av3PfTUeTnHGgcXkk8w,2026-08-03 23:59:50,9,0,0,119.75,120.01,0.01,0
dm_dx6TQjlE,UCt8CJiye87FMbEwt0npPMuQ,2026-08-12 15:30:12,4356,132,10,120.0,120.0,0.0,0
dmjdlUEuKLQ,UCUbOogiD-4PKDqaJfSOTC0g,2026-08-27 10:58:12,153308,6846,48,119.79,120.04,0.04,0
dnFwatKzuJ8,UCby0vMKcLR05ZdS90aZd5og,2026-08-31 05:14:26,4318,6,2,119.78,120.02,0.02,1
dnaNi0uv-V8,UC8CZL4cvFiKwKKDNCuM2lTA,2026-08-24 09:47:30,29681,210,17,119.97,120.22,0.03,0
dnxyZX17zE4,UCgWwo8FJL3MCxfd66ip7nFg,2026-08-27 09:00:17,149771,,87,119.76,120.01,0.01,0
dnylyjYsKgQ,UC8x8GQmlxAIhHxzU61z0uLQ,2026-08-21 14:00:16,4167,34,8,119.76,120.01,0.01,0
dnzlre6gLx0,UC-FiQR2gg8oiNw98ZdsSX6Q,2026-08-24 15:00:22,1820,10,2,119.76,120.01,0.01,0
doGOfDiZjWg,UCqI5lyTpC79pOy2D-VXAMdA,2026-08-02 13:58:51,107546,698,124,119.77,120.02,0.02,0
do_ey4oYMnY,UCYsRymb9vAsOOLBy-Wo1kRg,2026-08-22 06:00:38,1265,13,8,120.0,120.0,0.0,1
doa1HydxotA,UCLHwMFguUxHVSk91vzicEJw,2026-08-24 13:00:04,114933,783,132,119.76,120.01,0.01,0
dogpTQSuh0k,UCV6mNrW8CrmWtcxWfQXy11g,2026-07-22 06:00:36,89578,2569,23,119.99,120.24,0.01,1
dolsY5OH1l4,UCHeg3ApmuXQbqqszaD1fR9g,2026-08-15 15:51:55,77,3,0,119.89,120.14,0.11,0
dp25ThtaSe0,UCdK9h1ILxS49c2LguBUY3rw,2026-08-12 11:45:32,11,2,0,119.99,120.24,0.01,0
dpGjpzToIpc,UCpAZLM9XMzIbqFucUBD8Jtg,2026-08-18 05:11:30,4313,37,18,119.81,120.06,0.06,0
dpPTlCsHMbA,UCVWAdUQGUiY2Kzh0JoB5PtQ,2026-08-29 09:16:25,2543,29,2,119.99,120.24,0.01,0
dpQjjtwDoQQ,UC027x98NgUBw9K4aPT8k0mg,2026-07-15 12:00:10,11286,163,63,120.0,120.0,0.0,0
dpc1uVAqoxU,UCSzHok6X5qXEO7cjvVnE62g,2026-08-22 08:00:08,52659,223,31,119.76,120.01,0.01,0
dpihwfzgaPE,UCKVt3arMXfa6XZezR1UnjqQ,2026-07-31 09:00:08,4807,44,2,120.0,120.0,0.0,0
dpoey95tFlA,UCPuD5ZRQWa_JCaY5NokNhtg,2026-08-04 13:58:23,874,7,6,119.78,120.03,0.03,0
dqKK8EGukk0,UCdK9h1ILxS49c2LguBUY3rw,2026-08-09 11:30:16,11,3,0,120.0,120.0,0.0,0
dqdFpvIc1PY,UCHeg3ApmuXQbqqszaD1fR9g,2026-07-30 15:25:32,202,7,0,119.83,120.08,0.08,0
dqk7IHLD7xU,UC3gl4CHfNtAqNjju1goB0_w,2026-07-23 14:20:23,2210,40,8,119.91,120.16,0.09,0
dqw312CdBG4,UCPsZX-D7LW99PjZLA-UysPQ,2026-08-09 15:00:03,707,14,2,120.0,120.0,0.0,0
drDBSkhfago,UCV7WE8I_UiAN0fa6Arezx_w,2026-08-13 08:00:12,45,1,0,120.0,120.0,0.0,0
drJZGwAohIc,UC5Yx9RlmznXDUEIrfoSqheA,2026-08-18 14:04:42,6274,40,0,119.93,120.18,0.07,0
drLO_qGUzGc,UCVipGmBXqbYKNODNzVCN86w,2026-08-03 02:03:49,19666,441,4,119.94,120.19,0.06,1
drR9r3XC6Fc,UCAJ-meoCh1TrPZ7La3UpPrw,2026-08-21 13:11:22,149183,2656,220,119.82,120.07,0.07,0
drRp8M7Dyls,UCktXAh1Sd7wf8eQHc029-8g,2026-08-08 20:40:36,396,3,0,119.83,120.08,0.08,0
drhRwc-XOqs,UCyU5JQ8KVRD9jE4E_xLsHxw,2026-08-29 02:30:17,70,1,0,119.76,120.01,0.01,0
drhYyV5Pa-Q,UCDnIK80iouL_rb_J6GybOlg,2026-07-27 23:37:43,1,0,0,119.87,120.12,0.12,0
drsCQMj5tnw,UCQfISxq5legTqOt1h1us6lg,2026-07-23 10:25:25,2197,10,0,119.83,120.08,0.08,0
druje5fHxYA,UCDYAog4sNhwQ5pXtAZiT0Og,2026-08-05 12:30:18,28531,108,32,120.0,120.0,0.0,0
drx0cS8pb0U,UCw1DsweY9b2AKGjV4kGJP1A,2026-08-06 10:00:20,52088,167,9,119.75,120.25,0.25,1
ds8WiW3JZNU,UCQfISxq5legTqOt1h1us6lg,2026-07-24 17:21:03,4739,11,0,119.9,120.15,0.1,0
dsXx27qG_B8,UC3hCAmwyYNgRuOOSFV7evVA,2026-08-30 15:21:08,29743,109,2,119.91,120.16,0.09,0
dsYx2eBoZ5s,UC4VWaR3R17Ruc7j1Cy1-PKQ,2026-08-31 23:53:28,284,2,0,119.87,120.13,0.13,1
dsgNOgSSu1s,UCUae69frfqpKOB3BUMdX5Qw,2026-08-27 03:30:18,31501,426,70,119.76,120.01,0.01,1
dsnxDqOxpN0,UCOTJtP0Z9DjpPU43B5m1V6A,2026-08-19 13:57:39,55308,633,8,119.8,120.05,0.05,0
dsoZOgiSU6I,UCJDXc9JWCZo-nLNKr_-L2Ng,2026-08-10 15:00:00,2635,82,4,120.0,120.0,0.0,0
dsxCWjBStQ8,UC2yOBpLVwB7kzt9C5ZPbB7w,2026-08-09 04:00:37,53606,810,76,119.99,120.24,0.01,1
dsxSuxs0m9g,UCq0fwcojiA7ztN0FgTEgfXA,2026-08-26 10:52:27,101,1,0,119.89,120.14,0.11,0
dsxbCYyzfkc,UC59jWhPazXYi8Ny4vake45A,2026-08-24 11:08:11,114787,4677,62,119.87,120.12,0.12,0
gJ9RR1Yrho0,UCrR_fhiJjoW8OJFzUcmlMMA,2026-08-22 02:00:33,11089,95,30,120.0,120.0,0.0,0
gJCiaZYly2Q,UC6YqXiwCBfPvPTs3wXgWElQ,2026-08-04 10:28:11,787131,6286,2080,119.78,120.03,0.03,0
gJCjdda_s5w,UC8E29ANOC3_OuB7_5EPY2xw,2026-08-20 13:19:55,1504,3,0,119.92,120.17,0.08,1
gJffID8y-qU,UCS-X1uBDTNwAYyydiXjcX9A,2026-08-10 02:18:46,880,10,2,119.94,120.19,0.06,0
gJfp5p5-eOk,UCXu_CcxBZA5S_iG33OzA9PQ,2026-07-23 11:15:16,17856,136,16,120.0,120.0,0.0,1
gJgDiq2FkYs,UCrR_fhiJjoW8OJFzUcmlMMA,2026-08-25 10:00:28,4646,39,14,120.0,120.0,0.0,0
gJlQoAM7Ocw,UCksGX0hODm1Ev6mysrToMqg,2026-08-08 13:14:00,7138,157,28,119.77,120.02,0.02,0
gJlSntgehKQ,UCifCesg-EUkjKyQedaB3hRg,2026-08-09 02:42:33,69353,145,0,119.79,120.04,0.04,0
gJmPQV9vakY,UCRE-9quk3OT2OKgZFAgdN_g,2026-08-20 13:13:51,3561,42,4,119.77,120.02,0.02,0
gJzI1s7Vwdk,UCI3DTtB-a3fJPjKtQ5kYHfA,2026-08-27 18:45:11,4142,4,0,119.76,120.01,0.01,0
gK-kMxHcUjM,UCYGF_xk5RDpltyZDSx040uw,2026-07-23 04:02:19,49444,551,57,119.96,120.21,0.04,0
gKKn58Bfn2o,UC3Oe-jfrIqEGygxYBYyN6jQ,2026-08-08 22:05:48,780,24,1,119.91,120.16,0.09,0
gKOPNWoIocU,UCYM01qjjE_hmqFQAmOo-lNg,2026-08-13 03:06:26,726,9,3,119.9,120.14,0.1,0
gKeRUNkoYX8,UCYooECrv-fIXlPaDwEIaveA,2026-07-12 09:00:29,52123,822,11,119.99,120.24,0.01,1
gKlH86NCLU0,UC-ntxe7eU_afJWEpcTNlVFA,2026-07-29 06:10:31,17764,417,16,119.83,120.08,0.08,1
gL-Nv643b1A,UCBS4sjbGJIcclT-Y6i_Jzkg,2026-07-22 19:37:28,30067,968,6,119.88,120.13,0.12,1
gLA6PeleNis,UCPGl9DV2WUgaqGVXtVrhJWQ,2026-07-30 07:42:06,4,0,0,119.8,120.05,0.05,0
gLFJsO9ACXs,UCc1VJX_5Z2RdGi58XU4IfbA,2026-08-11 06:30:17,472,13,0,120.0,120.0,0.0,0
gLGFbpd_Ij0,UCs0LzOveQMLImmmTrMmP2sg,2026-08-13 08:44:50,42252,158,44,119.76,120.01,0.01,0
gLQHWt-9FXo,UCElXDMEQqlUnuyDbChjARWQ,2026-08-31 21:00:18,195,0,0,119.76,120.01,0.01,0
gLb4f7jBxNo,UCifCesg-EUkjKyQedaB3hRg,2026-08-09 03:03:01,8861,305,15,119.95,120.2,0.05,0
gLbgjcncj9M,UCX11f6rIVaoWGvFnKKyPBNQ,2026-08-06 13:04:45,71628,810,111,119.92,120.17,0.08,1
gLuqGk8VS0c,UCuCmLrNT5MbpqfrSSKHqTug,2026-07-12 04:00:10,11455,123,36,120.0,120.0,0.0,0
gM1UtHsreoM,UCPGl9DV2WUgaqGVXtVrhJWQ,2026-08-30 15:00:23,7,0,0,119.76,120.01,0.01,0
gM2-Ngl9fQ8,UC7bcRlidTERRb_MKRHPVSnw,2026-07-26 06:45:32,116885,1973,86,119.99,120.24,0.01,0
gMFQJfm4ZLE,UC5Yx9RlmznXDUEIrfoSqheA,2026-08-21 13:41:41,11642,47,5,119.82,120.07,0.07,0
gMKS4VMle14,UC_8GOc5dWX2Kpb74_nQ7vSQ,2026-07-22 11:30:06,297961,14192,174,120.0,120.0,0.0,1
gMS6iOs-3ic,UCv1tOT645xHOJrwdGlzjMaA,2026-08-27 11:33:46,38181,477,19,119.95,120.2,0.05,1
gMkSDYcPvEw,UCZRH94I89Ps7giJYeK6DlWA,2026-08-28 03:00:25,95493,879,98,119.75,120.01,0.01,0
gMpaWQI4ic8,UCHeg3ApmuXQbqqszaD1fR9g,2026-07-19 02:00:10,16078,202,10,120.0,120.0,0.0,1
gNAVeTWBidA,UCV7WE8I_UiAN0fa6Arezx_w,2026-08-31 23:00:25,1546,0,0,119.76,120.01,0.01,0
gNIgxLya2DY,UCV7WE8I_UiAN0fa6Arezx_w,2026-08-29 07:00:12,188,1,0,119.76,120.01,0.01,0
gNPQj9EaadY,UCN5oT4zGJX-_H6pE5isAEeg,2026-08-22 08:00:14,580806,13110,393,119.76,120.01,0.01,1
gNs7IvDkuvc,UCroIk85IFzp6OZzKoJFDKuA,2026-08-26 16:42:20,2696,17,0,119.81,120.06,0.06,0
gNzqw-7SOig,UCV6mNrW8CrmWtcxWfQXy11g,2026-08-05 02:00:02,438483,15377,124,120.0,120.0,0.0,1
gO4Lbe67auM,UCV7WE8I_UiAN0fa6Arezx_w,2026-07-21 11:00:07,100,2,1,120.0,120.0,0.0,0
gO5I2p_EVsA,UCpcTrCXblq78GZrTUTLWeBw,2026-08-18 12:30:18,144873,521,23,119.76,120.01,0.01,0
gO6PUkS7PdE,UCgvtwZJPhSfbKOxh3EoVXng,2026-08-01 07:18:08,22,2,1,119.95,120.2,0.05,0
gO98cWQDxFg,UC-okJdotaXPlzivRzHFqzuA,2026-07-31 16:22:24,121016,2204,2,119.88,120.13,0.12,0
gOBHOa4pLDM,UCv1tOT645xHOJrwdGlzjMaA,2026-08-01 14:46:19,49336,786,7,119.98,120.23,0.02,1
gOBdCPe4PlU,UCgsKeCRaBGH6JlnH6VO_7OA,2026-08-06 21:15:39,68,0,0,119.99,120.24,0.01,0
gORaTWZtjYk,UCoovEJW0dyTWwHiblWDWvyQ,2026-08-05 00:18:59,19007,91,2,119.94,120.19,0.06,0
gOlX_NySIvU,UCab17MxxnFtAhGsJVTkSkCg,2026-07-24 23:33:43,1504,25,3,119.94,120.19,0.06,0
gP85-T7Sfcs,UCnhGcri8x6xhehanhAe9ipw,2026-08-11 18:27:43,41784,275,152,119.79,120.04,0.04,1
gPCRcn8flCQ,UCQDGJQe8X9tbk_i8Na3VVXg,2026-07-26 10:22:45,325,11,4,119.87,120.12,0.12,0
gPDU2JPmk8U,UC2NFRq9s2neD_Ml0tPhNC2Q,2026-08-01 02:30:11,195413,3935,41,120.0,120.0,0.0,1
gPLUkw3W_BQ,UCIsrVj53L57rcLAPOre4Xhg,2026-08-09 00:16:52,28841,315,52,119.97,120.22,0.03,0
gPQdLXsm3Kw,UC8aCmG_y4DqqVI9Xlcym1Jg,2026-08-09 22:00:01,810,13,0,120.0,120.0,0.0,0
gPQuW3MT6es,UCXVVG5ZM3SJJCh94xatR8Dg,2026-08-08 03:00:09,1469,4,0,120.0,120.0,0.0,1
gPTED2YUjnY,UCpcTrCXblq78GZrTUTLWeBw,2026-08-24 08:30:29,76685,1982,25,120.0,120.0,0.0,0
gP_U1O6VrSM,UCZCZHg_oJiHcrcj2vaPRCag,2026-08-25 16:37:53,142,1,0,119.88,120.13,0.12,0
gPcszHpJy_Y,UC_9W6Z5Y3lDpLk47Y_y5ITQ,2026-07-31 13:37:09,16600,156,19,119.88,120.13,0.12,0
gPsNMrGM2RQ,UCO94iFhOhtdGb4Ze5DUAtbw,2026-07-14 09:00:37,32441,81,8,119.99,120.24,0.01,1
gQ2JWnd3x5g,UCikKJvpU0Ylua4hRW6faQRg,2026-07-28 02:47:06,1790,48,0,119.97,120.22,0.03,0
gQ2V59umOBo,UCV7WE8I_UiAN0fa6Arezx_w,2026-07-15 06:00:34,57,0,0,119.99,120.24,0.01,0
gQ7aFgpowyA,UCt8CJiye87FMbEwt0npPMuQ,2026-08-07 16:00:32,2685,168,7,119.99,120.24,0.01,0
gQADjuNBY-M,UCOTJtP0Z9DjpPU43B5m1V6A,2026-08-29 13:00:07,264345,513,97,119.76,120.01,0.01,0
gQZFN5Jj4Co,UCSzHok6X5qXEO7cjvVnE62g,2026-08-05 12:00:10,126738,1028,36,120.0,120.0,0.0,0
gQgkSEhMTEo,UCbeQg95cAxVRsxxh6FyilxA,2026-07-18 12:17:28,7345,31,1,119.96,120.21,0.04,1
gQuZyCBcXXY,UCpn9dP1b5BhBsU9SduEz1hA,2026-08-16 16:00:07,35691,356,18,120.0,120.0,0.0,1
gQxBlrkFh6M,UCaN1Qp37sHiCdQuSaXa3fVw,2026-08-19 02:30:09,416150,,96,119.76,120.01,0.01,1
gR3emKvW2uI,UCYooECrv-fIXlPaDwEIaveA,2026-07-13 09:01:12,73658,1147,40,119.98,120.23,0.02,0
gREtph8hjzo,UCiEMsnnzti6PDNi8TAlSnFw,2026-08-02 17:45:10,7,,0,120.0,120.0,0.0,0
gRM6yyO-tkQ,UCdb5lyq0tWbY3jqH35SufmA,2026-08-10 14:56:38,17861,285,46,119.81,120.06,0.06,0
gRQ1jrjsa2A,UCjBPx2oip2bKnnfqKyas0ew,2026-07-24 07:15:03,4802,211,33,120.0,120.0,0.0,0
gRWTQstzgHk,UCw1DsweY9b2AKGjV4kGJP1A,2026-08-22 08:00:26,54622,136,23,119.75,120.01,0.01,1
gRavDkW3D8k,UCv0cBz_Vdmd84xYl7gKWwQA,2026-07-29 17:00:09,1729,32,0,120.0,120.0,0.0,1
gRuno-teDkQ,UC3_QWAvQRhPW4CDoQU8acKw,2026-08-26 07:12:51,47283,607,82,119.8,120.05,0.05,0
gRvO2-HH230,UCHeg3ApmuXQbqqszaD1fR9g,2026-07-14 02:00:02,11221,350,13,120.0,120.0,0.0,1
gS34cVuDZyc,UCJGww2K__Q3y-MtDi0XWH2w,2026-08-23 06:06:56,101940,1808,65,119.9,120.15,0.1,0
gS6ia5if0vg,UCybfHuHkJRzGDymek2Dsqvw,2026-08-21 22:00:14,42889,734,173,119.76,120.01,0.01,0
gSJ_Zlc-3m4,UC5ThQKdocwo_9UurfT5P_ww,2026-08-22 00:00:28,377016,4614,76,119.75,120.01,0.01,1
gSayubtVVIE,UCw1DsweY9b2AKGjV4kGJP1A,2026-08-02 07:55:29,124913,240,16,119.83,120.08,0.08,1
gSdkruKroLQ,UC-FiQR2gg8oiNw98ZdsSX6Q,2026-08-06 05:21:51,501,15,0,119.89,120.14,0.11,0
gSffOEaBbdU,UCm-Yd-aYSagMqVdMZSYiKLQ,2026-08-21 09:00:34,6829,134,37,120.0,120.0,0.0,0
gSz8Ku3CkkI,UCQ5KMP03ifjJ8mDeyjWeZ7g,2026-08-12 11:00:05,2346,25,7,120.0,120.0,0.0,0
gSzu3ayS4V8,UCt8CJiye87FMbEwt0npPMuQ,2026-08-21 15:30:36,13596,548,29,120.0,120.0,0.0,1
gT4ZDKEhYZI,UC8a9-ubjMyQkDH9Jr8EX0JQ,2026-07-14 17:58:13,91,3,0,119.78,120.03,0.03,0
gTC33FEHPNE,UCOTJtP0Z9DjpPU43B5m1V6A,2026-08-02 09:53:36,126155,1254,92,119.86,120.11,0.11,0
gTJcoOQa3Dw,UCrY2B2XX41ReYh9DIWrFfCg,2026-07-16 10:12:31,24821,,50,119.79,120.04,0.04,0
gTZRWaIF-Fk,UC_e83kYlGHWbsrr8QCfV_ag,2026-08-21 14:13:07,214,7,1,119.79,120.04,0.04,0
yeGEJyjcZjA,UCdcjduaR6hyGHVNmpbJzSsw,2026-08-12 22:18:42,32887,376,94,119.94,120.19,0.06,0
yeMyhIHzkhg,UCeiQKedLZob9Cb797XfsrRw,2026-08-08 00:00:06,15528,284,59,120.0,120.0,0.0,0
yeoaFIcwRBQ,UCqIwPYLfMd3EoWYwvyTjPnA,2026-08-29 11:00:32,130312,311,36,119.76,120.01,0.01,0
yep_c8zE9Mc,UCV6mNrW8CrmWtcxWfQXy11g,2026-08-22 02:00:27,164636,5937,56,120.0,120.0,0.0,1
yesitKJY5Fc,UCw1DsweY9b2AKGjV4kGJP1A,2026-08-22 08:00:08,3067,23,1,119.76,120.01,0.01,0
yetKZHro5_s,UCrKSaegnzewdj9-YLsUhoZw,2026-08-19 02:48:45,4152,27,13,119.95,120.2,0.05,0
yfaR1mwKdFc,UChHxLcNi7e0zu-e33HM6v6A,2026-08-02 01:55:29,1655,40,14,119.83,120.08,0.08,0
yfaUq-oLbOw,UCp6n8d8Y8r3MwKNw_MMaouQ,2026-07-29 20:49:21,1354,15,0,119.93,120.18,0.07,0
yfeMoUXQUZc,UC0wo7SwsC5dE0nSgBs2M-3A,2026-08-26 09:00:17,652747,14023,203,119.76,120.01,0.01,0
yfr_F-qwZig,UCPsZX-D7LW99PjZLA-UysPQ,2026-08-01 00:00:03,597,5,2,120.0,120.0,0.0,0
yfumqkuAi-Y,UCkphwoGMBs2_0raLOqu9aQw,2026-08-14 12:00:27,99,1,9,120.0,120.0,0.0,0
ygccsie9bj0,UC78d2aaqdrt02RfmtRLmlAw,2026-08-02 21:21:20,3457,24,0,119.9,120.15,0.1,0
yh1gUP253is,UCrR_fhiJjoW8OJFzUcmlMMA,2026-08-14 10:00:10,6649,47,24,120.0,120.0,0.0,0
yh7B7PiBA5Y,UCp6n8d8Y8r3MwKNw_MMaouQ,2026-08-26 14:00:19,4901,445,9,119.76,120.01,0.01,0
yh9hmSDpMys,UCIzbqIyEUxtFLYh_sCDoXpw,2026-08-16 11:28:33,55089,513,32,119.78,120.03,0.03,0
yhAbS2NT29Y,UCxpXguPL_B5pz7Gq8ozfwlA,2026-08-07 17:46:33,4719,38,0,119.98,120.23,0.02,0
yhCZs65AaeA,UCBidluUUxzT_5jVOI_2x2MQ,2026-08-06 14:09:44,166,10,0,119.84,120.09,0.09,0
yhNmbkTDknY,UCXVVG5ZM3SJJCh94xatR8Dg,2026-07-17 03:00:12,2365,17,2,120.0,120.0,0.0,1
yhPIMGb93HU,UCV7WE8I_UiAN0fa6Arezx_w,2026-08-14 08:00:12,23,0,0,120.0,120.0,0.0,0
yhScxbbAjhc,UCp9skQ2mP_DfVL8c3gZQUzg,2026-07-26 10:41:06,31493,134,8,119.82,120.07,0.07,1
yhT6b5b48SA,UCN5789pKaFwqjVBvg6yws_w,2026-07-14 15:01:08,6,0,0,119.98,120.23,0.02,0
yhWkLfFjCNw,UC-okJdotaXPlzivRzHFqzuA,2026-08-15 08:59:33,40860,577,16,119.76,120.01,0.01,0
yha7IjMOeIU,UCw-JzmPsjRcbzJLncr4pIIA,2026-07-19 12:30:37,203842,3035,333,119.99,120.24,0.01,0
yhuDIQnYFM0,UCt8CJiye87FMbEwt0npPMuQ,2026-08-28 14:30:33,32611,575,19,120.0,120.0,0.0,0
yi8Lvch6ySU,UCt8CJiye87FMbEwt0npPMuQ,2026-08-19 16:00:04,5658,187,24,119.76,120.01,0.01,0
yi8h0Ml8IA0,UCcvKf8NxAw9i09hZw1MQPBQ,2026-07-25 12:00:22,12606,221,80,120.0,120.0,0.0,0
yiQNo8GJV2Y,UCab17MxxnFtAhGsJVTkSkCg,2026-08-19 10:38:43,393,14,0,119.87,120.12,0.12,0
yiTSYYV5IMU,UCzRPPKLkNxjD2of-0Xxfnjw,2026-08-07 03:41:15,4467,41,6,119.82,120.07,0.07,1
yilIQ6fa6LA,UCPsZX-D7LW99PjZLA-UysPQ,2026-08-29 09:00:00,2961,6,2,119.76,120.01,0.01,0
yiqgdDBMisI,UCt8CJiye87FMbEwt0npPMuQ,2026-07-13 14:00:14,170018,7925,890,120.0,120.0,0.0,0
yis3tChdZTM,UCjsqgRBvkn8XadWraSQxTKQ,2026-07-28 15:58:49,188,1,0,119.77,120.02,0.02,0
yjKOnDPWjko,UCiVO_mThS9B3tNc_kzpn-3g,2026-08-26 16:00:10,44686,893,166,119.76,120.01,0.01,0
yjQQL43M27A,UCDLDbittWhk2KXvaCT0YpZQ,2026-08-18 23:46:32,36154,1256,47,119.98,120.24,0.02,0
yjQg9-k0ps4,UCAl4HWznMn7KhKBRFO5eiFA,2026-07-21 12:51:12,5618,24,0,119.9,120.15,0.1,1
yjWiRVWaigA,UC4cKHOBS-nRfKFTwf1n8HGA,2026-07-24 01:32:15,5532,,7,119.97,120.22,0.03,1
yjl0QSbfoH0,UCU_hKD03cUTCvnOJpEmKvCg,2026-08-13 08:09:18,124749,549,151,119.85,120.1,0.1,0
yjsEqfpJFNE,UC2t5bjwHdUX4vM2g8TRDq5g,2026-08-05 17:17:51,23926,831,86,119.95,120.2,0.05,0
yjuH7LUsQhk,UC9JlObZnbOirT4_iyPGrdcw,2026-08-15 12:00:25,25679,418,58,120.0,120.0,0.0,0
yjv9sJDA-Fk,UCJA6MZLzTeljmGNFaugdoWQ,2026-08-13 09:00:22,2649,15,8,120.0,120.0,0.0,0
yjxObdi_IFk,UCUR5w0E-jQTOO8Q0FZ4ilYQ,2026-07-28 22:17:53,9922,28,11,119.95,120.2,0.05,0
yke3Oo6QexY,UCw1DsweY9b2AKGjV4kGJP1A,2026-08-17 10:02:18,12033,55,14,119.97,120.22,0.03,0
ykhJoxZYVW8,UCk3w4CQ_SlLH4V0-V6WjFZg,2026-08-05 16:11:07,64714,3294,184,119.82,120.07,0.07,0
yknj43S75yo,UCMZFHqDjg1IE5kzm9fZBOFw,2026-08-31 15:18:40,6597,4,0,119.95,120.2,0.05,0
ylNrUHn2X94,UCyZXLzORHoh9QMwA7IwS0pA,2026-07-23 13:51:43,531,12,0,119.89,120.14,0.11,0
ylRNuck7ibA,UC3g-8BYn0MZMti9QDmXyhFw,2026-08-27 09:04:11,13514,74,7,119.94,120.19,0.06,0
ylTsrHI6H6w,UCYGK33LxFlgh9QtmvCYMR3A,2026-07-26 03:00:05,18892,337,46,120.0,120.0,0.0,0
yljsfYtPKcw,UCgLFbrC7-g0ihBKB0obVPTg,2026-08-23 13:10:26,132,5,0,119.84,120.09,0.09,0
yltFsuntGbk,UCXVVG5ZM3SJJCh94xatR8Dg,2026-08-03 06:00:25,222,5,2,120.0,120.0,0.0,1
ylzev_K2qcE,UCDYAog4sNhwQ5pXtAZiT0Og,2026-08-29 08:00:38,145355,409,94,119.75,120.01,0.01,0
ymIVjYKH2E0,UCyEIUlSKbzCt3ElAsPFb7EQ,2026-08-10 18:30:26,28469,79,10,120.0,120.0,0.0,0
ymhEunkaQlM,UCkmUJzaZfP7Wsb5-89pAK4Q,2026-08-13 08:00:24,2310,118,23,120.0,120.0,0.0,0
ymmfuISiESg,UCDq6CfnZgtnqXEwG8tqvBfA,2026-07-20 02:06:30,34,1,0,119.89,120.14,0.11,0
yn8dlfi7DG8,UCKrprPfevcAZpPuRnCO6xOA,2026-07-27 09:30:02,1665,9,10,120.0,120.0,0.0,0
ynFEJ209jo8,UCrKSaegnzewdj9-YLsUhoZw,2026-08-29 23:55:31,15193,57,28,119.84,120.09,0.09,0
ynNODiQczlk,UCifCesg-EUkjKyQedaB3hRg,2026-08-18 18:34:27,28047,70,0,119.94,120.19,0.06,0
ynQIdSN0Pdw,UCYsRymb9vAsOOLBy-Wo1kRg,2026-07-31 07:00:55,8948,271,36,119.99,120.24,0.01,0
ynSyQylY2V4,UCMpvRMwoq_WmradKdysk6Cg,2026-08-06 12:19:59,36211,450,54,119.92,120.17,0.08,0
ynxYXDQFtVk,UCoH2pCzAr6zWDG-LtUiLWRw,2026-08-12 22:45:19,52388,484,217,120.0,120.0,0.0,0
ynzmMxVGmYc,UCw1DsweY9b2AKGjV4kGJP1A,2026-08-03 08:01:16,5329,19,3,119.98,120.23,0.02,0
yoBp9ceQSeE,UCV7WE8I_UiAN0fa6Arezx_w,2026-08-28 09:00:32,143,0,0,119.75,120.01,0.01,0
yoDhUUUczM0,UCqIwPYLfMd3EoWYwvyTjPnA,2026-08-10 23:00:02,58623,465,80,120.0,120.0,0.0,0
yoMM0aiWQhI,UCuXE-MdbuaZcPt_2J2kSsSQ,2026-08-01 02:27:04,351,3,0,119.8,120.05,0.05,1
yoN26wWgN9Y,UCIsrVj53L57rcLAPOre4Xhg,2026-08-04 08:00:52,37838,387,62,119.99,120.24,0.01,0
yoP-UoCBiNE,UCgT-gb3favw2jQgwxbbwwaA,2026-08-09 15:00:14,113653,1020,9,120.0,120.0,0.0,0
yoPWbNzc3Tw,UCfjMjhfjRRy8B0mfqbO_43w,2026-08-02 01:45:28,34827,357,63,119.99,120.24,0.01,0
yoS2OtMahK8,UCNZiNM2pP6uhIlTQVS2Q5fA,2026-08-15 09:59:43,90419,2740,115,119.76,120.01,0.01,1
yoT-JaidFEs,UCYJ0Ucu9jPX5kn6SeDcNaIQ,2026-07-10 22:00:28,48166,293,49,119.99,120.24,0.01,0
yoTM82Ei7DY,UCZ-UuK86Bk5sGzQQ2cEglJQ,2026-08-24 10:30:23,110294,1253,60,120.0,120.0,0.0,0
yokVg7_tm6s,UCZ6mNZTiTUrUSbSYPlclI4A,2026-08-12 02:57:52,11520,449,16,119.79,120.04,0.04,1
yoltXmXmUJo,UCpX86JOUhnrzG7MK8e8Gjbw,2026-07-11 04:42:45,12703,123,184,119.79,120.04,0.04,0
yoxYYjhIouo,UCF7IBIvHZ2be4Ufo8i0uHBw,2026-08-11 09:00:29,42473,386,69,120.0,120.0,0.0,0
ypAxlKWOolg,UCz5LAkkX66OAW-y_WiWf9vA,2026-08-09 15:30:28,123,1,0,119.99,120.24,0.01,0
ypIUzEd1Xbs,UCV6mNrW8CrmWtcxWfQXy11g,2026-07-22 21:20:49,17207,791,59,119.91,120.16,0.09,0
ypLvzM2GfXs,UCB4YEVYp6LynBpz7bXyZsTg,2026-08-08 03:45:07,16350,159,23,120.0,120.0,0.0,0
ypOo0Wpxkes,UCGdyvYQEVn4_9zcN8jStjow,2026-08-27 11:50:52,12367,49,22,119.91,120.17,0.09,0
ypPlX6S4QIw,UC2yOBpLVwB7kzt9C5ZPbB7w,2026-07-25 04:00:15,63446,1117,17,120.0,120.0,0.0,1
ypTzBynh0Ck,UCw55Gv3z7xgtG34fOP1-Aiw,2026-07-29 13:22:49,1785,5,1,119.87,120.12,0.12,1
ypcygoxGNlw,UCzps05UZ7XpX3SFoFyYIDow,2026-08-25 04:56:13,44638,187,56,119.83,120.08,0.08,0
yq6q7ywU1BA,UCp6n8d8Y8r3MwKNw_MMaouQ,2026-08-03 16:01:57,13136,398,22,119.97,120.22,0.03,1
yq7N4TpiXfw,UCEebX3m88Arwc91LPmEmTYQ,2026-08-26 03:15:05,79978,6130,77,119.76,120.01,0.01,1
yqDfETo6bUk,UCEeib6HEHy95EGWUevS4RcA,2026-08-12 14:23:39,6,0,0,119.86,120.11,0.11,1
yqH-bhtUUGc,UC5ThQKdocwo_9UurfT5P_ww,2026-08-20 22:00:03,358296,4766,42,119.76,120.01,0.01,1
yqUMZu2puCs,UCV7WE8I_UiAN0fa6Arezx_w,2026-07-23 07:20:26,154,2,1,119.91,120.16,0.09,0
yqfGNHYH9Dk,UCab17MxxnFtAhGsJVTkSkCg,2026-08-22 14:37:47,3395,55,1,119.88,120.13,0.12,0
yqnyechrDEw,UCIxcZWLQpP-mUZC6_Uljc_Q,2026-08-16 15:15:19,15654,53,28,120.0,120.0,0.0,0
yr6oyvQLKgE,UCifCesg-EUkjKyQedaB3hRg,2026-07-31 03:06:03,9208,114,5,119.9,120.15,0.1,0
yrAHCx6RU5E,UC3hCAmwyYNgRuOOSFV7evVA,2026-08-13 11:00:06,21598,196,24,120.0,120.0,0.0,0
yrRZqFboYLU,UC43hOVGChFuQRV47vxc_c-g,2026-07-29 08:51:30,100,,0,119.89,120.14,0.11,0
yrUa45-Qie8,UCt8CJiye87FMbEwt0npPMuQ,2026-08-31 14:00:29,6424,40,4,119.75,120.01,0.01,1
yrZUbkhnuOw,UCw1DsweY9b2AKGjV4kGJP1A,2026-08-17 13:00:32,4458,27,17,119.99,120.24,0.01,0
yr_4VyeNC1s,UCNRnCc0hg3ZcKdOGXKKv5Ww,2026-08-02 17:17:46,12116,87,5,119.96,120.21,0.04,0
yrbDaCNxq5w,UCQfISxq5legTqOt1h1us6lg,2026-07-27 11:21:24,3323,8,0,119.9,120.15,0.1,0
yruPw4XEIH8,UCPGl9DV2WUgaqGVXtVrhJWQ,2026-08-30 15:00:04,4,0,0,119.76,120.01,0.01,0
yrxQ63nGISU,UCj5Y6sl23ln9PL6OiDTL7Gg,2026-08-05 12:44:15,207,18,1,119.76,120.01,0.01,0
ys6E0YK1n0c,UCqlcSsDNMYxEsem7bWY-66Q,2026-07-31 09:05:05,9631,290,26,119.92,120.17,0.08,0
ysKGu8Jlh8w,UCfIUuMA7U_jImP7oWfTe4Pw,2026-07-28 13:15:55,380426,4073,763,119.99,120.24,0.01,0
ysNMnLWJTck,UCab17MxxnFtAhGsJVTkSkCg,2026-07-27 16:31:26,639,8,1,119.98,120.23,0.02,0
yse-6jlFvr4,UCxtZZzggcfOmsW99gYkxsNA,2026-08-05 05:58:56,4122,28,11,119.77,120.02,0.02,0
ysj8Hi8BdX4,UCz5LAkkX66OAW-y_WiWf9vA,2026-08-11 10:15:01,16413,47,5,120.0,120.0,0.0,1
ysjI1_4L-To,UCJDXc9JWCZo-nLNKr_-L2Ng,2026-08-31 15:00:33,17464,250,10,119.75,120.01,0.01,0
ysuLFDN1FU8,UCIKORyfTZ0cN-u0hrxHcgUw,2026-07-23 06:59:16,26,1,1,119.77,120.02,0.02,0
ysyGSHz6iVE,UCkd3KAYGnTNPJZZrPOFeWhA,2026-08-07 10:00:31,18601,31,9,120.0,120.0,0.0,1
ysyx1OlDdnY,UCw1DsweY9b2AKGjV4kGJP1A,2026-08-06 10:15:25,123227,587,45,120.0,120.0,0.0,1
yt11TY-0dss,UCS2OAdHoLt-9T6cG9A2H49Q,2026-08-06 09:00:28,7814,64,5,120.0,120.0,0.0,1
ytPTHYWU5RE,UC8E29ANOC3_OuB7_5EPY2xw,2026-08-21 10:30:30,3516,64,9,120.0,120.0,0.0,0
ytT90Z0SqsI,UCqI5lyTpC79pOy2D-VXAMdA,2026-08-24 14:58:11,98977,1227,2161,119.79,120.04,0.04,0
ytbBrx9GwyE,UCifCesg-EUkjKyQedaB3hRg,2026-08-18 02:10:10,36444,233,0,119.83,120.08,0.08,0
ytg3h2lnNdE,UCgLFbrC7-g0ihBKB0obVPTg,2026-07-27 13:21:24,180,4,0,119.9,120.15,0.1,0
ythDXF_sROc,UCZ6mNZTiTUrUSbSYPlclI4A,2026-08-20 12:26:28,2122,33,6,119.81,120.06,0.06,0
ytproTrn4X8,UC24GgPBq5W3v34z0p0uk1Ow,2026-08-17 09:36:23,5193,41,5,119.9,120.15,0.1,0
ytu8kou3WZs,UCOTJtP0Z9DjpPU43B5m1V6A,2026-07-31 05:08:25,279297,2017,63,119.86,120.11,0.11,0
ytujSS7Kzds,UC60HSePkZwGFzRj6VSDa6Ew,2026-08-10 15:27:09,3142,41,2,119.8,120.05,0.05,0
ytvf78HdZVY,UCXtU-C_e2iBzPSq9oLXtbVw,2026-08-04 23:15:25,125,4,6,120.0,120.0,0.0,0
yu1i4iLr6pQ,UCifCesg-EUkjKyQedaB3hRg,2026-07-25 01:20:07,5406,64,5,119.92,120.17,0.08,0
yu4HhWUDnpk,UC7nIK3KpkhbGee5K_sVBscQ,2026-08-12 09:55:17,11180,183,36,119.83,120.08,0.08,0
yuIYYo29YW4,UCt8CJiye87FMbEwt0npPMuQ,2026-07-28 12:30:29,15820,321,71,119.99,120.25,0.01,1
yuJxJZ6Hco4,UC_E_qYfGKM3C0kqrp1p8z7Q,2026-08-16 15:00:10,114,8,3,120.0,120.0,0.0,0
yuOKalK2ef8,UCV7WE8I_UiAN0fa6Arezx_w,2026-08-30 04:00:37,324,0,0,119.75,120.01,0.01,0
yuo89R-4Fwk,UCY_vDlvG-BTDRIOk_I9QQ6g,2026-07-31 02:15:53,2740,35,17,119.99,120.24,0.01,0
yus6UA1r05w,UC_Xb6sEXAdNv9nHU4988vmg,2026-08-11 10:00:12,669866,,3,120.0,120.0,0.0,1
yusogNcdlKg,UC-aXNBQ6nwMNeW2V8XB7sBg,2026-08-03 02:00:23,130374,2004,58,120.0,120.0,0.0,1
yux0IefTc_A,UCV6mNrW8CrmWtcxWfQXy11g,2026-08-21 17:00:11,90653,2973,132,119.76,120.01,0.01,1
yuxXASy1blQ,UClHTjLVog7CkRF8tYJuNXXQ,2026-07-22 15:19:57,233,11,0,119.92,120.17,0.08,0
yv3jPZuOyRI,UCdK9h1ILxS49c2LguBUY3rw,2026-08-09 11:45:39,14,2,0,119.99,120.24,0.01,0
yv4JoX0aroM,UCoSniqkitCpxlHrQd5L8A1w,2026-08-24 22:51:38,4280,21,1,119.9,120.15,0.1,1
yv5Sn7BuM9M,UCSzHok6X5qXEO7cjvVnE62g,2026-07-31 10:00:10,230318,1170,231,120.0,120.0,0.0,0
yvB5M2nepaE,UCV6mNrW8CrmWtcxWfQXy11g,2026-07-22 11:00:18,84428,3560,58,120.0,120.0,0.0,1
yvG2odgSLOs,UCV6mNrW8CrmWtcxWfQXy11g,2026-08-12 02:00:37,146990,5274,79,119.99,120.24,0.01,1
yvOqqtIzprk,UCdK9h1ILxS49c2LguBUY3rw,2026-08-04 17:42:05,22,3,0,119.8,120.05,0.05,0
yvdhLvCaXgw,UCt15X5eHLwyP8PpNtQTkuDQ,2026-07-26 09:35:36,128630,692,146,119.91,120.16,0.09,0
yvmsr1tc6PA,UC0FUMakBJHsRrfKCGQuWnRA,2026-08-05 12:00:18,8071,69,22,120.0,120.0,0.0,0
yw0Ted2hHuI,UCz5LAkkX66OAW-y_WiWf9vA,2026-07-30 15:16:24,65,1,0,119.98,120.23,0.02,0
ywC6RB_a5ZA,UCVey3Q_CodrHAWBonTGbHFg,2026-08-08 03:00:26,6161,193,9,120.0,120.0,0.0,0
ywHz2gS2mog,UCb5NLtXAsTBrmaZVhyFa-Wg,2026-08-27 13:30:34,86541,584,67,120.0,120.0,0.0,1
ywIkhJNz07c,UCpwGBltfwjd_fIzp5cb5R0w,2026-08-10 14:45:59,59208,629,15,119.99,120.24,0.01,0
ywLTmG5WHJ0,UCDYAog4sNhwQ5pXtAZiT0Og,2026-08-21 11:00:20,36088,146,44,119.76,120.01,0.01,0
ywN4xyFKpBM,UCv1tOT645xHOJrwdGlzjMaA,2026-08-27 04:01:27,5597,61,1,119.99,120.24,0.01,1
ywORIlSgVXg,UCN5oT4zGJX-_H6pE5isAEeg,2026-08-14 08:00:27,1406978,42005,2550,120.0,120.0,0.0,1
ywlAc0-rLNo,UCrR_fhiJjoW8OJFzUcmlMMA,2026-07-15 07:00:28,18840,215,33,119.99,120.24,0.01,0
ywqx9e0ksgk,UCrY2B2XX41ReYh9DIWrFfCg,2026-07-11 11:11:58,642,,2,119.8,120.05,0.05,0
ywxN0xyBj28,UC9qwDE50UcXvdplRNZKEoPA,2026-08-26 14:17:23,8383,88,17,119.97,120.22,0.03,0
yx3XmtT18uA,UC_Xb6sEXAdNv9nHU4988vmg,2026-08-08 08:00:28,677,,1,119.99,120.25,0.01,0
yx4OT4Ha2AI,UCdQHEqTxcFzjFCrq0o4V7dg,2026-08-21 00:15:28,27580,1740,179,120.0,120.0,0.0,0
yxF3UcNl70o,UC4VWaR3R17Ruc7j1Cy1-PKQ,2026-08-24 08:00:17,73,3,0,119.76,120.01,0.01,0
yxRhl88Rm2U,UCL2ZLyAV0H9Pvi46W7TGdHQ,2026-08-24 11:30:05,267200,2197,54,119.76,120.01,0.01,1
yxRrV-Ii1gw,UCaN3tSrrzIrXSDonEe7LK9A,2026-08-29 08:00:02,3890,56,18,119.76,120.02,0.02,0
yxZBQZKrbz4,UCiVO_mThS9B3tNc_kzpn-3g,2026-08-11 18:00:37,9719,192,68,119.99,120.24,0.01,0
yxy1S8YC97U,UCN5oT4zGJX-_H6pE5isAEeg,2026-07-31 09:00:39,63750,784,41,119.99,120.24,0.01,0
yy-mW4OygaY,UCgRJPSNPfkne9kBdy7TBgHw,2026-08-01 14:34:19,63,0,0,119.93,120.18,0.07,0
yy0CqR0NxMs,UCNRnCc0hg3ZcKdOGXKKv5Ww,2026-08-28 03:15:09,24338,168,10,119.76,120.01,0.01,1
yy60v_G4AJc,UCgO8sNnksVuKcuTVTQKSK3A,2026-08-07 09:00:26,83122,577,53,120.0,120.0,0.0,1
yyC2RJc9kRQ,UCAl4HWznMn7KhKBRFO5eiFA,2026-07-26 13:59:41,33758,137,27,119.76,120.01,0.01,1
yyI-5ZZiBBU,UCXQoI3upwKr47JAiVaYkvIw,2026-08-09 12:44:47,17368,175,9,119.76,120.01,0.01,0
yyOYCDJfHWY,UCVey3Q_CodrHAWBonTGbHFg,2026-07-21 03:00:09,60356,1145,79,120.0,120.0,0.0,0
yyUpheyoxGk,UCeKjmFzU-Jlqg7diwzf2Udw,2026-08-17 20:52:41,2,0,0,119.87,120.12,0.12,0
yyZXwxKsFoE,UCb5NLtXAsTBrmaZVhyFa-Wg,2026-08-07 13:30:10,157451,648,34,120.0,120.0,0.0,1
yybJFCBqauE,UCim7oePrB5hdfhcYwgUY6Jw,2026-08-11 13:00:13,11684,63,19,120.0,120.0,0.0,0
yyc40BBlx4w,UCQuY08EEKLFOp0D37Sfpd0A,2026-08-12 16:30:11,84551,854,68,120.0,120.0,0.0,0
yygvSo-qxDU,UC9qwDE50UcXvdplRNZKEoPA,2026-08-15 01:29:47,65969,1330,86,119.76,120.01,0.01,1
yyhZUQJnfAM,UC8aCmG_y4DqqVI9Xlcym1Jg,2026-08-15 22:30:24,931,40,0,120.0,120.0,0.0,1
yyorbsnpcyc,UCPuD5ZRQWa_JCaY5NokNhtg,2026-07-30 03:28:23,568,5,4,119.78,120.03,0.03,0
yyqerEsOSos,UCV7WE8I_UiAN0fa6Arezx_w,2026-08-24 12:00:13,36,0,0,119.76,120.26,0.24,0
yz6YupR6jbU,UCYMXFMiaGBnZ08-wBHS2MPQ,2026-07-24 05:31:06,5454,33,6,119.98,120.23,0.02,0
yz6sv7ByDnc,UCV6mNrW8CrmWtcxWfQXy11g,2026-08-06 02:07:24,18770,1260,29,119.88,120.13,0.12,0
yz7tCdMI-iI,UCsRiYH-VrZ2mYsohk7GhLdQ,2026-08-21 15:15:13,176060,1452,227,119.76,120.01,0.01,0
yz8-mTI5w0w,UCBS4sjbGJIcclT-Y6i_Jzkg,2026-08-08 19:33:07,19629,371,4,119.95,120.2,0.05,1
yzDmE-aEzdA,UCJA6MZLzTeljmGNFaugdoWQ,2026-08-02 07:00:00,2405,11,2,120.0,120.0,0.0,1
yzEuDwd60dw,UCV7WE8I_UiAN0fa6Arezx_w,2026-07-11 23:00:07,66,0,0,120.0,120.0,0.0,0
yzT8SvbIet8,UCIvLQ5lZ2kebqnLaGv_FP4w,2026-08-22 06:21:56,4298,26,31,119.89,120.14,0.11,0
yzTkbIOZhqo,UCmcBe97VA2LqVEQUeeZl6Ew,2026-08-30 09:00:31,443266,1071,212,119.75,120.01,0.01,0
yzaZP85SORw,UCdK9h1ILxS49c2LguBUY3rw,2026-08-07 11:30:24,7,2,0,120.0,120.0,0.0,0
yzmmJKwewXE,UCSOeJWyByeoBHpmrm0NnlLw,2026-07-27 07:00:01,36376,483,74,120.0,120.0,0.0,0
yztFrGy-NIY,UCgO8sNnksVuKcuTVTQKSK3A,2026-08-14 09:00:01,38143,691,79,120.0,120.0,0.0,1
yztrjtYyhuo,UCPGl9DV2WUgaqGVXtVrhJWQ,2026-08-24 08:21:17,19,0,0,119.91,120.16,0.09,0
yztx0sZSKmw,UCifCesg-EUkjKyQedaB3hRg,2026-07-26 22:08:14,20106,355,16,119.86,120.11,0.11,1
yzuXpSxI9hQ,UCt8CJiye87FMbEwt0npPMuQ,2026-07-16 19:58:48,4373,139,13,119.77,120.02,0.02,0
yzv36LQscGE,UC4VWaR3R17Ruc7j1Cy1-PKQ,2026-07-16 07:55:16,476,1,0,119.83,120.08,0.08,1
yzvhmea6P_Y,UCfjMjhfjRRy8B0mfqbO_43w,2026-08-30 01:45:30,362873,1880,232,120.0,120.0,0.0,0
yzwEl2VafXo,UCYJ0Ucu9jPX5kn6SeDcNaIQ,2026-08-07 22:30:24,45051,323,42,120.0,120.0,0.0,0
z-1-oO0EnQA,UC_m_uqd_9s0hZvlgfvCzqbQ,2026-07-24 07:50:33,1250,5,0,119.91,120.16,0.09,1
z-12vS_sfRw,UCPuD5ZRQWa_JCaY5NokNhtg,2026-08-13 14:05:36,479,5,4,119.91,120.16,0.09,0
z-6BvfBRpSQ,UCEg24oF81p-THPtp3otdmTA,2026-07-31 09:00:15,154299,2716,94,120.0,120.0,0.0,1
z-9wcvc3z2w,UCaZv-jDn5Mq5KJ1buXDRd4w,2026-08-05 08:00:29,14236,150,83,120.0,120.0,0.0,0
z-HcJbZKlJU,UCAVR6Q0YgYa8xwz8rdg9Mrg,2026-08-06 04:01:02,69872,4027,32,119.99,120.24,0.01,1
z-JYQLlmXYU,UCdoTrHNHnoRbaQenxK5PEUg,2026-08-28 01:58:12,137,0,0,119.79,120.04,0.04,0
z-PQQcpnDX8,UCdK9h1ILxS49c2LguBUY3rw,2026-08-24 23:13:27,24,3,0,119.79,120.04,0.04,0
z-PXyVnzTJE,UCYM01qjjE_hmqFQAmOo-lNg,2026-08-15 15:09:37,730,5,0,119.59,120.09,0.09,0
z-YeAGGvQlg,UCkmUJzaZfP7Wsb5-89pAK4Q,2026-07-28 00:00:05,3475,166,36,120.0,120.0,0.0,0
z-agEV3tUvs,UCBtJuwDt6LlXp2YASC-ZMdA,2026-08-10 03:00:16,1479,15,1,120.0,120.0,0.0,1
z-nvHDFv_zI,UCOTJtP0Z9DjpPU43B5m1V6A,2026-08-19 12:00:22,328167,1921,117,119.76,120.01,0.01,1
z-zTBqHXcIw,UC7lwS-aSDzYHZJ9uWuzySwQ,2026-08-21 03:15:39,599,3,4,120.0,120.0,0.0,1
z0DvJDEvZsU,UCBvKuSAkXERBnGSQOH0Sarw,2026-07-23 18:13:03,13074,132,1,119.79,120.04,0.04,0
z0HhouRXSIM,UC9jOsXFn3RwXEW3qUyySjAQ,2026-08-16 00:41:19,736,22,0,119.81,120.06,0.06,0
z0jCmU8gA8s,UC4VWaR3R17Ruc7j1Cy1-PKQ,2026-08-13 12:24:47,280,1,0,119.84,120.09,0.09,1
z0kIphyqXic,UC8CX0LD98EDXl4UYX1MDCXg,2026-07-14 15:00:34,92514,5897,347,119.99,120.24,0.01,0
z0mDtJD1vpE,UCwBkHOTyu57NQi0syf5MLig,2026-08-04 02:00:23,212340,1607,131,120.0,120.0,0.0,1
z0sfdrnRmKg,UCzDmGDR5RdahQkLCBoWlTEg,2026-07-16 03:00:06,17480,104,2,120.0,120.0,0.0,1
z0wElvXrW4k,UCzDmGDR5RdahQkLCBoWlTEg,2026-07-13 12:57:11,19396,92,1,119.8,120.05,0.05,0
z1ACnKl2zgM,UC2yOBpLVwB7kzt9C5ZPbB7w,2026-08-19 04:00:08,30560,473,60,119.76,120.01,0.01,1
z1Etf76oD1w,UC6YqXiwCBfPvPTs3wXgWElQ,2026-07-23 03:19:32,2033,6,0,119.93,120.18,0.07,1
z1FB2PYPpx8,UCRpdlPk671uOMiBtf5HtB3Q,2026-07-11 09:55:55,14412,163,44,119.82,120.07,0.07,0
z1SYcAjUEe0,UCyiKngyUPUb1bka4yFrn65g,2026-07-26 10:41:02,907,8,1,119.82,120.07,0.07,0
z1Uh7qP9_Rc,UCGW76VChAJKee9kYzvyoycQ,2026-07-31 07:00:28,2936,51,10,120.0,120.0,0.0,0
z1m4gGAUT-w,UCzps05UZ7XpX3SFoFyYIDow,2026-08-21 08:12:02,9559,171,69,119.82,120.06,0.06,0
z1zUA16Qjms,UC8chC5rneP-LHm43q-jF3oQ,2026-07-15 06:00:34,1834600,12997,76,119.99,120.24,0.01,1
z20434YkmVM,UCby0vMKcLR05ZdS90aZd5og,2026-08-17 07:25:37,655,4,0,119.83,120.08,0.08,1
z24mN1SfDvA,UChHxLcNi7e0zu-e33HM6v6A,2026-08-06 03:00:32,8060,40,41,119.99,120.24,0.01,0
z2UC0FF3i0M,UCrxzkAOXEbflxcTbRYnCoTw,2026-07-23 02:53:35,25048,181,103,119.86,120.11,0.11,0
z2cQ4HZNc2U,UCPsZX-D7LW99PjZLA-UysPQ,2026-08-06 09:00:29,489,7,9,120.0,120.0,0.0,0
z3-r11ZsbHo,UC86C8ooWL5F9NDMT6o-AZjQ,2026-07-10 09:04:47,7026,22,1,119.68,123.54,0.32,1
z30CnGkxKGg,UCzDmGDR5RdahQkLCBoWlTEg,2026-08-17 02:00:04,5853,69,5,120.0,120.0,0.0,1
z3WucomUXWc,UCYGK33LxFlgh9QtmvCYMR3A,2026-08-17 03:00:37,12958,171,27,119.99,120.24,0.01,0
z3Zxjzd5AQM,UC699Y51pMl0wWLPA4atcZjQ,2026-08-07 08:30:10,7668,165,43,120.0,120.0,0.0,0
z3aQN7LcYd8,UCkphwoGMBs2_0raLOqu9aQw,2026-08-01 13:35:41,225,4,7,119.91,120.16,0.09,0
z3e7oY41_e0,UCS7gEaMmBPAaI8dHNnrSofg,2026-07-30 09:11:48,63380,,51,119.81,120.06,0.06,0
z3jghkSVu34,UCZCZHg_oJiHcrcj2vaPRCag,2026-07-23 09:00:07,83,0,0,120.0,120.0,0.0,0
z4CLwKL64CE,UCPuD5ZRQWa_JCaY5NokNhtg,2026-08-27 12:54:01,2296,8,8,119.86,120.11,0.11,0
z4FNghRvrac,UC8CZL4cvFiKwKKDNCuM2lTA,2026-07-26 08:52:23,37441,347,17,119.88,120.13,0.12,1
z4IJoxDCqdA,UCAhmOb9JWkI2HV_KIe9X_3A,2026-08-04 09:00:39,3393,91,0,119.99,120.24,0.01,0
z4P9EvgUZB8,UC4oe-OVZ2Ho-03yrMkrXomQ,2026-07-25 04:30:33,228040,5572,107,119.99,120.24,0.01,1
z4PJGH3pv7M,UC8chC5rneP-LHm43q-jF3oQ,2026-08-26 02:02:58,1256863,20277,304,119.96,120.21,0.04,1
z4TLMn1PtCU,UCpn9dP1b5BhBsU9SduEz1hA,2026-08-21 02:00:16,30005,292,12,119.76,120.01,0.01,1
z4Vi1q9hc2A,UCZ6mNZTiTUrUSbSYPlclI4A,2026-07-26 16:08:21,10009,439,14,119.86,120.11,0.11,1
z4mMKvcbZys,UCyU5JQ8KVRD9jE4E_xLsHxw,2026-08-15 09:00:18,59,0,0,120.0,120.0,0.0,0
z4uyP6zK_6c,UCxPMcxq7WJ32M3lnFn58Cpg,2026-08-20 09:27:16,6782,7,10,119.8,120.05,0.05,1
z4wRcXNfQG8,UCirJgPv8RtFaFMj39b6cD8Q,2026-08-02 03:00:11,33427,192,7,120.0,120.0,0.0,1
z4zar048ObU,UCbaRH9U2BEFwhJiodE3qTpQ,2026-08-23 09:02:53,41411,1270,22,119.97,120.21,0.03,1
z5-nTbNgado,UCIvLQ5lZ2kebqnLaGv_FP4w,2026-07-26 17:59:55,2598,18,1,120.0,120.0,0.0,0
z5UjQa-boos,UCCW6uYIUP4YKKe50k-ktVAw,2026-08-24 08:00:19,40793,888,73,119.76,120.01,0.01,0
z5W61HZiZZg,UCBW_PhuXoHk40xF6nO0Q64w,2026-08-26 16:00:39,22275,284,67,120.0,120.0,0.0,0
z5Xs4kVe1m8,UCdK9h1ILxS49c2LguBUY3rw,2026-08-06 11:30:31,9,1,0,119.99,120.24,0.01,0
z5e3PC59QJg,UCpcTrCXblq78GZrTUTLWeBw,2026-07-29 11:30:28,101419,1777,131,120.0,120.0,0.0,1
z5lXA7vCc10,UCroIk85IFzp6OZzKoJFDKuA,2026-07-30 17:57:34,1892,8,0,119.79,120.04,0.04,0
z5pX7zT6AtM,UCVey3Q_CodrHAWBonTGbHFg,2026-08-25 03:00:32,5394,143,30,120.0,120.0,0.0,0
z5qiGdq6rQ4,UCCs1YZHxUTIbLZd-xrvvMCw,2026-07-24 08:59:25,69855,1621,89,119.76,120.01,0.01,0
z5tcGP714t0,UCH29Gz8a6veRLqUxzjBXHrQ,2026-07-26 09:20:16,20015,755,48,119.92,120.16,0.08,0
z5ze0vU0Cyk,UCPGl9DV2WUgaqGVXtVrhJWQ,2026-08-17 09:32:24,4,0,0,119.96,120.21,0.04,0
z61vLjuuQ5g,UC6JB_a6rD1lZ_aZgQvORfrQ,2026-08-09 23:36:01,1085,33,1,119.9,120.15,0.1,0
z64-v7_TKOA,UCyiKngyUPUb1bka4yFrn65g,2026-08-15 20:37:18,988,6,1,119.88,120.13,0.12,0
z6AwcoHimHs,UCV7WE8I_UiAN0fa6Arezx_w,2026-08-27 15:00:26,340,0,0,120.0,120.0,0.0,0
z6Bt-WfiN8U,UCyU5JQ8KVRD9jE4E_xLsHxw,2026-07-24 13:00:15,16,3,2,120.0,120.0,0.0,0
z6LHYb9eTUI,UCp6n8d8Y8r3MwKNw_MMaouQ,2026-07-23 20:01:56,211606,2203,6,119.97,120.22,0.03,0
z6YZJgTtZZc,UCby0vMKcLR05ZdS90aZd5og,2026-07-19 18:12:07,1413,8,0,119.8,120.05,0.05,0
z6_HIT1YuMA,UCulcJNJPF25ncT7GvJm6iEg,2026-08-10 14:41:24,23238,708,60,119.81,120.06,0.06,0
z6gVtOiESI0,UCRq3CDTZ2qe3HiHrZdQKBvQ,2026-08-16 12:29:30,2133,11,3,119.76,120.01,0.01,1
z6sLf93_-PU,UCl402YYy7RcH7PBI3npmGPQ,2026-08-29 07:00:25,241090,587,155,119.76,120.01,0.01,0
z785O6Hx0r4,UCPGl9DV2WUgaqGVXtVrhJWQ,2026-07-13 12:42:45,247,0,2,119.79,120.04,0.04,0
z7BHj1B3Lns,UCU0-6z_KU9AShyR9J6gcFGw,2026-07-23 02:15:46,1446,12,0,119.99,120.24,0.01,0
z7FTSwa6ayI,UCpcTrCXblq78GZrTUTLWeBw,2026-07-13 20:30:37,320066,4671,555,119.99,120.24,0.01,0
z7JybvrTDe4,UC60HSePkZwGFzRj6VSDa6Ew,2026-08-07 06:51:49,66425,472,87,119.89,120.14,0.11,1
z7Q7RPYH1Yo,UCmcBe97VA2LqVEQUeeZl6Ew,2026-08-07 09:00:36,126240,963,157,120.0,120.0,0.0,0
z7nSR-E_X_E,UCVey3Q_CodrHAWBonTGbHFg,2026-07-24 03:00:39,15570,430,18,119.99,120.24,0.01,1
z7zkNXSbQi8,UC08-hQbwh7eyr8PlaYG2-sQ,2026-08-31 10:00:19,42577,296,170,119.76,120.01,0.01,0
z837CaX2mDc,UC9zmo9x1o7xAfgM1Fw3Dg4g,2026-07-27 08:00:04,77076,3817,139,120.0,120.0,0.0,1
z85mt99-ngU,UCM81CAJ2_Y42-bvK1OQnAAA,2026-07-26 10:11:49,70936,666,1268,119.8,120.05,0.05,0
z8Aa6GYuLY8,UCBW_PhuXoHk40xF6nO0Q64w,2026-07-31 00:59:24,2070,53,10,119.76,120.01,0.01,0
z8DzATN1bF8,UCO8ToDSM2Gvt3EZdOdosxTw,2026-08-16 14:05:25,28223,600,41,119.91,120.16,0.09,1
z8Hb_W1YC4s,UCnju7ULBic4VgkCfDvVXCnA,2026-08-12 22:50:10,4871,150,0,119.92,120.17,0.08,0
z8QVfG5HnA4,UCkd3KAYGnTNPJZZrPOFeWhA,2026-08-25 23:00:19,43757,194,78,119.76,120.01,0.01,0
z8S7Crf4AqE,UCe9jDZNCsC4sH-Ln2Fn99FQ,2026-08-20 10:08:52,9,0,0,119.86,120.11,0.11,0
z8cCLNLBmRU,UC-2wa6jvprl7hfCpvw0ULzg,2026-07-14 08:00:34,7578,152,33,119.99,120.24,0.01,1
z8cqO_jN9F8,UCjUnlBpn0Z1L450g79fniRg,2026-07-29 08:10:39,1986,,0,119.82,120.07,0.07,0
z8eK3qAZp2k,UCT-UsvGz4gm7lezXvCEex9A,2026-08-11 08:00:19,10214,256,9,120.0,120.0,0.0,1
z8jWLIRA9Zw,UC-FiQR2gg8oiNw98ZdsSX6Q,2026-08-26 18:00:19,1890,12,1,119.76,120.01,0.01,0
z8kvgZfrGqo,UC9nWoDbRAl3-fvreBNeStKQ,2026-08-17 17:27:16,2131,18,0,119.8,120.05,0.05,0
z8ob9X-j_rE,UC-yb5eNBQyXBE9nZnht9u-g,2026-08-27 14:58:31,11124,442,24,119.79,120.04,0.04,1
z8pakUTGplw,UCrKSaegnzewdj9-YLsUhoZw,2026-08-22 04:36:00,45491,297,721,119.91,120.16,0.09,0
z8ux7qfsG4M,UCYjNEoVziojh1ZCum1q0PNQ,2026-08-31 01:15:13,23680,474,30,119.76,120.01,0.01,1
z8xwOx8lUHc,UCPGl9DV2WUgaqGVXtVrhJWQ,2026-07-27 02:01:38,2,0,0,119.97,120.22,0.03,0
z98dmyKUmlk,UC_RRZdJk55ShXE-9d3deRUA,2026-07-31 16:31:49,4981,33,1,119.97,120.22,0.03,0
z98zq8Hz4pw,UCV6mNrW8CrmWtcxWfQXy11g,2026-07-31 00:00:08,24498,1028,53,120.0,120.0,0.0,1
z9FlqImjecI,UC8x8GQmlxAIhHxzU61z0uLQ,2026-08-13 14:00:12,843,14,11,120.0,120.0,0.0,0
z9NwqnqJFnU,UCA2ztZuXhSktpdxb419WvCQ,2026-08-29 04:00:13,24411,100,120,119.76,120.02,0.02,0
z9Pk-9Y74Is,UCL2ZLyAV0H9Pvi46W7TGdHQ,2026-08-14 11:00:33,94089,1084,47,119.99,120.24,0.01,1
z9TV-kRGi3Y,UC5ThQKdocwo_9UurfT5P_ww,2026-08-29 12:20:11,309120,4418,181,119.93,120.18,0.07,1
z9cWut4nikQ,UCikKJvpU0Ylua4hRW6faQRg,2026-08-21 05:59:14,1907,49,0,119.77,120.03,0.03,0
z9mu7q3u_yA,UCzDmGDR5RdahQkLCBoWlTEg,2026-08-19 15:05:55,10423,65,1,119.91,120.16,0.09,1
z9q1Pls9bZI,UCXu_CcxBZA5S_iG33OzA9PQ,2026-08-30 07:04:24,1455,10,2,119.94,120.19,0.06,0
z9waqY6EMyE,UCt8CJiye87FMbEwt0npPMuQ,2026-07-18 15:45:33,2454,102,5,119.99,120.24,0.01,0
zA6WuqeB3hc,UCAl4HWznMn7KhKBRFO5eiFA,2026-07-22 13:05:57,7000,23,0,119.9,120.15,0.1,1
zAAJFcyUJjc,UCbFzvzDu17eDZ3RIeaLRswQ,2026-08-27 10:47:21,1049456,4976,329,119.97,120.22,0.03,0
zADpQOa2yQ4,UCH29Gz8a6veRLqUxzjBXHrQ,2026-08-10 08:56:36,27879,751,14,119.81,120.06,0.06,0
zAf9UeQkpuU,UC4cKHOBS-nRfKFTwf1n8HGA,2026-07-31 11:00:40,2957,,0,119.99,120.24,0.01,1
zAmZrkj1RZI,UCgLFbrC7-g0ihBKB0obVPTg,2026-08-09 15:28:15,204,6,0,119.78,120.03,0.03,0
zAvSjHDFKSk,UCgLFbrC7-g0ihBKB0obVPTg,2026-08-30 23:58:16,269,3,0,119.79,120.05,0.05,0
zAvfAbnKwig,UCV7WE8I_UiAN0fa6Arezx_w,2026-08-02 02:00:22,26,0,0,120.0,120.0,0.0,0
zAxevcQjHzg,UCPI40-XQA9-GBGj2k8PPqfg,2026-08-16 08:50:25,169916,2376,195,119.91,120.16,0.09,0
zB7Lk4v_iW4,UC_2x8h1QrTHOO0i4Yiss-ww,2026-08-31 10:00:30,77646,751,26,120.0,120.0,0.0,1
zBBKj4HhL10,UCV7WE8I_UiAN0fa6Arezx_w,2026-07-14 08:00:37,164,3,0,119.99,120.24,0.01,0
zBCiPQRgNjQ,UCV6mNrW8CrmWtcxWfQXy11g,2026-07-28 06:00:11,670344,26940,201,120.0,120.0,0.0,1
zBFwrH4usfI,UCCiKOocVSjyb2rsbL_Aanhw,2026-08-06 06:10:37,14869,95,75,119.83,120.08,0.08,0
zBKmF2sEYZ4,UCFCt5RYu41HTg4eX1jdHNxw,2026-08-04 10:08:51,6721,53,8,119.86,120.11,0.11,1
zBe2ehXuEvM,UCJpAwvQaZyCI5spAz7tipGA,2026-08-26 08:30:15,412533,2402,821,119.76,120.01,0.01,0
zBxpaezJyqg,UC9FRxVaiS2aY0ANaWLP8SMg,2026-08-07 17:39:04,253,9,4,119.85,120.1,0.1,0
zC1e8JgJjZ0,UCDHGqgpiHQAsE0UiltRqhfQ,2026-07-21 15:03:36,7526,31,2,119.94,120.19,0.06,0
zCC9IOnniPE,UC_Xb6sEXAdNv9nHU4988vmg,2026-08-31 13:00:14,52761,,1,119.76,120.01,0.01,1
zCEkwrcHX9w,UCfHlKp8w7IxpObWnHJtYRnQ,2026-08-30 14:00:27,941,27,1,119.76,120.01,0.01,0
zCHVvs1_-I0,UCMpvRMwoq_WmradKdysk6Cg,2026-07-16 09:00:12,54658,436,44,120.0,120.0,0.0,0
zCKcnkEj5vU,UCby0vMKcLR05ZdS90aZd5og,2026-08-25 07:51:34,5329,8,0,119.9,120.16,0.1,1
zCLAebhCXdQ,UCw1DsweY9b2AKGjV4kGJP1A,2026-08-28 05:00:38,14562,78,11,120.0,120.0,0.0,1
zCLRE4oEluY,UCF5RrlbsxJjAVLWgOCoNHMg,2026-08-11 01:13:21,6795,307,7,119.78,120.03,0.03,1
zCS4DCwTigw,UCmZeuRfHYowZhf6odtoaNdg,2026-08-06 12:07:20,32575,440,148,119.88,120.13,0.12,0
zCSGylk4qBk,UC5ThQKdocwo_9UurfT5P_ww,2026-08-30 00:00:10,811001,10887,92,119.76,120.02,0.02,1
zCbhMY1OfPk,UCV7WE8I_UiAN0fa6Arezx_w,2026-08-28 21:00:02,136,0,0,119.76,120.01,0.01,0
zCd_Zgch7pY,UCAVR6Q0YgYa8xwz8rdg9Mrg,2026-08-08 12:00:26,159048,7110,214,120.0,120.0,0.0,1
zCkt4Fgh0mQ,UCpTNtH8yc1Kdl_YFfsQsTYA,2026-07-23 10:15:26,22728,44,0,120.0,120.0,0.0,0
zCljfgJf74A,UC_E_qYfGKM3C0kqrp1p8z7Q,2026-08-15 17:00:14,985,31,4,120.0,120.0,0.0,1
zDDAHTf5J1U,UChKYbZ9fSz8DMM6wU-t1lMQ,2026-08-02 10:33:41,4264,69,8,119.94,120.19,0.06,0
zDJUUgnskzI,UCBvKuSAkXERBnGSQOH0Sarw,2026-08-12 16:48:06,5911,66,4,119.95,120.2,0.05,0
zDR_DUe3D7Q,UCV7WE8I_UiAN0fa6Arezx_w,2026-08-15 18:00:24,47,0,1,120.0,120.0,0.0,0
zDVliaDxKdc,UCab17MxxnFtAhGsJVTkSkCg,2026-08-11 10:28:43,4381,102,18,119.77,120.02,0.02,0
zDWirCc1NKc,UCg5Ew4lj74r_ohbc4AeQj1w,2026-08-18 08:58:52,5158,140,5,119.78,120.03,0.03,1
zDng3_qXdvE,UCeG0ONJtjwE20ThR5iSYdsA,2026-08-10 00:50:40,68851,909,111,119.91,120.16,0.09,0
zDyUp_mnb8k,UCjhRgb1NpnlRs01s9rAhuug,2026-08-12 16:54:47,27,1,0,119.84,120.09,0.09,0
zE5hOS3LpdY,UCZCZHg_oJiHcrcj2vaPRCag,2026-08-31 16:07:09,463,3,0,119.9,120.15,0.1,0
zEKNXThRS3E,UCgLFbrC7-g0ihBKB0obVPTg,2026-07-28 12:44:02,269,15,2,119.77,120.02,0.02,0
zELVfJDOfLc,UCBvkOBLsSj9kusGYlroQkBg,2026-07-29 13:13:58,1043279,20380,308,119.77,120.02,0.02,0
zENoFBaB90E,UCqlcSsDNMYxEsem7bWY-66Q,2026-08-31 08:41:25,29760,325,15,119.82,120.07,0.07,0
zEPc6MBOWHA,UC_2x8h1QrTHOO0i4Yiss-ww,2026-08-28 11:27:23,93684,719,13,119.81,120.06,0.06,1
zEYyhzWPHJE,UCJDXc9JWCZo-nLNKr_-L2Ng,2026-08-27 08:59:32,1885,40,3,119.77,120.02,0.02,0
zEarfupawnU,UC2yOBpLVwB7kzt9C5ZPbB7w,2026-08-27 07:00:21,40164,757,59,119.76,120.01,0.01,1
zEr4GLDMjho,UCOTJtP0Z9DjpPU43B5m1V6A,2026-08-24 12:00:38,178884,1372,36,119.75,120.25,0.25,0
zEt2neGrMAA,UC0FUMakBJHsRrfKCGQuWnRA,2026-07-29 09:30:33,27557,259,188,119.99,120.24,0.01,0
zF3ufsU6tpg,UCpnnUKmAQKgVinEV-lV-N2g,2026-08-28 08:45:15,490790,4565,595,119.76,120.01,0.01,0
zF7Wcm95mRA,UCraf4ugZTyvFY6AJ0VjIxFA,2026-08-04 15:06:32,764,,0,119.89,120.15,0.11,0
zFCpDblyBlY,UCjiXXUsdl0F0aUkTbv8ZVTA,2026-08-24 15:57:19,3418,30,7,119.81,120.06,0.06,0
zFJ4e6feo84,UC8MgGtsJazbztr5eGWiqUXw,2026-08-27 11:00:35,35344,356,173,120.0,120.0,0.0,0
zFTTihS4ezc,UCPuD5ZRQWa_JCaY5NokNhtg,2026-08-13 03:09:51,398,9,2,119.84,120.09,0.09,0
zFX1JYZGX_Y,UCMCgtTicwOhae1N8VCokkvw,2026-08-21 12:14:10,1196,4,0,119.78,120.03,0.03,1
zFZ38WJXWvA,UCElXDMEQqlUnuyDbChjARWQ,2026-08-14 00:18:00,343,0,0,119.95,120.2,0.05,1
zFgTDhUWUKI,UCL2ZLyAV0H9Pvi46W7TGdHQ,2026-07-22 12:20:57,779570,5098,144,119.9,120.15,0.1,1
zFnD2KIzH-4,UCSOeJWyByeoBHpmrm0NnlLw,2026-07-29 07:00:34,100353,1034,220,119.99,120.24,0.01,0
zFs8KFqbT_0,UCJ_skdHPp19J9qGsgXxjMnA,2026-08-21 07:00:17,24286,232,20,119.76,120.01,0.01,1
zFzBCMP5oT0,UCFmlAyHib0TTCkkLHxhyb5g,2026-08-15 16:00:22,2407,40,5,120.0,120.0,0.0,1
zG80udUeNww,UCzDmGDR5RdahQkLCBoWlTEg,2026-08-25 12:48:42,40883,181,3,119.95,120.2,0.05,0
zGBGQmW2MhQ,UCms8Ge7H1ZGgw6nV94fUhUQ,2026-07-19 09:00:10,31127,379,30,120.0,120.0,0.0,1
zGSlWzyqiTY,UCV7WE8I_UiAN0fa6Arezx_w,2026-08-24 10:00:10,16,0,0,119.76,120.01,0.01,0
zGaVlppptEA,UCV7WE8I_UiAN0fa6Arezx_w,2026-08-14 18:00:15,60,2,0,120.0,120.0,0.0,0
zGb0-ldOUpI,UCS2OAdHoLt-9T6cG9A2H49Q,2026-07-23 03:00:07,12299,152,32,120.0,120.0,0.0,0
zGgdkiSNgZc,UCoQU5wtIxq0QGh80NHky82g,2026-07-16 08:29:26,246048,3340,77,119.76,120.01,0.01,1
zGlFzJzA6o4,UC-8S20Ll1gzPiu_YY8BgyaQ,2026-08-13 10:12:31,41287,424,20,119.79,120.04,0.04,0
zGoU0WWgSEM,UCwBkHOTyu57NQi0syf5MLig,2026-08-11 10:00:23,20451,187,21,120.0,120.0,0.0,0
zGs9S8lbRv0,UCgvtwZJPhSfbKOxh3EoVXng,2026-08-15 02:22:54,13,1,0,119.87,120.12,0.12,0
zH3b95sTXoE,UCVZ0SJNurJAv-6hV5VEGB2A,2026-08-07 08:00:06,48960,618,149,120.0,120.0,0.0,0
zH4E2Sj_zfY,UC8E29ANOC3_OuB7_5EPY2xw,2026-08-14 04:30:27,426,14,2,120.0,120.0,0.0,0
zHD9OXY120c,UC3_QWAvQRhPW4CDoQU8acKw,2026-07-30 07:55:00,27118,404,124,119.84,120.09,0.09,0
zHX_pzm4xRM,UCSfhr4gDPFsKuwdmTOWp2jw,2026-08-29 09:30:01,726,2,0,119.76,120.01,0.01,0
zHmAGXKedF0,UC_m_uqd_9s0hZvlgfvCzqbQ,2026-07-24 07:50:40,1080,5,0,119.91,120.16,0.09,1
zHuRaKryCOo,UC4VWaR3R17Ruc7j1Cy1-PKQ,2026-07-11 22:17:44,215,6,1,119.96,120.21,0.04,0
zICI8DRqwUg,UC60HSePkZwGFzRj6VSDa6Ew,2026-08-20 17:30:28,9370,125,15,120.0,120.0,0.0,0
zIHE9puP6IM,UCl402YYy7RcH7PBI3npmGPQ,2026-07-24 03:00:13,74723,366,95,120.0,120.0,0.0,0
zIPULXbt89w,UCqFmG6ofirSWvI9B8mwzvyA,2026-07-28 07:00:17,572,15,2,120.0,120.0,0.0,0
zIfQcDG5jHE,UCS-X1uBDTNwAYyydiXjcX9A,2026-08-25 08:00:20,34858,277,91,119.76,120.01,0.01,0
zIlHGlGgyGQ,UCUR5w0E-jQTOO8Q0FZ4ilYQ,2026-07-30 09:33:16,213070,798,119,119.95,120.2,0.05,0
zIv2r3Vo_iw,UCHYMpkGhNIr8A0m2H3lIjUA,2026-08-01 13:10:50,80675,605,140,119.82,120.07,0.07,0
zJAC8rzj0Ag,UCmwZePdbUmncnpQptdPH2Jg,2026-07-25 06:57:34,25,1,0,119.79,120.04,0.04,0
zJB-atC2nEc,UCjOtzpfj5lF9erwTEQYkxtQ,2026-07-31 03:00:37,81070,1796,130,119.99,120.24,0.01,0
zJJ2aiVY9C4,UC1aBdmKvC6yAiq4xgPLOzKA,2026-08-04 06:04:35,20749,245,37,119.93,120.18,0.07,0
zJQFmWlMXQ0,UCV6mNrW8CrmWtcxWfQXy11g,2026-07-26 02:47:32,26867,2388,239,119.96,120.21,0.04,1
zJQrD9KYHwk,UCHJv9xBR9lkzGSIepie-T_A,2026-07-26 21:30:36,5812,72,0,119.99,120.24,0.01,1
zJcRcgjZNYU,UCifCesg-EUkjKyQedaB3hRg,2026-07-27 00:28:57,15639,452,4,119.77,120.02,0.02,1
zJdfPneb5yU,UC0aKwoKNeqBaUwiEXmkQaGQ,2026-07-23 10:30:05,35940,643,218,120.0,120.0,0.0,0
zJoWyIEXWLk,UCAl4HWznMn7KhKBRFO5eiFA,2026-08-23 13:12:03,9432,77,15,119.81,120.06,0.06,1
zJtlTqf3LXw,UCGVy07wZs8W-EpKAGchrmCQ,2026-08-24 10:53:42,8125,56,21,119.87,120.12,0.12,0
zJzv3tZAY2A,UCXAXCxTCCYYKsLJNzEvjqfw,2026-08-18 02:39:44,61788,480,29,119.84,120.09,0.09,1
zKCLMXWWeDw,UCifCesg-EUkjKyQedaB3hRg,2026-08-10 01:08:17,158517,1493,4,119.86,120.11,0.11,0
zKCLRJAdaAg,UCQSEAbOs6vsJfy7WN7iYaGQ,2026-08-29 20:21:15,144844,1006,23,119.91,120.16,0.09,0
zKC_Z2yuBBY,UC_Cp4dXpd94km5Syq2x-xig,2026-08-08 00:54:13,465,0,0,119.85,120.1,0.1,0
zKRvbAQorv8,UCkrJBQAut47U8xMUuv8D_3g,2026-07-27 08:52:27,28193,1036,30,119.88,120.13,0.12,1
zK_5nXP36fY,UCHJv9xBR9lkzGSIepie-T_A,2026-07-30 21:30:31,3457,55,0,119.99,120.24,0.01,0
zKqxP0_kBMg,UCZ-B_El841ME7qGXvYinGmw,2026-08-19 14:40:48,5001,72,16,119.83,120.08,0.08,0
zKrIFSrNBlc,UC6YqXiwCBfPvPTs3wXgWElQ,2026-07-28 11:07:32,31575,152,16,119.88,120.13,0.12,0
zKsUDkSvSB8,UCBtJuwDt6LlXp2YASC-ZMdA,2026-08-02 09:39:42,2497,24,5,119.84,120.09,0.09,1
zKzo4Un96MU,UC-okJdotaXPlzivRzHFqzuA,2026-08-19 15:55:00,90772,2172,0,119.84,120.09,0.09,0
zL0Su5dWU1o,UCuWDza8A_ntbjwBZgW0ZSNw,2026-07-22 03:00:34,27755,371,14,119.99,120.24,0.01,1
zL1DZIPI-ek,UCPuD5ZRQWa_JCaY5NokNhtg,2026-08-20 03:05:02,593,7,4,119.92,120.17,0.08,0
zL1xuymSvN0,UCYG8tuvbQzWsDeoADyJFU8Q,2026-08-30 18:10:09,7574,62,4,119.85,120.09,0.09,0
zL7svBCh44k,UCnju7ULBic4VgkCfDvVXCnA,2026-08-03 03:36:50,29914,76,6,119.89,120.14,0.11,1
zLMe0ZRi-BA,UCkphwoGMBs2_0raLOqu9aQw,2026-08-15 12:00:00,157,5,9,120.0,120.0,0.0,0
zLX_fFFOSRc,UCg7rkxrTnIhiHEpXY1ec9NA,2026-08-25 07:00:02,198391,7869,401,119.76,120.01,0.01,0
zLjZah6__-k,UC2t5bjwHdUX4vM2g8TRDq5g,2026-07-31 01:00:40,72667,3066,473,119.99,120.24,0.01,0
zLmVUSyPWaU,UC5T_FfQwgy56XP0aEVHYULQ,2026-07-23 07:00:26,18999,312,34,120.0,120.0,0.0,0
zLqtACbDGzE,UC_E_qYfGKM3C0kqrp1p8z7Q,2026-08-09 15:00:32,92,7,0,119.99,120.24,0.01,0
zLtLBDPH_K4,UCkphwoGMBs2_0raLOqu9aQw,2026-08-31 12:00:31,491,4,5,119.75,120.01,0.01,0
zM-kRw65e40,UCAl4HWznMn7KhKBRFO5eiFA,2026-08-30 09:57:24,20921,132,43,119.81,120.06,0.06,1
zM1Mii6Vymw,UCV7WE8I_UiAN0fa6Arezx_w,2026-08-20 08:00:12,54,0,0,120.0,120.0,0.0,0
zM3afmJf0cU,UCZNTsLA6t6bRoj-5QRmqt_w,2026-08-15 15:00:01,45417,1425,198,119.75,120.25,0.25,0
zMAeuQ8xQJA,UCgLFbrC7-g0ihBKB0obVPTg,2026-08-02 12:30:36,121,3,0,119.99,120.24,0.01,0
zMdXvTbBHMk,UCS2OAdHoLt-9T6cG9A2H49Q,2026-08-24 03:00:09,16128,201,92,119.76,120.01,0.01,0
zMezachkgQg,UCgLFbrC7-g0ihBKB0obVPTg,2026-07-28 12:47:34,177,5,4,119.96,120.21,0.04,0
zMgm_mf6yJ4,UCPoEVLrQMMXICwULGDwfvug,2026-07-31 12:13:06,23615,397,43,119.79,120.03,0.03,1
zMhX7_j-Rho,UCV6mNrW8CrmWtcxWfQXy11g,2026-08-11 16:00:15,156412,4552,44,120.0,120.0,0.0,1
zMnnvrbFr3I,UCV7WE8I_UiAN0fa6Arezx_w,2026-07-19 19:00:04,68,1,0,120.0,120.0,0.0,0
zMqhjw4dgh4,UCOTJtP0Z9DjpPU43B5m1V6A,2026-08-18 09:45:15,164023,1402,79,119.75,120.01,0.01,0
zMquqRil-90,UCPuD5ZRQWa_JCaY5NokNhtg,2026-08-01 20:26:18,243,10,4,119.81,120.06,0.06,0
zMvAM-edADA,UCqVkQsNin4MdGFrWvzFVOKw,2026-08-31 15:24:00,38644,443,0,119.86,120.11,0.11,0
zNEZ_TUv7fM,UC2NFRq9s2neD_Ml0tPhNC2Q,2026-07-15 02:30:26,362490,4352,309,119.99,120.24,0.01,0
zNGVfE099nY,UCmcBe97VA2LqVEQUeeZl6Ew,2026-08-15 09:00:06,107068,625,100,120.0,120.0,0.0,0
zNNmRzTiAmM,UCms8Ge7H1ZGgw6nV94fUhUQ,2026-08-03 09:00:09,7943,84,47,120.0,120.0,0.0,1
zNWabTkfN2w,UCZaNYFjF_SRRJPVuGX7yMjQ,2026-08-12 06:58:54,18,0,0,119.77,120.02,0.02,0
zNWcQQZToSo,UCepHesz_5Lwr7qRaqjB-p1A,2026-07-15 08:00:00,15138,311,170,120.0,120.0,0.0,0
zNfcE8IGqOE,UCPGl9DV2WUgaqGVXtVrhJWQ,2026-08-25 13:33:29,4,0,0,119.95,120.2,0.05,0
zNth0RRTJ0I,UCWq9wRjQXYC8i486uVLysUA,2026-08-07 08:00:05,305964,7527,330,120.0,120.0,0.0,0
zNytUup4LRQ,UCS2OAdHoLt-9T6cG9A2H49Q,2026-08-22 09:00:28,38643,191,133,120.0,120.0,0.0,1
x0up0UPvOq0,UCcstDLbuhxEbFKkPZ6wST2A,2026-07-31 09:00:28,15117,69,7,120.0,120.0,0.0,0
x1--jK_2jX8,UCKttwyzsHvW7bCo7YfTacVQ,2026-07-25 18:37:12,2879,22,0,119.88,120.13,0.12,0
x10EHKx2LO8,UCtGMgPWJNU2Aj-SNK0zg0Sg,2026-08-29 04:00:03,57808,419,115,119.76,120.02,0.02,0
x10pFiiC4c8,UCrxzkAOXEbflxcTbRYnCoTw,2026-07-30 23:00:19,17412,98,59,120.0,120.0,0.0,1
x1ZW0R5euVA,UCnhGcri8x6xhehanhAe9ipw,2026-07-27 08:52:09,3463,61,28,119.88,120.13,0.12,0
x1fnIyq3_-U,UCSzHok6X5qXEO7cjvVnE62g,2026-08-03 10:00:10,83121,361,94,120.0,120.0,0.0,0
x1vLtlg7Clk,UCei_ecYpQqFjYhjLaDPr2Lw,2026-07-23 20:38:09,37,3,0,119.87,120.11,0.11,0
x1w_8-vWIaE,UCJDXc9JWCZo-nLNKr_-L2Ng,2026-08-26 12:00:21,2387,66,5,119.75,120.01,0.01,0
x2219E1M7Ng,UCzDmGDR5RdahQkLCBoWlTEg,2026-08-09 14:57:23,50167,176,37,119.8,120.05,0.05,0
x240zSqdEqY,UCV6mNrW8CrmWtcxWfQXy11g,2026-07-23 02:36:39,24515,709,8,119.89,120.14,0.11,0
x26DRhOzg54,UCg5Ew4lj74r_ohbc4AeQj1w,2026-08-19 10:09:01,7104,227,11,119.86,120.11,0.11,1
x2BQDkjLSKo,UC9jOsXFn3RwXEW3qUyySjAQ,2026-07-28 02:44:05,211,13,0,119.77,120.02,0.02,0
x2Fb09Cbm7A,UC5WN-znPsJK0BbA8aHxZHWQ,2026-07-17 11:02:04,2962,42,2,119.97,120.22,0.03,1
x2MVYGVe6nA,UCwBkHOTyu57NQi0syf5MLig,2026-08-29 00:00:18,249927,932,43,119.76,120.01,0.01,1
x2P77y1FME4,UCSGKRGHGqP8W11G-SxsMaOw,2026-08-17 04:33:59,16637,502,121,119.94,120.19,0.06,1
x2f9MoFLfc0,UCVey3Q_CodrHAWBonTGbHFg,2026-08-21 03:00:29,3387,191,25,120.0,120.0,0.0,0
x2sC_OF93bE,UCt8CJiye87FMbEwt0npPMuQ,2026-07-12 12:45:02,28653,2049,227,120.0,120.0,0.0,1
x3Cmag-vx2I,UCZaNYFjF_SRRJPVuGX7yMjQ,2026-08-16 14:12:57,7,1,0,119.79,120.04,0.04,0
x3HWO3Whenc,UC59jWhPazXYi8Ny4vake45A,2026-08-22 11:16:09,178671,6211,43,119.99,120.24,0.01,0
x3LWxZwpIOo,UCpwGBltfwjd_fIzp5cb5R0w,2026-08-01 14:31:11,25656,211,12,119.98,120.23,0.02,0
x3MmtTCnayM,UCuCmLrNT5MbpqfrSSKHqTug,2026-07-15 11:01:03,16969,177,44,119.98,120.23,0.02,0
x3NQwxDd0GM,UC783XWULPW-nDGv_0EYlB6Q,2026-08-20 08:30:10,52078,746,110,119.75,120.01,0.01,0
x3VLSiGzOb8,UCl402YYy7RcH7PBI3npmGPQ,2026-08-14 09:00:31,121268,751,306,120.0,120.0,0.0,0
x3XJX7_8L0U,UCawK5EIfr66Z7fjAlZgfB2g,2026-08-21 08:07:38,1094,,8,119.89,120.14,0.11,0
x485k7WtsRY,UCN5oT4zGJX-_H6pE5isAEeg,2026-08-08 03:00:24,815638,14438,681,120.0,120.0,0.0,1
x4IAEK4eTho,UCpX86JOUhnrzG7MK8e8Gjbw,2026-08-07 10:21:28,26702,177,133,119.9,120.15,0.1,0
x4THC7fPzj8,UCw1DsweY9b2AKGjV4kGJP1A,2026-08-04 11:42:40,81916,434,78,119.79,120.04,0.04,0
x4TMkKH-8FU,UC8CIM3d3zDYMk-3T5aAz0yw,2026-08-13 08:15:21,321628,9648,147,120.0,120.0,0.0,1
x4TNL9baHck,UCV6mNrW8CrmWtcxWfQXy11g,2026-08-07 13:48:57,62871,1013,13,119.94,120.19,0.06,0
x4TsGIr152s,UC8C0Yd20ke5XqOiZvMVgM9w,2026-07-25 09:00:05,18080,1227,17,120.0,120.0,0.0,1
x4_2wCoprWg,UC_9W6Z5Y3lDpLk47Y_y5ITQ,2026-07-30 15:01:17,12223,111,25,119.98,120.23,0.02,0
x4aM_3iRKfc,UCqI5lyTpC79pOy2D-VXAMdA,2026-07-30 15:27:38,99945,666,383,119.79,120.04,0.04,0
x4j1VHlRVmY,UCpI-AhCT02iQRGLC2ZcY0Jw,2026-07-19 09:00:14,22336,302,325,120.0,120.0,0.0,0
x4nx8dFcos8,UCO94iFhOhtdGb4Ze5DUAtbw,2026-08-01 09:00:32,11025,205,5,119.99,120.24,0.01,0
x52q8wMVdY0,UCgsKeCRaBGH6JlnH6VO_7OA,2026-08-29 20:56:12,834,2,1,119.82,120.08,0.08,0
x53ypbEsosM,UCADf92tisOOh90hrZee4-LA,2026-08-17 10:16:06,200890,1653,31,119.99,120.24,0.01,1
x56Cd8fLFAk,UCab17MxxnFtAhGsJVTkSkCg,2026-07-24 12:17:30,626,12,3,119.96,120.21,0.04,0
x5BULkJfpO0,UCO8ToDSM2Gvt3EZdOdosxTw,2026-08-23 05:05:24,7194,50,48,119.92,120.17,0.08,0
x5_RQpmH80c,UCEcRvF_6IRSux8FO-ogFZug,2026-08-08 08:00:24,16421,2537,128,120.0,120.0,0.0,1
x5fosNlz0nw,UCpcTrCXblq78GZrTUTLWeBw,2026-07-19 03:00:32,315734,1871,95,119.99,120.24,0.01,1
x5l31btA7sM,UCKrprPfevcAZpPuRnCO6xOA,2026-08-06 09:00:40,1439,8,2,119.99,120.24,0.01,0
x5rrbMGCjD4,UCcNdwtZ7ulFFxngmnzsWQNA,2026-08-15 09:48:14,10723,112,30,119.95,120.2,0.05,0
x5vbSVRuC-s,UCXCa03lRK6tlntZoJ7TUWRw,2026-08-15 02:00:06,20745,427,67,120.0,120.0,0.0,0
x68nIhX8dQk,UCpcTrCXblq78GZrTUTLWeBw,2026-08-13 05:30:24,15672,333,24,120.0,120.0,0.0,0
x6C2Ae1H7EA,UC6YqXiwCBfPvPTs3wXgWElQ,2026-08-10 12:56:59,19760,113,51,119.8,120.05,0.05,0
x6InAC04IMc,UCqPN9LAkx20aBWOafwvQB-Q,2026-08-08 23:00:07,70529,2479,145,120.0,120.0,0.0,0
x6S7GB87u3g,UCmZeuRfHYowZhf6odtoaNdg,2026-08-27 03:07:57,69346,292,71,119.88,120.13,0.12,1
x6VqMpdTrQU,UCpTNtH8yc1Kdl_YFfsQsTYA,2026-07-22 07:09:56,12557,28,0,119.84,120.09,0.09,0
x6WRDNgD4A4,UCyoKcrOcBEY4rmLYkDuXErA,2026-07-26 14:00:14,73458,1266,165,120.0,120.0,0.0,0
x6YucQ0Da60,UCjUnlBpn0Z1L450g79fniRg,2026-07-24 07:59:26,5992,18,12,119.76,120.01,0.01,0
x6fjgFe5Txw,UCbYO4SBywZ2oWv1u309oWmQ,2026-07-31 10:00:19,235117,3731,116,120.0,120.0,0.0,1
x6oZRKWj0BU,UCN8L7Z-dyzu9FzT39RM0fvw,2026-08-31 07:16:53,32762,222,64,119.98,120.23,0.02,0
x6w5TI8TFWQ,UCAgZP6qUjcVjZsGWtW-l6lw,2026-08-08 12:15:48,17,0,0,119.99,120.24,0.01,0
x6wqq-csu4w,UCSfhr4gDPFsKuwdmTOWp2jw,2026-08-26 09:30:15,1142,13,10,119.76,120.01,0.01,0
x75XIzO0YDo,UCgLFbrC7-g0ihBKB0obVPTg,2026-08-19 15:17:07,91,3,0,119.98,120.23,0.02,0
x78x3M4c8i4,UCgeazIBHz3JS7ft7_nyj-0A,2026-08-01 08:00:33,26004,102,20,119.99,120.24,0.01,0
x7IEctmePm0,UCIH7bdyhaJ0nD7jIcgqmQbQ,2026-08-23 00:00:05,5698,77,14,119.76,120.01,0.01,0
x7NUlOUR4pE,UCwB0n6L91UtKOA02RFuYWGA,2026-07-31 17:38:56,118,1,0,119.85,120.1,0.1,0
x7P-e_uUkoE,UCbFLnCfOet-u_kFyA7uX-9Q,2026-08-05 15:00:21,206842,3220,105,120.0,120.0,0.0,1
x7PnvER9W30,UCms8Ge7H1ZGgw6nV94fUhUQ,2026-08-27 09:00:38,10487,122,1,120.0,120.0,0.0,1
x7WcB5ul9MI,UCjiPEaapiHbJMoAdi_L8fNA,2026-08-06 19:03:00,105938,1834,1020,119.95,120.2,0.05,1
x7XUceK_-IQ,UCcJliZnsRbNw4I4uWSGq_wA,2026-08-28 21:13:30,6079,6,0,119.79,120.04,0.04,0
x7YVNoyzeYo,UCOgXOOKbZRtfQvlggBpN6zw,2026-07-30 02:30:31,245,15,14,119.99,120.24,0.01,0
x7aMIZzohqo,UCdQHEqTxcFzjFCrq0o4V7dg,2026-08-09 00:20:35,31871,1806,162,119.91,120.16,0.09,0
x7emvSUo9KU,UC_2x8h1QrTHOO0i4Yiss-ww,2026-08-21 10:00:05,34071,567,13,119.76,120.01,0.01,1
x8-mZ1zAun0,UCp6n8d8Y8r3MwKNw_MMaouQ,2026-08-13 19:11:37,8767,325,11,119.81,120.06,0.06,1
x8-wvH5mYHo,UCby0vMKcLR05ZdS90aZd5og,2026-08-13 04:45:33,5114,8,0,119.99,120.25,0.01,1
x89_DD3Xygo,UCZ6mNZTiTUrUSbSYPlclI4A,2026-07-24 07:55:18,51244,1277,14,119.83,120.08,0.08,1
x8E6QgcLFWY,UCcoJiq6MyAqJeo3urxjDqrg,2026-08-15 14:55:09,351,5,0,119.83,120.33,0.17,0
x8JzLt7xH8w,UCyz5WVrb-cz3myY04x_kVYw,2026-07-28 01:51:17,802,34,7,119.9,120.15,0.1,0
x8SoyASZX4g,UCPGl9DV2WUgaqGVXtVrhJWQ,2026-07-13 12:42:13,3,0,0,119.8,120.05,0.05,0
x8XlBqsD3nY,UCBS4sjbGJIcclT-Y6i_Jzkg,2026-08-06 20:05:00,30284,418,0,119.92,120.17,0.08,1
x8hgB1aZork,UCV6mNrW8CrmWtcxWfQXy11g,2026-08-04 16:00:24,33845,1294,24,120.0,120.0,0.0,1
x8iIrjIhquA,UCCvEN8bTeF8Z2jcN513T1Gg,2026-07-11 11:10:58,87355,1251,12,119.82,120.07,0.07,0
x93z-_Fzgww,UCYJ0Ucu9jPX5kn6SeDcNaIQ,2026-08-29 17:32:30,17293,85,1,119.97,120.22,0.03,1
x95-b2AZ43w,UCA9f2-9fUklMMOaz8vKW7Jw,2026-08-18 13:55:56,25,0,0,119.83,120.08,0.08,0
x97oZBQ47xo,UC5RxNUZ9_c94ZEfJGnJZmTw,2026-08-27 22:57:07,2762,40,12,119.81,120.06,0.06,0
x99dp1g_bE4,UC6LLMkdyses2ugPRNEXutMQ,2026-08-14 10:15:33,19194,138,9,119.99,120.24,0.01,1
x9MQRoAz2_o,UCz5LAkkX66OAW-y_WiWf9vA,2026-08-30 11:15:33,9761,43,4,120.0,120.0,0.0,1
x9NZVJO0iTM,UCBmPfbqvGwTTfrV-H_UOfdw,2026-08-28 04:21:35,95712,1557,95,119.9,120.15,0.1,1
zNzpEYORWGg,UCt6Eo4xMTHhlOWg4_PAz_MA,2026-08-24 12:51:38,178386,543,173,119.9,120.15,0.1,1
zOFILzmy_as,UC2f8VfmEF2_0-rFN4RNHaNg,2026-08-07 05:08:32,41663,823,174,119.86,120.11,0.11,0
zOIet1guCvE,UCBtJuwDt6LlXp2YASC-ZMdA,2026-08-09 07:00:17,158,6,0,120.0,120.0,0.0,1
zORh4MFe9fo,UCPuD5ZRQWa_JCaY5NokNhtg,2026-08-16 09:37:32,293,11,8,119.88,120.13,0.12,0
zOWUtCGJQ80,UCuXE-MdbuaZcPt_2J2kSsSQ,2026-07-27 11:31:16,861,8,2,119.98,120.23,0.02,1
zOcUo9CdNzY,UC4VWaR3R17Ruc7j1Cy1-PKQ,2026-08-27 04:53:33,484,4,0,119.87,120.12,0.12,1
zOikbw29q90,UC9qwDE50UcXvdplRNZKEoPA,2026-08-20 01:22:47,814,12,2,119.88,120.13,0.12,0
zOk_C8N8kCY,UCkmUJzaZfP7Wsb5-89pAK4Q,2026-08-23 13:59:52,2465,33,0,119.76,120.01,0.01,0
zOmAD-1a6sg,UCAl4HWznMn7KhKBRFO5eiFA,2026-08-16 12:05:56,12896,59,2,119.91,120.15,0.09,1
zOnW29zgx90,UC9otskL_kd-0CDib_5Lj-mQ,2026-07-23 10:00:19,19928,530,22,120.0,120.0,0.0,1
zOpGDO7qAYs,UCV7WE8I_UiAN0fa6Arezx_w,2026-08-24 16:00:33,26,0,0,120.0,120.0,0.0,0
zP5ZmoX4aZI,UC-Pn1i_ot4qmG4l7wMZPvyw,2026-08-20 09:14:48,26892,231,22,119.76,120.01,0.01,0
zP7AdxumHCo,UC-pobd8lZE33BSDz-iyHfJQ,2026-08-09 03:56:57,2366,32,8,119.8,120.05,0.05,0
zPXBcSwoAvg,UChLqHuZV0PENIBYxDgXyPLQ,2026-07-22 12:51:15,88473,1968,31,119.9,120.15,0.1,1
zPdHk4Iq7DQ,UCpcTrCXblq78GZrTUTLWeBw,2026-07-26 03:30:23,648627,9312,399,120.0,120.0,0.0,0
zPmoxNN1mH4,UCOwgg4IVhPQtq6qtxEeX3XA,2026-08-16 08:45:21,3072,8,8,120.0,120.0,0.0,0
zPtrnW46Ss0,UCV7WE8I_UiAN0fa6Arezx_w,2026-07-14 22:00:30,88,1,0,119.99,120.24,0.01,0
zQ3xIJYy5jU,UCvPGGL-OTEAQlwAUxbcJO8g,2026-08-03 08:19:48,49781,898,106,119.92,120.17,0.08,0
zQAmMNe_oeg,UCSgvQDek_7CQj08fu7kp1Iw,2026-07-18 09:00:38,104185,719,181,119.99,120.24,0.01,0
zQFpf3D7NEc,UCt8CJiye87FMbEwt0npPMuQ,2026-07-15 16:30:33,6865,338,51,119.99,120.24,0.01,1
zQOha5zYkQM,UCOaUTqrtz1yBBiwziVJEAmQ,2026-08-11 09:00:23,89768,543,190,120.0,120.0,0.0,1
zQZM5dgoe1w,UCEGtfhdJiRgH98mVMEQZThQ,2026-08-29 10:30:19,11314,23,8,119.76,120.01,0.01,0
zQZV-wl4ldw,UCV7WE8I_UiAN0fa6Arezx_w,2026-08-07 21:00:23,21,1,0,120.0,120.0,0.0,0
zQeiqRz-iH0,UCp6n8d8Y8r3MwKNw_MMaouQ,2026-08-20 20:55:36,2828,32,2,119.84,120.09,0.09,0
zQne0b1znZw,UCpAZLM9XMzIbqFucUBD8Jtg,2026-07-27 06:24:35,2506,31,20,119.84,120.09,0.09,0
zQsGrjx1Euw,UCAl4HWznMn7KhKBRFO5eiFA,2026-07-26 15:22:57,3410,13,1,119.87,120.12,0.12,1
zQtQiPn79zM,UCZCZHg_oJiHcrcj2vaPRCag,2026-07-24 14:57:38,98,1,0,119.79,120.04,0.04,0
zRMlbSQEF6k,UCXVVG5ZM3SJJCh94xatR8Dg,2026-07-24 06:00:24,734,2,1,120.0,120.0,0.0,1
zRedwctyBE4,UCrR_fhiJjoW8OJFzUcmlMMA,2026-08-17 07:00:04,11417,82,12,120.0,120.0,0.0,0
zRh2CGVXvKE,UCYGF_xk5RDpltyZDSx040uw,2026-08-16 01:49:51,154581,1714,30,119.92,120.17,0.08,1
zRxOm7O6b7I,UCp6n8d8Y8r3MwKNw_MMaouQ,2026-07-28 14:00:27,9381,668,11,120.0,120.0,0.0,0
zS3dmjngQVw,UCN8YcyYvYIrtLcwyT-KqbNg,2026-07-16 06:14:16,12605,101,54,119.76,120.02,0.02,0
zS51TOgPFzE,UC1Ns07Rw0lQK-KuaPHfRRTw,2026-07-13 15:04:52,23,1,0,119.92,120.17,0.08,0
zS5uIUzYmuA,UCim7oePrB5hdfhcYwgUY6Jw,2026-07-22 13:00:12,16646,81,25,120.0,120.0,0.0,0
zSAmCrwysTA,UCJDXc9JWCZo-nLNKr_-L2Ng,2026-08-30 19:30:35,1970,78,4,120.0,120.0,0.0,0
zSZJj7eyqBk,UCL_IvtOZo6sONpiydbzzHpA,2026-08-16 22:57:31,77174,870,26,119.79,120.04,0.04,0
zSdFw9xGeW0,UCnkytUgy0CtWd06up9CjNxg,2026-08-30 15:00:30,274745,2286,471,119.75,120.01,0.01,0
zSmNMXlJXeE,UCV7WE8I_UiAN0fa6Arezx_w,2026-07-12 22:00:09,110,1,3,120.0,120.0,0.0,0
zSwizQbnaY4,UCQzgMwT5Q6x-Mtq65HRS_0Q,2026-08-03 11:02:11,3974,82,7,119.97,120.22,0.03,0
zT4EX65gL0I,UC-DpK48x4bltMjHHChZ4zBg,2026-07-31 03:30:33,6235,49,10,119.99,120.24,0.01,0
zT4gqsPkaZc,UCw1DsweY9b2AKGjV4kGJP1A,2026-07-31 09:30:35,99955,376,19,119.99,120.24,0.01,1
zT6y5UtoeFI,UCw1DsweY9b2AKGjV4kGJP1A,2026-08-27 08:00:35,104314,247,20,120.0,120.0,0.0,1
zTAPEg_xKJo,UCcsC1X0SyiWcxBTbnjoZ9Ag,2026-07-25 09:00:38,2685,32,16,119.99,120.24,0.01,0
zTfqTdW3bEQ,UCwUdsbSoKjC9FDcpihDeXSg,2026-08-07 12:45:39,18130,29,11,119.99,120.24,0.01,1
zTkV4tI_1_A,UCV6mNrW8CrmWtcxWfQXy11g,2026-08-01 14:00:28,174396,6204,80,119.99,120.24,0.01,1
zTotmQ42Odc,UC3ozN5tHi449NhCDE6Xtmwg,2026-07-17 06:00:50,40632,298,6,119.99,120.24,0.01,1
zTxJ_YLGvfo,UCKiCT33Gmj3mlJ5xh-9ZUqw,2026-08-03 14:00:07,7920,72,21,120.0,120.0,0.0,0
zU0OaqPVR2k,UC8aCmG_y4DqqVI9Xlcym1Jg,2026-08-20 19:00:20,733,37,0,120.0,120.0,0.0,1
zU42xFO0ZLE,UCTbwgCCBrI-4XU8b5B0uGPg,2026-07-24 10:30:09,174008,2300,33,120.0,120.0,0.0,0
zU687mP7LTE,UC-aXNBQ6nwMNeW2V8XB7sBg,2026-08-13 03:00:09,84671,958,52,120.0,120.0,0.0,1
zUEBLz2Xqsw,UCIzbqIyEUxtFLYh_sCDoXpw,2026-08-04 03:00:39,398879,3484,87,119.99,120.24,0.01,1
zUEdxY-SmJw,UCFrKhWvZ8oeJQTNP5ZabgJw,2026-08-25 12:00:05,450470,5999,320,119.76,120.01,0.01,1
zUJh3JKIW4k,UCVqmxk6oNOHj9RFVo4uP_lw,2026-07-27 23:00:09,37756,1065,70,120.0,120.0,0.0,1
zUR5rtCIgwI,UCJmnOEp1-OITEU0mk4icM5A,2026-08-01 08:45:34,28490,905,158,119.99,120.24,0.01,0
zUSNMMl-jzM,UC1IUMdwaJ22A6FkPiI8dcig,2026-08-23 11:29:43,19636,460,33,119.77,120.02,0.02,1
zUVKQ_bZCm8,UCqIwPYLfMd3EoWYwvyTjPnA,2026-07-25 16:11:58,32957,312,17,119.8,120.05,0.05,0
zUXSFlFCBYk,UCL_IvtOZo6sONpiydbzzHpA,2026-08-11 08:44:19,43342,681,108,119.76,120.01,0.01,0
zU_h5sakjzY,UCYooECrv-fIXlPaDwEIaveA,2026-08-24 09:01:10,33981,434,48,119.99,120.24,0.01,0
zUeRuuQRVfI,UCOTJtP0Z9DjpPU43B5m1V6A,2026-08-12 14:20:48,53891,561,7,119.91,120.16,0.09,0
zUthJrJHoVk,UC_yxsHiFh1_j174x4AxICSg,2026-08-27 07:00:34,109254,1840,28,120.0,120.0,0.0,1
zV2ieSQ2rdE,UCI3DTtB-a3fJPjKtQ5kYHfA,2026-08-23 02:00:06,13136,209,9,119.76,120.01,0.01,0
zV9gC3RBdEw,UChKYbZ9fSz8DMM6wU-t1lMQ,2026-08-09 08:54:31,32128,478,8,119.84,120.1,0.1,1
zVBl5H73vx0,UCpTNtH8yc1Kdl_YFfsQsTYA,2026-08-20 06:17:08,8974,28,0,119.97,120.22,0.03,0
zVNeVvPOiRg,UClHGjnruf4A9Us7CHVgLIEQ,2026-07-24 08:00:26,3426,33,2,120.0,120.0,0.0,1
zVRZ6ra0bJg,UC8aCmG_y4DqqVI9Xlcym1Jg,2026-08-28 14:45:34,192,14,0,120.0,120.0,0.0,1
zVc10_qW9Fs,UC9FRxVaiS2aY0ANaWLP8SMg,2026-08-22 17:29:52,1611,20,10,119.76,120.01,0.01,0
zVuXnoSffrQ,UCt8CJiye87FMbEwt0npPMuQ,2026-07-11 14:15:20,2935,95,7,120.0,120.0,0.0,1
zVwvH0-dReo,UCz5LAkkX66OAW-y_WiWf9vA,2026-07-28 10:15:25,29648,66,4,120.0,120.0,0.0,1
zW906Om6Yx8,UCoSniqkitCpxlHrQd5L8A1w,2026-07-10 10:48:18,1584,15,9,117.96,121.82,1.82,0
zW9sRq5QVKA,UCxPMcxq7WJ32M3lnFn58Cpg,2026-08-06 10:27:15,4871,14,7,119.8,120.05,0.05,1
zWRjM1R1Icc,UC0Zl_lyMoTbroBSNv7SpGuQ,2026-08-25 03:05:43,143640,,345,119.92,120.17,0.08,0
zWTvFOPZfFQ,UCZCZHg_oJiHcrcj2vaPRCag,2026-08-02 15:35:14,118,1,0,119.92,120.17,0.08,0
zWdsWFlS3Co,UCjiPEaapiHbJMoAdi_L8fNA,2026-08-14 16:03:07,105071,1561,818,119.95,120.2,0.05,0
zWk8k_RaUrU,UC5bjQxLK_3XVzIOTQ04sYeg,2026-07-24 18:01:24,561,5,0,119.98,120.23,0.02,0
zX2SRQjzZXI,UCRpdlPk671uOMiBtf5HtB3Q,2026-07-15 09:56:48,19493,185,57,119.81,120.06,0.06,0
zXG7yWw6ghw,UCPuD5ZRQWa_JCaY5NokNhtg,2026-08-07 11:59:07,439,9,2,119.77,120.02,0.02,0
zXQPlqBY4jU,UC2dwjvNVRTEo-rawvK4Z4WA,2026-08-23 00:00:26,2512,87,19,119.75,120.01,0.01,0
zXX98oVjFAQ,UCV7WE8I_UiAN0fa6Arezx_w,2026-08-08 11:00:17,251,5,1,120.0,120.0,0.0,0
zXcQloqSdzg,UCaova9Q4UZLPqFnSvq8VxzA,2026-07-30 03:00:27,65358,558,101,120.0,120.0,0.0,0
zXfqTDvbtdI,UCy8OX8RrstkjRrnM5hND_ug,2026-08-06 11:32:53,476,30,2,119.95,120.2,0.05,0
zXpTud_HRik,UCBidluUUxzT_5jVOI_2x2MQ,2026-08-13 08:00:16,171,2,0,120.0,120.0,0.0,0
x9OvyUDSTjo,UCZJFaxsby9j3T6h0UVcCcCA,2026-08-05 07:45:23,44,1,2,120.0,120.0,0.0,0
x9YWQ1fwC8E,UCnCFD3met1Ip7OngdF9TRDg,2026-08-01 08:16:17,7189,107,15,119.98,120.23,0.02,0
x9fTcNu3cTQ,UC38XQMDoRYtbKJHurGqza3A,2026-07-26 04:17:27,901,4,1,119.96,120.21,0.04,0
x9wbMIM99_g,UC-2JsFNClcIesgd7UmtGnpw,2026-08-09 02:00:04,100339,2445,224,120.0,120.0,0.0,1
x9zJyqJcWps,UCifCesg-EUkjKyQedaB3hRg,2026-08-16 01:41:25,3331,68,5,119.81,120.06,0.06,0
xAD0mWxzoTc,UCpI-AhCT02iQRGLC2ZcY0Jw,2026-07-25 09:00:02,43372,378,387,120.0,120.0,0.0,0
xAJQj8ZoIaM,UCwBkHOTyu57NQi0syf5MLig,2026-08-30 00:00:19,72230,208,7,119.76,120.01,0.01,1
xATmICM753w,UCEebX3m88Arwc91LPmEmTYQ,2026-08-10 22:43:46,90573,6989,108,119.77,120.02,0.02,0
xA_FWJZpkiQ,UCtIbfg_6gjbdFqCqAiUcqyQ,2026-07-17 08:00:14,624,30,7,120.0,120.0,0.0,0
xAelG8PUSlY,UCw1DsweY9b2AKGjV4kGJP1A,2026-08-04 12:30:01,564568,2316,58,120.0,120.0,0.0,1
xApVsMHm2n4,UC3Oe-jfrIqEGygxYBYyN6jQ,2026-08-22 22:43:24,7260,107,0,119.79,120.04,0.04,0
xAsiMfyVJhY,UCA2ztZuXhSktpdxb419WvCQ,2026-08-14 02:00:36,7194,101,31,119.99,120.24,0.01,0
xAzDKa83C3E,UCt8CJiye87FMbEwt0npPMuQ,2026-08-27 14:15:31,5084,88,1,120.0,120.0,0.0,0
xB11cxyflM0,UCS3_H_feQRm4QbXipKTvSrw,2026-08-07 11:30:01,37855,637,103,120.0,120.0,0.0,0
xBNb45g_deU,UCPGl9DV2WUgaqGVXtVrhJWQ,2026-08-18 01:18:11,19,1,0,119.95,120.2,0.05,0
xBPN141rtPE,UC8CZL4cvFiKwKKDNCuM2lTA,2026-07-15 08:49:35,29554,260,34,119.93,120.18,0.07,0
xB_1wX8b27o,UCV7WE8I_UiAN0fa6Arezx_w,2026-07-15 05:00:28,131,0,0,119.99,120.24,0.01,0
xBjk3RmgO6s,UCXtU-C_e2iBzPSq9oLXtbVw,2026-08-20 23:15:34,36,3,4,120.0,120.0,0.0,0
xBmnIVu9gJg,UCvPGGL-OTEAQlwAUxbcJO8g,2026-07-24 08:13:19,199916,1922,149,119.78,120.03,0.03,0
xBvH4fYRJLQ,UCMZFHqDjg1IE5kzm9fZBOFw,2026-08-18 18:14:13,7392,23,0,119.77,120.02,0.02,0
xC5aQHqqvyY,UCjUnlBpn0Z1L450g79fniRg,2026-08-04 15:51:50,846,3,2,119.89,120.14,0.11,0
xC6JWrSDc6Q,UCYsRymb9vAsOOLBy-Wo1kRg,2026-08-25 09:02:09,3492,58,104,119.98,120.23,0.02,0
xCQhaz209q0,UCZCZHg_oJiHcrcj2vaPRCag,2026-08-27 15:44:44,178,1,0,119.77,120.02,0.02,0
xCWCxZfyeO4,UCV6mNrW8CrmWtcxWfQXy11g,2026-08-31 20:00:15,682144,24579,202,119.76,120.01,0.01,1
xCfeSfL4GWU,UCV7WE8I_UiAN0fa6Arezx_w,2026-07-22 04:00:17,128,0,0,120.0,120.0,0.0,0
xCud5hf-pIM,UCxtZZzggcfOmsW99gYkxsNA,2026-08-08 05:00:16,8545,661,77,120.0,120.0,0.0,0
xCvaPw7kUSs,UCaMV-CjrWYh2Aefg_8iLwJQ,2026-08-05 04:00:23,94842,514,28,120.0,120.0,0.0,1
xCwREc7BUGU,UCab17MxxnFtAhGsJVTkSkCg,2026-07-24 11:19:25,502,7,0,119.93,120.18,0.07,0
xCyGIDDq_1Y,UChHxLcNi7e0zu-e33HM6v6A,2026-08-08 01:32:33,17577,115,24,119.96,120.21,0.04,0
xDF8mGI4Vho,UCrKSaegnzewdj9-YLsUhoZw,2026-08-15 04:40:13,33004,205,126,119.83,120.08,0.08,0
xDH3unfS3H4,UCpcTrCXblq78GZrTUTLWeBw,2026-08-22 05:30:24,21652,642,53,120.0,120.0,0.0,0
xDHQACvbcQc,UCksGX0hODm1Ev6mysrToMqg,2026-07-26 10:32:24,6814,257,23,119.96,120.21,0.04,0
xDI1wn8m-9A,UCw1DsweY9b2AKGjV4kGJP1A,2026-08-17 14:00:31,11708,98,50,119.99,120.25,0.01,0
xDI2nUYmClE,UCpwGBltfwjd_fIzp5cb5R0w,2026-07-29 00:30:38,291420,4204,489,119.99,120.24,0.01,1
xDNK1glA3Zw,UCXAXCxTCCYYKsLJNzEvjqfw,2026-07-22 06:00:38,32876,499,113,119.99,120.24,0.01,0
xDRKPaCU0yA,UCAz2J8EIRNfEPIXN05bc1Sg,2026-08-28 12:00:02,15128,49,15,119.76,120.01,0.01,0
xDeOiJZKp5o,UCp6n8d8Y8r3MwKNw_MMaouQ,2026-08-13 20:20:32,1071,13,0,119.91,120.16,0.09,0
xDiN3W9Flq4,UCw1DsweY9b2AKGjV4kGJP1A,2026-08-23 10:00:09,145282,293,20,119.76,120.01,0.01,1
xDyozpF1Xss,UCKVt3arMXfa6XZezR1UnjqQ,2026-08-07 09:00:34,3542,14,0,120.0,120.0,0.0,0
xDzP5prvSz8,UCVqmxk6oNOHj9RFVo4uP_lw,2026-08-17 23:00:29,5111,152,30,119.99,120.24,0.01,1
xEYOBvT_VOc,UCJDXc9JWCZo-nLNKr_-L2Ng,2026-08-12 15:00:20,1282,73,4,120.0,120.0,0.0,0
xEiTFERK5bo,UCjsqgRBvkn8XadWraSQxTKQ,2026-08-13 00:43:13,492,2,0,119.78,120.03,0.03,0
xEmMnR4auhI,UCZ6mNZTiTUrUSbSYPlclI4A,2026-07-22 09:00:09,17345,334,24,120.0,120.0,0.0,1
xEqAXkJ_G5Q,UCrY2B2XX41ReYh9DIWrFfCg,2026-07-19 07:27:28,5998,,9,119.79,120.04,0.04,0
xF5H4sxSJbI,UCRpdlPk671uOMiBtf5HtB3Q,2026-08-28 10:00:16,113162,759,20,119.76,120.01,0.01,1
xFLeDTYTn1E,UCXu_CcxBZA5S_iG33OzA9PQ,2026-08-01 11:17:30,13001,99,12,119.96,120.21,0.04,1
xFOB6LTsD78,UC0aKwoKNeqBaUwiEXmkQaGQ,2026-07-30 10:30:36,53211,938,279,119.99,120.24,0.01,0
xFnpm84Xg5s,UCWXQEzwzcvDryogN2e5XuDw,2026-07-30 06:13:55,58,0,0,119.77,120.02,0.02,0
xFw9YdwnIVE,UCgeazIBHz3JS7ft7_nyj-0A,2026-08-25 09:56:29,0,0,0,119.82,120.07,0.07,0
xGIpKih2k3o,UCL_IvtOZo6sONpiydbzzHpA,2026-08-15 01:43:26,87866,856,26,119.78,120.03,0.03,0
xGZ6jb1WGtU,UCrGNa63AQ-rcINIoE_UqdxA,2026-08-29 22:04:43,55,1,2,119.94,120.19,0.06,0
xGiY3yWdOgs,UCpcTrCXblq78GZrTUTLWeBw,2026-07-15 22:45:03,477198,3674,494,120.0,120.0,0.0,0
xGiwozHX82U,UC_2x8h1QrTHOO0i4Yiss-ww,2026-08-26 22:00:35,30930,168,33,120.0,120.0,0.0,0
xGlSdyIXnVQ,UCvAetSOU_4lyjM5hVMNzN0Q,2026-08-19 07:04:25,10163,110,24,119.94,120.19,0.06,0
xGpflT2Hu0w,UCSzHok6X5qXEO7cjvVnE62g,2026-08-10 08:00:15,50914,299,52,120.0,120.0,0.0,0
xGr7v9j1C-E,UCaY7wcqhFb_c2eQ1eRB8rOQ,2026-08-24 09:00:09,50960,2108,215,119.76,120.01,0.01,0
xH3OAilqSTE,UCv0cBz_Vdmd84xYl7gKWwQA,2026-07-26 17:00:00,1661,26,2,120.0,120.0,0.0,1
xHJbunBPBvQ,UCDLDbittWhk2KXvaCT0YpZQ,2026-08-08 08:35:26,82188,1587,90,119.91,120.16,0.09,0
xHTHJ5jVSHE,UC4VWaR3R17Ruc7j1Cy1-PKQ,2026-07-22 11:23:52,668,2,1,119.85,120.1,0.1,1
xHcS5LyXy2s,UCYM01qjjE_hmqFQAmOo-lNg,2026-07-29 09:48:48,616,9,0,119.94,120.19,0.06,0
xHnKfbZbF5g,UCmiTZyj9GwMjyznZxrgCH4Q,2026-07-22 09:24:35,12342,143,30,119.84,120.09,0.09,0
xHrAuZgMPF4,UCSfhr4gDPFsKuwdmTOWp2jw,2026-08-28 09:30:20,10657,22,0,119.76,120.01,0.01,0
xIBGTY-3xDM,UCjOtzpfj5lF9erwTEQYkxtQ,2026-08-20 03:00:39,33577,621,28,119.99,120.24,0.01,0
xIDVrGQCeBI,UCdK9h1ILxS49c2LguBUY3rw,2026-08-16 12:00:25,3,2,0,120.0,120.0,0.0,0
xIEfUmCwU0g,UCV6mNrW8CrmWtcxWfQXy11g,2026-07-23 16:00:14,20229,820,22,120.0,120.0,0.0,1
xIHG3E4TXZg,UC_F-jhf8uO0fzrM7NQwvs3Q,2026-08-21 01:21:27,63,0,0,119.9,120.15,0.1,0
xINO6oCHIZY,UC1Ns07Rw0lQK-KuaPHfRRTw,2026-08-02 10:16:02,61,0,0,119.99,120.24,0.01,0
xIW61RjuQUM,UCPGl9DV2WUgaqGVXtVrhJWQ,2026-08-10 15:00:12,4,0,0,120.0,120.0,0.0,0
xIWbe7cUOv0,UCAVR6Q0YgYa8xwz8rdg9Mrg,2026-08-07 12:00:20,102781,6283,111,120.0,120.0,0.0,1
xIeAPNpRIuU,UCV6mNrW8CrmWtcxWfQXy11g,2026-08-16 12:00:35,384776,16583,695,119.99,120.24,0.01,0
xIgFUl1tD38,UCYGF_xk5RDpltyZDSx040uw,2026-08-19 03:07:29,240551,2445,74,119.89,120.14,0.11,1
xJ1oy5tuBa0,UCPPuXI31ybWYB560T2uAeMg,2026-08-22 03:30:31,3169,45,11,120.0,120.0,0.0,0
xJ6VW0r3iAQ,UCNmN3W2H0r5_hV2drzbEn7Q,2026-07-17 08:38:32,0,1,0,119.86,120.11,0.11,0
xJCGwRPPE-8,UCmZeuRfHYowZhf6odtoaNdg,2026-08-02 15:45:25,30189,201,16,120.0,120.0,0.0,0
xJX2Bb13fHQ,UC9qwDE50UcXvdplRNZKEoPA,2026-08-01 02:00:47,16782,885,23,119.99,120.24,0.01,1
xJa7mPADirc,UCPI40-XQA9-GBGj2k8PPqfg,2026-08-10 09:30:17,51325,820,99,120.0,120.0,0.0,0
xJakwHTFEp0,UCV7WE8I_UiAN0fa6Arezx_w,2026-07-30 23:00:34,72,0,0,119.99,120.24,0.01,0
xJbjihJ8two,UCHYMpkGhNIr8A0m2H3lIjUA,2026-08-09 12:00:12,72052,775,54,120.0,120.0,0.0,1
xJk3XEIJ4JE,UCzDmGDR5RdahQkLCBoWlTEg,2026-07-22 03:00:01,15415,97,6,120.0,120.0,0.0,1
xJlOgN0y28s,UCQJuZxeDv2P05YHcC-tIEVQ,2026-08-21 09:00:34,68877,1420,27,120.0,120.0,0.0,0
xJlXMQVe-ac,UC6aF-skLT_1X6cdPJxVJXxQ,2026-08-19 07:02:59,266452,5081,447,119.96,120.21,0.04,0
zXwuZfoho9c,UCV6mNrW8CrmWtcxWfQXy11g,2026-08-29 06:00:24,294615,12841,163,119.76,120.01,0.01,1
zXynw4R_HTU,UCab17MxxnFtAhGsJVTkSkCg,2026-08-30 02:35:28,3521,32,2,119.92,120.17,0.08,0
zY0wiM2xLE8,UChKYbZ9fSz8DMM6wU-t1lMQ,2026-08-28 10:00:19,19969,356,12,119.76,120.01,0.01,0
zY5Hqsos7z0,UCifCesg-EUkjKyQedaB3hRg,2026-08-21 23:04:48,15928,425,5,119.93,120.18,0.07,1
zYB8E5yxIBs,UCv1tOT645xHOJrwdGlzjMaA,2026-07-23 02:00:21,4198,83,5,120.0,120.0,0.0,0
zYEKimhiP60,UCw1DsweY9b2AKGjV4kGJP1A,2026-08-10 08:03:11,55848,181,43,119.95,120.2,0.05,0
zYK2ZFmPqMM,UChKYbZ9fSz8DMM6wU-t1lMQ,2026-08-24 12:31:32,2307,52,11,119.98,120.23,0.02,0
zYd_Tt5wdEc,UCAl4HWznMn7KhKBRFO5eiFA,2026-08-22 13:24:32,25615,176,37,119.85,120.1,0.1,1
zYeL9ZteNnk,UC00raQBBBGagQthJ01ZYIIQ,2026-07-12 03:00:31,2461,65,16,119.99,120.24,0.01,0
zYjKjFUMISk,UCV6mNrW8CrmWtcxWfQXy11g,2026-08-29 02:00:22,145133,5716,102,119.76,120.01,0.01,1
zYoj6Fidjeo,UCJYdIDfGkqXTsQq5aW4md0Q,2026-07-17 22:56:09,85,2,0,119.82,120.07,0.07,0
zZBvm7OZjqU,UCY_vDlvG-BTDRIOk_I9QQ6g,2026-08-17 13:22:36,4776,50,2,119.88,120.13,0.12,0
zZHyUkiNQrY,UCcvKf8NxAw9i09hZw1MQPBQ,2026-07-22 09:00:18,98309,1455,469,120.0,120.0,0.0,0
zZIoZuvCanI,UCrKSaegnzewdj9-YLsUhoZw,2026-07-26 05:02:46,27697,159,105,119.96,120.21,0.04,0
zZLmW40VyS0,UClvMduw1MDMQ0PuH753-XSA,2026-08-02 00:40:09,4540,72,0,119.83,120.08,0.08,0
zZLvF504EpI,UCdT2nXooUR-X_MdmbER25yQ,2026-08-19 00:00:15,27084,629,22,119.76,120.01,0.01,0
zZMMRuFq4lg,UCY_vDlvG-BTDRIOk_I9QQ6g,2026-08-13 09:30:32,1762,14,8,119.99,120.24,0.01,0
zZOCuipuS6w,UCab17MxxnFtAhGsJVTkSkCg,2026-08-23 11:19:23,848,26,3,119.94,120.19,0.06,0
zZcAp56j4ek,UCL_IvtOZo6sONpiydbzzHpA,2026-08-05 09:06:51,52355,741,140,119.89,120.14,0.11,0
zZdk2hZVMhg,UCIOY-akTwtohcU0QB5ksjaA,2026-08-02 01:20:23,126,0,0,119.91,120.16,0.09,0
zZtXz1vGVJg,UCw1DsweY9b2AKGjV4kGJP1A,2026-08-06 08:01:15,3342,19,8,119.98,120.23,0.02,0
zZv5aygfShI,UCt8CJiye87FMbEwt0npPMuQ,2026-08-21 14:30:06,21309,843,42,119.76,120.01,0.01,1
zZxxDbLxEi4,UCpcTrCXblq78GZrTUTLWeBw,2026-07-13 01:00:03,2967972,29858,917,120.0,120.0,0.0,0
z_0M4O4il14,UC_RRZdJk55ShXE-9d3deRUA,2026-07-24 15:06:20,4940,39,1,119.9,120.15,0.1,0
z_GETlXPDdM,UCV7WE8I_UiAN0fa6Arezx_w,2026-08-18 22:00:28,16,1,0,120.0,120.0,0.0,0
z_MrNq8dC1I,UCktXAh1Sd7wf8eQHc029-8g,2026-08-13 10:12:13,5776,35,6,119.8,120.05,0.05,0
z_Q-0R03G0g,UCSGKRGHGqP8W11G-SxsMaOw,2026-07-31 01:36:54,17260,384,93,119.89,120.14,0.11,1
z_TyRgvnp20,UC2NFRq9s2neD_Ml0tPhNC2Q,2026-08-14 02:30:10,146768,3296,54,120.0,120.0,0.0,1
z_ia64aWrjQ,UC9vz3TBChrJmYbzUo-rqfSg,2026-07-30 04:40:37,21968,255,111,119.83,120.08,0.08,0
z_nz1oSxzic,UC-Pn1i_ot4qmG4l7wMZPvyw,2026-08-26 09:00:17,32654,318,36,119.76,120.01,0.01,0
z_r5fpfUKKs,UCab17MxxnFtAhGsJVTkSkCg,2026-08-22 09:13:17,813,11,3,119.79,120.04,0.04,0
za3AMaHYgHQ,UCkpKYfb8wM67QnKxBj9bZXA,2026-07-20 13:08:52,23467,305,30,119.85,120.1,0.1,0
zaH6rB3kQZc,UCVWAdUQGUiY2Kzh0JoB5PtQ,2026-07-26 10:00:00,15065,169,59,120.0,120.0,0.0,0
zaPsJ2a_sB8,UCGVy07wZs8W-EpKAGchrmCQ,2026-08-07 12:17:44,9576,84,17,119.96,120.21,0.04,0
zaXKuJseiEg,UCqlcSsDNMYxEsem7bWY-66Q,2026-07-24 09:04:28,17768,427,40,119.93,120.18,0.07,0
zadY5wYieDY,UCFrKhWvZ8oeJQTNP5ZabgJw,2026-08-20 07:00:25,467363,4417,971,120.0,120.0,0.0,1
zanD4W6tpbk,UCfjMjhfjRRy8B0mfqbO_43w,2026-07-20 08:55:00,10312,182,86,119.83,120.08,0.08,0
zaww_FuMcyA,UC-okJdotaXPlzivRzHFqzuA,2026-07-23 08:59:21,65672,1038,27,119.76,120.01,0.01,0
zbGPaItuxRk,UCYGK33LxFlgh9QtmvCYMR3A,2026-07-19 03:00:02,14943,306,33,120.0,120.0,0.0,0
zbJffefOgmY,UCJDXc9JWCZo-nLNKr_-L2Ng,2026-08-30 17:00:36,3362,85,4,119.75,120.01,0.01,0
zbLVt7eGqfw,UCSl8TBqqflby-ymdEQVfRNQ,2026-07-25 04:02:46,23041,174,7,119.96,120.21,0.04,0
zbTcqTdaT9w,UCqEoc6yuYRg5CFG4NIG8euQ,2026-08-21 23:30:15,8105,112,27,119.76,120.01,0.01,0
zbgLnrzll6s,UCVipGmBXqbYKNODNzVCN86w,2026-08-12 01:00:04,452941,6164,79,120.0,120.0,0.0,1
zbghHmOJ_Us,UCarBV0zWlC2k-HteyeKqfag,2026-08-23 15:36:53,16213,104,0,119.9,120.15,0.1,0
zbpJhj0bL24,UCfIUuMA7U_jImP7oWfTe4Pw,2026-07-14 13:38:38,358879,3411,715,119.86,120.11,0.11,0
zbpagxOKunU,UCNRnCc0hg3ZcKdOGXKKv5Ww,2026-07-31 15:28:53,8502,60,2,119.77,120.02,0.02,0
zc5R140SPOE,UCxVspLehsLr4bfqbJLFkS0w,2026-08-24 09:00:08,3906,92,22,119.76,120.01,0.01,0
zcDohwAfrkQ,UCt8CJiye87FMbEwt0npPMuQ,2026-07-31 16:13:20,41334,1937,152,119.78,120.03,0.03,0
zcFPkNPJ590,UCt8CJiye87FMbEwt0npPMuQ,2026-07-16 19:21:11,74443,2125,151,119.9,120.15,0.1,1
zcIGa84BVok,UCtGMgPWJNU2Aj-SNK0zg0Sg,2026-08-29 17:07:11,16709,30,0,119.9,120.14,0.1,0
zccriUspLpM,UCpcTrCXblq78GZrTUTLWeBw,2026-07-28 10:30:00,155210,1545,272,120.0,120.0,0.0,1
zcpqiYpglDM,UCZ6mNZTiTUrUSbSYPlclI4A,2026-08-26 14:48:56,3396,29,8,119.95,120.2,0.05,0
zcxrDgabS9I,UCHCeN9BUgogMGrHBC6zKYvA,2026-07-28 09:31:24,5727,121,51,119.98,120.23,0.02,0
zd6Ufq1IOfc,UCO94iFhOhtdGb4Ze5DUAtbw,2026-07-24 09:00:16,21364,396,21,120.0,120.0,0.0,1
zdAO8rMKp1g,UCBtJuwDt6LlXp2YASC-ZMdA,2026-07-27 00:26:32,423,3,0,119.81,120.06,0.06,0
zdBhr1IC_iM,UCnkytUgy0CtWd06up9CjNxg,2026-08-20 15:03:05,216096,2905,721,119.95,120.2,0.05,0
zdGQlGynIWo,UC5pdoCANExIVI4yf6DVoxew,2026-07-19 12:38:19,1851,45,15,119.86,120.11,0.11,0
zdT0X_CSnIE,UCEJF0q0SqEJ64uA9LCXuSrQ,2026-08-19 08:30:17,5498,128,35,119.76,120.01,0.01,1
zdbMyeYSlhk,UCzps05UZ7XpX3SFoFyYIDow,2026-08-27 02:34:37,42811,116,96,119.94,120.18,0.06,0
zdeoyUH0wOg,UCw1DsweY9b2AKGjV4kGJP1A,2026-08-27 08:01:07,16371,41,2,119.99,120.24,0.01,0
ze5fHRov0W0,UCgT-gb3favw2jQgwxbbwwaA,2026-08-30 11:00:01,258625,819,39,119.76,120.01,0.01,0
zeBJ3T9Sr3U,UCKVt3arMXfa6XZezR1UnjqQ,2026-08-07 22:00:13,3269,50,2,120.0,120.0,0.0,0
zeEu1c9oG4U,UCYjNEoVziojh1ZCum1q0PNQ,2026-08-23 03:00:05,17894,429,34,119.76,120.01,0.01,0
zeFvbBFWwoE,UCkavlo6q2XfO_MA9Q24wRvw,2026-08-09 08:59:06,746,5,0,119.77,120.02,0.02,0
zeKclmutln0,UCRCK5FCJtomQT3b88jXI_DA,2026-08-07 01:00:13,2151,,,120.0,120.0,0.0,0
zedbHQnjwb8,UCNu00qhYj4nPeMNdxuwV6sg,2026-07-22 15:36:48,1095,37,0,119.89,120.14,0.11,0
zehsRbI3iso,UCGW76VChAJKee9kYzvyoycQ,2026-08-23 06:00:07,1260,20,0,119.76,120.02,0.02,1
zeipiSX8ad0,UCU0-6z_KU9AShyR9J6gcFGw,2026-08-24 02:36:40,462,7,0,119.9,120.15,0.1,0
zelFR5Vnqj8,UCdK9h1ILxS49c2LguBUY3rw,2026-07-26 11:15:08,1,0,0,120.0,120.0,0.0,1
zenIuKZoFe0,UC0FUMakBJHsRrfKCGQuWnRA,2026-07-27 09:30:00,28438,202,73,120.0,120.0,0.0,0
zeqI4i9g9bU,UCSl8TBqqflby-ymdEQVfRNQ,2026-07-23 00:55:44,21310,162,1,119.82,120.07,0.07,0
zfEBjAAPtHo,UCUbOogiD-4PKDqaJfSOTC0g,2026-08-17 11:46:16,149987,686,90,119.98,120.23,0.02,0
zfIeWUOkryQ,UCkrNv6xF8j7QZmWb3UeAH8A,2026-08-27 04:47:07,89231,180,357,119.98,120.23,0.02,0
zfch89nR5Vc,UCyiKngyUPUb1bka4yFrn65g,2026-07-17 12:00:14,12360,51,11,120.0,120.0,0.0,1
zfdB8QXE-Pg,UCa8Z4uUp51Aqtx4Fq4-3wMA,2026-07-29 03:30:33,8994,314,29,119.99,120.24,0.01,0
zfq1jaYetT8,UC9qwDE50UcXvdplRNZKEoPA,2026-08-12 21:43:57,20925,279,116,119.77,120.02,0.02,0
zfwZmi9mmmo,UCksGX0hODm1Ev6mysrToMqg,2026-08-25 03:59:46,10315,191,22,119.77,120.02,0.02,1
zg8O5g1iHWw,UCZ6mNZTiTUrUSbSYPlclI4A,2026-08-06 13:47:46,3842,142,7,119.96,120.21,0.04,1
zgEVnu8EErs,UCHeg3ApmuXQbqqszaD1fR9g,2026-08-14 14:40:23,85,8,0,119.83,120.08,0.08,0
zgKiB2j_Nl4,UCJmnOEp1-OITEU0mk4icM5A,2026-08-13 05:00:17,101283,1145,86,120.0,120.0,0.0,1
xJsKrZ8vc8A,UCPpSXwAg3hkSpa85Ah-dpgA,2026-07-28 22:00:08,926,35,13,120.0,120.0,0.0,0
xJuF1P5EcvA,UC8CZL4cvFiKwKKDNCuM2lTA,2026-07-23 10:16:45,39206,553,26,119.97,120.22,0.03,1
xK0RZrJwLa0,UCei_ecYpQqFjYhjLaDPr2Lw,2026-07-23 01:43:37,28,2,0,119.77,120.02,0.02,0
xK6iskAsUhc,UCN8L7Z-dyzu9FzT39RM0fvw,2026-08-23 11:23:00,16984,134,46,119.88,120.13,0.12,0
xK6rbiac7Q4,UCEg24oF81p-THPtp3otdmTA,2026-08-04 09:00:06,96834,2461,129,120.0,120.0,0.0,1
xK8bTAnEBm0,UCWVS5IJOkNnkKS5rjiAt9rw,2026-08-24 09:12:18,1734,16,17,119.81,120.06,0.06,0
xKQRQlasIm0,UCFHUplScMiWTjJrtv4hxWmg,2026-08-24 10:37:01,60749,451,52,119.9,120.14,0.1,0
xKkUJqIsENU,UCz5UFGucIyJGH0nf_8d0ghA,2026-08-23 02:58:50,3022,37,16,119.78,120.03,0.03,0
xKuVA6VGLzs,UCbeQg95cAxVRsxxh6FyilxA,2026-07-25 03:29:05,6564,33,4,119.77,120.02,0.02,0
xL1g0lPJKBw,UCp6n8d8Y8r3MwKNw_MMaouQ,2026-08-29 14:16:20,19901,298,3,119.99,120.24,0.01,1
xL3aZOz4iuI,UCSzHok6X5qXEO7cjvVnE62g,2026-07-10 10:00:09,61885,363,29,118.76,122.62,1.24,0
xL5oaD0Nrho,UCAaLhok91QDrweyuDRsmjqQ,2026-08-18 10:00:05,67635,624,190,119.76,120.01,0.01,0
xL6exj_oFP0,UCJYdIDfGkqXTsQq5aW4md0Q,2026-07-19 21:46:46,68,1,2,119.97,120.22,0.03,0
xL9qhC8_7R0,UCt8CJiye87FMbEwt0npPMuQ,2026-08-26 19:06:40,226043,4502,225,119.9,120.15,0.1,0
xLD7v2gsABw,UCPGl9DV2WUgaqGVXtVrhJWQ,2026-08-12 15:00:06,4,0,0,120.0,120.0,0.0,0
xLOAVB_zvMQ,UCSl8TBqqflby-ymdEQVfRNQ,2026-07-30 13:57:19,30435,449,127,119.8,120.05,0.05,0
xLPWWv_-gwI,UC1dHu9GhbHH7RcHKyJdaOvA,2026-07-27 06:05:11,201872,726,332,119.92,120.17,0.08,0
xLZG1yGN7AY,UCgWwo8FJL3MCxfd66ip7nFg,2026-08-03 09:00:05,54298,,50,120.0,120.0,0.0,0
xLgzPgBNfpg,UCcNdwtZ7ulFFxngmnzsWQNA,2026-08-05 02:00:37,5420,54,17,119.99,120.24,0.01,0
xLkToxBIAeI,UCgvtwZJPhSfbKOxh3EoVXng,2026-08-22 06:14:16,22,1,0,119.77,120.02,0.02,0
xLnA28B5fSs,UC4cKHOBS-nRfKFTwf1n8HGA,2026-08-31 10:32:41,2593,,1,119.97,120.22,0.03,1
xLo4pNYYNZU,UCPpSXwAg3hkSpa85Ah-dpgA,2026-08-14 22:00:30,2844,53,50,119.99,120.24,0.01,0
xLoGGlgf23M,UCgLFbrC7-g0ihBKB0obVPTg,2026-08-24 15:29:43,564,10,0,119.77,120.01,0.01,0
xMMhFTBv4Zs,UCt8CJiye87FMbEwt0npPMuQ,2026-08-06 13:00:32,4470,214,16,119.99,120.24,0.01,0
xMblsII7AtU,UCd9oeoY-jLSkhd-J5y_1aYg,2026-08-20 22:03:32,464,4,0,119.95,120.2,0.05,0
xMh-fDZcJJc,UCAl4HWznMn7KhKBRFO5eiFA,2026-07-11 13:21:53,11088,109,2,119.89,120.14,0.11,1
xMu-bDjSGkc,UCX11f6rIVaoWGvFnKKyPBNQ,2026-08-26 15:23:08,38820,433,47,119.88,120.13,0.12,1
xN-FdeXntF4,UC1dG3vI9FfHnH3YgyeKUz_A,2026-08-18 13:30:08,163865,833,97,119.76,120.01,0.01,0
xNNgylbrQ6Y,UCJDXc9JWCZo-nLNKr_-L2Ng,2026-07-25 16:00:42,2076,89,4,119.99,120.24,0.01,0
xNWtzNt89JI,UCgWOZQvFZhGuqBCtjmee0XQ,2026-07-23 15:06:34,755,9,0,24.39,531.64,95.61,0
xNZmcZIDosg,UCBidluUUxzT_5jVOI_2x2MQ,2026-08-05 23:52:22,107,9,0,119.88,120.13,0.12,0
xNdexxZIjYQ,UCq0fwcojiA7ztN0FgTEgfXA,2026-08-15 05:28:32,32,0,0,119.78,120.03,0.03,0
xNrbX_tOwYo,UCV6mNrW8CrmWtcxWfQXy11g,2026-08-17 10:00:33,93688,3193,33,119.99,120.24,0.01,1
xNwlI0FgC8w,UCqPN9LAkx20aBWOafwvQB-Q,2026-07-31 23:00:17,93261,4032,221,120.0,120.0,0.0,0
xO1HuVj62SU,UCcHVk5SFxfYhCbbX8pWWuVg,2026-07-27 09:00:31,14176,106,68,119.99,120.24,0.01,0
xO7TsdgRV8E,UCV6mNrW8CrmWtcxWfQXy11g,2026-07-30 02:00:17,138517,6878,54,120.0,120.0,0.0,1
xOAVjlVbsxU,UCyoSQyaCrZHro6F_nBiXIYg,2026-08-21 09:04:30,161683,1051,147,119.94,120.19,0.06,0
xOEjKtBMjYM,UCV7WE8I_UiAN0fa6Arezx_w,2026-08-14 00:00:16,26,1,0,120.0,120.0,0.0,0
xOFfZbuQXlM,UC4VWaR3R17Ruc7j1Cy1-PKQ,2026-08-06 20:24:48,1962,10,32,119.84,120.09,0.09,0
xONa92Qp_NE,UCYJDUekoQz0-bo8al1diLWQ,2026-08-05 03:12:32,248371,5772,135,119.79,120.04,0.04,1
xOPrkzVLhEo,UCd6CX2LiQE2dEAPXwk2N0jg,2026-08-28 11:30:09,173958,926,253,119.76,120.01,0.01,0
xOQ-WN9NDWo,UCzps05UZ7XpX3SFoFyYIDow,2026-08-14 06:47:46,77408,246,50,119.96,120.21,0.04,0
xOQ65Uh6oxg,UC027x98NgUBw9K4aPT8k0mg,2026-07-10 12:00:14,10714,93,30,116.76,120.62,0.62,0
xOVHLpWCdLI,UC3RzmV2LX3AmWhZVx0A7u0A,2026-07-25 07:00:05,25199,498,188,120.0,120.0,0.0,0
xOWeu8cDK80,UCoqMTw0yGmjIjNayukuOg5Q,2026-08-25 10:00:22,61926,256,40,119.76,120.01,0.01,0
xOj4zMbMIvM,UCCd3jyJmOFzkJEMj5Bp89rw,2026-07-23 23:00:38,4878,261,1,119.99,120.24,0.01,1
xOpxXldgSUo,UC0aKwoKNeqBaUwiEXmkQaGQ,2026-07-23 03:00:10,82927,1709,122,120.0,120.0,0.0,1
xOyslFIyI2E,UCF7IBIvHZ2be4Ufo8i0uHBw,2026-08-01 09:00:30,65294,958,37,119.99,120.24,0.01,0
xP-0wqEoRzM,UCw1DsweY9b2AKGjV4kGJP1A,2026-08-27 07:50:22,37456,86,4,119.92,120.17,0.08,1
xP1ngNc1Mz0,UC7hwQp3F6P_OwyRM14p88iQ,2026-07-23 08:20:39,2459,20,10,119.91,120.16,0.09,0
xPBAv5YbvtI,UCksGX0hODm1Ev6mysrToMqg,2026-08-03 08:00:22,7444,230,50,120.0,120.0,0.0,0
xPEn2t4vSa4,UCJDXc9JWCZo-nLNKr_-L2Ng,2026-08-21 11:00:00,1475,88,5,119.76,120.01,0.01,0
xPN4dDyqdCk,UCV7WE8I_UiAN0fa6Arezx_w,2026-08-05 21:00:06,69,0,0,120.0,120.0,0.0,0
xPWjKqgeL6A,UCgjaQlejpAnIu0q-xtVfTEw,2026-07-30 08:30:02,38554,492,82,120.0,120.0,0.0,0
xPYtVPduCH8,UCPa8JSV9SPAjX7P2S-N5ssg,2026-08-28 15:03:36,47941,777,62,119.95,120.2,0.05,0
xPYwHWJ8JG8,UCIsrVj53L57rcLAPOre4Xhg,2026-08-12 06:00:17,55492,675,79,120.0,120.0,0.0,0
xPlI3daIAR4,UCZ_xE8U6MVnpwefrYvl2uvA,2026-08-11 03:00:27,2202,12,0,120.0,120.0,0.0,1
xPpaxIEqwF4,UC5Yx9RlmznXDUEIrfoSqheA,2026-08-14 05:04:00,60,3,0,119.94,120.19,0.06,0
xQ2ZYI4XZL0,UCw1DsweY9b2AKGjV4kGJP1A,2026-08-31 08:03:14,141370,209,60,119.96,120.21,0.04,0
xQSbZKejBis,UCV6mNrW8CrmWtcxWfQXy11g,2026-08-29 13:00:30,324433,18628,327,120.0,120.0,0.0,1
xQXLxHhke_U,UC4ncZM9bnBknxPkJbq4miHQ,2026-08-28 11:07:05,24355,418,28,119.9,120.14,0.1,1
xQ_siOHHBDo,UCHJv9xBR9lkzGSIepie-T_A,2026-08-29 22:00:08,2531,31,1,119.76,120.02,0.02,0
xQfy49DTjo0,UC_E_qYfGKM3C0kqrp1p8z7Q,2026-08-13 17:00:26,402,7,1,120.0,120.0,0.0,1
xQh3wykWCjk,UCQDGJQe8X9tbk_i8Na3VVXg,2026-08-09 13:54:23,118,9,0,119.85,120.1,0.1,0
xQrBYRYWPHc,UC-DpK48x4bltMjHHChZ4zBg,2026-08-19 14:49:00,4573,43,7,119.94,120.19,0.06,0
xQun27D-OK8,UCWwbZhw5M-Q5dZtTK4nDWNw,2026-08-29 03:00:30,116702,1093,39,120.0,120.0,0.0,1
xRDVZx-j4DA,UCY_vDlvG-BTDRIOk_I9QQ6g,2026-08-08 16:00:47,2315,20,1,119.99,120.24,0.01,0
xRD_jTwEosc,UC9vI-9WYQLXKI6n9XdXXo3g,2026-08-04 03:00:37,9765,62,25,119.99,120.24,0.01,0
xRDjF7EJO5M,UCzDmGDR5RdahQkLCBoWlTEg,2026-08-30 04:00:37,84178,356,22,119.75,120.01,0.01,1
xRLrD84tNs4,UCPGl9DV2WUgaqGVXtVrhJWQ,2026-07-23 15:00:33,2,0,0,119.99,120.24,0.01,0
xRPkvK1JgIk,UCD8r5Jgns2V64-NcUmXclpg,2026-08-15 03:15:16,66309,334,52,120.0,120.0,0.0,0
xRS01DjNc2Y,UC24GgPBq5W3v34z0p0uk1Ow,2026-08-02 10:17:09,519,3,0,119.97,120.22,0.03,0
xRucnXHIHIQ,UCV7WE8I_UiAN0fa6Arezx_w,2026-07-21 10:00:00,80,1,0,120.0,120.0,0.0,0
xS1jjLssd0Q,UCN5789pKaFwqjVBvg6yws_w,2026-07-18 03:43:47,34,0,0,119.77,120.02,0.02,0
xSAfQa8B_4Q,UCZ6mNZTiTUrUSbSYPlclI4A,2026-08-13 04:54:40,25075,685,40,119.84,120.09,0.09,1
xSHMelHvQg0,UCj3OncQK82szyWJM6c8V8Qw,2026-08-29 15:23:04,393,0,1,119.88,120.13,0.12,1
xSYk1r6fTsc,UCBo7GIv99qTzHaa6ip09YLA,2026-08-23 05:00:07,6206,22,2,119.76,120.01,0.01,1
xSfMSSXKp1w,UC3DYSay178fMMPaf3zHwECA,2026-07-25 08:00:39,155640,3924,64,119.99,120.24,0.01,1
xSr3HiOv1lU,UCAhmOb9JWkI2HV_KIe9X_3A,2026-08-28 09:43:54,18160,130,45,119.78,120.03,0.03,0
xSx2n1_RCLo,UCJDXc9JWCZo-nLNKr_-L2Ng,2026-08-24 13:00:34,3441,104,7,120.0,120.0,0.0,0
xTJkKqInnXA,UCv1tOT645xHOJrwdGlzjMaA,2026-07-23 09:47:00,26505,456,9,119.97,120.22,0.03,1
zgMnvkRub8Q,UC7gozbdUqpQOYN1og_d-J9g,2026-08-18 10:24:41,5191,311,113,119.85,120.1,0.1,0
zgSCtS08RJ4,UCOKQpmfKrtu7Nu719CVSw1A,2026-08-10 02:00:12,2596,32,5,120.0,120.0,0.0,1
zh6fp2GddW8,UCw1DsweY9b2AKGjV4kGJP1A,2026-08-17 10:03:03,12943,50,10,119.95,120.2,0.05,0
zh8UgKFIfgY,UCJd2uIrg_ZrSOaaQQr30XoA,2026-07-27 02:40:32,6,1,,119.83,120.08,0.08,1
zhEGMRnujMI,UCfL7Vob_QbS2c_QrP-KAjdw,2026-07-28 13:00:11,3623,48,24,120.0,120.0,0.0,0
zhO0G4I_yZU,UCBidluUUxzT_5jVOI_2x2MQ,2026-08-25 12:29:17,87,3,0,119.77,120.02,0.02,0
zhRJMUueEvc,UC_m_uqd_9s0hZvlgfvCzqbQ,2026-08-28 14:53:57,1167,2,0,119.86,120.11,0.11,1
zhUnHfQvYVc,UCr4WCOxirRA-BzVu-MH_WqQ,2026-07-25 10:30:21,4722,34,13,120.0,120.0,0.0,1
zhWr8hv_ptc,UCNu00qhYj4nPeMNdxuwV6sg,2026-08-07 11:31:55,987,36,0,119.97,120.22,0.03,0
zhnBSTqJzXk,UCuZ862fZel1gq9RAf_OkvqA,2026-08-16 04:24:44,15250,169,87,119.84,120.09,0.09,0
zi07SjeRjJg,UCqyzJW0VRYRP_sFELZYdxGg,2026-08-29 01:00:09,13664,1267,210,119.76,120.02,0.02,0
zi1xGFPfwNk,UCHYMpkGhNIr8A0m2H3lIjUA,2026-08-16 00:00:37,73613,594,56,119.99,120.24,0.01,1
zi3HZ6PiDiw,UCzDmGDR5RdahQkLCBoWlTEg,2026-07-20 12:12:13,20269,78,2,119.8,120.05,0.05,0
zi7ZSFqNm2M,UCVWAdUQGUiY2Kzh0JoB5PtQ,2026-07-28 09:00:19,2452,22,4,120.0,120.0,0.0,0
ziD16DCQIr4,UC_2x8h1QrTHOO0i4Yiss-ww,2026-08-11 22:00:28,76431,818,17,120.0,120.0,0.0,1
ziDITM5IpqE,UCS7gEaMmBPAaI8dHNnrSofg,2026-08-21 12:22:28,68965,,98,119.89,120.14,0.11,0
ziYkyW1dO3k,UCHeg3ApmuXQbqqszaD1fR9g,2026-08-24 02:00:19,30619,190,13,119.76,120.01,0.01,1
ziej7dzNJjw,UCuCmLrNT5MbpqfrSSKHqTug,2026-07-23 10:00:15,18073,61,6,120.0,120.0,0.0,1
zj1MXIpXn9g,UCgsKeCRaBGH6JlnH6VO_7OA,2026-07-28 23:23:32,75,1,1,119.86,120.11,0.11,0
zj7RjlRBApQ,UCYJDUekoQz0-bo8al1diLWQ,2026-07-21 02:42:19,594002,6396,117,119.8,120.05,0.05,0
zjA-FR-f5Kc,UCpcTrCXblq78GZrTUTLWeBw,2026-07-19 19:54:17,1270704,14610,1683,119.85,120.1,0.1,0
zjIdSZ1tMlc,UCqIwPYLfMd3EoWYwvyTjPnA,2026-07-18 08:00:36,172634,720,97,119.99,120.24,0.01,0
zjUMGfVtdzU,UCZaNYFjF_SRRJPVuGX7yMjQ,2026-08-07 13:58:41,3,1,0,119.77,120.03,0.03,0
zjV0lOtJ9Hw,UC783XWULPW-nDGv_0EYlB6Q,2026-07-17 09:30:10,30087,685,25,120.0,120.0,0.0,1
zjZhtiaAdNk,UCp6n8d8Y8r3MwKNw_MMaouQ,2026-08-02 20:23:45,863,12,1,119.86,120.11,0.11,0
zjdByrti5Qk,UC-FiQR2gg8oiNw98ZdsSX6Q,2026-08-27 07:44:21,616,11,3,119.77,120.02,0.02,0
zjo79feZnjs,UCJmnOEp1-OITEU0mk4icM5A,2026-08-30 07:00:27,26644,397,6,119.76,120.01,0.01,0
zk2yDU3Fb0k,UCN7FA8FwikP2p5Vrs5kiivw,2026-08-03 21:00:21,1684,17,2,120.0,120.0,0.0,1
zk98YPfwnQo,UCz4b1O9sT73P8DWwx6OvQwg,2026-07-31 08:40:17,52132,877,10,119.83,120.08,0.08,1
zk9imjaMSWw,UCYooECrv-fIXlPaDwEIaveA,2026-07-22 09:00:08,47768,577,15,120.0,120.0,0.0,1
zkA4h-gy3vg,UC9vI-9WYQLXKI6n9XdXXo3g,2026-08-05 03:00:17,11675,94,28,120.0,120.0,0.0,0
zkJcgq1uSWQ,UCEuP8zMn3ln3ZqJa85dp9JQ,2026-07-23 08:45:16,10280,647,10,120.0,120.0,0.0,0
zkUs_lY96h0,UC6JTm9ObvQFuTEOxOsbmYwA,2026-08-03 12:32:23,7695,260,31,119.96,120.21,0.04,0
zkYheIKRKQQ,UCfjMjhfjRRy8B0mfqbO_43w,2026-07-15 09:54:23,12810,312,71,119.85,120.1,0.1,0
zkb4d_hwuoU,UCCW6uYIUP4YKKe50k-ktVAw,2026-08-09 08:00:29,100525,2727,118,120.0,120.0,0.0,0
zkd-909CSMY,UCHeg3ApmuXQbqqszaD1fR9g,2026-08-23 16:40:10,114,8,2,119.84,120.09,0.09,0
zkgHQPXQqvE,UC9nWoDbRAl3-fvreBNeStKQ,2026-08-15 16:16:38,6031,44,1,119.98,120.23,0.02,0
zkgXd6BkTtI,UCpn9dP1b5BhBsU9SduEz1hA,2026-08-23 01:30:15,39685,505,36,119.76,120.01,0.01,1
zkmXBoReyNo,UCp6n8d8Y8r3MwKNw_MMaouQ,2026-07-29 11:53:25,25291,489,8,119.86,120.11,0.11,1
zkzd1ybA8yM,UCV7WE8I_UiAN0fa6Arezx_w,2026-08-21 00:00:08,37,1,0,119.76,120.01,0.01,0
zl0TD3bKDoI,UCw1DsweY9b2AKGjV4kGJP1A,2026-07-12 07:43:23,123524,550,25,119.78,120.03,0.03,1
zl5OvcJa5DU,UCV6mNrW8CrmWtcxWfQXy11g,2026-08-24 06:00:19,203485,9763,73,119.76,120.01,0.01,1
zlS8RjPhax4,UCPI40-XQA9-GBGj2k8PPqfg,2026-07-28 08:50:11,72235,1347,96,119.92,120.17,0.08,0
zlXGEBqWynY,UC8aCmG_y4DqqVI9Xlcym1Jg,2026-08-19 23:30:19,1113,58,4,120.0,120.0,0.0,1
zlcpewqGgow,UCgLFbrC7-g0ihBKB0obVPTg,2026-08-10 12:39:10,99,1,0,119.85,120.1,0.1,0
zltqEiu5LFQ,UCdK9h1ILxS49c2LguBUY3rw,2026-08-25 11:15:34,6,0,0,120.0,120.0,0.0,1
zm2xwrdMKbg,UCEqUCm2j9Na3y_ebrEIjBRw,2026-08-22 17:22:21,0,0,0,119.89,120.14,0.11,0
zmEdSzlUFSA,UCBS4sjbGJIcclT-Y6i_Jzkg,2026-07-25 14:08:28,29866,1101,5,119.86,120.11,0.11,1
zmEnE8x_0Ys,UC783XWULPW-nDGv_0EYlB6Q,2026-08-09 09:09:16,34639,469,52,119.85,120.1,0.1,0
zmToPkTfNTw,UCeBa5aBvHvly34S0Uk9Wqig,2026-08-03 10:54:38,245,6,1,119.84,120.09,0.09,0
zm_ciDJ_tPw,UCQzgMwT5Q6x-Mtq65HRS_0Q,2026-08-31 11:46:28,71194,281,118,119.99,120.24,0.01,0
zmeCbdQgkgQ,UC3pTpoDKt17IrCDH60kSNPA,2026-08-19 05:00:18,2709,69,32,119.76,120.01,0.01,1
zmgZCIbQUA0,UCN5oT4zGJX-_H6pE5isAEeg,2026-08-20 08:00:21,900119,12195,581,120.0,120.0,0.0,1
zml4OPLLGUU,UCqlcSsDNMYxEsem7bWY-66Q,2026-07-31 17:04:19,15527,430,1,119.93,120.18,0.07,0
znEsgY6kNjs,UCSzHok6X5qXEO7cjvVnE62g,2026-08-08 04:00:30,56870,309,108,119.99,120.24,0.01,0
znFURuk9lOk,UCI4wEWWBEElIbp9jHcFllTw,2026-08-23 13:15:36,20331,148,0,120.0,120.0,0.0,0
znYDzJvqRrc,UCSfhr4gDPFsKuwdmTOWp2jw,2026-07-18 09:30:05,22,1,0,120.0,120.0,0.0,0
znljXh47_2I,UC783XWULPW-nDGv_0EYlB6Q,2026-07-18 09:30:12,48735,1444,16,120.0,120.0,0.0,1
znlnNAJZUgc,UC_8GOc5dWX2Kpb74_nQ7vSQ,2026-08-24 09:00:09,143978,4293,384,119.76,120.01,0.01,0
zoCA8v_ZfcU,UCdcjduaR6hyGHVNmpbJzSsw,2026-07-28 21:40:25,4117,170,4,119.83,120.08,0.08,0
zoIW6abatHo,UCPGl9DV2WUgaqGVXtVrhJWQ,2026-07-28 15:00:09,6,0,0,120.0,120.0,0.0,1
zoipTLzVTHA,UCbvvdVOF0teLO-U6GWh1RKg,2026-07-28 23:04:40,2776,42,16,119.92,120.17,0.08,0
zomjMINTnls,UCHeg3ApmuXQbqqszaD1fR9g,2026-08-17 15:15:34,106,9,0,119.99,120.24,0.01,0
zoyJZYm3-9g,UCnkytUgy0CtWd06up9CjNxg,2026-07-22 11:00:27,45664,995,48,119.99,120.24,0.01,0
zp1h6zIutPA,UCyoKcrOcBEY4rmLYkDuXErA,2026-08-20 13:00:16,90165,1516,161,120.0,120.0,0.0,0
zpVVTaqpafw,UC2Q9aDRNOLcOiMcKpF0Ylhg,2026-07-24 14:10:17,3276,219,32,119.83,120.08,0.08,0
zpd-SS6J0KI,UCN8YcyYvYIrtLcwyT-KqbNg,2026-07-22 11:00:09,41433,520,17,120.0,120.0,0.0,1
zpm6Dx3rBxQ,UCXVVG5ZM3SJJCh94xatR8Dg,2026-07-25 06:00:23,885,6,0,120.0,120.0,0.0,1
zpqjqITcfT8,UC1Il94cQwl93Zun8ax1Qjlw,2026-08-03 15:23:32,39,2,0,119.86,120.11,0.11,0
zptu5LB-r9s,UCI3DTtB-a3fJPjKtQ5kYHfA,2026-08-30 08:15:06,34763,418,11,119.77,120.01,0.01,0
zpwlyotSY0o,UCrKSaegnzewdj9-YLsUhoZw,2026-08-02 23:48:54,11783,63,11,119.94,120.19,0.06,0
zpyTQJQnt6I,UCmwZePdbUmncnpQptdPH2Jg,2026-07-24 04:56:03,30,2,0,119.82,120.07,0.07,0
zq1_FBDVY2M,UC0vqyzJ-1l3AJl3IkKu0bhQ,2026-08-04 09:25:51,23,3,1,119.82,120.07,0.07,0
zq2ippxm73s,UCmZeuRfHYowZhf6odtoaNdg,2026-08-29 11:08:39,60987,197,40,119.87,120.12,0.12,0
zq71rrpos-s,UC59jWhPazXYi8Ny4vake45A,2026-07-31 11:03:06,29306,648,19,119.95,120.2,0.05,1
zqBnPRIiMRQ,UCab17MxxnFtAhGsJVTkSkCg,2026-08-16 18:10:43,1287,29,3,119.82,120.07,0.07,0
zqT16cgZS0I,UCfq-5-0b5Lzj7cKCrp6-flA,2026-07-23 08:00:31,30508,1490,81,120.0,120.0,0.0,1
zqdOjbGDPSw,UCs7mzshFv0PbUMUM0x1Waug,2026-07-12 06:46:15,5806,8,0,119.98,120.23,0.02,0
zqfN4CVhAtg,UC8CX0LD98EDXl4UYX1MDCXg,2026-08-12 17:46:36,171289,10500,713,119.98,120.23,0.02,1
zqfiRR0GHI0,UCRq3CDTZ2qe3HiHrZdQKBvQ,2026-08-15 12:05:19,2722,15,10,119.91,120.16,0.09,1
zqiZBx5pouo,UCTDBdmaY4m3ipZaLiYA6FWg,2026-08-14 19:56:53,6784,70,4,119.8,120.05,0.05,1
xTTinqPkR_g,UCV6mNrW8CrmWtcxWfQXy11g,2026-08-17 14:00:00,165510,4805,50,120.0,120.0,0.0,1
xTWa1VfO-eg,UCiVO_mThS9B3tNc_kzpn-3g,2026-08-25 16:00:33,4809,149,3,120.0,120.0,0.0,1
xTdG6Guxp9c,UCJDXc9JWCZo-nLNKr_-L2Ng,2026-08-10 17:00:23,2671,86,3,120.0,120.0,0.0,0
xTdVhjEWVZw,UCJDXc9JWCZo-nLNKr_-L2Ng,2026-08-30 15:00:23,2942,76,8,119.76,120.01,0.01,0
xTvN6bTAgLA,UCPGl9DV2WUgaqGVXtVrhJWQ,2026-08-28 15:00:01,1,0,0,119.76,120.01,0.01,0
xU0qP1aPIyQ,UCN8L7Z-dyzu9FzT39RM0fvw,2026-07-26 09:34:03,7759,98,51,119.93,120.18,0.07,0
xU44-uAF7vg,UCms8Ge7H1ZGgw6nV94fUhUQ,2026-08-07 09:00:21,100320,1122,465,120.0,120.0,0.0,0
xU4WdRdzK3I,UCp9skQ2mP_DfVL8c3gZQUzg,2026-08-27 09:35:25,42471,215,4,119.92,120.17,0.08,0
xU6E4lq2Jp8,UCRCK5FCJtomQT3b88jXI_DA,2026-08-25 01:26:28,12891,,,119.82,120.07,0.07,0
xUDodgN4fC4,UC8E29ANOC3_OuB7_5EPY2xw,2026-08-26 08:55:24,2266,13,2,119.84,120.09,0.09,1
xUIU8Bv_9EU,UC_9W6Z5Y3lDpLk47Y_y5ITQ,2026-08-06 23:02:54,8105,94,22,119.95,120.2,0.05,0
xUREkJB5igM,UCJoWNCiFuiN4eZnB80WUf4Q,2026-07-16 05:30:30,81561,823,75,119.99,120.24,0.01,0
xUT25d5DCgo,UCV2rXchZ5JNpvmSIOVEQ5oA,2026-08-26 15:00:35,68241,194,25,120.0,120.0,0.0,1
xUYQZQQSm1c,UC2yOBpLVwB7kzt9C5ZPbB7w,2026-08-02 20:00:11,23594,440,12,120.0,120.0,0.0,1
xUb5IL0-_w8,UCv1tOT645xHOJrwdGlzjMaA,2026-08-15 14:15:44,68335,1279,36,119.99,120.24,0.01,1
xUo1WAvO-4w,UCYsRymb9vAsOOLBy-Wo1kRg,2026-07-28 07:38:47,3977,81,3,119.86,120.11,0.11,1
xUqEDcqqSj8,UC3DYSay178fMMPaf3zHwECA,2026-08-05 04:15:06,12835,376,32,120.0,120.0,0.0,0
xV-gG9zKUDg,UChHxLcNi7e0zu-e33HM6v6A,2026-08-08 09:00:10,3086,47,10,120.0,120.0,0.0,0
xVNmnc1VnkY,UC6JTm9ObvQFuTEOxOsbmYwA,2026-08-18 09:00:15,28047,511,74,119.76,120.01,0.01,0
xVUWKSlWZUY,UCV6mNrW8CrmWtcxWfQXy11g,2026-08-22 15:00:21,186177,5983,238,119.76,120.01,0.01,1
xV_lsm84KYM,UClvMduw1MDMQ0PuH753-XSA,2026-07-23 22:18:22,3879,96,1,119.95,120.2,0.05,0
xVb8yepd3Bs,UCRE-9quk3OT2OKgZFAgdN_g,2026-07-29 14:42:48,9865,72,61,119.79,120.04,0.04,0
xVcaJ_qzcr8,UCSzHok6X5qXEO7cjvVnE62g,2026-08-10 10:00:37,67269,329,50,119.99,120.24,0.01,0
xVr0tmToajA,UCV6mNrW8CrmWtcxWfQXy11g,2026-08-27 17:00:40,360771,11710,514,120.0,120.0,0.0,1
xVwxM3-_qjc,UCnCH3Uhv_ynhTNKEH6ekRtg,2026-08-11 04:59:43,8175,148,18,119.76,120.01,0.01,0
xW0j9slOdj8,UCzRPPKLkNxjD2of-0Xxfnjw,2026-08-08 04:40:17,5635,27,1,119.83,120.08,0.08,1
xW8_X8jiGvE,UCfcfymsN3OMo2cfmbpGTanw,2026-08-19 05:00:17,22995,111,63,119.76,120.01,0.01,0
xWFsDBmzMuI,UCV6mNrW8CrmWtcxWfQXy11g,2026-08-20 10:00:20,164623,10575,95,120.0,120.0,0.0,1
xWI-MNVd5lw,UC1p5kp09LAS3kpQB3O8YQJw,2026-08-08 13:44:32,1757,24,3,119.76,120.01,0.01,0
xWTuBw70Ipw,UCJYdIDfGkqXTsQq5aW4md0Q,2026-07-27 00:21:42,340,2,1,119.89,120.14,0.11,0
xWaIfpCdpQM,UC3gl4CHfNtAqNjju1goB0_w,2026-07-17 14:13:29,4489,70,7,119.78,120.03,0.03,0
xWkXo-JFBEE,UCzSODDx0zQF3nxXOZISCm_w,2026-08-20 13:30:21,955,3,0,120.0,120.0,0.0,1
xWqAcQbDk6M,UC1IUMdwaJ22A6FkPiI8dcig,2026-08-29 14:11:22,152928,2015,170,119.82,120.07,0.07,1
xWs0A1Qlvic,UCzDmGDR5RdahQkLCBoWlTEg,2026-08-23 10:24:51,10565,139,8,119.85,120.1,0.1,0
xX16KtgODvg,UCAhmOb9JWkI2HV_KIe9X_3A,2026-08-25 13:00:32,2935,37,14,120.0,120.0,0.0,1
xX4-P06Retg,UCpI-AhCT02iQRGLC2ZcY0Jw,2026-08-30 09:00:04,43759,308,313,119.76,120.02,0.02,0
xX7TnCPa_Q4,UCV7WE8I_UiAN0fa6Arezx_w,2026-08-02 13:00:37,36,1,0,119.99,120.24,0.01,0
xXXl1tVcUTw,UCV7WE8I_UiAN0fa6Arezx_w,2026-08-28 10:00:03,44,1,0,119.76,120.01,0.01,0
xXYW-8g1F0Q,UC7vyTwJjcUdYsVQjiTHcPyg,2026-08-28 14:32:07,115723,774,340,119.98,120.23,0.02,0
xXe6iw2jkfs,UCta3D5-EYqO-pduQLxQ8mNQ,2026-08-11 03:00:02,8442,63,5,120.0,120.0,0.0,1
xXglS_FLvxs,UCgsKeCRaBGH6JlnH6VO_7OA,2026-08-09 17:23:48,7,0,0,119.86,120.11,0.11,0
xXikQPnJRI8,UCpcTrCXblq78GZrTUTLWeBw,2026-08-29 16:00:35,79712,1816,30,119.76,120.01,0.01,1
xY28VQ2dtW8,UCzSODDx0zQF3nxXOZISCm_w,2026-08-15 09:30:27,949,5,0,120.0,120.0,0.0,1
xY4yLySnGKs,UCzVXdulvpgEoI8yuFMmhxJw,2026-08-21 14:29:52,116250,5358,597,119.76,120.01,0.01,0
xY6hXFHfD_I,UC_RRZdJk55ShXE-9d3deRUA,2026-08-02 17:40:05,10501,62,7,119.83,120.08,0.08,0
xYPk17cYo2c,UC-2wa6jvprl7hfCpvw0ULzg,2026-08-12 01:00:27,31673,605,75,119.99,120.24,0.01,1
xYRwjsXZ2gI,UC2_VPutZK0o_tG8ca_QrQRA,2026-08-09 12:11:28,30284,,65,119.81,120.06,0.06,0
xYXyy7rRcZc,UCv1tOT645xHOJrwdGlzjMaA,2026-07-16 15:10:30,33624,791,23,119.83,120.08,0.08,1
xYkywO8PFU8,UCLHwMFguUxHVSk91vzicEJw,2026-07-10 08:44:34,34523,411,38,119.84,120.02,0.02,1
xYn3Rfafd1s,UC6JB_a6rD1lZ_aZgQvORfrQ,2026-07-21 15:35:19,2390,47,1,119.91,120.16,0.09,0
xYoRexInKz4,UCrY2B2XX41ReYh9DIWrFfCg,2026-08-20 10:01:49,4011,,32,119.97,120.22,0.03,0
xYyIoRrOvBg,UCN5oT4zGJX-_H6pE5isAEeg,2026-08-04 03:00:26,590658,9123,1802,120.0,120.0,0.0,1
xYzXka62F8o,UCw1DsweY9b2AKGjV4kGJP1A,2026-08-03 03:05:01,54434,364,29,119.92,120.17,0.08,1
xZ1Tc_9yAHU,UCgT-gb3favw2jQgwxbbwwaA,2026-08-17 11:00:04,97788,554,26,120.0,120.0,0.0,0
xZSZSQg7kNk,UC_F-jhf8uO0fzrM7NQwvs3Q,2026-08-30 02:35:09,461,0,0,119.93,120.18,0.07,0
xZUaMkiq4co,UCOTJtP0Z9DjpPU43B5m1V6A,2026-08-17 02:30:03,123066,1056,82,120.0,120.0,0.0,0
xZfVsT240Ug,UCcHVk5SFxfYhCbbX8pWWuVg,2026-08-08 09:00:05,26284,183,93,120.0,120.0,0.0,0
xZkMh5fy1yM,UC_EEqHc75kYwzrN7L8T2Bfg,2026-08-10 23:28:20,996,32,19,119.78,120.03,0.03,0
xZllHC1B4WQ,UC7hwQp3F6P_OwyRM14p88iQ,2026-08-21 15:30:06,31717,219,2,119.76,120.01,0.01,0
xZySfxSDVFs,UCnkytUgy0CtWd06up9CjNxg,2026-08-25 11:00:39,73405,961,41,120.0,120.0,0.0,0
x_D7k2-_Svw,UCpcTrCXblq78GZrTUTLWeBw,2026-08-01 11:30:22,26867,677,51,120.0,120.0,0.0,0
x_Mz2L1auuE,UCL_IvtOZo6sONpiydbzzHpA,2026-08-26 02:09:04,204634,2654,11,119.86,120.11,0.11,0
x_RKxAXnaRk,UCjiXXUsdl0F0aUkTbv8ZVTA,2026-08-27 16:00:40,3796,104,10,120.0,120.0,0.0,1
x_a7KP6rJxc,UCB4gIGaPUiLtpPreFSf8fKQ,2026-08-04 14:52:43,3176,31,5,119.87,120.12,0.12,0
x_aGt23X6Zw,UCQDGJQe8X9tbk_i8Na3VVXg,2026-08-20 09:15:57,598,18,0,119.99,120.24,0.01,0
x_aQANIoswg,UCHCeN9BUgogMGrHBC6zKYvA,2026-08-02 13:15:22,5286,102,29,120.0,120.0,0.0,0
x_fpgWpKrcQ,UCXVVG5ZM3SJJCh94xatR8Dg,2026-08-07 03:00:30,1605,20,0,119.99,120.24,0.01,1
x_uNP7gYJOQ,UCS2OAdHoLt-9T6cG9A2H49Q,2026-08-03 03:00:27,13257,169,35,120.0,120.0,0.0,0
xa4IuRjXD90,UC8chC5rneP-LHm43q-jF3oQ,2026-08-22 05:11:31,968072,12137,164,119.82,120.07,0.07,1
xa9Gq1essrY,UCJmnOEp1-OITEU0mk4icM5A,2026-08-09 03:00:30,75496,690,128,120.0,120.0,0.0,1
xahsh6qI9Ks,UCBtJuwDt6LlXp2YASC-ZMdA,2026-08-06 09:00:32,446,2,0,119.99,120.24,0.01,1
xajyaXF-TFc,UCaHIZAKows704_gk6bjdAog,2026-08-28 07:24:37,90952,1710,70,119.85,120.1,0.1,1
xakjmw5bwQU,UCp6n8d8Y8r3MwKNw_MMaouQ,2026-08-08 17:31:41,18251,558,9,119.97,120.23,0.03,1
xamDEEzWhvA,UC-StHq1pWM-t4XS9ycZpn9w,2026-07-22 03:02:21,63331,796,68,119.96,120.21,0.04,1
xapj5p76Yb0,UC1aBdmKvC6yAiq4xgPLOzKA,2026-07-13 06:18:21,56475,1212,107,119.95,120.19,0.05,1
xarEz-x77bg,UCKC4R6B8bTLIKH1V9PyD7Iw,2026-08-27 09:00:07,59249,342,64,119.76,120.01,0.01,0
xbQ-ggkuK5I,UCfcfymsN3OMo2cfmbpGTanw,2026-08-19 08:01:02,25124,121,131,120.0,120.0,0.0,0
xbjaL44ZF8E,UCIsrVj53L57rcLAPOre4Xhg,2026-08-30 01:30:33,100497,550,70,119.76,120.01,0.01,0
xbyZlsnMbxk,UCLHwMFguUxHVSk91vzicEJw,2026-07-12 13:00:15,14093,319,46,120.0,120.0,0.0,0
xbzuYBdGA7Y,UCZ6mNZTiTUrUSbSYPlclI4A,2026-08-28 08:00:27,55637,718,40,119.76,120.01,0.01,1
xc257TCfoEg,UCXb8sP7slkJyunTEAsP-CiQ,2026-08-31 07:10:04,28598,413,44,119.85,120.09,0.09,1
zrAEtS48dcE,UCxpXguPL_B5pz7Gq8ozfwlA,2026-08-29 08:24:36,68171,54,5,119.86,120.11,0.11,0
zrAHwZ7jS9o,UC8CIM3d3zDYMk-3T5aAz0yw,2026-07-26 10:14:03,734603,9850,663,119.77,120.02,0.02,0
zrHCOn3HL4g,UCYJDUekoQz0-bo8al1diLWQ,2026-08-26 09:59:49,331393,5581,553,119.76,120.01,0.01,0
zrKtMKzwAB4,UC86GXx7Ap-Cahlb0r0xT-ZQ,2026-07-26 12:00:25,16421,147,14,120.0,120.0,0.0,0
zrRvDNS2T_g,UC86GXx7Ap-Cahlb0r0xT-ZQ,2026-08-07 12:00:26,19093,157,12,120.0,120.0,0.0,0
zrVq3lnd3RM,UCO8ToDSM2Gvt3EZdOdosxTw,2026-08-22 04:30:16,8879,127,95,119.76,120.01,0.01,0
zrap-K1gx4k,UCPuD5ZRQWa_JCaY5NokNhtg,2026-08-17 08:49:07,494,9,3,119.93,120.19,0.07,0
zrn6wymb7lw,UCvAetSOU_4lyjM5hVMNzN0Q,2026-08-24 08:54:15,35355,274,95,119.86,120.11,0.11,0
zruX1SebNJg,UCIOY-akTwtohcU0QB5ksjaA,2026-08-08 08:19:32,129,0,0,119.93,120.18,0.07,0
zs-GjJoItSw,UCt8CJiye87FMbEwt0npPMuQ,2026-07-31 15:00:10,2984,106,9,120.0,120.0,0.0,0
zs0Nm0kJqew,UC3DYSay178fMMPaf3zHwECA,2026-08-28 04:15:07,29463,487,43,119.76,120.01,0.01,0
zs1MJgQjtrU,UCifCesg-EUkjKyQedaB3hRg,2026-08-21 01:45:02,2076,21,0,119.76,120.01,0.01,0
zs76jtLvBCU,UCyiKngyUPUb1bka4yFrn65g,2026-08-12 10:11:19,23574,172,22,119.81,120.06,0.06,1
zsItk78esys,UCeG0ONJtjwE20ThR5iSYdsA,2026-07-23 07:43:06,27395,413,62,119.78,120.03,0.03,0
zshuHuCeQ-E,UCL2ZLyAV0H9Pvi46W7TGdHQ,2026-07-29 11:30:20,543339,4320,85,120.0,120.0,0.0,1
zsjLHEGkLXk,UCKrprPfevcAZpPuRnCO6xOA,2026-08-14 17:01:11,33,0,0,119.98,120.23,0.02,0
zsjMO4PtavM,UCPsZX-D7LW99PjZLA-UysPQ,2026-08-07 12:00:28,666,4,3,120.0,120.0,0.0,0
zsjiGVPaduY,UCRq3CDTZ2qe3HiHrZdQKBvQ,2026-08-18 12:33:03,1966,11,2,119.96,120.21,0.04,1
zswZOaaNNmw,UCIvLQ5lZ2kebqnLaGv_FP4w,2026-08-13 20:29:22,5058,23,0,119.76,120.01,0.01,0
zt4qM6kuwjQ,UCB4YEVYp6LynBpz7bXyZsTg,2026-08-01 06:00:33,26378,242,36,119.99,120.25,0.01,0
ztHIkAnn0Mk,UCXg-6b0X0sIMBDHhbyBuOQg,2026-07-14 11:00:29,60,1,1,119.99,120.24,0.01,1
ztYjhAUmiOo,UC5ThQKdocwo_9UurfT5P_ww,2026-08-07 23:51:13,328093,4208,57,119.9,120.15,0.1,1
ztahD269JR4,UCg7rkxrTnIhiHEpXY1ec9NA,2026-08-28 07:00:04,258130,8358,527,119.76,120.01,0.01,0
ztg5_2TXpTY,UCBtJuwDt6LlXp2YASC-ZMdA,2026-08-19 09:00:07,1225,5,0,119.76,120.01,0.01,1
ztgwMTAq29A,UC-okJdotaXPlzivRzHFqzuA,2026-08-28 05:00:14,306332,1115,55,119.76,120.01,0.01,1
zti8AMj_q2M,UCN8L7Z-dyzu9FzT39RM0fvw,2026-08-14 11:11:15,11319,138,47,119.82,120.07,0.07,0
ztjskkE-R_c,UCPGl9DV2WUgaqGVXtVrhJWQ,2026-08-28 15:00:26,3,0,0,119.76,120.01,0.01,0
ztl9xPbc18A,UCt8CJiye87FMbEwt0npPMuQ,2026-08-10 15:30:36,3705,114,19,119.99,120.24,0.01,1
ztq6yN-0Mxs,UCKVt3arMXfa6XZezR1UnjqQ,2026-07-21 03:00:12,7217,62,9,120.0,120.0,0.0,0
ztu1UWBsIjM,UCwBkHOTyu57NQi0syf5MLig,2026-08-12 06:00:34,380515,1993,77,119.99,120.24,0.01,1
ztu6IyuQaGU,UCFrKhWvZ8oeJQTNP5ZabgJw,2026-08-27 12:00:28,623132,8042,147,119.75,120.01,0.01,1
ztvD5oyvNlI,UC-8S20Ll1gzPiu_YY8BgyaQ,2026-08-11 13:20:55,81650,574,58,119.9,120.15,0.1,0
ztwKVPFRGlQ,UC1aBdmKvC6yAiq4xgPLOzKA,2026-07-17 05:20:20,17262,339,20,119.91,120.16,0.09,0
zu03W73gpuM,UCIvLQ5lZ2kebqnLaGv_FP4w,2026-07-29 15:45:44,1212,9,1,119.99,120.24,0.01,0
zu0yIaC0OZk,UCQfISxq5legTqOt1h1us6lg,2026-08-26 10:05:09,2697,16,1,119.92,120.18,0.08,0
zuIhaJvrrcc,UCqVkQsNin4MdGFrWvzFVOKw,2026-08-02 15:20:51,16079,401,0,119.9,120.16,0.1,0
zuPh2SObXfg,UCt8CJiye87FMbEwt0npPMuQ,2026-08-08 15:45:18,4964,187,20,120.0,120.0,0.0,1
zuRNPjiLbJA,UCYooECrv-fIXlPaDwEIaveA,2026-08-18 09:01:23,39710,543,26,119.99,120.24,0.01,0
zuY3AzM2ChY,UC8x8GQmlxAIhHxzU61z0uLQ,2026-07-24 01:24:31,6137,37,8,119.84,120.09,0.09,0
zubaVwC8dLQ,UCV6mNrW8CrmWtcxWfQXy11g,2026-08-21 19:00:15,105597,2642,174,119.76,120.01,0.01,1
zueQ7ObF6EU,UC-FiQR2gg8oiNw98ZdsSX6Q,2026-08-07 18:00:21,2662,14,2,120.0,120.0,0.0,0
zui_pDcXy10,UCab17MxxnFtAhGsJVTkSkCg,2026-07-25 05:04:16,423,11,3,119.93,120.18,0.07,0
zurtZ02lwAc,UCO8ToDSM2Gvt3EZdOdosxTw,2026-07-15 08:30:10,6101,44,47,120.0,120.0,0.0,0
zuuRivRSgsQ,UCnju7ULBic4VgkCfDvVXCnA,2026-08-13 22:54:28,4033,112,0,119.84,120.1,0.1,0
zuuc45sXZhQ,UCNmN3W2H0r5_hV2drzbEn7Q,2026-07-30 11:52:39,17598,477,44,119.87,120.12,0.12,0
zv6HDr5EogU,UCSfhr4gDPFsKuwdmTOWp2jw,2026-08-22 09:30:36,125,2,2,120.0,120.0,0.0,0
zv7sv3FCtCo,UCe-7GwWL1XNlCJyfqBhgrHA,2026-08-29 12:01:30,37861,859,9,119.99,120.24,0.01,1
zvICzLBAuJo,UC3hCAmwyYNgRuOOSFV7evVA,2026-08-28 03:15:03,125759,319,50,119.77,120.01,0.01,1
zvJt5ojMqBE,UCPsZX-D7LW99PjZLA-UysPQ,2026-08-03 03:00:12,2244,13,3,120.0,120.0,0.0,0
zvKUrCuqDPc,UCPsZX-D7LW99PjZLA-UysPQ,2026-08-29 03:00:15,746,1,0,119.76,120.01,0.01,0
zvMyEuTnHuk,UCEuP8zMn3ln3ZqJa85dp9JQ,2026-08-17 02:30:09,3681,191,11,120.0,120.0,0.0,0
zvVBB7aVyeY,UCIKORyfTZ0cN-u0hrxHcgUw,2026-07-29 22:56:31,439,9,2,119.81,120.06,0.06,0
zvaFrO0SKJ4,UCHZ9X2Nl3dq8ChEJgScmZCw,2026-08-25 13:09:03,8354,67,13,119.86,120.11,0.11,0
zvjmfDkg5_g,UCNu00qhYj4nPeMNdxuwV6sg,2026-07-12 14:09:36,1122,45,0,119.84,120.09,0.09,0
zvkiZeBP7zo,UCPI40-XQA9-GBGj2k8PPqfg,2026-07-25 07:04:47,64785,1584,30,119.92,120.17,0.08,1
zvqfQ6FgJ3o,UCd9oeoY-jLSkhd-J5y_1aYg,2026-07-16 14:43:25,405,4,1,119.78,120.03,0.03,0
zvtV8Po_5Bs,UC2yOBpLVwB7kzt9C5ZPbB7w,2026-08-24 13:00:08,50329,822,28,119.76,120.01,0.01,1
zvxhZ5T8edg,UC4cKHOBS-nRfKFTwf1n8HGA,2026-08-22 15:11:39,38,,0,119.82,120.07,0.07,0
zvzjZ9W3SF0,UCF-rFAdN7dzd-SI2T3rkCaQ,2026-08-13 02:00:35,336757,4877,125,119.99,120.24,0.01,1
zw0KsPNcmco,UC7Fh4LtlazaQnzT84qCzl6A,2026-07-30 04:00:26,107799,1480,20,120.0,120.0,0.0,1
zw4sibAQEds,UCZ6mNZTiTUrUSbSYPlclI4A,2026-08-12 10:39:34,5046,64,17,119.84,120.09,0.09,0
zwM-OFZ_KUE,UCK1aVlIbEBrdhv-gbSgGIkQ,2026-07-30 11:33:47,126,7,0,119.94,120.19,0.06,0
zwM0EqJB5q8,UCuWDza8A_ntbjwBZgW0ZSNw,2026-08-07 03:00:11,69574,323,103,120.0,120.0,0.0,0
zwPZRdpsEiY,UC5RxNUZ9_c94ZEfJGnJZmTw,2026-08-05 01:18:25,1061,32,0,119.94,120.2,0.06,0
zwVGtrXHxic,UCz5LAkkX66OAW-y_WiWf9vA,2026-08-30 16:02:50,1865,4,0,119.97,120.22,0.03,0
zw_TMSkQlYQ,UCZPBWThSlgWT0DVaxxUEX4A,2026-08-15 02:37:15,113,3,0,119.88,120.13,0.12,0
zwif-N0bckY,UCpAZLM9XMzIbqFucUBD8Jtg,2026-08-23 05:58:27,271057,3498,142,119.79,120.04,0.04,1
zwoOOyjHW-o,UCePy6AqRuTfKDC4aTrqcAqQ,2026-08-12 09:48:14,2183,169,14,119.95,120.2,0.05,1
zx1O-MASfDg,UCqlcSsDNMYxEsem7bWY-66Q,2026-08-29 09:02:32,63122,899,100,119.98,120.22,0.02,0
zx4pbi5eMoA,UCOLDn9gw0yegXRgjoi5MzNQ,2026-08-30 02:10:17,295,2,0,119.84,120.09,0.09,0
zxCztTT7evE,UCBtJuwDt6LlXp2YASC-ZMdA,2026-08-20 11:00:18,77,4,0,120.0,120.0,0.0,1
zxOk2Y_drtA,UCp6n8d8Y8r3MwKNw_MMaouQ,2026-08-24 14:34:02,36825,1736,35,119.94,120.19,0.06,1
zxeaHQ6UAZI,UCQJuZxeDv2P05YHcC-tIEVQ,2026-08-08 08:00:25,14862,168,24,120.0,120.0,0.0,0
zxgwmym2OBo,UC2WBkFH1nHcO6aFLWo6sZQg,2026-08-28 16:57:50,16327,533,3,119.8,120.05,0.05,1
zxpcHUD4MVI,UCWwbZhw5M-Q5dZtTK4nDWNw,2026-08-04 03:00:25,61361,623,7,120.0,120.0,0.0,1
zxwF64eflnQ,UCfQOeRevRI14uNqluiJ7TeQ,2026-07-27 08:00:11,74,2,0,120.0,120.0,0.0,0
zybQnviH6mE,UCpcTrCXblq78GZrTUTLWeBw,2026-07-10 22:30:11,35358,546,147,120.0,120.0,0.0,0
zyfmOH7AltA,UCF-rFAdN7dzd-SI2T3rkCaQ,2026-07-15 12:50:03,506562,3017,225,119.92,120.17,0.08,1
zypr7mWa3L0,UCsuanL5kXO29Uzz3MWlBsMQ,2026-07-27 01:58:25,101,6,0,119.78,120.03,0.03,0
zysPph08zoQ,UCPGl9DV2WUgaqGVXtVrhJWQ,2026-08-12 15:00:04,3,0,0,120.0,120.0,0.0,0
zywUQrhHUJo,UCv1tOT645xHOJrwdGlzjMaA,2026-08-15 14:58:31,18917,117,57,119.78,120.28,0.22,0
xc30pPJqtdU,UCOTJtP0Z9DjpPU43B5m1V6A,2026-08-02 05:12:27,172362,1194,86,119.8,120.05,0.05,1
xc3Z88-vO5A,UCKrprPfevcAZpPuRnCO6xOA,2026-07-25 09:00:03,918,8,6,120.0,120.0,0.0,0
xc4GFXIDVQ4,UC2t5bjwHdUX4vM2g8TRDq5g,2026-07-31 02:55:52,2935,221,,119.82,120.07,0.07,0
xcD1Kzg0ySE,UCrGNa63AQ-rcINIoE_UqdxA,2026-08-13 18:43:53,27,0,6,119.77,120.02,0.02,0
xcEMfCHtN9s,UClvMduw1MDMQ0PuH753-XSA,2026-08-19 01:10:20,1630,47,1,119.84,120.09,0.09,0
xcFAbFLo0ps,UCIsrVj53L57rcLAPOre4Xhg,2026-08-26 07:44:16,117860,713,101,119.77,120.02,0.02,0
xc_3AKZa-gA,UCMswODzU1ZjjrLyUk7NfwPA,2026-08-26 03:14:32,81366,659,25,119.77,120.02,0.02,0
xcvKemdeOLk,UC4VWaR3R17Ruc7j1Cy1-PKQ,2026-08-21 06:56:28,161,2,3,119.82,120.07,0.07,0
xd0xqCcFJZ0,UCS3_H_feQRm4QbXipKTvSrw,2026-08-13 12:00:20,19852,375,23,120.0,120.0,0.0,1
xd1dsnM5WYo,UCGVy07wZs8W-EpKAGchrmCQ,2026-07-23 00:49:26,8893,89,26,119.93,120.18,0.07,0
xd32Ge1IADk,UCPuD5ZRQWa_JCaY5NokNhtg,2026-07-27 00:44:54,642,7,2,120.0,120.0,0.0,0
xd63q1zkAJA,UCcum1rCJ5GJeQ_xv0xrohqg,2026-07-31 14:00:28,56551,1819,68,120.0,120.0,0.0,1
xdAilrY_uJI,UCCs1YZHxUTIbLZd-xrvvMCw,2026-08-01 09:01:42,22815,553,108,119.97,120.22,0.03,0
xdBY8816tJc,UCroIk85IFzp6OZzKoJFDKuA,2026-08-27 18:06:17,6189,9,0,119.91,120.16,0.09,0
xdBoaOk3QJg,UCKVt3arMXfa6XZezR1UnjqQ,2026-08-26 22:00:06,6326,58,4,119.76,120.01,0.01,0
xdDAgsJmyog,UC-pobd8lZE33BSDz-iyHfJQ,2026-08-15 00:58:50,2041,18,0,119.77,120.02,0.02,0
xdRgLiwTMHA,UCNu00qhYj4nPeMNdxuwV6sg,2026-07-13 09:22:39,1124,42,0,119.87,120.12,0.12,0
xdj3ydu-f0s,UCNu00qhYj4nPeMNdxuwV6sg,2026-08-08 07:02:35,4763,44,4,119.96,120.21,0.04,0
xdkxs10hxMw,UCk5C4AR3uvmKwZYkIlSobbg,2026-08-13 15:56:14,27905,150,120,119.82,120.07,0.07,0
xdq37SDfa6s,UCyiKhng8Mr3xlm-rgec6mWQ,2026-08-20 05:00:39,58,2,0,120.0,120.0,0.0,0
xdxoVN-Bpsw,UCEebX3m88Arwc91LPmEmTYQ,2026-08-09 22:54:35,7868,482,17,119.84,120.09,0.09,0
xdz4oUvjT54,UChLqHuZV0PENIBYxDgXyPLQ,2026-07-11 01:21:02,11997,183,22,119.9,120.15,0.1,0
xe6cWoNVJqY,UCEcRvF_6IRSux8FO-ogFZug,2026-08-04 16:36:20,9020,385,12,119.9,120.15,0.1,0
xeKFA3gURrI,UCULRVjf5z_WoR106msn8HoA,2026-08-17 03:03:09,102972,1010,298,119.95,120.2,0.05,0
xeO_v5rU-WI,UCN5oT4zGJX-_H6pE5isAEeg,2026-07-25 08:00:13,703822,10822,123,120.0,120.0,0.0,1
xeP6Ts8CcVQ,UCgLFbrC7-g0ihBKB0obVPTg,2026-07-22 15:27:36,203,6,0,119.79,120.04,0.04,0
xeSFluMAPLQ,UCCd3jyJmOFzkJEMj5Bp89rw,2026-07-17 19:00:03,2554,152,1,120.0,120.0,0.0,1
xeUyY2UPfxk,UCz1Gc37nWsdF_jbJ_SvMl4g,2026-07-24 10:22:04,5922,38,6,119.89,120.14,0.11,0
xemAD7xXXiY,UClWTMxooQefOLUV0TRcJ1Eg,2026-08-11 08:30:35,9305,367,11,119.99,120.24,0.01,1
xf6jeKLTQPg,UCZ6mNZTiTUrUSbSYPlclI4A,2026-08-28 14:26:41,12410,516,16,119.82,120.07,0.07,1
xfG8Ruf38WM,UCSfhr4gDPFsKuwdmTOWp2jw,2026-08-18 10:00:23,208,5,0,120.0,120.0,0.0,0
xfbr6NOepfQ,UC0vqyzJ-1l3AJl3IkKu0bhQ,2026-08-13 08:52:57,20,2,3,119.87,120.12,0.12,1
xffUTx1Q3AY,UCM81CAJ2_Y42-bvK1OQnAAA,2026-08-18 08:00:35,81555,893,863,120.0,120.0,0.0,0
xfh85QZZfkY,UCfQOeRevRI14uNqluiJ7TeQ,2026-08-27 08:00:35,2491,26,1,120.0,120.0,0.0,1
xfkDGUcly0s,UC6NXJtCn3p-actkvBUlHwDA,2026-08-25 03:00:31,50162,478,528,119.75,120.01,0.01,0
xg7KzF3Ckqk,UCTVkjiEiaiSbEq0Qwd5XTPA,2026-08-28 14:49:51,15767,411,40,119.93,120.18,0.07,0
xg8MYv5briw,UCVZI7eLie2UlZph6aiBRNrw,2026-07-22 10:00:46,58082,485,73,119.99,120.24,0.01,0
xgBIEcgX5Mg,UCJ_skdHPp19J9qGsgXxjMnA,2026-08-24 07:26:45,7160,98,6,119.82,120.07,0.07,1
xgEufskdaxg,UC9DNu8JRIcE-rpo9eBx1ffw,2026-08-13 13:58:06,5692,29,7,119.78,120.03,0.03,0
xgFIeqhoJMY,UC_O4_e0nbsMoU1rg7JU_nwQ,2026-08-12 02:30:25,51058,823,146,120.0,120.0,0.0,0
xgGjibs8aHY,UCwlUB3goOsh4tpqZKIzUAbA,2026-08-21 12:20:08,14484,174,51,119.93,120.18,0.07,0
xgM_hbyj72s,UCiVO_mThS9B3tNc_kzpn-3g,2026-08-24 19:00:03,32224,1058,268,119.76,120.01,0.01,0
xgX9kLENVc0,UC8x8GQmlxAIhHxzU61z0uLQ,2026-07-30 23:33:37,1487,12,0,119.94,120.19,0.06,0
xggz377xmMY,UCN8L7Z-dyzu9FzT39RM0fvw,2026-08-04 01:00:15,25339,449,187,120.0,120.0,0.0,0
xgohQOsonQU,UC141BuVRzSSXJX33Am9yxEA,2026-07-16 09:00:02,16746,324,55,120.0,120.0,0.0,0
xgtQh2B_p5Y,UCei_ecYpQqFjYhjLaDPr2Lw,2026-07-25 16:42:26,28,4,0,119.79,120.04,0.04,0
xhJfGYOtRso,UCPGl9DV2WUgaqGVXtVrhJWQ,2026-08-04 15:00:19,36,0,0,120.0,120.0,0.0,0
xhKpM-4CQeU,UCZ6mNZTiTUrUSbSYPlclI4A,2026-07-23 09:00:33,28960,732,38,119.99,120.24,0.01,1
xha3BbA3Cr4,UC1aBdmKvC6yAiq4xgPLOzKA,2026-08-30 03:00:00,34142,173,30,119.76,120.01,0.01,0
xhe8BA639fQ,UChKYbZ9fSz8DMM6wU-t1lMQ,2026-08-06 10:00:29,8286,143,9,119.74,120.24,0.24,0
xhjkGlOw0IE,UC08-hQbwh7eyr8PlaYG2-sQ,2026-08-22 10:00:04,15065,222,164,119.76,120.01,0.01,0
xhwfpJfANiA,UCPsZX-D7LW99PjZLA-UysPQ,2026-08-12 12:00:09,178,1,0,120.0,120.0,0.0,0
xhyIGZOzms4,UCpI-AhCT02iQRGLC2ZcY0Jw,2026-08-26 07:00:22,42082,397,136,119.75,120.01,0.01,0
xhzqHMStS-Y,UCGa52d8Qlv3THghuCAt_nXA,2026-08-05 08:30:07,54575,262,11,120.0,120.0,0.0,1
xhzqf3MPro4,UCkd3KAYGnTNPJZZrPOFeWhA,2026-08-23 02:54:44,25820,62,12,119.85,120.1,0.1,1
xi1OjfvkydE,UCK2tMI7hBvOk5ibNMVpaIlw,2026-07-23 15:53:04,42,4,1,119.87,120.12,0.12,0
xi2plWcH8jM,UCbFzvzDu17eDZ3RIeaLRswQ,2026-08-09 11:50:01,583157,7585,660,119.92,120.17,0.08,0
xi4TJGpEdSQ,UCY_vDlvG-BTDRIOk_I9QQ6g,2026-08-30 01:41:59,6519,20,0,119.81,120.06,0.06,0
xi8kbrI-Na8,UCY_vDlvG-BTDRIOk_I9QQ6g,2026-08-06 09:30:25,1995,29,16,120.0,120.0,0.0,0
xiDwKqyTeQs,UCgvtwZJPhSfbKOxh3EoVXng,2026-08-07 21:00:03,37,1,0,120.0,120.0,0.0,0
xiF6wjYnzsQ,UCnCH3Uhv_ynhTNKEH6ekRtg,2026-08-20 07:07:38,7542,112,11,119.88,120.13,0.12,0
xiofc6XQfBk,UC5bjQxLK_3XVzIOTQ04sYeg,2026-08-06 14:42:26,780,12,0,119.8,120.05,0.05,0
xiwsmsRgzU0,UCzps05UZ7XpX3SFoFyYIDow,2026-07-29 08:00:07,7975,120,7,120.0,120.0,0.0,0
xj5xjE7Y7v8,UC9M8GGVwPqc9ubNruArCNPg,2026-07-30 08:00:40,39025,842,49,119.99,120.24,0.01,1
xjDJ-N6nXt0,UCrKSaegnzewdj9-YLsUhoZw,2026-07-26 23:45:04,10098,68,16,120.0,120.0,0.0,0
xjT5U6YlA0w,UCBidluUUxzT_5jVOI_2x2MQ,2026-08-15 03:00:27,2421,6,0,120.0,120.0,0.0,1
xjWKq2DZN3A,UCcvKf8NxAw9i09hZw1MQPBQ,2026-08-04 09:00:18,31118,661,195,120.0,120.0,0.0,0
xjWXVw__bQM,UCEcRvF_6IRSux8FO-ogFZug,2026-08-21 08:00:07,11264,1029,66,119.76,120.01,0.01,0
xjfMo5CBrm8,UCmiTZyj9GwMjyznZxrgCH4Q,2026-08-19 03:41:28,12867,163,40,119.82,120.07,0.07,0
xjh_c7e0rRY,UC-8S20Ll1gzPiu_YY8BgyaQ,2026-08-07 12:47:50,92868,602,53,119.95,120.2,0.05,0
xk4AnvdiOsw,UC1aBdmKvC6yAiq4xgPLOzKA,2026-08-06 04:12:31,196413,2390,37,119.79,120.04,0.04,1
xkEAH16X5O4,UCirJgPv8RtFaFMj39b6cD8Q,2026-08-15 09:00:03,2674,23,0,120.0,120.0,0.0,1
xkF_gDoxIc0,UCKVt3arMXfa6XZezR1UnjqQ,2026-08-06 09:00:06,4565,52,2,120.0,120.0,0.0,0
xkK52uUC0Do,UC9qwDE50UcXvdplRNZKEoPA,2026-07-27 07:00:24,29695,910,36,120.0,120.0,0.0,1
xkXyqggo4xs,UCS-X1uBDTNwAYyydiXjcX9A,2026-08-17 04:30:12,8462,55,11,120.0,120.0,0.0,1
xkZ7qP3Gseg,UCpcTrCXblq78GZrTUTLWeBw,2026-08-25 16:30:00,67913,2202,37,119.76,120.01,0.01,1
xkfPkqI-Knk,UCnhGcri8x6xhehanhAe9ipw,2026-07-12 10:00:49,24086,455,28,119.99,120.24,0.01,1
xko9Fs_PsUI,UCAl4HWznMn7KhKBRFO5eiFA,2026-07-22 12:42:31,19187,108,4,119.79,120.04,0.04,1
xkqYVsdhu0A,UCuXE-MdbuaZcPt_2J2kSsSQ,2026-07-25 07:45:50,290,4,3,119.99,120.24,0.01,0
xl72LBGLVvo,UCV7WE8I_UiAN0fa6Arezx_w,2026-08-31 08:00:07,487,0,0,119.76,120.01,0.01,0
xl7tO5UFxEI,UCNRnCc0hg3ZcKdOGXKKv5Ww,2026-08-03 09:15:35,4334,49,12,119.99,120.24,0.01,0
zz0SLIBkTPg,UCtGMgPWJNU2Aj-SNK0zg0Sg,2026-08-30 16:37:59,18856,32,0,119.88,120.13,0.12,0
zz3tsy8yj1g,UCYMXFMiaGBnZ08-wBHS2MPQ,2026-07-26 03:31:24,2429,13,1,119.98,120.23,0.02,0
zzVy0Cl-0Wc,UC0vqyzJ-1l3AJl3IkKu0bhQ,2026-08-12 11:53:07,20,1,2,119.87,120.12,0.12,1
zzebk0bQy5k,UCtIbfg_6gjbdFqCqAiUcqyQ,2026-08-19 08:00:39,6242,246,15,120.0,120.0,0.0,0
zzu0L05r_Hg,UCifCesg-EUkjKyQedaB3hRg,2026-08-03 03:04:47,18699,184,6,119.92,120.17,0.08,0
xlBnaF-UyuQ,UCqEoc6yuYRg5CFG4NIG8euQ,2026-07-28 08:15:02,8198,120,24,120.0,120.0,0.0,0
xlFJFWLEn8c,UCby0vMKcLR05ZdS90aZd5og,2026-07-14 06:16:19,5122,9,2,119.98,120.23,0.02,1
xlOTUkhMmds,UCfcfymsN3OMo2cfmbpGTanw,2026-08-06 08:00:33,42738,281,169,119.99,120.24,0.01,0
xlUa1pllhaE,UCQePzo3_oRB-6RAzBioc6pg,2026-08-25 22:51:48,9551,74,38,119.9,120.15,0.1,0
xlWaTStMD8k,UCta3D5-EYqO-pduQLxQ8mNQ,2026-07-29 00:00:17,3527,13,4,120.0,120.0,0.0,0
xlXNCi3KrIo,UC_9W6Z5Y3lDpLk47Y_y5ITQ,2026-07-29 17:01:38,15088,206,38,119.98,120.22,0.02,0
xlaiPju4Lns,UCgLFbrC7-g0ihBKB0obVPTg,2026-08-12 13:15:31,182,8,4,119.99,120.24,0.01,0
xlx1fYq0ILw,UCkavlo6q2XfO_MA9Q24wRvw,2026-07-30 10:00:06,1787,9,1,120.0,120.0,0.0,0
xm0rGo666iE,UC8CIM3d3zDYMk-3T5aAz0yw,2026-08-10 10:26:07,833935,50618,2604,119.82,120.07,0.07,0
xm69nC_G59w,UCby0vMKcLR05ZdS90aZd5og,2026-07-14 07:45:13,4454,11,0,120.0,120.0,0.0,1
xmOue9exRUw,UCfq-5-0b5Lzj7cKCrp6-flA,2026-07-31 08:23:51,2023,46,72,119.86,120.11,0.11,0
xmSxCG8N6BA,UCt8CJiye87FMbEwt0npPMuQ,2026-08-10 14:30:15,234432,14074,476,120.0,120.0,0.0,0
xmuQ9vdVnEk,UCV7WE8I_UiAN0fa6Arezx_w,2026-07-24 10:00:12,53,0,0,120.0,120.0,0.0,0
xmvdfRKKE70,UCqjUPx-UAFHVvthd71bY7_g,2026-08-16 08:00:06,6023,23,13,120.0,120.0,0.0,0
xn-1_fvl4dA,UCIxcZWLQpP-mUZC6_Uljc_Q,2026-08-02 15:30:34,11667,52,28,119.99,120.24,0.01,0
xn5m0YQ-tao,UCtt0Hg9MhraTkzWwNQpplHg,2026-07-15 09:00:40,76037,855,376,119.99,120.24,0.01,0
xn6rq1h9xH4,UCN9VGDvz2M3vdR0czEUp6lQ,2026-07-25 22:00:17,535,17,7,120.0,120.0,0.0,0
xnSm3gevEKc,UCirJgPv8RtFaFMj39b6cD8Q,2026-08-20 09:00:06,12521,52,2,120.0,120.0,0.0,1
xnSmmOjr8oM,UCBidluUUxzT_5jVOI_2x2MQ,2026-08-30 03:00:32,2008,8,0,119.76,120.01,0.01,1
xneDzYXZEmg,UCwBkHOTyu57NQi0syf5MLig,2026-08-22 04:00:10,49609,317,12,119.76,120.01,0.01,1
xnrA3D6Atmg,UCcvKf8NxAw9i09hZw1MQPBQ,2026-08-14 10:51:45,80158,422,128,119.89,120.14,0.11,1
xo1xKSazZSA,UCBo7GIv99qTzHaa6ip09YLA,2026-08-02 08:30:29,26268,54,30,119.99,120.24,0.01,1
xo43ttGt1q0,UCpcTrCXblq78GZrTUTLWeBw,2026-08-10 10:11:32,31083,659,53,119.81,120.06,0.06,0
xo4WjVoEiMI,UCXNh3eUHXEkL7h1w1KYQRKQ,2026-07-22 06:00:11,41890,589,14,120.0,120.0,0.0,1
xo6tKC0ZdMQ,UCHJv9xBR9lkzGSIepie-T_A,2026-08-22 21:30:35,49,2,1,120.0,120.0,0.0,0
xoJxT8cziAg,UCJDXc9JWCZo-nLNKr_-L2Ng,2026-08-09 15:27:16,1555,77,7,119.8,120.05,0.05,0
xogmZh1z-Yo,UC2yOBpLVwB7kzt9C5ZPbB7w,2026-08-08 12:00:21,54435,1064,35,120.0,120.0,0.0,1
xop6tSSs7aA,UC4VWaR3R17Ruc7j1Cy1-PKQ,2026-08-24 10:49:38,83,2,2,119.93,120.18,0.07,0
xov4g_3cysk,UC8FErYSi74YwGUAoTpjvgzQ,2026-08-19 09:48:25,11609,98,18,119.95,120.2,0.05,1
xp39zolgTlI,UCQuY08EEKLFOp0D37Sfpd0A,2026-07-15 11:00:27,164507,2276,57,119.99,120.24,0.01,1
xpIDefu1wDM,UCE8JC9RAVSudDT_8Ji1fuPQ,2026-07-27 08:45:30,61873,1160,74,119.99,120.24,0.01,1
xpO2obrMksg,UCmcBe97VA2LqVEQUeeZl6Ew,2026-08-10 09:00:30,109204,614,116,120.0,120.0,0.0,0
xpQD8VVQzKM,UCV7WE8I_UiAN0fa6Arezx_w,2026-08-02 11:00:00,14,0,0,120.0,120.0,0.0,0
xpS6v6bg_ho,UCKttwyzsHvW7bCo7YfTacVQ,2026-08-12 16:27:24,1963,30,0,119.8,120.05,0.05,0
xpZGvlicXLw,UCulcJNJPF25ncT7GvJm6iEg,2026-08-11 05:22:27,50840,1052,25,119.88,120.13,0.12,1
xpiuy9L9whg,UCnju7ULBic4VgkCfDvVXCnA,2026-07-22 13:39:28,31590,295,91,119.85,120.1,0.1,0
xq-dxsw9_2I,UCab17MxxnFtAhGsJVTkSkCg,2026-08-02 16:01:08,3176,60,13,119.98,120.23,0.02,0
xqOcpGPm59k,UCl-VnCUwSxDr5zPu-YlDUYw,2026-08-10 09:15:33,4842,84,42,119.99,120.24,0.01,0
xqb1IHjIEMs,UCjOtzpfj5lF9erwTEQYkxtQ,2026-08-08 03:00:23,30181,585,36,120.0,120.0,0.0,0
xqllYgB3vnc,UCTmniSiCVyG_UKVCEa9PNKA,2026-08-02 06:20:01,17914,537,61,119.92,120.17,0.08,0
xqm_2RiJOSQ,UCPN9TrChCye1s97iEUOsIeA,2026-07-30 04:00:17,1937,30,6,120.0,120.0,0.0,0
xqrgy5-QfnQ,UCim7oePrB5hdfhcYwgUY6Jw,2026-08-01 07:01:27,17634,129,45,119.98,120.23,0.02,1
xr0tksmn_X4,UCDHGqgpiHQAsE0UiltRqhfQ,2026-07-15 09:36:36,29171,84,68,119.89,120.14,0.11,0
xrFTPjSIB0c,UCbFLnCfOet-u_kFyA7uX-9Q,2026-08-30 15:00:33,73980,850,80,119.75,120.01,0.01,1
xrYL_oHFr10,UCcNdwtZ7ulFFxngmnzsWQNA,2026-08-06 02:00:22,27304,285,81,120.0,120.0,0.0,0
xrYo3s5vFiA,UCFHUplScMiWTjJrtv4hxWmg,2026-08-26 12:20:14,81186,559,185,119.92,120.17,0.08,0
xrh4c22AgI8,UCt8CJiye87FMbEwt0npPMuQ,2026-08-11 14:00:04,10199,655,48,120.0,120.0,0.0,1
xrt6m-fJgcg,UCpI-AhCT02iQRGLC2ZcY0Jw,2026-08-09 05:00:05,65209,981,26,120.0,120.0,0.0,1
xruMdd1W0NA,UCsRiYH-VrZ2mYsohk7GhLdQ,2026-07-19 14:58:24,88252,3497,415,119.78,120.03,0.03,0
xs6P1Wd7lYM,UCpI-AhCT02iQRGLC2ZcY0Jw,2026-07-24 08:50:53,37011,331,348,119.9,120.15,0.1,0
xs8Ispmx2lk,UCFrKhWvZ8oeJQTNP5ZabgJw,2026-08-10 03:00:15,112737,940,177,120.0,120.0,0.0,1
xs8v6jZPpV8,UCepHesz_5Lwr7qRaqjB-p1A,2026-07-19 09:50:28,73760,1230,394,119.91,120.16,0.09,0
xsBQI58fHME,UCgO8sNnksVuKcuTVTQKSK3A,2026-07-26 09:06:58,40109,731,47,119.89,120.14,0.11,1
xsTF0mLou6c,UC3RzmV2LX3AmWhZVx0A7u0A,2026-08-01 07:00:27,65144,957,57,120.0,120.0,0.0,1
xseEHE_Jx_c,UCXQoI3upwKr47JAiVaYkvIw,2026-08-20 09:13:31,57665,378,12,119.78,120.03,0.03,1
xsoUi12XTXo,UCPsZX-D7LW99PjZLA-UysPQ,2026-08-25 12:00:27,640,5,0,120.0,120.0,0.0,0
xsv1twq19RU,UCAl4HWznMn7KhKBRFO5eiFA,2026-08-22 11:44:14,11057,74,3,119.77,120.02,0.02,1
xt1VYV52kIA,UCE3q8VKqIT_vOL4b9Nl8chA,2026-08-21 10:30:21,8685,211,25,119.76,120.01,0.01,0
xtFvhLc8mTg,UC4VWaR3R17Ruc7j1Cy1-PKQ,2026-08-18 10:50:34,543,7,2,119.92,120.17,0.08,0
xtHNH6LA7yE,UC5ThQKdocwo_9UurfT5P_ww,2026-08-17 23:00:26,133127,2696,82,120.0,120.0,0.0,1
xtHWzczBVRo,UC3ozN5tHi449NhCDE6Xtmwg,2026-07-22 09:39:22,28227,372,63,119.85,120.1,0.1,0
xtJuovXgAdU,UCYGF_xk5RDpltyZDSx040uw,2026-08-17 03:15:42,40838,371,45,119.99,120.24,0.01,0
xtO2--YLeUA,UCBtJuwDt6LlXp2YASC-ZMdA,2026-08-10 10:00:28,1478,15,0,119.99,120.25,0.01,1
xtT9AlPO-sQ,UCl402YYy7RcH7PBI3npmGPQ,2026-07-30 07:00:12,184779,859,210,120.0,120.0,0.0,0
xtUKb5l9lLU,UCdQHEqTxcFzjFCrq0o4V7dg,2026-07-24 00:02:42,22474,1706,276,119.96,120.21,0.04,0
xtaWPWhjcqA,UCJmnOEp1-OITEU0mk4icM5A,2026-08-07 23:00:10,72672,1082,593,120.0,120.0,0.0,0
xtkFWBcfS3o,UC141BuVRzSSXJX33Am9yxEA,2026-07-22 08:00:24,52474,972,118,120.0,120.0,0.0,1
xtlpGrUogqc,UCab17MxxnFtAhGsJVTkSkCg,2026-08-30 10:06:38,3788,42,5,119.9,120.15,0.1,0
xtmferoSnqM,UCp6n8d8Y8r3MwKNw_MMaouQ,2026-08-19 15:44:27,13038,204,0,119.77,120.02,0.02,1
xtyZkAj01P0,UCV7WE8I_UiAN0fa6Arezx_w,2026-08-14 12:00:25,38,0,0,120.0,120.0,0.0,0
xtyg6NYql5w,UC9qwDE50UcXvdplRNZKEoPA,2026-07-22 07:56:06,5867,136,18,119.82,120.07,0.07,1
xu0BJPmNTko,UCF5RrlbsxJjAVLWgOCoNHMg,2026-08-15 02:54:02,13650,420,13,119.85,120.1,0.1,1
xuAIAGYGyDU,UCp6n8d8Y8r3MwKNw_MMaouQ,2026-08-16 13:40:49,17983,312,4,119.82,120.07,0.07,1
xuBkoLg2Bi8,UC9M8GGVwPqc9ubNruArCNPg,2026-08-30 08:00:02,24291,829,15,119.76,120.02,0.02,1
xuHibhszHRs,UCjsqgRBvkn8XadWraSQxTKQ,2026-08-28 14:41:37,1175,3,0,119.82,120.07,0.07,0
xuWJz95xCUY,UCp9skQ2mP_DfVL8c3gZQUzg,2026-08-22 17:22:55,27494,230,0,119.88,120.13,0.12,0
xuXLdgIz7gM,UC4VWaR3R17Ruc7j1Cy1-PKQ,2026-08-12 23:28:35,96,2,0,119.78,120.03,0.03,0
xuZgZTbvh2U,UCaova9Q4UZLPqFnSvq8VxzA,2026-08-02 15:19:44,33476,120,129,119.92,120.17,0.08,0
xugnGtfsTb8,UCpcTrCXblq78GZrTUTLWeBw,2026-08-16 20:00:25,93713,1901,40,120.0,120.0,0.0,1
xuiwzlFP6Y8,UCM81CAJ2_Y42-bvK1OQnAAA,2026-07-12 13:58:04,129198,2340,1387,119.78,120.03,0.03,0
xumWtOzpVfE,UCaN1Qp37sHiCdQuSaXa3fVw,2026-07-23 07:30:05,360425,4947,68,120.0,120.0,0.0,1
xur0L2yUhqc,UCWjfI3wnNOgQCTu2SijfgMg,2026-08-15 11:08:20,12701,293,33,119.86,120.11,0.11,0
xurqptSJ3M4,UCF7IBIvHZ2be4Ufo8i0uHBw,2026-07-18 09:00:24,33619,330,53,119.99,120.24,0.01,0
xuxifdQXusc,UC2yOBpLVwB7kzt9C5ZPbB7w,2026-08-05 04:00:11,44869,713,36,120.0,120.0,0.0,1
xuzjN_f0pN0,UCZ-UuK86Bk5sGzQQ2cEglJQ,2026-07-24 08:30:38,61807,1077,19,119.99,120.24,0.01,1
xv-bkxR9S1c,UCp9skQ2mP_DfVL8c3gZQUzg,2026-07-29 09:42:02,20144,193,53,119.8,120.05,0.05,0
xvDcs569OB0,UC1sELGmy5jp5fQUugmuYlXQ,2026-08-02 15:00:36,2436854,95044,1318,119.99,120.24,0.01,1
xvSt5kCwkQo,UCnCH3Uhv_ynhTNKEH6ekRtg,2026-08-09 06:41:13,9570,171,22,119.82,120.07,0.07,0
xvW2L0xeZ4U,UCQyZh4b4TLaSVldnDWnh7fA,2026-07-23 06:38:27,3,0,0,119.87,120.11,0.11,0
xvWSVcYyGvQ,UCt8CJiye87FMbEwt0npPMuQ,2026-08-01 13:30:39,4885,151,21,119.99,120.24,0.01,0
xvjAqmwBHjo,UCGi94VU356EAvQLgODywyrA,2026-08-05 19:59:49,7531,136,1,119.76,120.01,0.01,0
xvqOjBFWHMs,UCjOtzpfj5lF9erwTEQYkxtQ,2026-08-24 03:00:17,62449,998,20,119.76,120.01,0.01,0
xvrwAxdOii0,UC8CIM3d3zDYMk-3T5aAz0yw,2026-07-18 10:15:05,424391,35432,1407,120.0,120.0,0.0,0
xvsdW8O6uxo,UCIvLQ5lZ2kebqnLaGv_FP4w,2026-08-17 08:30:20,6189,42,26,120.0,120.0,0.0,0
xw5fmqVwecc,UC8chC5rneP-LHm43q-jF3oQ,2026-08-29 11:00:00,1263546,18853,338,119.77,120.02,0.02,1
xw9hKpN7oYQ,UCXAXCxTCCYYKsLJNzEvjqfw,2026-08-08 15:16:47,130180,1234,408,119.97,120.22,0.03,0
xwOmfKPlH8Q,UCZ49HaU_D0Tlf1aDA2jU_Vg,2026-08-28 05:00:05,24506,86,21,119.76,120.01,0.01,0
xwUlixhv2Ns,UCZaNYFjF_SRRJPVuGX7yMjQ,2026-07-21 05:39:49,9,3,2,119.84,120.09,0.09,0
xwaqegx5GRk,UCADf92tisOOh90hrZee4-LA,2026-07-15 10:14:16,19400,185,20,119.77,120.01,0.01,1
xwwcqvguDSk,UCab17MxxnFtAhGsJVTkSkCg,2026-07-26 18:35:20,5508,65,14,119.91,120.16,0.09,0
xwzNPcAtq6M,UCN5oT4zGJX-_H6pE5isAEeg,2026-08-16 22:00:28,267088,3724,77,119.99,120.24,0.01,1
xxJu4NxVMas,UCifCesg-EUkjKyQedaB3hRg,2026-08-29 02:17:14,3335,30,3,119.97,120.22,0.03,0
xxK72HvD9fY,UCw1DsweY9b2AKGjV4kGJP1A,2026-08-24 07:30:37,136762,601,68,120.0,120.0,0.0,1
xxeO4wRagR0,UC_8GOc5dWX2Kpb74_nQ7vSQ,2026-08-08 04:01:42,92074,2963,177,119.97,120.22,0.03,0
xxpMN9H1V_g,UCV7WE8I_UiAN0fa6Arezx_w,2026-07-26 18:00:13,44,1,0,120.0,120.0,0.0,0
xy0uCV5VyaU,UC1dHu9GhbHH7RcHKyJdaOvA,2026-08-19 05:10:09,67796,263,155,119.84,120.09,0.09,0
xyAt1RFvkYM,UCUt2AEhC-OOC2EPCzj4DkCw,2026-08-16 08:00:13,5712,112,14,120.0,120.0,0.0,0
xyRXH5ZCil0,UCV6mNrW8CrmWtcxWfQXy11g,2026-08-13 02:00:09,79815,3235,28,120.0,120.0,0.0,1
xyXzf2v2MD8,UCL2ZLyAV0H9Pvi46W7TGdHQ,2026-08-25 11:00:17,33588,199,70,119.76,120.01,0.01,0
xyfLWf4VxYs,UCe0loHR-Vltq0GPHgYyzmrQ,2026-08-20 01:56:53,1534,35,16,119.81,120.06,0.06,0
xyhAnzqL6Oo,UC1Il94cQwl93Zun8ax1Qjlw,2026-08-06 22:49:58,178,1,0,119.92,120.17,0.08,0
xyki7xZmEd4,UCeG0ONJtjwE20ThR5iSYdsA,2026-08-01 05:00:06,33600,528,114,120.0,120.0,0.0,0
xyrL2bjwMZg,UCOaUTqrtz1yBBiwziVJEAmQ,2026-07-27 16:52:26,10279,78,17,119.88,120.13,0.12,1
xz3r5YA-0TM,UCZPfs7xIjGmOGs9kvgGhUKQ,2026-08-10 09:55:55,243,2,0,119.82,120.07,0.07,0
xz8nCCvc_ss,UCpn9dP1b5BhBsU9SduEz1hA,2026-07-17 06:45:15,4881,78,15,120.0,120.0,0.0,0
xzAqAyAaUHI,UCYG8tuvbQzWsDeoADyJFU8Q,2026-07-28 17:52:41,3152,57,13,119.87,120.12,0.12,0
xzD24a713aY,UCIH7bdyhaJ0nD7jIcgqmQbQ,2026-08-25 10:32:31,41806,610,8,119.97,120.22,0.03,1
xzVN6yREh-w,UCDmmbxGg8g-EBkC_ku6vybg,2026-08-23 20:21:23,3684,69,27,119.91,120.16,0.09,0
xzdWdDR53gk,UCV2rXchZ5JNpvmSIOVEQ5oA,2026-07-22 07:00:37,263354,380,52,119.99,120.24,0.01,1
xzvLuMFqJi0,UCoSniqkitCpxlHrQd5L8A1w,2026-08-24 10:52:34,5319,32,1,119.89,120.14,0.11,1
y-HZhx1eVE4,UCpcTrCXblq78GZrTUTLWeBw,2026-07-15 08:30:31,493184,2701,284,119.99,120.24,0.01,0
y-Pbuz9SsdU,UCYooECrv-fIXlPaDwEIaveA,2026-07-14 09:00:14,69281,1416,16,120.0,120.0,0.0,1
y-QSTlVdBDU,UCyZXLzORHoh9QMwA7IwS0pA,2026-08-31 16:55:52,2757,10,0,119.83,120.08,0.08,0
y-exxwzh15Y,UCbItyvYa6cqvqtwlU2E9-wA,2026-08-23 06:16:24,6310,397,29,119.99,120.24,0.01,0
y0-NaH8BPps,UCCd3jyJmOFzkJEMj5Bp89rw,2026-07-18 23:00:16,2587,138,5,120.0,120.0,0.0,1
y04c2lLwy84,UCF5RrlbsxJjAVLWgOCoNHMg,2026-08-13 23:48:56,10548,215,3,119.94,120.19,0.06,0
y0fQkJPQ4oc,UCeRn_02zEifLqXxZkTpiXzA,2026-08-30 23:00:39,58720,225,31,120.0,120.0,0.0,0
y0kQN-RfThc,UC6ApCfhTtNb1hiUHFffXqvQ,2026-07-16 00:16:27,293,0,0,119.98,120.23,0.02,0
y0qzRjAGJSo,UCv1tOT645xHOJrwdGlzjMaA,2026-08-13 09:31:15,40555,543,27,119.98,120.23,0.02,1
y0zfhJaCXXo,UCPGl9DV2WUgaqGVXtVrhJWQ,2026-07-27 15:00:20,4,0,0,120.0,120.0,0.0,0
y1854p7amDQ,UCNZiNM2pP6uhIlTQVS2Q5fA,2026-08-14 21:10:46,203790,2334,370,119.83,120.07,0.07,1
y1FXO9OrFtE,UCY_vDlvG-BTDRIOk_I9QQ6g,2026-07-31 12:54:22,1925,22,11,119.85,120.1,0.1,0
y1HM6zLw0y0,UCp9skQ2mP_DfVL8c3gZQUzg,2026-08-01 10:27:38,8586,91,15,119.79,120.04,0.04,0
y1IudCg0W3A,UC4oe-OVZ2Ho-03yrMkrXomQ,2026-07-18 04:30:23,536415,9614,290,119.99,120.24,0.01,1
y1K2Bs6ZU3A,UCbYO4SBywZ2oWv1u309oWmQ,2026-08-29 10:00:07,75835,1063,36,119.76,120.02,0.02,1
y1LFTWZf6bk,UC_m_uqd_9s0hZvlgfvCzqbQ,2026-08-23 12:13:11,1082,4,0,119.79,120.04,0.04,1
y1Si65CEzRA,UCuetAJhNx1unKTXo7e1c0xQ,2026-08-14 04:15:09,8455,90,46,120.0,120.0,0.0,0
y1Yjuc1XfWw,UC_9W6Z5Y3lDpLk47Y_y5ITQ,2026-08-22 02:51:15,8797,113,7,119.91,120.16,0.09,0
y1ZMnmzQM14,UCby0vMKcLR05ZdS90aZd5og,2026-08-10 08:32:34,2546,5,0,119.96,120.21,0.04,1
y22CdkGWmJQ,UCwfbSsZ7_sccxcibe60mWlQ,2026-08-01 03:00:11,16822,61,24,120.0,120.0,0.0,0
y25FxrXfsqY,UCt8CJiye87FMbEwt0npPMuQ,2026-07-23 16:02:26,5369,226,11,119.96,120.21,0.04,0
y2EUzGyLE3c,UCt8CJiye87FMbEwt0npPMuQ,2026-08-11 11:00:35,3518,138,16,119.99,120.24,0.01,0
y2M-NI18Ewg,UCw1DsweY9b2AKGjV4kGJP1A,2026-08-20 07:30:16,192182,580,31,120.0,120.0,0.0,1
y2Nsli5eSf0,UCyoKcrOcBEY4rmLYkDuXErA,2026-07-31 09:00:15,172163,2370,48,120.0,120.0,0.0,1
y2UWmcKNo_I,UCws1FXlgdkXB-3FKN_lqgiw,2026-08-31 08:05:43,1037,6,3,119.92,120.17,0.08,0
y2V2WWFVGrA,UC8rbhIem-3aAsNXhTDI-nSA,2026-08-04 22:00:07,119222,1749,114,120.0,120.0,0.0,0
y2YMliUPlcM,UCv1tOT645xHOJrwdGlzjMaA,2026-08-14 03:33:46,16662,184,2,119.94,120.19,0.06,1
y2_7b0P4mGc,UCKrprPfevcAZpPuRnCO6xOA,2026-07-27 05:51:34,21,0,0,119.89,120.14,0.11,0
y2gUpx3F8Hw,UCYGF_xk5RDpltyZDSx040uw,2026-07-16 04:02:03,31486,348,31,119.97,120.22,0.03,0
y2wKjpbwkQM,UCS-X1uBDTNwAYyydiXjcX9A,2026-08-10 08:40:53,27185,408,346,119.82,120.07,0.07,0
y2zEwaxTDj0,UC2yOBpLVwB7kzt9C5ZPbB7w,2026-08-09 04:00:08,53891,774,39,120.0,120.0,0.0,1
y2ztglaRxps,UCdZNJItzkmKrpwtQ3cxTEVA,2026-08-30 10:16:19,99550,214,47,119.99,120.24,0.01,1
y3-viMzEWcM,UCw1DsweY9b2AKGjV4kGJP1A,2026-07-13 09:00:05,45819,259,13,120.0,120.0,0.0,1
y325VKUhisc,UC8FErYSi74YwGUAoTpjvgzQ,2026-08-30 13:23:28,9982,327,40,119.87,120.12,0.12,1
y39FJadJpPw,UCPGl9DV2WUgaqGVXtVrhJWQ,2026-08-03 14:05:27,3,0,0,119.91,120.16,0.09,0
y3DNVEhvcm8,UCPuD5ZRQWa_JCaY5NokNhtg,2026-08-17 04:47:42,426,13,2,119.96,120.21,0.04,0
y3JFbdDYv9o,UCSl8TBqqflby-ymdEQVfRNQ,2026-08-06 15:29:55,18539,293,77,120.0,120.0,0.0,0
y3Ly4flflOM,UCSh__r5HS4Y1xBkccWnV0TA,2026-07-22 17:39:29,304256,4701,146,119.85,120.1,0.1,0
y3l0SA8b9QU,UCt8CJiye87FMbEwt0npPMuQ,2026-08-24 14:00:39,5772,173,29,120.0,120.0,0.0,0
y3zrQYsZUyU,UCw1DsweY9b2AKGjV4kGJP1A,2026-08-01 08:01:02,125971,883,135,119.99,120.24,0.01,0
y41ZogEjFV8,UCAl4HWznMn7KhKBRFO5eiFA,2026-07-22 14:19:36,6798,30,2,119.93,120.18,0.07,1
y44QFP-UfLc,UCPGl9DV2WUgaqGVXtVrhJWQ,2026-08-07 13:37:47,21,0,0,119.87,120.12,0.12,0
y45ehW9AdYY,UC_e83kYlGHWbsrr8QCfV_ag,2026-08-18 12:35:01,10602,117,27,119.93,120.18,0.07,0
y47wK1xJf2E,UCkpKYfb8wM67QnKxBj9bZXA,2026-07-31 06:26:56,45833,528,173,119.8,120.05,0.05,0
y49luwJDTAk,UCYJDUekoQz0-bo8al1diLWQ,2026-08-27 03:38:43,234123,2898,44,119.87,120.12,0.12,1
y4DdxVkPx64,UCp6n8d8Y8r3MwKNw_MMaouQ,2026-08-15 14:53:18,2133,144,1,119.86,120.37,0.14,0
y4My3hgCI5U,UC9nWoDbRAl3-fvreBNeStKQ,2026-08-25 15:15:16,4070,26,1,119.76,120.01,0.01,0
y4WUghVQUl4,UCPv0av3PfTUeTnHGgcXkk8w,2026-07-30 00:00:23,7,0,0,120.0,120.0,0.0,0
y4YWmJo2R2M,UC3RzmV2LX3AmWhZVx0A7u0A,2026-07-23 07:00:38,118419,2276,149,119.99,120.24,0.01,1
y4bU4ogRRpg,UC2yOBpLVwB7kzt9C5ZPbB7w,2026-08-21 07:00:34,100734,1341,38,120.0,120.0,0.0,1
y4bq27wpQlE,UCmvMUe1GqpZFkj1e-V532LA,2026-07-27 14:00:23,9665,39,23,120.0,120.0,0.0,0
y4gSTfBHr7w,UC24GgPBq5W3v34z0p0uk1Ow,2026-08-23 03:00:12,7343,38,6,119.76,120.01,0.01,0
y4ht_b5vgtM,UCZRH94I89Ps7giJYeK6DlWA,2026-08-08 03:00:27,63493,1117,70,120.0,120.0,0.0,0
y4ivM5rogd8,UC3DYSay178fMMPaf3zHwECA,2026-07-19 04:15:06,36103,630,38,120.0,120.0,0.0,0
y4ksKRQ8ObA,UCfjMjhfjRRy8B0mfqbO_43w,2026-08-11 09:06:48,111868,1957,163,119.89,120.14,0.11,0
y4oax9vroPc,UC_e83kYlGHWbsrr8QCfV_ag,2026-08-01 06:10:21,19615,34,1,119.83,120.08,0.08,1
y4wvLvgNAyQ,UC78d2aaqdrt02RfmtRLmlAw,2026-07-26 21:54:55,3731,52,0,119.84,120.09,0.09,0
y50WjgPlqSw,UCxPMcxq7WJ32M3lnFn58Cpg,2026-08-01 10:28:08,17218,59,20,119.78,120.03,0.03,1
y50l3grseno,UChLqHuZV0PENIBYxDgXyPLQ,2026-07-29 09:51:25,38504,864,31,119.9,120.15,0.1,1
y52AhHdFkpw,UCV6mNrW8CrmWtcxWfQXy11g,2026-08-22 16:00:18,25189,990,28,119.76,120.01,0.01,1
y58-JExvrQ4,UCw1DsweY9b2AKGjV4kGJP1A,2026-08-23 08:00:23,182934,673,35,119.76,120.01,0.01,1
y5MGaAkKSZo,UCcgkgKhXT6QwdGj9Nr8PBcg,2026-08-29 10:11:14,408609,1210,154,119.82,120.07,0.07,0
y5SuVo9CWOU,UCPsZX-D7LW99PjZLA-UysPQ,2026-08-10 00:00:08,172,0,0,120.0,120.0,0.0,0
y5hzreHE3_w,UCpwGBltfwjd_fIzp5cb5R0w,2026-08-30 12:30:26,164157,3350,194,119.76,120.01,0.01,1
y5i8FkMGYeQ,UCpcTrCXblq78GZrTUTLWeBw,2026-07-11 09:30:37,40749,422,138,119.99,120.24,0.01,0
y5yfNaDO9aM,UCgLFbrC7-g0ihBKB0obVPTg,2026-07-23 12:33:35,209,9,1,119.94,120.19,0.06,0
y6-G8qlHIbg,UClHTjLVog7CkRF8tYJuNXXQ,2026-08-22 14:25:19,190,8,0,119.84,120.09,0.09,0
y67avgI_0AM,UCikKJvpU0Ylua4hRW6faQRg,2026-08-05 10:31:10,2124,73,0,119.98,120.23,0.02,0
y6JmSn1wlfM,UCpX86JOUhnrzG7MK8e8Gjbw,2026-07-23 08:13:10,42045,163,143,119.78,120.03,0.03,0
y6W19f2hQL4,UCOX0M9VYOm2FVBORW9XLChg,2026-07-10 11:45:16,15,0,0,117.01,120.87,0.87,0
y6gJq2BzeP4,UCwBkHOTyu57NQi0syf5MLig,2026-08-23 02:00:38,193092,956,72,120.0,120.0,0.0,1
y70jy4vP1bk,UCuXE-MdbuaZcPt_2J2kSsSQ,2026-08-01 10:12:43,740,4,3,119.79,120.04,0.04,1
y75V_-115f0,UCS2OAdHoLt-9T6cG9A2H49Q,2026-08-24 09:07:54,30661,191,31,119.88,120.13,0.12,1
y7C4K38qsgk,UCAVR6Q0YgYa8xwz8rdg9Mrg,2026-08-23 04:00:05,113601,6033,258,119.76,120.01,0.01,0
y7ScJWSTF2o,UCKVt3arMXfa6XZezR1UnjqQ,2026-07-18 09:00:24,8455,58,7,119.99,120.24,0.01,0
y7Zl-LLRziw,UCK2tMI7hBvOk5ibNMVpaIlw,2026-08-17 17:08:04,123,5,0,119.87,120.12,0.12,0
y7ZpOmu8iHU,UC7hwQp3F6P_OwyRM14p88iQ,2026-08-22 16:00:54,44365,298,4,120.0,120.0,0.0,0
y7fi6UxGlmc,UC-aXNBQ6nwMNeW2V8XB7sBg,2026-08-13 09:00:27,120090,960,104,120.0,120.0,0.0,1
y7mJ2JT_DEo,UCBvkOBLsSj9kusGYlroQkBg,2026-07-27 12:52:56,484995,4164,137,119.87,120.12,0.12,0
y8-Jv7ZqyNQ,UCV6mNrW8CrmWtcxWfQXy11g,2026-08-24 14:00:04,427758,15850,255,119.76,120.01,0.01,1
y8BjSlL5FL8,UCAGUSx1hbPKDqzBZH7bTjiA,2026-08-28 05:00:03,1306771,16247,351,119.76,120.01,0.01,0
y8CMmJSPcpc,UCZ-B_El841ME7qGXvYinGmw,2026-08-14 08:37:30,4781,81,25,119.88,120.13,0.12,0
y8G9sKJmg1A,UCYGF_xk5RDpltyZDSx040uw,2026-08-13 10:59:55,94712,1024,25,120.0,120.0,0.0,1
y8GdsNfTCm8,UCIxcZWLQpP-mUZC6_Uljc_Q,2026-08-30 04:30:00,38376,90,43,119.76,120.01,0.01,1
y8HSWQQNIuQ,UCqVkQsNin4MdGFrWvzFVOKw,2026-08-09 01:51:56,6717,210,0,119.89,120.14,0.11,0
y8HhIXwKp60,UCB4gIGaPUiLtpPreFSf8fKQ,2026-07-27 17:15:11,2534,47,5,120.0,120.0,0.0,0
y8UqlvPSaxI,UCN7FA8FwikP2p5Vrs5kiivw,2026-07-29 21:00:24,24252,814,22,120.0,120.0,0.0,1
y8dFT1SZGz0,UCei_ecYpQqFjYhjLaDPr2Lw,2026-08-16 10:11:31,809,9,7,119.81,120.06,0.06,1
y8uawrg1K8U,UCraf4ugZTyvFY6AJ0VjIxFA,2026-08-05 23:04:30,153,,0,119.93,120.18,0.07,0
y8xgEEIBCtA,UCeG0ONJtjwE20ThR5iSYdsA,2026-07-24 10:06:25,21792,294,17,119.89,120.14,0.11,1
y91xupmGWdk,UCW_Ptq0v8ck67w9oKiwXz2g,2026-07-26 04:23:08,225,2,0,119.87,120.12,0.12,1
y9Aw0EOegUM,UCnCH3Uhv_ynhTNKEH6ekRtg,2026-08-30 09:15:21,22935,149,46,119.76,120.01,0.01,0
y9P6f20SZt4,UCt8CJiye87FMbEwt0npPMuQ,2026-07-19 13:30:38,2697,107,8,119.99,120.24,0.01,0
y9RpDDryQvY,UCE8JC9RAVSudDT_8Ji1fuPQ,2026-07-31 08:45:20,93734,1477,99,120.0,120.0,0.0,1
y9eSCFeZksA,UCV7WE8I_UiAN0fa6Arezx_w,2026-07-13 00:00:33,123,2,0,119.99,120.24,0.01,0
y9gtFxvH9t8,UCpcTrCXblq78GZrTUTLWeBw,2026-07-20 23:48:53,12767482,59385,461,119.94,120.19,0.06,1
yA6BNtsdXDg,UCl402YYy7RcH7PBI3npmGPQ,2026-08-27 03:03:57,172010,564,184,119.95,120.19,0.05,0
yABUCDfhhVk,UCyoSQyaCrZHro6F_nBiXIYg,2026-08-22 14:41:15,112147,478,77,119.82,120.07,0.07,0
yANQea5tbhY,UCBo7GIv99qTzHaa6ip09YLA,2026-08-11 09:00:11,26712,62,16,120.0,120.0,0.0,1
yAdUCwv9Its,UCUt2AEhC-OOC2EPCzj4DkCw,2026-07-24 23:00:29,35219,615,12,119.99,120.24,0.01,1
yAfctpYov_o,UCzps05UZ7XpX3SFoFyYIDow,2026-08-10 11:56:36,41938,218,67,119.81,120.06,0.06,0
yAhN5zLBUBQ,UCtt0Hg9MhraTkzWwNQpplHg,2026-07-16 09:00:06,345950,2510,81,120.0,120.0,0.0,1
yAjLGi50yvY,UCyZXLzORHoh9QMwA7IwS0pA,2026-07-30 13:44:49,733,11,0,119.76,120.01,0.01,0
yAw6tNU5c7k,UCxe_WKNMrOgvNtgz02oLTjQ,2026-08-13 11:15:26,18027,131,39,120.0,120.0,0.0,1
yAyPoeEZjDs,UCuaizlkqA5hZ_Dt3kAQkW3g,2026-08-06 08:12:06,27986,299,96,119.8,120.05,0.05,0
yB35LrVGbDo,UCS-X1uBDTNwAYyydiXjcX9A,2026-08-28 03:00:39,13375,130,7,120.0,120.0,0.0,0
yB7u7te-bRA,UCBS4sjbGJIcclT-Y6i_Jzkg,2026-08-23 21:45:14,29592,513,7,119.76,120.01,0.01,1
yB7w2srurbE,UCtjlhCmFXYFXC4uqg1flTBg,2026-08-02 05:24:49,171,2,0,119.84,120.09,0.09,0
yB885FZkOeA,UCfq-5-0b5Lzj7cKCrp6-flA,2026-08-10 08:00:36,76925,1778,216,119.99,120.24,0.01,1
yBA1O9kpYDU,UCkpKYfb8wM67QnKxBj9bZXA,2026-08-10 10:00:30,37244,415,167,119.99,120.24,0.01,0
yBFiB9rHtjE,UCqEoc6yuYRg5CFG4NIG8euQ,2026-07-23 07:30:11,9272,118,22,120.0,120.0,0.0,0
yBKOskgUKSM,UChKYbZ9fSz8DMM6wU-t1lMQ,2026-08-31 14:02:59,20739,323,10,119.96,120.21,0.04,0
yBQ0BvCsOqE,UCkd3KAYGnTNPJZZrPOFeWhA,2026-08-06 08:00:23,6553,16,1,120.0,120.0,0.0,1
yBQ0_csfpls,UCE3q8VKqIT_vOL4b9Nl8chA,2026-08-19 23:30:11,7212,215,33,120.0,120.0,0.0,0
yBiXMHAaYSU,UCV7WE8I_UiAN0fa6Arezx_w,2026-08-10 18:00:16,19,0,0,120.0,120.0,0.0,0
yBmDTtHJaio,UCgLFbrC7-g0ihBKB0obVPTg,2026-07-27 13:30:12,130,1,1,120.0,120.0,0.0,0
yBn4kKC8ZS4,UC-pobd8lZE33BSDz-iyHfJQ,2026-07-27 00:48:30,1425,14,0,119.94,120.19,0.06,0
yBpVETOg4OI,UCOTJtP0Z9DjpPU43B5m1V6A,2026-07-26 12:00:37,219399,2019,65,119.99,120.24,0.01,0
yBrzJ9Oj4uE,UCb5NLtXAsTBrmaZVhyFa-Wg,2026-08-23 03:08:39,69793,464,77,119.87,120.12,0.12,0
yC544jDA6AM,UC6YqXiwCBfPvPTs3wXgWElQ,2026-07-29 03:19:48,3124,15,1,119.92,120.17,0.08,0
yCSmEvltDVA,UCPsZX-D7LW99PjZLA-UysPQ,2026-07-30 00:00:08,155,2,0,120.0,120.0,0.0,0
yCfQPQk0V94,UCCiKOocVSjyb2rsbL_Aanhw,2026-07-31 10:45:18,189991,831,113,120.0,120.0,0.0,1
yCqQb0RHtBQ,UCpcTrCXblq78GZrTUTLWeBw,2026-07-15 23:29:27,25164992,301646,3259,119.76,120.01,0.01,1
yDEYK0VSSZ4,UCqVkQsNin4MdGFrWvzFVOKw,2026-08-08 02:17:45,29680,124,7,119.96,120.21,0.04,1
yDHGJKgODvY,UCvPDPTxTLitVEyGu4Xt6m8g,2026-08-27 09:29:22,65681,313,33,119.77,120.02,0.02,0
yDYfcjGqQT0,UC-8S20Ll1gzPiu_YY8BgyaQ,2026-07-23 14:01:55,82355,573,65,119.97,120.22,0.03,0
yDvkqcuCW88,UCPGl9DV2WUgaqGVXtVrhJWQ,2026-08-30 14:14:32,5,0,0,119.77,120.02,0.02,0
yE0voMh4BRE,UCAgZP6qUjcVjZsGWtW-l6lw,2026-08-27 11:00:03,160,3,0,119.76,120.01,0.01,0
yE6KHLk70vc,UCfcfymsN3OMo2cfmbpGTanw,2026-08-15 08:00:09,27694,158,34,120.0,120.0,0.0,0
yEGiZK-ujbM,UCv1tOT645xHOJrwdGlzjMaA,2026-08-12 10:59:28,26790,280,9,119.76,120.01,0.01,0
yEU7_bz_j34,UCE8JC9RAVSudDT_8Ji1fuPQ,2026-08-04 08:45:37,59699,915,38,119.99,120.24,0.01,1
yEhaCdOD48Q,UCw1DsweY9b2AKGjV4kGJP1A,2026-07-31 10:00:03,61734,346,58,119.75,120.01,0.01,0
yF-NUT6hDOc,UCAl4HWznMn7KhKBRFO5eiFA,2026-07-24 12:48:30,5766,55,1,119.94,120.19,0.06,1
yFB4zK7QJz4,UCY_vDlvG-BTDRIOk_I9QQ6g,2026-08-26 14:43:19,2738,32,7,119.79,120.04,0.04,0
yFGR4vxxWLM,UCPsZX-D7LW99PjZLA-UysPQ,2026-08-24 06:00:38,702,13,4,120.0,120.0,0.0,0
yFIpvvUm48g,UCei_ecYpQqFjYhjLaDPr2Lw,2026-08-28 02:54:55,493,6,0,119.85,120.1,0.1,0
yFItGSzC2s8,UC2yOBpLVwB7kzt9C5ZPbB7w,2026-08-01 20:00:27,428648,6410,202,120.0,120.0,0.0,1
yFLZn1d50DM,UCgWwo8FJL3MCxfd66ip7nFg,2026-07-14 09:02:32,59690,,79,119.96,120.21,0.04,0
yFNjzS2NAMI,UCd6CX2LiQE2dEAPXwk2N0jg,2026-07-30 12:19:17,85239,2441,726,119.93,120.18,0.07,0
yFU_SoDgMng,UCRq3CDTZ2qe3HiHrZdQKBvQ,2026-08-19 12:27:03,2121,5,6,119.81,120.06,0.06,1
yFfnNTmXw80,UCbFLnCfOet-u_kFyA7uX-9Q,2026-08-24 07:15:04,109677,1833,56,119.76,120.01,0.01,1
yFgBQ8DKUp0,UCqEoc6yuYRg5CFG4NIG8euQ,2026-08-14 23:00:39,12042,147,22,119.99,120.24,0.01,0
yFjIbAqzCcU,UC46X_E7jxvJ1O_3gnaeCxeg,2026-08-24 01:45:08,117999,894,134,119.76,120.01,0.01,0
yFxiFKJ2Oq8,UCS3_H_feQRm4QbXipKTvSrw,2026-07-14 11:30:22,27873,500,61,120.0,120.0,0.0,0
yFzaNp-v69U,UCOTJtP0Z9DjpPU43B5m1V6A,2026-08-26 14:14:43,61597,583,6,119.77,120.02,0.02,0
yFzrMzo-b9Y,UCZCZHg_oJiHcrcj2vaPRCag,2026-07-27 09:00:14,84,0,0,120.0,120.0,0.0,0
yG5f06K1_SU,UCPGl9DV2WUgaqGVXtVrhJWQ,2026-07-11 15:00:37,69,0,0,119.99,120.24,0.01,0
yGAMlU-_f8g,UC2NFRq9s2neD_Ml0tPhNC2Q,2026-08-04 02:30:27,181538,2850,162,119.99,120.24,0.01,0
yGFMiZRpjqc,UCwBkHOTyu57NQi0syf5MLig,2026-08-06 15:03:38,382114,2277,106,119.94,120.19,0.06,1
yGXDJyA7h54,UCt8CJiye87FMbEwt0npPMuQ,2026-08-22 15:30:15,6603,279,15,119.76,120.01,0.01,0
yGXSvpV2lqs,UCY_vDlvG-BTDRIOk_I9QQ6g,2026-08-25 15:53:37,6195,63,15,119.87,120.12,0.12,0
yGYXL8m3dns,UC3DYSay178fMMPaf3zHwECA,2026-07-30 08:00:31,37089,1016,24,119.99,120.24,0.01,1
yGZqIZQF6YY,UCaN3tSrrzIrXSDonEe7LK9A,2026-07-29 08:00:11,2945,41,12,120.0,120.0,0.0,0
yGkgkidC0hg,UCqVZTizoA2wQKOj_xaDt10Q,2026-07-27 08:38:31,422,11,1,119.86,120.11,0.11,1
yGpf6xnBjQM,UChKYbZ9fSz8DMM6wU-t1lMQ,2026-07-23 10:30:29,25220,871,22,119.99,120.24,0.01,1
yGtWRarYnJA,UCRq3CDTZ2qe3HiHrZdQKBvQ,2026-07-23 09:24:58,1344,9,1,119.84,120.09,0.09,1
yGwfjICimiA,UCNu00qhYj4nPeMNdxuwV6sg,2026-08-31 10:47:55,1373,33,0,119.96,120.21,0.04,0
yH1LFRtCzUw,UCwBkHOTyu57NQi0syf5MLig,2026-08-21 08:00:19,82195,278,19,119.76,120.01,0.01,1
yH3f_EMK73c,UCZ-B_El841ME7qGXvYinGmw,2026-08-18 14:45:37,5366,184,24,120.0,120.0,0.0,0
yHJ0vQ8SreU,UCV6mNrW8CrmWtcxWfQXy11g,2026-08-30 02:00:06,614732,20845,50,119.76,120.01,0.01,1
yHQ3SUo54yU,UCYooECrv-fIXlPaDwEIaveA,2026-07-21 09:01:02,47852,614,27,119.98,120.23,0.02,0
yHQNJzFbi0o,UC-yb5eNBQyXBE9nZnht9u-g,2026-08-21 15:28:19,4275,176,5,119.79,120.04,0.04,1
yHtWOZF8PJE,UC6oq8RPEH1BmtyldQgXVbJw,2026-08-26 11:56:15,18387,83,12,119.82,120.08,0.08,1
yHv-M8v6aoM,UCMswODzU1ZjjrLyUk7NfwPA,2026-08-12 10:19:33,93299,921,82,119.93,120.18,0.07,0
yHx62m4ydKQ,UCzDyC6JMEXEufozffWzI9Mg,2026-08-28 02:00:28,12424,87,27,120.0,120.0,0.0,0
yHzjGbMSeW8,UCYTQCmuFcacJJ_Tad20qqEw,2026-08-10 17:34:32,98879,3803,150,119.93,120.18,0.07,0
yHzsT4pWMWc,UCgT-gb3favw2jQgwxbbwwaA,2026-08-20 11:00:12,100963,713,85,120.0,120.0,0.0,0
yI1n-yDwv2w,UCJDXc9JWCZo-nLNKr_-L2Ng,2026-08-12 10:00:08,1849,107,7,120.0,120.0,0.0,0
yI1sqmMUMgA,UCL_IvtOZo6sONpiydbzzHpA,2026-08-18 08:59:59,48679,702,71,119.76,120.01,0.01,0
yIC2UZs-1_A,UCnV5tUnOVGyT-Ncj0s0tPTw,2026-08-28 12:53:31,9039,37,0,119.87,120.12,0.12,0
yIC4Jx23vWs,UCA2ztZuXhSktpdxb419WvCQ,2026-07-24 04:00:36,5879,77,10,119.99,120.24,0.01,0
yIDh8t0kbNM,UCby0vMKcLR05ZdS90aZd5og,2026-07-12 16:06:11,952,4,0,119.9,120.15,0.1,1
yIG2XWUc_oM,UCGa52d8Qlv3THghuCAt_nXA,2026-08-23 08:30:04,24935,302,18,119.76,120.01,0.01,1
yIHu9R4yuMU,UCYxwKnNRv4FurQxeKcuR0Sw,2026-08-01 08:41:01,26,6,0,119.82,120.07,0.07,0
yISqvIE1c-0,UCAVR6Q0YgYa8xwz8rdg9Mrg,2026-08-12 03:30:37,65773,4893,51,119.99,120.24,0.01,1
yIV5Ov1Nm5A,UCiVO_mThS9B3tNc_kzpn-3g,2026-07-27 13:00:17,28906,534,49,120.0,120.0,0.0,1
yIdotzo7WsE,UC9qwDE50UcXvdplRNZKEoPA,2026-08-03 08:00:04,20171,973,19,120.0,120.0,0.0,1
yIdwLE4Ad28,UCdK9h1ILxS49c2LguBUY3rw,2026-08-30 10:45:13,369,0,0,119.76,120.01,0.01,1
yJBhKLB_AdA,UCNZiNM2pP6uhIlTQVS2Q5fA,2026-08-11 22:45:47,169196,2507,243,119.99,120.24,0.01,0
yJBoxC_u7fU,UCN8YcyYvYIrtLcwyT-KqbNg,2026-07-13 11:30:33,40761,460,44,119.99,120.24,0.01,1
yJJiS9Lim4k,UCg5-nd3qoNnz5dzkX-O0b8A,2026-08-11 09:45:58,27826,466,16,119.99,120.24,0.01,1
yJNtbq57sj8,UCYooECrv-fIXlPaDwEIaveA,2026-07-15 09:00:15,37223,526,9,120.0,120.0,0.0,1
yJPJvJ-p9U4,UCZ6mNZTiTUrUSbSYPlclI4A,2026-07-29 07:26:42,13126,399,12,119.81,120.06,0.06,1
yJg8jgZSIhU,UC3RzmV2LX3AmWhZVx0A7u0A,2026-07-31 20:42:51,12438,197,39,119.79,120.04,0.04,0
yJkeStFD8_E,UC-8S20Ll1gzPiu_YY8BgyaQ,2026-07-14 08:43:45,126200,890,30,119.77,120.02,0.02,1
yJvqHNt8VWU,UCSfhr4gDPFsKuwdmTOWp2jw,2026-07-16 09:30:08,160,3,0,120.0,120.0,0.0,0
yJzh9Ydt1j4,UCI3DTtB-a3fJPjKtQ5kYHfA,2026-08-27 23:58:07,3021,5,0,119.79,120.05,0.05,0
yKEIYfgQaB0,UCAl4HWznMn7KhKBRFO5eiFA,2026-07-11 10:58:17,10845,75,0,119.78,120.03,0.03,1
yKZLYDqdmcc,UC6oq8RPEH1BmtyldQgXVbJw,2026-08-14 02:48:01,20215,81,83,119.95,120.2,0.05,1
yKZxUZqV80A,UC3pTpoDKt17IrCDH60kSNPA,2026-08-28 07:30:27,2066,10,2,120.0,120.0,0.0,1
yKhy2e3dKso,UCdK9h1ILxS49c2LguBUY3rw,2026-08-20 10:49:10,31,5,0,119.94,120.19,0.06,0
yKsxTJdrpPk,UCNmN3W2H0r5_hV2drzbEn7Q,2026-08-14 15:32:49,45529,207,1,119.96,120.21,0.04,0
yLBbutMxato,UC9nWoDbRAl3-fvreBNeStKQ,2026-08-10 16:49:06,5783,58,0,119.93,120.18,0.07,0
yLGVA_B6jYk,UCJpAwvQaZyCI5spAz7tipGA,2026-07-20 08:30:13,404895,2170,428,120.0,120.0,0.0,0
yLmzbZEQnJQ,UC78d2aaqdrt02RfmtRLmlAw,2026-08-25 01:32:20,2466,16,3,119.97,120.22,0.03,0
yLs9L1V35mo,UCYsRymb9vAsOOLBy-Wo1kRg,2026-08-14 07:01:32,5337,211,60,119.98,120.23,0.02,0
yLshA_mAPv8,UCV6mNrW8CrmWtcxWfQXy11g,2026-08-23 00:30:54,129067,5528,667,120.0,120.0,0.0,0
yM4maKo47hY,UCKttwyzsHvW7bCo7YfTacVQ,2026-08-31 15:51:12,4184,14,0,119.91,120.16,0.09,0
yM8ohz89Qn0,UCo33r3SAf5z9MS-lrXV2aOQ,2026-08-06 09:15:12,84314,848,79,120.0,120.0,0.0,0
yMKsC6t08Js,UC8x8GQmlxAIhHxzU61z0uLQ,2026-08-30 14:00:32,13455,65,23,120.0,120.0,0.0,0
yMVSOYFdU80,UCApYlKNymyHZ9dlOCImFVBg,2026-08-27 16:28:35,25917,323,9,119.78,120.04,0.04,0
yMZoXvk6ah0,UCpcTrCXblq78GZrTUTLWeBw,2026-07-14 09:30:28,643413,3623,657,119.99,120.24,0.01,0
yMrx_h26qZM,UCIOY-akTwtohcU0QB5ksjaA,2026-08-02 00:19:32,339,1,0,119.93,120.18,0.07,0
yMzpRxMwQjs,UCL_IvtOZo6sONpiydbzzHpA,2026-07-28 15:00:37,138847,1752,56,119.99,120.24,0.01,1
yN0bk5zdLOU,UC_m_uqd_9s0hZvlgfvCzqbQ,2026-07-23 13:53:04,682,34,0,119.87,120.12,0.12,0
yN7lpcJG8K0,UCRq3CDTZ2qe3HiHrZdQKBvQ,2026-08-23 12:49:11,1765,12,4,119.94,120.19,0.06,1
yNBMCvlxT7k,UCab17MxxnFtAhGsJVTkSkCg,2026-08-13 09:39:34,1241,22,2,119.84,120.09,0.09,0
yNC7q3aPMMY,UC-StHq1pWM-t4XS9ycZpn9w,2026-07-13 22:52:06,18814,237,79,119.88,120.13,0.12,0
yNKRkzEXk_g,UCV7WE8I_UiAN0fa6Arezx_w,2026-07-29 00:00:38,77,2,0,119.99,120.24,0.01,0
yNaTlZQGJsQ,UCpI-AhCT02iQRGLC2ZcY0Jw,2026-08-21 07:00:03,31913,349,169,119.76,120.01,0.01,0
yNjI914IeCs,UCvPGGL-OTEAQlwAUxbcJO8g,2026-08-31 08:41:18,289577,1776,107,119.83,120.07,0.07,0
yNvYKS9n7hc,UCV7WE8I_UiAN0fa6Arezx_w,2026-07-26 22:00:18,211,0,0,120.0,120.0,0.0,0
yO1502GbgME,UCdXpKf3aIenvWkMbF3EvcQg,2026-08-04 09:00:32,1494,45,31,119.99,120.24,0.01,0
yOBpMmbaX4M,UCIKORyfTZ0cN-u0hrxHcgUw,2026-07-31 02:30:03,16,1,0,120.0,120.0,0.0,0
yOOOLxAM3I8,UCQfISxq5legTqOt1h1us6lg,2026-07-30 13:40:58,40217,118,5,119.82,120.07,0.07,1
yOV7kV9iyAQ,UC7lwS-aSDzYHZJ9uWuzySwQ,2026-08-23 10:00:32,1327,3,1,120.0,120.0,0.0,1
yOg36nhXdZc,UCby0vMKcLR05ZdS90aZd5og,2026-08-07 03:43:28,4438,6,0,119.78,120.03,0.03,1
yOh0UewG0oU,UCLuDznROytXtnMSDwo5aGJQ,2026-08-23 10:00:34,515080,8779,1464,120.0,120.0,0.0,0
yOqlIw39l3A,UC_Xb6sEXAdNv9nHU4988vmg,2026-08-19 10:00:35,177165,,2,120.0,120.0,0.0,1
yOvh3yuJpLc,UCifCesg-EUkjKyQedaB3hRg,2026-07-31 23:40:03,7524,250,3,119.83,120.08,0.08,1
yPAutqC9zak,UCtUHgx7SA_eZFssVODDh82A,2026-08-08 04:24:06,66970,742,196,119.85,120.1,0.1,0
yPGY9Emnv-0,UCXVVG5ZM3SJJCh94xatR8Dg,2026-08-05 08:00:39,416,9,2,119.99,120.24,0.01,1
yPRWtsOkqHU,UCgLFbrC7-g0ihBKB0obVPTg,2026-08-03 17:19:10,253,7,1,119.93,120.18,0.07,0
yPXu12vGV-4,UCpI-AhCT02iQRGLC2ZcY0Jw,2026-08-05 01:30:45,33505,480,354,119.99,120.24,0.01,0
yPXymRq6DGE,UC9JlObZnbOirT4_iyPGrdcw,2026-07-25 13:30:15,47460,769,176,120.0,120.0,0.0,0
yPZaDBVWyGQ,UCUbOogiD-4PKDqaJfSOTC0g,2026-08-31 10:41:20,394151,977,99,119.82,120.07,0.07,0
yPeEQitu_-o,UCpcTrCXblq78GZrTUTLWeBw,2026-07-22 12:30:16,884386,14939,1552,120.0,120.0,0.0,0
yPhTzKIVsrI,UCPuD5ZRQWa_JCaY5NokNhtg,2026-08-30 09:46:40,1356,9,6,119.98,120.24,0.02,0
yPhWmckGE60,UC6tlo9WajrgiX3Eej_jEr2A,2026-07-18 03:00:01,631997,9030,88,120.0,120.0,0.0,0
yQ08XPxMmek,UCBvKuSAkXERBnGSQOH0Sarw,2026-07-24 11:52:38,27942,217,41,119.88,120.13,0.12,0
yQ1kd1KTTRk,UClHTjLVog7CkRF8tYJuNXXQ,2026-08-09 22:30:35,236,10,0,119.99,120.24,0.01,0
yQ3MVZfC8VE,UC4VWaR3R17Ruc7j1Cy1-PKQ,2026-08-16 20:34:26,77,3,2,119.93,120.18,0.07,0
yQ51SlBZVEs,UCTUnpbuKoOODvhLhCO_kO_A,2026-08-25 06:00:29,3806,22,2,119.75,120.01,0.01,1
yQ6pHAfwab4,UCzSODDx0zQF3nxXOZISCm_w,2026-08-01 02:30:18,181,5,0,120.0,120.0,0.0,1
yQfPeSxZpxA,UCrKSaegnzewdj9-YLsUhoZw,2026-08-05 23:56:11,10609,62,18,119.82,120.07,0.07,0
yQgqAClTPp8,UCRpdlPk671uOMiBtf5HtB3Q,2026-07-31 10:08:29,72513,448,11,119.86,120.11,0.11,1
yQk4dhEpfdc,UCqI5lyTpC79pOy2D-VXAMdA,2026-08-08 09:00:31,198400,1724,231,120.0,120.0,0.0,0
yQsz5pSfvbs,UC-aXNBQ6nwMNeW2V8XB7sBg,2026-07-19 22:00:26,118657,1084,33,119.99,120.24,0.01,1
yQvtypDPWUU,UCJmnOEp1-OITEU0mk4icM5A,2026-08-22 10:05:52,89557,833,253,119.91,120.16,0.09,0
yQxqQXaYbjM,UCI3DTtB-a3fJPjKtQ5kYHfA,2026-08-30 08:00:28,5968,10,0,119.76,120.01,0.01,0
yR9bYp2DsCw,UCtGMgPWJNU2Aj-SNK0zg0Sg,2026-08-28 09:30:05,72373,501,54,119.76,120.01,0.01,1
yRCniBVIa-Y,UCNNR1-x2NhZARsNGnQlh2sQ,2026-08-05 11:15:06,46906,128,16,120.0,120.0,0.0,1
yRHv2h0I1E0,UC8aCmG_y4DqqVI9Xlcym1Jg,2026-08-06 13:48:02,11030,335,15,119.95,120.2,0.05,0
yRYkz5Afr3E,UC7bcRlidTERRb_MKRHPVSnw,2026-08-02 12:03:22,41113,785,54,119.95,120.2,0.05,0
yRfLOnCR-Uw,UCV7WE8I_UiAN0fa6Arezx_w,2026-08-30 13:00:38,250,1,0,120.0,120.0,0.0,0
yRhADGMeBPE,UCiEMsnnzti6PDNi8TAlSnFw,2026-08-04 00:43:37,46,,0,119.78,120.02,0.02,0
yRoWV1Ik-o0,UCpcTrCXblq78GZrTUTLWeBw,2026-07-22 02:30:39,264121,2146,403,119.99,120.24,0.01,0
yRsBjqIxQyo,UCnMshUhBxDsKFPnxBGmGEpg,2026-07-30 17:38:52,428,4,0,119.86,120.1,0.1,0
yRz9vOHjegI,UCt8CJiye87FMbEwt0npPMuQ,2026-07-21 15:00:15,9597,213,17,120.0,120.0,0.0,0
yS3JnFisx80,UCGi94VU356EAvQLgODywyrA,2026-08-20 17:58:05,2682,46,0,119.79,120.04,0.04,0
ySIICnkKc8A,UCaN3tSrrzIrXSDonEe7LK9A,2026-08-01 08:00:15,1960,85,19,120.0,120.0,0.0,0
ySIqTk4U30Y,UCePy6AqRuTfKDC4aTrqcAqQ,2026-08-30 13:55:32,2910,93,20,119.84,120.09,0.09,0
ySPqgHgJJ2o,UCHJv9xBR9lkzGSIepie-T_A,2026-07-28 21:30:00,3863,52,2,120.0,120.0,0.0,0
ySVxvOQLVLE,UCrKSaegnzewdj9-YLsUhoZw,2026-07-18 04:00:48,40330,283,159,119.99,120.24,0.01,0
ySYL5e4xcEU,UCjiXXUsdl0F0aUkTbv8ZVTA,2026-08-28 05:37:01,19046,732,8,119.89,120.14,0.11,1
yShXvFcerHI,UCPuD5ZRQWa_JCaY5NokNhtg,2026-08-02 10:22:29,256,9,2,119.88,120.13,0.12,0
ySovDvHiUEk,UC4VWaR3R17Ruc7j1Cy1-PKQ,2026-08-18 05:41:35,38,4,0,119.82,120.07,0.07,0
ySzHGjDkbMU,UCroIk85IFzp6OZzKoJFDKuA,2026-08-15 14:10:13,3141,24,8,119.83,120.08,0.08,0
yT-JJIUKJGA,UCqjUPx-UAFHVvthd71bY7_g,2026-08-26 08:00:08,10163,45,44,119.76,120.01,0.01,0
yTEBFwo43hc,UCzps05UZ7XpX3SFoFyYIDow,2026-08-23 12:50:09,19239,86,78,119.92,120.17,0.08,0
yTTtpdt1z24,UCI3DTtB-a3fJPjKtQ5kYHfA,2026-07-24 03:15:07,2570,43,3,120.0,120.0,0.0,0
yTWdhT0RB-E,UCV7WE8I_UiAN0fa6Arezx_w,2026-08-03 02:00:10,25,1,0,120.0,120.0,0.0,0
yTZKAnmfJI8,UCBW_PhuXoHk40xF6nO0Q64w,2026-08-31 15:00:39,81468,688,161,119.75,120.01,0.01,0
yTnn4vbQg68,UCKrprPfevcAZpPuRnCO6xOA,2026-07-25 07:20:44,52,0,0,119.91,120.16,0.09,0
yUP-10lHKrg,UCS-X1uBDTNwAYyydiXjcX9A,2026-08-04 14:59:13,1119,14,0,119.77,120.02,0.02,0
yUYXmfuZiU8,UCPJGXrPIVKBR8PJY7w33WZw,2026-08-28 06:00:30,112067,533,82,120.0,120.0,0.0,0
yUc8oytPcok,UCeiDuGZqWT4iiIXRTfhM3qQ,2026-08-10 07:16:18,3010,86,0,119.98,120.23,0.02,0
yUd1IOqqiIA,UCD8r5Jgns2V64-NcUmXclpg,2026-07-23 03:15:20,89749,462,50,120.0,120.0,0.0,0
yUmY4BsXE_c,UCBidluUUxzT_5jVOI_2x2MQ,2026-08-12 08:00:28,121,2,1,120.0,120.0,0.0,0
yUsat7e2axI,UC9vI-9WYQLXKI6n9XdXXo3g,2026-07-25 11:18:33,5827,48,23,119.94,120.19,0.06,0
yV-ZCeLJjXE,UCtIbfg_6gjbdFqCqAiUcqyQ,2026-08-28 08:00:25,7067,128,12,119.76,120.01,0.01,1
yV2MPxWttj8,UCiE9ZR51IeGPRbD4_Px6_Fw,2026-08-10 04:00:16,201201,5440,133,120.0,120.0,0.0,1
yVHjWUbcAqE,UCt6Eo4xMTHhlOWg4_PAz_MA,2026-08-25 07:59:07,3425,62,0,119.78,120.03,0.03,0
yVVpfRr18EA,UChEATwTajZl4Wjypr0cBj3w,2026-08-28 20:09:50,6005,88,7,119.85,120.1,0.1,1
yVbeDod2EnU,UCUR5w0E-jQTOO8Q0FZ4ilYQ,2026-08-17 13:58:49,315999,1263,205,119.77,120.02,0.02,0
yVqdCBd8Qzs,UCwlUB3goOsh4tpqZKIzUAbA,2026-08-24 15:05:03,17441,187,52,119.93,120.18,0.07,0
yVy0wH5uLzQ,UCCW6uYIUP4YKKe50k-ktVAw,2026-08-12 08:00:38,71330,1450,85,119.99,120.24,0.01,0
yWbK8sRTGns,UCY_vDlvG-BTDRIOk_I9QQ6g,2026-08-16 02:37:16,2489,29,21,119.88,120.13,0.12,0
yWk1ZA6GHWM,UCJzfS-WmieHog0H2OQoXkeQ,2026-08-22 03:00:14,25091,572,25,119.76,120.01,0.01,0
yWu180j6ebM,UCpcTrCXblq78GZrTUTLWeBw,2026-08-27 08:22:05,77215,796,52,119.89,120.14,0.11,0
yWxKqJNkk4c,UCz5LAkkX66OAW-y_WiWf9vA,2026-08-23 02:45:32,73,4,0,120.0,120.0,0.0,0
yX66DX5VKfQ,UCFrKhWvZ8oeJQTNP5ZabgJw,2026-08-19 07:00:24,357005,3966,250,119.75,120.01,0.01,1
yXOWuAhQfdg,UCfjMjhfjRRy8B0mfqbO_43w,2026-08-26 08:55:06,60228,674,48,119.84,120.09,0.09,0
yXX4A5XoL-Q,UC_EEqHc75kYwzrN7L8T2Bfg,2026-08-28 00:53:19,1893,47,7,119.87,120.12,0.12,0
yXY3r_epi3M,UCawK5EIfr66Z7fjAlZgfB2g,2026-08-07 02:58:27,6343,,0,119.78,120.03,0.03,0
yXZd5qKI_wE,UCaMV-CjrWYh2Aefg_8iLwJQ,2026-08-20 04:00:17,462688,3526,79,120.0,120.0,0.0,1
yXaIDPedc6I,UCFCt5RYu41HTg4eX1jdHNxw,2026-08-13 23:10:33,1449,18,1,119.83,120.08,0.08,0
yXgoRxb1HGI,UCpwGBltfwjd_fIzp5cb5R0w,2026-08-13 00:30:06,715247,9639,249,120.0,120.0,0.0,1
yXlLXvFul08,UCzDyC6JMEXEufozffWzI9Mg,2026-08-14 02:00:32,3708,64,38,119.99,120.24,0.01,0
yXmL8XkP36o,UCv1tOT645xHOJrwdGlzjMaA,2026-07-16 14:43:41,32644,359,58,119.77,120.02,0.02,0
yXmfPhP5SHg,UC9qwDE50UcXvdplRNZKEoPA,2026-08-18 07:00:31,22101,324,112,120.0,120.0,0.0,1
yXxIaQbDpMs,UCV7WE8I_UiAN0fa6Arezx_w,2026-07-22 22:00:16,138,0,0,120.0,120.0,0.0,0
yY06ja7E5Sc,UCby0vMKcLR05ZdS90aZd5og,2026-07-15 07:34:58,3640,6,0,119.92,120.17,0.08,1
yY5tbMJmpdg,UCO8ToDSM2Gvt3EZdOdosxTw,2026-08-28 14:05:11,48595,1305,52,119.93,120.18,0.07,0
yY6NdLdsQ0M,UCKrprPfevcAZpPuRnCO6xOA,2026-08-22 08:04:23,30,0,0,119.94,120.19,0.06,0
yYBpDNR2CNE,UC6JB_a6rD1lZ_aZgQvORfrQ,2026-08-05 14:55:33,1637,43,0,119.83,120.08,0.08,0
yYCLnIwCHaI,UCQJuZxeDv2P05YHcC-tIEVQ,2026-08-30 08:30:19,66109,1008,26,119.76,120.01,0.01,1
yYGiPaSerVc,UCD2YO_A_PVMgMDN9jpRrpVA,2026-08-09 11:06:50,820660,6422,1148,119.89,120.14,0.11,0
yYHlOVYM948,UCAl4HWznMn7KhKBRFO5eiFA,2026-07-22 13:51:11,2977,11,0,119.9,120.15,0.1,1
yYJUW0O7_a4,UC7nIK3KpkhbGee5K_sVBscQ,2026-08-31 08:00:01,39129,209,36,119.76,120.02,0.02,0
yYPFQY-ekWM,UCAhmOb9JWkI2HV_KIe9X_3A,2026-07-29 13:49:17,4543,80,4,119.93,120.18,0.07,1
yYkDqOEBSmw,UCI3DTtB-a3fJPjKtQ5kYHfA,2026-08-28 00:23:55,4221,14,0,119.86,120.11,0.11,0
yYt4Rnaq-o8,UC_m_uqd_9s0hZvlgfvCzqbQ,2026-08-04 11:17:09,1905,4,0,119.97,120.22,0.03,1
yZ0udStJ8wI,UCU0-6z_KU9AShyR9J6gcFGw,2026-08-01 02:35:33,344,3,0,119.91,120.16,0.09,0
yZ4IrB78zJg,UCnCeDIkExSpULGqmpj5oafg,2026-08-24 15:00:05,6669,41,13,119.76,120.01,0.01,1
yZAh9-cAUGM,UCAl4HWznMn7KhKBRFO5eiFA,2026-08-14 12:01:46,7621,34,1,119.97,120.22,0.03,1
yZHxhOoZ5Mg,UC543-TDm6IvHHZXwdSFioMw,2026-08-31 12:15:04,8870,27,0,119.76,120.01,0.01,1
yZTcAXFytI4,UCcstDLbuhxEbFKkPZ6wST2A,2026-08-30 09:00:22,58822,104,16,119.76,120.01,0.01,0
yZVyxq1URwg,UCuCmLrNT5MbpqfrSSKHqTug,2026-08-29 07:00:46,26074,151,48,119.75,120.01,0.01,0
yZbnkrKOuFA,UCoH2pCzAr6zWDG-LtUiLWRw,2026-07-11 10:11:38,68927,1476,61,119.81,120.06,0.06,0
yZmkGn3SYG0,UC8E29ANOC3_OuB7_5EPY2xw,2026-08-13 14:25:23,490,2,0,119.83,120.08,0.08,0
yZrI7_cDMyQ,UCE8JC9RAVSudDT_8Ji1fuPQ,2026-08-31 08:45:04,114510,1192,83,119.76,120.01,0.01,0
yZsV3WUqfSI,UC9M8GGVwPqc9ubNruArCNPg,2026-08-17 13:00:06,22581,669,79,120.0,120.0,0.0,1
yZzPmkyVSXE,UCZaNYFjF_SRRJPVuGX7yMjQ,2026-07-31 02:53:30,9,1,0,119.86,120.11,0.11,0
y_8ocZX41T8,UCifCesg-EUkjKyQedaB3hRg,2026-08-11 00:04:14,917,6,0,119.93,120.18,0.07,0
y_AYu0gvg2U,UCkrNv6xF8j7QZmWb3UeAH8A,2026-08-12 10:22:39,3731,15,1,119.88,120.13,0.12,0
y_FoBAGi1go,UCPGl9DV2WUgaqGVXtVrhJWQ,2026-08-29 15:00:16,38,0,0,119.76,120.01,0.01,0
y_NnAJuUgzg,UCPGl9DV2WUgaqGVXtVrhJWQ,2026-08-16 15:00:13,5,0,0,120.0,120.0,0.0,0
y_RpC75O43g,UCtGMgPWJNU2Aj-SNK0zg0Sg,2026-08-08 09:30:15,109208,388,25,120.0,120.0,0.0,1
y_rxnLhKywU,UCiJcwsLvxJsVihWDaqPkZCA,2026-08-29 08:00:35,36057,552,53,120.0,120.0,0.0,0
y_zkkYtkvx8,UCdVIcHpdbEQc65xwAxc_owQ,2026-07-27 08:00:07,41,2,1,120.0,120.0,0.0,0
yaN-K6PpvH4,UC2U8C7lmbQpfBeAW8fTP_jg,2026-08-18 04:32:24,2760,27,2,119.96,120.21,0.04,1
yaNB1lmELnE,UCDmmbxGg8g-EBkC_ku6vybg,2026-08-21 03:10:19,42647,899,277,119.84,120.09,0.09,0
yaQ3-W1YMXQ,UCJDXc9JWCZo-nLNKr_-L2Ng,2026-07-27 11:12:23,2195,79,7,119.8,120.05,0.05,0
yaTHC980_e0,UCV7WE8I_UiAN0fa6Arezx_w,2026-08-20 09:00:21,20,0,0,120.0,120.0,0.0,0
yaTN0kOI5aI,UCPsZX-D7LW99PjZLA-UysPQ,2026-08-25 21:00:17,2729,19,18,119.76,120.01,0.01,0
yaUnlTrgoQg,UCTmniSiCVyG_UKVCEa9PNKA,2026-08-26 18:03:13,18641,158,37,119.96,120.21,0.04,0
ya_o9cH5TDA,UCULRVjf5z_WoR106msn8HoA,2026-07-31 10:03:53,73834,874,189,119.94,120.19,0.06,0
yaa-DCCOuWc,UC7bcRlidTERRb_MKRHPVSnw,2026-08-30 05:20:27,119994,1260,202,119.92,120.17,0.08,0
yapOKuFBprw,UCby0vMKcLR05ZdS90aZd5og,2026-07-21 18:03:41,293,6,2,119.94,120.19,0.06,0
yb-ySVoNgEE,UC7bcRlidTERRb_MKRHPVSnw,2026-08-29 05:03:26,128054,1019,46,119.96,120.21,0.04,0
ybAp-BsI43A,UCdQHEqTxcFzjFCrq0o4V7dg,2026-08-13 00:15:34,34427,1836,223,119.99,120.24,0.01,0
ybB-aXIdl5g,UCr4WCOxirRA-BzVu-MH_WqQ,2026-08-30 09:06:20,4020,42,8,119.91,120.16,0.09,1
ybGePX1Z02w,UCei_ecYpQqFjYhjLaDPr2Lw,2026-07-16 17:46:30,16,1,0,119.98,120.23,0.02,0
ybTkuhPg3Eg,UCp6n8d8Y8r3MwKNw_MMaouQ,2026-08-01 10:08:53,8881,297,4,119.85,120.1,0.1,1
ybZ6fnPRJ4I,UCpI-AhCT02iQRGLC2ZcY0Jw,2026-07-29 09:00:08,48815,415,278,120.0,120.0,0.0,0
ybg8cVnCydI,UCta3D5-EYqO-pduQLxQ8mNQ,2026-07-27 07:00:20,2082,13,7,120.0,120.0,0.0,0
ybk9FXAE6xs,UCDnIK80iouL_rb_J6GybOlg,2026-08-01 18:00:20,1,0,0,120.0,120.0,0.0,0
ybkSSfGNnuQ,UCzVXdulvpgEoI8yuFMmhxJw,2026-08-28 04:02:15,645659,40250,389,119.98,120.23,0.02,1
yboLO1rs6yU,UCzRPPKLkNxjD2of-0Xxfnjw,2026-08-26 14:04:12,14380,162,12,119.94,120.19,0.06,1
ycCvi4812xE,UCz5LAkkX66OAW-y_WiWf9vA,2026-08-23 10:15:13,19132,58,10,119.76,120.01,0.01,1
ycFQdQhSBBc,UCcvKf8NxAw9i09hZw1MQPBQ,2026-08-29 09:00:04,273612,2067,548,119.76,120.01,0.01,0
ycL_Xgw-REE,UCIvLQ5lZ2kebqnLaGv_FP4w,2026-08-02 08:30:06,4544,38,17,120.0,120.0,0.0,0
ycLrVi0Dgxw,UCBkvEgeJ3_UMwbW7VCxzs8g,2026-07-18 10:54:27,4840,,36,119.84,120.09,0.09,0
ycZ31Hd5H3s,UCZ6mNZTiTUrUSbSYPlclI4A,2026-08-10 12:11:48,17421,725,44,119.81,120.06,0.06,1
ycaIIILNIk8,UCYJ0Ucu9jPX5kn6SeDcNaIQ,2026-08-28 23:32:00,117868,230,26,119.98,120.23,0.02,0
ycfSmpNd7FI,UCV7WE8I_UiAN0fa6Arezx_w,2026-07-19 05:00:20,97,0,0,120.0,120.0,0.0,0
ycpzJOhGxEc,UCFrKhWvZ8oeJQTNP5ZabgJw,2026-08-09 07:37:21,59487,596,99,119.88,120.13,0.12,1
ycrwkEkx1BM,UC8aCmG_y4DqqVI9Xlcym1Jg,2026-08-15 22:00:27,969,45,0,120.0,120.0,0.0,0
ycuVynBy7i0,UCN9VGDvz2M3vdR0czEUp6lQ,2026-07-21 22:00:04,1169,30,14,120.0,120.0,0.0,0
ydCChjerPAg,UC2yOBpLVwB7kzt9C5ZPbB7w,2026-08-01 04:00:37,276682,4469,56,119.99,120.24,0.01,1
ydMZ8GosDiE,UCXQoI3upwKr47JAiVaYkvIw,2026-07-26 12:53:05,11582,272,74,119.87,120.12,0.12,0
ydPMtiRuyXs,UCRq3CDTZ2qe3HiHrZdQKBvQ,2026-08-30 12:41:09,2887,17,3,119.83,120.08,0.08,1
ydY9O5a3bIg,UC8x8GQmlxAIhHxzU61z0uLQ,2026-08-05 14:00:21,6403,56,13,120.0,120.0,0.0,0
ydbTpHxUIVw,UCN8YcyYvYIrtLcwyT-KqbNg,2026-08-30 11:00:13,52539,695,43,119.76,120.01,0.01,1
ydeqpmDukIw,UCzDyC6JMEXEufozffWzI9Mg,2026-07-29 04:00:39,71892,772,36,119.99,120.24,0.01,1
ydiGk0rOHZY,UCpn9dP1b5BhBsU9SduEz1hA,2026-08-04 16:00:15,15833,183,14,120.0,120.0,0.0,1
ye0DT4iow1Q,UCjOtzpfj5lF9erwTEQYkxtQ,2026-08-25 03:00:05,40571,676,47,119.76,120.01,0.01,0
ye0MANiO7t0,UCikKJvpU0Ylua4hRW6faQRg,2026-08-12 00:09:34,3803,102,0,119.84,120.09,0.09,0
ye2NXjIdOBE,UCpTNtH8yc1Kdl_YFfsQsTYA,2026-08-01 01:02:03,4667,17,4,119.97,120.22,0.03,0
ye2nfN_V-dE,UClvMduw1MDMQ0PuH753-XSA,2026-07-22 23:50:15,4841,151,0,119.92,120.17,0.08,0
yeESg5s1leU,UCjyXK9pWHwWR_-bRibFaWDg,2026-08-03 13:20:01,23588,194,37,119.92,120.17,0.08,0
